67,-82,26,-848,3838,-322,0,0
22,-65,9,-864,3847,-328,0,0
-26,-34,-2,-875,3809,-314,0,0
-43,1,0,-827,3844,-280,0,0
-25,38,-10,-860,3892,-197,0,0
-75,77,-46,-907,3855,-194,0,0
-142,90,-67,-957,3852,-198,0,0
-133,84,-58,-974,3784,-120,0,0
-113,86,-25,-990,3717,-33,0,0
-60,75,14,-1011,3745,10,0,0
-21,59,21,-1023,3780,10,0,0
-12,38,9,-1043,3768,17,0,0
-17,13,4,-1025,3790,4,0,0
-14,-8,4,-1023,3807,19,0,0
4,-11,12,-1031,3755,67,0,0
21,-4,25,-999,3722,77,0,0
50,-18,13,-1017,3751,25,0,0
71,-41,-13,-1016,3734,5,0,0
128,-50,-2,-1024,3703,55,0,0
218,-38,45,-1029,3737,153,0,0
283,0,76,-1062,3808,165,0,0
292,25,80,-1079,3775,92,0,0
282,28,87,-1107,3656,99,0,0
351,17,122,-1104,3518,86,0,0
416,5,140,-1013,3385,36,0,0
579,-11,173,-969,3252,-58,0,0
748,-54,206,-964,3255,-375,0,0
803,-119,181,-924,3436,-686,0,0
958,-209,193,-817,3628,-1011,0,0
1021,-279,192,-592,3716,-1206,0,0
927,-297,149,-615,3517,-1099,0,0
832,-197,110,-528,3281,-924,0,0
737,-24,114,-489,2966,-866,0,0
636,136,69,-550,2800,-1085,0,0
797,229,42,-583,2845,-1396,0,0
1010,257,29,-626,2859,-1779,0,0
1131,272,41,-652,2966,-2233,0,0
1097,334,108,-411,3010,-2592,0,0
1091,312,216,-385,3086,-2658,0,0
1121,353,283,-278,3093,-2690,0,0
951,362,220,-229,3042,-2809,0,0
769,315,144,-539,2773,-2684,0,0
531,289,47,-327,2584,-2958,0,0
484,168,88,-424,2391,-2681,0,0
734,188,141,-150,2269,-2707,0,0
719,213,147,24,2202,-2977,0,0
896,247,207,-41,1915,-3163,0,0
895,303,242,93,2027,-3543,0,0
999,248,309,76,2077,-3626,0,0
816,309,275,131,2130,-3735,0,0
672,273,211,187,1980,-3659,0,0
342,272,145,248,1732,-3842,0,0
242,286,75,317,1739,-4032,0,0
583,233,130,461,1576,-4215,0,0
648,263,155,500,1789,-4634,0,0
665,202,158,638,2140,-4721,0,0
581,142,91,518,2055,-4906,0,0
139,94,-55,469,1937,-5045,0,0
56,23,-55,558,1855,-5006,0,0
-19,-38,-13,560,2018,-5195,0,0
-252,-143,-12,609,2034,-5000,0,0
-636,-181,-117,615,1937,-4956,0,0
-917,-262,-216,500,1984,-4818,0,0
-845,-317,-259,552,2082,-4745,0,0
-905,-399,-245,431,2037,-4697,0,0
-1019,-520,-249,359,2165,-4140,0,0
-962,-532,-269,214,2132,-3903,0,0
-982,-576,-245,51,2063,-3651,0,0
-1235,-621,-307,-94,2015,-3012,0,0
-1190,-590,-286,-163,1899,-2661,0,0
-1396,-601,-359,-268,1695,-2456,0,0
-1812,-577,-419,-583,1762,-2139,0,0
-1593,-568,-371,-535,2014,-1817,0,0
-1427,-607,-252,-671,2247,-1412,0,0
-1533,-580,-258,-767,2524,-1118,0,0
-1521,-510,-293,-899,2564,-1042,0,0
-1408,-481,-281,-1031,2853,-965,0,0
-1212,-479,-243,-976,3140,-758,0,0
-961,-450,-192,-955,3262,-573,0,0
-960,-329,-165,-1128,3220,-273,0,0
-926,-165,-146,-1227,3163,-23,0,0
-709,-172,-139,-1135,3191,291,0,0
-407,-68,-97,-1310,3272,469,0,0
-228,17,-78,-1511,3470,426,0,0
-127,79,-72,-1590,3634,395,0,0
104,172,16,-1681,3536,293,0,0
240,203,95,-1520,3520,232,0,0
429,224,149,-1382,3523,271,0,0
640,257,210,-1299,3460,117,0,0
621,278,194,-1270,3333,17,0,0
652,302,223,-1217,3096,-105,0,0
787,304,255,-1031,2976,-378,0,0
765,326,215,-857,2836,-583,0,0
805,367,207,-876,2758,-855,0,0
1083,399,308,-829,2680,-1321,0,0
1268,346,347,-760,2737,-1678,0,0
1289,193,380,-720,2899,-1879,0,0
1161,105,360,-487,2923,-1950,0,0
893,142,242,-320,2909,-2074,0,0
899,231,133,-355,2727,-2416,0,0
957,239,61,-323,2737,-2765,0,0
1178,202,96,-410,2910,-2828,0,0
1242,281,146,-363,2950,-3008,0,0
927,364,129,-343,2791,-3078,0,0
705,390,64,-259,2553,-3166,0,0
662,395,34,-334,2306,-3292,0,0
775,385,103,-320,2298,-3499,0,0
902,326,161,-228,2383,-3636,0,0
804,321,214,-223,2333,-3648,0,0
626,347,179,-41,2309,-3850,0,0
439,252,172,-59,2057,-3679,0,0
368,311,122,97,1878,-3810,0,0
467,304,154,144,1897,-3940,0,0
657,254,250,100,1799,-3978,0,0
380,272,161,137,1910,-4162,0,0
495,247,134,331,1691,-4307,0,0
366,228,106,396,1740,-4668,0,0
110,177,86,476,2022,-4944,0,0
220,94,33,580,2181,-5107,0,0
-19,-64,-25,403,2014,-4986,0,0
-356,-165,-71,377,2069,-4758,0,0
-256,-237,-73,449,2033,-4582,0,0
-268,-279,-38,481,1859,-4641,0,0
-703,-293,-136,381,2120,-4590,0,0
-661,-371,-180,321,2163,-4405,0,0
-868,-424,-267,233,2083,-4281,0,0
-1162,-439,-354,83,2293,-4047,0,0
-1080,-406,-401,73,2217,-3896,0,0
-1327,-442,-357,-179,2079,-3784,0,0
-1435,-521,-277,-94,1947,-3062,0,0
-1003,-504,-134,-57,1861,-2747,0,0
-905,-496,-70,-277,1916,-2236,0,0
-986,-469,-174,-411,2216,-1807,0,0
-1101,-416,-309,-592,2168,-1560,0,0
-1470,-398,-458,-749,2282,-1442,0,0
-1448,-454,-428,-923,2416,-1324,0,0
-1107,-479,-315,-911,2791,-1180,0,0
-1014,-476,-235,-970,3057,-1107,0,0
-1178,-431,-234,-1026,3172,-986,0,0
-1215,-373,-212,-1145,3237,-823,0,0
-1094,-378,-132,-1285,3223,-579,0,0
-1085,-394,-97,-1309,3297,-310,0,0
-1098,-347,-136,-1255,3344,-57,0,0
-912,-289,-170,-1171,3424,128,0,0
-677,-266,-160,-1358,3447,297,0,0
-484,-168,-87,-1643,3557,444,0,0
-248,-110,-10,-1691,3542,463,0,0
-199,-87,29,-1510,3525,491,0,0
-74,-27,28,-1348,3629,450,0,0
202,32,2,-1382,3529,251,0,0
350,56,32,-1474,3459,212,0,0
504,98,113,-1474,3604,227,0,0
662,189,179,-1431,3556,91,0,0
657,219,198,-1317,3382,-79,0,0
619,253,194,-1145,3301,-268,0,0
631,263,130,-985,3198,-397,0,0
730,290,127,-1053,2976,-400,0,0
794,413,218,-975,2963,-522,0,0
837,510,276,-1024,2919,-749,0,0
773,511,250,-884,2954,-1146,0,0
799,482,170,-767,3000,-1540,0,0
931,394,168,-639,2801,-1762,0,0
827,358,222,-681,2808,-1732,0,0
980,373,241,-611,2870,-1750,0,0
1139,389,274,-527,2763,-2131,0,0
902,366,231,-402,2979,-2402,0,0
868,308,156,-416,3095,-2485,0,0
753,265,101,-390,2817,-2612,0,0
452,275,82,-465,2781,-2408,0,0
846,321,214,-437,2754,-2677,0,0
853,293,262,-307,2721,-3298,0,0
662,169,252,-2376,3001,-3159,0,0
691,174,134,-231,2929,-3264,0,0
445,197,79,-204,2457,-3399,0,0
310,250,145,-191,2433,-3297,0,0
642,311,230,-91,2444,-3486,0,0
818,352,348,-63,2433,-3691,0,0
903,387,325,188,2499,-3820,0,0
992,375,343,212,2037,-3885,0,0
634,392,251,380,2170,-4319,0,0
589,242,154,388,2341,-4466,0,0
613,120,85,380,2360,-4725,0,0
311,43,35,439,2606,-4834,0,0
209,-31,34,449,2454,-4719,0,0
-193,-48,8,450,2180,-4875,0,0
-495,-107,-57,373,2242,-4649,0,0
-403,-180,-122,382,2108,-4676,0,0
-599,-279,-147,393,2261,-4653,0,0
-569,-385,-195,247,2533,-4359,0,0
-735,-450,-259,162,2575,-4372,0,0
-905,-488,-311,-13,2507,-4221,0,0
-842,-515,-218,103,2359,-3953,0,0
-1238,-466,-193,14,2272,-3580,0,0
-1268,-371,-258,-41,1971,-3084,0,0
-560,-254,-88,-53,1485,-2703,0,0
-185,-159,129,40,1771,-2926,0,0
-834,-276,-72,-179,2162,-2451,0,0
-1204,-365,-388,-524,2235,-1763,0,0
-1188,-345,-415,-572,2240,-1694,0,0
-1483,-387,-472,-736,2399,-1448,0,0
-1329,-433,-479,-906,2494,-1144,0,0
-1065,-392,-383,-766,2579,-1136,0,0
-920,-381,-307,-885,2815,-1003,0,0
-651,-386,-222,-925,2883,-869,0,0
-791,-363,-252,-988,2975,-611,0,0
-881,-333,-232,-1252,3230,-472,0,0
-856,-331,-253,-1324,3500,-522,0,0
-819,-369,-306,-1368,3610,-439,0,0
-556,-282,-200,-1505,3605,-229,0,0
-357,-102,-64,-1523,3665,-337,0,0
-478,-56,-30,-1426,3668,-330,0,0
-425,-51,-2,-1412,3628,-148,0,0
-216,-41,60,-1413,3763,-49,0,0
202,-25,97,-1441,3721,131,0,0
354,60,146,-1646,3598,275,0,0
349,116,169,-1601,3541,78,0,0
351,124,159,-1360,3408,-112,0,0
483,152,181,-1147,3264,-237,0,0
661,159,180,-1153,3066,-309,0,0
648,202,129,-1188,2980,-425,0,0
782,286,128,-999,2801,-521,0,0
963,309,164,-1005,2626,-682,0,0
945,395,165,-969,2508,-900,0,0
1224,482,243,-883,2462,-1434,0,0
1283,453,286,-686,2479,-1939,0,0
1164,409,261,-535,2651,-2241,0,0
1020,433,180,-283,2667,-2437,0,0
704,436,53,-223,2606,-2570,0,0
718,406,40,-323,2526,-2610,0,0
981,382,119,-438,2555,-2757,0,0
1098,334,180,-385,2736,-3066,0,0
951,309,162,-421,2805,-3306,0,0
824,288,130,-431,2713,-3569,0,0
728,255,137,-280,2674,-3637,0,0
679,252,164,-217,2578,-3524,0,0
527,312,169,-256,2346,-3584,0,0
509,308,197,-167,2285,-3499,0,0
601,331,235,-140,2028,-3461,0,0
525,416,196,-133,1963,-3796,0,0
659,387,252,44,1975,-4105,0,0
682,417,269,294,2088,-4614,0,0
686,322,271,304,2140,-4511,0,0
566,306,268,457,1948,-4368,0,0
-12,326,209,420,2122,-4743,0,0
-363,186,99,340,2417,-4414,0,0
-54,56,-11,303,2319,-4547,0,0
-216,-120,-114,444,2082,-4879,0,0
-371,-254,-211,325,2295,-4538,0,0
-265,-265,-156,295,2220,-4844,0,0
-518,-261,-43,354,2564,-4780,0,0
-739,-291,-49,316,2771,-4746,0,0
-972,-380,-173,273,2654,-4707,0,0
-1320,-540,-278,156,2610,-4433,0,0
-1402,-653,-329,114,2778,-3864,0,0
-1419,-659,-353,-39,2466,-3671,0,0
-1646,-679,-278,-134,2360,-3322,0,0
-1902,-687,-252,-192,2326,-2409,0,0
-2103,-555,-343,-182,2069,-1815,0,0
-2088,-422,-356,-311,1921,-1502,0,0
-1722,-380,-324,-444,2128,-1174,0,0
-1606,-398,-340,-564,2293,-809,0,0
-1666,-369,-444,-738,2484,-383,0,0
-1418,-378,-427,-1031,2499,-120,0,0
-1201,-418,-329,-986,2600,-50,0,0
-1108,-416,-284,-938,2880,141,0,0
-697,-370,-163,-1155,3127,295,0,0
-619,-314,-74,-1233,3407,574,0,0
-613,-191,-108,-1280,3554,839,0,0
-367,-56,-177,-1155,3416,670,0,0
-495,-40,-263,-1351,3516,715,0,0
-512,-16,-254,-1459,3696,797,0,0
-442,8,-225,-1484,3639,721,0,0
-451,2,-179,-1446,3633,676,0,0
-212,-10,-87,-1432,3642,746,0,0
-44,-24,-32,-1465,3632,906,0,0
-49,21,4,-1536,3484,1037,0,0
61,65,62,-1547,3414,1129,0,0
274,99,75,-1544,3394,1107,0,0
429,121,57,-1550,3284,1014,0,0
632,132,101,-1473,3107,831,0,0
709,126,153,-1456,3108,604,0,0
869,108,231,-1424,3151,477,0,0
944,120,280,-1355,3002,299,0,0
816,167,301,-1230,2924,174,0,0
735,239,289,-977,2743,41,0,0
885,325,220,-733,2681,-340,0,0
1150,415,165,-685,2576,-801,0,0
1292,476,204,-767,2658,-1170,0,0
1480,473,331,-717,2825,-1518,0,0
1602,456,422,-675,2969,-1815,0,0
1558,454,471,-522,3277,-1943,0,0
1424,483,459,-416,3407,-2076,0,0
1203,498,382,-354,3133,-2244,0,0
1103,529,341,-350,2775,-2446,0,0
1210,533,425,-299,2589,-2843,0,0
1181,514,407,115,2824,-3332,0,0
1240,378,398,-52,2685,-3149,0,0
1002,400,307,23,2662,-3345,0,0
664,380,252,118,2592,-3489,0,0
607,362,234,197,2680,-3632,0,0
616,320,192,138,2448,-3916,0,0
581,237,208,177,2369,-3916,0,0
654,274,274,374,2358,-4178,0,0
734,250,346,392,2183,-4208,0,0
620,264,361,649,2459,-4608,0,0
415,215,179,726,2561,-4641,0,0
337,178,-4,764,2392,-4955,0,0
71,62,-99,618,2371,-4828,0,0
-64,-12,-94,511,2410,-4607,0,0
-252,-23,-78,599,2378,-4657,0,0
-587,-84,-123,627,2416,-4526,0,0
-628,-122,-226,654,2511,-4586,0,0
-716,-261,-258,506,2538,-4411,0,0
-898,-325,-271,445,2760,-4098,0,0
-876,-372,-304,374,2736,-4128,0,0
-1130,-464,-328,414,2646,-4053,0,0
-1410,-585,-379,144,2893,-3555,0,0
-1311,-627,-394,47,2692,-3075,0,0
-1532,-577,-352,46,2482,-2851,0,0
-1824,-581,-359,-77,2458,-2214,0,0
-1728,-528,-444,-178,2453,-1790,0,0
-1725,-507,-512,-262,2159,-1599,0,0
-1789,-505,-483,-325,2183,-1204,0,0
-1492,-529,-409,-631,2315,-833,0,0
-1363,-564,-360,-781,2443,-476,0,0
-1297,-575,-353,-916,2719,-93,0,0
-1134,-555,-303,-1003,2857,133,0,0
-1120,-475,-298,-983,3057,215,0,0
-954,-392,-273,-1024,3269,388,0,0
-849,-293,-248,-1106,3273,502,0,0
-789,-199,-220,-1110,3392,376,0,0
-719,-182,-212,-1224,3530,546,0,0
-598,-171,-230,-1284,3482,741,0,0
-527,-120,-178,-1346,3488,842,0,0
-554,-33,-157,-1394,3460,1005,0,0
-379,19,-113,-1491,3415,993,0,0
-310,4,-53,-1506,3445,1005,0,0
-252,-16,-80,-1447,3465,1180,0,0
-8,-34,-49,-1508,3409,1253,0,0
15,-12,-25,-1502,3442,1220,0,0
163,31,-2,-1450,3557,1030,0,0
264,32,21,-1475,3537,935,0,0
207,68,40,-1452,3536,1031,0,0
326,147,122,-1460,3435,1058,0,0
343,214,138,-1423,3369,917,0,0
428,207,108,-1391,3307,804,0,0
586,169,127,-1465,3240,751,0,0
699,160,160,-1450,3268,643,0,0
761,159,185,-1404,3172,456,0,0
727,193,200,-1228,2996,275,0,0
771,301,200,-1011,2910,40,0,0
1141,395,226,-1026,2994,-500,0,0
1374,424,381,-981,3234,-1031,0,0
1200,422,436,-876,3607,-1312,0,0
1101,381,382,-754,3581,-1367,0,0
928,368,333,-679,3383,-1301,0,0
802,350,270,-747,3141,-1266,0,0
860,327,231,-667,3056,-1389,0,0
940,276,244,-726,3113,-1621,0,0
985,211,283,-706,3195,-1556,0,0
1045,265,273,-487,3211,-1821,0,0
1005,315,265,-365,2998,-1870,0,0
1083,454,211,-162,2674,-2405,0,0
1028,430,205,-100,2454,-3049,0,0
1047,314,234,-138,2770,-3042,0,0
1366,248,299,-106,2944,-3125,0,0
1299,279,324,-76,2940,-3310,0,0
981,375,257,-18,2996,-3391,0,0
800,409,279,-39,2665,-3443,0,0
638,459,251,153,2555,-3588,0,0
575,390,282,179,2293,-3601,0,0
608,391,296,407,2235,-3831,0,0
516,334,320,451,2187,-3809,0,0
496,322,302,523,2163,-3855,0,0
388,237,247,397,1706,-3907,0,0
454,135,183,383,1930,-4244,0,0
804,-44,56,469,2358,-5195,0,0
859,-197,43,824,3003,-5925,0,0
25,-303,2,732,3256,-5558,0,0
-667,-226,-115,536,2668,-4753,0,0
-1002,-59,-160,471,2096,-4665,0,0
-979,-117,-112,552,2162,-4582,0,0
-746,-293,-75,543,2368,-4398,0,0
-929,-407,-191,449,2594,-4122,0,0
-1044,-477,-339,478,2625,-4127,0,0
-1154,-643,-365,389,2348,-3855,0,0
-1366,-681,-391,155,1985,-3001,0,0
-1256,-511,-320,53,1774,-2430,0,0
-1347,-383,-296,30,1927,-2273,0,0
-1359,-384,-396,-259,1946,-1915,0,0
-1176,-455,-395,-553,1885,-1531,0,0
-1339,-457,-414,-427,2242,-1335,0,0
-1295,-393,-390,-729,2575,-944,0,0
-1024,-377,-391,-796,2691,-902,0,0
-1084,-382,-436,-816,2753,-898,0,0
-1065,-359,-414,-983,2960,-822,0,0
-942,-363,-318,-1002,3120,-782,0,0
-877,-372,-257,-1157,3365,-532,0,0
-811,-329,-205,-1250,3369,-305,0,0
-784,-233,-216,-1138,3280,-165,0,0
-466,-178,-205,-1180,3217,-61,0,0
-43,-137,-119,-1282,3317,-167,0,0
81,-106,-62,-1397,3755,-196,0,0
85,-79,1,-1817,3980,-112,0,0
-5,-87,113,-1772,4004,-22,0,0
-300,-65,115,-1451,3852,92,0,0
-276,-4,99,-1190,3567,146,0,0
99,30,122,-1095,3455,-129,0,0
342,44,149,-1126,3499,-282,0,0
491,92,145,-1266,3453,-159,0,0
635,204,175,-1160,3331,-268,0,0
601,284,183,-974,3353,-495,0,0
674,305,132,-925,3200,-455,0,0
945,367,163,-996,2891,-344,0,0
999,460,220,-959,2742,-456,0,0
880,529,230,-904,2508,-578,0,0
903,607,252,-680,2047,-897,0,0
1022,571,309,-558,1897,-1388,0,0
1262,487,420,-337,2211,-1800,0,0
1558,484,448,-240,2791,-2387,0,0
1565,465,354,-311,3093,-2912,0,0
1282,431,280,-266,3034,-3133,0,0
1061,427,310,-51,2679,-3244,0,0
928,453,365,147,2514,-3267,0,0
1038,457,384,173,2511,-3275,0,0
1087,454,338,239,2452,-3655,0,0
895,399,242,205,2506,-3745,0,0
902,404,185,205,2454,-4060,0,0
912,366,226,301,2216,-4110,0,0
847,370,305,349,1952,-4216,0,0
742,360,433,513,1877,-4240,0,0
726,362,420,680,1932,-4636,0,0
444,256,294,925,2146,-4885,0,0
208,146,129,966,2144,-4803,0,0
-128,37,-93,939,2027,-4904,0,0
-164,-96,-198,840,1954,-4445,0,0
-221,-71,-201,724,1816,-4494,0,0
-371,-65,-135,680,1939,-4533,0,0
-316,-129,-109,657,2264,-4565,0,0
-538,-221,-205,635,2355,-4666,0,0
-776,-313,-297,590,2345,-4417,0,0
-915,-376,-315,503,2214,-4120,0,0
-1091,-378,-300,554,2190,-3858,0,0
-1113,-409,-303,441,2139,-3494,0,0
-1128,-435,-350,395,2180,-2968,0,0
-1243,-358,-484,86,2039,-2523,0,0
-1342,-394,-557,-245,1860,-2512,0,0
-1357,-514,-493,-166,2173,-2548,0,0
-1125,-599,-402,-165,2663,-2496,0,0
-971,-651,-309,-458,2811,-2340,0,0
-1218,-645,-281,-628,2958,-1833,0,0
-1332,-620,-283,-888,2912,-1435,0,0
-1518,-614,-330,-660,2810,-1262,0,0
-1566,-638,-412,-467,2794,-1092,0,0
-1219,-701,-425,-658,2608,-847,0,0
-941,-693,-361,-889,2560,-511,0,0
-489,-590,-180,-1113,2983,-147,0,0
-260,-420,-89,-1365,3234,-71,0,0
-548,-323,-116,-1483,3694,-117,0,0
-612,-301,-115,-1577,3901,143,0,0
-384,-225,-96,-1474,3625,88,0,0
-350,-144,-57,-1417,3488,86,0,0
-209,-68,45,-1406,3582,138,0,0
-38,-13,82,-1310,3709,-6,0,0
79,17,32,-1294,3659,38,0,0
206,79,15,-1365,3543,91,0,0
359,170,70,-1379,3529,57,0,0
521,222,111,-1324,3620,-66,0,0
630,239,97,-1346,3641,-255,0,0
610,279,88,-1315,3378,-241,0,0
658,328,132,-1234,3258,-309,0,0
788,349,198,-1128,3169,-408,0,0
805,367,213,-1028,3018,-507,0,0
710,423,155,-897,2754,-656,0,0
759,453,172,-826,2612,-995,0,0
747,422,177,-723,2826,-1547,0,0
973,319,211,-795,3343,-2155,0,0
1180,220,338,-754,3215,-2523,0,0
1070,207,420,-392,3048,-2500,0,0
904,292,442,-159,2926,-2363,0,0
683,380,319,-145,2797,-2475,0,0
703,341,234,-254,2683,-2411,0,0
905,301,143,-400,2767,-2330,0,0
832,299,39,-388,2744,-2649,0,0
757,329,29,-250,2756,-2817,0,0
906,396,112,-223,2676,-3039,0,0
869,461,180,-99,2641,-3302,0,0
778,489,165,-30,2559,-3288,0,0
565,477,104,-59,2300,-3337,0,0
558,510,102,73,2138,-3389,0,0
723,521,155,131,2011,-3366,0,0
690,549,159,173,2020,-3549,0,0
729,519,170,264,2052,-3960,0,0
884,381,228,403,2094,-4265,0,0
946,246,223,409,2196,-4606,0,0
839,98,217,587,2098,-4743,0,0
372,83,138,684,2086,-4687,0,0
40,88,88,569,1958,-4657,0,0
-216,23,15,641,2054,-4949,0,0
-393,-144,-70,632,2024,-4921,0,0
-494,-287,-137,711,2070,-4798,0,0
-675,-334,-149,714,2207,-4724,0,0
-868,-319,-213,690,2254,-4686,0,0
-1047,-356,-264,554,2257,-4448,0,0
-1221,-400,-261,426,2326,-4078,0,0
-1427,-440,-331,261,2363,-3729,0,0
-1595,-515,-428,190,2152,-3357,0,0
-1758,-548,-487,139,2126,-3026,0,0
-1673,-628,-498,122,2178,-2528,0,0
-1697,-626,-550,-58,2365,-2081,0,0
-1638,-554,-583,-327,2329,-1688,0,0
-1591,-606,-582,-601,2277,-1353,0,0
-1898,-734,-630,-724,2343,-927,0,0
-1695,-828,-642,-840,2502,-516,0,0
-1350,-898,-580,-965,2631,-272,0,0
-1362,-898,-569,-1270,2906,-216,0,0
-939,-905,-413,-1452,3044,-33,0,0
-644,-778,-133,-1506,3260,146,0,0
-665,-572,10,-1434,3633,253,0,0
-583,-431,11,-1408,3755,409,0,0
-664,-285,-88,-1399,3562,457,0,0
-609,-176,-147,-1501,3443,515,0,0
-269,-183,-111,-1503,3304,632,0,0
-93,-221,-41,-1728,3393,822,0,0
11,-174,74,-1846,3626,925,0,0
27,-63,152,-1648,3673,808,0,0
86,69,157,-1429,3653,649,0,0
191,149,136,-1280,3463,654,0,0
327,236,116,-1325,3404,683,0,0
435,295,95,-1340,3322,596,0,0
467,339,96,-1348,3222,549,0,0
643,343,159,-1277,3137,514,0,0
811,292,231,-1249,3036,516,0,0
932,277,254,-1155,2981,382,0,0
995,257,169,-1131,2890,64,0,0
1082,280,66,-888,2874,-440,0,0
986,356,5,-550,2840,-823,0,0
709,611,5,-618,2852,-1089,0,0
848,1046,290,-268,2841,-1458,0,0
1023,1259,453,-548,2817,-1790,0,0
1185,1083,461,-962,2892,-2056,0,0
1526,776,487,-1025,3362,-2361,0,0
1506,420,475,-817,3323,-2426,0,0
1156,165,415,-2568,3031,-2322,0,0
1181,210,362,-172,2771,-2615,0,0
1317,328,335,103,2542,-3083,0,0
1162,417,270,169,2582,-3364,0,0
1120,522,307,43,2650,-3609,0,0
1124,580,341,191,2767,-3820,0,0
966,540,327,27,2438,-3563,0,0
653,532,247,192,2270,-3530,0,0
536,462,154,234,2196,-3927,0,0
654,323,142,471,2207,-4302,0,0
694,246,170,716,2459,-4535,0,0
595,208,164,745,2541,-4275,0,0
470,298,130,478,2415,-4492,0,0
30,188,59,323,2109,-4686,0,0
-81,-52,18,650,2062,-4535,0,0
-71,-187,12,668,2103,-4280,0,0
-136,-173,-35,841,2372,-4515,0,0
-330,-231,-167,835,2502,-4666,0,0
-556,-296,-250,678,2281,-4660,0,0
-624,-334,-207,620,2243,-4482,0,0
-570,-370,-175,602,2286,-4382,0,0
-471,-433,-208,519,2211,-4188,0,0
-398,-440,-197,559,1855,-3694,0,0
-18,-358,-54,243,1687,-3099,0,0
115,-342,118,57,1769,-3321,0,0
-704,-421,-183,109,2123,-3396,0,0
-1183,-537,-493,-109,2049,-2982,0,0
-1587,-599,-568,-428,1858,-2703,0,0
-1795,-629,-537,-413,2022,-2585,0,0
-1376,-670,-404,-569,2241,-2085,0,0
-1360,-654,-341,-730,2452,-1895,0,0
-1892,-626,-449,-802,2593,-1708,0,0
-1945,-601,-580,-846,3032,-1212,0,0
-1514,-550,-647,-980,2857,-1233,0,0
-1349,-633,-613,-1258,2311,-1244,0,0
-1197,-802,-375,-1279,2276,-750,0,0
-847,-788,-59,-1530,2749,-77,0,0
-710,-723,46,-1491,3095,134,0,0
-995,-583,-76,-1374,3517,144,0,0
-755,-484,-95,-1532,3795,196,0,0
-321,-392,5,-1486,3889,316,0,0
-241,-253,14,-1547,3808,548,0,0
-71,-47,64,-1474,3569,531,0,0
6,150,64,-1338,3498,439,0,0
226,249,20,-1406,3499,338,0,0
411,301,22,-1551,3445,279,0,0
420,340,45,-1574,3455,209,0,0
558,368,73,-1560,3401,93,0,0
719,359,88,-1523,3306,-145,0,0
755,312,65,-1475,3242,-316,0,0
879,286,98,-1334,3195,-371,0,0
1031,355,135,-1245,3254,-453,0,0
942,459,55,-1169,3090,-593,0,0
786,606,1,-1187,2772,-730,0,0
806,687,52,-1167,2481,-984,0,0
855,681,122,-1099,2397,-1339,0,0
1033,646,241,-992,2525,-1753,0,0
1119,544,279,-887,2990,-2183,0,0
1035,416,236,-953,3118,-2566,0,0
844,254,164,-829,2966,-2628,0,0
869,149,186,-717,2642,-2638,0,0
961,185,310,-468,2537,-2924,0,0
967,329,398,-398,2637,-3247,0,0
830,370,333,-295,2737,-3455,0,0
923,361,282,-346,2779,-3436,0,0
854,387,178,-338,2660,-3559,0,0
632,385,164,-390,2468,-3561,0,0
567,428,205,-249,2367,-3599,0,0
595,490,261,-82,2238,-3748,0,0
543,489,233,33,2108,-3779,0,0
385,441,167,-7,1953,-3741,0,0
413,395,125,28,1887,-3668,0,0
482,262,78,36,1866,-3820,0,0
465,94,-22,76,1839,-3963,0,0
506,36,-10,208,2013,-4456,0,0
493,11,106,348,2319,-4998,0,0
153,-36,40,323,2615,-5378,0,0
-174,-131,-104,156,2527,-5161,0,0
-390,-162,-193,31,2290,-4846,0,0
-674,-188,-202,-92,2156,-4459,0,0
-738,-199,-205,-170,2108,-4247,0,0
-797,-307,-191,-202,2073,-4139,0,0
-842,-433,-202,-56,2330,-3693,0,0
-812,-470,-276,-79,2344,-3603,0,0
-967,-504,-304,-235,2269,-3613,0,0
-1091,-584,-324,-318,2298,-3374,0,0
-1125,-689,-293,-459,2269,-2964,0,0
-1212,-716,-302,-610,2338,-2585,0,0
-1338,-704,-371,-688,2370,-2544,0,0
-1416,-735,-350,-727,2243,-2356,0,0
-1309,-781,-250,-806,2281,-1967,0,0
-1255,-835,-150,-855,2336,-1555,0,0
-1307,-771,-90,-775,2491,-1201,0,0
-1182,-694,-73,-736,2886,-925,0,0
-1122,-689,-113,-942,3139,-346,0,0
-1258,-556,-198,-1187,3193,-52,0,0
-1389,-347,-286,-1413,3114,4,0,0
-1218,-277,-294,-1689,3032,-34,0,0
-693,-310,-175,-1829,3083,-174,0,0
-285,-402,-16,-1826,3186,-204,0,0
-142,-480,92,-1791,3654,409,0,0
-347,-289,64,-1659,3872,662,0,0
-459,-35,-39,-1616,3715,426,0,0
-357,59,-60,-1627,3522,217,0,0
-54,68,5,-1748,3373,177,0,0
61,51,50,-1761,3389,247,0,0
100,-15,34,-1661,3424,433,0,0
324,-26,39,-1621,3424,405,0,0
423,-6,70,-1634,3579,351,0,0
332,63,39,-1704,3596,335,0,0
299,153,19,-1666,3387,167,0,0
368,214,73,-1639,3348,-71,0,0
415,238,126,-1511,3289,-171,0,0
458,288,143,-1448,3071,-232,0,0
444,366,163,-1335,2929,-335,0,0
404,462,210,-1269,2998,-216,0,0
437,593,199,-1224,3027,-336,0,0
607,655,223,-1245,3113,-729,0,0
658,616,242,-1139,3302,-1042,0,0
706,552,233,-961,3344,-1213,0,0
654,513,190,-910,3287,-1399,0,0
523,466,109,-914,3133,-1369,0,0
533,490,66,-952,2913,-1436,0,0
646,500,161,-889,2822,-1578,0,0
822,492,252,-832,3124,-1871,0,0
975,429,340,-761,3300,-2113,0,0
1085,378,430,-478,3357,-2390,0,0
846,322,442,-444,3148,-2566,0,0
729,270,438,-295,2811,-2750,0,0
967,176,474,-155,2707,-2926,0,0
1132,54,382,-165,2932,-2889,0,0
1185,56,185,-267,3102,-2995,0,0
937,170,15,-441,3050,-3304,0,0
645,252,-18,-463,2930,-3832,0,0
613,208,73,-383,2845,-4318,0,0
613,71,178,-299,3019,-4472,0,0
498,-36,146,-270,3286,-4576,0,0
161,-88,21,-191,3210,-4508,0,0
-257,-85,-66,-171,3126,-4339,0,0
-454,-53,-89,-148,3057,-4287,0,0
-580,-73,-88,-250,3096,-4190,0,0
-680,-140,-126,-343,3127,-4075,0,0
-872,-241,-164,-362,3113,-3811,0,0
-1194,-330,-216,-301,2933,-3573,0,0
-1530,-417,-279,-375,2616,-3222,0,0
-1576,-511,-346,-396,2778,-2739,0,0
-1299,-521,-392,-480,3159,-2445,0,0
-1293,-478,-417,-642,3204,-2310,0,0
-1501,-468,-403,-802,3106,-2099,0,0
-1591,-517,-316,-968,2931,-1612,0,0
-1690,-550,-305,-886,2807,-1055,0,0
-1661,-560,-317,-868,2443,-569,0,0
-1402,-614,-236,-924,2384,-305,0,0
-1450,-585,-182,-1034,2455,-50,0,0
-1380,-544,-226,-983,2717,365,0,0
-1033,-489,-265,-1070,2983,704,0,0
-991,-254,-340,-1237,3014,644,0,0
-923,-113,-346,-1377,2906,617,0,0
-593,-105,-235,-1544,3024,835,0,0
-457,-17,-145,-1683,3358,1186,0,0
-294,150,-80,-1895,3432,1213,0,0
-181,211,28,-1818,3549,928,0,0
-260,130,36,-1756,3595,889,0,0
-47,50,26,-1736,3461,948,0,0
127,3,34,-1634,3215,939,0,0
165,-3,53,-1571,3341,1008,0,0
367,57,105,-1617,3487,996,0,0
614,146,159,-1648,3590,1022,0,0
886,270,251,-1759,3582,920,0,0
1130,309,361,-1630,3274,562,0,0
873,206,347,-1489,3222,401,0,0
569,130,265,-1399,3334,377,0,0
538,108,216,-1249,3209,314,0,0
606,117,160,-1160,2823,359,0,0
678,273,131,-997,2506,318,0,0
775,582,180,-749,2737,-139,0,0
850,828,272,-743,3085,-817,0,0
955,784,330,-930,3169,-1262,0,0
1224,583,291,-1003,3084,-1503,0,0
1284,397,354,-873,3074,-1613,0,0
1119,350,419,-696,3106,-1571,0,0
1312,375,492,-441,2945,-1702,0,0
1325,404,486,-173,2936,-1949,0,0
1341,383,429,-462,2934,-2247,0,0
1372,379,443,-122,3117,-2967,0,0
1398,264,463,15,3331,-3283,0,0
1411,178,488,-104,3031,-3293,0,0
1181,230,480,-91,2835,-3214,0,0
1100,334,457,90,2503,-3257,0,0
862,445,368,300,2269,-3513,0,0
785,451,292,284,2232,-3580,0,0
875,398,161,312,2523,-4069,0,0
804,241,-2,228,2465,-4485,0,0
420,187,-91,212,2591,-4613,0,0
291,162,100,335,2448,-4552,0,0
200,180,300,451,2376,-4416,0,0
-89,198,222,638,2332,-4556,0,0
-203,88,17,684,2367,-4668,0,0
-378,-95,-241,568,2523,-4561,0,0
-467,-208,-430,412,2514,-4486,0,0
-552,-273,-398,336,2514,-4476,0,0
-732,-319,-311,216,2774,-4254,0,0
-773,-361,-288,214,2858,-4242,0,0
-961,-442,-350,209,2880,-4044,0,0
-1298,-495,-474,141,2712,-3634,0,0
-1450,-483,-512,11,2617,-3463,0,0
-1508,-552,-551,-93,2541,-3028,0,0
-1604,-566,-568,-244,2406,-2454,0,0
-1574,-529,-517,-495,2177,-2102,0,0
-1637,-629,-497,-508,2150,-1641,0,0
-1923,-657,-550,-593,2328,-1133,0,0
-1741,-622,-602,-769,2305,-778,0,0
-1399,-653,-525,-842,2323,-563,0,0
-1384,-621,-445,-995,2609,-261,0,0
-1013,-470,-269,-1306,2813,46,0,0
-792,-405,-102,-1399,2989,202,0,0
-943,-275,-64,-1588,3168,459,0,0
-810,-203,-92,-1474,3400,530,0,0
-692,-201,-161,-1368,3366,546,0,0
-576,-183,-184,-1387,3334,624,0,0
-306,-122,-128,-1418,3448,693,0,0
-156,6,-88,-1564,3570,710,0,0
-193,119,-86,-1659,3672,657,0,0
-135,111,-76,-1729,3767,626,0,0
-101,83,-59,-1763,3701,661,0,0
-53,102,-24,-1790,3607,624,0,0
49,46,30,-1685,3545,575,0,0
92,13,73,-1600,3547,580,0,0
198,63,85,-1545,3482,585,0,0
354,77,114,-1481,3344,555,0,0
446,87,156,-1518,3376,479,0,0
576,112,191,-1527,3395,366,0,0
627,135,212,-1514,3273,285,0,0
561,163,208,-1378,3089,152,0,0
528,204,218,-1226,2922,43,0,0
589,297,233,-1009,2784,-126,0,0
592,414,216,-812,2923,-413,0,0
686,484,225,-849,3164,-746,0,0
816,458,217,-1014,3295,-979,0,0
1023,330,281,-1209,3248,-1097,0,0
997,253,429,-1032,3230,-1161,0,0
920,286,496,-880,3302,-1341,0,0
1016,294,451,-665,3344,-1821,0,0
995,225,401,-521,3336,-2094,0,0
985,166,359,-424,3422,-2068,0,0
1065,196,358,-435,3389,-1985,0,0
994,291,314,-504,3207,-2076,0,0
973,429,332,-477,3183,-2291,0,0
1025,433,381,-363,3041,-2642,0,0
910,377,390,-168,3044,-2821,0,0
947,378,408,-149,2934,-3075,0,0
816,301,363,-99,2822,-3078,0,0
698,266,318,17,2634,-2955,0,0
690,315,301,207,2433,-3119,0,0
716,324,336,293,2341,-3119,0,0
833,352,350,319,2532,-3528,0,0
813,264,298,225,2584,-3851,0,0
636,190,168,417,2700,-4044,0,0
364,86,124,391,2538,-3944,0,0
256,46,140,419,2378,-3787,0,0
107,75,138,565,2338,-4060,0,0
73,41,82,627,2452,-4261,0,0
89,-47,3,659,2522,-4484,0,0
-62,-143,-93,610,2529,-4472,0,0
-214,-172,-97,541,2504,-4315,0,0
-326,-151,-90,546,2631,-4338,0,0
-550,-186,-163,459,2589,-4313,0,0
-742,-227,-188,466,2526,-4210,0,0
-802,-264,-212,381,2541,-3892,0,0
-915,-312,-294,351,2489,-3666,0,0
-957,-332,-367,171,2557,-3397,0,0
-873,-360,-350,52,2664,-3159,0,0
-919,-333,-269,10,2698,-2948,0,0
-1000,-306,-249,-114,2497,-2814,0,0
-1127,-387,-284,-155,2463,-2518,0,0
-1091,-528,-362,-185,2482,-2202,0,0
-1175,-605,-525,-374,2276,-1805,0,0
-1302,-573,-610,-296,2635,-1558,0,0
-1247,-520,-586,-464,2753,-1418,0,0
-1113,-490,-540,-868,2694,-1221,0,0
-1078,-474,-523,-925,2933,-1045,0,0
-1002,-468,-501,-1072,3075,-666,0,0
-794,-402,-474,-1336,2798,-236,0,0
-587,-362,-427,-1750,2656,-78,0,0
-323,-508,-268,-1422,2982,79,0,0
-211,-464,-107,-1218,3365,23,0,0
-228,-323,-68,-1394,3793,-146,0,0
-52,-217,-44,-1576,3826,-289,0,0
-127,-130,-87,-1594,3791,-342,0,0
-162,-55,-12,-1676,3622,-229,0,0
-127,-23,76,-1564,3528,-241,0,0
-87,-48,56,-1425,3488,-196,0,0
47,-52,17,-1369,3505,-76,0,0
167,-25,-30,-1431,3491,5,0,0
258,58,-35,-1541,3458,-42,0,0
320,130,-31,-1547,3496,-199,0,0
358,175,-55,-1640,3376,-289,0,0
506,211,35,-1721,3220,-522,0,0
572,241,178,-1628,3197,-738,0,0
622,251,281,-1384,3352,-743,0,0
818,267,321,-1315,3335,-719,0,0
738,330,249,-1246,3069,-736,0,0
635,426,214,-1182,2769,-748,0,0
729,471,261,-1128,2736,-1055,0,0
804,411,273,-1108,2843,-1256,0,0
988,352,241,-999,2942,-1523,0,0
1055,336,232,-829,2641,-1832,0,0
871,354,179,-444,2405,-2026,0,0
1003,412,193,-235,2297,-2237,0,0
1149,518,269,-248,2268,-2705,0,0
1117,534,281,-209,2617,-3169,0,0
1009,500,200,-244,3027,-3571,0,0
719,395,41,-318,2982,-3736,0,0
420,268,-4,-514,2694,-3603,0,0
301,224,-30,-596,2561,-3194,0,0
669,274,146,-675,2395,-2998,0,0
865,415,325,-442,2450,-3315,0,0
647,492,339,-265,2530,-3714,0,0
397,454,252,-40,2399,-3888,0,0
206,385,169,55,2278,-3710,0,0
236,368,177,113,2212,-3501,0,0
256,378,203,239,2244,-3721,0,0
264,346,175,224,2299,-3889,0,0
296,278,158,272,2238,-3894,0,0
162,149,156,271,2237,-3919,0,0
80,53,130,334,2254,-3878,0,0
82,-62,109,223,2048,-3948,0,0
131,-160,132,330,2034,-4118,0,0
136,-162,150,576,2185,-4348,0,0
27,-135,92,714,2419,-4627,0,0
-24,-121,-9,651,2677,-4640,0,0
-294,-116,-152,409,2799,-4657,0,0
-586,-142,-301,406,2411,-4816,0,0
-841,-273,-274,0,2080,-4176,0,0
-779,-322,-191,77,2390,-3629,0,0
-531,-361,-159,70,2568,-3625,0,0
-594,-464,-247,-101,2440,-3389,0,0
-737,-500,-284,-186,2255,-3138,0,0
-721,-496,-218,-122,2320,-3090,0,0
-804,-514,-240,-166,2570,-2805,0,0
-702,-593,-318,-211,2266,-2502,0,0
-912,-615,-493,-182,2171,-2297,0,0
-1349,-555,-630,-488,2102,-1824,0,0
-1193,-459,-546,-789,2116,-1660,0,0
-952,-429,-465,-942,2647,-1900,0,0
-1079,-500,-526,-1164,3069,-1891,0,0
-1367,-580,-543,-1236,3265,-1701,0,0
-1226,-656,-383,-1235,2872,-1295,0,0
-1173,-588,-266,-1103,2641,-977,0,0
-1149,-454,-238,-994,2797,-684,0,0
-782,-291,-163,-1372,2957,-408,0,0
-401,-150,-64,-1731,3009,-463,0,0
-440,-90,-63,-1840,3324,-462,0,0
-504,-144,-146,-1816,3488,-272,0,0
-420,-165,-228,-1871,3383,-184,0,0
-326,-136,-221,-1842,3443,-186,0,0
-276,-98,-120,-1869,3571,-167,0,0
-172,-82,-29,-1901,3610,-181,0,0
-134,-67,9,-1889,3575,-197,0,0
-174,-66,-15,-1870,3598,-145,0,0
-150,-74,4,-1950,3462,-57,0,0
-327,-63,35,-1952,3444,-33,0,0
-335,-13,76,-1907,3347,95,0,0
-290,60,165,-1835,3277,109,0,0
-216,36,220,-1795,3336,120,0,0
79,-56,278,-1663,3197,164,0,0
160,-38,279,-1521,3120,164,0,0
191,-51,238,-1463,2860,244,0,0
329,24,260,-1370,2556,155,0,0
458,159,271,-1195,2625,-140,0,0
643,215,238,-1001,3100,-461,0,0
985,194,197,-1212,3416,-758,0,0
1041,216,158,-1289,3425,-979,0,0
847,257,237,-1006,3304,-1128,0,0
986,328,388,-869,3040,-1447,0,0
1045,330,431,-695,2795,-1809,0,0
705,281,288,-719,3083,-1717,0,0
645,254,175,-805,3348,-1468,0,0
1013,254,236,-892,3507,-1834,0,0
1148,265,240,-800,3534,-2412,0,0
809,269,126,-762,3571,-2707,0,0
541,226,-13,-807,3423,-2551,0,0
742,290,9,-740,3168,-2490,0,0
740,421,143,-756,3034,-2603,0,0
453,521,197,-738,3119,-2767,0,0
565,514,254,-617,3198,-3051,0,0
603,371,242,-632,3155,-3161,0,0
512,267,174,-601,3152,-3189,0,0
468,210,141,-555,3120,-3489,0,0
323,103,121,-456,3225,-3758,0,0
287,12,128,-391,3497,-3985,0,0
232,-69,81,-381,3805,-4068,0,0
-79,-114,-49,-383,3684,-4132,0,0
-515,-115,-126,-403,3469,-3955,0,0
-648,-88,-100,-399,3529,-3765,0,0
-718,-89,-119,-492,3514,-3599,0,0
-948,-140,-186,-584,3601,-3271,0,0
-981,-222,-243,-711,3461,-2925,0,0
-1097,-321,-268,-649,3192,-2882,0,0
-1299,-442,-268,-586,3043,-2398,0,0
-1221,-477,-250,-577,3086,-1904,0,0
-1183,-460,-303,-566,3130,-1783,0,0
-1197,-458,-370,-764,2910,-1592,0,0
-971,-490,-380,-761,2806,-1537,0,0
-930,-566,-375,-793,2686,-1403,0,0
-1008,-599,-388,-910,2568,-828,0,0
-876,-529,-324,-1003,2635,-456,0,0
-788,-402,-238,-1088,2696,-199,0,0
-767,-269,-137,-1321,2808,18,0,0
-742,-192,-67,-1374,3050,61,0,0
-780,-112,-110,-1340,3167,145,0,0
-608,-64,-94,-1439,3134,357,0,0
-447,-77,-37,-1485,3282,429,0,0
-368,-98,-57,-1609,3573,485,0,0
-310,-113,-109,-1663,3621,493,0,0
-372,-136,-148,-1607,3571,640,0,0
-267,-104,-106,-1641,3493,755,0,0
-139,-33,-34,-1638,3433,769,0,0
-81,18,8,-1590,3431,734,0,0
-8,33,8,-1526,3539,667,0,0
170,58,7,-1588,3538,624,0,0
296,69,29,-1627,3473,582,0,0
434,59,79,-1647,3572,577,0,0
531,77,126,-1666,3538,472,0,0
500,132,115,-1582,3425,365,0,0
664,171,178,-1522,3205,252,0,0
734,205,265,-1410,2980,119,0,0
747,296,266,-1206,2841,52,0,0
930,368,267,-1200,2685,-138,0,0
1042,367,282,-1319,2763,-380,0,0
1288,357,304,-1158,2840,-582,0,0
1358,386,290,-1176,2744,-851,0,0
1184,412,327,-1034,2569,-1241,0,0
965,390,366,-582,2682,-1723,0,0
912,293,338,-186,2873,-2250,0,0
948,191,235,-267,2907,-2346,0,0
1104,174,141,-358,2917,-2262,0,0
1180,299,134,-488,2923,-2405,0,0
1221,469,191,-567,2989,-2796,0,0
1258,575,307,-485,2906,-3391,0,0
1071,524,373,-411,2790,-3659,0,0
1095,430,393,-295,2956,-3644,0,0
1004,355,252,-492,2778,-3726,0,0
908,242,147,-357,2516,-3850,0,0
870,238,192,26,2628,-4146,0,0
464,255,348,99,2652,-4171,0,0
276,286,256,259,2780,-4273,0,0
215,244,116,201,2476,-4277,0,0
204,174,27,20,2472,-4200,0,0
60,89,-35,-152,2470,-4176,0,0
47,39,-74,-92,2646,-4486,0,0
-41,-72,-81,43,2732,-4701,0,0
-110,-172,-97,22,2858,-4657,0,0
-246,-231,-89,112,2981,-4854,0,0
-550,-299,-187,-7,2874,-4705,0,0
-923,-407,-251,-201,2559,-4465,0,0
-1290,-513,-256,-169,2582,-4013,0,0
-1253,-547,-316,-188,2737,-3446,0,0
-1146,-561,-312,-235,2519,-3166,0,0
-1449,-511,-348,-376,2449,-2782,0,0
-1339,-472,-339,-571,2236,-2192,0,0
-763,-376,-182,-575,1646,-1653,0,0
171,-265,191,-614,1844,-1888,0,0
-6,-385,303,-478,2672,-2128,0,0
-1354,-476,-244,-514,2975,-1630,0,0
-1602,-491,-552,-726,2507,-1267,0,0
-1513,-507,-483,-889,2378,-1015,0,0
-1457,-435,-381,-1084,2513,-616,0,0
-1153,-363,-245,-1132,2556,-219,0,0
-662,-235,-47,-1573,2802,-121,0,0
-410,-226,141,-1641,3454,-452,0,0
-583,-309,82,-1273,4027,-486,0,0
-483,-306,-51,-1183,4010,-255,0,0
-367,-157,-75,-1241,3597,-222,0,0
-450,48,-79,-1298,3454,-276,0,0
-303,129,-14,-1375,3447,-349,0,0
-145,84,-4,-1290,3602,-365,0,0
12,29,-30,-1321,3733,-182,0,0
101,25,-57,-1440,3678,-106,0,0
242,43,-33,-1543,3584,-122,0,0
364,69,40,-1449,3595,-279,0,0
259,118,52,-1402,3564,-294,0,0
322,145,64,-1314,3493,-333,0,0
461,150,84,-1312,3453,-399,0,0
425,153,39,-1302,3365,-427,0,0
434,184,24,-1277,3249,-384,0,0
556,206,28,-1289,3003,-387,0,0
705,284,107,-1192,2866,-627,0,0
645,466,225,-872,2902,-905,0,0
550,576,211,-939,2978,-971,0,0
648,644,224,-1063,2791,-1173,0,0
602,581,211,-930,2649,-1338,0,0
552,480,206,-838,2653,-1536,0,0
936,443,344,-796,2632,-1886,0,0
1059,354,477,-523,2740,-2263,0,0
1181,307,564,-296,2916,-2520,0,0
1109,297,521,-274,2887,-2728,0,0
1021,227,392,-319,2772,-2883,0,0
1052,189,347,-221,2760,-3127,0,0
994,176,315,-187,2707,-3280,0,0
828,201,279,4,2699,-3683,0,0
675,179,260,81,2784,-3817,0,0
640,139,218,117,2805,-3863,0,0
524,167,173,135,2725,-3878,0,0
500,205,144,135,2581,-3956,0,0
416,181,149,-15,2462,-4058,0,0
326,103,107,-118,2548,-3982,0,0
344,59,32,15,2587,-4160,0,0
238,10,-1,191,2606,-4445,0,0
42,-45,-12,156,2751,-4560,0,0
-86,-112,-42,66,2739,-4492,0,0
-303,-154,-65,12,2679,-4386,0,0
-385,-179,-54,55,2657,-4333,0,0
-486,-213,-64,132,2790,-4304,0,0
-629,-255,-105,121,2846,-4212,0,0
-867,-288,-197,13,2725,-3957,0,0
-1015,-333,-265,-234,2582,-3353,0,0
-1094,-310,-277,-131,2391,-3243,0,0
-1207,-288,-313,-193,2532,-3111,0,0
-857,-351,-212,-404,2444,-2812,0,0
-1004,-388,-114,-436,2453,-2624,0,0
-1573,-439,-280,-362,2787,-2086,0,0
-1415,-499,-371,-506,2540,-1499,0,0
-1180,-520,-358,-625,2362,-1396,0,0
-1285,-543,-379,-665,2510,-1211,0,0
-981,-510,-334,-878,2626,-737,0,0
-617,-415,-227,-989,2814,-538,0,0
-788,-321,-238,-963,2938,-406,0,0
-880,-227,-238,-918,3089,-282,0,0
-769,-197,-260,-1056,3213,-251,0,0
-589,-200,-302,-1250,3256,-260,0,0
-393,-122,-255,-1466,3419,-290,0,0
-328,-41,-175,-1533,3625,-406,0,0
-275,-25,-83,-1579,3777,-384,0,0
-197,-8,-24,-1546,3824,-361,0,0
-173,-7,-17,-1501,3744,-273,0,0
-144,13,2,-1543,3613,-183,0,0
-36,18,50,-1464,3550,-124,0,0
63,14,82,-1408,3537,-50,0,0
187,32,90,-1367,3500,-69,0,0
367,59,102,-1287,3469,-103,0,0
504,112,118,-1341,3453,-112,0,0
628,169,96,-1349,3441,-186,0,0
681,221,84,-1358,3267,-428,0,0
699,283,86,-1165,3189,-711,0,0
852,304,115,-1065,3044,-805,0,0
1072,324,214,-1099,2802,-787,0,0
1125,398,250,-988,2599,-831,0,0
1066,461,265,-891,2384,-1137,0,0
1034,513,244,-639,2435,-1639,0,0
1131,539,243,-456,2638,-2063,0,0
1219,569,279,-511,2604,-2417,0,0
1083,582,257,-371,2547,-2782,0,0
1023,534,233,-299,2488,-3001,0,0
1084,456,204,-253,2525,-3129,0,0
1171,419,270,-363,2524,-3123,0,0
1082,438,277,-300,2603,-3254,0,0
878,421,191,-281,2513,-3395,0,0
767,380,168,-174,2291,-3666,0,0
656,321,244,-96,2268,-3628,0,0
593,294,259,-7,2168,-3570,0,0
532,327,218,219,2154,-3806,0,0
603,345,225,180,2065,-3873,0,0
633,374,223,263,2112,-4207,0,0
576,368,296,222,2017,-4233,0,0
408,356,307,301,1916,-4346,0,0
120,234,254,358,1737,-4343,0,0
132,93,186,553,1660,-4314,0,0
166,2,120,688,1764,-4405,0,0
100,-37,-17,672,1932,-4548,0,0
95,-37,-123,704,1925,-4764,0,0
-39,-54,-103,567,1971,-4816,0,0
-206,-125,-103,433,2138,-4645,0,0
-390,-199,-147,441,2125,-4569,0,0
-606,-284,-220,321,2052,-4415,0,0
-577,-412,-289,221,2056,-4300,0,0
-605,-513,-281,223,1982,-4167,0,0
-766,-516,-225,162,2070,-4106,0,0
-793,-510,-154,104,2045,-3695,0,0
-978,-465,-208,141,2016,-3465,0,0
-1254,-477,-398,-52,1901,-3281,0,0
-1155,-558,-525,-233,2163,-2969,0,0
-1033,-578,-581,-476,2372,-3122,0,0
-1290,-586,-529,-527,2444,-3165,0,0
-1472,-639,-411,-668,2511,-2586,0,0
-1549,-654,-304,-818,2297,-1839,0,0
-1717,-610,-246,-895,2369,-1117,0,0
-1447,-530,-272,-941,2539,-623,0,0
-1453,-425,-313,-1041,2429,-557,0,0
-1696,-279,-336,-1317,2627,-554,0,0
-1099,-309,-161,-1541,2913,-514,0,0
-589,-373,14,-1419,3092,-444,0,0
-569,-387,64,-1309,3478,-360,0,0
-443,-368,45,-1247,3756,-303,0,0
-411,-264,-32,-1231,3803,-276,0,0
-297,-170,-61,-1232,3588,-179,0,0
-235,-86,-34,-1377,3445,-129,0,0
-314,1,-56,-1374,3471,-57,0,0
-158,48,-38,-1434,3465,33,0,0
-17,73,5,-1440,3450,16,0,0
62,130,-13,-1414,3405,-23,0,0
181,171,5,-1433,3544,-63,0,0
273,182,19,-1473,3657,-45,0,0
345,238,5,-1442,3555,-80,0,0
441,310,48,-1530,3375,-170,0,0
562,357,141,-1571,3245,-308,0,0
721,363,259,-1531,3139,-380,0,0
804,364,321,-1398,3134,-487,0,0
871,339,324,-1286,3119,-619,0,0
810,308,298,-1077,2910,-728,0,0
711,356,283,-906,2775,-778,0,0
820,433,304,-827,2635,-1047,0,0
785,500,246,-639,2657,-1531,0,0
745,534,200,-413,2913,-1943,0,0
828,537,168,-467,2994,-2144,0,0
927,544,187,-465,2735,-2289,0,0
1002,518,303,-370,2770,-2577,0,0
1148,491,436,-192,2906,-2944,0,0
1060,423,484,-13,3012,-3285,0,0
675,320,408,127,3107,-3261,0,0
607,236,267,48,3019,-2995,0,0
632,234,198,-161,2750,-2984,0,0
514,250,148,-181,2650,-3154,0,0
458,208,136,-149,2511,-3273,0,0
555,191,203,-51,2388,-3499,0,0
654,157,329,82,2401,-3628,0,0
664,134,446,238,2404,-3613,0,0
543,160,410,383,2445,-4003,0,0
513,98,317,482,2612,-4215,0,0
417,27,127,592,2699,-4324,0,0
143,-25,-54,450,2585,-4277,0,0
-3,-32,-121,255,2456,-4069,0,0
-196,31,-78,190,2387,-4178,0,0
-210,18,9,190,2395,-4320,0,0
-272,-97,20,289,2478,-4311,0,0
-393,-192,-47,399,2656,-4206,0,0
-496,-234,-151,397,2678,-4059,0,0
-676,-233,-232,348,2681,-4096,0,0
-735,-251,-246,166,2747,-4060,0,0
-854,-302,-260,47,2844,-3795,0,0
-967,-328,-297,71,2963,-3856,0,0
-1243,-422,-334,-35,2985,-3697,0,0
-1464,-547,-401,-106,2904,-3104,0,0
-1560,-593,-499,-131,2737,-2663,0,0
-1639,-644,-476,-298,2612,-2083,0,0
-1655,-681,-445,-394,2583,-1549,0,0
-1997,-694,-577,-461,2431,-1168,0,0
-2268,-756,-650,-737,2563,-689,0,0
-2376,-722,-878,-812,2718,-284,0,0
-1800,-716,-933,-1039,2387,-138,0,0
-1303,-714,-620,-1087,2404,43,0,0
-1208,-624,-372,-1272,2938,304,0,0
-865,-537,-252,-1353,3207,430,0,0
-884,-451,-219,-1401,3312,782,0,0
-958,-287,-263,-1710,3230,1017,0,0
-752,-195,-204,-1711,3069,1167,0,0
-743,-123,-152,-1797,3015,1425,0,0
-519,-74,-114,-1862,3081,1517,0,0
-154,-92,-88,-1784,3122,1418,0,0
-79,-115,-102,-1735,3170,1385,0,0
73,-76,-81,-1724,3048,1581,0,0
368,53,53,-1845,3116,1715,0,0
550,223,210,-1963,3147,1528,0,0
730,337,351,-1983,2903,1033,0,0
948,297,538,-1958,3039,660,0,0
992,92,657,-1878,3596,362,0,0
913,-140,546,-1521,3908,291,0,0
1053,-239,448,-1337,3539,639,0,0
1021,-26,482,-1117,3133,799,0,0
856,321,523,-770,3032,453,0,0
1044,499,545,-630,2858,-137,0,0
1049,505,536,-558,2791,-706,0,0
955,485,668,-690,2661,-867,0,0
1337,491,773,-571,2892,-742,0,0
1748,483,820,-209,2973,-1092,0,0
1663,482,715,52,3182,-1758,0,0
1712,423,581,3,3128,-2159,0,0
1745,357,566,71,2742,-2386,0,0
1471,332,626,218,2820,-2445,0,0
1486,269,645,286,2821,-2520,0,0
1428,170,579,289,2689,-2817,0,0
1334,87,431,246,2704,-3087,0,0
1103,13,308,313,2586,-3534,0,0
878,-41,221,611,2471,-3651,0,0
919,-5,190,647,2246,-3683,0,0
904,109,163,591,2108,-3750,0,0
790,203,98,632,2054,-3721,0,0
756,298,34,543,1786,-4045,0,0
748,310,68,697,1957,-4384,0,0
786,285,131,767,2247,-4544,0,0
549,264,108,762,2316,-4692,0,0
327,220,73,804,2312,-4793,0,0
-2,118,-40,743,2145,-4695,0,0
-221,15,-172,837,2072,-4779,0,0
-353,-109,-290,886,2073,-4821,0,0
-395,-195,-356,886,2217,-4803,0,0
-637,-191,-394,845,2350,-4694,0,0
-849,-188,-426,650,2505,-4552,0,0
-1028,-187,-433,670,2541,-4529,0,0
-1262,-267,-430,351,2473,-4152,0,0
-1448,-262,-463,493,2604,-3853,0,0
-1669,-241,-549,457,2505,-3583,0,0
-1930,-264,-607,358,2224,-3111,0,0
-1932,-250,-628,309,2293,-2459,0,0
-1771,-209,-704,94,2349,-2027,0,0
-1807,-172,-842,-167,2238,-1601,0,0
-1855,-166,-877,-364,2022,-1449,0,0
-1868,-257,-744,-672,2242,-741,0,0
-1527,-272,-633,-742,2553,-209,0,0
-1329,-216,-560,-895,2630,-112,0,0
-1353,-155,-550,-991,2674,77,0,0
-1013,-168,-471,-1200,2918,297,0,0
-678,-200,-349,-1252,3321,211,0,0
-647,-217,-314,-1284,3541,158,0,0
-664,-245,-301,-1353,3682,258,0,0
-631,-249,-285,-1389,3670,486,0,0
-463,-195,-247,-1364,3482,671,0,0
-306,-117,-188,-1426,3406,719,0,0
-132,-34,-105,-1579,3442,691,0,0
-20,31,-77,-1557,3497,597,0,0
174,74,-50,-1488,3464,397,0,0
370,49,13,-1368,3628,209,0,0
348,36,70,-1472,3700,213,0,0
95,63,39,-1552,3785,141,0,0
-56,23,-11,-1469,3668,186,0,0
148,-26,36,-1548,3654,360,0,0
346,-18,83,-1557,3640,393,0,0
240,51,53,-1440,3551,298,0,0
444,108,84,-1395,3520,69,0,0
678,108,136,-1332,3435,-126,0,0
713,102,168,-1335,3511,-215,0,0
885,100,281,-1443,3573,-232,0,0
816,183,361,-1359,3576,-260,0,0
666,291,353,-1226,3517,-284,0,0
790,349,355,-1066,3178,-513,0,0
878,375,364,-912,2828,-668,0,0
864,394,327,-779,2681,-829,0,0
911,432,309,-543,2654,-1078,0,0
1123,455,414,-502,2805,-1294,0,0
1272,487,526,-410,2878,-1484,0,0
1129,530,563,-411,2898,-1582,0,0
899,569,520,-327,2869,-1744,0,0
953,511,501,-97,2787,-2229,0,0
991,357,424,119,2653,-2746,0,0
885,127,299,25,2718,-2767,0,0
912,75,225,301,2737,-2824,0,0
897,161,268,191,2728,-2888,0,0
971,305,304,216,2651,-3120,0,0
1070,365,380,184,2543,-3553,0,0
1065,364,396,301,2663,-3950,0,0
945,287,357,462,2706,-4068,0,0
781,260,329,494,2530,-3792,0,0
488,315,253,635,2664,-4031,0,0
286,287,156,505,2486,-4060,0,0
261,248,111,650,2227,-4338,0,0
260,118,177,803,2375,-4330,0,0
356,42,141,990,2696,-4441,0,0
143,7,40,975,2715,-4660,0,0
-133,-53,-54,913,2652,-4577,0,0
-365,-102,-76,807,2539,-4446,0,0
-633,-122,-112,798,2423,-4141,0,0
-824,-128,-158,859,2320,-3913,0,0
-837,-197,-258,589,2470,-3684,0,0
-685,-279,-367,634,2525,-3903,0,0
-810,-422,-457,492,2692,-3818,0,0
-757,-502,-476,324,2975,-3528,0,0
-674,-493,-415,248,2788,-3428,0,0
-934,-505,-338,210,2530,-3382,0,0
-1031,-532,-337,208,2796,-2906,0,0
-1004,-575,-425,-6,2483,-2433,0,0
-1253,-570,-531,-59,2033,-2288,0,0
-1572,-587,-613,-254,2193,-1719,0,0
-1498,-565,-576,-466,2322,-1244,0,0
-1417,-520,-577,-435,2374,-1219,0,0
-1536,-537,-628,-786,2580,-836,0,0
-1418,-488,-552,-839,2727,-612,0,0
-1223,-412,-443,-1000,2907,-371,0,0
-852,-335,-245,-1285,3005,-96,0,0
-929,-236,-240,-1259,3154,48,0,0
-1025,-129,-337,-1370,3280,206,0,0
-681,-69,-291,-1425,3465,245,0,0
-474,-43,-228,-1552,3614,291,0,0
-366,3,-162,-1667,3598,180,0,0
-292,-12,-92,-1792,3519,131,0,0
-269,-165,17,-1837,3508,132,0,0
-390,-156,183,-1598,3680,273,0,0
-456,-106,181,-1521,3830,516,0,0
-326,-56,126,-1405,3835,556,0,0
-158,52,28,-1332,3631,570,0,0
-56,158,17,-1254,3441,392,0,0
112,180,83,-1189,3434,195,0,0
312,128,118,-1382,3522,192,0,0
448,97,119,-1396,3635,342,0,0
411,118,111,-1418,3456,383,0,0
463,203,170,-1367,3243,344,0,0
608,205,247,-1290,3113,336,0,0
513,228,291,-1290,2984,202,0,0
564,272,320,-1118,2886,47,0,0
868,236,379,-1099,2793,-44,0,0
936,207,332,-981,2848,-327,0,0
1088,213,311,-928,2913,-2800,0,0
1080,221,245,-716,3182,-1465,0,0
819,176,138,-571,3304,-1862,0,0
902,73,161,-632,3112,-1742,0,0
951,118,335,-744,2890,-1630,0,0
958,233,498,-685,2876,-1693,0,0
937,315,541,-344,3017,-2039,0,0
1074,281,465,-174,2884,-2250,0,0
1324,185,411,-95,2755,-2498,0,0
1378,174,386,142,2978,-2710,0,0
1413,295,402,98,3189,-2849,0,0
1310,474,379,52,3153,-3242,0,0
1238,561,333,4,3132,-3875,0,0
1003,436,259,17,3067,-4379,0,0
730,256,228,166,2988,-4540,0,0
465,127,228,399,3030,-4672,0,0
41,93,179,658,3409,-4617,0,0
-40,122,-7,712,3414,-4600,0,0
-39,66,-142,374,3114,-4350,0,0
-295,66,-227,294,3132,-4151,0,0
-472,31,-257,91,2963,-4050,0,0
-443,-80,-231,119,2969,-4142,0,0
-612,-259,-241,76,3120,-4026,0,0
-719,-423,-300,42,3169,-3868,0,0
-1060,-519,-357,158,3071,-3819,0,0
-1220,-584,-411,147,3131,-3498,0,0
-1159,-607,-444,-88,2905,-3141,0,0
-1446,-607,-465,-257,2848,-2744,0,0
-1684,-537,-521,-156,2795,-2259,0,0
-1905,-429,-563,-324,2258,-1697,0,0
-2034,-359,-586,-624,1902,-1324,0,0
-1841,-478,-524,-830,2118,-914,0,0
-1579,-589,-493,-871,2530,-509,0,0
-1302,-605,-537,-936,2488,-182,0,0
-1202,-576,-442,-955,2237,267,0,0
-1088,-384,-292,-1005,2104,653,0,0
-549,-220,-97,-1294,2543,784,0,0
-162,-194,18,-1671,3565,719,0,0
-362,-157,-80,-1746,4166,497,0,0
-527,-135,-197,-1678,4166,437,0,0
-537,-122,-205,-1581,3746,620,0,0
-510,-51,-101,-1583,3338,775,0,0
-356,-15,-12,-1482,3254,838,0,0
-204,-30,1,-1442,3346,903,0,0
-15,-36,-35,-1468,3467,888,0,0
157,-28,-37,-1537,3566,826,0,0
255,17,-12,-1580,3661,688,0,0
297,71,42,-1539,3662,501,0,0
321,99,100,-1480,3602,401,0,0
348,107,133,-1435,3541,454,0,0
437,113,125,-1474,3507,509,0,0
563,94,140,-1522,3453,380,0,0
531,95,161,-1513,3435,234,0,0
549,97,204,-1405,3285,217,0,0
686,103,275,-1266,3100,306,0,0
828,162,319,-1195,2985,283,0,0
921,194,291,-1157,2844,109,0,0
1035,235,258,-1038,2797,-197,0,0
1241,312,242,-860,2744,-686,0,0
1374,365,291,-666,2632,-1230,0,0
1414,338,333,-783,2508,-1519,0,0
1420,258,343,-655,2608,-1591,0,0
1641,253,359,-657,2705,-1753,0,0
1782,301,383,-609,2846,-2224,0,0
1636,387,356,-465,2995,-2807,0,0
1501,391,312,-510,2866,-3300,0,0
1371,325,323,-299,2574,-3555,0,0
1264,316,357,-85,2522,-3614,0,0
1099,400,358,201,2457,-3493,0,0
1143,569,350,87,2486,-3639,0,0
1068,642,340,104,2386,-3819,0,0
653,698,251,121,2425,-3956,0,0
527,645,200,88,2076,-4022,0,0
415,487,208,250,2246,-4126,0,0
267,338,224,237,2051,-4054,0,0
214,279,242,338,1622,-3929,0,0
449,273,329,586,1462,-4090,0,0
654,226,360,810,1730,-4434,0,0
589,149,225,906,2005,-4821,0,0
319,64,-5,945,2229,-5077,0,0
57,-12,-151,885,2211,-4936,0,0
-308,31,-222,786,2137,-5085,0,0
-567,-12,-183,656,1943,-4973,0,0
-617,-123,-151,682,2139,-4836,0,0
-568,-306,-135,709,2169,-4433,0,0
-896,-367,-281,651,2233,-4255,0,0
-1119,-392,-412,578,2059,-4172,0,0
-1040,-434,-420,576,2141,-3808,0,0
-1252,-391,-426,452,2014,-3556,0,0
-1516,-390,-488,243,2081,-3146,0,0
-1348,-465,-530,168,2269,-2821,0,0
-1457,-515,-601,-23,2420,-2486,0,0
-1492,-546,-639,-386,2408,-2204,0,0
-1443,-565,-557,-409,2226,-2171,0,0
-1648,-650,-491,-428,2335,-1796,0,0
-1484,-711,-420,-599,2307,-1293,0,0
-1285,-632,-390,-568,2476,-1091,0,0
-1262,-523,-362,-673,2752,-819,0,0
-997,-430,-294,-983,2947,-531,0,0
-698,-326,-164,-1260,2941,-394,0,0
-818,-292,-84,-1356,3056,-295,0,0
-1031,-314,-116,-1344,3365,-127,0,0
-794,-340,-158,-1349,3491,-91,0,0
-525,-342,-165,-1298,3457,-28,0,0
-446,-262,-101,-1362,3551,179,0,0
-379,-116,-15,-1368,3644,261,0,0
-360,3,20,-1353,3589,283,0,0
-301,57,21,-1348,3570,241,0,0
-67,42,20,-1255,3631,208,0,0
107,30,-9,-1337,3608,238,0,0
174,51,-7,-1375,3616,141,0,0
279,86,12,-1363,3561,123,0,0
365,139,74,-1343,3508,82,0,0
373,193,136,-1287,3510,55,0,0
502,230,161,-1242,3535,-21,0,0
651,229,204,-1252,3614,-229,0,0
593,220,193,-1157,3547,-324,0,0
542,225,196,-1106,3150,-181,0,0
513,265,230,-1033,2729,-65,0,0
508,321,231,-923,2499,-225,0,0
651,361,210,-741,2407,-540,0,0
954,370,106,-632,2645,-1028,0,0
1440,342,73,-732,3100,-1608,0,0
1526,280,94,-678,3276,-1926,0,0
1208,293,115,-600,3111,-1837,0,0
1417,445,321,-399,2899,-2029,0,0
1316,612,462,-265,2794,-2446,0,0
1161,666,427,-236,2845,-2696,0,0
1314,608,350,-313,2661,-2950,0,0
1225,565,289,-266,2608,-3209,0,0
1150,536,342,-158,2522,-3173,0,0
1091,541,391,-160,2324,-3416,0,0
992,487,411,14,2233,-3715,0,0
1029,394,386,114,2274,-3936,0,0
982,315,367,334,2230,-4185,0,0
831,264,376,533,2110,-4269,0,0
636,258,348,595,2131,-4369,0,0
500,232,324,666,2051,-4495,0,0
436,173,290,596,2074,-4634,0,0
329,79,172,630,2072,-4706,0,0
189,-28,69,731,1940,-4837,0,0
20,-108,45,840,1844,-4862,0,0
-60,-97,66,942,1915,-4918,0,0
-298,-93,-13,903,2043,-4996,0,0
-501,-145,-132,944,2225,-5101,0,0
-692,-257,-269,655,2273,-4939,0,0
-935,-364,-350,670,2271,-4684,0,0
-1167,-428,-366,536,2198,-4380,0,0
-1448,-481,-378,509,2126,-3927,0,0
-1642,-463,-457,576,2242,-3474,0,0
-1535,-472,-577,193,2290,-2991,0,0
-1499,-506,-716,-146,2170,-2759,0,0
-1517,-590,-743,-320,2078,-2555,0,0
-1413,-708,-644,-376,2035,-2128,0,0
-1540,-709,-535,-525,2125,-1636,0,0
-1690,-642,-440,-540,2052,-1218,0,0
-1680,-587,-447,-550,2184,-3016,0,0
