4664,-1519,-496,3297,1231,-6001,0,0
5228,-1565,632,3925,675,-4960,0,0
5332,-2099,1736,3261,351,-3627,0,0
5177,-1685,2553,2197,-259,-2067,0,0
4495,-461,3221,1248,-1077,-1188,0,0
3609,-270,3573,74,-1407,-1308,0,0
2798,-1281,3238,-1676,-1525,-929,0,0
1786,-2125,2475,-2425,-1858,-355,0,0
764,-2402,1658,-2574,-1835,-924,0,0
-18,-1337,1012,-2887,-1476,-1709,0,0
-656,-376,506,-3099,-1491,-1463,0,0
-1012,-530,141,-2983,-1617,-1906,0,0
-1058,-814,42,-3299,-1990,-1902,0,0
-780,-752,115,-3513,-2182,-1664,0,0
-429,-899,141,-3837,-2417,-1266,0,0
-83,-756,138,-3871,-2476,-1180,0,0
174,-424,92,-3545,-2377,-1043,0,0
273,-499,6,-3190,-2316,-1216,0,0
328,-582,-63,-3329,-2364,-969,0,0
290,49,12,-3382,-2357,-1072,0,0
260,308,116,-3378,-2362,-871,0,0
228,209,120,-3563,-2297,-772,0,0
250,198,64,-3491,-2324,-723,0,0
303,291,3,-3461,-2440,-704,0,0
381,541,-21,-3430,-2476,-748,0,0
461,639,-79,-3317,-2614,-686,0,0
483,660,-124,-3270,-2772,-792,0,0
483,788,-88,-3105,-2699,-2952,0,0
458,698,-61,-3083,-2586,-891,0,0
335,601,-98,-3011,-2467,-721,0,0
179,833,-206,-2920,-2452,-868,0,0
53,1063,-304,-2778,-2289,-871,0,0
-99,1236,-397,-2512,-2200,-911,0,0
-260,1264,-472,-2125,-2077,-956,0,0
-426,1366,-546,-1719,-2078,-1157,0,0
-513,1346,-596,-1287,-2121,-1512,0,0
-567,1350,-652,-1097,-2081,-1742,0,0
-586,1218,-746,-907,-2233,-2161,0,0
-623,983,-852,-779,-2439,-2661,0,0
-613,999,-821,-510,-2387,-3043,0,0
-582,1026,-716,-611,-2439,-2970,0,0
-669,936,-626,-360,-2492,-3119,0,0
-727,469,-722,-500,-2388,-3392,0,0
-743,786,-727,-73,-2643,-3666,0,0
-779,961,-698,194,-2591,-3973,0,0
-744,713,-532,216,-2433,-3952,0,0
-680,819,-361,320,-2444,-3811,0,0
-688,539,-380,504,-2193,-3867,0,0
-677,359,-417,742,-2060,-3906,0,0
-687,579,-490,852,-2380,-4133,0,0
-716,553,-513,1076,-2407,-4767,0,0
-687,549,-478,673,-2259,-5541,0,0
-477,893,-423,302,-2315,-5428,0,0
-341,863,-448,491,-2486,-4925,0,0
-309,568,-366,802,-2373,-4906,0,0
-185,214,-160,1132,-2159,-4781,0,0
-62,-141,-9,1212,-1790,-4613,0,0
19,-235,-105,1158,-1671,-4512,0,0
164,64,-199,1208,-1852,-4277,0,0
187,69,-232,1154,-1864,-4145,0,0
147,-27,-116,984,-1873,-4235,0,0
150,-219,-41,943,-1988,-4197,0,0
174,-309,59,999,-1865,-4153,0,0
250,-337,151,767,-1701,-3685,0,0
301,-156,137,720,-1299,-3079,0,0
230,-122,84,632,-801,-2260,0,0
75,-165,30,841,-789,-1869,0,0
-41,-95,44,1010,-1026,-1933,0,0
-126,11,-45,932,-1281,-2457,0,0
-84,100,-206,896,-1513,-3197,0,0
-7,-62,-315,837,-1746,-3747,0,0
40,-73,-241,879,-2123,-4242,0,0
8,63,-181,891,-2554,-4974,0,0
-76,73,-88,727,-2659,-5694,0,0
-27,-34,95,329,-2766,-5820,0,0
79,-313,268,224,-2809,-5671,0,0
141,-674,433,342,-2931,-5288,0,0
304,-861,646,598,-2878,-5059,0,0
558,-906,761,718,-2757,-4885,0,0
774,-888,774,534,-2524,-4755,0,0
958,-890,731,180,-2500,-4629,0,0
1058,-865,693,-154,-2551,-4723,0,0
1120,-1190,712,-261,-2561,-4629,0,0
1152,-1552,830,-500,-2513,-4141,0,0
1107,-1367,944,-783,-2522,-3472,0,0
969,-1211,1035,-778,-2608,-3157,0,0
925,-1050,1109,-985,-2498,-2853,0,0
940,-1092,1087,-1041,-2304,-2609,0,0
957,-1202,1042,-1308,-2302,-2104,0,0
927,-1015,1033,-1469,-2154,-1795,0,0
885,-1136,972,-1592,-2125,-1659,0,0
815,-1265,959,-1786,-1884,-1407,0,0
679,-1170,891,-2059,-1832,-1092,0,0
568,-1105,847,-2103,-1831,-898,0,0
473,-1026,808,-2449,-1812,-346,0,0
359,-819,666,-2638,-1719,-192,0,0
334,-710,462,-2687,-1792,-114,0,0
344,-468,333,-3000,-1859,-261,0,0
339,-164,277,-3251,-1931,-231,0,0
328,-223,227,-3433,-2038,-334,0,0
273,-448,142,-3786,-2170,-97,0,0
225,-191,86,-3981,-2201,-6,0,0
203,-141,136,-3833,-2181,196,0,0
149,-339,159,-3969,-2124,605,0,0
42,-80,120,-3983,-2067,765,0,0
-86,284,-82,-3865,-2059,603,0,0
-244,430,-305,-3743,-1929,346,0,0
-373,756,-489,-3588,-1910,75,0,0
-469,970,-653,-3370,-1881,-22,0,0
-595,1011,-800,-3119,-1853,-113,0,0
-723,1130,-942,-2809,-1764,-307,0,0
-807,1393,-1041,-2240,-1629,-559,0,0
-890,1493,-1087,-1440,-1524,-748,0,0
-984,1468,-1107,-894,-1662,-950,0,0
-1004,1624,-1056,-126,-1963,-1488,0,0
-928,1620,-1134,-402,-2113,-2163,0,0
-809,2131,-1192,-408,-2333,-2802,0,0
-636,1931,-1300,-445,-2399,-3361,0,0
-625,1226,-1234,-184,-2546,-3335,0,0
-771,708,-1124,-256,-2544,-3626,0,0
-906,796,-962,-48,-2589,-3592,0,0
-975,725,-854,383,-2809,-3833,0,0
-983,728,-741,468,-2796,-4144,0,0
-834,1217,-599,665,-2776,-4347,0,0
-714,1019,-439,473,-2449,-4159,0,0
-750,710,-317,838,-1999,-4162,0,0
-777,134,-388,958,-2229,-4622,0,0
-633,422,-434,1144,-2407,-4907,0,0
-361,985,-282,1135,-2482,-4699,0,0
-145,704,-116,932,-2746,-4801,0,0
-62,564,-175,934,-2602,-5308,0,0
38,692,-215,1070,-2524,-5488,0,0
44,210,-212,894,-2518,-5401,0,0
31,-170,-104,1077,-2368,-4948,0,0
59,-471,79,1337,-2137,-4424,0,0
83,-570,193,1157,-2163,-4118,0,0
166,-297,213,935,-2046,-3922,0,0
321,-214,220,863,-1906,-3503,0,0
382,-447,253,867,-1578,-3127,0,0
346,-515,227,877,-1288,-2795,0,0
285,-315,194,938,-1244,-2579,0,0
185,-261,132,829,-1322,-2578,0,0
97,-197,42,782,-1402,-2740,0,0
60,-154,-50,790,-1573,-3010,0,0
38,-122,-85,816,-1997,-3389,0,0
10,-117,-145,717,-2521,-3892,0,0
26,148,-148,785,-2887,-4725,0,0
121,224,-52,803,-3007,-4966,0,0
237,20,96,668,-2992,-4896,0,0
303,-197,156,598,-2942,-4909,0,0
358,-627,133,504,-3066,-4945,0,0
497,-736,239,423,-3214,-4771,0,0
702,-817,429,393,-3355,-4486,0,0
796,-955,616,160,-3301,-4276,0,0
867,-1113,746,58,-3218,-4390,0,0
985,-1238,834,-89,-3250,-4239,0,0
1012,-1317,921,-363,-3196,-4122,0,0
1023,-1247,1074,-679,-3098,-3757,0,0
994,-1209,1218,-798,-2925,-3291,0,0
943,-1406,1310,-828,-2759,-2814,0,0
974,-1673,1345,-919,-2556,-2603,0,0
1027,-1632,1337,-1328,-2319,-1901,0,0
975,-1329,1282,-1439,-2178,-1594,0,0
915,-1543,1178,-1645,-1959,-1324,0,0
846,-1421,1034,-1964,-1674,-890,0,0
706,-1042,869,-1953,-1675,-626,0,0
562,-931,819,-2089,-1664,-413,0,0
424,-623,790,-2568,-1642,71,0,0
330,-258,703,-2719,-1738,103,0,0
310,-401,699,-2982,-1826,152,0,0
331,-490,666,-3457,-1881,303,0,0
363,-555,558,-3556,-1990,271,0,0
359,-799,490,-3823,-1842,356,0,0
271,-694,452,-3937,-1784,496,0,0
159,-506,347,-3899,-1696,535,0,0
51,-426,201,-3888,-1740,742,0,0
-89,-193,77,-3907,-1886,904,0,0
-218,18,-25,-3931,-1972,647,0,0
-267,-60,-122,-3969,-1992,364,0,0
-285,-68,-228,-3924,-1975,322,0,0
-342,161,-279,-3643,-1914,418,0,0
-461,366,-270,-3517,-1939,563,0,0
-607,466,-295,-3369,-1862,549,0,0
-746,634,-398,-3213,-1796,422,0,0
-845,806,-501,-3139,-1722,83,0,0
-866,997,-573,-2968,-1933,-223,0,0
-804,1219,-666,-2965,-1951,-435,0,0
-806,1664,-729,-2738,-2057,-315,0,0
-849,1563,-789,-2252,-1929,-782,0,0
-915,1262,-782,-2177,-1884,-774,0,0
-998,1588,-855,-1483,-1793,-1562,0,0
-1025,1364,-927,-1245,-1820,-2222,0,0
-1046,1767,-886,-1062,-1920,-2874,0,0
-872,2003,-799,-875,-2104,-3283,0,0
-734,1463,-747,-1066,-2301,-3421,0,0
-707,1333,-748,-1191,-2080,-3265,0,0
-668,1287,-690,-808,-2264,-3322,0,0
-711,837,-618,-553,-2223,-3080,0,0
-695,495,-627,-193,-2251,-3647,0,0
-624,204,-624,-396,-2022,-3753,0,0
-622,872,-516,370,-2233,-4065,0,0
-741,746,-396,489,-2053,-4180,0,0
-798,881,-291,308,-1877,-4499,0,0
-785,1440,-354,446,-2041,-4944,0,0
-809,1114,-471,834,-2222,-5401,0,0
-841,667,-429,487,-1860,-6345,0,0
-695,1311,-419,111,-1764,-6548,0,0
-474,1111,-424,445,-2209,-5852,0,0
-348,487,-298,670,-2369,-5522,0,0
-140,174,-60,734,-2059,-5312,0,0
117,-71,68,874,-1695,-4803,0,0
278,-326,117,962,-1481,-4504,0,0
367,-298,175,907,-1342,-4200,0,0
402,-439,197,854,-1278,-3794,0,0
388,-602,170,776,-1227,-3484,0,0
353,-530,113,720,-1219,-3283,0,0
301,-243,97,599,-1112,-3029,0,0
205,-46,67,532,-1101,-2736,0,0
67,16,46,638,-1130,-2595,0,0
-54,21,27,593,-1208,-2580,0,0
-148,60,-10,516,-1228,-2667,0,0
-200,119,-99,644,-1334,-3044,0,0
-189,61,-158,701,-1487,-3442,0,0
-136,130,-191,629,-1666,-3907,0,0
-73,281,-203,714,-1854,-4386,0,0
-14,240,-157,756,-2041,-4795,0,0
53,115,-61,777,-2254,-5097,0,0
113,1,47,725,-2253,-5374,0,0
186,-148,131,774,-2253,-5546,0,0
324,-336,224,626,-2286,-5524,0,0
440,-430,302,558,-2343,-5349,0,0
584,-587,374,556,-2502,-5176,0,0
754,-675,501,498,-2515,-4827,0,0
844,-724,691,386,-2603,-4637,0,0
903,-943,797,162,-2530,-4638,0,0
979,-1132,815,265,-2363,-4554,0,0
1019,-1678,884,-14,-2434,-4181,0,0
1081,-1738,974,-572,-2602,-3963,0,0
1160,-1858,1033,-848,-2517,-3573,0,0
1254,-2077,1075,-961,-2506,-3339,0,0
1285,-2214,1109,-1347,-2511,-2630,0,0
1186,-1957,1163,-1405,-2243,-2390,0,0
1118,-2003,1126,-1604,-1878,-1878,0,0
1039,-1827,1040,-1498,-1655,-1211,0,0
951,-1733,946,-1649,-1509,-625,0,0
938,-1444,874,-2063,-1680,-404,0,0
967,-1114,934,-2410,-1677,-252,0,0
921,-970,888,-2892,-1538,31,0,0
797,-961,742,-3084,-1421,325,0,0
622,-690,603,-3213,-1489,682,0,0
421,-373,484,-3337,-1617,793,0,0
302,-303,315,-3413,-1901,620,0,0
279,-516,155,-3536,-1976,470,0,0
280,-530,101,-3727,-1873,396,0,0
232,-421,86,-3784,-1861,520,0,0
143,-325,52,-3723,-1918,722,0,0
2,-226,8,-3627,-1916,881,0,0
-129,-124,-17,-3593,-1940,851,0,0
-200,-93,-24,-3769,-1954,812,0,0
-237,119,-70,-3878,-1962,880,0,0
-285,292,-111,-3857,-1937,940,0,0
-353,305,-138,-3879,-1909,949,0,0
-420,406,-205,-3841,-1928,959,0,0
-472,557,-293,-3642,-1874,889,0,0
-521,674,-381,-3483,-1819,796,0,0
-576,857,-472,-3232,-1756,536,0,0
-646,959,-559,-3124,-1712,300,0,0
-730,1070,-622,-2845,-1524,152,0,0
-825,1106,-733,-2262,-1446,-33,0,0
-925,1129,-812,-1800,-1544,-335,0,0
-1029,1454,-819,-1524,-1490,-647,0,0
-1132,1772,-960,-1537,-1892,-1296,0,0
-1205,2082,-1114,-1596,-2052,-2111,0,0
-1118,2390,-1106,-1257,-2431,-2768,0,0
-907,2106,-978,-1265,-2605,-3117,0,0
-772,1638,-811,-988,-2694,-2932,0,0
-764,1180,-768,-656,-2311,-3010,0,0
-781,959,-753,-448,-2302,-2899,0,0
-845,904,-800,185,-2407,-3778,0,0
-883,516,-806,-386,-2253,-4111,0,0
-909,1232,-683,-123,-2337,-4469,0,0
-980,936,-587,-160,-2336,-4759,0,0
-991,606,-519,-151,-2578,-4978,0,0
-906,823,-465,255,-2799,-5450,0,0
-852,822,-327,255,-2784,-5503,0,0
-864,1050,-117,378,-2644,-5835,0,0
-711,1008,21,108,-2474,-6158,0,0
-396,881,-23,170,-2417,-6340,0,0
-65,137,-125,233,-2222,-5891,0,0
182,-431,-78,345,-2082,-5244,0,0
261,-569,87,455,-2044,-4585,0,0
268,-534,294,426,-1803,-4179,0,0
327,-516,378,377,-1609,-3626,0,0
340,-512,316,391,-1363,-3207,0,0
306,-351,230,425,-1254,-3010,0,0
254,-27,222,294,-1139,-2783,0,0
204,251,180,191,-1219,-2570,0,0
146,238,98,169,-1276,-2410,0,0
51,87,26,196,-1209,-2278,0,0
-63,139,-50,288,-1144,-2536,0,0
-185,302,-87,384,-1184,-2662,0,0
-308,407,-107,564,-1167,-2981,0,0
-364,483,-269,645,-1156,-3373,0,0
-384,603,-443,798,-1402,-3824,0,0
-377,298,-497,795,-1813,-4141,0,0
-342,175,-437,708,-1895,-4353,0,0
-334,390,-333,742,-1924,-4774,0,0
-277,283,-178,627,-2212,-5233,0,0
-150,251,-15,531,-2294,-5601,0,0
58,-81,96,746,-2249,-5837,0,0
231,-529,174,795,-2141,-5676,0,0
344,-550,265,804,-2034,-5520,0,0
467,-629,380,585,-2065,-5372,0,0
630,-796,429,441,-2235,-5205,0,0
818,-845,466,386,-2293,-5134,0,0
1015,-1261,545,80,-2472,-4932,0,0
1175,-1344,672,-58,-2811,-4789,0,0
1264,-1446,809,-160,-2564,-4761,0,0
1387,-1630,887,-319,-2242,-4647,0,0
1444,-1705,904,-551,-2203,-4075,0,0
1436,-1643,946,-602,-2195,-3563,0,0
1385,-1954,961,-910,-2224,-2781,0,0
1290,-1830,969,-1283,-2201,-2121,0,0
1153,-1555,930,-1262,-2134,-1867,0,0
1124,-1646,950,-1451,-2061,-1711,0,0
1183,-1414,972,-1770,-2077,-1218,0,0
1120,-1414,877,-2014,-2004,-940,0,0
1010,-1604,841,-2153,-1845,-661,0,0
920,-1354,827,-2284,-1918,-262,0,0
841,-1292,723,-2506,-1895,171,0,0
698,-945,672,-2800,-1838,482,0,0
544,-482,742,-2981,-1804,315,0,0
458,-868,796,-3220,-1846,603,0,0
369,-1136,729,-3553,-1815,865,0,0
332,-788,624,-3557,-1799,988,0,0
330,-641,580,-3448,-1730,1201,0,0
272,-753,530,-3550,-1586,1409,0,0
197,-693,416,-3617,-1522,1591,0,0
83,-618,270,-3683,-1437,1712,0,0
-28,-227,123,-3709,-1506,1682,0,0
-95,-42,28,-3701,-1556,1681,0,0
-156,-53,-15,-3833,-1535,1552,0,0
-199,48,-83,-3825,-1562,1376,0,0
-226,67,-173,-3725,-1634,1310,0,0
-254,217,-222,-3619,-1619,1261,0,0
-267,419,-220,-3520,-1696,1277,0,0
-293,423,-220,-3591,-1650,1338,0,0
-338,582,-296,-3626,-1619,1364,0,0
-393,828,-418,-3459,-1607,1295,0,0
-469,920,-537,-3270,-1607,1129,0,0
-565,1089,-651,-3070,-1658,875,0,0
-703,1408,-694,-2908,-1740,632,0,0
-895,1713,-768,-2674,-1741,270,0,0
-1062,2157,-894,-2338,-1805,-349,0,0
-1082,2570,-957,-1716,-1855,-1004,0,0
-919,2127,-924,-1358,-1868,-1663,0,0
-756,1620,-903,-1539,-2010,-1853,0,0
-674,1520,-897,-1639,-2358,-1861,0,0
-649,1489,-931,-1560,-2380,-2336,0,0
-657,1322,-1025,-1187,-2336,-2545,0,0
-733,967,-1002,-763,-2273,-2554,0,0
-949,955,-941,-616,-2224,-2621,0,0
-1111,992,-989,-563,-2451,-3423,0,0
-1126,1182,-1030,-272,-2718,-4098,0,0
-971,1161,-928,-217,-2845,-4533,0,0
-871,1091,-774,-205,-2731,-4503,0,0
-946,1025,-619,-15,-2563,-4691,0,0
-1002,942,-484,-80,-2499,-4860,0,0
-913,894,-465,251,-2730,-4950,0,0
-810,783,-383,441,-2695,-5141,0,0
-701,892,-270,503,-2765,-5595,0,0
-594,948,-207,378,-2581,-6227,0,0
-411,575,-130,11,-2718,-6274,0,0
-155,396,-10,62,-2813,-5963,0,0
96,-179,108,495,-2597,-5401,0,0
282,-701,299,756,-2188,-4769,0,0
430,-781,388,607,-1920,-4093,0,0
493,-560,374,439,-1679,-3678,0,0
451,-541,327,332,-1409,-3287,0,0
390,-429,283,292,-1345,-2831,0,0
285,-160,232,259,-1259,-2365,0,0
118,-92,173,286,-1052,-2149,0,0
-48,-169,97,223,-992,-2176,0,0
-161,-38,-47,102,-1125,-2417,0,0
-236,134,-175,165,-1267,-2581,0,0
-275,195,-197,272,-1454,-2775,0,0
-272,267,-245,207,-1634,-2934,0,0
-254,515,-308,334,-1840,-3392,0,0
-167,536,-243,578,-2041,-3995,0,0
-80,325,-200,596,-2146,-4461,0,0
-90,335,-235,425,-2082,-4778,0,0
-95,392,-230,282,-2191,-5225,0,0
-100,-15,-203,256,-2540,-5492,0,0
-56,-167,-63,300,-2732,-5577,0,0
135,-348,137,262,-2827,-5494,0,0
409,-620,278,287,-2821,-5073,0,0
600,-818,323,531,-2713,-5101,0,0
739,-934,378,408,-2592,-5139,0,0
828,-896,417,-3,-2668,-5283,0,0
898,-1065,440,-383,-2808,-5408,0,0
955,-1287,532,-670,-2863,-4811,0,0
1000,-1350,704,-531,-2918,-4254,0,0
1039,-1692,934,-700,-2821,-3701,0,0
1122,-1777,1107,-865,-2527,-3317,0,0
1225,-1979,1099,-978,-2384,-3068,0,0
1313,-1960,1005,-1222,-2273,-2583,0,0
1322,-1573,930,-1499,-2123,-2180,0,0
1248,-1196,883,-1763,-2047,-1821,0,0
1132,-1331,846,-1716,-2071,-1627,0,0
1019,-1664,864,-1809,-1995,-1175,0,0
860,-1540,830,-1945,-1864,-691,0,0
710,-1226,748,-2264,-1888,-343,0,0
623,-704,684,-2506,-1881,-61,0,0
597,-584,599,-2549,-2050,-5,0,0
624,-881,562,-2879,-1953,43,0,0
654,-883,495,-3038,-1899,274,0,0
638,-830,438,-3139,-1854,374,0,0
557,-801,480,-3225,-1824,611,0,0
445,-677,469,-3505,-1885,864,0,0
326,-686,409,-3528,-1943,961,0,0
206,-653,334,-3631,-1903,1078,0,0
131,-542,351,-3704,-1678,1120,0,0
26,-667,295,-3855,-1603,1399,0,0
-59,-451,193,-3793,-1712,1565,0,0
-131,-292,105,-3736,-1808,1720,0,0
-189,-105,31,-3713,-1812,1640,0,0
-189,97,-38,-3648,-1674,1547,0,0
-188,172,-117,-3649,-1616,1544,0,0
-233,381,-212,-3633,-1644,1497,0,0
-322,634,-298,-3621,-1662,1356,0,0
-416,714,-367,-3584,-1667,1236,0,0
-487,904,-447,-3458,-1709,1107,0,0
-559,1108,-537,-3237,-1641,989,0,0
-663,1209,-631,-2994,-1465,916,0,0
-819,1448,-764,-2729,-1664,776,0,0
-994,1600,-901,-2191,-1497,266,0,0
-1115,1618,-958,-1531,-1414,-301,0,0
-1116,1538,-962,-1064,-1717,-1016,0,0
-1021,1892,-925,-1262,-1781,-1516,0,0
-858,2642,-971,-1058,-2237,-1960,0,0
-772,1945,-1043,-1247,-2321,-2619,0,0
-836,1584,-1057,-1320,-2373,-2800,0,0
-941,1478,-1085,-711,-2257,-3303,0,0
-1061,1024,-988,-691,-2222,-3135,0,0
-1277,1319,-948,-452,-2486,-3494,0,0
-1400,1300,-921,-291,-2435,-3793,0,0
-1353,1572,-830,186,-2542,-4182,0,0
-1335,1708,-781,702,-2772,-4695,0,0
-1229,1416,-747,452,-2873,-5635,0,0
-1035,1347,-684,223,-2891,-6167,0,0
-792,1243,-557,336,-2997,-6536,0,0
-563,609,-428,368,-3264,-6575,0,0
-430,446,-180,514,-3145,-6536,0,0
-136,317,215,605,-2833,-6162,0,0
131,-183,426,389,-2487,-5552,0,0
307,-574,412,486,-2156,-4968,0,0
428,-795,395,787,-1834,-4074,0,0
450,-800,538,835,-1608,-3485,0,0
403,-722,558,485,-1341,-2888,0,0
308,-380,412,219,-1167,-2690,0,0
215,-222,235,304,-1117,-2525,0,0
150,-295,112,316,-997,-2323,0,0
79,-289,-21,296,-969,-2236,0,0
-29,-77,-88,226,-1112,-2142,0,0
-144,191,-125,160,-1230,-2268,0,0
-257,306,-179,144,-1394,-2602,0,0
-313,290,-288,212,-1502,-3057,0,0
-294,234,-399,249,-1549,-3416,0,0
-249,411,-446,323,-1556,-3675,0,0
-181,456,-504,480,-1982,-3669,0,0
-133,337,-507,714,-2152,-3954,0,0
-145,312,-436,827,-2012,-6600,0,0
-169,348,-358,700,-2014,-5079,0,0
-136,427,-302,454,-2330,-5545,0,0
-74,115,-235,190,-2909,-5768,0,0
85,-283,-32,151,-3181,-6052,0,0
338,-710,190,291,-3001,-5831,0,0
504,-1013,394,406,-2741,-5487,0,0
630,-1109,571,420,-2594,-5355,0,0
783,-1045,619,253,-2558,-5211,0,0
901,-1126,570,36,-2635,-5315,0,0
1041,-1194,550,-537,-2815,-5109,0,0
1221,-1372,619,-618,-2792,-4940,0,0
1395,-2042,821,-720,-2495,-4118,0,0
1513,-2303,1023,-714,-2335,-3188,0,0
1463,-2288,1085,-785,-2193,-2642,0,0
1285,-1959,965,-1120,-2106,-2372,0,0
1144,-1359,793,-1298,-2062,-2328,0,0
1121,-1020,674,-1662,-2131,-2251,0,0
1167,-1171,636,-2048,-2165,-1857,0,0
1232,-1216,607,-2337,-2372,-1125,0,0
1212,-996,645,-2263,-2407,-792,0,0
1139,-1116,678,-2140,-2175,-553,0,0
1078,-1238,703,-2276,-2053,-252,0,0
983,-1227,672,-2504,-1960,-9,0,0
875,-1026,705,-2577,-1694,273,0,0
763,-825,701,-2642,-1682,468,0,0
631,-939,583,-2796,-1729,785,0,0
539,-852,495,-2748,-1726,997,0,0
508,-763,426,-3000,-1745,1219,0,0
489,-463,363,-3141,-1884,1462,0,0
501,-26,254,-3352,-1951,1643,0,0
442,-16,221,-3783,-1901,1616,0,0
275,-287,173,-4216,-1817,1456,0,0
73,-237,-3,-4050,-1885,1453,0,0
-117,-67,-88,-3646,-1992,1408,0,0
-211,40,-33,-3537,-2118,1376,0,0
-226,99,-45,-3461,-2051,1346,0,0
-245,67,-91,-3542,-1968,1275,0,0
-251,185,-150,-3579,-1962,1278,0,0
-266,253,-210,-3580,-2052,1304,0,0
-320,400,-260,-3564,-2107,1355,0,0
-384,580,-286,-3467,-2104,1227,0,0
-469,576,-302,-3445,-2071,1091,0,0
-565,814,-334,-3362,-1975,1003,0,0
-681,1083,-416,-3150,-1844,855,0,0
-829,1001,-546,-2920,-1723,663,0,0
-1008,891,-671,-2522,-1623,397,0,0
-1112,821,-731,-1861,-1717,-187,0,0
-1139,921,-702,-1829,-1698,-308,0,0
-1237,1787,-749,-1800,-1690,-625,0,0
-1326,1995,-851,-1774,-1929,-1191,0,0
-1373,1964,-909,-1580,-2286,-1624,0,0
-1363,2105,-912,-1194,-2264,-2347,0,0
-1215,1973,-811,-845,-2500,-2950,0,0
-1136,1690,-771,-828,-2124,-3196,0,0
-1058,1740,-757,-707,-2391,-3582,0,0
-1119,1413,-907,-683,-2435,-3876,0,0
-1136,1229,-912,-224,-2557,-4312,0,0
-1109,959,-857,-268,-2906,-4747,0,0
-1108,1088,-802,-277,-2642,-4947,0,0
-1092,1441,-597,-99,-2620,-5107,0,0
-962,1170,-471,-122,-2956,-5469,0,0
-801,756,-432,-21,-2828,-5941,0,0
-534,609,-290,210,-2907,-6182,0,0
-263,331,-120,167,-2906,-6151,0,0
-56,18,-24,-52,-2593,-5985,0,0
117,-124,55,-18,-2368,-5320,0,0
168,-170,209,235,-1987,-4636,0,0
176,-255,362,504,-1641,-3826,0,0
145,-296,392,553,-1428,-3084,0,0
54,-216,336,461,-1152,-2610,0,0
1,-247,242,322,-1026,-2529,0,0
2,-124,94,189,-1026,-2420,0,0
-39,86,7,363,-998,-2359,0,0
-132,73,18,308,-1063,-2279,0,0
-240,241,13,352,-1144,-2422,0,0
-341,390,-113,431,-1136,-2771,0,0
-385,377,-264,544,-1202,-3247,0,0
-364,475,-356,580,-1260,-3588,0,0
-332,602,-380,628,-1307,-3901,0,0
-356,569,-389,635,-1434,-4121,0,0
-432,641,-295,734,-1489,-4526,0,0
-460,476,-171,871,-1535,-4853,0,0
-439,299,-109,997,-1557,-4923,0,0
-417,345,-57,1197,-1476,-5032,0,0
-343,191,6,1160,-1517,-5206,0,0
-216,104,25,1048,-1640,-5401,0,0
-24,-14,78,938,-1674,-5511,0,0
213,-377,160,824,-1635,-5478,0,0
468,-720,251,911,-1724,-5308,0,0
692,-1050,301,925,-1755,-5251,0,0
843,-1102,383,703,-1710,-5381,0,0
984,-1033,487,412,-1879,-5466,0,0
1120,-1275,577,148,-2097,-5467,0,0
1240,-1546,580,6,-2273,-5192,0,0
1365,-1802,659,-64,-2234,-4926,0,0
1520,-1968,854,-353,-2090,-4355,0,0
1580,-1955,939,-664,-1962,-3635,0,0
1507,-1889,929,-655,-2146,-3235,0,0
1505,-1995,923,-884,-2148,-2969,0,0
1585,-1927,918,-1264,-2115,-2502,0,0
1583,-1736,946,-1696,-2064,-1922,0,0
1427,-1774,960,-1850,-1940,-1537,0,0
1219,-2155,961,-1833,-1840,-996,0,0
985,-2163,986,-1942,-1857,-582,0,0
785,-1846,899,-2182,-1707,-82,0,0
649,-1295,808,-2240,-1558,198,0,0
566,-1050,732,-2362,-1538,373,0,0
534,-1044,588,-2698,-1510,682,0,0
541,-750,455,-2915,-1535,817,0,0
529,-543,371,-3047,-1634,1080,0,0
503,-701,337,-3378,-1851,1283,0,0
446,-576,289,-3805,-1990,1415,0,0
436,-274,258,-3828,-1955,1349,0,0
401,-571,235,-3795,-1748,1417,0,0
353,-560,175,-3687,-1727,1674,0,0
249,-426,130,-3642,-1712,1921,0,0
88,-128,75,-3762,-1866,1850,0,0
-9,269,-36,-3693,-1857,1519,0,0
-69,292,-112,-3608,-1718,1339,0,0
-103,291,-167,-3564,-1718,1262,0,0
-130,324,-189,-3568,-1724,1328,0,0
-214,529,-234,-3687,-1758,1407,0,0
-306,708,-310,-3575,-1804,1330,0,0
-397,628,-364,-3549,-1813,1194,0,0
-491,773,-428,-3419,-1817,1041,0,0
-594,889,-502,-3151,-1790,837,0,0
-721,853,-505,-2956,-1735,569,0,0
-833,1068,-524,-2641,-1510,186,0,0
-888,1371,-591,-2351,-1399,86,0,0
-988,1979,-683,-2032,-1595,102,0,0
-1092,2318,-825,-1753,-1621,-449,0,0
-1086,2056,-934,-1484,-1758,-1023,0,0
-1048,1974,-1008,-1263,-1782,-1591,0,0
-973,2083,-1059,-998,-1888,-2413,0,0
-930,1922,-1102,-1197,-1844,-2563,0,0
-898,1959,-1126,-396,-2050,-3022,0,0
-867,1203,-1288,-677,-2099,-3545,0,0
-868,1609,-1514,-135,-2445,-3936,0,0
-1033,1543,-1547,557,-2960,-4104,0,0
-1253,1517,-1277,145,-3269,-4780,0,0
-1261,1688,-981,580,-3455,-5557,0,0
-1237,696,-834,145,-3256,-6253,0,0
-1001,647,-694,-45,-3264,-6813,0,0
-666,951,-533,248,-3500,-6527,0,0
-486,417,-293,253,-3539,-6159,0,0
-279,192,6,290,-3389,-5747,0,0
8,33,333,355,-3078,-5379,0,0
300,-379,542,404,-2551,-4601,0,0
482,-552,616,605,-1978,-3805,0,0
490,-685,591,582,-1609,-3298,0,0
418,-671,506,529,-1459,-2973,0,0
307,-441,426,445,-1349,-2700,0,0
174,-303,326,266,-1207,-2592,0,0
2,-287,162,107,-1228,-2262,0,0
-159,-89,55,175,-1321,-2338,0,0
-303,177,39,16,-1343,-2174,0,0
-426,479,12,145,-1392,-2385,0,0
-535,409,-85,161,-1364,-2742,0,0
-583,442,-190,210,-1352,-3087,0,0
-544,380,-279,231,-1430,-3468,0,0
-439,374,-310,256,-1757,-3484,0,0
-407,483,-320,566,-1769,-3995,0,0
-424,311,-268,453,-1356,-4174,0,0
-403,471,-193,367,-1394,-4334,0,0
-399,231,-155,536,-1533,-4615,0,0
-344,-73,-89,646,-1787,-4648,0,0
-247,-4,62,630,-2139,-4942,0,0
-105,154,164,518,-2082,-5497,0,0
94,359,100,511,-1797,-6056,0,0
296,-45,19,437,-1833,-6007,0,0
453,-579,25,419,-2028,-5619,0,0
559,-839,91,491,-2113,-5355,0,0
682,-864,256,490,-2182,-5207,0,0
786,-1032,379,192,-2263,-4992,0,0
889,-1157,414,33,-2415,-5114,0,0
1041,-1316,401,-142,-2582,-5195,0,0
1213,-1532,471,-453,-2402,-5238,0,0
1534,-1865,433,-700,-2501,-4662,0,0
1818,-2121,340,-616,-2694,-3811,0,0
1875,-1895,639,-587,-2461,-3414,0,0
1808,-2187,905,-1187,-2447,-2829,0,0
1723,-1889,1083,-1337,-2375,-2416,0,0
1558,-1899,1153,-1617,-2042,-2038,0,0
1494,-2064,1057,-1541,-2116,-1514,0,0
1436,-1968,938,-1556,-2002,-1023,0,0
1341,-1629,868,-1806,-1801,-495,0,0
1178,-1392,778,-2037,-1705,15,0,0
965,-1314,742,-2267,-1667,391,0,0
733,-1217,652,-2383,-1741,535,0,0
568,-870,520,-2495,-1598,612,0,0
567,-473,485,-2517,-1656,942,0,0
508,-615,506,-2870,-1803,1290,0,0
464,-563,468,-3326,-1877,1537,0,0
449,-599,320,-3433,-2064,1806,0,0
346,-599,170,-3601,-2138,1769,0,0
294,-169,98,-3586,-2155,1560,0,0
238,41,138,-3533,-2040,1509,0,0
128,172,148,-3545,-2064,1401,0,0
49,6,137,-3437,-2082,1407,0,0
-63,-170,163,-3613,-1987,1545,0,0
-161,98,163,-3581,-1917,1380,0,0
-215,-10,151,-3621,-1914,1463,0,0
-250,107,135,-3731,-1958,1476,0,0
-218,342,75,-3687,-1910,1377,0,0
-198,253,36,-3701,-1920,1471,0,0
-208,424,-21,-3649,-1911,1444,0,0
-231,530,-77,-3541,-1809,1263,0,0
-293,491,-142,-3593,-1780,1146,0,0
-346,759,-221,-3511,-1849,939,0,0
-394,740,-282,-3428,-1846,789,0,0
-462,742,-342,-3392,-1745,778,0,0
-528,977,-387,-3183,-1668,744,0,0
-633,924,-492,-3005,-1536,755,0,0
-771,1062,-672,-2626,-1453,699,0,0
-944,1308,-777,-2121,-1446,335,0,0
-1097,1369,-814,-1505,-1259,-212,0,0
-1143,1275,-905,-1427,-1353,-916,0,0
-1104,1845,-939,-1542,-1920,-1415,0,0
-1093,2520,-1054,-1438,-2064,-2219,0,0
-971,2286,-1112,-924,-2782,-3054,0,0
-849,1460,-1169,-1282,-2214,-3258,0,0
-830,1774,-1157,-395,-1931,-2744,0,0
-1120,1417,-1158,39,-1832,-2543,0,0
-1617,1284,-1170,131,-2002,-3533,0,0
-1765,1774,-1210,295,-2295,-4709,0,0
-1511,1939,-1148,252,-2678,-4975,0,0
-1347,1433,-1091,300,-2995,-5363,0,0
-1298,1013,-964,340,-3174,-6021,0,0
-1049,1199,-732,504,-3317,-6962,0,0
-701,1001,-450,149,-3172,-7246,0,0
-341,432,-285,248,-3169,-6966,0,0
-99,-150,-139,349,-3041,-6325,0,0
106,-308,128,514,-2763,-5760,0,0
370,-550,393,541,-2449,-5010,0,0
577,-634,513,562,-1849,-4185,0,0
608,-508,535,635,-1317,-3301,0,0
493,-338,535,602,-1106,-2942,0,0
352,-289,463,405,-929,-2450,0,0
235,-216,374,410,-983,-2275,0,0
130,-399,211,238,-1092,-2165,0,0
20,-49,89,48,-1168,-2115,0,0
-81,323,-31,185,-1199,-2290,0,0
-211,195,-89,255,-1261,-2465,0,0
-364,146,-160,292,-1265,-2851,0,0
-427,175,-257,377,-1410,-3428,0,0
-458,172,-304,273,-1474,-3792,0,0
-389,207,-333,390,-1809,-4058,0,0
-348,198,-323,427,-2026,-4075,0,0
-370,284,-221,670,-1974,-4492,0,0
-363,410,-101,613,-1863,-4802,0,0
-276,634,-13,540,-1935,-5052,0,0
-203,349,-24,458,-1884,-4965,0,0
-167,31,-13,743,-1866,-4940,0,0
-94,-209,108,762,-2022,-5069,0,0
8,-140,204,519,-2088,-5203,0,0
155,-203,231,582,-2167,-5355,0,0
394,-495,323,400,-2241,-5232,0,0
583,-615,402,286,-2216,-5182,0,0
742,-885,468,267,-2340,-5208,0,0
904,-1126,542,46,-2486,-5261,0,0
1072,-1273,570,-64,-2430,-5172,0,0
1203,-1399,624,-238,-2423,-4810,0,0
1300,-1429,742,-506,-2331,-4316,0,0
1368,-1476,817,-909,-2406,-3801,0,0
1388,-1611,877,-1015,-2445,-3453,0,0
1435,-1996,934,-1308,-2503,-3347,0,0
1591,-2021,946,-1519,-2511,-2810,0,0
1670,-2048,934,-1510,-2324,-2613,0,0
1654,-2356,917,-1676,-2073,-2196,0,0
1591,-2248,913,-1683,-1835,-1681,0,0
1467,-2179,876,-1663,-1710,-1024,0,0
1332,-1909,871,-1819,-1521,-254,0,0
1135,-1280,899,-1910,-1520,299,0,0
901,-1093,861,-2123,-1449,574,0,0
742,-1369,772,-2499,-1393,911,0,0
631,-972,583,-2758,-1602,1082,0,0
596,-739,500,-2845,-1894,1250,0,0
473,-929,494,-3400,-2012,1316,0,0
397,-607,492,-3744,-1932,1311,0,0
321,-968,459,-3504,-1726,1542,0,0
162,-1355,434,-3290,-1491,1822,0,0
41,-1158,438,-2996,-1418,2148,0,0
-84,-911,318,-3193,-1438,2354,0,0
-140,-302,148,-3401,-1748,2503,0,0
-175,-306,34,-3332,-1989,2507,0,0
-251,-716,-53,-3386,-1977,2293,0,0
-250,-533,-58,-3109,-1754,2019,0,0
-345,1273,-245,-3134,-1823,1693,0,0
-524,1314,-268,-3098,-1675,1570,0,0
-717,1594,-320,-2837,-1494,1427,0,0
-932,1656,-432,-2607,-1495,1209,0,0
-1148,1908,-561,-2382,-1607,775,0,0
-1297,2253,-694,-1854,-1677,-106,0,0
-1301,2521,-724,-1624,-1537,-754,0,0
-1260,2672,-726,-1430,-1780,-1502,0,0
-1236,2226,-780,-1748,-1799,-1920,0,0
-1204,2201,-814,-1622,-1981,-2442,0,0
-1166,1825,-923,-1341,-1834,-2662,0,0
-1151,1471,-930,-765,-1901,-2931,0,0
-1169,1389,-879,-589,-1877,-3288,0,0
-1235,1562,-833,-375,-1922,-3558,0,0
-1313,1499,-783,-498,-1921,-3915,0,0
-1288,1708,-827,-371,-2275,-4399,0,0
-1291,1546,-843,-15,-2229,-4854,0,0
-1219,1339,-795,54,-2404,-5712,0,0
-1090,1131,-713,-19,-2464,-6253,0,0
-871,1070,-598,-97,-2417,-6490,0,0
-638,1052,-479,36,-2488,-6639,0,0
-462,555,-301,-5,-2437,-6722,0,0
-231,198,-103,-50,-2368,-6398,0,0
43,6,109,97,-2195,-5866,0,0
248,-320,232,180,-1845,-5142,0,0
414,-400,272,287,-1631,-4357,0,0
500,-504,262,581,-1388,-3669,0,0
447,-643,310,535,-1165,-3043,0,0
305,-235,254,267,-986,-2724,0,0
206,118,101,345,-944,-2697,0,0
134,7,23,238,-1028,-2444,0,0
16,46,6,161,-1094,-2276,0,0
-109,154,-21,156,-1088,-2312,0,0
-229,297,-61,267,-1047,-2330,0,0
-368,328,-112,496,-1037,-2731,0,0
-465,300,-187,577,-1003,-3239,0,0
-472,517,-241,717,-1020,-3574,0,0
-448,736,-298,763,-1230,-3844,0,0
-455,641,-302,833,-1280,-4149,0,0
-442,571,-238,786,-1198,-4322,0,0
-420,593,-200,1027,-1228,-4828,0,0
-377,485,-158,1148,-1275,-5230,0,0
-267,438,-103,1177,-1391,-5506,0,0
-144,254,-65,1129,-1424,-5655,0,0
-6,-111,-49,1013,-1518,-5671,0,0
187,-392,12,1020,-1549,-5573,0,0
417,-579,132,956,-1481,-5286,0,0
599,-761,217,1064,-1444,-4865,0,0
674,-930,285,1032,-1509,-4604,0,0
719,-873,317,972,-1592,-4733,0,0
809,-874,317,656,-1662,-5060,0,0
973,-965,301,218,-1756,-5033,0,0
1107,-1234,296,101,-2040,-4587,0,0
1166,-1728,381,25,-2293,-4448,0,0
1298,-1983,518,-395,-2259,-4363,0,0
1441,-1766,572,-813,-2296,-3954,0,0
1538,-1786,714,-851,-2456,-3762,0,0
1672,-1952,878,-1240,-2515,-3115,0,0
1726,-1772,955,-1359,-2512,-2851,0,0
1706,-1796,977,-1383,-2372,-2802,0,0
1729,-1853,951,-1622,-2340,-2436,0,0
1761,-1837,932,-1818,-2232,-2044,0,0
1764,-1693,988,-1975,-2005,-1131,0,0
1600,-1435,1060,-1741,-1994,-460,0,0
1358,-1850,1044,-1869,-1679,4,0,0
1173,-1847,916,-2106,-1570,456,0,0
1028,-1772,753,-2287,-1533,654,0,0
884,-1868,580,-2650,-1541,1184,0,0
747,-1043,456,-2749,-1626,1353,0,0
654,-695,413,-2892,-1787,1505,0,0
552,-848,418,-3491,-2017,1772,0,0
510,-505,399,-3748,-1980,1834,0,0
464,-618,391,-3587,-1764,1990,0,0
337,-509,376,-3414,-1672,2116,0,0
291,-76,342,-3119,-1623,2093,0,0
218,-478,314,-3181,-1581,2253,0,0
104,-353,260,-3426,-1511,2251,0,0
46,-69,180,-3365,-1593,2214,0,0
-23,-176,146,-3436,-1630,2104,0,0
-42,-46,149,-3481,-1573,1959,0,0
-43,-94,136,-3409,-1505,2048,0,0
-96,-122,123,-3364,-1515,2215,0,0
-165,12,116,-3264,-1383,2178,0,0
-223,16,68,-3318,-1411,2200,0,0
-244,261,-13,-3350,-1554,2140,0,0
-220,352,-85,-3369,-1552,2064,0,0
-197,310,-150,-3432,-1565,2064,0,0
-192,439,-179,-3369,-1600,2079,0,0
-233,483,-177,-3408,-1644,1988,0,0
-272,552,-200,-3381,-1657,1886,0,0
-308,722,-219,-3365,-1627,1774,0,0
-352,854,-239,-3346,-1669,1668,0,0
-424,804,-277,-3257,-1675,1637,0,0
-538,894,-332,-3141,-1563,1488,0,0
-683,1171,-452,-2921,-1484,1325,0,0
-861,1403,-579,-2560,-1330,1198,0,0
-1071,1686,-706,-2322,-1357,969,0,0
-1288,2036,-796,-1907,-1310,433,0,0
-1472,2133,-898,-1547,-1349,-390,0,0
-1559,2408,-956,-1431,-1611,-1614,0,0
-1314,2624,-906,-1401,-1752,-2220,0,0
-1099,2426,-892,-1665,-2142,-2755,0,0
-1001,2168,-986,-1705,-2355,-2768,0,0
-1035,1948,-1038,-1220,-2585,-2991,0,0
-1142,1501,-907,-1141,-2492,-3504,0,0
-1141,1412,-764,-708,-2807,-4443,0,0
-1080,1069,-656,-1174,-2423,-4936,0,0
-960,1511,-620,-895,-2522,-4892,0,0
-1043,988,-661,-732,-2848,-5195,0,0
-1118,677,-668,-844,-3073,-5719,0,0
-897,1096,-499,-472,-3293,-6189,0,0
-506,642,-251,-809,-3197,-6141,0,0
-176,388,-154,-882,-2876,-5808,0,0
65,70,-76,-418,-2484,-5298,0,0
177,-267,51,-268,-2154,-4507,0,0
186,-158,168,-37,-1914,-3943,0,0
171,-131,250,-28,-1656,-3499,0,0
164,-188,194,-156,-1466,-2782,0,0
89,-42,91,-14,-1358,-2427,0,0
-33,-56,24,137,-1193,-2417,0,0
-112,31,-10,101,-1121,-2384,0,0
-183,258,-80,127,-1080,-2452,0,0
-277,289,-163,161,-1080,-2582,0,0
-363,324,-270,276,-1046,-2854,0,0
-392,454,-369,462,-1158,-3273,0,0
-409,446,-446,537,-1247,-3604,0,0
-394,421,-512,611,-1468,-4053,0,0
-393,659,-585,616,-1545,-4244,0,0
-444,806,-586,730,-1625,-4721,0,0
-458,698,-520,577,-1794,-5165,0,0
-360,667,-445,545,-1877,-5511,0,0
-257,369,-367,710,-1911,-5552,0,0
-147,-1,-230,803,-2059,-5533,0,0
-21,-63,-33,766,-2088,-5492,0,0
163,-171,175,695,-2007,-5446,0,0
368,-507,316,617,-1923,-5230,0,0
581,-633,407,686,-1880,-5147,0,0
765,-791,471,869,-2005,-5054,0,0
907,-1137,521,640,-2143,-5205,0,0
1082,-1219,533,257,-2258,-5497,0,0
1262,-1432,553,-175,-2319,-5164,0,0
1388,-1737,661,-469,-2481,-4572,0,0
1396,-2021,863,-576,-2347,-4038,0,0
1337,-2192,1020,-656,-2312,-3622,0,0
1271,-2070,1125,-892,-2179,-3353,0,0
1299,-1847,1145,-1277,-2157,-3004,0,0
1356,-1949,1036,-1453,-2089,-2687,0,0
1433,-2300,886,-1552,-1993,-2292,0,0
1512,-2133,739,-1859,-1884,-1729,0,0
1525,-1553,629,-1872,-1770,-1220,0,0
1470,-1413,616,-1947,-1683,-801,0,0
1453,-1557,605,-2088,-1771,-438,0,0
1377,-1475,563,-2467,-1706,-28,0,0
1201,-898,542,-2739,-1509,429,0,0
964,-683,631,-2811,-1554,706,0,0
709,-1381,645,-2982,-1746,1136,0,0
564,-1415,517,-3126,-1935,1416,0,0
593,-753,421,-3134,-1888,1398,0,0
629,-743,373,-3186,-1877,1591,0,0
608,-783,316,-3319,-1882,1713,0,0
591,-725,272,-3283,-1755,1780,0,0
520,-816,248,-3365,-1657,1927,0,0
442,-599,215,-3393,-1711,2104,0,0
363,-573,177,-3342,-1721,2407,0,0
241,-427,148,-3313,-1717,2426,0,0
135,-328,100,-3335,-1669,2274,0,0
64,-281,27,-3292,-1623,2127,0,0
63,-130,20,-3183,-1637,2030,0,0
48,-61,45,-3365,-1595,2150,0,0
-2,244,71,-3367,-1579,2221,0,0
-49,248,94,-3300,-1605,2351,0,0
-134,115,99,-3441,-1561,2401,0,0
-189,307,40,-3368,-1491,2280,0,0
-235,234,-42,-3305,-1451,2293,0,0
-300,405,-103,-3266,-1483,2243,0,0
-362,636,-162,-3215,-1482,2095,0,0
-439,700,-211,-3245,-1448,2038,0,0
-553,902,-268,-3200,-1439,1979,0,0
-695,982,-346,-3074,-1403,1826,0,0
-855,1030,-451,-2902,-1311,1566,0,0
-1007,1344,-550,-2687,-1204,1315,0,0
-1180,1685,-650,-2388,-1311,986,0,0
-1312,1797,-795,-2108,-1433,344,0,0
-1327,2029,-919,-1864,-1602,-367,0,0
-1291,2434,-916,-1698,-1627,-843,0,0
-1208,2396,-915,-1486,-2106,-1306,0,0
-1167,1839,-972,-1566,-1982,-1656,0,0
-1164,1878,-1009,-1287,-2256,-2239,0,0
-1123,1412,-1038,-1675,-2351,-3125,0,0
-1074,1556,-989,-1337,-2263,-3172,0,0
-1166,1265,-843,-400,-2103,-3144,0,0
-1368,769,-646,-371,-1984,-2931,0,0
-1592,1291,-554,-24,-2148,-3493,0,0
-1789,1943,-489,-313,-2635,-4567,0,0
-1707,2389,-425,-678,-2780,-6310,0,0
-1268,1886,-526,-1194,-2896,-7340,0,0
-881,789,-712,-1158,-2883,-6710,0,0
-739,23,-694,-468,-3040,-6488,0,0
-600,-7,-352,-456,-3053,-6596,0,0
-303,604,-17,-449,-2804,-6507,0,0
47,340,144,-555,-2580,-6055,0,0
349,-33,213,-600,-2238,-5242,0,0
564,-329,239,-125,-1756,-4495,0,0
620,-697,261,142,-1393,-3540,0,0
494,-633,305,292,-1149,-3198,0,0
367,-487,316,116,-952,-2675,0,0
246,-118,287,91,-875,-2365,0,0
7,-218,226,-2,-830,-2173,0,0
-164,-46,171,-49,-905,-2248,0,0
-198,405,98,-22,-1050,-2529,0,0
-231,405,24,-82,-1132,-2637,0,0
-270,196,-114,-90,-1227,-2895,0,0
-291,348,-294,196,-1452,-3295,0,0
-339,534,-424,382,-1579,-4222,0,0
-304,442,-512,-5,-1669,-5181,0,0
-198,501,-530,-396,-1886,-5385,0,0
-122,286,-421,-349,-2400,-5185,0,0
-115,52,-175,-284,-2647,-5360,0,0
94,-97,67,-117,-2632,-5650,0,0
412,-316,234,-77,-2521,-7616,0,0
670,-609,335,-66,-2571,-5441,0,0
865,-793,378,-274,-2658,-5552,0,0
1075,-977,437,-444,-2847,-5573,0,0
1279,-1258,519,-785,-2845,-5491,0,0
1481,-1617,590,-867,-2580,-4952,0,0
1526,-2003,657,-866,-2403,-4188,0,0
1423,-2319,711,-701,-2273,-3720,0,0
1323,-2194,786,-1084,-2207,-3091,0,0
1263,-1687,851,-1287,-2310,-2703,0,0
1281,-1674,886,-1660,-2333,-2107,0,0
1338,-1538,899,-2015,-2394,-1656,0,0
1379,-1684,926,-2061,-2292,-1439,0,0
1385,-2132,909,-2131,-1994,-1072,0,0
1302,-2504,801,-2094,-1758,-832,0,0
1211,-2417,662,-2317,-1786,-86,0,0
1068,-1640,604,-2269,-1682,529,0,0
817,-1490,599,-2199,-1508,946,0,0
572,-1286,535,-2412,-1483,1243,0,0
376,-1014,343,-2638,-1597,1362,0,0
249,-1006,145,-2873,-1802,1390,0,0
262,-904,60,-3010,-1969,1523,0,0
296,-878,56,-3128,-2045,1798,0,0
305,-656,100,-3216,-2199,2039,0,0
228,-343,176,-3149,-2250,2066,0,0
248,-465,197,-3112,-1963,1988,0,0
246,-470,147,-2960,-1740,2155,0,0
152,-465,57,-2781,-1720,2367,0,0
42,-206,-20,-2741,-1818,2387,0,0
-4,-42,-96,-2911,-1875,2320,0,0
-10,186,-170,-3163,-1968,2396,0,0
-28,480,-188,-3134,-2050,2381,0,0
-110,323,-146,-3191,-2061,2376,0,0
-208,421,-102,-3226,-2050,2271,0,0
-283,533,-71,-3095,-1999,2113,0,0
-362,474,-82,-3092,-1984,2049,0,0
-422,845,-133,-2924,-1901,1916,0,0
-518,865,-173,-2799,-1756,1838,0,0
-691,932,-223,-2806,-1765,1636,0,0
-843,1361,-312,-2672,-1971,1198,0,0
-919,1541,-400,-2639,-1895,661,0,0
-912,1732,-486,-2615,-1955,385,0,0
-925,1512,-613,-2588,-2027,402,0,0
-1020,1617,-642,-2191,-2171,227,0,0
-1131,1582,-621,-1892,-1962,-360,0,0
-1215,1678,-617,-1754,-1818,-1153,0,0
-1284,1893,-679,-1440,-1849,-1575,0,0
-1442,1799,-612,-1405,-2260,-2449,0,0
-1468,1937,-598,-2003,-2035,-2617,0,0
-1425,2171,-612,-1222,-2470,-2997,0,0
-1474,1676,-565,-1322,-2217,-3188,0,0
-1413,1893,-486,-869,-2092,-3540,0,0
-1368,1788,-537,-880,-2343,-4083,0,0
-1211,1896,-699,-843,-2796,-4927,0,0
-1028,1494,-883,-771,-2952,-5863,0,0
-763,1243,-932,-845,-3062,-6077,0,0
-607,1101,-835,-801,-3154,-6128,0,0
-599,669,-636,-873,-3422,-6368,0,0
-427,568,-306,-964,-3473,-6563,0,0
-50,179,39,-874,-3267,-5919,0,0
209,-650,249,-678,-2794,-5019,0,0
336,-983,352,-251,-2249,-4202,0,0
383,-760,442,236,-1757,-3565,0,0
348,-476,452,89,-1409,-3155,0,0
251,-159,363,-47,-1196,-2664,0,0
131,30,288,-8,-1173,-2407,0,0
43,28,242,-60,-1190,-2344,0,0
-46,41,156,-62,-1142,-2185,0,0
-166,84,27,4,-1104,-2319,0,0
-262,351,-84,111,-1268,-2515,0,0
-371,616,-171,106,-1352,-2884,0,0
-418,705,-285,99,-1461,-3392,0,0
-424,741,-373,144,-1490,-3794,0,0
-427,693,-400,129,-1565,-4087,0,0
-428,560,-334,188,-1710,-4324,0,0
-457,267,-313,199,-1798,-4494,0,0
-502,376,-306,395,-1925,-4626,0,0
-491,646,-222,407,-1959,-5004,0,0
-399,537,-141,110,-2132,-5219,0,0
-224,214,-17,-8,-2190,-5309,0,0
-5,-330,119,109,-2024,-5227,0,0
175,-792,168,410,-1865,-5167,0,0
291,-837,222,507,-1794,-5144,0,0
402,-523,314,339,-1790,-5162,0,0
483,-504,335,-46,-1942,-5207,0,0
633,-674,293,-431,-2162,-5295,0,0
877,-1032,251,-601,-2354,-5196,0,0
1111,-1442,315,-615,-2322,-5101,0,0
1300,-1665,404,-631,-2307,-4898,0,0
1445,-1530,549,-677,-2214,-4515,0,0
1485,-1474,714,-837,-2178,-3906,0,0
1494,-1474,814,-1012,-2274,-3551,0,0
1486,-1455,861,-1137,-2340,-3075,0,0
1416,-1691,891,-1374,-2309,-2665,0,0
1314,-1900,841,-1691,-2156,-2497,0,0
1213,-1859,643,-1747,-2013,-2196,0,0
1154,-1695,531,-1611,-1986,-1738,0,0
1124,-1521,494,-1723,-2045,-1200,0,0
1085,-1197,507,-1813,-1942,-697,0,0
953,-746,577,-2086,-1896,-250,0,0
848,-454,667,-2596,-2033,30,0,0
867,-564,677,-3152,-2076,364,0,0
821,-830,535,-3169,-2069,603,0,0
701,-1277,425,-3002,-2090,757,0,0
562,-1273,376,-3104,-2076,826,0,0
515,-727,319,-3098,-1997,743,0,0
468,-377,264,-3134,-1948,820,0,0
417,-146,241,-3264,-2014,891,0,0
371,-276,201,-3440,-2107,1059,0,0
301,-370,135,-3690,-2174,1204,0,0
228,-228,82,-3685,-2183,1233,0,0
148,-232,96,-3561,-2139,1289,0,0
78,-176,134,-3709,-2143,1364,0,0
51,54,91,-3806,-2138,1291,0,0
18,-69,9,-3663,-2123,1273,0,0
-45,-184,-42,-3539,-2120,1213,0,0
-69,35,-39,-3458,-2121,1139,0,0
-93,119,-32,-3579,-2088,1133,0,0
-120,186,-60,-3682,-2159,1125,0,0
-125,259,-83,-3651,-2245,1050,0,0
-121,140,-88,-3598,-2232,1017,0,0
-137,55,-74,-3525,-2159,981,0,0
-162,16,-72,-3481,-2072,1045,0,0
-215,-60,-79,-3460,-2130,1121,0,0
-289,60,-104,-3368,-2099,1065,0,0
-342,221,-142,-3123,-1908,1003,0,0
-412,268,-178,-2894,-1857,1130,0,0
-487,451,-253,-2811,-1904,1173,0,0
-576,761,-381,-2743,-1830,1066,0,0
-681,1135,-518,-2562,-1740,649,0,0
-788,1277,-660,-2359,-1771,224,0,0
-927,1456,-760,-2039,-1927,-234,0,0
-1060,1495,-816,-1908,-2022,-900,0,0
-1142,1318,-887,-1957,-2164,-1647,0,0
-1240,1308,-922,-2027,-2355,-1702,0,0
-1425,1718,-769,-1782,-2387,-2022,0,0
-1617,1542,-612,-1651,-2039,-2039,0,0
-1666,1573,-490,-1251,-2180,-2516,0,0
-1612,1493,-445,-1254,-2107,-2867,0,0
-1468,1896,-429,-959,-2382,-2922,0,0
-1447,1855,-430,-1021,-2306,-3615,0,0
-1348,1705,-521,-658,-2063,-4406,0,0
-1167,1462,-409,-189,-2182,-4420,0,0
-1116,1420,-365,-96,-2457,-4763,0,0
-1053,1517,-642,22,-2498,-5641,0,0
-889,1490,-923,135,-2383,-6373,0,0
-604,1136,-854,-140,-2559,-6767,0,0
-369,908,-641,-440,-2701,-6635,0,0
-281,397,-463,-424,-2779,-6506,0,0
-188,-58,-232,-337,-2650,-5771,0,0
49,-71,130,212,-2537,-5160,0,0
232,-399,449,412,-2060,-4567,0,0
439,-220,585,476,-1721,-3927,0,0
545,-106,512,540,-1324,-3538,0,0
479,-508,367,359,-941,-3128,0,0
400,-587,131,210,-911,-2945,0,0
284,-427,4,363,-948,-2802,0,0
159,-381,28,298,-973,-2722,0,0
15,-215,89,67,-1116,-2584,0,0
-147,97,91,67,-1161,-2642,0,0
-273,71,0,147,-1229,-2977,0,0
-351,113,-87,241,-1320,-3268,0,0
-338,132,-156,235,-1559,-3649,0,0
-328,243,-259,133,-1956,-4061,0,0
-312,537,-198,71,-2003,-4772,0,0
-219,447,-52,-132,-2019,-4901,0,0
-136,140,12,-90,-2139,-4884,0,0
-94,-92,34,92,-2200,-5167,0,0
39,-289,34,-36,-2160,-5387,0,0
249,-370,-30,-136,-2220,-5278,0,0
459,-533,44,-124,-2374,-5135,0,0
618,-780,236,-201,-2396,-4902,0,0
729,-893,358,-229,-2482,-4804,0,0
825,-969,374,-443,-2700,-5139,0,0
1022,-1155,286,-823,-2877,-5494,0,0
1341,-1340,240,-1252,-3131,-5464,0,0
1610,-1775,256,-1511,-3097,-4954,0,0
1879,-2270,428,-1487,-2664,-4383,0,0
2054,-2352,655,-1406,-2609,-3549,0,0
2159,-1869,982,-930,-2768,-3044,0,0
2075,-1450,1216,-1498,-2492,-2208,0,0
1925,-1173,1249,-1536,-2284,-1686,0,0
1716,-1575,1193,-1500,-2077,-1375,0,0
1583,-2253,1001,-1727,-1898,-1154,0,0
1529,-2211,762,-1840,-1545,-620,0,0
1403,-1763,656,-1750,-1277,119,0,0
1168,-1202,708,-1754,-1297,642,0,0
880,-612,754,-2067,-1273,1061,0,0
620,-220,697,-2345,-1410,1160,0,0
470,-725,504,-2746,-1570,1474,0,0
419,-667,323,-2965,-1863,1705,0,0
482,-468,259,-3088,-2003,1857,0,0
492,-780,258,-3390,-1984,2076,0,0
423,-771,218,-3570,-1965,2135,0,0
300,-772,144,-3496,-1954,2053,0,0
219,-532,123,-3443,-1877,1974,0,0
192,-146,126,-3210,-1818,1932,0,0
120,-333,73,-3281,-1848,1998,0,0
49,-84,29,-3304,-1927,2048,0,0
-9,158,27,-3207,-1913,1895,0,0
-61,-6,47,-3361,-1902,1872,0,0
-52,176,82,-3321,-1882,1876,0,0
-107,200,50,-3412,-1860,1991,0,0
-157,268,15,-3407,-1883,1942,0,0
-208,157,-32,-3418,-1892,1887,0,0
-247,325,-44,-3354,-1898,1809,0,0
-262,470,-49,-3372,-1837,1740,0,0
-313,445,-81,-3460,-1859,1667,0,0
-361,637,-119,-3411,-1907,1591,0,0
-395,750,-132,-3365,-1846,1470,0,0
-446,740,-163,-3383,-1850,1437,0,0
-494,985,-211,-3321,-1849,1354,0,0
-564,1051,-284,-3245,-1801,1245,0,0
-674,1010,-386,-3076,-1759,1030,0,0
-792,1049,-501,-2873,-1560,689,0,0
-901,1224,-582,-2535,-1478,625,0,0
-1011,1434,-612,-2054,-1425,476,0,0
-1119,1289,-660,-1670,-1369,-20,0,0
-1165,1230,-785,-1545,-1513,-1176,0,0
-1053,1380,-912,-1630,-1722,-1900,0,0
-923,1915,-964,-1409,-2269,-1930,0,0
-1018,1522,-1119,-1331,-2269,-2444,0,0
-1190,1267,-1253,-1324,-2226,-2742,0,0
-1465,1608,-1229,-1013,-2299,-3476,0,0
-1643,1635,-1031,-931,-2632,-3728,0,0
-1720,1633,-934,-811,-2860,-4091,0,0
-1609,1680,-838,-775,-2887,-4283,0,0
-1567,1695,-705,-417,-2885,-4384,0,0
-1636,1344,-711,-317,-2884,-5255,0,0
-1600,1232,-790,-481,-2944,-6578,0,0
-1143,1023,-738,-731,-3243,-7133,0,0
-702,406,-573,-891,-3374,-6611,0,0
-467,-67,-296,-469,-3144,-6202,0,0
-139,-178,41,-508,-2903,-5822,0,0
197,-68,273,-438,-2359,-5153,0,0
429,-287,373,-74,-1850,-4431,0,0
563,-461,384,-22,-1703,-3924,0,0
640,-13,336,49,-1319,-3316,0,0
592,214,257,222,-1184,-2844,0,0
407,-60,206,192,-1182,-2540,0,0
211,101,199,-15,-1256,-2396,0,0
82,430,127,37,-1358,-2557,0,0
-29,207,82,-10,-1449,-2544,0,0
-166,151,57,-105,-1443,-2622,0,0
-259,206,8,-11,-1538,-2905,0,0
-354,147,-42,53,-1519,-3069,0,0
-435,37,-129,167,-1530,-3477,0,0
-496,204,-164,71,-1582,-3576,0,0
-531,514,-140,104,-1726,-4078,0,0
-508,336,-85,109,-1667,-4178,0,0
-423,-39,-41,324,-1736,-4406,0,0
-371,-154,35,367,-1767,-4854,0,0
-283,-87,41,225,-1912,-5321,0,0
-127,104,26,116,-2057,-5581,0,0
18,-61,37,-49,-2063,-5596,0,0
141,-359,78,-172,-2051,-5579,0,0
326,-477,198,-168,-1990,-5497,0,0
506,-718,276,-213,-2128,-5242,0,0
642,-891,285,-353,-2307,-5326,0,0
847,-983,253,-451,-2502,-5357,0,0
1062,-1279,260,-665,-2378,-5239,0,0
1351,-1282,384,-957,-2323,-4737,0,0
1467,-1526,499,-1102,-2387,-4540,0,0
1519,-1873,585,-1173,-2337,-4152,0,0
1527,-1676,626,-1323,-2251,-3453,0,0
1458,-1704,605,-1288,-2217,-3331,0,0
1559,-1986,608,-1364,-2254,-3099,0,0
1709,-1609,701,-1591,-2210,-2315,0,0
1690,-1410,767,-1738,-1970,-1808,0,0
1595,-1834,766,-1720,-1858,-1382,0,0
1538,-1952,796,-1873,-1861,-1006,0,0
1472,-1816,806,-2080,-1712,-600,0,0
1403,-1977,740,-2075,-1561,1,0,0
1296,-2111,649,-2220,-1697,583,0,0
1189,-1847,654,-2295,-1662,1049,0,0
989,-1401,661,-2469,-1579,1444,0,0
743,-1282,573,-2511,-1683,1776,0,0
491,-981,446,-2770,-1838,2065,0,0
359,-200,381,-2896,-1868,2150,0,0
282,-313,374,-3182,-1943,2298,0,0
257,-335,332,-3410,-2033,2334,0,0
292,-429,270,-3305,-1723,2350,0,0
218,-450,151,-3401,-1679,2276,0,0
122,-404,17,-3201,-1788,2213,0,0
6,-414,-45,-3149,-1912,2220,0,0
-94,-127,-21,-3165,-1927,2129,0,0
-170,87,19,-3221,-1815,2108,0,0
-220,328,4,-3287,-1755,2152,0,0
-241,569,-46,-3170,-1884,2082,0,0
-235,422,-89,-3222,-1970,1988,0,0
-182,371,-100,-3390,-2005,1845,0,0
-157,430,-94,-3471,-2013,1707,0,0
-179,278,-70,-3400,-2014,1824,0,0
-222,448,-56,-3309,-1902,1756,0,0
-268,551,-59,-3244,-1919,1669,0,0
-389,382,-122,-3438,-1801,1625,0,0
-527,770,-125,-3444,-1930,1484,0,0
-689,802,-36,-3491,-1846,1269,0,0
-840,585,-14,-3439,-1744,1355,0,0
-957,761,-141,-2924,-1602,1458,0,0
-1066,1127,-276,-2472,-1499,1510,0,0
-1154,1564,-402,-2271,-1672,1293,0,0
-1234,1816,-508,-2157,-1740,767,0,0
-1282,1902,-673,-2141,-1880,-220,0,0
-1283,1814,-933,-2037,-1254,-1058,0,0
-1103,1632,-800,-1732,-1773,-1503,0,0
-1041,1463,-824,-1935,-2206,-1633,0,0
-1013,1951,-824,-1882,-2456,-1796,0,0
-1084,2197,-841,-1352,-2024,-2449,0,0
-1197,1362,-833,-1059,-1866,-3296,0,0
-1283,818,-763,-833,-1789,-3537,0,0
-1339,1337,-709,-569,-2199,-4043,0,0
-1393,1485,-566,-974,-2282,-4462,0,0
-1295,1898,-401,-955,-2424,-4598,0,0
-1290,1492,-384,-881,-2405,-4648,0,0
-1351,1117,-360,-677,-2497,-5133,0,0
-1270,1213,-245,-394,-2521,-5874,0,0
-958,1095,-146,-576,-2533,-6395,0,0
-490,870,-199,-918,-2567,-6328,0,0
-18,658,-241,-809,-2680,-6287,0,0
310,-50,-200,-793,-2640,-5830,0,0
485,-530,-135,-474,-2294,-5409,0,0
540,-718,16,-45,-1943,-4998,0,0
569,-535,208,-9,-1790,-4195,0,0
510,-27,278,-46,-1570,-3731,0,0
404,-3,232,-81,-1391,-3343,0,0
334,58,207,-109,-1448,-3170,0,0
278,80,144,-71,-1382,-2914,0,0
190,-106,84,-56,-1357,-2708,0,0
60,-64,77,18,-1282,-2478,0,0
-75,75,102,-55,-1278,-2440,0,0
-212,380,77,-105,-1359,-2386,0,0
-333,497,-6,180,-1504,-2711,0,0
-431,268,-124,218,-1489,-3290,0,0
-418,218,-204,222,-1500,-3704,0,0
-383,291,-262,101,-1560,-3946,0,0
-364,250,-321,57,-1758,-4110,0,0
-356,216,-358,118,-2001,-4387,0,0
-304,98,-279,180,-2088,-4879,0,0
-182,206,-151,-45,-2114,-5129,0,0
-65,288,-116,-89,-2306,-5443,0,0
75,-60,-60,-125,-2428,-5696,0,0
311,-352,71,-180,-2442,-5520,0,0
499,-527,191,-135,-2482,-5217,0,0
631,-752,270,-32,-2491,-5440,0,0
825,-818,292,-154,-2292,-5424,0,0
919,-935,268,-300,-2421,-5178,0,0
974,-1078,334,-726,-2435,-5050,0,0
1162,-1134,436,-1054,-2602,-4477,0,0
1286,-1427,606,-982,-2647,-4067,0,0
1401,-1885,819,-994,-2631,-3451,0,0
1460,-1924,831,-997,-2613,-2941,0,0
1491,-1928,752,-1052,-2402,-3096,0,0
1672,-1837,749,-1433,-2288,-2771,0,0
1803,-1640,734,-1925,-2388,-2148,0,0
1729,-1881,763,-2060,-2313,-1756,0,0
1599,-2195,791,-2205,-2125,-1299,0,0
1491,-2093,795,-2032,-2033,-967,0,0
1398,-1911,838,-1901,-1908,-380,0,0
1301,-1614,900,-1907,-1775,248,0,0
1116,-1375,928,-2171,-1639,794,0,0
867,-1221,842,-2473,-1507,994,0,0
667,-826,648,-2664,-1537,1141,0,0
573,-628,528,-2580,-1611,1257,0,0
524,-734,505,-2931,-1666,1621,0,0
548,-595,443,-3185,-1709,1920,0,0
520,-698,317,-3457,-1763,2224,0,0
421,-338,114,-3551,-1984,2156,0,0
351,-228,11,-3365,-1878,1913,0,0
152,-263,141,-3321,-1753,2117,0,0
54,-209,117,-3279,-1694,2098,0,0
13,-13,71,-3137,-1675,2055,0,0
-2,123,56,-3356,-1742,2146,0,0
-28,328,34,-3440,-1745,2132,0,0
-76,185,-7,-3488,-1752,2143,0,0
-130,192,-72,-3511,-1792,2146,0,0
-186,380,-110,-3403,-1807,2059,0,0
-251,307,-80,-3559,-1732,2024,0,0
-325,433,-111,-3549,-1854,1888,0,0
-770,-1535,-1025,1010,-775,-1018,0,0
-467,607,-167,-3272,-1664,1618,0,0
-530,730,-216,-3328,-1653,1519,0,0
-600,827,-326,-3212,-1615,1513,0,0
-709,843,-444,-2940,-1525,1504,0,0
-883,943,-568,-2858,-1373,1207,0,0
-1060,1115,-715,-2332,-1507,750,0,0
-1196,1129,-726,-1545,-1606,194,0,0
-1248,1210,-598,-1747,-1767,-173,0,0
-1239,1783,-521,-1832,-1892,-529,0,0
-1207,1930,-567,-1949,-2159,-1282,0,0
-1086,1900,-664,-1907,-2330,-1533,0,0
-931,2088,-702,-1538,-2500,-1860,0,0
-977,1776,-745,-1329,-2003,-2235,0,0
-1190,1402,-821,-1461,-2232,-3149,0,0
-1378,1624,-891,-1788,-2616,-3853,0,0
-1407,1742,-811,-1723,-3196,-4540,0,0
-1432,1516,-678,-2217,-3792,-5350,0,0
-1277,1321,-510,-2026,-3534,-5601,0,0
-1035,1017,-276,-1855,-3454,-5433,0,0
-846,690,-118,-1486,-3276,-5342,0,0
-595,443,-18,-1377,-3175,-5314,0,0
-242,556,-19,-1277,-3061,-4919,0,0
33,511,59,-1073,-2538,-4465,0,0
147,90,140,-941,-2025,-3977,0,0
181,-199,142,-624,-1576,-3310,0,0
87,-142,94,-310,-1225,-2758,0,0
-143,54,53,-355,-1171,-2580,0,0
-325,277,-45,-456,-1151,-2591,0,0
-360,363,-141,-321,-1244,-2797,0,0
-376,367,-184,-233,-1363,-2839,0,0
-417,521,-221,-162,-1375,-2900,0,0
-479,661,-291,-35,-1337,-3104,0,0
-564,542,-281,33,-1220,-3587,0,0
-556,528,-278,35,-1273,-3709,0,0
-516,716,-300,278,-1450,-3995,0,0
-598,526,-328,255,-1445,-4147,0,0
-627,465,-372,333,-1628,-4696,0,0
-581,497,-359,257,-1624,-5072,0,0
-460,618,-285,286,-1600,-5297,0,0
-354,415,-212,394,-1769,-5555,0,0
-287,-69,-196,164,-1884,-5935,0,0
-85,-8,-167,126,-1910,-6168,0,0
178,-254,-85,47,-1931,-5967,0,0
411,-677,53,-39,-1806,-5520,0,0
594,-847,235,66,-1768,-5126,0,0
743,-1075,410,259,-1614,-5040,0,0
869,-1136,500,115,-1562,-4806,0,0
950,-874,393,-88,-1679,-4778,0,0
1076,-922,317,-212,-1718,-4969,0,0
1251,-1300,323,-608,-1848,-4416,0,0
1383,-1138,469,-662,-1976,-4147,0,0
1475,-1070,707,-910,-2237,-3499,0,0
1454,-1326,876,-945,-2444,-3530,0,0
1389,-1759,816,-1403,-2274,-3620,0,0
1446,-1757,718,-1581,-2392,-3680,0,0
1531,-1748,678,-1877,-2396,-3078,0,0
1503,-1977,595,-1908,-2423,-2875,0,0
1510,-2166,569,-1811,-2102,-2395,0,0
1571,-1805,544,-1914,-2237,-1398,0,0
1454,-1444,616,-1890,-2178,-977,0,0
1310,-1687,795,-2091,-1968,-345,0,0
1117,-1757,809,-2449,-1940,285,0,0
931,-1556,738,-2345,-1691,382,0,0
791,-1625,605,-2341,-1533,644,0,0
710,-1414,399,-2254,-1533,1023,0,0
601,-1123,256,-2167,-1704,1473,0,0
514,-610,264,-2617,-1935,1503,0,0
591,-435,278,-3169,-2109,1618,0,0
647,-700,202,-3596,-2204,1925,0,0
626,-704,113,-3553,-2157,2098,0,0
524,-940,48,-3322,-2068,2205,0,0
423,-704,106,-3021,-2025,2210,0,0
349,-559,225,-2867,-1812,2351,0,0
239,-430,243,-2994,-1633,2436,0,0
142,-70,202,-3031,-1738,2558,0,0
31,-12,126,-3235,-1904,2599,0,0
-35,69,47,-3295,-1922,2359,0,0
-40,111,-3,-3147,-1867,2205,0,0
-58,80,26,-3027,-1764,2214,0,0
-106,154,48,-3121,-1724,2219,0,0
-179,355,17,-3264,-1673,2216,0,0
-282,485,-48,-3228,-1740,2113,0,0
-366,391,-115,-3216,-1785,2014,0,0
-420,498,-161,-3150,-1836,1946,0,0
-466,741,-172,-3073,-1869,1847,0,0
-513,765,-174,-3162,-1837,1769,0,0
-594,790,-205,-3184,-1837,1711,0,0
-688,1050,-268,-2981,-1728,1597,0,0
-798,1144,-312,-2750,-1654,1468,0,0
-956,1219,-351,-2627,-1596,1262,0,0
-1122,1640,-455,-2403,-1578,923,0,0
-1266,1974,-552,-2037,-1529,245,0,0
-1332,1862,-618,-1921,-1499,-710,0,0
-1256,1671,-689,-1864,-1545,-1271,0,0
-1177,1852,-725,-1707,-2041,-1521,0,0
-1149,1889,-771,-1678,-2183,-1998,0,0
-1105,1746,-809,-1518,-2431,-2323,0,0
-1135,1499,-791,-1629,-2322,-2985,0,0
-1147,1776,-755,-1470,-2282,-3092,0,0
-1211,1566,-645,-1648,-2505,-3615,0,0
-1292,1322,-593,-1553,-2487,-3940,0,0
-1337,1164,-550,-1152,-2660,-4421,0,0
-1383,1053,-500,-1258,-2547,-4701,0,0
-1319,1402,-381,-803,-2353,-4799,0,0
-1280,1343,-237,-828,-2536,-4834,0,0
-1166,1235,-246,-851,-2644,-5318,0,0
-893,1040,-263,-698,-2665,-5971,0,0
-514,1080,-175,-700,-2699,-6258,0,0
-133,723,-112,-864,-2558,-6264,0,0
147,145,-151,-843,-2279,-5896,0,0
346,-153,-113,-226,-1982,-5059,0,0
378,-153,64,168,-1899,-4267,0,0
323,201,240,208,-1469,-3477,0,0
295,540,242,243,-1293,-3097,0,0
265,139,79,168,-1219,-3058,0,0
266,-34,-61,64,-1121,-2460,0,0
224,273,-133,318,-1173,-2526,0,0
102,204,-104,192,-1244,-2271,0,0
-61,345,-72,251,-1338,-2488,0,0
-198,394,-82,469,-1350,-2928,0,0
-245,442,-68,596,-1350,-3220,0,0
-246,539,-96,655,-1325,-3288,0,0
-239,611,-139,901,-1491,-3705,0,0
-268,475,-232,944,-1452,-4003,0,0
-258,502,-335,1215,-1675,-4394,0,0
-322,352,-429,1190,-1815,-4865,0,0
-291,409,-443,887,-2047,-4950,0,0
-171,664,-327,827,-2347,-4863,0,0
-9,277,-100,849,-2495,-5122,0,0
210,-255,47,970,-2324,-5184,0,0
392,-493,156,1157,-2239,-5154,0,0
480,-655,271,1110,-2260,-5048,0,0
567,-682,389,940,-2252,-5077,0,0
667,-727,449,745,-2342,-5061,0,0
724,-1105,430,566,-2457,-5024,0,0
800,-1313,463,420,-2608,-4802,0,0
809,-1267,611,104,-2550,-4663,0,0
783,-1367,761,-259,-2712,-4614,0,0
849,-1507,870,-568,-2701,-4335,0,0
987,-1743,909,-612,-2598,-3933,0,0
1156,-2096,956,-618,-2718,-3670,0,0
1413,-1943,1015,-1086,-2662,-3194,0,0
1580,-1802,966,-1253,-2421,-3133,0,0
1609,-2128,883,-1505,-2187,-2710,0,0
1594,-2153,798,-1821,-2190,-2474,0,0
1651,-2055,851,-2030,-2147,-2004,0,0
1644,-2130,938,-2142,-1998,-1249,0,0
1409,-2135,1029,-2030,-1780,-624,0,0
1099,-2040,1063,-1837,-1658,-88,0,0
814,-1599,992,-1929,-1371,454,0,0
593,-1008,836,-1997,-1166,670,0,0
479,-958,629,-2132,-1316,975,0,0
448,-1013,390,-2540,-1637,1348,0,0
478,-955,192,-3021,-1738,1645,0,0
485,-821,100,-3258,-1961,1782,0,0
436,-698,77,-3487,-2210,1851,0,0
370,-349,133,-3542,-2165,1783,0,0
286,-226,242,-3546,-2076,1633,0,0
203,-603,265,-3719,-2063,1690,0,0
155,-549,221,-3453,-1994,1719,0,0
122,-775,212,-3227,-1820,1837,0,0
70,-736,213,-3227,-1790,1956,0,0
67,-416,224,-3115,-1615,1985,0,0
56,-471,218,-3334,-1705,2272,0,0
9,-178,152,-3355,-1844,2334,0,0
-8,-30,148,-3207,-1718,2301,0,0
-60,-155,173,-3343,-1705,2360,0,0
-104,93,154,-3270,-1638,2336,0,0
-118,76,119,-3238,-1600,2376,0,0
-126,161,51,-3294,-1634,2317,0,0
-121,307,-9,-3239,-1551,2185,0,0
-154,220,-40,-3353,-1578,2185,0,0
-197,395,-81,-3277,-1625,2107,0,0
-231,441,-116,-3224,-1676,2037,0,0
-253,508,-163,-3242,-1697,1939,0,0
-254,690,-217,-3138,-1634,1830,0,0
-281,613,-256,-3180,-1651,1826,0,0
-338,743,-322,-3166,-1734,1808,0,0
-487,966,-428,-2918,-1761,1616,0,0
-606,1286,-502,-2762,-1704,1407,0,0
-762,1786,-604,-2439,-1681,1062,0,0
-958,2067,-659,-2209,-1740,447,0,0
-1092,2014,-740,-2139,-1785,-442,0,0
-1144,1726,-818,-2100,-1864,-1062,0,0
-1157,1582,-856,-2099,-1873,-1341,0,0
-1179,1998,-794,-1820,-2082,-1352,0,0
-1272,2050,-757,-1623,-2079,-1795,0,0
-1288,1751,-774,-1631,-1991,-2208,0,0
-1262,1840,-774,-1245,-2110,-2710,0,0
-1238,1474,-815,-1096,-1939,-2997,0,0
-1276,1269,-842,-950,-2172,-3339,0,0
-1366,1310,-853,-998,-2118,-3762,0,0
-1336,1716,-834,-848,-2309,-4000,0,0
-1421,1452,-900,-515,-2383,-4894,0,0
-1465,977,-1031,-420,-2499,-5663,0,0
-1361,1024,-937,-9,-2742,-6215,0,0
-1161,1496,-640,-169,-2924,-6357,0,0
-893,1836,-363,-435,-2869,-6684,0,0
-535,1450,-181,-512,-2821,-6907,0,0
-224,535,-91,-395,-2653,-6477,0,0
82,159,43,236,-2275,-5629,0,0
275,-329,216,661,-1969,-4846,0,0
386,-520,382,674,-1650,-4144,0,0
472,-331,430,459,-1283,-3427,0,0
440,-499,316,492,-1035,-2922,0,0
319,-617,202,398,-977,-2511,0,0
214,-306,163,403,-982,-2373,0,0
77,-71,136,419,-874,-2275,0,0
-95,20,106,393,-829,-2313,0,0
-220,283,50,395,-906,-2431,0,0
-330,453,-46,522,-991,-2727,0,0
-422,393,-175,606,-1161,-3219,0,0
-432,650,-300,701,-1203,-3742,0,0
-352,803,-395,806,-1174,-4375,0,0
-268,480,-499,690,-1355,-4301,0,0
-334,329,-525,821,-1512,-4343,0,0
-457,221,-405,1018,-1580,-4727,0,0
-432,396,-205,934,-1730,-5067,0,0
-325,520,-68,846,-1704,-5360,0,0
-176,139,-17,718,-1773,-5365,0,0
59,-78,51,865,-1875,-5335,0,0
299,-380,177,915,-1804,-5208,0,0
508,-614,322,857,-1683,-5160,0,0
713,-707,417,798,-1670,-4784,0,0
797,-770,424,887,-1850,-4751,0,0
828,-878,396,653,-1941,-5081,0,0
993,-764,436,421,-2085,-5279,0,0
1087,-1160,451,-10,-2257,-5206,0,0
1076,-1582,443,-299,-2576,-5147,0,0
1058,-1910,645,-679,-2735,-4890,0,0
1266,-1961,1054,-692,-2800,-4609,0,0
1487,-2430,1260,-871,-2277,-4027,0,0
1573,-2654,1125,-885,-1898,-3555,0,0
1518,-2628,920,-1112,-1724,-3278,0,0
1582,-2401,728,-1437,-1779,-2567,0,0
1568,-2224,567,-1696,-1856,-1934,0,0
1485,-2249,508,-1831,-1736,-1388,0,0
1375,-2120,458,-1996,-1829,-739,0,0
1266,-1983,461,-2035,-1857,-282,0,0
1241,-1604,453,-2135,-1771,249,0,0
1175,-964,372,-2075,-1756,602,0,0
1041,-715,231,-2174,-1791,704,0,0
994,-466,127,-2288,-1970,882,0,0
978,-659,231,-2406,-2019,1070,0,0
902,-1016,413,-3042,-2031,1610,0,0
768,-937,507,-3228,-2180,2011,0,0
607,-1020,453,-3348,-2134,2238,0,0
490,-848,371,-3223,-2167,2327,0,0
438,-725,332,-3020,-1934,2326,0,0
413,-603,320,-2924,-1795,2315,0,0
386,-544,262,-2958,-1821,2242,0,0
403,-516,183,-3025,-1742,2180,0,0
397,-450,115,-3047,-1637,2314,0,0
317,-225,108,-3049,-1646,2386,0,0
206,-283,141,-3063,-1626,2506,0,0
58,-197,160,-3208,-1667,2550,0,0
-21,-34,169,-3079,-1684,2689,0,0
-78,-113,164,-3107,-1767,2688,0,0
-51,111,145,-3036,-1678,2544,0,0
2,88,113,-3037,-1675,2464,0,0
27,31,102,-3171,-1537,2318,0,0
64,178,79,-3195,-1437,2315,0,0
33,11,31,-3146,-1440,2504,0,0
-60,103,-4,-3085,-1520,2566,0,0
-134,247,-35,-3095,-1562,2399,0,0
-189,250,-58,-3284,-1542,2302,0,0
-207,388,-76,-3228,-1569,2294,0,0
-232,200,-73,-3182,-1557,2385,0,0
-277,307,-76,-3216,-1521,2432,0,0
-308,568,-94,-3143,-1587,2340,0,0
-342,435,-158,-3242,-1588,2217,0,0
-357,629,-239,-3101,-1558,2126,0,0
-407,776,-283,-2909,-1488,2067,0,0
-522,841,-320,-2886,-1426,2064,0,0
-691,1171,-400,-2728,-1434,1924,0,0
-914,1310,-530,-2566,-1269,1557,0,0
-1148,1429,-673,-2333,-1312,1170,0,0
-1374,1683,-800,-1852,-1281,534,0,0
-1534,1859,-758,-1218,-1333,-183,0,0
-1552,2018,-680,-1091,-1467,-897,0,0
-1479,2348,-704,-1324,-1735,-1473,0,0
-1395,2818,-765,-1559,-2274,-2057,0,0
-1343,2694,-946,-1606,-2287,-2962,0,0
-1305,1947,-1029,-1699,-2578,-3614,0,0
-1340,1818,-1003,-1588,-2455,-3753,0,0
-1462,1722,-827,-995,-2329,-3989,0,0
-1666,1525,-556,-806,-2121,-3832,0,0
-1776,1761,-428,-364,-2157,-4023,0,0
-1837,1677,-468,-319,-2373,-4456,0,0
-1674,1746,-531,-461,-2460,-5531,0,0
-1308,1482,-491,-884,-2360,-6080,0,0
-977,1017,-471,-851,-2369,-6299,0,0
-771,620,-415,-343,-2461,-6638,0,0
-649,455,-266,-258,-2340,-6655,0,0
-444,511,49,-78,-2092,-6437,0,0
-220,275,315,-326,-1923,-5983,0,0
91,-15,346,-99,-1665,-5422,0,0
390,-323,209,129,-1312,-4607,0,0
526,-605,28,275,-1069,-3998,0,0
534,-674,-87,242,-1003,-3436,0,0
491,-355,-67,283,-939,-3036,0,0
391,-309,32,323,-928,-2730,0,0
252,-234,130,214,-901,-2441,0,0
104,49,121,212,-906,-2424,0,0
-19,146,86,280,-920,-2583,0,0
-109,234,8,282,-932,-2634,0,0
-199,458,-102,328,-1020,-2877,0,0
-291,597,-197,414,-1176,-3295,0,0
-317,565,-273,409,-1295,-3712,0,0
-323,655,-327,431,-1314,-4192,0,0
-395,500,-358,544,-1304,-4589,0,0
-442,597,-253,478,-1427,-4717,0,0
-454,543,-183,584,-1673,-5019,0,0
-374,304,-98,605,-1816,-5341,0,0
-183,242,-20,535,-1865,-5568,0,0
88,-17,62,499,-1833,-5561,0,0
317,-391,145,427,-1776,-5465,0,0
517,-715,189,611,-1777,-5382,0,0
684,-968,308,432,-1741,-5198,0,0
815,-995,388,286,-1812,-5165,0,0
921,-1036,408,104,-1896,-5110,0,0
1034,-1261,400,-25,-2020,-5062,0,0
1214,-1479,432,-186,-2219,-4924,0,0
1337,-1626,438,-580,-2336,-4657,0,0
1518,-1734,553,-760,-2415,-4461,0,0
1731,-1893,730,-1128,-2349,-3751,0,0
1800,-2069,802,-1418,-2413,-3397,0,0
1801,-2121,837,-1544,-2405,-3241,0,0
1786,-2263,832,-1596,-2328,-2868,0,0
1726,-2445,819,-1621,-2172,-2479,0,0
1668,-2368,754,-1814,-1969,-1679,0,0
1597,-2034,749,-1691,-1765,-1185,0,0
1515,-2141,851,-1681,-1709,-419,0,0
1416,-2193,798,-2198,-1734,531,0,0
1239,-1590,560,-2391,-1654,969,0,0
993,-1452,406,-2201,-1476,875,0,0
818,-1433,360,-2412,-1496,1217,0,0
661,-951,335,-2521,-1709,1454,0,0
487,-910,297,-2687,-1810,1624,0,0
373,-936,279,-2834,-1924,1856,0,0
303,-830,305,-2962,-2076,2070,0,0
262,-781,321,-3002,-2186,2317,0,0
236,-615,355,-3006,-2121,2453,0,0
197,-671,346,-3173,-2020,2493,0,0
182,-674,288,-3024,-2016,2458,0,0
204,-715,270,-2849,-1927,2518,0,0
251,-547,258,-2792,-1865,2580,0,0
285,-449,227,-2767,-1766,2641,0,0
295,-378,192,-2882,-1655,2721,0,0
286,-158,133,-2853,-1635,2788,0,0
236,-169,93,-2890,-1643,2840,0,0
175,-90,62,-2961,-1620,2752,0,0
114,-59,24,-2844,-1509,2684,0,0
15,-115,-2,-2858,-1433,2723,0,0
-82,116,-8,-2815,-1407,2712,0,0
-169,174,3,-2895,-1481,2785,0,0
-240,302,-13,-3022,-1641,2776,0,0
-255,359,-52,-2962,-1679,2698,0,0
-279,198,-97,-2911,-1685,2645,0,0
-287,388,-119,-2848,-1698,2544,0,0
-297,493,-116,-2978,-1719,2466,0,0
-328,535,-144,-3069,-1806,2388,0,0
-335,574,-146,-3085,-1792,2318,0,0
-341,567,-128,-3096,-1814,2343,0,0
-379,696,-116,-3025,-1814,2288,0,0
-445,780,-149,-2960,-1784,2210,0,0
-532,847,-213,-2787,-1742,2147,0,0
-641,1095,-263,-2654,-1723,2001,0,0
-761,1359,-295,-2622,-1653,1745,0,0
-900,1550,-329,-2560,-1598,1580,0,0
-1064,1989,-387,-2250,-1671,1277,0,0
-1199,2102,-456,-1951,-1630,334,0,0
-1144,1877,-451,-1829,-1460,-383,0,0
-1010,1732,-505,-1804,-1240,-724,0,0
-1049,1448,-799,-1604,-1280,-1160,0,0
-1268,1437,-926,-1307,-1567,-1718,0,0
-1544,1801,-952,-1127,-1749,-2361,0,0
-1807,2163,-880,-1126,-2059,-3093,0,0
-1859,2325,-894,-1209,-2084,-3442,0,0
-1820,2189,-937,-797,-2222,-3706,0,0
-1888,1805,-977,-720,-2190,-4018,0,0
-1832,1930,-931,-366,-2419,-6744,0,0
-1719,1949,-833,-63,-2726,-5308,0,0
-1546,1848,-803,-433,-2728,-6298,0,0
-1350,1945,-885,-703,-2563,-7049,0,0
-1174,1350,-809,-548,-2482,-7260,0,0
-898,543,-576,-443,-2457,-6715,0,0
-592,342,-320,-43,-2536,-6232,0,0
-359,233,-24,43,-2361,-5812,0,0
-41,158,171,105,-2079,-5466,0,0
253,-88,256,148,-1724,-4997,0,0
401,-544,265,190,-1282,-4408,0,0
490,-765,261,296,-1065,-3745,0,0
497,-462,356,449,-939,-3241,0,0
354,-354,443,490,-806,-2845,0,0
224,-289,454,403,-756,-2741,0,0
106,-19,405,319,-716,-2610,0,0
-16,49,305,417,-690,-2704,0,0
-91,21,200,315,-736,-2674,0,0
-166,277,94,350,-854,-2881,0,0
-234,398,-39,295,-1015,-3135,0,0
-281,476,-133,362,-1132,-3859,0,0
-242,498,-177,243,-1143,-4602,0,0
-94,530,-148,150,-1340,-4571,0,0
-96,332,-96,167,-1609,-4451,0,0
-230,220,-37,344,-1824,-4979,0,0
-220,161,63,409,-1852,-5560,0,0
-31,85,188,238,-1811,-5713,0,0
138,-159,263,-72,-1843,-5588,0,0
266,-528,307,-82,-2015,-5555,0,0
430,-769,420,-27,-1989,-5612,0,0
664,-937,546,60,-2113,-5453,0,0
863,-1128,609,8,-2139,-5466,0,0
1097,-1254,565,-276,-1998,-5319,0,0
1340,-1362,544,-623,-2122,-5153,0,0
1497,-1700,484,-708,-2098,-4710,0,0
1631,-2065,446,-679,-2224,-4446,0,0
1703,-2235,504,-1100,-2059,-3837,0,0
1731,-1956,662,-1379,-1979,-3447,0,0
1688,-2003,755,-1713,-1936,-3057,0,0
1612,-2259,703,-1878,-2015,-2449,0,0
1592,-2543,640,-1891,-2007,-1987,0,0
1655,-2235,666,-1952,-2074,-1223,0,0
1571,-1924,699,-2029,-1893,-687,0,0
1331,-1963,624,-2024,-1664,-305,0,0
1083,-1763,545,-1985,-1614,101,0,0
880,-1280,525,-2156,-1776,496,0,0
769,-1190,504,-2369,-1850,804,0,0
764,-1425,483,-2505,-1778,1200,0,0
715,-1674,380,-2693,-1812,1678,0,0
653,-1352,251,-2608,-1846,1935,0,0
593,-937,175,-2476,-1928,2153,0,0
468,-266,162,-2669,-1950,2307,0,0
378,293,231,-2738,-2001,2286,0,0
246,-507,232,-3370,-2054,2486,0,0
135,-433,115,-3489,-2065,2327,0,0
135,-489,73,-3137,-1940,2252,0,0
153,-541,86,-3102,-2028,2348,0,0
195,-391,103,-2963,-1994,2443,0,0
160,-500,110,-2961,-1934,2605,0,0
90,-154,96,-2917,-1884,2433,0,0
47,-209,62,-2903,-1730,2265,0,0
-9,-269,21,-3028,-1707,2257,0,0
-33,-49,7,-2935,-1798,2330,0,0
-80,-149,38,-2957,-1882,2448,0,0
-129,76,64,-2903,-1898,2513,0,0
-175,116,57,-2851,-1834,2490,0,0
-205,129,50,-2906,-1785,2497,0,0
-220,307,45,-2911,-1795,2480,0,0
-249,270,-2,-2989,-1843,2515,0,0
-271,401,-50,-2974,-1838,2467,0,0
-301,506,-98,-2916,-1850,2417,0,0
-352,512,-160,-2902,-1888,2380,0,0
-420,710,-209,-2839,-1827,2222,0,0
-493,781,-240,-2737,-1771,2099,0,0
-610,823,-277,-2667,-1716,2031,0,0
-793,1174,-309,-2441,-1593,1926,0,0
-1046,1463,-358,-2155,-1624,1667,0,0
-1306,1702,-385,-1969,-1662,960,0,0
-1451,1855,-414,-1856,-1543,22,0,0
-1528,2003,-418,-2032,-1712,-805,0,0
-1385,2216,-465,-2024,-2117,-1454,0,0
-1189,2278,-539,-2093,-2352,-1809,0,0
-1106,2170,-703,-2131,-2125,-2015,0,0
-1219,1994,-843,-1712,-2428,-2530,0,0
-1314,1723,-829,-1625,-2129,-2971,0,0
-1328,2014,-672,-1367,-2428,-3152,0,0
-1457,1653,-531,-1568,-2443,-3473,0,0
-1418,1797,-373,-1364,-2422,-3557,0,0
-1413,1600,-229,-1068,-2250,-3709,0,0
-1394,1139,-145,-1095,-2292,-4126,0,0
-1263,1269,-190,-581,-2337,-5036,0,0
-1111,968,-390,-575,-2327,-5598,0,0
-948,1077,-532,-725,-2315,-5844,0,0
-778,1263,-516,-979,-2633,-6264,0,0
-734,1388,-314,-1142,-2711,-6646,0,0
-579,992,105,-1107,-2358,-6932,0,0
-230,-203,179,-1223,-2146,-6169,0,0
169,-760,47,-367,-2062,-5293,0,0
376,-879,92,210,-1850,-4560,0,0
541,-805,193,107,-1496,-3884,0,0
636,-417,189,-197,-1293,-3111,0,0
511,-386,89,-380,-1049,-2998,0,0
413,-547,-26,-327,-984,-2926,0,0
387,-305,-44,-179,-1126,-2690,0,0
227,-163,30,-106,-1059,-2423,0,0
34,-10,93,-241,-971,-2352,0,0
-151,343,93,-206,-1053,-2565,0,0
-330,366,9,-217,-1128,-2896,0,0
-431,424,-126,-95,-1278,-3142,0,0
-529,471,-208,-51,-1353,-3560,0,0
-592,315,-276,-207,-1439,-3978,0,0
-604,657,-308,-209,-1484,-4275,0,0
-707,783,-263,-163,-1425,-4670,0,0
-697,465,-209,-266,-1510,-4979,0,0
-492,518,-185,-103,-1608,-5026,0,0
-384,178,-158,18,-1672,-5079,0,0
-241,-76,-93,-42,-1733,-5249,0,0
48,31,-10,-161,-1695,-5266,0,0
292,-147,41,-256,-1668,-5302,0,0
445,-586,57,-297,-1538,-5420,0,0
621,-751,77,-305,-1587,-5225,0,0
768,-696,134,-276,-1541,-5095,0,0
895,-920,173,-312,-1566,-4868,0,0
1008,-957,194,-262,-1860,-4612,0,0
1083,-881,193,-566,-2061,-4591,0,0
1193,-841,113,-983,-2186,-4851,0,0
1356,-952,112,-1208,-2405,-4818,0,0
1548,-995,337,-1317,-2407,-4243,0,0
1559,-1634,527,-1455,-2481,-3601,0,0
1567,-2079,659,-1579,-2680,-3108,0,0
1645,-1875,797,-1604,-2697,-3020,0,0
1682,-1943,811,-1771,-2536,-2941,0,0
1771,-2056,738,-1936,-2390,-2644,0,0
1765,-2006,661,-2044,-2256,-2061,0,0
1648,-2215,645,-1978,-2034,-1496,0,0
1558,-2473,615,-2065,-2113,-516,0,0
1449,-2103,596,-1937,-1971,217,0,0
1256,-2053,589,-1763,-1744,550,0,0
1110,-1917,507,-1947,-1652,1043,0,0
1017,-1097,403,-1966,-1586,1356,0,0
872,-884,311,-1852,-1702,1651,0,0
735,-842,266,-2208,-1977,1847,0,0
750,-565,317,-2806,-2041,2112,0,0
744,-711,336,-3298,-2034,2549,0,0
616,-809,265,-3374,-2123,2782,0,0
481,-828,217,-3018,-2059,2661,0,0
443,-723,294,-2842,-1998,2569,0,0
447,-542,351,-2848,-1803,2583,0,0
419,-299,344,-2822,-1735,2698,0,0
331,-259,301,-2869,-1625,2621,0,0
247,-234,231,-2945,-1595,2558,0,0
177,-84,160,-2905,-1657,2558,0,0
127,-46,168,-2970,-1682,2577,0,0
83,0,167,-3014,-1663,2556,0,0
45,69,152,-2887,-1532,2544,0,0
-12,112,162,-2926,-1449,2573,0,0
-100,67,103,-3029,-1417,2569,0,0
-146,141,16,-2916,-1454,2433,0,0
-146,98,-34,-2985,-1539,2429,0,0
-147,138,-91,-3008,-1606,2429,0,0
-127,169,-92,-3004,-1691,2556,0,0
-139,250,-33,-3062,-1706,2647,0,0
-184,335,-8,-3121,-1677,2572,0,0
-213,337,-32,-3163,-1670,2461,0,0
-227,409,-50,-3100,-1681,2399,0,0
-255,499,-49,-3030,-1614,2414,0,0
-334,525,-42,-3031,-1516,2355,0,0
-427,590,-52,-3035,-1545,2318,0,0
-509,772,-90,-2955,-1572,2221,0,0
-599,852,-142,-2819,-1496,2108,0,0
-703,959,-201,-2706,-1406,2001,0,0
-845,1232,-264,-2513,-1343,1860,0,0
-1042,1576,-316,-2235,-1147,1513,0,0
-1258,1779,-417,-1916,-1025,991,0,0
-1435,1889,-582,-1630,-1108,313,0,0
-1478,2132,-628,-1384,-1401,-336,0,0
-1452,2373,-729,-1496,-1595,-1146,0,0
-1395,2568,-869,-1728,-2038,-2082,0,0
-1272,2592,-978,-2118,-2250,-2773,0,0
-1088,2645,-989,-2119,-2614,-3193,0,0
-1052,2082,-928,-2181,-2566,-3240,0,0
-1089,1861,-771,-1755,-2866,-3495,0,0
-1119,1675,-605,-1559,-2725,-3885,0,0
-1109,1490,-424,-1096,-2206,-3765,0,0
-1295,1125,-375,-617,-2337,-4089,0,0
-1544,1313,-465,-697,-2511,-4509,0,0
-1557,1861,-578,-422,-2504,-5457,0,0
-1326,1462,-511,-757,-2392,-6042,0,0
-972,1329,-372,-967,-2319,-6122,0,0
-741,1014,-395,-760,-2568,-5893,0,0
-589,571,-358,-444,-2527,-5786,0,0
-231,424,-142,-82,-2401,-5394,0,0
64,212,15,32,-2127,-5179,0,0
265,-52,33,78,-1727,-4827,0,0
390,-184,8,64,-1423,-4451,0,0
432,-372,-19,61,-1398,-4023,0,0
377,-445,10,72,-1399,-3690,0,0
302,-406,40,100,-1204,-3395,0,0
216,-435,29,218,-1085,-3213,0,0
93,-288,46,153,-1073,-2760,0,0
-24,81,26,210,-1077,-2689,0,0
-103,75,0,222,-1053,-2737,0,0
-158,181,-36,132,-1012,-2595,0,0
-261,331,-82,338,-992,-2922,0,0
-404,233,-103,334,-902,-3155,0,0
-465,372,-167,330,-951,-3523,0,0
-505,411,-242,483,-1088,-4017,0,0
-477,345,-343,523,-1224,-4521,0,0
-390,534,-469,646,-1242,-4920,0,0
-397,565,-472,505,-1361,-4959,0,0
-427,360,-393,255,-1479,-5334,0,0
-276,323,-313,270,-1671,-5614,0,0
-71,241,-190,362,-1765,-5591,0,0
102,-217,-29,291,-1730,-5357,0,0
382,-444,135,371,-1691,-5182,0,0
674,-564,270,384,-1603,-4815,0,0
779,-810,293,495,-1569,-4709,0,0
860,-991,328,587,-1566,-5021,0,0
1024,-941,278,382,-1737,-4809,0,0
1072,-1012,175,102,-1911,-5153,0,0
1089,-1271,126,-400,-1984,-5182,0,0
1212,-1191,263,-595,-2312,-4920,0,0
1284,-1489,480,-824,-2544,-4508,0,0
1403,-1854,714,-1138,-2525,-4164,0,0
1562,-1974,806,-1177,-2642,-3514,0,0
1609,-2301,824,-1011,-2508,-3247,0,0
1683,-2381,741,-1407,-2334,-2852,0,0
1815,-1965,626,-1674,-2301,-2770,0,0
1905,-1972,548,-2103,-2217,-3992,0,0
1851,-2184,447,-2076,-2278,-1290,0,0
1703,-2369,443,-1886,-2353,-633,0,0
1611,-2217,484,-1908,-2369,-120,0,0
1599,-1789,553,-1951,-2156,276,0,0
1526,-1584,575,-2173,-1960,963,0,0
1289,-1383,463,-2347,-1918,1362,0,0
1066,-1315,353,-2306,-1958,1401,0,0
1029,-1057,337,-2390,-1874,1342,0,0
1049,-968,337,-2383,-1811,1630,0,0
971,-947,329,-2511,-1708,2091,0,0
805,-819,313,-2543,-1671,2342,0,0
613,-795,298,-2620,-1672,2600,0,0
453,-598,291,-2732,-1748,2644,0,0
346,-556,247,-2797,-1711,2590,0,0
278,-593,186,-2752,-1662,2688,0,0
214,-468,124,-2631,-1737,2775,0,0
158,-388,103,-2449,-1810,2907,0,0
110,-353,162,-2488,-1758,3054,0,0
54,-166,170,-2549,-1670,3124,0,0
-30,-64,120,-2531,-1686,3048,0,0
-98,-52,73,-2590,-1629,2928,0,0
-134,52,40,-2541,-1663,2993,0,0
-188,135,64,-2605,-1717,3010,0,0
-253,181,89,-2697,-1752,2955,0,0
-288,279,119,-2668,-1773,2869,0,0
-298,380,128,-2684,-1800,2798,0,0
-285,460,101,-2770,-1728,2645,0,0
-252,454,67,-2886,-1747,2568,0,0
-255,411,1,-2931,-1780,2617,0,0
-291,424,-23,-2869,-1743,2609,0,0
-359,414,-7,-2943,-1775,2587,0,0
-439,509,-8,-2955,-1866,2458,0,0
-473,521,-13,-2878,-1832,2331,0,0
-493,479,-29,-2779,-1721,2367,0,0
-563,660,-49,-2638,-1726,2371,0,0
-665,836,-78,-2548,-1651,2249,0,0
-784,1003,-163,-2469,-1559,1998,0,0
-912,1301,-277,-2388,-1608,1628,0,0
-1032,1612,-336,-2299,-1564,1326,0,0
-1178,1817,-433,-2189,-1481,804,0,0
-1291,1944,-467,-2037,-1540,213,0,0
-1366,1912,-570,-1586,-1452,-580,0,0
-1402,1815,-749,-1310,-1907,-1399,0,0
-1401,2130,-802,-1501,-2045,-1837,0,0
-1447,2616,-780,-1610,-2245,-2433,0,0
-1538,2580,-689,-2148,-2401,-2844,0,0
-1541,2382,-511,-1918,-2596,-3293,0,0
-1508,1663,-472,-1875,-2324,-3864,0,0
-1402,1312,-456,-1299,-2250,-3713,0,0
-1467,1286,-369,-983,-2262,-3928,0,0
-1514,1653,-305,-1138,-2261,-4423,0,0
-1435,1882,-268,-820,-2315,-4958,0,0
-1293,1401,-281,-985,-2475,-5489,0,0
-1047,1335,-387,-972,-2402,-6146,0,0
-787,1151,-491,-835,-2501,-6734,0,0
-547,624,-427,-1150,-2655,-6770,0,0
-278,434,-278,-1309,-2396,-6444,0,0
-37,-64,-197,-933,-2428,-5706,0,0
147,-335,34,-490,-2232,-5133,0,0
354,-257,297,-287,-1939,-4478,0,0
493,-130,410,-243,-1479,-3790,0,0
541,-144,394,-132,-1189,-3280,0,0
491,-277,296,-57,-1054,-2885,0,0
418,-143,184,-2,-990,-2554,0,0
258,-171,93,45,-924,-2573,0,0
60,-85,62,-124,-919,-2386,0,0
-92,265,44,-40,-1026,-2552,0,0
-263,269,11,-28,-1078,-2727,0,0
-425,208,-71,-34,-1164,-3103,0,0
-504,306,-166,93,-1260,-3466,0,0
-602,289,-207,134,-1262,-3931,0,0
-590,336,-226,-80,-1293,-4246,0,0
-519,625,-259,-77,-1468,-4565,0,0
-475,420,-265,-22,-1620,-4926,0,0
-384,102,-236,-62,-1692,-5042,0,0
-295,138,-160,0,-1636,-5299,0,0
-158,106,-45,-66,-1678,-5356,0,0
40,-16,-1,-213,-1756,-5335,0,0
243,-177,35,-166,-1826,-5311,0,0
459,-461,79,-114,-1833,-5153,0,0
728,-523,162,-51,-1917,-5067,0,0
986,-646,306,-207,-1930,-5073,0,0
1118,-944,272,-318,-1971,-5278,0,0
1150,-1086,163,-450,-2072,-5597,0,0
1168,-1151,194,-989,-2357,-5208,0,0
1279,-1143,348,-1156,-2614,-4799,0,0
1429,-1604,565,-1342,-2837,-4485,0,0
1578,-1947,778,-1509,-2729,-3639,0,0
1611,-2151,967,-1426,-2559,-3263,0,0
1679,-2589,1041,-1389,-2197,-3063,0,0
1783,-2513,874,-1492,-1919,-2816,0,0
1749,-2227,635,-1540,-1798,-2635,0,0
1679,-2204,409,-1838,-1553,-2077,0,0
1608,-2023,275,-2034,-1726,-1002,0,0
1431,-1703,344,-2149,-1943,-277,0,0
1216,-1661,477,-2328,-1978,263,0,0
1025,-1475,487,-2376,-1985,697,0,0
886,-1141,377,-2252,-1991,932,0,0
827,-1356,271,-2323,-1901,1132,0,0
828,-1257,175,-2504,-1994,1279,0,0
860,-1010,117,-2414,-1860,1501,0,0
834,-946,186,-2369,-1921,1819,0,0
777,-716,287,-2609,-2066,1982,0,0
752,-722,280,-2917,-2183,2327,0,0
694,-647,260,-2950,-2123,2531,0,0
598,-667,286,-2903,-1929,2596,0,0
478,-780,314,-2944,-1787,2744,0,0
364,-645,310,-2787,-1721,2847,0,0
249,-555,276,-2601,-1749,2970,0,0
131,-435,239,-2609,-1721,3016,0,0
63,-266,219,-2619,-1562,2914,0,0
3,-187,163,-2721,-1606,2784,0,0
-13,-124,125,-2728,-1584,2769,0,0
-54,-53,88,-2626,-1547,2849,0,0
-111,190,69,-2581,-1551,2987,0,0
-183,412,46,-2619,-1677,3006,0,0
-245,446,8,-2824,-1660,2852,0,0
-219,560,-44,-2883,-1683,2723,0,0
-214,532,-122,-2858,-1688,2674,0,0
-230,662,-143,-2802,-1680,2687,0,0
-279,823,-122,-2856,-1714,2669,0,0
-373,804,-152,-2989,-1766,2486,0,0
-425,876,-224,-2862,-1725,2295,0,0
-472,940,-267,-2659,-1598,2228,0,0
-606,1081,-295,-2486,-1507,2110,0,0
-836,1231,-362,-2367,-1512,1748,0,0
-1057,1402,-432,-2318,-1542,1126,0,0
-1155,1625,-522,-1994,-1472,620,0,0
-1296,1401,-615,-1980,-1471,93,0,0
-1420,1448,-630,-2164,-1574,-166,0,0
-1503,2203,-561,-2042,-2080,-789,0,0
-1544,2511,-575,-2144,-2132,-1319,0,0
-1511,2316,-643,-1831,-2267,-1907,0,0
-1476,1732,-730,-1918,-2244,-2327,0,0
-1420,1798,-725,-1588,-2278,-2611,0,0
-1464,1644,-651,-1742,-2263,-3155,0,0
-1641,1631,-718,-1514,-2405,-3496,0,0
-1891,1248,-722,-1221,-2173,-4141,0,0
-1972,1684,-429,-1406,-1998,-4632,0,0
-1848,2424,-125,-1327,-2210,-5154,0,0
-1671,1930,-137,-1396,-2411,-5683,0,0
-1340,1411,-285,-1129,-2437,-6152,0,0
-902,1032,-367,-979,-2447,-6231,0,0
-565,497,-398,-1037,-2314,-6278,0,0
-298,-90,-370,-1014,-2046,-6198,0,0
-23,-199,-289,-887,-1925,-5594,0,0
155,-73,-142,-575,-1897,-5199,0,0
308,-170,93,-450,-1689,-4850,0,0
497,-137,209,-490,-1512,-4039,0,0
554,-200,160,-239,-1305,-3635,0,0
512,-480,126,-192,-1114,-3391,0,0
503,-230,95,-154,-1066,-2916,0,0
393,-65,74,-30,-1009,-2733,0,0
214,-179,84,-163,-1003,-2461,0,0
54,96,77,-87,-1016,-2440,0,0
-97,154,56,-4,-1133,-2699,0,0
-179,234,40,-161,-1163,-2797,0,0
-241,363,-77,-129,-1154,-3075,0,0
-378,274,-213,110,-1228,-3439,0,0
-539,278,-234,70,-1191,-3820,0,0
-638,535,-162,-104,-1279,-4062,0,0
-641,717,-70,-282,-1253,-4184,0,0
-653,418,-66,-133,-1224,-4314,0,0
-659,291,-54,7,-1220,-4406,0,0
-634,412,-3,125,-1247,-4735,0,0
-485,461,1,132,-1342,-5007,0,0
-281,468,-18,184,-1291,-5189,0,0
-95,352,-68,155,-1304,-5429,0,0
10,170,-125,140,-1318,-5531,0,0
168,-28,-104,33,-1447,-5452,0,0
371,-154,-30,-47,-1477,-5398,0,0
546,-461,56,-140,-1620,-5204,0,0
697,-805,165,-189,-1707,-5121,0,0
842,-956,347,-121,-1455,-5285,0,0
913,-1174,397,-251,-1606,-5252,0,0
1023,-1066,479,-410,-1858,-5150,0,0
1099,-1134,506,-733,-1741,-4906,0,0
1257,-1360,437,-915,-1909,-4769,0,0
1409,-1852,430,-1202,-1951,-4277,0,0
1503,-2242,429,-1322,-1759,-3971,0,0
1508,-2345,283,-1287,-1680,-3801,0,0
1529,-2076,248,-1495,-1946,-3329,0,0
1581,-1992,244,-1870,-2162,-2834,0,0
1626,-2354,186,-2181,-2283,-2222,0,0
1660,-2391,111,-2280,-2377,-1642,0,0
1662,-2155,127,-2115,-2420,-1299,0,0
1607,-1927,248,-1940,-2258,-896,0,0
1483,-1857,273,-2022,-2262,-65,0,0
1341,-1421,268,-2186,-2317,319,0,0
1256,-1172,316,-2266,-2205,596,0,0
1192,-1345,325,-2373,-2090,877,0,0
1106,-1276,257,-2275,-2160,1212,0,0
1019,-1162,208,-2150,-2065,1537,0,0
931,-972,268,-2228,-2053,1737,0,0
807,-944,282,-2425,-2048,1918,0,0
733,-955,241,-2553,-1972,2265,0,0
644,-548,224,-2549,-2113,2502,0,0
541,-382,251,-2706,-2184,2620,0,0
483,-324,275,-2898,-2254,2734,0,0
481,-198,276,-2848,-2063,2695,0,0
478,-331,269,-2687,-1886,2708,0,0
446,-309,254,-2644,-1738,2712,0,0
396,-181,225,-2643,-1662,2671,0,0
294,-219,167,-2760,-1588,2714,0,0
202,-177,101,-2728,-1608,2728,0,0
137,-180,67,-2699,-1694,2796,0,0
112,-52,75,-2709,-1648,2922,0,0
97,12,72,-2606,-1550,2964,0,0
73,60,17,-2545,-1550,3121,0,0
16,393,-34,-2594,-1591,3145,0,0
-62,492,-45,-2878,-1576,3010,0,0
-136,466,-91,-2994,-1635,2839,0,0
-183,529,-109,-2814,-1567,2686,0,0
-254,608,-80,-2723,-1445,2554,0,0
-364,751,-83,-2753,-1336,2499,0,0
-504,880,-140,-2765,-1308,2440,0,0
-678,900,-243,-2614,-1379,2337,0,0
-851,1102,-335,-2410,-1319,2107,0,0
-1034,1447,-440,-2281,-1216,1738,0,0
-1248,1766,-614,-2017,-1100,1365,0,0
-1492,2050,-861,-1693,-960,646,0,0
-1670,2337,-1004,-1047,-1436,-220,0,0
-1721,2394,-994,-1427,-1802,-1259,0,0
-1559,2509,-946,-1991,-2279,-1830,0,0
-1411,2554,-1020,-2065,-2402,-2140,0,0
-1401,2075,-1162,-1804,-2733,-2316,0,0
-1538,1905,-1078,-1490,-2974,-2669,0,0
-1639,1861,-930,-1316,-2698,-3611,0,0
-1548,1589,-761,-1287,-2655,-4026,0,0
-1510,1520,-679,-1294,-2547,-4184,0,0
-1560,1405,-658,-878,-2223,-3977,0,0
-1644,1423,-501,-431,-2603,-3884,0,0
-1686,1620,-440,-239,-3110,-4664,0,0
-1470,1724,-560,-282,-3111,-5925,0,0
-997,1285,-578,-593,-2835,-6138,0,0
-614,696,-490,-859,-2800,-5980,0,0
-480,161,-429,-538,-2873,-6097,0,0
-357,-22,-209,-269,-2827,-6018,0,0
-120,104,96,-239,-2577,-5495,0,0
125,-47,286,-97,-2307,-5041,0,0
333,-402,337,-250,-2013,-4578,0,0
502,-299,250,-118,-1591,-3951,0,0
551,-333,226,185,-1386,-3734,0,0
508,-623,263,-73,-1327,-3099,0,0
401,-258,246,-20,-1253,-2715,0,0
241,-93,225,145,-1252,-2680,0,0
85,-184,214,-22,-1220,-2522,0,0
-32,197,160,-89,-1164,-2502,0,0
-139,378,67,134,-1182,-2608,0,0
-278,128,-12,55,-1264,-2761,0,0
-366,390,-147,108,-1343,-3101,0,0
-423,527,-227,192,-1419,-3558,0,0
-441,308,-253,-26,-1385,-3643,0,0
-421,462,-294,112,-1501,-3854,0,0
-509,354,-267,288,-1512,-4091,0,0
-536,-90,-253,188,-1501,-4311,0,0
-513,236,-211,337,-1448,-4495,0,0
-504,488,-92,403,-1513,-4669,0,0
-423,358,-63,231,-1621,-4892,0,0
-239,603,-96,463,-1794,-5479,0,0
-60,324,-50,428,-1842,-5558,0,0
149,-169,19,192,-1807,-5339,0,0
322,-554,84,169,-1834,-5335,0,0
474,-732,159,216,-1927,-5307,0,0
619,-713,291,182,-1891,-5230,0,0
801,-805,365,40,-2016,-5091,0,0
930,-1006,372,140,-2191,-5136,0,0
1084,-1378,381,-193,-2183,-5056,0,0
1320,-1344,387,-435,-2362,-4670,0,0
1479,-1510,509,-704,-2374,-4643,0,0
1640,-1714,560,-1012,-2286,-4207,0,0
1782,-1815,598,-1187,-2381,-3801,0,0
1848,-1904,653,-1464,-2497,-3472,0,0
1897,-1832,628,-1685,-2702,-3257,0,0
1907,-1845,631,-1808,-2518,-2816,0,0
1814,-2273,658,-1796,-2316,-2392,0,0
1752,-2404,751,-1779,-2224,-1590,0,0
1638,-1954,913,-1885,-2042,-783,0,0
1440,-2016,953,-1851,-1957,-300,0,0
1354,-2046,827,-1951,-1696,457,0,0
1183,-1657,600,-1850,-1571,1063,0,0
927,-1389,464,-1885,-1494,1238,0,0
734,-961,396,-2212,-1634,1350,0,0
644,-648,291,-2497,-1928,1441,0,0
660,-566,249,-2718,-2120,1550,0,0
723,-741,154,-3208,-2029,1774,0,0
751,-951,13,-3153,-1885,2134,0,0
660,-1029,-80,-2825,-2052,2426,0,0
495,-982,-49,-2685,-2202,2539,0,0
330,-676,29,-2806,-2160,2479,0,0
206,-462,79,-2799,-2154,2359,0,0
115,-638,111,-2799,-2085,2415,0,0
29,-503,121,-2721,-2096,2491,0,0
-32,-441,140,-2584,-2161,2514,0,0
-53,-369,168,-2679,-2210,2639,0,0
-14,-196,162,-2650,-2150,2682,0,0
19,-302,123,-2593,-2118,2823,0,0
2,-216,40,-2591,-1988,2889,0,0
-32,-183,13,-2391,-1945,2863,0,0
-85,-160,40,-2371,-1982,2958,0,0
-121,197,65,-2306,-1915,2970,0,0
-200,337,57,-2331,-1875,3010,0,0
-313,476,17,-2443,-1862,2894,0,0
-423,699,-30,-2386,-1883,2660,0,0
-519,674,-61,-2389,-1869,2571,0,0
-596,866,-79,-2335,-1820,2493,0,0
-709,1093,-74,-2261,-1738,2408,0,0
-891,1265,-97,-2211,-1672,2193,0,0
-1077,1613,-163,-2115,-1716,1763,0,0
-1247,1765,-222,-2039,-1619,1247,0,0
-1405,1949,-264,-1952,-1409,704,0,0
-1502,2013,-324,-1901,-1524,47,0,0
-1560,1999,-409,-1854,-1735,-398,0,0
-1547,2216,-458,-1655,-1936,-1087,0,0
-1541,2280,-511,-1627,-2223,-1759,0,0
-1572,2427,-569,-1670,-2200,-2284,0,0
-1475,2455,-557,-1883,-2593,-2952,0,0
-1357,1999,-577,-2093,-2367,-3322,0,0
-1251,1569,-575,-1630,-2119,-3374,0,0
-1360,1208,-497,-1539,-2156,-3632,0,0
-1579,1084,-470,-1081,-1837,-3792,0,0
-1705,1168,-434,-329,-1914,-4158,0,0
-1808,1616,-326,-548,-2150,-4960,0,0
-1731,2140,-359,-856,-2207,-6093,0,0
-1392,1789,-560,-1184,-2343,-6525,0,0
-1013,1276,-680,-1137,-2389,-6586,0,0
-816,593,-631,-950,-2561,-6646,0,0
-588,434,-327,-806,-2333,-6282,0,0
-311,379,34,-568,-1995,-5808,0,0
-163,-9,180,-577,-1827,-5695,0,0
101,-132,154,-392,-1426,-5293,0,0
395,-434,52,-173,-1337,-4687,0,0
524,-760,37,19,-1031,-3818,0,0
577,-521,132,46,-814,-3183,0,0
479,-339,172,124,-755,-2917,0,0
380,-256,183,124,-722,-2755,0,0
314,-105,144,27,-707,-2744,0,0
200,109,39,40,-771,-2659,0,0
50,291,-8,83,-798,-2754,0,0
-74,220,-60,83,-882,-2806,0,0
-173,429,-117,116,-946,-3087,0,0
-308,503,-175,223,-1005,-3595,0,0
-372,425,-224,168,-1037,-3782,0,0
-417,523,-312,229,-1152,-4282,0,0
-473,365,-348,275,-1356,-4821,0,0
