100,-173,71,-3480,-1924,-1473,0,0
-6,-183,9,-3575,-1947,-995,0,0
-82,-1,-8,-4013,-2191,-601,0,0
-152,106,89,-4331,-2343,-549,0,0
-207,-167,230,-4274,-2312,-510,0,0
-108,-274,377,-3999,-2253,-214,0,0
190,163,524,-3634,-1973,-410,0,0
414,326,507,-3524,-1569,-873,0,0
424,128,405,-3729,-1297,-1077,0,0
228,68,374,-3865,-1100,-964,0,0
-66,200,424,-4017,-839,-809,0,0
-309,308,384,-4178,-566,-880,0,0
-442,224,229,-4234,-399,-935,0,0
-487,88,159,-4215,-451,-1067,0,0
-422,-116,173,-4151,-413,-1258,0,0
-170,-164,181,-3929,-210,-1141,0,0
159,166,228,-3680,-59,-681,0,0
347,536,230,-3763,-321,-169,0,0
312,702,51,-4007,-569,-227,0,0
166,621,-186,-3768,-736,-579,0,0
44,611,-295,-3356,-928,-729,0,0
51,802,-279,-3139,-1014,-926,0,0
121,998,-302,-3160,-1112,-964,0,0
199,1198,-324,-3090,-1243,-1124,0,0
232,1359,-338,-2954,-1405,-1266,0,0
164,1525,-325,-2766,-1400,-1687,0,0
20,1568,-352,-2344,-1245,-2225,0,0
-109,1528,-380,-2049,-1372,-2404,0,0
-176,1632,-305,-1848,-1455,-2465,0,0
-258,1715,-236,-1836,-1399,-2717,0,0
-334,1744,-207,-1867,-1336,-3323,0,0
-394,1614,-150,-1720,-1166,-3606,0,0
-539,1544,-40,-1534,-991,-3524,0,0
-735,1540,-19,-1250,-814,-3542,0,0
-818,1371,34,-1002,-989,-3814,0,0
-810,949,-52,-831,-821,-4054,0,0
-649,815,-26,-727,-856,-4280,0,0
-475,919,25,-633,-833,-4383,0,0
-362,1069,82,-438,-647,-4588,0,0
-289,1067,111,-215,-577,-4684,0,0
-271,1014,74,54,-509,-4876,0,0
-235,860,0,169,-371,-4861,0,0
-170,925,19,259,-486,-4707,0,0
-143,1014,6,348,-404,-4841,0,0
-145,907,-28,440,-476,-4822,0,0
-145,794,-9,528,-514,-4827,0,0
-152,659,6,592,-433,-4933,0,0
-153,472,5,663,-419,-4873,0,0
-157,368,16,722,-376,-4722,0,0
-176,299,35,807,-384,-4641,0,0
-184,167,34,906,-318,-4682,0,0
-165,63,39,945,-275,-4608,0,0
-128,-68,18,949,-280,-4564,0,0
-97,-130,-11,1012,-292,-4489,0,0
-47,-99,15,946,-229,-4624,0,0
9,-279,-35,839,-210,-4678,0,0
34,-439,-107,802,-224,-4773,0,0
49,-597,-142,725,-286,-4909,0,0
36,-687,-132,549,-270,-5083,0,0
-3,-718,-98,372,-194,-5400,0,0
1,-804,-53,277,-182,-5454,0,0
43,-925,-44,236,-143,-5237,0,0
102,-1059,-85,147,-157,-4836,0,0
129,-1106,-128,-47,-170,-4675,0,0
137,-1151,-137,-250,-284,-4441,0,0
150,-1137,-104,-423,-251,-4274,0,0
216,-1156,-58,-553,-317,-4009,0,0
283,-1206,-68,-659,-268,-3946,0,0
338,-1312,-122,-748,-300,-3918,0,0
355,-1324,-161,-902,-348,-3718,0,0
340,-1192,-128,-1172,-455,-3616,0,0
289,-1213,-125,-1434,-495,-3633,0,0
305,-1274,-144,-1710,-649,-3395,0,0
370,-1197,-149,-1889,-857,-3137,0,0
419,-1135,-101,-2051,-844,-2914,0,0
449,-1153,-82,-2257,-964,-2700,0,0
500,-1210,-65,-2384,-903,-2732,0,0
544,-1239,19,-2549,-827,-2619,0,0
537,-1213,46,-2655,-932,-2257,0,0
512,-1083,71,-2773,-943,-2118,0,0
463,-1017,84,-2844,-993,-1844,0,0
398,-903,95,-2924,-1103,-1614,0,0
341,-766,133,-3135,-1034,-1617,0,0
296,-785,140,-3377,-1169,-1401,0,0
280,-733,147,-3619,-1185,-1335,0,0
287,-695,103,-3730,-969,-1459,0,0
253,-697,7,-3619,-1097,-1231,0,0
198,-487,16,-3587,-1162,-1218,0,0
141,-415,14,-3684,-1121,-1182,0,0
91,-475,-32,-3761,-1276,-1026,0,0
67,-441,-35,-3801,-1377,-984,0,0
80,-405,21,-3902,-1430,-1025,0,0
107,-391,90,-4041,-1419,-1006,0,0
86,-315,113,-4119,-1336,-877,0,0
34,-70,135,-4078,-1345,-789,0,0
-40,-46,154,-3987,-1271,-918,0,0
-86,-274,101,-3951,-1222,-851,0,0
-48,-201,75,-3857,-1169,-818,0,0
-13,-80,53,-3839,-1133,-825,0,0
-36,-72,16,-3902,-1145,-776,0,0
-78,5,-4,-3943,-1205,-685,0,0
-107,160,0,-4020,-1269,-685,0,0
-126,224,-17,-3973,-1258,-767,0,0
-101,311,-31,-3880,-1255,-780,0,0
-91,446,-14,-3853,-1233,-740,0,0
-120,519,-22,-3853,-1207,-719,0,0
-132,663,-61,-3778,-1170,-824,0,0
-138,765,-109,-3663,-1208,-879,0,0
-160,921,-111,-3535,-1221,-904,0,0
-200,1039,-109,-3413,-1162,-1109,0,0
-210,1088,-146,-3226,-1167,-1202,0,0
-212,1179,-219,-2913,-1035,-1416,0,0
-329,1265,-316,-2673,-1143,-1652,0,0
-452,1486,-237,-2509,-1264,-2194,0,0
-451,1438,-157,-2436,-1191,-2705,0,0
-418,1177,-181,-2402,-1147,-2928,0,0
-373,1242,-125,-2304,-1197,-2863,0,0
-359,1440,20,-2236,-1028,-3085,0,0
-397,1316,36,-2082,-998,-3151,0,0
-386,1212,24,-1858,-920,-3332,0,0
-314,1256,50,-1530,-918,-3258,0,0
-154,1691,110,-1180,-1021,-3474,0,0
47,1942,262,-906,-858,-4014,0,0
23,1153,187,-992,-423,-4347,0,0
-154,394,-43,-952,-566,-4227,0,0
-278,394,-142,-807,-596,-4337,0,0
-448,590,-120,-702,-591,-4387,0,0
-661,662,-45,-720,-572,-4441,0,0
-770,636,-25,-636,-492,-4550,0,0
-725,576,-62,-470,-519,-4473,0,0
-639,775,-2,-301,-456,-4449,0,0
-528,742,76,-302,-300,-4512,0,0
-452,532,98,-215,-260,-4425,0,0
-385,531,112,59,-163,-4489,0,0
-298,558,162,73,-38,-4596,0,0
-228,543,176,149,-16,-4605,0,0
-184,578,192,218,92,-4659,0,0
-175,541,181,325,127,-4562,0,0
-134,502,173,466,81,-4463,0,0
-80,378,138,461,152,-4469,0,0
-57,264,72,483,155,-4373,0,0
-46,266,39,661,73,-4401,0,0
-25,181,38,727,91,-4457,0,0
-24,125,51,685,108,-4412,0,0
-19,93,35,707,158,-4495,0,0
-22,-19,-14,793,140,-4476,0,0
-40,-69,-27,835,114,-4513,0,0
-42,-128,-43,781,115,-4673,0,0
-7,-238,-84,708,155,-4824,0,0
45,-297,-90,600,93,-4865,0,0
87,-346,-74,506,126,-4924,0,0
103,-480,-65,404,102,-4928,0,0
147,-617,-56,320,102,-4997,0,0
205,-771,-77,222,60,-4891,0,0
248,-809,-80,174,70,-4694,0,0
309,-863,-94,57,85,-4804,0,0
371,-1112,-184,-80,102,-4964,0,0
399,-1334,-245,-250,-63,-4711,0,0
356,-1321,-197,-478,-164,-4632,0,0
297,-1432,-181,-682,-159,-4446,0,0
284,-1393,-154,-884,-292,-4094,0,0
261,-1358,-147,-1049,-260,-3873,0,0
234,-1342,-119,-1260,-314,-3552,0,0
210,-1409,-169,-1479,-356,-3293,0,0
216,-1405,-194,-1623,-423,-3005,0,0
228,-1350,-207,-1747,-525,-2807,0,0
268,-1254,-196,-1895,-625,-2687,0,0
315,-1168,-174,-2255,-668,-2587,0,0
342,-1066,-171,-2507,-795,-2354,0,0
327,-960,-128,-2728,-822,-2498,0,0
296,-977,-117,-2909,-810,-2417,0,0
255,-849,-86,-2948,-891,-2335,0,0
198,-785,-68,-2987,-877,-2238,0,0
158,-764,-86,-3101,-897,-2073,0,0
153,-699,-126,-3126,-1007,-1925,0,0
176,-671,-143,-3214,-1062,-1953,0,0
193,-699,-149,-3373,-1075,-1901,0,0
180,-686,-145,-3437,-1176,-1752,0,0
131,-688,-101,-3572,-1162,-1718,0,0
123,-674,-105,-3662,-1172,-1651,0,0
171,-572,-123,-3614,-1286,-1409,0,0
205,-426,-65,-3671,-1366,-1285,0,0
207,-443,-24,-3781,-1295,-1191,0,0
210,-433,-31,-3822,-1302,-1089,0,0
213,-290,-11,-3808,-1313,-1081,0,0
184,-320,-18,-3833,-1299,-1075,0,0
175,-374,-36,-3872,-1335,-1029,0,0
204,-302,-5,-3898,-1403,-997,0,0
228,-196,34,-3908,-1435,-993,0,0
234,-137,62,-3935,-1389,-1050,0,0
218,-190,65,-3944,-1388,-1078,0,0
197,-175,51,-3827,-1347,-992,0,0
144,-117,72,-3788,-1263,-952,0,0
28,-160,44,-3828,-1261,-874,0,0
-80,-107,-19,-3889,-1375,-807,0,0
-120,-2,-34,-3968,-1502,-863,0,0
-107,24,-12,-4043,-1522,-866,0,0
-82,27,9,-4026,-1486,-757,0,0
-82,73,22,-3941,-1432,-791,0,0
-90,73,18,-3878,-1402,-839,0,0
-90,95,12,-3880,-1395,-860,0,0
-83,157,8,-3904,-1398,-898,0,0
-94,171,2,-3942,-1421,-887,0,0
-103,195,14,-3935,-1434,-937,0,0
-96,230,28,-3888,-1452,-955,0,0
-74,269,41,-3863,-1428,-953,0,0
-62,335,54,-3816,-1426,-914,0,0
-65,460,87,-3775,-1373,-988,0,0
-90,509,99,-3745,-1306,-1072,0,0
-112,580,87,-3670,-1312,-1165,0,0
-148,598,100,-3603,-1294,-1329,0,0
-226,673,171,-3542,-1205,-1351,0,0
-326,794,219,-3517,-1060,-1396,0,0
-365,817,168,-3366,-1062,-1423,0,0
-303,922,104,-3070,-1033,-1531,0,0
-205,1098,70,-2903,-1013,-1801,0,0
-158,1172,53,-2819,-928,-2174,0,0
-166,1362,80,-2678,-928,-2419,0,0
-163,1468,121,-2583,-780,-2835,0,0
-118,1239,50,-2533,-829,-2944,0,0
-46,876,-85,-2396,-868,-2997,0,0
-22,785,-96,-2302,-927,-3177,0,0
37,1104,-15,-2197,-881,-3555,0,0
84,1333,57,-2047,-879,-3721,0,0
21,1136,61,-1914,-764,-3587,0,0
-60,1107,70,-1716,-776,-3595,0,0
-111,1023,3,-1480,-747,-3740,0,0
-86,887,-4,-1264,-844,-3828,0,0
-15,916,-28,-1125,-706,-3754,0,0
87,993,-17,-996,-774,-3704,0,0
94,1012,4,-824,-832,-3654,0,0
1,1049,-20,-686,-780,-4091,0,0
-83,869,-71,-623,-711,-4387,0,0
-149,714,-103,-631,-807,-4587,0,0
-159,626,-188,-455,-836,-4545,0,0
-154,677,-148,-324,-1069,-4474,0,0
-175,781,-43,-242,-926,-4552,0,0
-181,707,43,-191,-893,-4563,0,0
-148,617,38,-16,-882,-4406,0,0
-178,690,11,197,-919,-4273,0,0
-283,698,51,356,-817,-4180,0,0
-296,721,166,280,-562,-4197,0,0
-274,662,185,265,-445,-4157,0,0
-254,523,82,447,-558,-4133,0,0
-220,361,-18,650,-588,-4076,0,0
-169,311,-11,726,-644,-4030,0,0
-111,350,46,820,-630,-4085,0,0
-54,425,105,886,-523,-4192,0,0
-33,330,83,966,-510,-4256,0,0
-28,189,30,1074,-548,-4302,0,0
10,156,-8,1102,-523,-4369,0,0
38,179,-31,1120,-551,-4271,0,0
16,305,8,1121,-669,-4250,0,0
-62,411,102,1055,-602,-4467,0,0
-168,293,167,955,-490,-4643,0,0
-203,81,93,1007,-434,-4684,0,0
-157,-91,-14,1167,-522,-4606,0,0
-100,-204,-41,1160,-571,-4466,0,0
-71,-241,-5,1063,-551,-4488,0,0
-51,-289,21,1066,-529,-4580,0,0
-29,-361,34,1025,-467,-4647,0,0
2,-413,35,891,-379,-4681,0,0
19,-547,30,701,-437,-4796,0,0
34,-748,-13,641,-508,-4919,0,0
98,-850,9,536,-556,-4921,0,0
147,-904,50,444,-541,-4823,0,0
178,-968,83,378,-502,-4683,0,0
197,-991,92,241,-420,-4613,0,0
183,-1089,37,84,-333,-4612,0,0
155,-1149,-46,-26,-398,-4353,0,0
103,-1187,-72,-279,-522,-4308,0,0
97,-1261,-144,-451,-569,-4196,0,0
223,-993,-111,-602,-632,-4022,0,0
330,-661,-43,-709,-687,-3891,0,0
297,-705,49,-928,-582,-3934,0,0
131,-1201,25,-1136,-545,-3643,0,0
11,-1324,-45,-1315,-657,-3296,0,0
-2,-1079,-73,-1432,-633,-3196,0,0
18,-1130,-138,-1502,-738,-3159,0,0
71,-1218,-195,-1623,-782,-3020,0,0
175,-1060,-131,-1879,-854,-3030,0,0
201,-1051,-119,-2177,-804,-2992,0,0
181,-1068,-158,-2327,-861,-2900,0,0
162,-1007,-152,-2398,-1014,-2802,0,0
166,-968,-100,-2530,-1024,-2764,0,0
191,-964,-70,-2704,-925,-2571,0,0
217,-771,-32,-2816,-1106,-2332,0,0
223,-658,17,-2984,-991,-2535,0,0
224,-833,-47,-3102,-1071,-2370,0,0
242,-737,-41,-3164,-1187,-2226,0,0
245,-693,-10,-3290,-1103,-2286,0,0
240,-829,-40,-3387,-1100,-2092,0,0
241,-682,-1,-3415,-1161,-1941,0,0
215,-654,12,-3475,-1134,-1944,0,0
184,-764,-23,-3447,-1110,-1776,0,0
187,-699,-26,-3422,-1145,-1714,0,0
191,-684,-29,-3436,-1210,-1574,0,0
152,-696,-45,-3657,-1338,-1392,0,0
135,-531,-16,-3869,-1348,-1197,0,0
111,-401,6,-3936,-1396,-997,0,0
66,-486,-10,-3969,-1489,-912,0,0
35,-524,-5,-3895,-1465,-806,0,0
53,-368,42,-3843,-1433,-809,0,0
102,-276,77,-3916,-1377,-823,0,0
129,-186,66,-3892,-1358,-722,0,0
140,-121,58,-3887,-1288,-827,0,0
147,-116,45,-3972,-1296,-830,0,0
145,-36,31,-3977,-1338,-796,0,0
110,0,38,-3960,-1277,-862,0,0
71,-27,23,-3999,-1325,-810,0,0
48,53,17,-3963,-1379,-771,0,0
19,64,21,-3874,-1355,-807,0,0
23,111,2,-3857,-1389,-756,0,0
18,209,1,-3866,-1408,-842,0,0
-12,206,-8,-3871,-1401,-918,0,0
-29,302,2,-3889,-1412,-976,0,0
-77,341,13,-3904,-1337,-1052,0,0
-144,341,-7,-3850,-1345,-950,0,0
-204,432,-14,-3780,-1271,-964,0,0
-278,493,-38,-3731,-1354,-858,0,0
-310,677,-50,-3603,-1442,-985,0,0
-254,761,-38,-3551,-1371,-1294,0,0
-189,794,-56,-3480,-1352,-1160,0,0
-148,1030,-32,-3392,-1424,-1271,0,0
-69,1056,-28,-3334,-1358,-1595,0,0
25,1011,-27,-3226,-1324,-1802,0,0
53,1061,-37,-3070,-1229,-2051,0,0
5,1124,-30,-2919,-1253,-2333,0,0
-61,1062,-35,-2818,-1208,-2592,0,0
-133,1076,-39,-2628,-1212,-2642,0,0
-179,1158,-1,-2443,-1211,-2832,0,0
-215,1175,20,-2251,-1183,-2853,0,0
-229,1206,42,-2015,-1106,-2741,0,0
-231,1407,78,-1772,-1121,-2691,0,0
-195,1483,134,-1586,-1137,-2994,0,0
-88,1213,106,-1461,-1188,-3700,0,0
23,1077,-74,-1352,-1006,-4011,0,0
60,1268,-86,-1275,-1188,-4365,0,0
-33,1041,-144,-1162,-1176,-4357,0,0
-181,1087,-90,-1119,-995,-4260,0,0
-331,1046,-15,-995,-988,-4237,0,0
-420,989,-67,-694,-957,-4185,0,0
-428,845,-129,-597,-935,-4300,0,0
-423,640,-149,-484,-1011,-4240,0,0
-388,722,-81,-503,-860,-4308,0,0
-325,728,-19,-394,-830,-4364,0,0
-300,601,-35,-187,-800,-4234,0,0
-249,499,-2,-119,-771,-4300,0,0
-310,238,2,-19,-694,-4396,0,0
-280,305,7,142,-606,-4294,0,0
-208,614,45,187,-580,-4317,0,0
-190,612,44,167,-462,-4416,0,0
-188,502,6,223,-470,-4235,0,0
-229,430,53,333,-510,-4218,0,0
-212,364,80,394,-436,-4168,0,0
-178,329,94,462,-389,-4134,0,0
-163,226,77,582,-362,-4150,0,0
-136,203,78,687,-384,-4087,0,0
-120,221,75,701,-397,-4215,0,0
-128,172,62,831,-368,-4347,0,0
-98,221,124,822,-324,-4464,0,0
-48,224,126,842,-276,-4460,0,0
-50,135,85,860,-228,-4494,0,0
-57,82,47,875,-226,-4391,0,0
-56,139,60,857,-264,-4288,0,0
-79,91,45,846,-307,-4208,0,0
-88,43,36,876,-277,-4222,0,0
-60,-21,12,868,-283,-4292,0,0
-2,-109,-13,929,-318,-4419,0,0
49,-218,-31,927,-302,-4627,0,0
101,-279,-34,835,-366,-4810,0,0
101,-354,1,710,-401,-5077,0,0
68,-582,46,579,-274,-5204,0,0
86,-894,-12,600,-326,-5049,0,0
133,-1030,-75,549,-326,-5017,0,0
165,-1003,-93,355,-293,-5009,0,0
144,-986,-101,129,-303,-4853,0,0
88,-1120,-124,-99,-360,-4671,0,0
70,-1164,-161,-217,-531,-4261,0,0
108,-1045,-92,-329,-493,-3971,0,0
97,-1107,-36,-531,-402,-3797,0,0
76,-1190,-94,-677,-348,-3811,0,0
119,-1144,-172,-876,-402,-3913,0,0
153,-1193,-221,-1137,-366,-3854,0,0
154,-1159,-216,-1326,-531,-3621,0,0
99,-1070,-175,-1513,-537,-3588,0,0
119,-948,-108,-1785,-561,-3316,0,0
84,-985,-135,-1904,-698,-3060,0,0
-2,-1135,-190,-1976,-766,-2937,0,0
-9,-1100,-184,-2158,-688,-3065,0,0
70,-1013,-153,-2353,-706,-3164,0,0
156,-1036,-166,-2632,-709,-3161,0,0
180,-1034,-150,-2766,-771,-3028,0,0
135,-1054,-66,-2774,-891,-2894,0,0
133,-1046,-2,-2899,-760,-2745,0,0
184,-1001,-29,-3008,-723,-2459,0,0
185,-1013,-77,-2913,-853,-2229,0,0
194,-1019,-50,-3054,-763,-2260,0,0
233,-1061,-91,-3173,-779,-1912,0,0
277,-919,-146,-3170,-971,-1651,0,0
309,-836,-144,-3279,-1060,-1651,0,0
286,-855,-121,-3472,-1045,-1551,0,0
244,-700,-88,-3637,-1052,-1469,0,0
202,-608,-80,-3744,-1025,-1416,0,0
136,-617,-114,-3715,-1106,-1144,0,0
81,-462,-94,-3732,-1231,-1051,0,0
61,-420,-77,-3885,-1236,-1070,0,0
58,-380,-72,-3967,-1301,-921,0,0
45,-180,-46,-3961,-1331,-874,0,0
20,-206,-25,-4046,-1287,-923,0,0
-16,-376,-48,-4014,-1308,-736,0,0
-25,-228,-32,-3920,-1348,-682,0,0
-29,-127,-9,-3889,-1361,-736,0,0
-40,-215,2,-3895,-1331,-709,0,0
-20,-120,26,-3864,-1288,-676,0,0
5,37,51,-3855,-1251,-769,0,0
19,22,26,-4001,-1272,-834,0,0
18,29,-11,-4021,-1280,-828,0,0
4,85,-12,-3983,-1333,-752,0,0
-13,104,7,-3964,-1321,-771,0,0
7,159,6,-3875,-1305,-714,0,0
32,264,-4,-3859,-1293,-773,0,0
20,325,3,-3963,-1303,-771,0,0
-10,415,0,-4010,-1417,-872,0,0
5,468,5,-3913,-1422,-892,0,0
29,595,55,-3824,-1406,-862,0,0
34,649,83,-3805,-1348,-936,0,0
57,663,71,-3778,-1359,-1024,0,0
114,713,80,-3657,-1380,-954,0,0
143,898,111,-3429,-1305,-978,0,0
113,1093,103,-3188,-1204,-1311,0,0
30,1287,86,-2865,-1201,-1524,0,0
-25,1623,135,-2470,-1175,-1785,0,0
-75,1782,159,-2445,-976,-2536,0,0
-138,1523,135,-2595,-967,-2981,0,0
-193,1416,132,-2621,-991,-3006,0,0
-261,1428,134,-2415,-960,-3182,0,0
-335,1247,70,-2108,-914,-3297,0,0
-336,1190,82,-1829,-937,-3439,0,0
-307,1140,75,-1708,-771,-3605,0,0
-243,1175,71,-1649,-725,-3712,0,0
-236,1103,23,-1557,-615,-3625,0,0
-270,1038,-5,-1385,-545,-3578,0,0
-283,898,-82,-1094,-378,-3445,0,0
-275,739,-267,-682,-559,-2978,0,0
-216,832,-325,-409,-809,-3136,0,0
-207,815,-273,-643,-675,-4445,0,0
-199,761,-244,-951,-455,-4984,0,0
-183,1108,-159,-891,-603,-5165,0,0
-272,841,-191,-527,-647,-5088,0,0
-329,720,-58,-271,-670,-4975,0,0
-305,766,8,-153,-545,-4979,0,0
-260,781,11,-18,-500,-4802,0,0
-313,751,-17,100,-488,-4525,0,0
-372,710,-32,130,-339,-4403,0,0
-379,521,-39,54,-214,-4398,0,0
-298,330,-81,54,-263,-4229,0,0
-236,333,-71,237,-377,-4102,0,0
-198,289,10,318,-385,-4115,0,0
-138,245,99,325,-311,-4139,0,0
-80,244,149,402,-186,-4248,0,0
-45,173,146,598,-224,-4155,0,0
-19,194,159,648,-176,-4313,0,0
4,132,114,644,-145,-4314,0,0
14,185,92,676,-143,-4364,0,0
6,161,91,643,-165,-4469,0,0
6,54,84,656,-204,-4437,0,0
5,13,95,697,-193,-4469,0,0
6,-46,98,710,-153,-4546,0,0
18,-143,77,716,-136,-4608,0,0
20,-263,41,744,-143,-4638,0,0
30,-270,71,689,-108,-4836,0,0
35,-367,63,522,-67,-4786,0,0
28,-505,4,494,-131,-4776,0,0
74,-586,-4,438,-160,-4838,0,0
130,-681,-20,328,-131,-4888,0,0
167,-765,-37,238,-115,-4851,0,0
179,-850,-47,147,-138,-4757,0,0
174,-915,-67,122,-104,-4510,0,0
195,-911,-73,-76,-77,-4314,0,0
192,-1054,-181,-219,-108,-3945,0,0
161,-982,-237,-373,-326,-3673,0,0
146,-894,-257,-670,-507,-3844,0,0
183,-1083,-295,-944,-504,-4046,0,0
260,-1151,-297,-1175,-623,-3839,0,0
294,-1003,-196,-1258,-776,-3704,0,0
279,-981,-71,-1415,-609,-3688,0,0
249,-1008,-22,-1682,-515,-3488,0,0
210,-1005,-51,-1750,-738,-3316,0,0
201,-1015,-67,-1858,-839,-3341,0,0
252,-1076,-90,-2097,-772,-3335,0,0
324,-1016,-73,-2236,-835,-3139,0,0
313,-936,20,-2298,-847,-2958,0,0
283,-915,63,-2466,-765,-2769,0,0
248,-849,28,-2527,-772,-2610,0,0
202,-751,10,-2569,-877,-2535,0,0
156,-720,-13,-2760,-946,-2593,0,0
138,-760,-40,-3031,-934,-2671,0,0
162,-696,-38,-3128,-1009,-2468,0,0
174,-608,-7,-3230,-1023,-2441,0,0
179,-743,-23,-3329,-1038,-2270,0,0
183,-749,-39,-3326,-1177,-2113,0,0
196,-688,-11,-3359,-1182,-2152,0,0
232,-751,-14,-3421,-1184,-2011,0,0
251,-596,-1,-3413,-1184,-1801,0,0
213,-507,31,-3535,-1108,-1926,0,0
156,-679,-38,-3608,-1073,-1703,0,0
84,-557,-93,-3590,-1132,-1484,0,0
-37,-536,-138,-3624,-1194,-1523,0,0
-72,-537,-151,-3633,-1303,-1443,0,0
-27,-416,-133,-3659,-1359,-1395,0,0
6,-401,-126,-3720,-1405,-1282,0,0
24,-349,-91,-3844,-1447,-1221,0,0
34,-334,-75,-3911,-1445,-1169,0,0
31,-297,-54,-3867,-1485,-1113,0,0
20,-250,-23,-3824,-1454,-1173,0,0
32,-248,-11,-3828,-1433,-1153,0,0
49,-179,-1,-3826,-1426,-1003,0,0
28,-84,12,-3867,-1435,-957,0,0
-15,-84,11,-3909,-1427,-1006,0,0
-16,-84,-5,-3910,-1434,-1004,0,0
1,-34,-19,-3897,-1440,-995,0,0
13,-22,-21,-3910,-1427,-1017,0,0
21,6,-28,-3951,-1459,-1005,0,0
6,57,4,-3914,-1472,-1010,0,0
-12,94,34,-3865,-1416,-1054,0,0
-9,130,36,-3846,-1375,-1060,0,0
-17,187,38,-3835,-1374,-1075,0,0
-35,225,20,-3850,-1364,-1126,0,0
-52,244,-8,-3851,-1408,-1125,0,0
-62,280,12,-3836,-1434,-1140,0,0
-36,336,29,-3816,-1392,-1158,0,0
-4,360,3,-3771,-1415,-1158,0,0
6,434,6,-3686,-1418,-1180,0,0
-3,517,28,-3619,-1382,-1261,0,0
-22,597,34,-3551,-1352,-1382,0,0
-37,726,51,-3464,-1321,-1529,0,0
-48,847,67,-3406,-1299,-1687,0,0
-76,957,118,-3363,-1259,-1874,0,0
-127,1001,158,-3285,-1169,-2042,0,0
-205,958,125,-3183,-1082,-2127,0,0
-294,840,48,-3029,-1099,-2206,0,0
-347,751,-35,-2807,-1133,-2243,0,0
-361,905,-41,-2601,-1188,-2315,0,0
-377,1238,62,-2496,-1184,-2540,0,0
-402,1384,158,-2470,-1011,-2849,0,0
-416,1265,112,-2366,-916,-3099,0,0
-403,1004,4,-2188,-910,-3042,0,0
-391,1108,35,-1843,-1020,-3052,0,0
-386,1170,99,-1695,-767,-3523,0,0
-367,1140,190,-1642,-651,-3823,0,0
-327,1047,204,-1674,-541,-4065,0,0
-221,890,198,-1666,-560,-4144,0,0
-174,786,191,-1549,-581,-4034,0,0
-195,887,220,-1282,-541,-4215,0,0
-202,737,237,-1104,-448,-4383,0,0
-170,587,198,-862,-527,-4377,0,0
-102,570,146,-743,-373,-4506,0,0
-35,557,137,-758,-362,-4308,0,0
-31,514,115,-771,-329,-4290,0,0
-29,397,37,-768,-332,-4429,0,0
-23,444,-8,-682,-451,-4401,0,0
-55,550,42,-578,-445,-4533,0,0
-75,456,87,-597,-369,-4405,0,0
-83,414,63,-451,-377,-4181,0,0
-83,370,30,-267,-382,-4094,0,0
-46,352,4,-238,-384,-4017,0,0
4,338,-44,-280,-393,-4112,0,0
28,268,-101,-300,-443,-4335,0,0
37,229,-98,-313,-448,-4461,0,0
4,240,-50,-231,-530,-4326,0,0
-40,322,37,-114,-438,-4362,0,0
-37,264,46,-147,-288,-4256,0,0
-48,166,-6,-134,-309,-3982,0,0
-73,142,-34,-29,-418,-3836,0,0
-80,161,-5,12,-459,-3837,0,0
-78,194,37,98,-445,-3921,0,0
-39,216,76,128,-357,-4046,0,0
-16,122,59,164,-371,-4048,0,0
-6,133,59,228,-490,-4097,0,0
48,328,133,277,-349,-4482,0,0
63,271,171,263,-249,-4602,0,0
1,157,139,404,-264,-4499,0,0
-54,125,126,494,-285,-4535,0,0
-55,78,85,485,-263,-4507,0,0
-54,45,41,448,-255,-4480,0,0
-75,-58,20,435,-295,-4528,0,0
-55,-175,7,387,-293,-4561,0,0
-19,-222,3,384,-275,-4579,0,0
-9,-342,2,390,-246,-4752,0,0
14,-509,-27,331,-214,-4914,0,0
53,-607,-62,219,-121,-5091,0,0
71,-723,-109,95,-220,-5104,0,0
40,-854,-147,-49,-244,-5166,0,0
38,-896,-123,-260,-270,-4986,0,0
17,-963,-129,-457,-245,-4749,0,0
-1,-980,-165,-627,-334,-4275,0,0
-7,-912,-134,-774,-425,-4075,0,0
-9,-1035,-103,-834,-381,-4019,0,0
70,-1048,-80,-967,-337,-3981,0,0
171,-1104,-120,-1057,-368,-3800,0,0
205,-1215,-139,-1252,-323,-3707,0,0
207,-1344,-169,-1576,-331,-3635,0,0
191,-1371,-206,-1715,-442,-3403,0,0
176,-1301,-158,-1841,-565,-3279,0,0
212,-1278,-118,-1921,-689,-3041,0,0
272,-1174,-38,-2035,-728,-2824,0,0
319,-1064,36,-2429,-541,-2834,0,0
303,-1126,-75,-2620,-544,-2771,0,0
251,-1101,-153,-2601,-592,-2645,0,0
211,-1000,-117,-2720,-745,-2500,0,0
179,-1036,-139,-2817,-844,-2320,0,0
196,-915,-135,-2982,-836,-2201,0,0
235,-777,-120,-3165,-875,-2059,0,0
246,-758,-144,-3218,-1010,-1847,0,0
212,-723,-155,-3264,-1044,-1784,0,0
166,-653,-111,-3397,-1007,-1758,0,0
135,-453,-53,-3505,-1068,-1655,0,0
100,-376,-36,-3589,-1106,-1697,0,0
81,-589,-121,-3822,-1165,-1703,0,0
120,-601,-167,-3823,-1234,-1546,0,0
135,-420,-103,-3750,-1270,-1472,0,0
84,-404,-51,-3886,-1160,-1619,0,0
55,-558,-88,-3882,-1211,-1357,0,0
51,-423,-84,-3781,-1284,-1145,0,0
31,-286,-38,-3765,-1267,-1128,0,0
-10,-381,-56,-3844,-1322,-998,0,0
-12,-330,-80,-3904,-1331,-1014,0,0
0,-320,-91,-3882,-1399,-1006,0,0
0,-294,-56,-3920,-1441,-899,0,0
0,-144,2,-3961,-1348,-865,0,0
-22,-132,-10,-3946,-1358,-842,0,0
-40,-174,-24,-3897,-1384,-861,0,0
-35,-109,-4,-3879,-1341,-844,0,0
-19,-53,7,-3946,-1388,-853,0,0
-6,-44,6,-3961,-1366,-988,0,0
17,-59,-2,-3960,-1344,-1003,0,0
7,-40,7,-3988,-1330,-958,0,0
-59,-47,27,-4016,-1293,-903,0,0
-98,-26,16,-3991,-1307,-823,0,0
-106,17,1,-3973,-1340,-804,0,0
-98,43,-5,-3957,-1395,-741,0,0
-71,133,15,-3948,-1400,-801,0,0
-47,191,34,-3961,-1365,-792,0,0
-28,273,45,-3968,-1374,-803,0,0
-23,330,51,-3918,-1366,-827,0,0
-10,420,65,-3887,-1355,-828,0,0
-15,510,80,-3835,-1334,-847,0,0
-19,565,89,-3777,-1326,-1073,0,0
52,588,50,-3635,-1226,-1292,0,0
95,643,43,-3448,-1176,-1167,0,0
29,743,87,-3469,-1194,-1247,0,0
-21,768,87,-3492,-1205,-1546,0,0
-11,758,50,-3404,-1248,-1730,0,0
-16,807,57,-3302,-1202,-1916,0,0
-52,864,94,-3221,-1180,-1988,0,0
-97,998,138,-3085,-1043,-2008,0,0
-120,1163,159,-2867,-934,-1755,0,0
-125,1410,221,-2763,-1061,-1843,0,0
-98,1303,205,-2719,-965,-2729,0,0
-28,979,53,-2556,-987,-3083,0,0
36,1176,109,-2217,-1091,-3173,0,0
-1,1341,236,-2024,-982,-3189,0,0
-113,1222,204,-2010,-852,-3410,0,0
-181,1118,114,-1883,-665,-3675,0,0
-193,1126,74,-1700,-674,-3715,0,0
-221,1098,48,-1502,-806,-3794,0,0
-229,973,-37,-1414,-739,-4044,0,0
-178,1053,-30,-1354,-697,-4205,0,0
-196,908,-54,-1280,-716,-4053,0,0
-241,937,-12,-1093,-730,-3923,0,0
-313,887,-29,-944,-740,-4161,0,0
-289,871,-33,-808,-604,-4252,0,0
-291,819,-1,-677,-566,-4250,0,0
-356,755,-3,-459,-530,-4192,0,0
-403,676,10,-348,-453,-4362,0,0
-380,584,-44,-216,-436,-4325,0,0
-331,631,-54,-151,-381,-4293,0,0
-287,670,-9,-89,-407,-4288,0,0
-258,722,31,92,-295,-4340,0,0
-211,646,28,139,-243,-4292,0,0
-161,606,11,198,-146,-4325,0,0
-129,505,-39,310,-157,-4240,0,0
-91,489,-43,341,-117,-4179,0,0
-61,397,-51,368,-107,-4192,0,0
-81,274,-43,493,-164,-4123,0,0
-69,375,-8,607,-138,-4171,0,0
-55,376,7,681,-76,-4257,0,0
-69,304,9,726,-64,-4288,0,0
-69,255,-24,787,-13,-4333,0,0
-48,247,-49,816,-48,-4247,0,0
-72,278,-35,835,-82,-4251,0,0
-86,217,-34,822,-21,-4283,0,0
-86,159,-36,880,-102,-4222,0,0
-69,79,-39,968,-60,-4289,0,0
-30,43,-33,964,-51,-4234,0,0
-18,68,-21,1013,-57,-4267,0,0
11,50,-20,973,-10,-4301,0,0
22,-13,-35,965,-48,-4334,0,0
50,-77,-53,975,-79,-4405,0,0
71,-94,-33,914,-80,-4405,0,0
31,-159,-20,895,-67,-4554,0,0
5,-241,-18,882,-47,-4636,0,0
4,-320,-27,875,-114,-4565,0,0
23,-386,-13,840,-120,-4597,0,0
61,-498,-15,731,-128,-4637,0,0
110,-558,-19,665,-125,-4713,0,0
145,-684,-8,426,-152,-4769,0,0
141,-806,67,256,-285,-4819,0,0
117,-874,188,167,-152,-4990,0,0
114,-1064,136,202,-21,-4860,0,0
127,-1097,55,234,-159,-4571,0,0
123,-1005,76,-69,-185,-4512,0,0
154,-1032,58,-438,-185,-4375,0,0
192,-1166,-5,-548,-264,-4137,0,0
215,-1223,2,-698,-285,-3913,0,0
255,-1248,30,-936,-221,-3781,0,0
294,-1377,-17,-1071,-290,-3610,0,0
326,-1417,-71,-1256,-351,-3511,0,0
339,-1354,-74,-1449,-499,-3218,0,0
304,-1317,-45,-1665,-508,-3236,0,0
282,-1314,-60,-1897,-426,-3260,0,0
287,-1250,-58,-2093,-559,-3012,0,0
276,-1126,-40,-2325,-608,-2875,0,0
269,-1099,-42,-2528,-612,-2844,0,0
263,-1168,-75,-2636,-673,-2520,0,0
252,-1054,-59,-2751,-743,-2361,0,0
218,-1101,-71,-2933,-656,-2425,0,0
160,-1069,-102,-3055,-645,-2199,0,0
127,-971,-155,-3069,-827,-1983,0,0
115,-947,-208,-3154,-934,-1872,0,0
123,-883,-207,-3330,-1010,-1819,0,0
134,-815,-166,-3460,-1087,-1720,0,0
118,-781,-134,-3607,-1072,-1639,0,0
87,-748,-146,-3670,-1079,-1530,0,0
53,-713,-146,-3655,-1160,-1312,0,0
32,-646,-119,-3728,-1206,-1224,0,0
28,-599,-114,-3839,-1146,-1197,0,0
21,-573,-136,-3887,-1219,-992,0,0
-11,-486,-116,-3882,-1283,-912,0,0
-35,-497,-107,-3954,-1316,-841,0,0
-15,-406,-95,-3964,-1366,-753,0,0
0,-239,-51,-3920,-1393,-750,0,0
0,-217,-22,-3983,-1352,-822,0,0
11,-210,-17,-3967,-1341,-785,0,0
19,-144,-9,-3951,-1369,-700,0,0
4,-81,10,-4019,-1329,-770,0,0
-8,-79,-6,-3999,-1338,-728,0,0
-15,-15,-5,-3938,-1372,-701,0,0
-15,5,18,-3959,-1295,-779,0,0
19,8,4,-3969,-1289,-754,0,0
33,60,-11,-3963,-1325,-751,0,0
4,63,1,-4015,-1329,-788,0,0
-4,106,8,-4009,-1318,-814,0,0
-3,117,21,-3992,-1315,-866,0,0
22,128,12,-3967,-1321,-868,0,0
38,146,13,-3964,-1343,-824,0,0
24,192,42,-3941,-1294,-820,0,0
13,262,55,-3886,-1273,-877,0,0
-10,316,54,-3856,-1240,-1000,0,0
-58,317,41,-3940,-1185,-1038,0,0
-109,305,-14,-3943,-1248,-942,0,0
-137,378,-32,-3796,-1323,-932,0,0
-138,473,3,-3775,-1310,-1011,0,0
-131,541,19,-3803,-1276,-1102,0,0
-139,623,25,-3687,-1264,-1128,0,0
-164,739,39,-3524,-1183,-1205,0,0
-225,843,27,-3379,-1074,-1335,0,0
-348,934,31,-3333,-1021,-1637,0,0
-426,990,51,-3266,-1019,-1797,0,0
-405,1103,70,-3115,-1080,-1922,0,0
-336,1121,91,-3048,-1056,-2070,0,0
-246,1171,125,-2925,-1043,-2202,0,0
-169,1239,156,-2601,-946,-2396,0,0
-117,1244,181,-2360,-834,-2738,0,0
-61,1204,161,-2250,-729,-2987,0,0
-6,1272,135,-2119,-465,-3290,0,0
-4,1194,-10,-1959,-512,-3372,0,0
-66,1103,-141,-1806,-950,-3495,0,0
-126,1100,-129,-1768,-1068,-3770,0,0
-145,1178,-37,-1786,-967,-3986,0,0
-183,1106,-3,-1613,-812,-3985,0,0
-230,1053,-18,-1344,-734,-3834,0,0
-281,1052,-39,-1157,-887,-3936,0,0
-214,933,81,-1135,-993,-3949,0,0
-122,837,107,-1069,-887,-4245,0,0
-66,757,100,-897,-698,-4421,0,0
-67,959,282,-821,-534,-4443,0,0
-173,764,219,-619,-430,-4295,0,0
-220,518,129,-351,-492,-4237,0,0
-233,488,50,-110,-540,-4236,0,0
-277,578,3,27,-584,-4058,0,0
-334,747,61,-62,-522,-4179,0,0
-362,782,92,-23,-476,-4260,0,0
-330,792,130,134,-517,-4162,0,0
-276,749,168,230,-501,-4191,0,0
-185,700,200,299,-391,-4420,0,0
-127,567,178,342,-215,-4455,0,0
-126,536,191,422,-235,-4294,0,0
-130,456,181,573,-230,-4253,0,0
-118,331,167,756,-277,-4200,0,0
-101,278,152,832,-190,-4224,0,0
-67,300,157,871,-103,-4335,0,0
-45,218,107,888,-124,-4282,0,0
-40,272,87,912,-83,-4438,0,0
-54,173,64,909,-100,-4547,0,0
-80,77,30,937,-117,-4502,0,0
-90,96,28,1012,-138,-4490,0,0
-83,31,39,993,-93,-4487,0,0
-82,-61,-4,981,-98,-4454,0,0
-44,-93,-25,913,-121,-4426,0,0
-4,-173,-37,890,-148,-4424,0,0
24,-259,-33,870,-123,-4449,0,0
36,-349,-23,844,-101,-4498,0,0
58,-391,-9,779,-41,-4623,0,0
82,-499,-40,753,-83,-4723,0,0
107,-620,-69,697,-49,-4864,0,0
115,-747,-98,607,-130,-4834,0,0
110,-803,-92,456,-107,-4969,0,0
95,-957,-124,285,-110,-4925,0,0
94,-983,-128,118,-224,-4661,0,0
68,-1005,-140,-88,-240,-4566,0,0
77,-1062,-141,-259,-294,-4229,0,0
109,-1061,-108,-455,-221,-4037,0,0
133,-1201,-176,-564,-329,-3843,0,0
167,-1157,-190,-734,-290,-3852,0,0
222,-1122,-188,-972,-309,-3820,0,0
230,-1235,-219,-1161,-425,-3688,0,0
202,-1186,-179,-1370,-508,-3680,0,0
201,-1097,-118,-1571,-442,-3679,0,0
184,-1137,-98,-1697,-528,-3363,0,0
161,-1146,-111,-1803,-592,-3223,0,0
152,-1138,-121,-2011,-600,-3177,0,0
147,-1115,-123,-2188,-646,-3058,0,0
131,-1066,-83,-2308,-625,-2968,0,0
101,-1112,-86,-2456,-659,-2871,0,0
82,-1025,-104,-2556,-675,-2787,0,0
68,-973,-101,-2655,-734,-2690,0,0
81,-994,-103,-2799,-742,-2510,0,0
122,-800,-84,-2951,-719,-2355,0,0
110,-743,-91,-2973,-721,-2184,0,0
36,-800,-101,-3061,-755,-2061,0,0
-40,-887,-157,-3254,-885,-1963,0,0
-49,-826,-196,-3401,-869,-1805,0,0
-10,-709,-200,-3543,-896,-1725,0,0
-29,-746,-238,-3630,-1040,-1664,0,0
-63,-693,-205,-3684,-1087,-1579,0,0
-37,-539,-145,-3799,-1048,-1519,0,0
-4,-458,-133,-3850,-1070,-1436,0,0
22,-470,-136,-3860,-1114,-1343,0,0
51,-439,-117,-3854,-1159,-1210,0,0
79,-412,-78,-3866,-1169,-1179,0,0
118,-441,-66,-3919,-1182,-1097,0,0
156,-387,-55,-3944,-1210,-1036,0,0
184,-312,-28,-3958,-1241,-1051,0,0
214,-280,12,-3990,-1261,-1032,0,0
232,-211,60,-3966,-1259,-908,0,0
234,-152,95,-3965,-1220,-912,0,0
222,-173,97,-3925,-1184,-890,0,0
223,-130,87,-3921,-1164,-872,0,0
223,-30,78,-3931,-1134,-883,0,0
197,6,64,-3970,-1155,-846,0,0
165,42,55,-4035,-1145,-934,0,0
147,33,19,-4015,-1168,-985,0,0
140,62,-6,-3946,-1206,-917,0,0
118,116,25,-3957,-1170,-882,0,0
69,148,45,-4060,-1158,-891,0,0
48,174,18,-4018,-1226,-1024,0,0
57,198,17,-3934,-1199,-1050,0,0
28,219,40,-4020,-1163,-924,0,0
-20,247,30,-3940,-1193,-931,0,0
-2,315,34,-3867,-1231,-1004,0,0
49,371,43,-3912,-1197,-1011,0,0
60,419,41,-3860,-1205,-947,0,0
37,531,58,-3787,-1179,-1081,0,0
20,584,68,-3708,-1134,-1173,0,0
13,650,61,-3615,-1136,-1228,0,0
7,732,52,-3566,-1100,-1430,0,0
10,763,39,-3468,-1117,-1406,0,0
7,937,54,-3380,-1134,-1534,0,0
3,1055,57,-3245,-1062,-1726,0,0
-12,1102,45,-3058,-1067,-1820,0,0
-36,1132,31,-2919,-1040,-2033,0,0
-79,1096,-17,-2725,-1019,-2257,0,0
-126,1113,-22,-2498,-1076,-2522,0,0
-163,1203,19,-2402,-989,-2959,0,0
-206,1182,5,-2323,-847,-3285,0,0
-268,1250,-50,-2150,-722,-3391,0,0
-342,1211,-39,-2121,-714,-3294,0,0
-428,1129,-23,-2152,-855,-3236,0,0
-444,1121,-39,-2006,-802,-3415,0,0
-401,1071,5,-1756,-921,-3423,0,0
-350,1032,91,-1487,-878,-3448,0,0
-297,1083,175,-1315,-612,-3833,0,0
-262,1010,165,-1097,-540,-3867,0,0
-265,988,146,-858,-580,-4189,0,0
-261,835,166,-796,-445,-4544,0,0
-237,777,183,-750,-436,-4621,0,0
-194,982,200,-645,-244,-4497,0,0
-259,955,171,-564,-298,-4376,0,0
-331,768,73,-345,-223,-4288,0,0
-316,785,73,-264,-236,-4142,0,0
-306,718,44,-116,-344,-4013,0,0
-244,708,40,2,-326,-4239,0,0
-138,638,34,87,-315,-4292,0,0
-89,692,86,177,-167,-4342,0,0
-86,726,146,214,-78,-4431,0,0
-95,590,146,363,-44,-4377,0,0
-111,496,108,545,-7,-4305,0,0
-88,471,75,696,-6,-4305,0,0
-44,385,52,789,-28,-4251,0,0
-9,387,35,829,14,-4238,0,0
-3,382,10,913,3,-4325,0,0
19,323,-21,955,17,-4244,0,0
9,301,-38,959,-34,-4242,0,0
-8,238,-75,1007,-95,-4318,0,0
-9,166,-91,1045,-142,-4492,0,0
-8,6,-97,1005,-117,-4651,0,0
17,-14,-70,998,-112,-4801,0,0
31,-42,-50,1016,-107,-4859,0,0
33,-143,-33,940,-62,-4917,0,0
16,-288,-32,855,-92,-4944,0,0
9,-420,-29,867,-133,-4866,0,0
23,-582,-12,837,-212,-4873,0,0
88,-662,-4,737,-160,-4971,0,0
140,-742,7,562,-79,-5023,0,0
123,-939,-1,460,-112,-4934,0,0
118,-1028,-22,388,-127,-4810,0,0
131,-1082,-8,159,-123,-4671,0,0
107,-1138,-4,-17,-92,-4555,0,0
80,-1179,-47,-214,-152,-4293,0,0
64,-1296,-123,-305,-264,-4017,0,0
84,-1389,-149,-592,-299,-3939,0,0
174,-1380,-156,-806,-340,-3885,0,0
249,-1244,-73,-1045,-292,-3785,0,0
246,-1331,-37,-1375,-310,-3729,0,0
241,-1367,-79,-1501,-315,-3524,0,0
243,-1199,-37,-1566,-372,-3324,0,0
225,-1225,-30,-1701,-505,-3029,0,0
254,-1145,-36,-1858,-482,-2826,0,0
302,-986,-34,-2057,-447,-2761,0,0
298,-1005,-77,-2268,-601,-2673,0,0
275,-1005,-93,-2429,-611,-2664,0,0
280,-948,-86,-2663,-586,-2639,0,0
323,-898,-130,-2748,-748,-2445,0,0
346,-868,-163,-2839,-814,-2426,0,0
380,-867,-161,-3048,-846,-2450,0,0
410,-831,-171,-3141,-971,-2354,0,0
364,-762,-126,-3181,-991,-2352,0,0
269,-796,-67,-3300,-971,-2239,0,0
188,-781,-80,-3362,-1003,-2101,0,0
124,-735,-133,-3349,-1024,-1955,0,0
64,-696,-139,-3446,-1140,-1744,0,0
15,-680,-117,-3641,-1208,-1567,0,0
-19,-693,-118,-3768,-1259,-1402,0,0
-37,-690,-126,-3717,-1272,-1287,0,0
-19,-609,-100,-3717,-1273,-1204,0,0
11,-495,-65,-3826,-1262,-1183,0,0
19,-477,-66,-3877,-1261,-1175,0,0
3,-480,-69,-3910,-1325,-1032,0,0
-28,-395,-56,-3928,-1335,-1016,0,0
-47,-391,-59,-3914,-1307,-1061,0,0
-56,-438,-72,-3958,-1327,-983,0,0
-65,-365,-38,-3974,-1337,-830,0,0
-102,-240,3,-3936,-1361,-700,0,0
-136,-186,32,-3913,-1383,-653,0,0
-121,-194,30,-3925,-1366,-645,0,0
-50,-142,19,-3921,-1368,-679,0,0
10,-80,-3,-3907,-1397,-696,0,0
40,6,11,-3980,-1373,-742,0,0
21,32,24,-4081,-1316,-753,0,0
-11,39,16,-4045,-1315,-733,0,0
-17,112,25,-3990,-1285,-732,0,0
-28,143,15,-3985,-1302,-679,0,0
-42,211,11,-3950,-1325,-708,0,0
-42,288,20,-3937,-1307,-777,0,0
-39,351,13,-3914,-1335,-781,0,0
-35,436,18,-3909,-1350,-906,0,0
-16,446,13,-3961,-1368,-1019,0,0
4,510,16,-3922,-1411,-976,0,0
-17,591,61,-3798,-1378,-1035,0,0
-35,638,66,-3643,-1306,-1197,0,0
-21,736,61,-3496,-1253,-1310,0,0
-24,839,82,-3429,-1190,-1343,0,0
-54,968,93,-3379,-1131,-1372,0,0
-89,1082,60,-3281,-1091,-1626,0,0
-117,1040,-4,-3136,-1096,-1872,0,0
-117,1035,-6,-3065,-1108,-2072,0,0
-124,1098,52,-3037,-1155,-2294,0,0
-172,1127,105,-2962,-1162,-2495,0,0
-285,1144,214,-2778,-1078,-2747,0,0
-400,1009,229,-2647,-864,-3048,0,0
-386,884,136,-2457,-834,-3091,0,0
-326,1017,153,-2270,-948,-3128,0,0
-272,1056,231,-2238,-742,-3345,0,0
-215,988,247,-2224,-680,-3121,0,0
-192,1037,222,-1959,-703,-3193,0,0
-150,1019,206,-1610,-459,-3155,0,0
-156,1144,181,-1369,-520,-3120,0,0
-186,1097,93,-1216,-511,-3449,0,0
-134,975,105,-1234,-589,-3936,0,0
-46,859,48,-1245,-438,-4139,0,0
-15,1021,50,-1149,-465,-4308,0,0
-59,957,37,-896,-485,-4330,0,0
-153,869,55,-720,-481,-4317,0,0
-153,889,129,-625,-470,-4402,0,0
-162,876,112,-439,-499,-4470,0,0
-136,755,62,-365,-433,-4542,0,0
-69,645,32,-268,-406,-4454,0,0
-71,645,-19,-23,-378,-4397,0,0
-102,584,-45,10,-321,-4417,0,0
-113,447,-87,43,-307,-4401,0,0
-113,516,-153,168,-310,-4386,0,0
-106,522,-205,220,-207,-4437,0,0
-117,389,-234,241,-472,-4095,0,0
-139,462,-129,256,-487,-4416,0,0
-103,272,-116,236,-385,-4580,0,0
-53,115,-96,403,-350,-4483,0,0
-12,182,-32,545,-313,-4521,0,0
27,235,-2,549,-223,-4626,0,0
22,146,-58,566,-231,-4613,0,0
21,122,-87,565,-303,-4560,0,0
2,46,-86,502,-354,-4613,0,0
15,-23,-74,506,-384,-4573,0,0
25,-74,-27,412,-388,-4620,0,0
25,-215,-28,391,-358,-4674,0,0
46,-307,-3,399,-378,-4668,0,0
44,-408,17,338,-360,-4635,0,0
43,-480,27,275,-360,-4715,0,0
46,-616,-10,181,-333,-4742,0,0
69,-729,-38,44,-410,-4717,0,0
102,-932,-37,-132,-356,-4745,0,0
160,-913,24,-177,-315,-4593,0,0
164,-823,36,-259,-287,-4415,0,0
116,-879,-34,-396,-349,-4269,0,0
96,-849,-97,-544,-384,-4153,0,0
123,-823,-131,-716,-480,-4062,0,0
158,-845,-137,-907,-462,-4027,0,0
200,-835,-98,-1106,-592,-3894,0,0
229,-874,-54,-1265,-659,-3837,0,0
257,-991,-39,-1388,-755,-3831,0,0
310,-1048,3,-1443,-805,-3678,0,0
330,-922,82,-1577,-659,-3646,0,0
326,-916,105,-1680,-637,-3394,0,0
284,-842,118,-1763,-674,-3311,0,0
206,-879,80,-1931,-655,-3251,0,0
181,-888,63,-2145,-816,-3160,0,0
196,-855,67,-2304,-911,-3213,0,0
211,-844,83,-2438,-857,-3133,0,0
190,-911,89,-2595,-848,-3101,0,0
155,-1039,45,-2679,-796,-2920,0,0
115,-1020,66,-2778,-832,-2673,0,0
76,-974,56,-2911,-912,-2548,0,0
97,-920,23,-3029,-852,-2554,0,0
134,-873,36,-3120,-862,-2284,0,0
126,-733,49,-3148,-936,-2057,0,0
100,-739,29,-3199,-832,-2108,0,0
121,-812,-5,-3393,-857,-1918,0,0
155,-678,-22,-3513,-953,-1776,0,0
156,-667,-36,-3583,-926,-1827,0,0
131,-761,-40,-3687,-999,-1675,0,0
106,-621,-1,-3746,-998,-1657,0,0
62,-634,6,-3810,-939,-1664,0,0
12,-787,-58,-3755,-1007,-1387,0,0
-19,-692,-66,-3709,-1009,-1378,0,0
-38,-680,-82,-3777,-970,-1259,0,0
-71,-619,-121,-3746,-1036,-1034,0,0
-129,-504,-100,-3796,-1021,-1006,0,0
-181,-594,-134,-3896,-1098,-792,0,0
-191,-539,-174,-3880,-1174,-656,0,0
-164,-470,-163,-3907,-1229,-706,0,0
-137,-524,-176,-3919,-1309,-560,0,0
-101,-404,-138,-3950,-1316,-535,0,0
-64,-386,-111,-4017,-1304,-503,0,0
-41,-338,-95,-3979,-1283,-394,0,0
-36,-295,-78,-3984,-1295,-416,0,0
-29,-390,-99,-4055,-1376,-237,0,0
0,-298,-85,-4072,-1501,-29,0,0
8,-90,13,-4137,-1466,-35,0,0
1,-87,33,-4226,-1398,-47,0,0
31,-51,6,-4145,-1424,-38,0,0
52,65,38,-4061,-1406,-54,0,0
56,129,77,-4128,-1315,-67,0,0
82,204,76,-4095,-1325,-161,0,0
107,283,75,-4021,-1340,-244,0,0
104,343,100,-4057,-1280,-348,0,0
84,387,120,-4018,-1241,-345,0,0
64,508,124,-3947,-1204,-360,0,0
32,613,120,-3902,-1113,-479,0,0
-3,649,73,-3815,-1110,-418,0,0
-32,798,59,-3774,-1142,-555,0,0
-61,865,57,-3751,-1141,-664,0,0
-73,1016,53,-3585,-1197,-682,0,0
-95,1145,65,-3359,-1105,-954,0,0
-68,1111,44,-3180,-1183,-1151,0,0
32,1247,76,-2983,-1161,-1345,0,0
131,1409,126,-2936,-989,-1787,0,0
156,1389,74,-2887,-892,-2229,0,0
117,1283,27,-2786,-865,-2637,0,0
42,1190,3,-2740,-872,-2852,0,0
-19,1253,-15,-2664,-914,-3002,0,0
-148,1224,-38,-2626,-961,-3129,0,0
-247,1139,-38,-2570,-1173,-3114,0,0
-218,1109,-85,-2283,-1254,-3120,0,0
-150,1231,-15,-2131,-1239,-3205,0,0
-116,1264,70,-2081,-965,-3429,0,0
-184,1107,5,-1901,-847,-3746,0,0
-266,841,-83,-1599,-925,-3726,0,0
-301,1112,19,-1308,-945,-3815,0,0
-306,1209,82,-1296,-940,-4040,0,0
-294,1129,122,-1326,-772,-4273,0,0
-308,1040,46,-1293,-644,-4463,0,0
-320,872,-31,-932,-711,-4350,0,0
-327,799,39,-822,-758,-4189,0,0
-352,843,64,-663,-607,-4232,0,0
-334,678,28,-722,-555,-4240,0,0
-263,678,-1,-539,-636,-4284,0,0
-251,629,-2,-308,-567,-4418,0,0
-235,527,26,-305,-531,-4352,0,0
-195,625,62,-189,-482,-4367,0,0
-166,668,61,12,-384,-4422,0,0
-136,657,68,94,-320,-4388,0,0
-126,592,44,183,-325,-4333,0,0
-109,571,2,312,-354,-4383,0,0
-94,501,9,294,-292,-4568,0,0
-71,340,-14,305,-275,-4628,0,0
-76,259,-16,403,-261,-4705,0,0
-108,145,17,444,-245,-4801,0,0
-93,37,33,512,-216,-4830,0,0
-47,-81,15,562,-189,-4804,0,0
-7,-192,-18,556,-232,-4803,0,0
23,-285,-26,513,-242,-4838,0,0
61,-382,-13,445,-285,-4883,0,0
112,-479,-7,347,-245,-5017,0,0
138,-610,-21,237,-281,-5096,0,0
143,-751,-24,85,-291,-5176,0,0
138,-918,-33,-54,-287,-5110,0,0
107,-1026,-31,-181,-368,-4764,0,0
51,-1061,20,-334,-300,-4550,0,0
30,-1235,-15,-521,-324,-4240,0,0
58,-1304,-86,-637,-355,-3926,0,0
87,-1293,-121,-862,-371,-3900,0,0
117,-1376,-173,-1149,-436,-3882,0,0
161,-1373,-124,-1352,-494,-3776,0,0
190,-1371,-59,-1590,-497,-3588,0,0
183,-1408,-16,-1778,-454,-3404,0,0
182,-1353,0,-1900,-419,-3188,0,0
180,-1243,4,-1983,-388,-2965,0,0
151,-1314,-35,-2137,-520,-2801,0,0
156,-1312,-89,-2305,-585,-2652,0,0
206,-1146,-96,-2506,-633,-2688,0,0
247,-1089,-79,-2730,-689,-2566,0,0
222,-1001,-41,-2831,-794,-2357,0,0
186,-947,-11,-2980,-627,-2392,0,0
179,-954,-41,-3179,-551,-2299,0,0
170,-841,-56,-3274,-672,-2052,0,0
149,-752,-47,-3307,-715,-1866,0,0
138,-788,-44,-3418,-725,-1679,0,0
124,-787,-80,-3423,-804,-1455,0,0
110,-745,-113,-3406,-809,-1369,0,0
120,-702,-122,-3617,-845,-1353,0,0
88,-676,-161,-3743,-933,-1220,0,0
-20,-503,-147,-3848,-1003,-1202,0,0
-146,-304,-85,-3947,-1057,-1312,0,0
-202,-400,-100,-4019,-1046,-1425,0,0
-161,-491,-170,-3947,-1105,-1244,0,0
-130,-351,-158,-3823,-1168,-1102,0,0
-171,-359,-121,-3908,-1089,-1122,0,0
-216,-445,-149,-3966,-1079,-1004,0,0
-250,-390,-182,-3919,-1168,-895,0,0
-269,-317,-156,-3927,-1195,-932,0,0
-300,-336,-139,-3995,-1187,-873,0,0
-348,-215,-108,-4088,-1196,-823,0,0
-391,-169,-81,-4113,-1218,-781,0,0
-380,-222,-91,-4056,-1279,-685,0,0
-287,-159,-77,-3980,-1308,-645,0,0
-153,-94,-41,-3930,-1389,-560,0,0
-32,-30,0,-4008,-1320,-635,0,0
79,42,45,-4072,-1258,-710,0,0
112,63,57,-4102,-1238,-763,0,0
124,113,98,-4114,-1177,-821,0,0
143,117,111,-4085,-1168,-806,0,0
207,198,129,-4021,-1143,-791,0,0
246,261,126,-3976,-1140,-757,0,0
219,245,132,-4030,-1134,-735,0,0
200,252,145,-4045,-1090,-843,0,0
242,335,134,-3950,-1075,-914,0,0
257,379,108,-3915,-1060,-936,0,0
226,380,99,-3918,-1027,-977,0,0
206,425,70,-3863,-1041,-971,0,0
175,510,62,-3789,-1053,-987,0,0
135,582,68,-3774,-1065,-1048,0,0
104,666,65,-3686,-1078,-1024,0,0
106,813,88,-3500,-1161,-881,0,0
148,991,116,-3371,-1177,-1109,0,0
197,977,95,-3305,-1087,-1542,0,0
196,899,73,-3183,-1062,-1709,0,0
138,1040,110,-3046,-938,-2017,0,0
55,1042,94,-2948,-867,-2321,0,0
-49,1002,24,-2768,-910,-2398,0,0
-153,1139,54,-2624,-887,-2672,0,0
-276,1204,142,-2597,-835,-2878,0,0
-380,1331,217,-2586,-746,-2997,0,0
-417,1409,221,-2454,-753,-3278,0,0
-387,1216,150,-2240,-671,-3233,0,0
-401,1087,83,-2034,-683,-3409,0,0
-403,929,63,-1913,-498,-3722,0,0
-326,994,141,-1770,-481,-3706,0,0
-270,1087,156,-1547,-342,-3599,0,0
-190,1087,135,-1396,-289,-3545,0,0
-23,1284,52,-1073,-428,-3632,0,0
139,1170,-38,-1062,-661,-4026,0,0
156,853,10,-1180,-621,-4148,0,0
115,942,50,-1029,-541,-4388,0,0
101,901,97,-752,-498,-4566,0,0
31,718,109,-619,-517,-4417,0,0
15,619,40,-523,-402,-4463,0,0
4,553,-33,-359,-549,-4512,0,0
-34,604,-55,-232,-525,-4575,0,0
-66,550,-46,-243,-494,-4464,0,0
-123,507,-39,-253,-468,-4379,0,0
-135,575,-49,-229,-387,-4457,0,0
-136,514,-67,-174,-479,-4344,0,0
-154,399,-46,-86,-512,-4338,0,0
-155,264,-48,93,-557,-4357,0,0
-102,325,8,225,-599,-4466,0,0
-8,304,49,287,-508,-4649,0,0
48,131,45,261,-338,-4849,0,0
27,-19,3,249,-323,-5009,0,0
-10,-94,-7,205,-440,-5031,0,0
-36,-99,33,147,-482,-5002,0,0
-19,-195,48,151,-514,-4953,0,0
29,-324,60,178,-526,-4864,0,0
87,-419,74,106,-425,-4851,0,0
106,-563,16,91,-420,-4802,0,0
97,-636,-3,9,-474,-4799,0,0
47,-746,-14,-221,-436,-4914,0,0
40,-832,-52,-308,-460,-4874,0,0
86,-979,-141,-470,-466,-4685,0,0
54,-1147,-178,-549,-547,-4573,0,0
2,-1178,-108,-815,-486,-4501,0,0
34,-1208,-92,-1025,-515,-4313,0,0
68,-1298,-119,-1138,-516,-4015,0,0
110,-1260,-94,-1277,-546,-3853,0,0
127,-1364,-118,-1569,-572,-3687,0,0
171,-1384,-146,-1690,-619,-3451,0,0
208,-1290,-97,-1789,-626,-3371,0,0
225,-1274,-50,-1972,-575,-3120,0,0
253,-1204,-67,-2084,-631,-2815,0,0
270,-1197,-85,-2146,-716,-2551,0,0
242,-1211,-82,-2405,-724,-2437,0,0
207,-1133,-55,-2655,-696,-2301,0,0
169,-1091,-50,-2859,-801,-2339,0,0
121,-1214,-86,-3037,-864,-2250,0,0
101,-1043,-47,-3084,-890,-1937,0,0
63,-959,-66,-3140,-940,-1750,0,0
51,-1027,-182,-3339,-950,-1684,0,0
104,-859,-214,-3403,-1012,-1605,0,0
112,-728,-139,-3531,-1058,-1523,0,0
83,-712,-71,-3769,-1032,-1442,0,0
72,-638,-64,-3865,-1025,-1363,0,0
47,-638,-95,-3807,-1105,-1338,0,0
35,-670,-99,-3747,-1186,-1193,0,0
52,-558,-52,-3754,-1187,-1059,0,0
44,-490,-42,-3843,-1221,-982,0,0
38,-488,-66,-3840,-1245,-922,0,0
39,-471,-68,-3877,-1195,-926,0,0
12,-471,-59,-3960,-1191,-838,0,0
-51,-408,-40,-3988,-1131,-757,0,0
-121,-383,-56,-3985,-1152,-668,0,0
-175,-375,-87,-3950,-1220,-542,0,0
-201,-325,-89,-3932,-1308,-399,0,0
-176,-219,-60,-3981,-1352,-350,0,0
-114,-148,-49,-4037,-1398,-360,0,0
-70,-136,-52,-4027,-1400,-418,0,0
-26,-109,-47,-4018,-1398,-466,0,0
12,-27,-4,-4054,-1337,-482,0,0
17,3,16,-4075,-1276,-518,0,0
-3,60,16,-4086,-1273,-530,0,0
-54,84,6,-4060,-1303,-513,0,0
-97,113,3,-4057,-1356,-492,0,0
-97,168,11,-4071,-1353,-532,0,0
-52,210,16,-4042,-1335,-577,0,0
-6,254,28,-4006,-1317,-518,0,0
9,319,40,-4013,-1271,-550,0,0
13,408,60,-3942,-1299,-531,0,0
-16,548,71,-3908,-1312,-584,0,0
-31,693,97,-3879,-1324,-783,0,0
-20,758,155,-3822,-1290,-874,0,0
0,766,179,-3707,-1176,-977,0,0
26,807,156,-3543,-1108,-1109,0,0
34,836,119,-3446,-1049,-1270,0,0
22,908,85,-3316,-1049,-1311,0,0
0,1061,91,-3206,-1034,-1509,0,0
-24,1197,84,-3094,-1108,-1524,0,0
-35,1524,106,-2943,-1093,-1697,0,0
-66,1789,152,-2774,-922,-2176,0,0
-153,1634,169,-2642,-801,-2640,0,0
-241,1399,172,-2362,-848,-2760,0,0
-253,1611,239,-2056,-763,-2908,0,0
-255,1655,221,-1962,-667,-3248,0,0
-279,1516,168,-1761,-574,-3260,0,0
-350,1551,156,-1561,-483,-3423,0,0
-382,1593,102,-1328,-480,-3663,0,0
-312,1413,17,-1186,-677,-4117,0,0
-215,1289,9,-1049,-662,-4369,0,0
-176,1273,62,-1051,-428,-4628,0,0
-208,1215,91,-873,-346,-4457,0,0
-275,1070,34,-564,-420,-4405,0,0
-318,888,-5,-297,-340,-4299,0,0
-334,931,34,-164,-423,-4176,0,0
-328,888,33,-101,-244,-4395,0,0
-265,736,-9,-58,-236,-4392,0,0
-243,635,-65,148,-308,-4452,0,0
-228,581,-41,290,-276,-4624,0,0
-177,649,38,353,-185,-4668,0,0
-132,668,65,462,-111,-4571,0,0
-118,564,36,582,-48,-4558,0,0
-93,482,-10,631,-26,-4463,0,0
-81,504,-12,725,-106,-4323,0,0
-107,584,65,667,10,-4395,0,0
-153,423,72,698,-18,-4457,0,0
-123,239,3,987,-110,-4446,0,0
-40,159,6,1084,-85,-4518,0,0
-3,100,34,1051,-22,-4580,0,0
9,1,33,1027,63,-4605,0,0
9,-141,-6,1052,31,-4557,0,0
-30,-236,-29,1056,16,-4544,0,0
-39,-331,-38,1060,-50,-4499,0,0
-4,-392,-44,961,-26,-4607,0,0
63,-450,-59,833,-40,-4683,0,0
113,-573,-65,750,-73,-4740,0,0
172,-674,-53,615,-79,-4898,0,0
212,-835,-68,428,-91,-4990,0,0
213,-996,-61,313,-135,-4790,0,0
190,-1096,1,113,-147,-4640,0,0
167,-1239,-30,6,-147,-4311,0,0
167,-1171,-21,-91,-248,-4064,0,0
159,-1185,-5,-335,-225,-3919,0,0
175,-1257,-15,-568,-258,-3886,0,0
242,-1376,-69,-842,-290,-3921,0,0
351,-1383,-72,-1080,-439,-3559,0,0
340,-1292,-51,-1384,-371,-3510,0,0
312,-1311,-75,-1542,-444,-3592,0,0
319,-1334,-95,-1654,-465,-3630,0,0
337,-1296,-78,-1885,-518,-3371,0,0
283,-1253,-51,-2120,-579,-3256,0,0
226,-1180,5,-2169,-576,-3130,0,0
194,-934,62,-2406,-546,-2955,0,0
140,-866,68,-2692,-551,-2855,0,0
82,-1122,-18,-2746,-741,-2635,0,0
120,-1092,-9,-2786,-738,-2431,0,0
203,-832,27,-2857,-693,-2257,0,0
224,-796,-16,-2932,-757,-2216,0,0
216,-894,-60,-3142,-733,-2160,0,0
227,-833,-90,-3274,-771,-2062,0,0
222,-747,-100,-3316,-815,-2046,0,0
160,-784,-63,-3436,-809,-1975,0,0
63,-768,-19,-3677,-820,-1852,0,0
-17,-728,-58,-3784,-916,-1689,0,0
-85,-743,-127,-3772,-1038,-1441,0,0
-93,-704,-121,-3753,-1114,-1354,0,0
-49,-672,-108,-3730,-1110,-1277,0,0
3,-574,-84,-3767,-1026,-1232,0,0
36,-513,-87,-3846,-964,-1287,0,0
44,-573,-138,-3830,-1015,-1176,0,0
19,-512,-137,-3862,-1051,-1071,0,0
-24,-429,-122,-3931,-1067,-1041,0,0
-98,-456,-141,-3924,-1131,-942,0,0
-156,-452,-132,-3979,-1150,-898,0,0
-157,-417,-139,-4010,-1178,-781,0,0
-162,-277,-137,-3918,-1241,-582,0,0
-179,-137,-79,-3937,-1274,-555,0,0
-163,-160,-57,-4062,-1295,-523,0,0
-106,-134,-55,-4117,-1357,-548,0,0
-39,-102,-44,-4102,-1399,-609,0,0
21,-78,-10,-4091,-1337,-566,0,0
44,-9,31,-4060,-1289,-510,0,0
43,25,47,-4010,-1229,-523,0,0
60,35,35,-4031,-1220,-592,0,0
86,67,23,-4023,-1230,-628,0,0
87,93,36,-4068,-1217,-711,0,0
76,96,44,-4081,-1177,-783,0,0
63,74,38,-4039,-1169,-813,0,0
52,57,24,-4034,-1163,-797,0,0
49,51,15,-4039,-1171,-755,0,0
62,73,11,-4066,-1248,-710,0,0
82,164,35,-4022,-1267,-729,0,0
80,194,70,-3984,-1221,-743,0,0
50,264,98,-3961,-1152,-752,0,0
-29,298,87,-3923,-989,-848,0,0
-132,284,37,-3918,-1051,-769,0,0
-200,398,25,-3846,-1098,-792,0,0
-201,460,15,-3804,-1140,-832,0,0
-145,547,13,-3798,-1237,-808,0,0
-97,678,57,-3767,-1185,-988,0,0
-79,726,65,-3696,-1156,-1095,0,0
-108,844,100,-3496,-1149,-1135,0,0
-172,889,154,-3388,-1063,-1398,0,0
-203,739,135,-3428,-968,-1732,0,0
-193,731,79,-3282,-977,-1767,0,0
-208,1029,122,-3114,-953,-2014,0,0
-258,1087,180,-3122,-863,-2346,0,0
-306,917,144,-3130,-808,-2510,0,0
-271,938,134,-3063,-729,-2591,0,0
-223,1078,171,-2913,-747,-2820,0,0
-213,1015,216,-2862,-544,-3011,0,0
-167,992,244,-2768,-513,-3048,0,0
-155,988,183,-2476,-429,-3159,0,0
-126,797,122,-2334,-392,-3170,0,0
-76,788,88,-2213,-507,-3153,0,0
-66,783,58,-2192,-407,-3447,0,0
-48,742,31,-2162,-483,-3461,0,0
-36,954,38,-2069,-435,-3768,0,0
-52,925,42,-1953,-487,-3863,0,0
-113,822,40,-1886,-412,-4024,0,0
-117,817,63,-1732,-382,-4030,0,0
-133,829,55,-1577,-381,-3972,0,0
-154,782,32,-1413,-367,-3994,0,0
-164,751,24,-1286,-362,-4045,0,0
-179,721,0,-1171,-337,-4136,0,0
-184,658,-6,-1130,-324,-4180,0,0
-178,633,-10,-1007,-323,-4307,0,0
-222,515,-33,-890,-192,-4407,0,0
-268,395,-47,-811,-168,-4301,0,0
-313,438,-14,-715,-199,-4225,0,0
-314,560,8,-657,-148,-4182,0,0
-283,584,2,-617,-143,-4201,0,0
-236,517,-9,-522,-165,-4130,0,0
-171,533,22,-439,-130,-4153,0,0
-103,496,41,-412,-68,-4216,0,0
-38,440,42,-298,-53,-4279,0,0
2,350,25,-215,-10,-4342,0,0
29,227,5,-166,15,-4476,0,0
6,91,-17,-73,-11,-4533,0,0
-1,124,8,-16,15,-4704,0,0
2,90,-1,-79,74,-4803,0,0
-28,13,-25,-114,55,-4767,0,0
-66,-71,-23,-154,-2,-4820,0,0
-79,-170,-19,-154,-58,-4790,0,0
-50,-274,8,-203,-73,-4805,0,0
26,-408,19,-256,-96,-4903,0,0
122,-585,-10,-382,-134,-5082,0,0
207,-730,-10,-572,-27,-5265,0,0
262,-887,59,-688,68,-5119,0,0
248,-998,90,-663,-1,-4808,0,0
203,-1127,44,-722,4,-4775,0,0
201,-1252,-17,-828,-52,-4515,0,0
194,-1249,-29,-958,-119,-4173,0,0
164,-1316,-36,-1250,-130,-3882,0,0
144,-1423,-89,-1391,-175,-3719,0,0
191,-1440,-127,-1532,-244,-3478,0,0
282,-1294,-67,-1760,-307,-3284,0,0
310,-1356,-46,-2142,-332,-3075,0,0
276,-1537,-117,-2378,-391,-2842,0,0
236,-1466,-100,-2391,-386,-2737,0,0
228,-1336,-27,-2592,-336,-2691,0,0
213,-1353,-75,-2703,-344,-2345,0,0
200,-1189,-98,-2739,-459,-2154,0,0
188,-1167,-126,-2969,-469,-2095,0,0
181,-1103,-149,-3092,-561,-1695,0,0
165,-787,-100,-3125,-692,-1583,0,0
136,-818,-96,-3261,-681,-1735,0,0
117,-912,-149,-3536,-718,-1478,0,0
99,-692,-189,-3755,-829,-1277,0,0
57,-589,-196,-3813,-950,-1224,0,0
59,-666,-173,-3868,-976,-1192,0,0
122,-630,-160,-3890,-972,-1072,0,0
173,-520,-142,-3851,-985,-988,0,0
164,-474,-116,-3883,-943,-979,0,0
129,-458,-126,-3906,-980,-894,0,0
101,-406,-131,-3867,-1055,-841,0,0
89,-375,-124,-3990,-1041,-938,0,0
85,-390,-150,-4051,-1073,-810,0,0
54,-304,-134,-4041,-1157,-705,0,0
16,-220,-105,-4048,-1142,-609,0,0
-21,-187,-89,-4045,-1188,-523,0,0
-44,-146,-77,-4083,-1210,-577,0,0
-42,-174,-97,-4073,-1256,-571,0,0
-52,-195,-96,-4061,-1323,-460,0,0
-56,-104,-42,-4094,-1294,-507,0,0
-57,-56,-21,-4117,-1287,-465,0,0
-56,19,-4,-4016,-1310,-471,0,0
-46,39,29,-4007,-1235,-639,0,0
16,39,18,-4084,-1222,-636,0,0
16,123,21,-4019,-1202,-641,0,0
-44,98,32,-4017,-1178,-682,0,0
-44,161,26,-4018,-1151,-677,0,0
-55,138,-16,-3972,-1191,-559,0,0
-57,220,-9,-3977,-1254,-588,0,0
-27,287,5,-3987,-1248,-684,0,0
-12,351,17,-3992,-1245,-587,0,0
-44,465,43,-3939,-1216,-648,0,0
-75,543,55,-3849,-1157,-688,0,0
-96,672,81,-3750,-1164,-720,0,0
-136,805,112,-3676,-1121,-850,0,0
-159,883,119,-3535,-1086,-1079,0,0
-181,891,97,-3315,-1052,-1213,0,0
-201,991,97,-3171,-1006,-1365,0,0
-224,1170,121,-3119,-952,-1579,0,0
-261,1196,168,-3216,-1012,-2021,0,0
-260,1145,222,-3167,-936,-2272,0,0
-252,1272,254,-3002,-864,-2619,0,0
-297,1199,206,-2810,-693,-2974,0,0
-343,1042,205,-2717,-657,-3121,0,0
-287,1080,264,-2741,-622,-3244,0,0
-204,1129,253,-2648,-556,-3210,0,0
-163,1002,218,-2546,-553,-3319,0,0
-123,925,173,-2321,-564,-3364,0,0
-112,947,158,-2192,-521,-3576,0,0
-105,896,184,-2187,-420,-3644,0,0
-104,908,183,-2069,-367,-3620,0,0
-142,866,147,-1869,-443,-3748,0,0
-136,817,145,-1692,-373,-3804,0,0
-107,911,193,-1569,-404,-3788,0,0
-122,882,172,-1439,-304,-3949,0,0
-111,837,135,-1250,-250,-4039,0,0
-115,808,125,-1099,-236,-4075,0,0
-2176,733,101,-1055,-159,-4042,0,0
-133,725,87,-919,-202,-4062,0,0
-164,726,61,-781,-150,-4054,0,0
-178,688,81,-707,-205,-3984,0,0
-191,746,69,-489,-179,-4033,0,0
-160,788,109,-406,-149,-4130,0,0
-121,752,131,-394,-116,-4210,0,0
-101,703,91,-213,-13,-4288,0,0
-98,635,77,-44,-122,-4214,0,0
-95,683,119,104,-53,-4336,0,0
-105,647,101,225,37,-4342,0,0
-135,594,97,308,52,-4417,0,0
-119,477,50,375,94,-4417,0,0
-104,488,15,464,125,-4381,0,0
-109,492,12,548,25,-4309,0,0
-118,469,47,493,139,-4400,0,0
-111,360,22,545,101,-4291,0,0
-114,300,27,675,78,-4278,0,0
-85,220,39,714,114,-4333,0,0
-58,86,22,788,121,-4339,0,0
-32,18,16,935,116,-4434,0,0
16,39,38,972,219,-4644,0,0
55,-15,24,906,298,-4775,0,0
37,-147,-42,846,295,-4816,0,0
7,-254,-76,804,144,-4749,0,0
3,-365,-76,771,93,-4733,0,0
52,-463,-64,695,58,-4774,0,0
87,-542,-61,583,141,-4841,0,0
26,-571,-46,435,150,-4864,0,0
-104,-629,-30,350,334,-5081,0,0
-161,-849,-58,333,351,-4879,0,0
-154,-994,-101,342,245,-4457,0,0
-115,-1023,-128,196,173,-4322,0,0
-53,-1105,-190,-35,244,-4153,0,0
26,-1099,-236,-362,241,-4043,0,0
72,-1209,-303,-600,205,-3925,0,0
144,-1256,-310,-828,53,-3759,0,0
201,-1262,-334,-1010,8,-3599,0,0
263,-1125,-229,-1178,-191,-3398,0,0
285,-1051,-110,-1429,-81,-3610,0,0
365,-1200,-155,-1612,-16,-3482,0,0
404,-1135,-155,-1714,-146,-3335,0,0
378,-1137,-144,-1873,-230,-3347,0,0
348,-1054,-94,-2131,-192,-3258,0,0
341,-1065,-74,-2301,-401,-3111,0,0
327,-1069,-102,-2363,-422,-2871,0,0
284,-778,54,-2637,-352,-2920,0,0
237,-1000,7,-2861,-477,-2890,0,0
300,-1106,-89,-2823,-453,-2743,0,0
312,-918,-51,-3038,-424,-2671,0,0
255,-1096,-155,-3247,-530,-2493,0,0
231,-1116,-228,-3065,-604,-2339,0,0
220,-1006,-142,-3114,-670,-2235,0,0
212,-977,-88,-3398,-691,-2002,0,0
195,-965,-108,-3497,-703,-1817,0,0
170,-956,-136,-3469,-817,-1582,0,0
138,-838,-108,-3535,-865,-1352,0,0
83,-711,-84,-3684,-860,-1180,0,0
9,-761,-139,-3767,-929,-1099,0,0
-32,-751,-172,-3818,-942,-1027,0,0
-34,-649,-125,-3961,-970,-1001,0,0
-41,-612,-97,-4078,-1028,-910,0,0
-38,-512,-79,-4071,-1026,-751,0,0
-56,-352,-35,-4042,-998,-716,0,0
-123,-390,-21,-3991,-981,-740,0,0
-146,-393,-19,-3935,-922,-750,0,0
-125,-281,-36,-3916,-930,-654,0,0
-131,-170,-45,-3954,-993,-575,0,0
-159,-168,-52,-4053,-1061,-595,0,0
-148,-136,-57,-4145,-1094,-583,0,0
-113,-72,-61,-4129,-1084,-580,0,0
-100,-63,-61,-4076,-1110,-537,0,0
-86,34,-26,-4083,-1059,-511,0,0
-84,79,-16,-4128,-1073,-540,0,0
-74,97,-30,-4092,-1096,-590,0,0
-49,159,-33,-4014,-1116,-610,0,0
-44,248,5,-4055,-1093,-625,0,0
-53,295,22,-4091,-1043,-706,0,0
-61,291,9,-4054,-1069,-804,0,0
-83,290,16,-4032,-1055,-798,0,0
-120,382,42,-4011,-1055,-760,0,0
-138,454,56,-3939,-1073,-772,0,0
-133,517,68,-3839,-996,-803,0,0
-116,572,68,-3788,-1017,-877,0,0
-61,637,78,-3722,-1120,-1002,0,0
14,688,116,-3653,-1135,-1093,0,0
70,728,162,-3643,-1129,-1182,0,0
89,799,196,-3527,-1069,-1332,0,0
75,968,262,-3334,-965,-1566,0,0
50,985,272,-3177,-783,-1833,0,0
31,988,224,-3018,-727,-1914,0,0
-7,1178,225,-2921,-606,-2206,0,0
-80,1171,176,-2861,-559,-2508,0,0
-129,1136,146,-2759,-524,-2642,0,0
-162,1245,154,-2588,-534,-2812,0,0
-186,1214,139,-2477,-514,-3098,0,0
-161,1121,126,-2421,-460,-3218,0,0
-121,1222,133,-2265,-486,-3299,0,0
-130,1129,101,-2141,-482,-3545,0,0
-140,1014,88,-2102,-366,-3670,0,0
-157,1160,95,-1863,-387,-3872,0,0
-253,1008,51,-1754,-231,-4112,0,0
-318,967,54,-1592,-362,-4019,0,0
-354,974,69,-1466,-293,-4160,0,0
-360,898,81,-1372,-220,-4234,0,0
-341,857,58,-1252,-161,-4311,0,0
-322,732,53,-1209,-127,-4426,0,0
-288,541,66,-1178,-103,-4314,0,0
-248,564,55,-892,-103,-4153,0,0
-243,592,59,-757,-28,-4178,0,0
-217,584,61,-717,-17,-4131,0,0
-181,597,78,-712,13,-4172,0,0
-154,553,86,-622,45,-4239,0,0
-121,532,91,-486,89,-4279,0,0
-98,535,102,-363,98,-4239,0,0
-86,531,122,-291,130,-4273,0,0
-63,507,116,-232,180,-4327,0,0
-40,435,87,-153,183,-4322,0,0
-39,405,80,-88,241,-4365,0,0
-56,336,41,13,222,-4388,0,0
-74,257,4,67,179,-4322,0,0
-77,261,14,57,195,-4373,0,0
-84,183,-26,76,254,-4349,0,0
-93,190,-27,125,205,-4288,0,0
-113,135,-29,135,215,-4301,0,0
-80,127,-25,121,186,-4255,0,0
-65,52,-16,126,163,-4418,0,0
-15,-52,-3,171,216,-4507,0,0
52,-107,27,203,157,-4542,0,0
103,-184,32,231,231,-4727,0,0
141,-271,25,217,343,-4954,0,0
145,-366,13,231,317,-4986,0,0
139,-479,7,147,332,-5099,0,0
150,-630,-42,78,297,-5130,0,0
155,-742,-82,1,239,-5123,0,0
156,-883,-115,-231,168,-4988,0,0
251,-978,-133,-408,86,-4698,0,0
360,-1061,-141,-581,25,-4503,0,0
367,-1200,-130,-713,9,-4275,0,0
309,-1239,-111,-950,-84,-3966,0,0
267,-1297,-110,-1128,-188,-3804,0,0
299,-1391,-101,-1349,-257,-3776,0,0
362,-1422,-102,-1519,-279,-3579,0,0
389,-1413,-90,-1641,-342,-3459,0,0
378,-1441,-80,-1780,-372,-3301,0,0
369,-1325,-51,-2036,-371,-3189,0,0
338,-1200,-25,-2250,-250,-3076,0,0
270,-1217,-15,-2449,-407,-2754,0,0
172,-1332,-66,-2592,-523,-2600,0,0
128,-1223,-57,-2722,-499,-2351,0,0
