-42,93,-192,3209,-1674,-688,0,0
-73,105,32,2920,-1764,-519,0,0
37,-18,333,2848,-1946,-145,0,0
131,843,456,3548,-2128,-388,0,0
-7,1518,211,3896,-1993,-517,0,0
-133,918,117,3557,-1826,-870,0,0
-270,145,213,4802,-1797,-660,0,0
-327,-327,12,3612,-1947,33,0,0
-257,131,49,3017,-2005,-113,0,0
-189,86,57,3590,-2130,-270,0,0
-122,87,-62,3444,-1918,-374,0,0
-99,264,-77,3425,-1820,-323,0,0
-75,343,-76,3656,-1868,-306,0,0
-37,69,-68,3544,-1790,-504,0,0
-5,-303,-19,3789,-1695,-389,0,0
109,-626,44,3522,-1781,-421,0,0
160,-614,119,3724,-1929,-829,0,0
170,-742,31,3613,-1885,-646,0,0
139,-682,-126,3448,-1867,-931,0,0
82,-686,-217,3147,-1920,-629,0,0
70,-379,-188,3129,-1923,-499,0,0
41,38,-72,3041,-1836,-155,0,0
25,786,120,3782,-1753,-289,0,0
-6,694,111,4097,-1929,-1151,0,0
-150,52,-64,4002,-1957,-953,0,0
-238,-101,-199,3369,-1742,-796,0,0
-251,78,-123,3538,-1722,-791,0,0
-184,22,-56,3642,-1692,-616,0,0
-85,69,-8,3443,-1611,-724,0,0
-27,119,44,3619,-1740,-778,0,0
-30,161,43,3547,-1726,-693,0,0
-41,146,64,3587,-1752,-643,0,0
-29,94,64,3531,-1803,-609,0,0
5,135,50,3550,-1830,-632,0,0
50,152,21,3616,-1830,-578,0,0
102,102,0,3481,-1792,-486,0,0
134,123,8,3614,-1838,-482,0,0
122,89,0,3621,-1781,-464,0,0
70,74,15,3561,-1736,-439,0,0
38,79,51,3643,-1819,-427,0,0
26,58,65,3585,-1801,-415,0,0
44,66,82,3584,-1804,-385,0,0
75,67,87,3604,-1889,-378,0,0
101,55,71,3587,-1881,-307,0,0
103,60,68,3562,-1864,-298,0,0
70,37,49,3569,-1902,-284,0,0
24,-15,11,3529,-1944,-187,0,0
-21,-27,-11,3574,-1935,-206,0,0
-41,-42,-19,3617,-1951,-146,0,0
-30,-119,-44,3575,-1998,-104,0,0
-12,-193,-93,3593,-2025,-59,0,0
-35,-310,-185,3679,-2065,-56,0,0
-78,-452,-270,3738,-1999,-119,0,0
-132,-543,-313,3539,-1870,-122,0,0
-186,-647,-309,3558,-1862,-169,0,0
-229,-754,-322,3490,-1765,-343,0,0
-279,-747,-312,3223,-1663,-438,0,0
-321,-499,-245,3355,-1598,-550,0,0
-415,-470,-262,3397,-1424,-736,0,0
-508,-669,-292,2978,-1237,-715,0,0
-534,-649,-237,3077,-1205,-970,0,0
-543,-631,-263,3038,-1132,-1280,0,0
-540,-693,-370,2860,-1022,-1358,0,0
-533,-687,-437,2801,-879,-1465,0,0
-494,-562,-457,2869,-813,-1848,0,0
-483,-698,-460,2705,-533,-1990,0,0
-462,-713,-303,2922,-364,-2277,0,0
-390,-408,-100,2850,-515,-2498,0,0
-513,-243,-41,3189,-428,-2566,0,0
-729,-452,-126,3139,-298,-2497,0,0
-854,-429,-186,2883,-156,-2557,0,0
-734,-305,-254,3023,-260,-2856,0,0
-522,-323,-367,2996,50,-2882,0,0
-382,-280,-386,3199,82,-2903,0,0
-283,-187,-294,3073,280,-2906,0,0
-220,-313,-281,3255,204,-2974,0,0
-138,-249,-284,3099,332,-2887,0,0
-133,-303,-272,3025,253,-2969,0,0
-168,-413,-332,2877,297,-2793,0,0
-209,-440,-287,2815,468,-2872,0,0
-257,-434,-234,2721,439,-3009,0,0
-238,-365,-249,2726,497,-3109,0,0
-252,-267,-223,2862,553,-3094,0,0
-338,-326,-181,2910,624,-3229,0,0
-331,-385,-216,2757,753,-3424,0,0
-134,-316,-184,2652,820,-3443,0,0
-91,-248,-162,2699,874,-3379,0,0
-101,-210,-105,2706,824,-3472,0,0
-96,-172,-50,2594,921,-3542,0,0
-63,-86,-21,2653,992,-3675,0,0
-13,-20,20,2579,1030,-3691,0,0
12,84,72,2675,1085,-3738,0,0
74,242,163,2736,1010,-3715,0,0
144,309,234,2715,1002,-3646,0,0
211,404,280,2737,970,-3586,0,0
313,543,343,2902,843,-3567,0,0
299,575,378,2871,852,-3438,0,0
268,606,390,2897,708,-3368,0,0
376,720,436,3052,643,-3372,0,0
451,753,474,2915,652,-3174,0,0
514,869,605,2975,488,-3044,0,0
645,921,705,2867,276,-2710,0,0
770,880,756,2904,41,-2513,0,0
822,888,743,2866,-217,-2109,0,0
850,720,718,2892,-403,-1875,0,0
837,515,645,2644,-710,-1483,0,0
806,708,590,3008,-972,-1362,0,0
901,659,509,2811,-1184,-1170,0,0
919,646,356,3010,-1306,-1237,0,0
815,553,206,2879,-1232,-818,0,0
743,601,204,2988,-1378,-760,0,0
758,654,249,2858,-1564,-423,0,0
726,764,251,3257,-1598,-446,0,0
586,643,166,3429,-1619,-343,0,0
531,468,134,3202,-1679,-108,0,0
514,453,172,3366,-1805,-47,0,0
413,366,131,3587,-1829,15,0,0
367,113,49,3488,-1804,129,0,0
416,-119,-5,3381,-1832,8,0,0
403,-115,-61,3620,-1854,-165,0,0
326,-221,-111,3710,-1781,8,0,0
305,-475,-118,3739,-1832,53,0,0
218,-463,-109,3356,-1885,-288,0,0
41,88,-42,3374,-1743,-352,0,0
-54,202,-17,3786,-1761,-227,0,0
3,143,-41,3726,-1783,-274,0,0
141,177,-73,3762,-1659,-365,0,0
246,-38,-140,3679,-1597,-343,0,0
336,-237,-193,3788,-1677,-403,0,0
399,-448,-205,3733,-1578,-372,0,0
422,-366,-202,3641,-1506,-515,0,0
360,-288,-161,3669,-1524,-547,0,0
243,-231,-99,3727,-1512,-431,0,0
146,-78,-49,3778,-1542,-546,0,0
32,-38,-18,3656,-1534,-559,0,0
-62,-27,17,3680,-1508,-495,0,0
-112,-1,42,3700,-1534,-509,0,0
-116,-51,53,3725,-1574,-556,0,0
-106,-78,28,3684,-1630,-604,0,0
-83,-70,-11,3723,-1603,-529,0,0
-47,-127,-28,3732,-1576,-504,0,0
-35,-190,-19,3697,-1568,-536,0,0
-22,-256,-10,3778,-1582,-613,0,0
-16,-267,-50,3700,-1589,-637,0,0
14,-212,-87,3702,-1597,-636,0,0
54,-226,-129,3757,-1542,-687,0,0
54,-240,-129,3494,-1522,-664,0,0
8,-31,-113,3696,-1504,-699,0,0
-90,-87,-91,3516,-1444,-634,0,0
-208,190,13,3639,-1411,-596,0,0
-299,233,86,3669,-1475,-478,0,0
-377,127,126,3595,-1448,-600,0,0
-443,3,107,3691,-1544,-636,0,0
-469,-65,38,3585,-1489,-578,0,0
-415,-248,-38,3498,-1420,-730,0,0
-367,-444,-85,3374,-1366,-773,0,0
-371,-576,-113,3303,-1259,-1102,0,0
-403,-605,-130,3499,-1287,-1155,0,0
-312,-921,-201,3464,-1245,-1360,0,0
-172,-1232,-238,3301,-1191,-1232,0,0
-95,-932,-254,3072,-1162,-1358,0,0
-148,-887,-218,2942,-1056,-1435,0,0
-339,-908,-152,2600,-904,-1538,0,0
-676,-539,-64,2699,-890,-1776,0,0
-904,-178,24,2753,-693,-2052,0,0
-964,102,118,2829,-641,-2276,0,0
-1021,343,93,3280,-708,-2289,0,0
-942,242,-47,2917,-532,-2461,0,0
-975,434,-62,2977,-311,-2180,0,0
-909,457,-16,3327,-187,-2332,0,0
-791,-66,-24,3155,-318,-2556,0,0
-615,-24,10,3370,-295,-2352,0,0
-320,-171,82,3625,-297,-2397,0,0
-178,-551,26,3628,-330,-2350,0,0
-127,-869,-115,3285,-163,-2527,0,0
-117,-853,-181,3285,-212,-2780,0,0
-96,-739,-299,3243,-166,-2819,0,0
-42,-704,-330,3008,-186,-2829,0,0
-15,-564,-345,2880,-59,-2767,0,0
-2,-553,-353,2914,-38,-3057,0,0
30,-318,-302,2887,45,-3052,0,0
24,-157,-187,2927,134,-3131,0,0
1,-69,-8,2731,146,-3098,0,0
-109,5,51,2908,-33,-2940,0,0
-140,32,17,2655,53,-2875,0,0
-179,-5,59,2751,57,-2787,0,0
-205,-65,50,2739,-63,-2798,0,0
-157,-156,14,2731,-16,-2829,0,0
-190,-158,-35,2767,-31,-2844,0,0
-169,-245,-179,2719,-6,-2822,0,0
-102,-406,-372,2541,97,-2801,0,0
-98,-659,-452,2386,448,-3055,0,0
-46,-500,-287,2333,499,-3322,0,0
125,-356,-120,2200,375,-3171,0,0
100,-305,-57,2266,369,-3163,0,0
-20,-301,-14,2052,338,-3081,0,0
-102,-263,-70,2162,248,-3184,0,0
-53,-215,-125,2149,405,-3434,0,0
-63,-289,-82,2222,397,-3315,0,0
-166,-202,-49,2293,420,-3466,0,0
-272,-178,-65,2227,509,-3672,0,0
-242,-275,-44,2235,511,-3598,0,0
-171,-233,-104,2260,530,-3875,0,0
-96,-310,-152,2182,690,-3704,0,0
-72,-322,-110,2163,636,-3939,0,0
-40,-212,-118,2059,756,-3980,0,0
30,-76,-39,1943,707,-3870,0,0
-26,39,-78,2155,719,-3915,0,0
-91,97,-35,2138,890,-3961,0,0
-29,138,49,2110,828,-4056,0,0
56,260,104,2047,866,-3758,0,0
115,391,194,2107,813,-3779,0,0
154,416,206,2139,694,-3675,0,0
130,379,191,2349,745,-3657,0,0
155,366,246,2340,710,-3847,0,0
210,503,302,2401,601,-3773,0,0
282,620,344,2510,544,-3663,0,0
303,753,408,2556,530,-3477,0,0
339,810,523,2559,365,-3469,0,0
329,846,506,2628,218,-3170,0,0
367,922,502,2776,96,-3108,0,0
371,962,502,2893,0,-2998,0,0
435,997,564,2872,27,-2720,0,0
497,1086,588,3025,-256,-2579,0,0
566,1034,487,3150,-413,-2309,0,0
703,679,416,2857,-463,-1905,0,0
709,485,294,2968,-776,-1765,0,0
704,310,112,2790,-800,-1535,0,0
730,525,242,2708,-642,-1521,0,0
636,782,391,2795,-1084,-1219,0,0
536,941,358,3060,-1182,-1083,0,0
543,789,372,3138,-1291,-1089,0,0
526,585,242,3173,-1411,-924,0,0
659,382,56,3153,-1366,-669,0,0
796,257,-42,3218,-1443,-788,0,0
721,156,-111,3375,-1445,-448,0,0
577,36,-112,3328,-1423,-224,0,0
440,217,-1,3340,-1481,-381,0,0
265,296,66,3487,-1566,-427,0,0
171,285,83,3577,-1556,-326,0,0
189,270,87,3591,-1542,-356,0,0
250,268,110,3756,-1609,-493,0,0
341,80,99,3821,-1618,-337,0,0
486,-207,54,3596,-1619,-320,0,0
547,0,11,3413,-1679,-683,0,0
514,74,-37,3697,-1680,-428,0,0
510,-235,-87,3615,-1629,-124,0,0
505,-35,-68,3631,-1648,-512,0,0
392,196,-41,3647,-1611,-568,0,0
237,49,-41,3648,-1599,-309,0,0
132,80,-34,3673,-1567,-251,0,0
81,186,4,3699,-1582,-343,0,0
20,149,42,3737,-1646,-253,0,0
-23,206,40,3672,-1632,-220,0,0
-62,198,45,3695,-1623,-179,0,0
-55,149,33,3791,-1672,-169,0,0
-59,119,6,3780,-1634,-124,0,0
-70,35,33,3873,-1633,-9,0,0
-99,17,58,3797,-1697,-84,0,0
-163,4,55,3817,-1671,-71,0,0
-189,-118,46,3779,-1700,-32,0,0
-200,-220,15,3684,-1708,-140,0,0
-221,-203,0,3777,-1690,-223,0,0
-235,-340,-7,3691,-1672,-158,0,0
-252,-414,-4,3723,-1711,-331,0,0
-324,-416,-50,3635,-1689,-424,0,0
-367,-427,-50,3519,-1652,-378,0,0
-338,-409,-26,3642,-1697,-512,0,0
-301,-413,-24,3480,-1620,-621,0,0
-328,-263,28,3312,-1552,-576,0,0
-430,-265,108,3524,-1577,-557,0,0
-499,-483,54,3530,-1635,-638,0,0
-590,-461,-67,3136,-1438,-837,0,0
-708,-477,-93,3139,-1313,-939,0,0
-737,-722,-142,3180,-1265,-1102,0,0
-674,-996,-205,3027,-1170,-1403,0,0
-624,-947,-247,2914,-1129,-1834,0,0
-536,-919,-272,2890,-1077,-1816,0,0
-407,-1004,-268,2732,-971,-1860,0,0
-383,-828,-204,2624,-844,-2093,0,0
-469,-668,-149,2638,-876,-2117,0,0
-488,-716,-112,2605,-749,-2346,0,0
-560,-562,-111,2692,-737,-2767,0,0
-661,-583,-160,2709,-579,-2556,0,0
-636,-642,-168,2494,-390,-2598,0,0
-648,-519,-203,2558,-323,-3065,0,0
-592,-622,-267,2617,-289,-3235,0,0
-417,-745,-333,2574,-63,-3367,0,0
-311,-713,-347,2503,-44,-3581,0,0
-168,-643,-260,2696,-56,-3739,0,0
-22,-595,-176,2436,116,-3765,0,0
43,-339,-61,2496,-5,-4106,0,0
74,-132,-16,2437,-136,-3712,0,0
37,38,2,2188,20,-3366,0,0
-141,147,38,2314,-17,-3162,0,0
-378,264,58,2213,111,-3350,0,0
-464,253,85,2488,-67,-3419,0,0
-383,375,109,2463,239,-3209,0,0
-404,300,205,2629,22,-3317,0,0
-429,204,71,2608,132,-3198,0,0
-304,71,20,2636,242,-3303,0,0
-240,-76,-10,2708,118,-3353,0,0
-217,-105,-19,2655,197,-3098,0,0
-106,-208,39,2433,198,-3264,0,0
-96,-229,16,2394,185,-3261,0,0
-119,-190,-19,2351,111,-3240,0,0
-201,-243,-94,2291,251,-3047,0,0
-180,-195,-35,2263,177,-3210,0,0
-139,-188,-47,2148,217,-3192,0,0
-31,-174,-50,2203,254,-3219,0,0
-45,-204,-78,2148,296,-3262,0,0
-57,-168,-87,2167,285,-3325,0,0
-144,-246,-195,2119,397,-3327,0,0
-102,-230,-167,2143,468,-3602,0,0
-185,-200,-204,2140,544,-3562,0,0
-145,-173,-152,2054,698,-3672,0,0
-98,-167,-150,1995,578,-3587,0,0
-34,-115,-110,2068,650,-3527,0,0
-33,-152,-81,2005,653,-3565,0,0
39,-76,-50,1954,622,-3726,0,0
-9,-11,-57,1923,702,-3487,0,0
-13,4,-26,1951,661,-3579,0,0
-32,-1,-54,2063,696,-3660,0,0
4,-1,-31,2078,771,-3798,0,0
-27,23,-45,2073,881,-3799,0,0
-19,122,37,2214,828,-3798,0,0
71,190,104,2096,836,-3909,0,0
125,266,128,2169,841,-3859,0,0
140,360,185,2305,778,-3850,0,0
165,391,210,2247,777,-3590,0,0
257,406,261,2244,642,-3742,0,0
275,493,282,2226,610,-3485,0,0
284,490,312,2353,493,-3518,0,0
353,507,317,2438,411,-3578,0,0
350,588,345,2605,391,-3743,0,0
363,725,360,2604,280,-3530,0,0
444,840,416,2730,215,-3458,0,0
529,937,447,2638,-38,-3073,0,0
613,971,471,2759,-171,-2929,0,0
633,914,437,2705,-318,-2498,0,0
674,969,437,2720,-487,-2254,0,0
693,913,373,2842,-730,-1936,0,0
712,725,233,2958,-838,-1895,0,0
708,471,128,2834,-758,-1651,0,0
730,452,145,3060,-869,-1535,0,0
714,469,149,2858,-988,-1421,0,0
659,652,224,2993,-1047,-1329,0,0
587,777,265,3243,-1146,-1140,0,0
525,808,227,3200,-1254,-935,0,0
474,774,179,3012,-1305,-670,0,0
460,531,188,3191,-1357,-410,0,0
441,335,158,3325,-1470,-442,0,0
380,384,78,3469,-1527,-492,0,0
321,282,19,3447,-1498,-311,0,0
294,196,56,3648,-1544,-246,0,0
347,196,64,3843,-1625,-388,0,0
315,343,59,3537,-1566,-630,0,0
168,537,116,3394,-1533,-423,0,0
154,337,171,3441,-1619,-69,0,0
239,222,157,3768,-1714,-329,0,0
255,175,113,3856,-1675,-407,0,0
238,142,112,3612,-1683,-204,0,0
181,170,117,3518,-1804,-170,0,0
73,177,58,3652,-1841,-127,0,0
16,123,-6,3694,-1743,-151,0,0
-8,113,-14,3623,-1736,-191,0,0
-15,92,17,3842,-1790,-163,0,0
3,91,-5,3737,-1737,-185,0,0
17,103,-10,3641,-1719,-147,0,0
16,54,-4,3704,-1720,-22,0,0
-16,-27,-5,3709,-1763,45,0,0
-87,-139,9,3871,-1781,57,0,0
-177,-264,14,3803,-1760,12,0,0
-233,-340,7,3680,-1813,-65,0,0
-286,-358,-38,3699,-1795,-142,0,0
-304,-428,-83,3630,-1746,-264,0,0
-319,-592,-87,3572,-1742,-312,0,0
-341,-518,-104,3772,-1753,-425,0,0
-373,-564,-116,3620,-1680,-407,0,0
-392,-690,-115,3231,-1625,-332,0,0
-448,-574,-116,3068,-1615,-577,0,0
-543,-683,-192,3288,-1568,-829,0,0
-590,-944,-298,2902,-1286,-848,0,0
-520,-901,-274,2485,-993,-982,0,0
-523,-947,-250,2613,-1112,-1519,0,0
-678,-1160,-313,2927,-1022,-1908,0,0
-721,-969,-297,2714,-710,-1876,0,0
-635,-872,-179,2585,-733,-1891,0,0
-645,-649,-218,2690,-830,-2353,0,0
-748,-855,-403,2607,-631,-2380,0,0
-696,-869,-491,2694,-390,-2582,0,0
-582,-952,-505,2798,-252,-2815,0,0
-425,-920,-459,2618,34,-3063,0,0
-196,-866,-312,2637,129,-3457,0,0
22,-689,-133,2571,-88,-3671,0,0
10,-551,-31,2463,0,-3319,0,0
-105,-354,96,2389,-78,-3597,0,0
-281,15,180,2512,-329,-3764,0,0
-395,231,185,2458,-139,-3502,0,0
-509,188,145,2617,-191,-3542,0,0
-533,199,-3,2687,-82,-3541,0,0
-525,152,-90,2724,90,-3509,0,0
-331,69,-115,2763,210,-3687,0,0
-101,-48,-100,2899,177,-3599,0,0
37,114,-1,2574,224,-3461,0,0
14,61,24,2575,159,-3186,0,0
-56,167,-9,2616,228,-3241,0,0
-212,54,-25,2742,135,-2969,0,0
-272,-8,-30,2580,127,-3066,0,0
-184,-144,-121,2559,181,-3077,0,0
-38,-57,-108,2535,236,-2881,0,0
-80,-159,-136,2456,273,-2951,0,0
-75,-270,-130,2357,392,-3096,0,0
-54,-159,-26,2369,387,-3097,0,0
-13,-30,64,2229,367,-3185,0,0
-53,-66,23,2336,374,-3280,0,0
-33,-59,-11,2401,392,-3240,0,0
-60,-15,-17,2363,363,-3263,0,0
-106,-16,-64,2510,343,-3196,0,0
-170,-133,-123,2519,499,-3230,0,0
-219,-184,-111,2403,460,-3367,0,0
-169,-199,-145,2329,548,-3373,0,0
-73,-144,-125,2368,627,-3346,0,0
-4,-52,-11,2382,601,-3319,0,0
4,-118,4,2228,472,-3327,0,0
7,-176,-77,2251,582,-3327,0,0
-26,-197,-36,2291,572,-3415,0,0
-50,-185,-53,2299,562,-3672,0,0
-11,-179,-35,2179,629,-3577,0,0
11,-165,-39,2196,608,-3676,0,0
6,53,16,2347,703,-3821,0,0
18,148,68,2326,675,-3735,0,0
39,110,64,2388,690,-3838,0,0
32,202,89,2524,667,-3976,0,0
22,142,28,2436,720,-3740,0,0
63,138,9,2367,742,-3872,0,0
204,76,38,2401,740,-3968,0,0
403,190,130,2349,658,-3900,0,0
553,378,153,2248,520,-3747,0,0
568,399,147,2437,462,-3556,0,0
550,552,126,2160,356,-3375,0,0
587,673,132,2276,188,-3384,0,0
630,645,153,2439,51,-3111,0,0
608,816,144,2344,63,-3051,0,0
623,1016,267,2596,-33,-2753,0,0
642,1080,357,2383,-257,-2418,0,0
631,1138,412,2642,-404,-2101,0,0
567,1132,430,2966,-504,-2035,0,0
512,1087,390,2835,-619,-1717,0,0
638,1139,400,2867,-788,-1577,0,0
735,1060,425,3008,-907,-1283,0,0
723,939,423,2924,-986,-804,0,0
610,967,452,3225,-1207,-602,0,0
444,736,380,3238,-1338,-473,0,0
278,659,327,3165,-1377,-401,0,0
189,641,283,3390,-1580,-443,0,0
170,447,244,3456,-1601,-424,0,0
166,402,206,3488,-1583,-459,0,0
223,450,207,3409,-1595,-402,0,0
296,367,142,3485,-1685,-387,0,0
328,339,62,3456,-1650,-338,0,0
382,285,75,3650,-1675,-103,0,0
392,92,71,3732,-1767,76,0,0
436,52,52,3672,-1785,-39,0,0
448,244,56,3631,-1743,-159,0,0
400,224,55,3679,-1730,-74,0,0
282,178,13,3694,-1742,9,0,0
130,186,-7,3726,-1697,101,0,0
-36,56,13,3798,-1773,195,0,0
-114,17,11,3861,-1793,159,0,0
-120,-15,-2,3671,-1747,55,0,0
-124,-92,-10,3778,-1779,69,0,0
-138,-219,-47,3809,-1755,78,0,0
-177,-365,-63,3760,-1722,73,0,0
-255,-482,-51,3780,-1693,-108,0,0
-349,-563,-63,3647,-1691,-122,0,0
-340,-609,-59,3484,-1686,-227,0,0
-350,-654,-65,3551,-1682,-385,0,0
-386,-691,-98,3618,-1638,-509,0,0
-417,-743,-130,3432,-1522,-611,0,0
-420,-826,-140,3334,-1507,-634,0,0
-369,-842,-152,3154,-1291,-785,0,0
-322,-732,-146,2978,-1288,-1179,0,0
-386,-925,-177,2986,-1219,-1330,0,0
-473,-1128,-235,3083,-1127,-1577,0,0
-518,-1101,-257,2819,-1053,-1725,0,0
-501,-986,-214,2851,-1032,-1982,0,0
-476,-998,-208,2597,-995,-2047,0,0
-501,-756,-177,2521,-839,-2199,0,0
-564,-667,-150,2714,-783,-2308,0,0
-542,-775,-190,2407,-674,-2641,0,0
-548,-588,-179,2602,-623,-3124,0,0
-565,-532,-192,2625,-539,-3038,0,0
-565,-613,-175,2470,-334,-2896,0,0
-465,-587,-103,2444,-390,-3093,0,0
-474,-436,-129,2286,-265,-3275,0,0
-478,-410,-136,2397,-185,-3237,0,0
-494,-301,-121,2442,-82,-3182,0,0
-547,-271,-157,2334,-72,-3445,0,0
-590,-193,-198,2375,137,-3489,0,0
-601,38,-171,2537,161,-3442,0,0
-649,142,-142,2388,351,-3496,0,0
-718,123,-89,2446,274,-3571,0,0
-642,194,-159,2410,420,-3293,0,0
-416,-124,-178,2465,500,-3331,0,0
-285,-29,-119,2436,568,-3347,0,0
-212,-33,-52,2553,641,-3323,0,0
-56,-167,-22,2366,631,-3545,0,0
-14,-246,-87,2447,611,-3403,0,0
31,-358,-172,2147,677,-3227,0,0
69,-242,-119,2362,621,-3318,0,0
-55,-225,-93,2247,683,-3094,0,0
-163,-334,-55,2056,683,-3229,0,0
-241,-262,-60,2011,684,-3381,0,0
-264,-116,-35,2063,788,-3105,0,0
-318,-175,-29,2157,793,-3274,0,0
-353,-174,-74,2187,822,-3473,0,0
-232,-176,-48,2186,882,-3522,0,0
-120,-230,-112,2148,995,-3709,0,0
-66,-184,-133,2010,879,-3629,0,0
-79,-276,-183,2120,1007,-3655,0,0
-171,-244,-120,1927,1039,-3578,0,0
-152,-235,-147,1822,883,-3865,0,0
-23,-167,-206,1957,1110,-3773,0,0
-74,-134,-172,1764,1102,-3474,0,0
-55,-3,-137,1764,1056,-3700,0,0
-70,101,-126,1774,1152,-3428,0,0
-25,90,-73,1825,1132,-3427,0,0
4,82,-103,1761,1227,-3621,0,0
-10,135,-62,1903,1320,-3463,0,0
-11,79,-22,1944,1283,-3595,0,0
39,153,1,2020,1396,-3758,0,0
57,150,66,1849,1418,-3592,0,0
136,174,130,2219,1271,-3874,0,0
150,260,140,2172,1322,-3822,0,0
225,342,252,2074,1302,-3809,0,0
247,459,301,2285,1105,-3865,0,0
249,526,302,2259,1217,-3714,0,0
299,605,435,2280,1019,-3680,0,0
326,718,434,2335,865,-3606,0,0
357,764,472,2337,909,-3372,0,0
330,899,531,2419,678,-3211,0,0
372,867,520,2593,585,-3111,0,0
444,904,541,2652,506,-3102,0,0
465,1060,572,2760,362,-2817,0,0
517,1028,629,2856,184,-2613,0,0
527,1159,691,2908,43,-2467,0,0
541,1178,704,2985,-168,-1984,0,0
586,1076,657,2997,-350,-1838,0,0
595,1166,655,3126,-514,-1678,0,0
608,1154,647,3081,-622,-1277,0,0
634,1008,611,3033,-760,-1062,0,0
679,1059,618,3388,-1059,-999,0,0
663,1048,604,3194,-1187,-618,0,0
595,866,548,3226,-1332,-472,0,0
558,637,406,3333,-1442,-465,0,0
616,459,295,3258,-1359,-315,0,0
649,280,233,3153,-1518,-146,0,0
612,328,173,3312,-1499,-46,0,0
568,215,131,3207,-1528,241,0,0
525,66,94,3379,-1620,298,0,0
487,-72,38,3430,-1608,189,0,0
410,-1,44,3388,-1635,137,0,0
261,118,61,3497,-1685,207,0,0
117,104,139,3781,-1488,269,0,0
-18,313,261,3610,-1691,72,0,0
-113,488,320,3800,-1940,81,0,0
-129,72,271,3530,-1917,211,0,0
-62,-203,160,3682,-1952,48,0,0
-57,-218,37,3504,-1870,-15,0,0
-99,-28,9,3548,-1886,-34,0,0
-47,-128,-10,3636,-1744,260,0,0
-15,-176,85,3493,-1680,-105,0,0
-156,-92,283,3421,-1685,-159,0,0
-207,89,518,3454,-2125,251,0,0
-101,309,433,3678,-2515,91,0,0
-82,615,71,3476,-2229,-125,0,0
-63,300,-48,3617,-2070,-75,0,0
-25,-150,-60,3794,-1932,187,0,0
13,-117,-69,3834,-1943,6,0,0
-49,-83,-78,3548,-2075,-39,0,0
-103,-193,-81,3462,-2075,101,0,0
-82,-228,-94,3568,-1989,105,0,0
-68,-308,-105,3605,-2004,1,0,0
-97,-368,-149,3548,-2061,-155,0,0
-153,-316,-215,3614,-1986,-147,0,0
-153,-420,-260,3561,-1927,-63,0,0
-129,-468,-267,3659,-1869,-201,0,0
-148,-519,-286,3545,-1838,-233,0,0
-173,-352,-269,3129,-1762,-117,0,0
-188,-38,-181,3257,-1738,-171,0,0
-252,-275,-164,3534,-1735,-423,0,0
-345,-368,-217,3327,-1656,-252,0,0
-399,-265,-272,3151,-1532,-544,0,0
-467,-453,-315,2980,-1410,-729,0,0
-541,-445,-329,3086,-1266,-844,0,0
-590,-513,-393,3525,-1250,-1030,0,0
-548,-702,-451,3188,-1068,-1250,0,0
-551,-812,-399,3251,-963,-1450,0,0
-582,-792,-395,3133,-900,-1513,0,0
-575,-722,-403,3256,-769,-1571,0,0
-603,-838,-439,3262,-635,-1897,0,0
-644,-903,-462,3204,-453,-1939,0,0
-627,-766,-447,3202,-260,-2275,0,0
-576,-766,-427,3261,-170,-2507,0,0
-485,-756,-372,3177,-105,-2628,0,0
-334,-644,-274,3099,-72,-2681,0,0
-209,-644,-270,2926,104,-2700,0,0
-30,-626,-260,2912,17,-2998,0,0
275,-628,-374,2694,-153,-3138,0,0
502,-391,-374,2810,66,-2938,0,0
346,-161,-194,2855,-38,-2502,0,0
-96,-261,-140,2771,-149,-2695,0,0
-512,-333,-210,2632,-21,-2872,0,0
-691,-236,-267,2709,49,-2964,0,0
-774,-273,-304,2710,258,-2919,0,0
-686,-343,-322,2805,403,-3133,0,0
-484,-298,-316,2717,596,-3298,0,0
-309,-317,-250,2675,643,-3285,0,0
-273,-273,-176,2708,727,-3145,0,0
-262,-357,-158,2527,739,-3245,0,0
-202,-309,-136,2422,749,-3300,0,0
-147,-166,-97,2400,803,-3269,0,0
-94,-153,-124,2327,872,-3244,0,0
-24,-109,-67,2348,885,-3393,0,0
-4,-114,10,2356,863,-3313,0,0
-38,-37,47,2373,884,-3387,0,0
-62,-45,69,2292,841,-3288,0,0
-62,-104,29,2355,770,-3401,0,0
-122,-112,-21,2335,819,-3309,0,0
-103,-131,-6,2261,806,-3212,0,0
-29,-148,-11,2152,800,-3300,0,0
40,-115,-31,2128,848,-3257,0,0
43,-84,-33,2113,883,-3236,0,0
33,-138,-26,2120,775,-3195,0,0
7,-150,-25,2073,791,-3246,0,0
-51,-151,-36,2068,814,-3274,0,0
-76,-144,-43,1988,895,-3377,0,0
-152,-101,-88,2023,967,-3546,0,0
-144,8,-70,2209,1014,-3642,0,0
-67,60,-23,2237,1107,-3587,0,0
0,49,29,2227,1119,-3675,0,0
-14,111,83,2220,1126,-3666,0,0
16,181,125,2273,1114,-3657,0,0
92,204,163,2247,1092,-3628,0,0
153,273,204,2284,1018,-3543,0,0
176,316,232,2315,985,-3549,0,0
154,362,265,2336,973,-3429,0,0
186,433,306,2396,848,-3464,0,0
212,437,297,2457,835,-3484,0,0
246,575,344,2580,756,-3430,0,0
269,689,409,2576,630,-3141,0,0
295,641,408,2720,484,-3114,0,0
298,651,391,2686,484,-3081,0,0
287,774,441,2934,343,-3004,0,0
343,726,439,3098,238,-2904,0,0
440,766,476,3091,200,-2867,0,0
514,916,584,3123,-30,-2487,0,0
505,929,630,3108,-242,-2081,0,0
492,909,650,3017,-409,-1936,0,0
483,959,683,3016,-531,-1670,0,0
480,986,638,3234,-760,-1520,0,0
428,906,584,3088,-803,-1260,0,0
438,914,626,3168,-1032,-1116,0,0
456,926,581,3063,-1084,-961,0,0
517,819,509,3110,-1224,-660,0,0
562,708,396,3205,-1292,-584,0,0
534,597,350,3183,-1390,-412,0,0
421,652,328,3396,-1456,-367,0,0
324,528,284,3425,-1506,-80,0,0
292,476,314,3492,-1484,-135,0,0
280,530,311,3416,-1608,-227,0,0
326,396,242,3425,-1706,-43,0,0
439,317,198,3453,-1739,103,0,0
512,259,153,3622,-1810,159,0,0
509,73,104,3637,-1826,147,0,0
416,89,76,3557,-1809,194,0,0
295,81,41,3621,-1803,222,0,0
248,36,21,3538,-1713,80,0,0
232,121,56,3487,-1757,89,0,0
245,11,62,3712,-1878,259,0,0
244,115,28,3520,-1735,240,0,0
200,211,65,3542,-1790,274,0,0
155,114,69,3717,-1921,322,0,0
152,82,29,3651,-1859,322,0,0
181,15,42,3699,-1841,366,0,0
204,-4,92,3764,-1909,376,0,0
131,7,59,3597,-1858,369,0,0
33,-55,29,3555,-1882,398,0,0
-3,-87,-15,3575,-1907,393,0,0
-20,-144,-48,3621,-1901,326,0,0
-51,-181,-56,3722,-1857,270,0,0
-84,-177,-54,3606,-1837,220,0,0
-96,-215,-48,3611,-1873,175,0,0
-95,-244,-71,3630,-1839,160,0,0
-100,-273,-80,3632,-1823,74,0,0
-116,-314,-86,3684,-1848,49,0,0
-140,-343,-120,3617,-1812,35,0,0
-167,-381,-134,3606,-1796,27,0,0
-199,-451,-146,3567,-1778,-50,0,0
-252,-475,-162,3564,-1771,-101,0,0
-291,-514,-174,3563,-1761,-173,0,0
-330,-559,-178,3535,-1672,-309,0,0
-378,-618,-196,3478,-1586,-407,0,0
-396,-667,-210,3392,-1502,-569,0,0
-414,-707,-236,3351,-1471,-727,0,0
-440,-801,-281,3344,-1345,-818,0,0
-431,-826,-306,3330,-1284,-1081,0,0
-450,-875,-322,3173,-1175,-1180,0,0
-489,-774,-298,3143,-1085,-1310,0,0
-520,-709,-268,3159,-1001,-1483,0,0
-560,-687,-235,2994,-878,-1584,0,0
-633,-565,-188,3020,-826,-1740,0,0
-666,-466,-175,3083,-789,-1951,0,0
-618,-377,-162,2908,-688,-2004,0,0
-555,-402,-128,2916,-660,-1987,0,0
-550,-461,-197,2923,-575,-2186,0,0
-544,-482,-272,2879,-469,-2263,0,0
-500,-495,-300,2914,-368,-2420,0,0
-444,-381,-293,2923,-137,-2650,0,0
-299,-242,-210,2863,-108,-2743,0,0
-236,-25,-122,3106,-137,-2896,0,0
-312,-22,-106,3158,-15,-2636,0,0
-495,69,-94,3209,36,-2457,0,0
-747,-21,-158,3404,-36,-2607,0,0
-813,-446,-181,3226,316,-2499,0,0
-641,-724,-177,2944,225,-2771,0,0
-476,-500,-327,3031,267,-3005,0,0
-259,-402,-369,2978,511,-2804,0,0
-222,-317,-324,2974,489,-2914,0,0
-258,-246,-323,2941,581,-2972,0,0
-251,-288,-298,2842,728,-3025,0,0
-216,-276,-237,2868,703,-2989,0,0
-216,-227,-233,2746,727,-2947,0,0
-156,-223,-241,2717,778,-3058,0,0
-120,-202,-242,2675,830,-3023,0,0
-164,-240,-248,2626,928,-3026,0,0
-178,-243,-211,2532,1007,-3169,0,0
-182,-173,-163,2469,1091,-3138,0,0
-149,-126,-135,2501,1135,-3165,0,0
-138,-106,-109,2463,1190,-3178,0,0
-112,-115,-61,2460,1177,-3167,0,0
-71,-131,-35,2359,1134,-3141,0,0
-60,-129,-40,2307,1117,-3098,0,0
-47,-136,-7,2300,1074,-3046,0,0
-56,-123,-15,2201,1084,-3111,0,0
-52,-65,-5,2214,1075,-3082,0,0
-48,-81,-16,2208,1074,-3106,0,0
-56,-79,-19,2216,1117,-3157,0,0
-34,-71,-3,2222,1098,-3150,0,0
-23,-22,4,2199,1112,-3206,0,0
-30,-23,-34,2214,1134,-3161,0,0
-21,-23,-26,2267,1162,-3158,0,0
6,-13,2,2231,1182,-3265,0,0
-2,19,-20,2269,1194,-3196,0,0
15,14,15,2295,1193,-3246,0,0
40,61,27,2316,1175,-3251,0,0
47,104,53,2287,1188,-3177,0,0
34,113,79,2278,1144,-3143,0,0
46,132,73,2298,1134,-3210,0,0
65,166,84,2383,1158,-3165,0,0
93,167,109,2407,1130,-3184,0,0
105,178,128,2443,1144,-3155,0,0
121,154,150,2497,1157,-3253,0,0
118,225,165,2576,1123,-3285,0,0
141,257,205,2622,1080,-3251,0,0
183,172,238,2686,1119,-3275,0,0
192,204,276,2759,1030,-3315,0,0
234,263,330,2708,986,-3242,0,0
295,354,400,2746,874,-3180,0,0
368,447,425,2799,778,-3181,0,0
389,505,423,2843,663,-3044,0,0
429,433,390,2893,531,-2970,0,0
490,375,407,2841,380,-2853,0,0
487,491,421,2827,197,-2727,0,0
478,603,426,2904,84,-2484,0,0
460,701,467,3043,6,-2452,0,0
529,762,501,3154,-188,-2349,0,0
644,810,498,3053,-249,-2208,0,0
713,773,533,3294,-444,-2004,0,0
679,824,535,3219,-564,-1809,0,0
657,872,622,3126,-740,-1680,0,0
588,897,607,3122,-888,-1509,0,0
608,810,526,3106,-960,-1195,0,0
705,764,445,3069,-1134,-987,0,0
808,644,398,3047,-1272,-757,0,0
833,542,332,3195,-1320,-555,0,0
803,325,249,3266,-1430,-432,0,0
761,240,212,3327,-1512,-577,0,0
699,321,139,3413,-1528,-489,0,0
686,289,98,3288,-1527,-367,0,0
719,330,119,3363,-1610,-295,0,0
776,252,102,3488,-1684,-153,0,0
874,97,80,3461,-1717,-93,0,0
922,236,74,3507,-1746,-118,0,0
927,118,65,3702,-1827,115,0,0
815,67,34,3643,-1799,25,0,0
547,178,53,3572,-1802,127,0,0
263,192,91,3651,-1875,230,0,0
39,253,87,3614,-1853,97,0,0
-82,236,79,3637,-1871,150,0,0
-56,222,88,3644,-1840,210,0,0
-9,200,87,3586,-1872,124,0,0
-29,169,57,3586,-1915,224,0,0
-67,94,20,3722,-1888,296,0,0
-88,25,12,3702,-1852,229,0,0
-115,-4,40,3694,-1875,205,0,0
-146,-81,42,3732,-1940,233,0,0
-173,-134,26,3628,-1894,183,0,0
-216,-200,19,3621,-1933,183,0,0
-235,-290,-11,3646,-1939,96,0,0
-254,-356,-45,3582,-1902,-60,0,0
-255,-384,-54,3628,-1888,-144,0,0
-233,-419,-62,3538,-1887,-115,0,0
-237,-481,-74,3566,-1864,-255,0,0
-293,-539,-92,3538,-1850,-406,0,0
-344,-531,-104,3478,-1823,-433,0,0
-370,-534,-104,3389,-1821,-431,0,0
-432,-572,-123,3341,-1808,-477,0,0
-565,-487,-157,3274,-1737,-523,0,0
-698,-462,-183,3198,-1656,-523,0,0
-775,-504,-190,3226,-1610,-612,0,0
-825,-378,-223,3007,-1402,-743,0,0
-818,-403,-255,2982,-1281,-841,0,0
-781,-695,-290,2887,-1210,-1092,0,0
-800,-633,-335,2835,-1026,-1325,0,0
-799,-650,-343,2976,-890,-1486,0,0
-779,-756,-322,2907,-817,-1880,0,0
-819,-726,-343,3077,-747,-2024,0,0
-793,-798,-368,2947,-655,-2061,0,0
-715,-748,-337,2868,-554,-2269,0,0
-692,-799,-344,2955,-477,-2234,0,0
-773,-683,-180,2711,-204,-2340,0,0
-918,-595,-153,2651,-181,-2464,0,0
-912,-581,-251,2850,72,-3005,0,0
-784,-515,-283,2843,140,-3090,0,0
-676,-477,-365,2910,295,-3264,0,0
-690,-628,-517,3026,472,-3094,0,0
-633,-731,-614,2922,720,-3307,0,0
-533,-731,-523,2828,760,-3828,0,0
-336,-657,-407,2543,925,-3555,0,0
-43,-601,-204,2403,983,-3675,0,0
-25,-399,-86,2421,948,-3589,0,0
6,-242,53,2219,1073,-3409,0,0
239,-203,292,2379,747,-3818,0,0
218,-16,217,2273,685,-3569,0,0
133,-128,55,2189,675,-3218,0,0
66,-241,-20,2021,580,-3304,0,0
51,-233,-111,2056,490,-3549,0,0
-19,-217,-214,2009,678,-3450,0,0
8,-379,-177,1983,725,-3411,0,0
10,-483,-167,1912,761,-3716,0,0
-13,-406,-179,1851,711,-3914,0,0
-20,-288,-200,1744,762,-3755,0,0
-25,-206,-153,1757,792,-3659,0,0
-33,-114,-80,1695,757,-3644,0,0
-48,-161,-57,1594,725,-3607,0,0
35,-149,-72,1534,679,-3673,0,0
-5,-110,-137,1510,699,-3440,0,0
-92,-14,-136,1570,763,-3543,0,0
-213,-6,-134,1570,782,-3506,0,0
-225,-4,-123,1550,866,-3656,0,0
-146,18,-115,1608,885,-3700,0,0
-76,32,-128,1651,980,-3686,0,0
-64,43,-79,1666,1017,-3657,0,0
-26,46,-13,1672,990,-3776,0,0
-56,55,-53,1719,1077,-3812,0,0
5,82,-29,1702,1094,-3825,0,0
40,148,7,1747,1073,-3833,0,0
19,178,17,1910,1094,-3851,0,0
35,201,96,1882,1174,-3970,0,0
109,257,161,1769,1085,-4021,0,0
209,339,145,1843,1108,-3953,0,0
265,413,192,1918,1028,-3802,0,0
255,512,250,1964,959,-3846,0,0
263,572,263,2058,889,-3826,0,0
309,640,267,2249,837,-3817,0,0
335,636,258,2289,827,-3728,0,0
404,591,289,2237,720,-3786,0,0
467,783,344,2399,576,-3742,0,0
592,1022,420,2448,489,-3321,0,0
693,1131,502,2508,225,-2922,0,0
732,1215,530,2714,2,-2534,0,0
714,1019,487,2829,-251,-2271,0,0
679,789,363,2738,-463,-2275,0,0
584,757,232,2800,-406,-2020,0,0
560,742,222,3033,-420,-1961,0,0
677,716,310,2958,-577,-1924,0,0
778,821,364,2804,-689,-1645,0,0
806,812,413,2960,-792,-1337,0,0
753,710,348,2961,-1028,-1059,0,0
686,552,269,2953,-1133,-904,0,0
564,545,233,2992,-1088,-941,0,0
496,626,267,3234,-1180,-665,0,0
515,618,302,3365,-1295,-610,0,0
487,774,313,3317,-1350,-693,0,0
455,710,309,3487,-1526,-557,0,0
422,595,216,3400,-1598,-414,0,0
408,522,179,3568,-1537,-273,0,0
423,350,154,3513,-1676,-192,0,0
398,396,171,3829,-1869,-20,0,0
339,149,141,3776,-1865,191,0,0
180,221,103,3614,-1754,-36,0,0
-11,196,108,3772,-1827,-76,0,0
-75,19,57,3724,-1818,-36,0,0
-102,19,-3,3659,-1758,-244,0,0
-165,-78,-39,3752,-1777,-295,0,0
-194,-157,-72,3803,-1765,-237,0,0
-174,-232,-80,3779,-1731,-287,0,0
-188,-275,-78,3580,-1655,-381,0,0
-223,-339,-84,3623,-1688,-479,0,0
-245,-327,-128,3613,-1646,-649,0,0
-246,-309,-142,3653,-1561,-722,0,0
-205,-411,-147,3737,-1575,-774,0,0
-157,-444,-186,3624,-1475,-849,0,0
-116,-450,-183,3553,-1472,-903,0,0
-114,-484,-164,3586,-1508,-915,0,0
-126,-491,-177,3619,-1500,-878,0,0
-145,-509,-179,3575,-1523,-885,0,0
-202,-501,-163,3645,-1447,-761,0,0
-224,-677,-132,3591,-1380,-758,0,0
-354,-636,-130,3368,-1355,-1054,0,0
-492,-519,-145,3353,-1321,-994,0,0
-524,-628,-191,3089,-1213,-971,0,0
-515,-527,-205,2762,-1043,-1270,0,0
-518,-591,-211,2851,-1064,-1500,0,0
-568,-763,-273,2699,-963,-1490,0,0
-622,-647,-272,2523,-712,-1592,0,0
-723,-324,-232,2455,-662,-2093,0,0
-853,-75,-190,2985,-513,-2716,0,0
-715,-450,-203,2834,-66,-2228,0,0
-583,-494,-247,2860,-273,-2388,0,0
-651,-520,-408,2850,-151,-2866,0,0
-717,-562,-384,2855,229,-2485,0,0
-623,-555,-240,2671,136,-2569,0,0
-467,-348,-119,2427,503,-3018,0,0
-355,-415,-151,2815,118,-3192,0,0
-308,-518,-397,3007,203,-3459,0,0
-308,-596,-477,2947,573,-3237,0,0
-246,-502,-293,2837,659,-3191,0,0
-276,-412,-121,2560,546,-3364,0,0
-314,-397,-116,2641,389,-3177,0,0
-293,-460,-225,2310,714,-3174,0,0
-300,-479,-245,2402,550,-3300,0,0
-313,-518,-380,2249,791,-3344,0,0
-314,-598,-417,2229,894,-3396,0,0
-260,-553,-331,2296,1022,-3549,0,0
-176,-379,-187,2069,1094,-3550,0,0
-113,-270,-77,2195,1045,-3638,0,0
-50,-258,9,1982,1058,-3547,0,0
68,-222,25,1890,921,-3541,0,0
176,-289,-18,1977,891,-3517,0,0
215,-255,2,1835,800,-3429,0,0
200,-315,-70,1693,771,-3640,0,0
87,-458,-244,1822,838,-3460,0,0
47,-392,-98,1609,912,-3539,0,0
44,-302,-77,1591,732,-3961,0,0
-1,-259,-120,1715,1003,-3678,0,0
-20,-299,-92,1571,686,-3988,0,0
-7,-304,-133,1625,1008,-3932,0,0
-75,-167,8,1439,935,-3778,0,0
-147,62,16,1450,933,-3952,0,0
-244,100,2,1390,1055,-3595,0,0
-91,32,-12,1453,815,-4004,0,0
-2,25,-60,1435,1039,-3629,0,0
-25,50,-26,1475,1049,-3638,0,0
-149,93,24,1471,1126,-3761,0,0
-193,109,41,1517,1201,-4116,0,0
-136,93,4,1569,1338,-4218,0,0
49,207,70,1677,1391,-4230,0,0
163,268,136,1720,1400,-4282,0,0
204,354,220,1758,1433,-4401,0,0
142,508,315,1956,1412,-4516,0,0
248,632,416,1992,1492,-4542,0,0
507,816,588,2056,1427,-4688,0,0
768,864,645,2192,1111,-4694,0,0
959,989,641,2009,1000,-4240,0,0
1044,1104,673,2051,478,-3503,0,0
1070,1160,625,1998,176,-3249,0,0
1038,1363,617,1844,-36,-2680,0,0
1030,1553,613,2280,-489,-2494,0,0
1007,1443,521,2189,-528,-1924,0,0
953,1408,529,2293,-732,-1779,0,0
877,1277,528,2172,-845,-1141,0,0
853,1378,543,2034,-1050,-778,0,0
774,1253,488,2483,-1221,-501,0,0
682,984,437,2742,-1201,-370,0,0
511,869,431,2835,-1439,-160,0,0
398,872,431,3273,-1644,-97,0,0
400,735,303,3732,-1587,-312,0,0
487,246,239,3571,-1668,-381,0,0
562,67,294,3648,-1660,-288,0,0
580,198,309,3348,-2009,25,0,0
456,239,328,3355,-2315,426,0,0
324,-157,206,3347,-2415,359,0,0
143,-103,70,3338,-2348,132,0,0
-1,658,-34,3513,-2079,-152,0,0
28,701,-67,3678,-2015,-167,0,0
138,208,-89,3813,-2004,-253,0,0
150,-100,-165,3682,-1986,-229,0,0
89,-207,-185,3422,-1986,125,0,0
8,-127,-180,3619,-2011,64,0,0
-201,-30,-201,3833,-1921,-140,0,0
-378,-255,-219,3788,-1734,42,0,0
-420,-231,-160,3611,-1641,0,0,0
-465,-148,-125,3630,-1764,-428,0,0
-561,-387,-237,3618,-1836,-419,0,0
-564,-543,-327,3474,-1674,-294,0,0
-470,-373,-257,3653,-1553,-492,0,0
-344,-528,-168,3652,-1661,-584,0,0
-257,-534,-148,3550,-1527,-606,0,0
-354,-644,-214,3309,-1425,-585,0,0
-532,-760,-262,3414,-1299,-675,0,0
-652,-806,-302,3189,-1174,-741,0,0
-750,-693,-316,2905,-941,-960,0,0
-902,-805,-311,2807,-809,-1238,0,0
-1116,-846,-299,2817,-773,-1610,0,0
-1174,-850,-284,2674,-618,-1619,0,0
-1041,-932,-279,2700,-687,-2021,0,0
-1051,-975,-311,2557,-507,-2286,0,0
-1188,-884,-225,2479,-79,-3976,0,0
-1351,-742,-225,2576,64,-2944,0,0
-1363,-765,-372,2617,281,-3012,0,0
-946,-788,-500,2448,652,-3230,0,0
-466,-649,-523,2567,707,-3600,0,0
-286,-532,-568,2536,827,-3341,0,0
-297,-681,-548,2498,723,-3214,0,0
-332,-695,-463,2374,771,-3345,0,0
-332,-580,-352,2312,947,-3261,0,0
-199,-437,-265,2302,1091,-3720,0,0
-52,-276,-203,2413,1178,-3777,0,0
53,-226,-63,2360,1156,-3615,0,0
50,-109,10,2300,1080,-3772,0,0
-165,-63,-40,2216,1046,-3540,0,0
-303,-92,-49,2126,1039,-3351,0,0
-206,-79,-20,2196,1079,-3617,0,0
-115,-25,-31,2075,1152,-3411,0,0
-14,-46,-8,2164,1152,-3436,0,0
33,-23,-14,2117,1058,-3418,0,0
-14,-30,-1,2111,1016,-3327,0,0
-12,-84,13,2096,1063,-3407,0,0
14,-96,2,2013,987,-3244,0,0
12,-90,14,1971,925,-3232,0,0
-93,-56,-24,1950,932,-3186,0,0
-156,-92,-75,1904,943,-3185,0,0
-84,-96,-76,1985,958,-3330,0,0
-16,-70,-92,1986,991,-3357,0,0
-5,-93,-90,1994,1032,-3313,0,0
-26,-187,-116,1960,1014,-3332,0,0
-73,-153,-152,1913,1081,-3353,0,0
-57,-107,-99,1964,1111,-3418,0,0
-59,-109,-45,1907,1081,-3352,0,0
-78,-101,-46,1859,1126,-3440,0,0
-93,-38,-56,1851,1205,-3472,0,0
-87,-24,-36,1929,1241,-3564,0,0
-64,-21,-21,1908,1313,-3675,0,0
-16,44,-11,1926,1342,-3658,0,0
46,104,45,1949,1341,-3676,0,0
38,130,75,1921,1392,-3710,0,0
29,184,114,1956,1312,-3594,0,0
113,232,159,1977,1238,-3595,0,0
196,287,179,1990,1282,-3524,0,0
198,316,207,2071,1164,-3485,0,0
171,324,219,2093,1109,-3418,0,0
222,346,231,2108,1074,-3425,0,0
270,451,267,2250,1027,-3480,0,0
246,505,276,2394,1007,-3449,0,0
262,505,286,2444,947,-3359,0,0
304,582,343,2513,892,-3334,0,0
380,657,405,2619,786,-3198,0,0
436,647,460,2707,705,-3190,0,0
447,647,442,2846,649,-3262,0,0
481,631,395,3125,529,-3330,0,0
648,578,412,3054,453,-3138,0,0
954,448,441,2929,79,-2830,0,0
1198,225,420,2714,-201,-2639,0,0
1149,386,400,2900,-198,-2477,0,0
983,295,351,2494,-380,-2103,0,0
868,481,390,2360,-554,-2341,0,0
723,672,432,2673,-741,-2083,0,0
679,673,338,2795,-953,-1870,0,0
739,683,262,2654,-1000,-1582,0,0
814,794,251,2590,-1074,-1419,0,0
843,664,261,2776,-1254,-1033,0,0
875,528,206,3131,-1471,-934,0,0
822,688,77,3127,-1470,-957,0,0
701,644,5,3084,-1457,-812,0,0
625,437,-1,3278,-1500,-592,0,0
572,418,-49,3521,-1588,-649,0,0
485,605,-105,3499,-1547,-571,0,0
444,861,-76,3466,-1459,-467,0,0
426,834,16,3656,-1567,-422,0,0
328,654,25,3547,-1583,-172,0,0
202,560,46,3667,-1607,-69,0,0
115,271,73,3939,-1688,-80,0,0
30,153,63,3880,-1691,-69,0,0
-61,231,85,3871,-1627,-52,0,0
-72,119,103,3876,-1693,-69,0,0
-43,1,72,3704,-1693,-135,0,0
-37,-27,52,3778,-1687,-172,0,0
-51,-135,38,3810,-1739,-145,0,0
-106,-233,25,3818,-1758,-179,0,0
-188,-234,16,3743,-1778,-194,0,0
-295,-214,10,3656,-1705,-299,0,0
-383,-265,2,3709,-1740,-364,0,0
-416,-483,-9,3715,-1758,-332,0,0
-436,-619,-42,3642,-1727,-565,0,0
-494,-588,-98,3448,-1652,-819,0,0
-475,-497,-115,3624,-1595,-832,0,0
-311,-627,-73,3421,-1576,-768,0,0
-199,-379,-88,3365,-1662,-827,0,0
-233,-409,-133,3339,-1566,-738,0,0
-421,-432,-149,3101,-1473,-712,0,0
-551,-407,-154,3111,-1459,-678,0,0
-624,-398,-227,3119,-1333,-1022,0,0
-574,-1171,-395,2891,-1236,-1425,0,0
-518,-1954,-491,2486,-1187,-1512,0,0
-646,-1200,-597,2832,-887,-2118,0,0
-642,-1429,-599,2668,-523,-2048,0,0
-430,-1253,-396,2612,-423,-2544,0,0
-407,-691,-296,2628,-463,-2976,0,0
-467,-650,-236,2556,-409,-2799,0,0
-500,-589,-199,2377,-304,-2566,0,0
-451,-397,-139,2327,-414,-3158,0,0
-577,-117,-111,2375,-153,-3385,0,0
-800,-236,-110,2576,-44,-2937,0,0
-709,-441,-212,2580,-172,-3178,0,0
-684,-459,-353,2537,122,-3541,0,0
-692,-596,-327,2243,504,-2966,0,0
-540,-299,-105,2091,619,-3442,0,0
-579,-220,-37,2366,554,-3853,0,0
-604,-271,-67,2257,816,-3518,0,0
-462,-38,14,2263,839,-3669,0,0
-360,101,9,2406,743,-3725,0,0
-318,153,-1,2362,851,-3477,0,0
-254,511,80,2370,822,-3269,0,0
-207,492,34,2503,781,-3091,0,0
-192,166,-27,2397,826,-3324,0,0
-203,204,-6,2506,855,-2957,0,0
-85,163,52,2765,863,-3249,0,0
-82,153,79,2680,803,-3234,0,0
-123,209,68,2736,833,-2977,0,0
-151,212,108,2673,889,-3108,0,0
-176,153,117,2771,813,-3028,0,0
-141,34,78,2784,805,-2950,0,0
-49,-114,23,2592,758,-2993,0,0
37,-75,-24,2616,799,-2914,0,0
95,-182,-47,2546,793,-2965,0,0
67,-138,-64,2573,711,-2890,0,0
22,-44,-85,2555,849,-2878,0,0
-25,-115,-68,2505,838,-3001,0,0
-45,-80,-71,2513,814,-2943,0,0
-28,-111,-95,2496,912,-2978,0,0
-8,-55,-38,2552,829,-3043,0,0
-51,-74,-57,2474,862,-2857,0,0
-64,-121,-62,2479,892,-3006,0,0
-8,-56,-28,2466,845,-3038,0,0
9,-91,-33,2435,884,-2965,0,0
-10,-46,-50,2455,874,-3028,0,0
-37,-54,-53,2440,945,-3026,0,0
-54,-76,-63,2441,958,-3167,0,0
-43,-13,-56,2457,1007,-3160,0,0
-27,-22,-37,2497,1073,-3186,0,0
-4,6,-4,2543,1081,-3348,0,0
9,67,21,2518,1147,-3311,0,0
43,103,56,2730,1142,-3385,0,0
120,130,111,2570,1186,-3350,0,0
134,170,193,2653,1100,-3374,0,0
120,172,173,2698,1028,-3278,0,0
203,217,187,2615,1008,-3187,0,0
213,187,171,2540,831,-3115,0,0
202,81,55,2614,801,-3056,0,0
318,-57,1,2667,860,-3225,0,0
493,-45,34,2817,831,-3707,0,0
590,100,71,2868,912,-3996,0,0
650,226,163,2743,942,-3822,0,0
708,343,378,2568,728,-3646,0,0
694,775,582,2568,473,-3444,0,0
665,986,711,2683,234,-3031,0,0
756,1076,758,2469,-80,-2540,0,0
851,1119,750,2504,-328,-2266,0,0
833,1021,641,2567,-505,-1929,0,0
821,777,542,2681,-742,-1592,0,0
803,689,408,2690,-895,-1512,0,0
754,697,278,2503,-1032,-1338,0,0
666,607,193,2846,-1012,-1221,0,0
566,359,174,3017,-1080,-896,0,0
524,609,170,3165,-1248,-854,0,0
524,630,133,3158,-1282,-819,0,0
545,364,115,3220,-1337,-797,0,0
553,319,134,3346,-1397,-733,0,0
520,358,141,3492,-1445,-661,0,0
466,305,108,3515,-1565,-742,0,0
402,375,84,3565,-1436,-762,0,0
383,313,167,3557,-1469,-684,0,0
410,389,242,3592,-1696,-613,0,0
389,517,191,3622,-1752,-436,0,0
340,613,47,3814,-1899,-339,0,0
251,506,-17,3326,-1752,-75,0,0
103,347,127,3354,-1546,-116,0,0
-30,398,294,4063,-1707,-437,0,0
-111,456,243,4087,-1680,-374,0,0
-145,-12,192,3622,-1783,-207,0,0
-212,-213,265,3687,-2020,-376,0,0
-322,-274,195,3634,-2084,5,0,0
-261,-493,138,3439,-2028,310,0,0
-142,56,87,3414,-2066,-206,0,0
-179,86,2,3443,-2161,-409,0,0
-217,-187,-96,3613,-2072,-389,0,0
-162,-465,-210,3630,-1940,-328,0,0
-78,-570,-296,3695,-1852,-298,0,0
-95,-571,-311,3815,-1665,-601,0,0
-236,-590,-312,3862,-1588,-818,0,0
-354,-594,-269,3533,-1661,-768,0,0
-410,-759,-247,3381,-1678,-751,0,0
-375,-689,-241,3472,-1516,-850,0,0
-418,-507,-202,3214,-1443,-945,0,0
-534,-434,-117,3310,-1409,-821,0,0
-673,-583,-144,3198,-1328,-924,0,0
-751,-590,-253,2890,-1243,-1160,0,0
-708,-784,-315,2657,-1104,-1520,0,0
-626,-946,-316,2481,-1027,-1650,0,0
-536,-460,-257,2649,-829,-2041,0,0
-553,-432,-257,2693,-738,-2191,0,0
-643,-575,-334,2572,-647,-2320,0,0
-722,-611,-370,2844,-589,-2485,0,0
-744,-678,-389,2574,-263,-2481,0,0
-741,-533,-337,2667,-175,-2632,0,0
-728,-385,-293,3047,-28,-2942,0,0
-660,-478,-269,2566,171,-3104,0,0
-579,-382,-165,2796,141,-2992,0,0
-526,-223,-111,2914,234,-3018,0,0
-509,-404,-124,2620,328,-3058,0,0
-495,-316,-117,2805,366,-3255,0,0
-450,-179,-132,2791,367,-3138,0,0
-385,-333,-109,2712,452,-2893,0,0
-479,-206,-112,2618,552,-3154,0,0
-559,-246,-143,2531,485,-2836,0,0
-398,-240,-182,2353,606,-3252,0,0
-271,-265,-304,2516,659,-3221,0,0
-153,-406,-369,2330,823,-3079,0,0
-130,-349,-299,2380,896,-3277,0,0
-222,-521,-349,2318,887,-3340,0,0
-210,-716,-405,2094,906,-3439,0,0
-268,-465,-365,2123,1066,-3502,0,0
-273,-275,-318,2052,1212,-3395,0,0
-230,-317,-259,1956,1293,-3532,0,0
-244,-268,-203,1960,1313,-3607,0,0
-213,-261,-234,1893,1438,-3573,0,0
-88,-269,-217,1805,1421,-3696,0,0
-79,-214,-193,1782,1432,-3499,0,0
-83,-265,-183,1699,1358,-3369,0,0
-59,-316,-168,1599,1390,-3476,0,0
-87,-184,-137,1558,1419,-3444,0,0
-113,-146,-130,1509,1462,-3389,0,0
-81,-171,-105,1618,1431,-3551,0,0
-64,-91,-85,1493,1498,-3516,0,0
-57,-30,-61,1633,1501,-3448,0,0
-26,-62,-68,1610,1486,-3544,0,0
-30,-15,-22,1575,1574,-3471,0,0
-101,23,16,1587,1549,-3529,0,0
-58,-2,15,1542,1595,-3585,0,0
34,21,47,1579,1561,-3583,0,0
45,103,72,1679,1547,-3557,0,0
67,38,62,1591,1620,-3607,0,0
72,70,101,1606,1540,-3669,0,0
73,136,92,1651,1588,-3582,0,0
127,125,116,1725,1578,-3711,0,0
125,191,151,1751,1578,-3774,0,0
158,266,206,1794,1559,-3684,0,0
216,305,263,1818,1444,-3643,0,0
223,361,299,1801,1420,-3657,0,0
234,362,330,1814,1372,-3634,0,0
242,403,342,1974,1335,-3665,0,0
302,392,377,2107,1375,-3726,0,0
379,182,372,2306,1284,-4011,0,0
505,142,409,2203,1235,-4059,0,0
655,384,495,2164,1084,-3802,0,0
822,674,578,2112,833,-3428,0,0
963,686,685,2081,667,-3390,0,0
898,862,694,2267,253,-3356,0,0
910,1032,575,2293,29,-2956,0,0
1059,952,539,2446,-198,-2834,0,0
1033,873,485,2338,-408,-2703,0,0
929,904,514,2443,-535,-2230,0,0
837,829,473,2558,-722,-1769,0,0
816,879,374,2475,-907,-1709,0,0
846,653,299,2664,-1046,-1567,0,0
859,541,218,2633,-1107,-1483,0,0
823,639,161,2750,-1254,-1376,0,0
828,465,125,2937,-1337,-1209,0,0
868,385,92,3115,-1404,-1087,0,0
870,329,37,3101,-1533,-985,0,0
828,316,-22,3127,-1691,-923,0,0
719,331,-90,3347,-1684,-1006,0,0
509,457,-72,3250,-1471,-813,0,0
295,454,61,3423,-1593,-726,0,0
140,467,92,3517,-1607,-850,0,0
139,531,118,3456,-1592,-930,0,0
228,409,186,3659,-1833,-775,0,0
238,381,186,3639,-1879,-543,0,0
104,474,159,3553,-1872,-429,0,0
-40,367,160,3548,-1903,-378,0,0
-65,317,129,3661,-1932,-499,0,0
-48,309,75,3693,-1935,-576,0,0
-23,193,43,3707,-1906,-546,0,0
7,123,11,3593,-1857,-467,0,0
18,74,5,3657,-1922,-448,0,0
-11,-37,-9,3702,-1919,-400,0,0
-62,-79,-27,3586,-1881,-438,0,0
-109,-26,-15,3603,-1863,-564,0,0
-146,-99,-20,3608,-1878,-543,0,0
-157,-192,-38,3544,-1882,-515,0,0
-161,-102,-60,3643,-1842,-610,0,0
-172,-214,-69,3605,-1816,-662,0,0
-229,-302,-60,3419,-1813,-643,0,0
-295,-103,-78,3475,-1840,-604,0,0
-285,-144,-96,3533,-1811,-623,0,0
-271,-38,-91,3530,-1795,-684,0,0
-312,15,-126,3547,-1718,-717,0,0
-351,69,-142,3412,-1651,-609,0,0
-298,109,-174,3598,-1688,-618,0,0
-193,-267,-244,3673,-1602,-654,0,0
-111,-627,-320,3489,-1478,-654,0,0
-16,-882,-320,3378,-1407,-644,0,0
-14,-1026,-320,3055,-1296,-756,0,0
-170,-1134,-318,2749,-1150,-744,0,0
-565,-1044,-268,2647,-1245,-1150,0,0
-1007,-864,-291,2914,-1173,-1455,0,0
-1193,-402,-323,2763,-855,-1920,0,0
-1156,-199,-310,2984,-833,-2349,0,0
-1047,-290,-405,3140,-556,-2284,0,0
-851,-498,-407,2840,-186,-1882,0,0
-702,-398,-224,3036,-300,-2240,0,0
-694,-293,-225,2949,-220,-2460,0,0
-761,-306,-238,3084,-48,-2531,0,0
-745,-301,-230,3285,-44,-2757,0,0
-738,-322,-368,3074,122,-2882,0,0
-686,-473,-568,3230,86,-2632,0,0
-503,-591,-661,3055,460,-2813,0,0
-251,-598,-523,2833,442,-2897,0,0
-148,-528,-359,2858,523,-2639,0,0
-251,-465,-345,2771,636,-2857,0,0
-188,-553,-367,2489,748,-2878,0,0
26,-507,-312,2557,840,-3108,0,0
193,-456,-241,2540,818,-3189,0,0
307,-410,-160,2579,779,-3246,0,0
299,-424,-138,2305,775,-3225,0,0
262,-471,-188,2026,658,-3084,0,0
155,-465,-306,2227,700,-3496,0,0
-60,-431,-379,2126,806,-3385,0,0
-204,-288,-264,2231,833,-3479,0,0
-385,-126,-177,2217,968,-3573,0,0
-500,-129,-116,2164,1135,-3628,0,0
-378,-110,-19,2038,1200,-3785,0,0
-260,-21,45,2160,1217,-3805,0,0
-193,-13,94,2071,1211,-3513,0,0
-66,12,171,2018,1061,-3431,0,0
-102,59,158,2018,982,-3255,0,0
-93,-130,101,1916,785,-3122,0,0
-77,-72,108,1917,942,-3107,0,0
-146,-21,72,1953,827,-3136,0,0
-226,7,-38,1919,968,-3209,0,0
-229,-68,-128,2007,1009,-3193,0,0
-128,-219,-224,1957,1157,-3470,0,0
-99,-157,-224,2022,1239,-3458,0,0
-73,-137,-172,1977,1412,-3371,0,0
-63,-114,-87,2107,1405,-3545,0,0
-70,-104,-33,1971,1337,-3479,0,0
-41,-93,-2,1918,1308,-3520,0,0
25,15,5,1892,1258,-3327,0,0
58,7,-13,1799,1109,-3327,0,0
-3,57,-26,1882,1315,-3328,0,0
-25,48,-13,1876,1295,-3378,0,0
-44,77,1,1993,1391,-3523,0,0
-46,156,4,2059,1455,-3550,0,0
29,170,30,2234,1493,-3685,0,0
33,205,97,2285,1561,-3758,0,0
81,251,171,2243,1541,-3649,0,0
221,286,259,2356,1518,-3816,0,0
201,392,349,2408,1442,-3789,0,0
261,374,363,2441,1263,-3603,0,0
401,218,274,2327,1143,-3721,0,0
489,214,213,2328,1224,-3735,0,0
514,287,274,2234,1103,-3540,0,0
460,518,463,2312,999,-3568,0,0
411,793,626,2514,747,-3517,0,0
496,903,659,2274,638,-3218,0,0
652,1010,719,2388,426,-3095,0,0
699,1078,733,2601,151,-2839,0,0
747,1214,731,2631,44,-2540,0,0
718,1142,752,2443,-174,-2232,0,0
653,1425,746,2529,-400,-1744,0,0
597,1332,695,2768,-608,-1367,0,0
508,1089,620,2778,-734,-1186,0,0
440,984,554,2829,-904,-880,0,0
453,811,507,3148,-965,-880,0,0
457,831,500,3074,-1054,-945,0,0
476,668,527,3129,-1267,-516,0,0
523,555,519,3265,-1355,-432,0,0
540,513,468,3221,-1489,-345,0,0
584,368,382,3420,-1751,-246,0,0
605,356,257,3394,-1742,-303,0,0
566,349,175,3355,-1733,-181,0,0
514,184,149,3491,-1804,-147,0,0
437,276,97,3545,-1801,-150,0,0
382,352,79,3612,-1862,-78,0,0
320,221,100,3650,-1862,161,0,0
216,311,121,3580,-1922,218,0,0
90,291,144,3791,-1955,185,0,0
-9,182,135,3668,-1885,155,0,0
-29,166,145,3617,-1930,77,0,0
-8,109,97,3707,-1996,83,0,0
22,-28,24,3684,-1978,152,0,0
-2,-125,-5,3664,-1945,189,0,0
-109,-208,-25,3647,-1962,224,0,0
-261,-290,-49,3622,-1952,134,0,0
-406,-420,-113,3658,-1950,32,0,0
-441,-539,-204,3622,-1896,-114,0,0
-393,-699,-260,3646,-1838,-275,0,0
-337,-865,-335,3493,-1776,-511,0,0
-278,-890,-379,3510,-1701,-621,0,0
-229,-997,-397,3547,-1570,-682,0,0
-240,-1089,-373,3424,-1511,-833,0,0
-332,-930,-307,3249,-1417,-1033,0,0
-430,-746,-237,3385,-1370,-1128,0,0
-484,-815,-217,3139,-1306,-972,0,0
-532,-625,-188,2885,-1166,-1190,0,0
-635,-516,-204,2802,-1157,-1559,0,0
-741,-598,-264,2786,-1085,-1657,0,0
-775,-571,-325,2671,-901,-1855,0,0
-785,-542,-330,3076,-752,-2205,0,0
-747,-666,-364,2661,-491,-2101,0,0
-660,-499,-287,2969,-456,-2552,0,0
-620,-698,-335,2960,-535,-2709,0,0
-517,-686,-423,2481,-240,-2481,0,0
-480,-824,-363,2781,-202,-2609,0,0
-517,-732,-367,2513,-40,-2682,0,0
-548,-429,-327,2245,130,-2673,0,0
-576,-154,-191,2455,292,-2739,0,0
-626,759,-158,2814,502,-3210,0,0
-667,398,-231,3047,448,-3476,0,0
-606,-47,-294,3033,566,-3142,0,0
-448,-299,-331,2860,746,-3073,0,0
-219,-557,-299,2716,809,-2982,0,0
19,-654,-200,2515,761,-3237,0,0
-13,-808,-253,2375,876,-3067,0,0
-115,-792,-199,2424,821,-3111,0,0
-306,-2592,-245,2352,802,-3152,0,0
-320,-507,-348,2211,995,-3349,0,0
-207,-424,-359,2157,1005,-3490,0,0
-108,-392,-400,2135,1071,-3346,0,0
-133,-404,-366,2124,1259,-3492,0,0
-187,-378,-269,1969,1175,-3430,0,0
-177,-330,-191,1905,1124,-3507,0,0
-143,-249,-157,1856,1068,-3580,0,0
-143,-232,-125,1825,1200,-3522,0,0
-141,-191,-99,1710,1238,-3559,0,0
-195,-153,-133,1762,1302,-3608,0,0
-159,-177,-127,1745,1437,-3608,0,0
-61,-121,-87,1724,1339,-3819,0,0
-97,-28,-104,1745,1489,-3603,0,0
-118,-29,-64,1696,1467,-3590,0,0
-55,5,-44,1688,1434,-3677,0,0
-21,46,-32,1641,1474,-3606,0,0
0,80,-29,1657,1538,-3459,0,0
22,25,-4,1737,1484,-3688,0,0
-32,70,-16,1689,1601,-3694,0,0
4,76,16,1769,1653,-3732,0,0
76,111,60,1897,1654,-3867,0,0
101,193,107,2000,1690,-3937,0,0
164,278,185,1866,1679,-3804,0,0
234,399,290,1986,1641,-4000,0,0
258,504,376,2174,1499,-4062,0,0
295,603,439,2121,1533,-3796,0,0
407,736,571,2232,1363,-3680,0,0
477,827,673,2264,1190,-3580,0,0
467,913,730,2364,1064,-3462,0,0
508,927,752,2607,782,-3239,0,0
645,909,800,2489,693,-2991,0,0
753,965,895,2510,360,-2687,0,0
827,1008,937,2502,138,-2476,0,0
802,1001,901,2563,-186,-2343,0,0
745,1057,782,2574,-363,-2029,0,0
761,943,700,2937,-686,-1752,0,0
764,900,629,2860,-720,-1511,0,0
701,870,632,2918,-994,-1339,0,0
654,829,574,3055,-1215,-1172,0,0
661,819,519,2985,-1263,-1155,0,0
670,677,493,3000,-1448,-855,0,0
696,647,395,3150,-1551,-883,0,0
680,631,274,3107,-1543,-766,0,0
672,499,243,3272,-1613,-527,0,0
654,386,198,3270,-1651,-441,0,0
629,347,175,3215,-1716,-385,0,0
521,275,171,3188,-1796,-380,0,0
410,200,159,3521,-1827,-266,0,0
334,280,98,3321,-1796,-338,0,0
191,555,127,3312,-1828,-318,0,0
75,399,185,3828,-1936,-134,0,0
67,469,99,3513,-1876,-112,0,0
69,510,152,3449,-1915,-236,0,0
-47,145,205,3667,-2110,-82,0,0
-69,-30,145,3455,-2055,335,0,0
35,1,166,3684,-1983,199,0,0
25,227,140,3724,-2097,-209,0,0
-34,32,110,3329,-2121,36,0,0
-72,43,118,3528,-2102,223,0,0
-100,190,78,3528,-2112,138,0,0
-173,75,84,3535,-2108,11,0,0
-299,141,73,3652,-2108,-50,0,0
-357,29,39,3583,-2035,200,0,0
-205,-154,39,3310,-2088,149,0,0
-99,-69,82,3429,-2239,-360,0,0
-208,76,-13,3672,-2212,-567,0,0
-219,-140,-150,3369,-2055,-151,0,0
-112,-124,-136,3588,-1984,-161,0,0
-56,-155,-158,3713,-2067,-319,0,0
-64,-221,-230,3583,-2090,-269,0,0
-108,-305,-254,3571,-1899,-143,0,0
-141,-262,-265,3465,-1860,-197,0,0
-120,-348,-172,3684,-1802,-421,0,0
-114,-462,-131,3479,-1886,-487,0,0
-148,-470,-153,3601,-1901,-593,0,0
-150,-449,-184,3612,-1857,-544,0,0
-114,-532,-188,3549,-1870,-536,0,0
-123,-541,-197,3389,-1855,-588,0,0
-201,-529,-238,3459,-1816,-613,0,0
-292,-537,-290,3314,-1745,-553,0,0
-389,-503,-328,3258,-1622,-780,0,0
-446,-628,-356,3062,-1402,-843,0,0
-486,-612,-373,2827,-1293,-1124,0,0
-547,-805,-422,3026,-1247,-1303,0,0
-593,-951,-517,3019,-1140,-1764,0,0
-577,-986,-530,3035,-942,-1900,0,0
-537,-908,-500,2981,-753,-2029,0,0
-505,-926,-450,2894,-688,-2045,0,0
-554,-867,-431,2722,-575,-2238,0,0
-622,-682,-431,2697,-333,-2432,0,0
-592,-782,-430,2801,-346,-2737,0,0
-467,-743,-426,2652,-198,-2827,0,0
-373,-725,-357,2650,-141,-2887,0,0
-364,-531,-273,2537,10,-2979,0,0
-402,-353,-169,2443,55,-2992,0,0
-530,-207,-104,2541,76,-2919,0,0
-702,111,-68,2556,322,-3104,0,0
-826,-7,-96,2777,319,-3160,0,0
-709,-226,-180,2747,351,-3256,0,0
-476,-243,-243,2708,523,-3270,0,0
-259,-281,-277,2620,518,-3123,0,0
-113,-251,-338,2586,636,-3108,0,0
-95,-394,-374,2560,605,-3008,0,0
-161,-461,-342,2333,711,-3142,0,0
-268,-484,-338,2377,803,-3197,0,0
-217,-399,-303,2242,839,-3274,0,0
-61,-313,-207,2180,851,-3361,0,0
-104,-274,-220,2109,974,-3216,0,0
-153,-302,-251,2032,900,-3321,0,0
-220,-290,-266,2051,1020,-3306,0,0
-292,-367,-323,1971,1067,-3408,0,0
-216,-372,-371,1886,1176,-3595,0,0
-172,-362,-453,1749,1387,-3580,0,0
-133,-345,-440,1773,1493,-3662,0,0
-91,-286,-330,1809,1557,-3782,0,0
-81,-189,-183,1708,1595,-3786,0,0
-43,-121,-103,1697,1564,-3793,0,0
-9,-64,-58,1618,1556,-3752,0,0
-9,13,-10,1626,1545,-3681,0,0
-1,-37,-20,1695,1550,-3725,0,0
51,19,0,1612,1553,-3773,0,0
79,134,67,1625,1541,-3672,0,0
73,152,93,1665,1465,-3679,0,0
62,180,119,1672,1483,-3692,0,0
68,240,157,1741,1439,-3686,0,0
75,291,185,1761,1468,-3720,0,0
110,301,189,1794,1339,-3698,0,0
201,325,223,1909,1394,-3792,0,0
266,393,259,1951,1424,-3800,0,0
304,478,298,2070,1407,-3870,0,0
300,544,359,2159,1354,-3837,0,0
323,594,401,2341,1306,-3948,0,0
444,695,449,2441,1230,-3823,0,0
595,767,515,2558,1035,-3671,0,0
721,906,643,2479,837,-3458,0,0
708,1070,790,2543,495,-3063,0,0
611,1204,852,2347,312,-2667,0,0
517,1243,857,2692,-59,-2425,0,0
574,1226,840,2598,-114,-2131,0,0
617,1192,846,2889,-386,-1928,0,0
656,1077,824,2751,-625,-1572,0,0
733,1124,860,2657,-780,-1306,0,0
653,1067,783,2860,-1041,-1050,0,0
540,824,613,2886,-1221,-841,0,0
516,707,549,3028,-1273,-850,0,0
498,661,495,3188,-1436,-789,0,0
553,455,431,3130,-1536,-585,0,0
603,318,340,3170,-1557,-624,0,0
635,342,256,3340,-1576,-606,0,0
753,148,204,3269,-1617,-520,0,0
802,220,168,3225,-1761,-507,0,0
727,294,114,3439,-1832,-393,0,0
595,193,75,3420,-1715,-284,0,0
448,264,131,3636,-1766,-374,0,0
311,302,165,3659,-1848,-479,0,0
241,307,77,3502,-1923,-277,0,0
234,62,11,3944,-1883,-256,0,0
95,-173,-97,3673,-1888,-302,0,0
-60,-187,-55,3451,-1781,67,0,0
-66,-314,113,3510,-1773,-26,0,0
-68,22,221,3673,-1880,-261,0,0
-88,47,228,3591,-2080,-441,0,0
-165,102,214,3245,-2076,-365,0,0
-220,78,265,3406,-2173,-124,0,0
-184,166,222,3395,-2328,-90,0,0
-154,485,114,3231,-2258,-282,0,0
-134,385,44,3478,-2112,-215,0,0
-37,65,10,3729,-2293,-246,0,0
21,244,-112,3645,-2184,-507,0,0
-5,338,-149,3641,-1757,-639,0,0
-126,45,-64,3817,-1794,-213,0,0
-133,78,40,3622,-1964,93,0,0
-163,215,99,3418,-2006,-213,0,0
-225,155,65,3536,-2071,-278,0,0
-170,60,4,3420,-2033,-137,0,0
-41,-112,-44,3555,-2098,-147,0,0
24,-304,-142,3560,-2076,-157,0,0
7,-388,-211,3612,-2023,-167,0,0
-19,-462,-253,3703,-2008,-200,0,0
-8,-594,-277,3509,-1950,-230,0,0
7,-648,-261,3394,-1955,-276,0,0
-43,-697,-222,3452,-1895,-358,0,0
-120,-736,-167,3502,-1827,-451,0,0
-179,-806,-187,3543,-1902,-563,0,0
-285,-931,-323,3422,-1826,-602,0,0
-453,-714,-428,2975,-1586,-588,0,0
-554,-518,-369,3257,-1638,-933,0,0
-671,-599,-360,3023,-1433,-1028,0,0
-746,-562,-349,2579,-1145,-1070,0,0
-731,-647,-342,2856,-1029,-1276,0,0
-702,-942,-467,2936,-1093,-1725,0,0
-642,-999,-508,2874,-814,-2057,0,0
-553,-861,-460,2854,-672,-2356,0,0
-515,-764,-383,2995,-575,-2645,0,0
-514,-669,-328,2999,-488,-2538,0,0
-503,-623,-267,2969,-418,-2668,0,0
-525,-612,-255,2847,-379,-2825,0,0
-496,-493,-219,2611,-258,-2767,0,0
-502,-395,-172,2855,-279,-2899,0,0
-583,-322,-216,2506,-35,-2780,0,0
-596,-351,-217,2645,12,-2861,0,0
-531,-354,-222,2642,191,-3089,0,0
-468,-315,-206,2667,308,-3241,0,0
-349,-365,-191,2583,310,-3267,0,0
-236,-284,-182,2575,367,-3223,0,0
-187,-248,-219,2440,302,-3075,0,0
-175,-234,-248,2416,520,-3083,0,0
-226,-111,-246,2611,482,-3442,0,0
-251,-246,-328,2486,591,-3321,0,0
-247,-297,-348,2497,745,-3360,0,0
-227,-177,-264,2530,851,-3480,0,0
-250,-202,-264,2503,875,-3353,0,0
-170,-297,-255,2326,920,-3442,0,0
-122,-180,-204,2315,945,-3468,0,0
-107,-165,-181,2251,924,-3311,0,0
-57,-186,-172,2159,900,-3262,0,0
-92,-130,-184,2169,940,-3262,0,0
-113,-136,-193,2123,910,-3199,0,0
-67,-202,-207,2090,965,-3333,0,0
-57,-102,-212,2108,1106,-3385,0,0
-71,-80,-138,2174,1122,-3405,0,0
-80,-117,-87,2089,1144,-3494,0,0
-72,-111,-69,2026,1145,-3473,0,0
-28,-50,-35,2035,1142,-3427,0,0
25,-40,-25,1966,1097,-3409,0,0
-6,21,-4,2054,1076,-3369,0,0
-34,50,14,2049,1152,-3407,0,0
-53,46,29,2101,1227,-3582,0,0
-57,41,30,2239,1319,-3808,0,0
-53,78,37,2286,1432,-3989,0,0
30,154,109,2485,1455,-4120,0,0
158,294,240,2437,1509,-4141,0,0
252,444,379,2409,1440,-4105,0,0
323,593,481,2465,1335,-3979,0,0
405,703,576,2608,1223,-3922,0,0
464,793,666,2630,1161,-3787,0,0
577,921,789,2657,989,-3701,0,0
766,1026,900,2690,643,-3405,0,0
881,1160,963,2578,389,-3008,0,0
917,1231,1013,2370,123,-2589,0,0
898,1316,1030,2562,-368,-2184,0,0
896,1408,986,2421,-601,-1802,0,0
915,1339,887,2466,-931,-1435,0,0
961,1103,673,2594,-1148,-1151,0,0
1021,903,488,2581,-1155,-716,0,0
1103,714,377,2946,-1328,-657,0,0
1030,407,180,2983,-1311,-570,0,0
911,296,158,2810,-1411,-259,0,0
766,289,186,3195,-1699,-372,0,0
599,404,96,3245,-1635,-291,0,0
458,411,54,3265,-1667,-199,0,0
397,238,55,3414,-1698,-189,0,0
343,354,50,3327,-1679,-346,0,0
289,457,50,3528,-1734,-395,0,0
262,253,25,3603,-1724,-211,0,0
284,355,24,3497,-1729,-175,0,0
293,457,70,3703,-1903,-80,0,0
222,291,90,3680,-1876,223,0,0
92,235,148,3655,-1792,303,0,0
-48,309,235,3662,-1818,161,0,0
-158,410,312,3589,-1941,19,0,0
-231,422,327,3703,-2039,128,0,0
-219,317,253,3632,-2129,204,0,0
-163,308,150,3577,-2129,89,0,0
-165,305,99,3527,-2006,68,0,0
-192,273,106,3583,-2031,175,0,0
-201,302,105,3461,-1990,240,0,0
-170,222,119,3603,-2079,248,0,0
-126,-27,87,3573,-2111,247,0,0
-116,-6,55,3471,-2053,166,0,0
-106,-2,51,3536,-2094,217,0,0
-78,-68,6,3489,-2134,178,0,0
-70,-176,-29,3414,-2135,146,0,0
-77,-128,-30,3534,-2120,118,0,0
-80,-194,-39,3617,-2118,147,0,0
-68,-312,-62,3473,-2067,28,0,0
-82,-310,-81,3386,-2061,-123,0,0
-93,-268,-87,3613,-2079,-37,0,0
-61,-367,-110,3561,-2056,-95,0,0
-57,-321,-115,3412,-2012,-245,0,0
-72,-251,-100,3599,-2058,-174,0,0
-73,-276,-145,3548,-2043,-186,0,0
-63,-337,-199,3509,-2039,-237,0,0
-85,-473,-229,3585,-1974,-261,0,0
-91,-445,-265,3527,-1917,-282,0,0
-69,-512,-264,3480,-1878,-294,0,0
-118,-554,-256,3615,-1867,-447,0,0
-216,-803,-331,3453,-1755,-360,0,0
-266,-1052,-319,3500,-1655,-585,0,0
-375,-1265,-238,3294,-1551,-868,0,0
-448,-1123,-193,3040,-1598,-955,0,0
-536,-954,-230,2919,-1437,-1193,0,0
-691,-1198,-330,2551,-1394,-1090,0,0
-788,-1172,-405,2678,-1246,-1239,0,0
-802,-868,-504,2614,-965,-2079,0,0
-854,-552,-481,2719,-717,-2559,0,0
-788,-631,-394,2883,-671,-2335,0,0
-601,-502,-351,2879,-719,-2697,0,0
-542,-270,-372,2728,-517,-2968,0,0
-512,-443,-381,2740,-346,-2537,0,0
-452,-412,-238,2728,-263,-2506,0,0
-478,-142,-116,2786,-230,-2523,0,0
-620,-242,-171,2530,-241,-2689,0,0
-738,-248,-240,2755,-78,-2907,0,0
-798,-228,-297,2844,262,-2905,0,0
-722,-309,-295,2859,444,-2991,0,0
-564,-306,-269,2990,488,-3284,0,0
-388,-368,-265,2902,557,-3319,0,0
-262,-365,-207,2952,561,-3234,0,0
-187,-434,-175,2718,573,-3243,0,0
-136,-392,-133,2627,575,-3300,0,0
-100,-360,-104,2532,516,-3212,0,0
-142,-344,-110,2456,594,-3243,0,0
-105,-339,-142,2306,644,-3275,0,0
-59,-269,-118,2310,622,-3310,0,0
-87,-283,-190,2233,771,-3306,0,0
-96,-288,-217,2255,778,-3413,0,0
-110,-296,-219,2183,855,-3388,0,0
-74,-260,-190,2189,897,-3564,0,0
-194,-212,-197,2077,1028,-3466,0,0
-195,-156,-137,2209,1037,-3635,0,0
-110,-89,-53,2151,1109,-3783,0,0
-85,13,-29,2196,1152,-3759,0,0
-46,27,12,2163,1164,-3686,0,0
-32,30,57,2125,1136,-3758,0,0
-18,140,91,2093,1076,-3614,0,0
35,158,126,2063,1032,-3500,0,0
83,176,144,2078,954,-3543,0,0
81,246,126,2141,942,-3486,0,0
112,226,108,2199,970,-3484,0,0
176,256,153,2275,877,-3514,0,0
196,280,134,2350,879,-3468,0,0
320,175,128,2399,852,-3347,0,0
500,79,169,2363,732,-3456,0,0
512,93,148,2313,600,-3550,0,0
440,218,130,2276,547,-3480,0,0
405,408,181,2470,524,-3401,0,0
492,474,228,2583,331,-3448,0,0
567,489,230,2552,295,-3292,0,0
565,540,278,2631,226,-3187,0,0
549,710,357,2640,-34,-2985,0,0
577,751,392,2724,-151,-2837,0,0
581,798,393,2776,-251,-2632,0,0
549,882,403,2813,-404,-2451,0,0
532,800,395,2914,-553,-2282,0,0
524,731,353,2959,-654,-2217,0,0
524,782,348,2921,-670,-1856,0,0
550,862,380,2991,-849,-1758,0,0
543,771,369,3013,-994,-1527,0,0
511,732,325,3130,-1072,-1430,0,0
483,656,289,3069,-1126,-1239,0,0
463,713,277,3221,-1234,-1243,0,0
440,572,211,3227,-1233,-1154,0,0
446,571,216,3258,-1255,-973,0,0
420,606,248,3448,-1349,-873,0,0
394,579,231,3411,-1398,-752,0,0
373,534,231,3326,-1426,-683,0,0
290,515,229,3496,-1496,-625,0,0
231,338,209,3412,-1490,-528,0,0
205,280,213,3508,-1673,-613,0,0
190,147,164,3521,-1682,-673,0,0
229,104,156,3517,-1697,-548,0,0
296,246,187,3857,-1874,-427,0,0
303,204,149,3631,-1912,-102,0,0
212,264,126,3546,-1954,-82,0,0
116,153,57,3715,-1952,-182,0,0
128,99,-54,3550,-1868,-435,0,0
161,124,-110,3509,-1738,-585,0,0
213,-11,-109,3641,-1772,-324,0,0
319,-61,-99,3713,-1795,-232,0,0
325,-49,-68,3664,-1762,-318,0,0
196,-56,-62,3617,-1802,-262,0,0
95,-32,-17,3631,-1689,-256,0,0
34,29,38,3684,-1738,-364,0,0
-27,29,39,3692,-1761,-325,0,0
-47,37,23,3649,-1754,-286,0,0
-52,19,21,3665,-1790,-283,0,0
-73,-10,-10,3673,-1790,-317,0,0
-81,-33,-36,3629,-1722,-242,0,0
-99,-55,-19,3709,-1740,-307,0,0
-147,-77,-12,3695,-1699,-314,0,0
-165,-97,3,3617,-1692,-334,0,0
-151,-119,11,3660,-1716,-378,0,0
-143,-124,2,3574,-1713,-356,0,0
-183,-133,-18,3652,-1729,-339,0,0
-245,-240,-34,3685,-1760,-283,0,0
-288,-330,-41,3676,-1730,-249,0,0
-327,-398,-60,3708,-1721,-495,0,0
-371,-407,-84,3682,-1728,-617,0,0
-360,-432,-110,3614,-1730,-552,0,0
-346,-505,-144,3435,-1635,-682,0,0
-366,-242,-123,3489,-1501,-797,0,0
-391,-284,-31,3594,-1479,-773,0,0
-442,-447,-12,3547,-1611,-869,0,0
-484,-577,-111,3381,-1583,-996,0,0
-531,-752,-235,3238,-1423,-972,0,0
-480,-775,-279,3033,-1150,-924,0,0
-472,-774,-238,2932,-1165,-1429,0,0
-551,-881,-246,2967,-1181,-1571,0,0
-616,-955,-260,2834,-1034,-1607,0,0
-661,-983,-228,2843,-1043,-1927,0,0
-770,-785,-256,2372,-883,-2147,0,0
-929,-624,-227,2623,-846,-2180,0,0
-1039,-621,-284,2659,-642,-2194,0,0
-1028,-458,-388,2342,-411,-2470,0,0
-933,-325,-403,2822,-136,-2739,0,0
-829,-379,-462,2621,95,-3045,0,0
-732,-2328,-401,2526,241,-3033,0,0
-663,-142,-234,3044,482,-3162,0,0
-787,-49,-120,3303,545,-3189,0,0
-708,-99,-31,2861,480,-3029,0,0
-505,-244,-55,2773,457,-3116,0,0
-349,-363,-193,2592,520,-2833,0,0
-217,-410,-227,2512,695,-3026,0,0
-282,-370,-247,2634,781,-2956,0,0
-336,-361,-207,2478,859,-3006,0,0
-304,-255,-141,2443,759,-3086,0,0
-270,-172,-224,2404,942,-3149,0,0
-268,21,-267,2449,1090,-3253,0,0
-292,119,-230,2624,1126,-3327,0,0
-310,-11,-232,2618,1259,-3308,0,0
-299,-170,-230,2596,1278,-3317,0,0
-210,-273,-235,2425,1301,-3261,0,0
-128,-211,-189,2400,1381,-3273,0,0
-95,-188,-159,2400,1349,-3292,0,0
-80,-170,-145,2338,1390,-3246,0,0
-54,-110,-112,2387,1403,-3308,0,0
-49,-127,-108,2337,1489,-3320,0,0
-3,-78,-79,2370,1508,-3460,0,0
70,5,-44,2428,1543,-3498,0,0
141,73,35,2455,1555,-3468,0,0
154,99,112,2384,1539,-3416,0,0
182,155,182,2447,1460,-3419,0,0
215,220,252,2439,1378,-3374,0,0
223,253,276,2466,1362,-3354,0,0
252,254,296,2505,1336,-3393,0,0
301,295,298,2589,1252,-3475,0,0
431,351,337,2544,1194,-3387,0,0
604,438,459,2622,1042,-3369,0,0
724,484,505,2620,699,-3186,0,0
750,535,477,2633,629,-3184,0,0
637,571,505,2823,527,-2986,0,0
630,533,535,2648,366,-2947,0,0
679,644,646,2846,197,-3051,0,0
698,763,674,2862,-41,-2825,0,0
785,812,643,2729,-291,-2499,0,0
876,973,628,2804,-460,-2276,0,0
888,869,559,2931,-737,-1927,0,0
916,845,505,2740,-778,-1534,0,0
919,888,524,2743,-984,-1219,0,0
874,791,437,2943,-1237,-1101,0,0
834,647,281,2924,-1306,-836,0,0
788,498,210,3071,-1352,-735,0,0
731,501,228,3259,-1431,-786,0,0
598,486,174,3161,-1518,-711,0,0
486,413,146,3219,-1508,-517,0,0
440,398,182,3229,-1574,-516,0,0
379,565,212,3454,-1728,-509,0,0
320,421,209,3582,-1782,-279,0,0
238,391,181,3487,-1777,-250,0,0
162,392,173,3598,-1790,-403,0,0
120,341,155,3630,-1842,-472,0,0
122,345,130,3534,-1829,-442,0,0
149,328,116,3467,-1804,-364,0,0
195,253,84,3490,-1865,-283,0,0
231,200,16,3559,-1887,-248,0,0
264,-54,-48,3720,-1845,-154,0,0
292,-381,-75,3513,-1955,-276,0,0
178,-69,-47,3639,-1842,-263,0,0
72,-73,11,3790,-1887,-53,0,0
59,-71,55,3793,-1890,-87,0,0
32,-9,77,3601,-1876,-260,0,0
2,-47,91,3668,-1912,-278,0,0
6,-84,52,3551,-1954,-372,0,0
28,-101,7,3554,-1940,-391,0,0
80,-141,-23,3505,-1889,-405,0,0
77,-45,-24,3517,-1945,-381,0,0
45,-23,-19,3655,-1950,-248,0,0
-10,-85,-15,3594,-1885,-315,0,0
-75,-110,6,3554,-1865,-391,0,0
-119,-71,13,3519,-1892,-421,0,0
-144,-32,4,3470,-1896,-402,0,0
-170,-37,-14,3562,-1870,-413,0,0
-176,-99,-36,3524,-1845,-399,0,0
-164,-94,-25,3535,-1808,-487,0,0
-179,-83,-31,3554,-1836,-526,0,0
-170,-124,-39,3499,-1811,-552,0,0
-155,-94,-37,3610,-1821,-614,0,0
-147,-133,-30,3709,-1775,-609,0,0
-122,-222,-42,3644,-1795,-647,0,0
-76,-251,-47,3533,-1820,-721,0,0
-57,-211,-74,3550,-1837,-686,0,0
-62,-196,-89,3560,-1820,-647,0,0
-90,-158,-87,3532,-1725,-689,0,0
-122,-241,-36,3697,-1796,-694,0,0
-200,-141,3,3611,-1810,-748,0,0
-290,-214,-68,3601,-1795,-709,0,0
-387,-491,-150,3689,-1879,-783,0,0
-491,-741,-275,3584,-1746,-753,0,0
-514,-1138,-395,3509,-1574,-813,0,0
-532,-1288,-419,3372,-1415,-947,0,0
-479,-1324,-378,3158,-1313,-796,0,0
-338,-1337,-218,2588,-1182,-1161,0,0
-400,-775,-96,2566,-1188,-2081,0,0
-685,-647,-118,2597,-1301,-2040,0,0
-831,-358,-213,2513,-1111,-1860,0,0
-737,-86,-299,2591,-848,-2048,0,0
-696,58,-351,2776,-629,-2673,0,0
-611,91,-291,3328,-287,-2762,0,0
-388,-7,-153,2871,-366,-2497,0,0
-318,-128,-92,2744,-579,-2103,0,0
-304,-32,-191,2537,-537,-2225,0,0
-327,-150,-326,2847,-585,-2442,0,0
-392,-588,-526,2808,-410,-2367,0,0
-408,-695,-605,2507,-145,-2488,0,0
-566,-458,-551,2676,226,-2778,0,0
-745,-431,-472,2773,335,-2820,0,0
-716,-373,-455,2684,567,-3117,0,0
-563,-440,-476,2555,657,-3510,0,0
-461,-314,-526,3016,625,-3470,0,0
-259,-226,-504,2689,925,-3341,0,0
-65,-545,-443,2462,984,-3260,0,0
-117,-737,-435,2434,1106,-3382,0,0
-161,-652,-339,2373,1010,-3361,0,0
-144,-461,-285,2210,1042,-3680,0,0
-173,-299,-247,2231,1119,-3733,0,0
-182,-69,-158,2210,1282,-3555,0,0
-102,-25,-23,2079,1133,-3283,0,0
-38,51,-31,2217,1056,-3538,0,0
-97,-1,-120,2307,1097,-3363,0,0
-119,-113,-153,2239,1182,-3457,0,0
-146,-28,-130,2288,1208,-3483,0,0
-122,15,-100,2244,1261,-3399,0,0
-29,-62,-56,2210,1210,-3365,0,0
39,-91,-37,2089,1196,-3461,0,0
17,21,-8,2129,1214,-3324,0,0
-5,40,27,2148,1142,-3291,0,0
-19,-43,9,2060,1187,-3379,0,0
9,18,5,2174,1185,-3432,0,0
22,72,0,2155,1318,-3432,0,0
39,75,23,2283,1323,-3582,0,0
77,124,50,2281,1347,-3571,0,0
91,174,113,2437,1317,-3664,0,0
116,205,156,2394,1305,-3596,0,0
231,294,268,2288,1217,-3496,0,0
339,397,321,2332,1037,-3377,0,0
396,432,312,2261,1003,-3169,0,0
375,449,364,2381,939,-3128,0,0
312,397,381,2467,816,-3154,0,0
240,409,381,2638,745,-3274,0,0
255,428,424,2652,740,-3305,0,0
373,592,537,2748,560,-3258,0,0
518,589,533,2636,418,-3059,0,0
563,651,549,2707,208,-2810,0,0
486,799,546,2717,41,-2607,0,0
444,806,556,2791,-108,-2368,0,0
412,840,570,2788,-259,-2116,0,0
364,848,567,2954,-432,-2017,0,0
357,748,541,3016,-535,-1891,0,0
327,659,511,3014,-643,-1703,0,0
312,691,540,3098,-741,-1629,0,0
274,716,532,3190,-747,-1610,0,0
296,642,497,3231,-917,-1652,0,0
421,566,449,3234,-1052,-1493,0,0
534,475,387,3236,-1087,-1212,0,0
593,506,377,3318,-1192,-1138,0,0
603,411,357,3330,-1385,-976,0,0
586,336,309,3180,-1496,-784,0,0
479,539,231,3370,-1565,-722,0,0
407,375,117,3327,-1570,-562,0,0
396,356,48,3429,-1540,-609,0,0
383,337,63,3509,-1549,-637,0,0
391,237,99,3581,-1591,-494,0,0
354,189,103,3596,-1643,-431,0,0
291,213,104,3696,-1743,-403,0,0
219,192,92,3557,-1752,-423,0,0
126,359,131,3624,-1703,-364,0,0
86,276,126,3743,-1831,-309,0,0
113,129,39,3650,-1816,-200,0,0
144,55,1,3518,-1731,-293,0,0
138,47,-21,3642,-1758,-412,0,0
127,17,-59,3636,-1724,-354,0,0
120,12,-61,3656,-1723,-311,0,0
105,-7,-43,3687,-1702,-313,0,0
63,19,-15,3643,-1673,-286,0,0
15,35,14,3715,-1682,-254,0,0
-20,19,33,3703,-1676,-304,0,0
-31,9,54,3667,-1691,-305,0,0
-19,-15,69,3671,-1759,-235,0,0
-26,-66,45,3643,-1776,-231,0,0
-80,-19,26,3625,-1755,-274,0,0
-134,-91,25,3750,-1759,-169,0,0
-140,-254,-3,3653,-1779,-218,0,0
-163,-240,-12,3468,-1760,-331,0,0
-210,-59,15,3647,-1785,-329,0,0
-245,-36,13,3651,-1732,-285,0,0
-242,2,1,3694,-1721,-406,0,0
-261,-84,-49,3621,-1843,-565,0,0
-355,-276,-143,3502,-1849,-473,0,0
-429,-519,-270,3567,-1685,-303,0,0
-426,-738,-324,3545,-1581,-425,0,0
-454,-823,-345,3372,-1475,-626,0,0
-483,-757,-281,3240,-1355,-811,0,0
-526,-673,-232,3247,-1359,-1006,0,0
-582,-732,-293,3067,-1293,-868,0,0
-561,-669,-315,2802,-1191,-1192,0,0
-537,-679,-350,3081,-1036,-1598,0,0
-527,-864,-396,3232,-924,-1818,0,0
-576,-862,-428,3012,-799,-1707,0,0
-554,-725,-373,2747,-669,-1937,0,0
-524,-706,-296,2899,-665,-2067,0,0
-510,-551,-276,2874,-495,-2185,0,0
-518,-476,-285,2645,-430,-2177,0,0
-590,-372,-275,2958,-314,-2496,0,0
-656,-297,-339,2904,-54,-2696,0,0
-568,-471,-408,2956,16,-2675,0,0
-359,-392,-438,2964,91,-3067,0,0
-280,-419,-523,2967,230,-2987,0,0
-174,-626,-599,2614,385,-2907,0,0
-37,-695,-529,2860,389,-3296,0,0
-8,-549,-432,2725,569,-3075,0,0
84,-618,-287,2400,660,-2924,0,0
186,-529,-307,2315,393,-3914,0,0
86,-334,-324,2573,631,-3403,0,0
-218,-318,-212,2301,517,-2999,0,0
-510,-330,-334,2331,549,-3291,0,0
-517,-351,-360,2261,1027,-3326,0,0
-377,-446,-294,2161,788,-3606,0,0
-140,-388,-332,2201,908,-3743,0,0
-52,-364,-319,2038,1091,-3533,0,0
-80,-377,-260,2005,868,-3444,0,0
-88,-404,-200,1960,1075,-3449,0,0
-98,-274,-45,1808,1052,-3637,0,0
-48,-172,-68,1855,876,-3634,0,0
7,-155,-97,1860,986,-3486,0,0
-41,-34,-51,1853,924,-3342,0,0
-120,-197,-90,1783,902,-3480,0,0
-195,-234,-110,1706,988,-3487,0,0
-176,-199,-121,1723,1081,-3633,0,0
-101,-189,-109,1704,1153,-3634,0,0
-58,-157,-58,1689,1108,-3543,0,0
-64,-163,-48,1634,1135,-3515,0,0
-50,-195,-33,1574,1161,-3591,0,0
-66,-181,-25,1567,1100,-3671,0,0
-44,-170,-54,1546,1190,-3650,0,0
28,-163,-33,1456,1172,-3638,0,0
63,-120,-52,1405,1039,-3568,0,0
73,-142,-87,1449,1077,-3562,0,0
-8,-69,-23,1471,1173,-3530,0,0
-147,-7,9,1383,1133,-3654,0,0
-187,6,-37,1393,1237,-3800,0,0
-148,36,-39,1462,1382,-3840,0,0
-116,85,4,1608,1409,-3878,0,0
-116,134,43,1631,1517,-4034,0,0
-110,249,125,1697,1559,-4053,0,0
-39,262,191,1620,1576,-4118,0,0
34,335,192,1640,1561,-4152,0,0
146,462,242,1804,1521,-3953,0,0
310,471,337,1777,1386,-3858,0,0
337,534,387,1863,1266,-3814,0,0
306,528,359,1916,1260,-3714,0,0
356,489,389,1964,1220,-3841,0,0
425,514,412,2308,952,-3982,0,0
538,654,400,2277,938,-3795,0,0
699,713,426,2078,860,-3606,0,0
748,750,447,2154,540,-3587,0,0
704,951,499,2133,669,-3002,0,0
694,1029,575,2214,223,-2782,0,0
726,1145,574,2314,-80,-3043,0,0
701,1108,511,2433,-141,-2317,0,0
687,1264,565,2511,-216,-1853,0,0
539,1171,608,2642,-568,-1508,0,0
432,1311,638,2778,-737,-1397,0,0
362,1256,643,3024,-884,-1269,0,0
344,1065,601,3045,-992,-1245,0,0
356,964,607,2989,-1047,-989,0,0
392,826,594,3118,-1234,-741,0,0
441,693,548,3247,-1359,-750,0,0
478,606,485,3292,-1427,-619,0,0
446,589,449,3298,-1540,-483,0,0
396,463,414,3368,-1628,-253,0,0
346,516,381,3258,-1706,-218,0,0
276,594,373,3541,-1893,-226,0,0
233,443,293,3525,-1935,-23,0,0
191,369,225,3526,-1965,-178,0,0
127,358,212,3705,-2043,-159,0,0
90,240,134,3616,-2053,107,0,0
77,198,71,3537,-1988,-43,0,0
-16,165,43,3609,-1947,-134,0,0
-84,156,20,3580,-1923,7,0,0
-73,68,9,3554,-1963,-43,0,0
-70,-12,-23,3623,-1956,-140,0,0
-72,-67,-61,3673,-1949,-128,0,0
-65,-54,-68,3603,-1891,-135,0,0
-56,-68,-75,3605,-1874,-174,0,0
-71,-119,-120,3624,-1921,-141,0,0
-65,-179,-181,3632,-1900,-148,0,0
-53,-280,-225,3701,-1791,-189,0,0
-35,-378,-232,3759,-1705,-208,0,0
-11,-458,-221,3719,-1731,-249,0,0
-8,-539,-227,3700,-1716,-323,0,0
-57,-636,-243,3528,-1670,-327,0,0
-144,-708,-260,3575,-1651,-430,0,0
-233,-781,-288,3504,-1567,-528,0,0
-299,-790,-280,3409,-1454,-745,0,0
-378,-801,-253,3355,-1432,-777,0,0
-433,-842,-256,3281,-1402,-831,0,0
-458,-838,-275,3136,-1299,-954,0,0
-499,-784,-284,2916,-1172,-1176,0,0
-549,-782,-332,2888,-1101,-1305,0,0
-517,-1116,-403,2666,-983,-1453,0,0
-504,-1127,-454,2567,-777,-2012,0,0
-620,-1070,-516,2566,-549,-2063,0,0
-679,-961,-499,2525,-416,-2354,0,0
-695,-825,-425,2558,-305,-2840,0,0
-675,-788,-409,2624,-197,-2869,0,0
-546,-679,-344,2492,-68,-3003,0,0
-475,-731,-292,2371,113,-2979,0,0
-216,-605,-181,2513,-51,-3558,0,0
-333,-597,-258,2557,157,-3197,0,0
-554,-665,-334,2420,383,-3130,0,0
-682,-497,-220,2359,347,-3446,0,0
-692,-328,-183,2422,424,-3615,0,0
-609,-405,-243,2327,520,-3613,0,0
-520,-440,-292,2156,688,-3606,0,0
-443,-459,-311,1999,702,-3563,0,0
-406,-512,-352,1897,801,-3415,0,0
-385,-480,-305,1854,949,-3516,0,0
-394,-354,-236,1820,1019,-3517,0,0
-406,-224,-199,1630,1138,-3609,0,0
-356,-131,-154,1795,1206,-3625,0,0
-287,-82,-105,1812,1310,-3789,0,0
-226,2,-81,1810,1338,-3715,0,0
-107,52,-120,1846,1326,-3728,0,0
-49,58,-85,1898,1461,-3713,0,0
-97,45,-42,1860,1382,-3477,0,0
-59,33,-14,1811,1327,-3479,0,0
-51,100,-10,1872,1248,-3561,0,0
-30,-36,-84,1853,1094,-3261,0,0
12,-106,-103,1766,1284,-3413,0,0
-29,-83,-79,1781,1263,-3459,0,0
-70,-92,-123,1687,1330,-3381,0,0
-20,-153,-132,1729,1381,-3437,0,0
15,-98,-78,1732,1361,-3518,0,0
48,48,-21,1736,1385,-3579,0,0
106,23,-5,1677,1363,-3522,0,0
39,-51,-35,1692,1253,-3364,0,0
-47,-10,-26,1702,1305,-3415,0,0
-98,-23,-17,1662,1345,-3462,0,0
-99,28,2,1666,1434,-3576,0,0
-44,60,5,1688,1450,-3644,0,0
53,44,2,1764,1552,-3727,0,0
42,69,50,1865,1558,-3793,0,0
71,86,73,1868,1558,-3819,0,0
160,129,120,1791,1539,-3853,0,0
221,244,183,1770,1513,-3882,0,0
217,272,190,1830,1473,-3804,0,0
274,287,230,1832,1414,-3784,0,0
264,413,281,1937,1339,-3959,0,0
189,530,275,2090,1245,-3672,0,0
237,627,362,2049,1184,-3608,0,0
345,754,487,2268,1012,-3582,0,0
412,750,505,2335,957,-3366,0,0
452,801,554,2462,873,-3335,0,0
393,849,581,2643,727,-3177,0,0
463,907,713,2850,563,-2960,0,0
593,715,725,2529,387,-2843,0,0
715,968,707,2861,85,-3018,0,0
894,963,651,2882,-149,-2364,0,0
958,1041,631,2885,-286,-1919,0,0
835,1159,616,2799,-583,-1625,0,0
688,1188,579,2864,-732,-1467,0,0
560,1095,538,2666,-885,-1069,0,0
515,987,522,2799,-1018,-956,0,0
480,939,431,2891,-1033,-1097,0,0
482,950,390,2958,-1026,-1019,0,0
544,730,436,3141,-1142,-930,0,0
566,651,499,3305,-1182,-768,0,0
605,634,511,3217,-1362,-504,0,0
602,474,526,3496,-1421,-515,0,0
499,5,477,3710,-1463,-589,0,0
357,-249,332,3389,-1736,-174,0,0
249,-274,356,3278,-2202,-42,0,0
164,-160,363,3408,-2333,-235,0,0
39,-108,233,3214,-2281,41,0,0
9,155,130,3422,-2230,58,0,0
47,366,74,3501,-2073,-406,0,0
24,233,29,3844,-2006,-505,0,0
54,98,-35,3590,-1928,-255,0,0
143,231,-37,3497,-1960,-417,0,0
67,294,-11,3584,-2029,-758,0,0
-95,117,-64,3571,-1979,-648,0,0
-138,-8,-79,3695,-1882,-375,0,0
-108,59,-93,3635,-1782,-287,0,0
-76,151,-71,3516,-1741,-348,0,0
-106,159,-43,3532,-1783,-516,0,0
-93,-159,-41,3662,-1861,-344,0,0
-90,-132,-66,3532,-1852,-487,0,0
-165,-9,-63,3794,-1779,-569,0,0
-173,-352,-65,3922,-1819,-274,0,0
-163,-498,-124,3385,-1814,-486,0,0
-242,-453,-96,3466,-1782,-746,0,0
-256,-439,-93,3732,-1832,-623,0,0
-236,-436,-137,3508,-1771,-736,0,0
-223,-464,-140,3680,-1747,-765,0,0
-188,-643,-199,3530,-1768,-725,0,0
-185,-696,-253,3303,-1729,-801,0,0
-261,-796,-288,3534,-1653,-834,0,0
-333,-1504,-367,3242,-1624,-1093,0,0
-420,-2036,-345,2727,-1561,-1155,0,0
-517,-1277,-267,2811,-1498,-1274,0,0
-618,-488,-287,2498,-1135,-1399,0,0
-661,62,-284,2409,-922,-1738,0,0
-641,-229,-417,2192,-738,-2200,0,0
-598,-281,-505,2792,-883,-2928,0,0
-485,-545,-542,2829,-491,-2436,0,0
-426,-412,-464,2694,-249,-2233,0,0
