-581,363,-88,-1165,-1960,-3573,0,0
-630,160,-153,-884,-2004,-3262,0,0
-689,193,-155,-886,-1947,-3261,0,0
-690,320,-125,-799,-1798,-3193,0,0
-664,213,-193,-457,-1786,-3244,0,0
-625,489,-113,-559,-1553,-3551,0,0
-565,567,-79,-562,-1414,-3641,0,0
-519,501,-172,-243,-1468,-3887,0,0
-429,595,-134,-129,-1441,-4196,0,0
-273,540,-168,-48,-1588,-4332,0,0
-145,581,-156,117,-1464,-4515,0,0
-93,498,-153,184,-1293,-4555,0,0
-170,464,-176,251,-1468,-4439,0,0
-329,389,-86,330,-1317,-4417,0,0
-392,320,-56,233,-1070,-4291,0,0
-434,282,-94,410,-1032,-3894,0,0
-461,291,-127,583,-1112,-3739,0,0
-436,430,-156,649,-1132,-3832,0,0
-410,480,-151,610,-991,-4413,0,0
-280,484,-149,558,-1040,-4436,0,0
-223,341,-119,890,-1110,-4214,0,0
-266,376,6,638,-796,-4597,0,0
-256,316,22,744,-740,-4246,0,0
-290,249,2,971,-814,-4203,0,0
-284,338,46,746,-692,-4489,0,0
-207,239,45,694,-771,-4170,0,0
-182,123,76,790,-719,-4116,0,0
-73,41,94,742,-614,-4174,0,0
43,-14,77,836,-615,-3934,0,0
70,-39,121,841,-624,-3825,0,0
133,-62,157,904,-645,-3750,0,0
187,-31,148,1037,-576,-3646,0,0
135,76,149,996,-381,-3782,0,0
102,98,82,1084,-494,-3664,0,0
53,201,8,1075,-610,-3623,0,0
-33,311,-54,970,-695,-3994,0,0
-91,320,-89,957,-701,-4170,0,0
-128,262,-77,1012,-870,-3917,0,0
-162,175,-55,1082,-869,-3995,0,0
-116,117,-59,1154,-699,-3939,0,0
-84,165,-71,1250,-670,-3820,0,0
-90,227,-63,1155,-734,-4026,0,0
-90,156,-79,1218,-681,-4179,0,0
-76,88,-59,1256,-658,-4060,0,0
-57,72,-41,1309,-687,-3900,0,0
-22,66,-28,1302,-640,-4123,0,0
57,-11,-36,1207,-637,-3995,0,0
62,-31,-18,1333,-701,-3756,0,0
35,0,24,1400,-637,-3843,0,0
62,20,6,1302,-566,-4070,0,0
68,-19,-31,1359,-718,-4023,0,0
57,-62,13,1249,-776,-4224,0,0
109,-175,20,1379,-774,-4210,0,0
109,-169,96,1301,-690,-4229,0,0
128,-212,123,1199,-612,-4152,0,0
130,-298,120,930,-716,-3758,0,0
104,-394,109,816,-763,-3554,0,0
80,-437,108,800,-736,-3318,0,0
43,-438,102,885,-829,-3275,0,0
41,-353,84,843,-767,-3510,0,0
36,-237,26,1130,-715,-3627,0,0
-8,56,-13,1202,-559,-3997,0,0
2,323,-83,979,-752,-4566,0,0
26,313,-160,845,-986,-4797,0,0
-37,149,-109,707,-992,-4751,0,0
-78,-46,-61,841,-966,-4399,0,0
-65,-134,-25,781,-839,-4069,0,0
-13,-183,-16,816,-886,-3739,0,0
26,-194,11,814,-885,-3625,0,0
45,-191,57,857,-748,-3546,0,0
36,-169,66,1032,-709,-3765,0,0
83,-106,34,1026,-760,-4336,0,0
163,-140,24,943,-905,-4663,0,0
188,-272,64,938,-1034,-4858,0,0
165,-346,107,832,-1002,-5064,0,0
109,-504,141,661,-929,-5219,0,0
112,-708,148,771,-1015,-4754,0,0
102,-701,208,605,-1053,-4395,0,0
79,-600,269,356,-987,-4295,0,0
100,-652,278,176,-923,-4521,0,0
241,-824,194,34,-1009,-4386,0,0
339,-930,182,120,-1144,-4259,0,0
449,-985,250,30,-1211,-4208,0,0
526,-1057,299,-199,-1145,-4261,0,0
578,-1192,324,-497,-1170,-4206,0,0
586,-1304,319,-738,-1324,-3928,0,0
543,-1356,335,-875,-1393,-3677,0,0
507,-1329,353,-1173,-1410,-3511,0,0
490,-1332,348,-1314,-1479,-3320,0,0
484,-1251,373,-1554,-1551,-3237,0,0
514,-1194,391,-1682,-1499,-3188,0,0
529,-1209,418,-1878,-1434,-2999,0,0
534,-1195,370,-2109,-1408,-2821,0,0
471,-1140,332,-2501,-1533,-2721,0,0
437,-1228,308,-2717,-1672,-2334,0,0
466,-1274,324,-2598,-1691,-1799,0,0
493,-1100,366,-2806,-1396,-1762,0,0
566,-982,271,-2993,-1475,-1712,0,0
573,-917,221,-3176,-1711,-1542,0,0
491,-868,223,-3331,-1644,-1487,0,0
393,-819,199,-3417,-1632,-1474,0,0
326,-752,168,-3491,-1764,-1462,0,0
288,-719,156,-3538,-1805,-1433,0,0
233,-694,177,-3731,-1760,-1351,0,0
215,-829,144,-3597,-1762,-1158,0,0
235,-890,127,-3547,-1812,-781,0,0
230,-802,149,-3675,-1619,-568,0,0
216,-764,130,-3648,-1453,-434,0,0
215,-686,50,-3666,-1525,-280,0,0
151,-538,20,-3832,-1632,-60,0,0
-19,-422,41,-3951,-1678,-24,0,0
-78,-367,-7,-4035,-1735,-225,0,0
-39,-339,-57,-3956,-1772,-222,0,0
-26,-308,-47,-3927,-1842,-89,0,0
-18,-234,-7,-3911,-1747,-131,0,0
-16,-161,11,-3907,-1624,34,0,0
-19,-126,-12,-3980,-1803,9,0,0
4,-107,-40,-3943,-1845,-116,0,0
23,10,-26,-3940,-1719,28,0,0
-22,103,-39,-3995,-1731,126,0,0
-84,181,-62,-3899,-1868,122,0,0
-105,290,-44,-3936,-1867,15,0,0
-86,382,-19,-4016,-1837,-22,0,0
-80,436,-29,-3960,-1732,-91,0,0
-127,525,-53,-3935,-1690,-41,0,0
-217,637,-78,-3860,-1626,-139,0,0
-289,741,-116,-3730,-1484,-298,0,0
-343,767,-166,-3797,-1577,-376,0,0
-366,783,-258,-3722,-1558,-404,0,0
-425,781,-361,-3503,-1526,-527,0,0
-538,878,-448,-3156,-1523,-716,0,0
-620,1019,-436,-2870,-1604,-971,0,0
-615,1188,-389,-2689,-1529,-1160,0,0
-674,1374,-357,-2528,-1646,-1699,0,0
-738,1379,-352,-2494,-1439,-2422,0,0
-721,1252,-362,-2373,-1708,-2572,0,0
-754,1254,-347,-2285,-1793,-2631,0,0
-802,1312,-280,-2143,-1679,-2954,0,0
-796,1140,-319,-2005,-1561,-3202,0,0
-748,1162,-377,-1760,-1547,-2893,0,0
-791,1225,-353,-1502,-1808,-3012,0,0
-753,1364,-334,-1375,-1470,-3659,0,0
-673,1224,-292,-1106,-1540,-3444,0,0
-699,1274,-312,-894,-1501,-3887,0,0
-673,1283,-224,-773,-1480,-3992,0,0
-655,1238,-148,-790,-1382,-4490,0,0
-568,1080,-153,-496,-1221,-4508,0,0
-576,936,-110,-364,-1167,-4725,0,0
-514,897,-50,-228,-995,-4824,0,0
-495,815,3,46,-820,-4431,0,0
-511,818,6,219,-663,-4737,0,0
-396,864,-6,358,-821,-4419,0,0
-354,886,5,212,-919,-4565,0,0
-300,762,27,116,-717,-4761,0,0
-245,520,4,243,-590,-4721,0,0
-179,437,-39,631,-678,-4311,0,0
-206,439,27,669,-527,-4308,0,0
-154,394,12,534,-278,-4459,0,0
-84,412,-111,518,-348,-4399,0,0
-101,377,-163,611,-590,-4287,0,0
-89,249,-114,669,-547,-4309,0,0
6,243,-90,856,-482,-4124,0,0
85,307,-39,883,-609,-3998,0,0
184,277,-50,854,-567,-4105,0,0
213,213,-96,985,-602,-4290,0,0
173,212,-31,905,-572,-4280,0,0
129,95,-9,1069,-676,-3979,0,0
34,-4,15,1227,-586,-4132,0,0
3,142,67,960,-466,-4181,0,0
33,40,-33,1070,-626,-3930,0,0
4,35,-41,1112,-646,-3882,0,0
-23,51,-20,964,-534,-3928,0,0
-21,-41,-33,1126,-604,-3737,0,0
-37,14,18,1183,-695,-3749,0,0
-25,32,13,1109,-547,-4114,0,0
23,-13,-20,956,-487,-4085,0,0
-12,-114,-20,1020,-651,-3759,0,0
-104,-61,18,1120,-625,-3870,0,0
-138,74,49,921,-395,-3854,0,0
-118,-36,-12,1069,-562,-3741,0,0
-59,47,-18,1130,-692,-3738,0,0
-48,143,42,982,-552,-4009,0,0
-46,82,42,1029,-429,-4094,0,0
-60,30,12,1255,-434,-3976,0,0
-79,115,38,1143,-510,-4051,0,0
-34,77,30,1149,-567,-4103,0,0
31,32,14,1248,-578,-4120,0,0
60,29,36,1115,-523,-4146,0,0
54,-65,25,1164,-593,-4208,0,0
58,-145,24,1200,-591,-4269,0,0
106,-183,21,1321,-635,-4310,0,0
145,-223,54,1079,-678,-4575,0,0
203,-343,52,1120,-767,-4540,0,0
224,-417,136,1161,-701,-4544,0,0
266,-500,148,936,-604,-4633,0,0
315,-645,79,927,-851,-4448,0,0
315,-641,133,721,-996,-4424,0,0
319,-702,186,589,-896,-4409,0,0
365,-807,193,695,-918,-4401,0,0
370,-794,203,392,-931,-4312,0,0
325,-834,171,130,-1025,-4582,0,0
382,-962,178,46,-1255,-4466,0,0
429,-957,212,-19,-1222,-4331,0,0
438,-1005,267,-343,-1157,-4474,0,0
572,-1124,233,-425,-1405,-4334,0,0
728,-1228,254,-580,-1479,-4121,0,0
759,-1239,381,-1102,-1527,-4232,0,0
831,-1449,411,-1209,-1629,-3833,0,0
804,-1540,440,-1242,-1526,-3447,0,0
729,-1474,506,-1482,-1417,-3404,0,0
773,-1515,478,-1621,-1605,-2819,0,0
774,-1413,454,-1849,-1730,-2623,0,0
766,-1361,464,-2178,-1683,-2580,0,0
790,-1388,405,-2181,-1706,-2276,0,0
773,-1294,343,-2283,-1662,-2210,0,0
757,-1250,317,-2753,-1660,-1933,0,0
660,-1278,241,-2973,-1835,-1471,0,0
462,-1214,223,-3006,-1913,-1490,0,0
351,-1186,209,-3004,-1834,-1341,0,0
333,-1090,147,-3205,-1890,-996,0,0
253,-1025,120,-3285,-2012,-798,0,0
163,-952,174,-3376,-2046,-787,0,0
155,-821,171,-3697,-1977,-577,0,0
146,-897,89,-3597,-2035,-250,0,0
52,-693,112,-3463,-1943,-155,0,0
6,-496,85,-3743,-1899,-326,0,0
14,-429,30,-3656,-2030,-293,0,0
2,-273,65,-3627,-2091,-213,0,0
1,-107,70,-3941,-1992,-408,0,0
-6,-250,4,-3879,-2026,-338,0,0
-31,-319,-8,-3728,-2078,-405,0,0
-10,-237,2,-3602,-2032,-245,0,0
-21,-106,52,-3718,-2104,-181,0,0
-19,-44,77,-3901,-2026,-277,0,0
44,-137,-14,-3826,-2058,-197,0,0
76,-83,-52,-3600,-2115,57,0,0
18,186,21,-3718,-2084,-44,0,0
-3,291,19,-3814,-1987,-386,0,0
26,226,-10,-3858,-1861,-477,0,0
40,208,-59,-3821,-1922,-273,0,0
8,336,-74,-3687,-2087,-202,0,0
-54,476,-32,-3808,-1948,-375,0,0
-78,509,-95,-3873,-1889,-292,0,0
-173,605,-206,-3602,-1856,-37,0,0
-342,976,-214,-3299,-1891,6,0,0
-476,1393,-149,-3346,-1903,-408,0,0
-501,1604,-179,-3322,-2014,-734,0,0
-549,2029,-190,-3243,-1881,-1118,0,0
-557,1850,-263,-3136,-1807,-1581,0,0
-511,1433,-427,-2656,-1798,-1778,0,0
-563,1446,-416,-2233,-1660,-1846,0,0
-647,1351,-432,-2049,-1727,-2472,0,0
-608,1453,-431,-1857,-1758,-2601,0,0
-648,1228,-460,-1609,-1942,-2857,0,0
-634,1405,-472,-1451,-1723,-3363,0,0
-671,1237,-456,-1391,-1792,-3319,0,0
-755,1155,-464,-1440,-1708,-3593,0,0
-744,986,-450,-1169,-1814,-3459,0,0
-768,886,-446,-964,-1708,-3735,0,0
-712,1037,-324,-837,-1678,-3805,0,0
-684,911,-221,-824,-1656,-4056,0,0
-582,888,-200,-373,-1482,-4282,0,0
-521,736,-119,-93,-1390,-3816,0,0
-516,926,-89,-73,-1275,-4194,0,0
-417,988,-79,28,-1234,-4286,0,0
-390,809,-103,102,-1156,-4171,0,0
-419,780,-159,344,-1180,-4297,0,0
-447,788,-144,513,-1134,-4271,0,0
-553,761,-74,600,-878,-4465,0,0
-622,714,-9,506,-701,-4541,0,0
-598,616,-36,506,-706,-4762,0,0
-426,540,-75,571,-851,-4822,0,0
-213,439,-63,584,-787,-4709,0,0
-87,334,-45,807,-744,-4782,0,0
2,290,-8,729,-637,-4915,0,0
138,124,-24,761,-480,-4532,0,0
136,34,-47,1007,-597,-4144,0,0
40,165,41,856,-577,-4318,0,0
51,102,56,908,-670,-4058,0,0
-14,123,94,905,-545,-4129,0,0
-45,94,151,791,-513,-4231,0,0
-13,-43,89,979,-542,-4002,0,0
-14,-56,42,979,-465,-3961,0,0
12,-29,-32,961,-500,-3906,0,0
62,-32,-117,1012,-606,-3724,0,0
41,59,-75,781,-610,-3784,0,0
34,63,-62,763,-661,-3931,0,0
60,-5,-58,868,-696,-3704,0,0
42,87,10,987,-725,-3637,0,0
82,134,-14,1083,-699,-3825,0,0
153,137,-104,1064,-715,-3910,0,0
121,194,-129,985,-748,-4101,0,0
89,130,-134,973,-792,-4195,0,0
71,50,-144,1181,-893,-3928,0,0
-2,97,-91,1215,-828,-4021,0,0
-10,75,-80,1172,-751,-4134,0,0
39,4,-114,1175,-809,-3976,0,0
37,38,-99,1130,-904,-3930,0,0
19,11,-50,981,-922,-4059,0,0
43,-86,-22,1057,-958,-3844,0,0
-5,-67,42,1098,-874,-3799,0,0
-62,-52,92,1052,-718,-3869,0,0
-74,-104,46,1156,-669,-3762,0,0
-77,-25,26,1186,-715,-3725,0,0
-72,46,26,1036,-707,-3889,0,0
-41,7,13,1018,-765,-3902,0,0
-37,-9,27,1078,-705,-3953,0,0
-47,22,33,1110,-673,-3902,0,0
-87,40,61,1037,-641,-4034,0,0
-75,-5,39,1058,-632,-3988,0,0
-64,-17,23,1103,-714,-3897,0,0
-49,13,32,1043,-687,-4085,0,0
-5,-59,7,1025,-647,-4066,0,0
17,-79,6,1082,-751,-3894,0,0
18,-32,42,1000,-690,-4000,0,0
40,-70,16,986,-683,-3986,0,0
31,-84,28,1016,-728,-4003,0,0
25,-87,73,895,-742,-3945,0,0
58,-112,49,1008,-723,-4018,0,0
85,-113,50,978,-727,-4062,0,0
112,-137,57,926,-802,-4047,0,0
138,-136,53,1002,-945,-4183,0,0
157,-118,78,938,-993,-4592,0,0
210,-219,101,946,-923,-4735,0,0
227,-360,117,900,-982,-4821,0,0
226,-504,98,873,-1114,-4783,0,0
219,-587,163,664,-1179,-4729,0,0
272,-725,178,686,-1137,-4685,0,0
319,-763,209,443,-1085,-4522,0,0
323,-825,228,253,-1155,-4568,0,0
371,-925,233,173,-1263,-4432,0,0
410,-978,256,24,-1328,-4320,0,0
450,-1050,275,-193,-1354,-4426,0,0
551,-1138,268,-249,-1539,-4319,0,0
668,-1145,334,-622,-1592,-4249,0,0
803,-1259,308,-803,-1512,-4042,0,0
903,-1377,279,-756,-1546,-3897,0,0
988,-1353,358,-1117,-1673,-3582,0,0
990,-1345,385,-1153,-1764,-3040,0,0
876,-1292,474,-1570,-1750,-3206,0,0
917,-1381,425,-1709,-1925,-3131,0,0
950,-1402,410,-1629,-2081,-2687,0,0
809,-1294,548,-2058,-1999,-2531,0,0
693,-1351,500,-2248,-1872,-2392,0,0
650,-1331,412,-2199,-1978,-1774,0,0
535,-1034,504,-2297,-2096,-1471,0,0
455,-928,561,-2679,-1858,-1633,0,0
506,-808,409,-2975,-1794,-1660,0,0
536,-900,289,-2974,-1971,-1373,0,0
484,-856,285,-3369,-2012,-1168,0,0
403,-837,211,-3549,-2168,-995,0,0
302,-890,223,-3459,-2262,-842,0,0
276,-836,294,-3616,-2131,-666,0,0
261,-746,277,-3655,-2195,-464,0,0
239,-799,228,-3442,-2184,-449,0,0
268,-697,224,-3489,-2065,-384,0,0
253,-581,184,-3627,-1915,-222,0,0
135,-534,155,-3643,-1840,-106,0,0
35,-454,140,-3758,-1952,-282,0,0
42,-457,103,-3816,-2084,-61,0,0
-8,-397,105,-3851,-1938,156,0,0
-49,-273,104,-3746,-1961,203,0,0
-23,-204,110,-3711,-1925,258,0,0
26,-59,101,-3849,-1858,311,0,0
37,38,48,-3817,-1837,278,0,0
49,137,-4,-3806,-1873,135,0,0
36,233,-43,-3865,-1851,66,0,0
-24,250,-51,-3877,-1839,-25,0,0
-51,260,-67,-3955,-1933,-94,0,0
-57,244,-97,-3897,-2034,-129,0,0
-69,273,-79,-3897,-2091,-244,0,0
-74,348,-85,-3907,-2016,-542,0,0
-46,333,-123,-3744,-2045,-687,0,0
-24,247,-113,-3749,-2129,-660,0,0
-59,228,-83,-3821,-2199,-665,0,0
-130,147,-64,-3687,-2121,-783,0,0
-172,192,-35,-3565,-2049,-752,0,0
-206,195,-9,-3635,-2043,-775,0,0
-225,22,-21,-3710,-2139,-839,0,0
-223,24,16,-3765,-2173,-763,0,0
-210,-24,58,-3827,-2150,-656,0,0
-213,-104,38,-3830,-2032,-496,0,0
-241,-30,18,-3787,-2057,-391,0,0
-293,21,20,-3749,-1883,-257,0,0
-309,91,-19,-3734,-1915,-154,0,0
-307,184,-104,-3673,-1990,-318,0,0
-315,273,-137,-3697,-1893,-565,0,0
-370,274,-154,-3745,-1878,-639,0,0
-498,228,-190,-3642,-1881,-840,0,0
-545,237,-213,-3478,-2073,-1027,0,0
-514,262,-248,-3301,-2054,-788,0,0
-613,562,-180,-3332,-2028,-708,0,0
-724,803,-193,-3286,-1832,-1236,0,0
-729,836,-231,-3222,-1905,-1312,0,0
-753,866,-228,-3183,-2002,-1428,0,0
-732,972,-226,-3107,-1937,-1747,0,0
-704,1008,-243,-2824,-1951,-1810,0,0
-671,1143,-226,-2691,-1977,-2135,0,0
-606,1151,-186,-2605,-1832,-2379,0,0
-519,1119,-210,-2435,-1788,-2621,0,0
-427,1120,-263,-2286,-1728,-2605,0,0
-447,1156,-237,-2123,-1784,-3048,0,0
-460,1203,-163,-2255,-1665,-3670,0,0
-518,909,-155,-2263,-1802,-3773,0,0
-576,767,-174,-1834,-1746,-3701,0,0
-628,784,-55,-1695,-1614,-3546,0,0
-629,632,-41,-1699,-1511,-3755,0,0
-517,611,-85,-1517,-1511,-3496,0,0
-531,766,-3,-1483,-1537,-3602,0,0
-469,833,42,-1412,-1278,-3971,0,0
-386,626,14,-1120,-1355,-3783,0,0
-353,676,34,-1000,-1194,-4006,0,0
-322,684,93,-1010,-1184,-4032,0,0
-288,709,103,-840,-1249,-4344,0,0
-235,655,132,-930,-962,-4527,0,0
-266,469,100,-754,-924,-4359,0,0
-347,408,97,-534,-973,-4291,0,0
-345,340,113,-645,-872,-4268,0,0
-288,254,66,-458,-908,-3944,0,0
-296,365,118,-441,-856,-3958,0,0
-281,435,139,-492,-596,-4022,0,0
-284,390,83,-319,-533,-3963,0,0
-215,450,5,-303,-664,-4315,0,0
-105,397,3,-355,-699,-3950,0,0
-179,457,47,-62,-531,-4006,0,0
-206,473,39,104,-339,-4244,0,0
-168,278,-17,106,-386,-3937,0,0
-231,391,-58,61,-382,-4392,0,0
-203,304,-116,-46,-438,-4616,0,0
-142,236,-161,57,-523,-4371,0,0
-241,249,-92,226,-395,-4555,0,0
-306,197,-42,144,-311,-4648,0,0
-275,43,-86,201,-374,-4407,0,0
-204,-20,-72,287,-526,-4132,0,0
-122,156,26,244,-495,-4029,0,0
-52,195,81,116,-248,-4362,0,0
69,85,-6,210,-106,-4307,0,0
75,91,-34,270,-389,-3870,0,0
1,185,26,252,-375,-4125,0,0
-16,177,37,316,-236,-4124,0,0
-42,99,29,419,-286,-3986,0,0
-64,124,32,465,-248,-3920,0,0
-127,198,26,483,-170,-4100,0,0
-173,179,13,440,-180,-4037,0,0
-191,88,-15,642,-245,-3969,0,0
-171,69,38,565,-231,-3923,0,0
-189,224,73,606,-220,-3861,0,0
-238,257,98,403,-135,-4363,0,0
-134,70,25,547,-136,-4181,0,0
-71,36,17,698,-112,-4036,0,0
-79,105,57,514,-87,-4234,0,0
-48,60,36,709,-172,-4161,0,0
10,109,49,802,-52,-4071,0,0
-40,171,64,611,48,-4189,0,0
-112,93,40,628,-19,-4176,0,0
-51,32,11,922,-128,-3962,0,0
37,37,12,844,-77,-3767,0,0
-30,145,79,644,-8,-4150,0,0
-26,78,71,749,-23,-4164,0,0
32,-2,56,912,-85,-3965,0,0
7,49,103,872,-1,-4083,0,0
6,0,117,733,80,-4237,0,0
54,-101,27,948,127,-4035,0,0
18,-51,6,860,82,-4083,0,0
29,-61,-33,763,-56,-4257,0,0
116,-123,-54,832,-131,-4185,0,0
120,-107,14,743,-21,-4514,0,0
217,-259,-32,684,-11,-4826,0,0
342,-388,-108,865,-239,-4677,0,0
304,-294,28,606,-291,-4947,0,0
359,-445,64,473,-147,-5358,0,0
467,-755,-28,537,-185,-5073,0,0
428,-883,-14,459,-432,-4789,0,0
472,-898,17,223,-552,-4957,0,0
593,-998,18,81,-644,-4462,0,0
562,-1084,79,-85,-678,-4343,0,0
581,-1139,41,-125,-536,-4211,0,0
568,-1079,5,-437,-811,-3702,0,0
479,-955,46,-606,-1129,-3708,0,0
488,-872,115,-873,-969,-4145,0,0
589,-1009,50,-955,-1022,-3861,0,0
629,-1036,60,-999,-1308,-3845,0,0
655,-1056,99,-1314,-1142,-3668,0,0
609,-1066,105,-1443,-1310,-3293,0,0
541,-1060,128,-1455,-1294,-2935,0,0
497,-927,163,-1801,-1177,-2863,0,0
531,-681,128,-1904,-1422,-2737,0,0
567,-606,132,-1963,-1639,-2725,0,0
612,-628,162,-2207,-1672,-2881,0,0
637,-618,177,-2187,-1770,-2783,0,0
596,-712,261,-2289,-1835,-2748,0,0
558,-996,256,-2653,-1800,-2540,0,0
460,-1092,215,-2685,-1842,-2257,0,0
364,-981,201,-2774,-1904,-2246,0,0
299,-906,212,-2924,-1937,-2074,0,0
209,-996,228,-3227,-1913,-1889,0,0
214,-978,184,-3117,-1903,-1759,0,0
283,-1004,138,-3103,-1882,-1363,0,0
298,-880,154,-3346,-1935,-1262,0,0
350,-827,130,-3357,-1930,-1010,0,0
363,-739,101,-3374,-1956,-923,0,0
329,-601,128,-3719,-1949,-1313,0,0
338,-693,89,-3832,-1972,-1415,0,0
297,-803,69,-3751,-2037,-1074,0,0
192,-688,121,-3881,-1936,-800,0,0
117,-614,78,-3745,-1815,-552,0,0
25,-359,128,-3732,-1819,-603,0,0
20,-223,134,-3896,-1790,-637,0,0
38,-293,39,-3871,-1823,-480,0,0
4,-211,27,-3774,-1927,-469,0,0
-26,-108,62,-3895,-1890,-625,0,0
-4,-72,41,-3951,-1805,-557,0,0
-38,-56,-5,-3797,-1807,-411,0,0
-122,69,5,-3788,-1847,-439,0,0
-152,187,-17,-3714,-1865,-498,0,0
-143,304,-43,-3810,-1954,-459,0,0
-178,510,-29,-3864,-2029,-565,0,0
-221,695,10,-3722,-1843,-737,0,0
-255,739,-9,-3729,-1811,-701,0,0
-321,948,-41,-3593,-1825,-780,0,0
-386,1247,-48,-3360,-1691,-1138,0,0
-458,1576,-29,-3425,-1730,-1386,0,0
-505,1708,-31,-3391,-1631,-1755,0,0
-411,1100,-147,-3326,-1787,-1791,0,0
-343,699,-215,-2952,-1831,-2034,0,0
-294,780,-105,-2954,-1750,-2505,0,0
-228,749,-112,-2905,-1671,-2427,0,0
-230,683,-201,-2533,-1768,-2580,0,0
-308,797,-149,-2500,-1682,-2861,0,0
-324,762,-152,-2612,-1659,-2936,0,0
-290,688,-227,-2413,-1885,-2774,0,0
-371,806,-146,-2261,-1831,-2860,0,0
-433,792,-34,-2337,-1660,-3259,0,0
-358,514,-67,-2205,-1575,-3233,0,0
-307,475,-90,-2059,-1589,-3224,0,0
-287,428,-57,-2093,-1551,-3144,0,0
-279,413,-74,-1948,-1527,-3234,0,0
-301,608,-51,-1908,-1437,-3386,0,0
-317,596,-51,-1850,-1278,-3615,0,0
-244,512,-116,-1651,-1273,-3433,0,0
-267,642,-99,-1443,-1414,-3310,0,0
-265,832,-46,-1522,-1368,-3648,0,0
-264,788,-52,-1325,-1252,-3658,0,0
-304,716,-53,-996,-1085,-3989,0,0
-276,756,-45,-1081,-996,-3906,0,0
-267,694,-112,-968,-1224,-3931,0,0
-259,688,-54,-898,-1199,-4010,0,0
-250,595,-24,-831,-1065,-4557,0,0
-197,506,-74,-724,-874,-4415,0,0
-322,464,-88,-461,-910,-4115,0,0
-387,521,-106,-542,-877,-4365,0,0
-355,406,-133,-581,-893,-4061,0,0
-332,368,-140,-396,-884,-3982,0,0
-292,378,-125,-318,-779,-4043,0,0
-230,375,-112,-310,-850,-4080,0,0
-154,428,-100,-170,-852,-4360,0,0
-86,466,-69,-122,-747,-4741,0,0
-27,262,-109,-49,-567,-4741,0,0
-51,61,-225,260,-628,-4301,0,0
-217,263,-164,71,-648,-4239,0,0
-294,334,-153,-209,-560,-4360,0,0
-226,142,-264,5,-640,-4147,0,0
-219,169,-234,192,-770,-3813,0,0
-261,307,-80,112,-684,-4122,0,0
-148,277,-52,68,-612,-4093,0,0
-86,74,-97,351,-613,-3989,0,0
-94,197,-17,206,-500,-4293,0,0
-91,207,-40,182,-474,-4090,0,0
-159,237,-51,450,-661,-4198,0,0
-169,381,65,251,-503,-4333,0,0
-92,289,0,490,-456,-4253,0,0
-68,226,-78,699,-416,-4035,0,0
-163,363,-43,661,-265,-4066,0,0
-177,347,-46,548,-328,-4339,0,0
-89,246,-90,509,-531,-4232,0,0
-119,185,1,511,-556,-4239,0,0
-174,72,97,590,-258,-4235,0,0
-181,-21,71,851,-133,-3937,0,0
-207,-8,44,811,-157,-3846,0,0
-199,14,26,600,-182,-4099,0,0
-120,-54,9,644,-288,-3976,0,0
-82,-68,52,638,-250,-3979,0,0
-63,-78,84,662,-108,-3994,0,0
-74,-134,93,707,-1,-4127,0,0
-44,-141,54,714,-34,-4110,0,0
-27,-93,11,605,-32,-4138,0,0
-4,-140,-37,571,-57,-4131,0,0
3,-172,-50,685,-147,-4052,0,0
13,-54,5,532,-88,-4123,0,0
21,-39,-21,425,-85,-4091,0,0
-14,-25,-32,530,-151,-4132,0,0
7,-1,-5,480,-236,-4096,0,0
37,6,16,353,-153,-4122,0,0
50,-78,-1,617,-201,-4045,0,0
61,5,36,536,-194,-4124,0,0
68,4,38,419,-173,-4364,0,0
75,-97,9,557,-197,-4346,0,0
50,-87,34,442,-188,-4572,0,0
131,-149,5,412,-206,-4724,0,0
210,-277,1,500,-218,-4602,0,0
222,-311,22,415,-186,-4656,0,0
207,-361,-12,310,-188,-4572,0,0
172,-452,-17,184,-362,-4361,0,0
169,-500,-10,255,-539,-4211,0,0
188,-474,40,59,-410,-4415,0,0
220,-572,53,-80,-420,-4388,0,0
278,-627,31,82,-594,-4264,0,0
330,-587,78,-273,-529,-4272,0,0
357,-665,66,-175,-518,-4358,0,0
411,-577,84,-306,-618,-4234,0,0
470,-357,108,-226,-934,-3827,0,0
476,-178,196,-626,-728,-4492,0,0
602,-556,88,-922,-610,-4809,0,0
665,-934,-36,-540,-976,-4268,0,0
573,-815,84,-583,-1119,-3935,0,0
511,-762,201,-846,-1086,-4103,0,0
622,-844,162,-923,-1153,-3951,0,0
678,-829,185,-1160,-1358,-3813,0,0
709,-987,230,-1465,-1467,-3668,0,0
715,-1080,220,-1409,-1482,-3392,0,0
653,-1014,265,-1671,-1548,-3490,0,0
686,-1110,244,-1852,-1673,-3254,0,0
729,-1151,261,-1943,-1809,-2893,0,0
756,-1050,328,-2119,-1805,-2833,0,0
778,-1091,370,-2324,-1752,-2646,0,0
741,-1085,344,-2476,-1778,-2463,0,0
625,-1053,303,-2742,-1747,-2307,0,0
500,-1168,251,-2929,-1742,-2212,0,0
480,-1226,148,-2831,-1811,-1920,0,0
448,-1070,174,-2999,-1971,-1559,0,0
412,-958,220,-3286,-2061,-1521,0,0
417,-891,182,-3260,-2065,-1350,0,0
356,-782,246,-3361,-1966,-1335,0,0
327,-753,257,-3367,-1914,-1097,0,0
315,-676,197,-3365,-1877,-944,0,0
312,-549,166,-3463,-1976,-806,0,0
287,-442,159,-3596,-2082,-915,0,0
290,-395,133,-3787,-1890,-914,0,0
270,-444,52,-3642,-1837,-676,0,0
203,-409,-3,-3630,-1971,-572,0,0
132,-263,-2,-3792,-1946,-695,0,0
78,-279,-1,-3824,-1925,-581,0,0
14,-318,5,-3759,-2003,-399,0,0
-39,-191,40,-3814,-1928,-405,0,0
-25,-160,2,-3836,-1923,-364,0,0
-7,-129,-49,-3711,-1973,-239,0,0
-5,-21,-26,-3814,-1958,-219,0,0
-5,64,-24,-3805,-1926,-236,0,0
-27,134,-55,-3754,-1882,-318,0,0
-89,271,-112,-3764,-1917,-385,0,0
-202,442,-161,-3668,-1855,-408,0,0
-374,787,-183,-3624,-1807,-479,0,0
-548,1378,-157,-3581,-2003,-699,0,0
-681,1721,-85,-3463,-2012,-962,0,0
-715,1484,-112,-3481,-1844,-1328,0,0
-677,1430,-197,-3168,-1897,-1306,0,0
-698,1640,-195,-2901,-1876,-1661,0,0
-648,1360,-219,-3055,-1735,-2202,0,0
-476,984,-379,-2827,-1846,-2198,0,0
-332,766,-462,-2424,-1839,-2342,0,0
-368,464,-419,-2573,-1801,-2559,0,0
-436,910,-364,-2185,-1758,-2817,0,0
-452,1108,-307,-1991,-1762,-2822,0,0
-525,1002,-337,-1986,-1706,-3175,0,0
-554,1054,-359,-1727,-1744,-3341,0,0
-629,917,-336,-1644,-1861,-3342,0,0
-639,1003,-315,-1492,-1649,-3564,0,0
-627,831,-284,-1371,-1819,-3164,0,0
-615,968,-282,-996,-1897,-3457,0,0
-563,1012,-143,-924,-1685,-3284,0,0
-619,968,-147,-755,-1594,-3766,0,0
-545,1012,-131,-637,-1452,-3905,0,0
-572,797,-86,-611,-1282,-3717,0,0
-585,801,-101,-459,-1090,-4326,0,0
-469,609,-101,-392,-1097,-4217,0,0
-409,504,-189,-99,-953,-4445,0,0
-307,451,-190,-74,-884,-4373,0,0
-252,371,-257,296,-881,-4076,0,0
-364,638,-162,346,-806,-4295,0,0
-461,768,9,77,-753,-4620,0,0
-445,549,-18,189,-675,-4702,0,0
-406,486,10,370,-725,-4613,0,0
-330,518,111,420,-609,-4404,0,0
-254,413,152,551,-579,-4211,0,0
-228,311,166,597,-370,-4302,0,0
-209,284,123,797,-341,-4315,0,0
-204,335,82,751,-356,-4501,0,0
-146,210,18,634,-382,-4555,0,0
-130,76,-41,686,-366,-4325,0,0
-214,87,-22,628,-423,-4244,0,0
-263,69,11,526,-426,-4359,0,0
-240,29,10,602,-305,-4175,0,0
-243,-66,3,648,-281,-3978,0,0
-220,26,-5,792,-341,-3961,0,0
-138,190,29,686,-313,-3933,0,0
-75,170,27,659,-296,-4129,0,0
-1,126,5,707,-265,-4140,0,0
-16,151,51,679,-251,-4134,0,0
-59,125,70,774,-200,-4111,0,0
-61,121,63,774,-210,-4015,0,0
-58,81,33,806,-186,-4113,0,0
-45,68,34,761,-206,-4011,0,0
-67,33,40,863,-191,-3982,0,0
-51,32,38,879,-155,-3967,0,0
-24,83,30,876,-118,-3971,0,0
-17,83,14,890,-147,-4035,0,0
-20,73,9,894,-151,-4035,0,0
-13,54,5,917,-131,-4045,0,0
5,53,-12,948,-126,-4034,0,0
11,44,-12,876,-167,-4101,0,0
64,-104,-90,862,-17,-4296,0,0
153,-279,-225,1048,-76,-3873,0,0
24,-169,-177,956,-199,-3797,0,0
-90,-40,-76,534,-156,-4249,0,0
7,-85,-122,854,-307,-3743,0,0
35,98,-30,935,-255,-3833,0,0
88,138,10,771,-133,-4017,0,0
120,29,-44,879,-119,-4058,0,0
90,12,-71,905,-138,-4000,0,0
49,105,-68,962,-181,-3916,0,0
10,153,-65,864,-134,-4120,0,0
0,76,-121,859,-199,-4161,0,0
-15,8,-106,827,-367,-3891,0,0
-25,1,-39,833,-325,-3971,0,0
20,2,-23,889,-225,-3961,0,0
20,-6,-31,933,-170,-3939,0,0
-9,-7,-22,912,-245,-3990,0,0
-3,-24,-17,896,-265,-4103,0,0
18,-97,-2,884,-267,-4044,0,0
28,-141,13,950,-258,-4168,0,0
47,-79,4,940,-174,-4395,0,0
71,-102,-19,881,-228,-4430,0,0
94,-169,-7,900,-376,-4603,0,0
204,-223,4,795,-374,-4800,0,0
307,-355,0,794,-385,-4674,0,0
308,-484,59,685,-433,-4657,0,0
329,-596,52,554,-420,-4612,0,0
324,-672,52,587,-568,-4319,0,0
271,-630,137,381,-646,-4389,0,0
291,-698,154,114,-585,-4539,0,0
315,-863,97,153,-745,-4435,0,0
305,-871,143,92,-833,-4248,0,0
305,-849,195,-135,-658,-4265,0,0
325,-870,123,-212,-668,-4041,0,0
364,-715,72,-286,-716,-3931,0,0
427,-643,74,-414,-731,-4113,0,0
513,-696,35,-678,-879,-4073,0,0
569,-779,8,-843,-996,-4143,0,0
582,-816,66,-1032,-1104,-4136,0,0
594,-822,118,-1131,-1201,-3983,0,0
605,-959,113,-1133,-1222,-3867,0,0
616,-955,101,-1153,-1346,-3765,0,0
602,-977,83,-1327,-1323,-3538,0,0
532,-1039,109,-1544,-1439,-3363,0,0
573,-954,113,-1545,-1576,-3050,0,0
602,-835,150,-1856,-1667,-2736,0,0
572,-607,214,-2178,-1802,-2966,0,0
589,-526,225,-2362,-1731,-2963,0,0
559,-643,170,-2187,-1688,-2496,0,0
480,-1027,86,-2302,-1761,-2313,0,0
459,-766,24,-2496,-1883,-2382,0,0
460,-580,-4,-2567,-2055,-2277,0,0
370,-700,14,-2721,-2159,-2193,0,0
305,-490,59,-2867,-2139,-2228,0,0
314,-473,37,-2795,-2230,-1976,0,0
231,-355,81,-2836,-2141,-2056,0,0
174,-124,124,-2984,-2045,-2114,0,0
157,-304,43,-3008,-2152,-1946,0,0
130,-227,30,-2981,-2219,-1945,0,0
107,-213,48,-3034,-2230,-1933,0,0
78,-250,44,-3059,-2224,-1899,0,0
71,-53,69,-2973,-2176,-1939,0,0
70,-17,49,-3035,-2178,-1933,0,0
38,-28,30,-3104,-2202,-1879,0,0
-9,-73,22,-3135,-2321,-1786,0,0
-54,7,40,-3161,-2323,-1886,0,0
-76,90,61,-3155,-2242,-1901,0,0
-75,98,56,-3084,-2173,-1972,0,0
-29,154,42,-3086,-2143,-1908,0,0
-28,262,48,-3095,-2140,-1919,0,0
-39,307,49,-3093,-2142,-1992,0,0
-37,301,10,-3027,-2123,-2098,0,0
-50,282,-32,-2892,-2146,-2053,0,0
-95,369,-22,-3018,-2075,-2105,0,0
-130,333,-80,-2884,-2133,-2046,0,0
-165,367,-122,-2770,-2130,-2185,0,0
-179,502,-107,-2864,-2109,-2255,0,0
-238,436,-133,-2774,-2194,-2307,0,0
-310,505,-118,-2653,-2142,-2489,0,0
-349,549,-103,-2630,-2038,-2556,0,0
-334,525,-144,-2484,-2005,-2607,0,0
-304,604,-152,-2366,-2085,-2888,0,0
-300,578,-102,-2466,-1980,-3052,0,0
-321,442,-98,-2223,-2005,-2653,0,0
-378,534,-106,-1978,-1929,-2639,0,0
-379,622,-120,-2009,-1750,-2634,0,0
-352,579,-175,-1869,-1773,-2544,0,0
-338,718,-215,-1778,-1776,-2829,0,0
-370,696,-217,-1699,-1744,-3043,0,0
-433,549,-258,-1480,-1549,-3387,0,0
-442,590,-275,-1221,-1498,-3461,0,0
-459,663,-266,-1106,-1637,-3639,0,0
-490,954,-124,-1035,-1838,-3634,0,0
-588,997,25,-1074,-1638,-4024,0,0
-527,928,8,-782,-1333,-3966,0,0
-467,650,-31,-521,-1476,-3751,0,0
-424,772,-12,-579,-1300,-4253,0,0
-354,882,39,-607,-1310,-4087,0,0
-372,662,-7,-427,-1129,-4314,0,0
-332,614,-22,-294,-1025,-4282,0,0
-314,677,-71,-85,-1056,-4350,0,0
-315,586,-62,-108,-1016,-4294,0,0
-372,415,-64,24,-904,-4333,0,0
-401,360,-97,72,-728,-4411,0,0
-415,322,-110,154,-814,-4188,0,0
-429,300,-119,301,-794,-3977,0,0
-411,519,-38,354,-690,-4122,0,0
-312,436,-42,255,-661,-4327,0,0
-180,193,-113,415,-620,-4272,0,0
-112,337,-54,558,-699,-4226,0,0
-97,381,1,538,-627,-4326,0,0
-76,297,-26,549,-491,-4484,0,0
-86,309,-68,653,-491,-4582,0,0
-153,212,-65,646,-491,-4430,0,0
-211,129,-69,708,-535,-4369,0,0
-190,157,-100,759,-495,-4359,0,0
-204,156,-71,593,-439,-4256,0,0
-228,20,-86,633,-444,-4270,0,0
-194,-53,-83,731,-458,-4042,0,0
-172,-21,-26,739,-425,-3940,0,0
-122,-33,10,752,-340,-3936,0,0
-64,-4,-6,793,-271,-3972,0,0
-44,26,-12,654,-230,-4139,0,0
-46,7,-17,694,-278,-4091,0,0
-31,8,0,817,-350,-4081,0,0
-4,54,27,738,-225,-4133,0,0
-14,18,21,696,-131,-4203,0,0
-31,-8,-21,725,-197,-4097,0,0
-35,18,-53,755,-322,-4019,0,0
-52,15,-13,610,-331,-4071,0,0
-36,-66,-8,668,-347,-4052,0,0
18,-76,0,746,-351,-3986,0,0
20,1,24,593,-289,-4065,0,0
-15,-32,28,596,-267,-4081,0,0
-32,-101,15,714,-296,-3978,0,0
-26,-49,34,693,-287,-3906,0,0
-10,28,40,689,-223,-3940,0,0
21,1,7,707,-257,-3872,0,0
57,13,0,712,-347,-3794,0,0
88,104,0,569,-312,-4046,0,0
94,74,-27,602,-311,-4097,0,0
29,52,-2,650,-329,-4174,0,0
-7,35,4,701,-325,-4188,0,0
-9,-18,-8,812,-331,-4085,0,0
-6,13,5,777,-304,-4140,0,0
15,17,-13,745,-293,-4181,0,0
37,-8,-26,770,-335,-4259,0,0
89,-65,-32,753,-403,-4342,0,0
127,-123,-43,724,-397,-4388,0,0
116,-153,-12,721,-451,-4555,0,0
103,-185,37,671,-531,-4586,0,0
114,-248,63,572,-511,-4760,0,0
174,-398,78,488,-487,-4732,0,0
208,-536,107,498,-512,-4607,0,0
260,-627,91,391,-511,-4622,0,0
387,-657,45,201,-568,-4470,0,0
476,-692,8,199,-711,-4312,0,0
516,-657,67,115,-816,-4447,0,0
561,-713,112,-180,-841,-4476,0,0
574,-839,92,-151,-958,-4590,0,0
598,-832,137,-267,-992,-4581,0,0
627,-887,169,-541,-1090,-4378,0,0
638,-1039,167,-616,-1252,-4143,0,0
641,-1086,231,-843,-1375,-4032,0,0
722,-1028,304,-950,-1454,-3567,0,0
712,-1033,368,-1157,-1381,-3567,0,0
731,-1090,365,-1384,-1311,-3554,0,0
786,-1145,321,-1705,-1300,-3327,0,0
776,-1348,224,-1689,-1438,-3060,0,0
735,-1260,202,-1759,-1541,-2901,0,0
721,-1094,196,-2077,-1667,-2660,0,0
667,-1282,103,-2115,-1915,-2396,0,0
574,-1088,111,-2316,-1951,-2449,0,0
553,-1122,101,-2314,-1941,-2279,0,0
527,-1070,120,-2379,-2027,-1999,0,0
450,-884,137,-2858,-2056,-2192,0,0
424,-970,78,-3074,-2131,-2167,0,0
368,-982,66,-2985,-2266,-1801,0,0
273,-905,126,-2981,-2342,-1583,0,0
223,-840,181,-3098,-2087,-1578,0,0
217,-758,139,-3258,-2101,-1355,0,0
171,-775,88,-3173,-2250,-1165,0,0
143,-704,111,-3305,-2257,-1094,0,0
139,-469,85,-3434,-2248,-980,0,0
105,-2544,68,-3331,-2309,-863,0,0
110,-379,105,-3495,-2232,-831,0,0
148,-194,74,-3592,-2308,-773,0,0
126,-93,113,-3555,-2297,-774,0,0
129,44,185,-3628,-2219,-948,0,0
185,-188,150,-3713,-2119,-785,0,0
163,-204,96,-3666,-2083,-747,0,0
112,-165,85,-3666,-2059,-784,0,0
43,-158,65,-3687,-2057,-685,0,0
-22,-121,50,-3713,-2078,-652,0,0
-49,-103,21,-3616,-2078,-567,0,0
-56,23,8,-3623,-2124,-651,0,0
-61,132,-15,-3633,-2011,-744,0,0
-95,135,-50,-3714,-2028,-762,0,0
-120,170,-86,-3594,-2146,-738,0,0
-121,265,-71,-3639,-2193,-818,0,0
-121,289,-45,-3672,-2150,-796,0,0
-145,432,-41,-3567,-2110,-806,0,0
-173,776,-24,-3548,-2039,-935,0,0
-242,1104,-12,-3445,-1908,-897,0,0
-358,1116,-96,-3346,-1846,-984,0,0
-466,933,-220,-3284,-1826,-1210,0,0
-559,1044,-266,-3162,-1943,-1335,0,0
-624,1009,-322,-3085,-1943,-1394,0,0
-730,896,-378,-2819,-1971,-1482,0,0
-800,592,-408,-2552,-1913,-1991,0,0
-778,787,-310,-2031,-1849,-2234,0,0
-752,1523,-113,-2103,-1820,-2372,0,0
-703,1694,-96,-2205,-1800,-2768,0,0
-617,1435,-236,-1773,-1730,-3170,0,0
-513,1429,-239,-1682,-1611,-3206,0,0
-531,1347,-240,-1495,-1809,-3576,0,0
-523,1235,-216,-1315,-1471,-3833,0,0
-559,1046,-149,-1184,-1597,-3813,0,0
-574,974,-183,-1031,-1422,-4094,0,0
-529,881,-183,-861,-1495,-3806,0,0
-573,817,-165,-550,-1607,-3897,0,0
-598,1012,-28,-728,-1200,-4050,0,0
-648,735,-51,-598,-1034,-4073,0,0
-630,587,-184,-75,-972,-4112,0,0
-612,673,-139,-51,-1011,-4156,0,0
-615,702,-152,-122,-830,-4512,0,0
-562,683,-154,-219,-801,-4695,0,0
-466,504,-160,-137,-746,-4595,0,0
-380,328,-181,91,-618,-4481,0,0
-361,313,-136,257,-568,-4354,0,0
-351,440,-101,322,-472,-4285,0,0
-332,449,-106,299,-463,-4271,0,0
-299,461,-127,376,-510,-4280,0,0
-272,522,-92,399,-502,-4371,0,0
-242,473,-17,487,-482,-4442,0,0
-201,400,42,689,-365,-4354,0,0
-122,409,53,827,-301,-4324,0,0
30,402,1,836,-455,-4242,0,0
44,431,-3,736,-288,-4460,0,0
-18,230,4,408,-59,-4723,0,0
-43,-92,-137,881,-297,-4229,0,0
-131,26,-47,938,-387,-4088,0,0
-139,103,11,888,-298,-4116,0,0
-82,14,-12,1010,-364,-3933,0,0
-65,142,23,802,-279,-4018,0,0
-43,130,19,706,-346,-4191,0,0
2,31,26,906,-376,-3959,0,0
-34,60,132,884,-269,-3908,0,0
-47,58,158,893,-144,-4005,0,0
-32,56,114,964,-86,-3877,0,0
-61,80,68,1027,-167,-3790,0,0
-89,105,61,958,-183,-3949,0,0
-74,67,36,869,-112,-3945,0,0
-86,18,2,989,-164,-3961,0,0
-83,38,21,977,-178,-3882,0,0
-21,27,25,855,-253,-3960,0,0
101,-29,-31,1044,-341,-3930,0,0
129,49,54,1100,-318,-4046,0,0
97,123,147,903,-161,-4265,0,0
78,-35,107,1065,-76,-4163,0,0
46,-51,79,1208,-151,-3992,0,0
21,17,48,1077,-199,-3990,0,0
23,-12,-15,1030,-228,-3974,0,0
8,-48,-41,1040,-288,-3975,0,0
17,-49,-24,1015,-323,-4011,0,0
48,-49,-11,986,-341,-4005,0,0
67,-48,-1,990,-346,-4159,0,0
90,-74,13,1025,-347,-4323,0,0
116,-126,11,1012,-373,-4472,0,0
173,-193,-10,1010,-436,-4684,0,0
240,-286,-14,926,-434,-4834,0,0
291,-451,-31,799,-469,-4943,0,0
373,-617,-85,853,-567,-4888,0,0
405,-748,-84,780,-537,-4954,0,0
435,-873,-32,616,-544,-4796,0,0
428,-950,24,399,-727,-4486,0,0
398,-965,57,174,-803,-4585,0,0
469,-1027,75,22,-944,-4408,0,0
556,-1084,106,-104,-1127,-4243,0,0
669,-1102,188,-388,-1272,-4176,0,0
791,-1197,261,-584,-1213,-4110,0,0
851,-1279,316,-706,-1066,-4095,0,0
874,-1220,342,-808,-1203,-3790,0,0
857,-1210,391,-991,-1513,-3539,0,0
874,-1202,420,-1214,-1511,-3459,0,0
880,-1291,425,-1469,-1475,-3181,0,0
823,-1465,415,-1579,-1488,-2878,0,0
723,-1459,388,-1825,-1398,-2941,0,0
654,-1466,320,-2013,-1563,-2505,0,0
580,-1415,252,-2243,-1746,-2215,0,0
609,-1254,212,-2644,-1866,-2029,0,0
637,-1174,179,-2765,-1972,-1828,0,0
655,-1021,190,-2946,-2001,-1776,0,0
635,-908,211,-3170,-1910,-1598,0,0
554,-923,181,-3081,-1977,-1565,0,0
489,-823,148,-3148,-1907,-1478,0,0
367,-710,156,-3349,-2011,-1338,0,0
188,-680,134,-3346,-2024,-1357,0,0
36,-561,143,-3393,-2145,-1190,0,0
-75,-541,178,-3546,-2194,-1092,0,0
-52,-554,136,-3397,-1977,-1156,0,0
31,-466,84,-3417,-1970,-1085,0,0
96,-428,38,-3492,-2037,-802,0,0
128,-360,-10,-3563,-2144,-788,0,0
185,-254,-28,-3607,-2077,-798,0,0
207,-245,-53,-3540,-2065,-584,0,0
206,-215,-90,-3773,-2127,-614,0,0
194,-171,-130,-3722,-2203,-606,0,0
123,-144,-73,-3599,-2246,-480,0,0
66,-5,-21,-3686,-2141,-594,0,0
87,2,-73,-3698,-2148,-612,0,0
76,70,-76,-3621,-2245,-531,0,0
31,212,-26,-3655,-2274,-669,0,0
24,179,-22,-3615,-2217,-805,0,0
32,162,-65,-3559,-2110,-801,0,0
-14,212,-105,-3514,-2140,-802,0,0
-81,236,-108,-3562,-2239,-820,0,0
-116,261,-119,-3570,-2278,-843,0,0
-123,315,-126,-3495,-2224,-904,0,0
-132,401,-136,-3440,-2220,-870,0,0
-159,522,-151,-3442,-2256,-1036,0,0
-183,574,-166,-3392,-2242,-965,0,0
-305,837,-173,-3010,-2183,-697,0,0
-577,1399,-141,-2663,-2031,-867,0,0
-804,1586,-152,-2862,-2068,-1737,0,0
-752,1529,-213,-3151,-2138,-2046,0,0
-685,1563,-330,-2717,-2201,-1764,0,0
-780,1571,-255,-2361,-2164,-2239,0,0
-699,1455,-193,-2341,-2105,-2736,0,0
-545,1205,-260,-2141,-2103,-2550,0,0
-511,1125,-288,-1699,-1973,-2550,0,0
-542,1206,-287,-1358,-1800,-2893,0,0
-583,1217,-248,-1354,-1660,-3350,0,0
-606,1036,-231,-1465,-1575,-3511,0,0
-666,666,-348,-1099,-1607,-3613,0,0
-700,736,-336,-819,-1506,-3787,0,0
-709,737,-292,-691,-1574,-3672,0,0
-747,815,-242,-566,-1421,-3935,0,0
-743,886,-90,-510,-1261,-4199,0,0
-721,747,-97,-545,-1210,-3996,0,0
-744,845,-135,-607,-1336,-4110,0,0
-719,706,-109,-299,-1376,-4295,0,0
-642,694,-72,-49,-1059,-4337,0,0
-610,789,2,-132,-783,-4523,0,0
-523,529,-52,-23,-781,-4558,0,0
-426,396,-95,234,-799,-4533,0,0
-360,468,-51,230,-677,-4585,0,0
-306,335,-81,123,-574,-4733,0,0
-278,125,-118,472,-694,-4598,0,0
-308,305,-17,459,-597,-4539,0,0
-314,393,23,131,-456,-4787,0,0
-229,225,-56,473,-587,-4534,0,0
-182,311,-16,368,-415,-4577,0,0
-118,227,-30,340,-410,-4513,0,0
-48,111,-86,529,-528,-4339,0,0
3,199,-17,365,-421,-4302,0,0
45,64,-16,538,-440,-4140,0,0
35,21,21,504,-390,-4024,0,0
-8,33,58,476,-352,-4000,0,0
-18,4,60,587,-375,-3906,0,0
-11,31,60,547,-352,-3838,0,0
-32,57,84,645,-272,-3911,0,0
-54,103,91,581,-136,-3954,0,0
-62,101,-4,652,-150,-3861,0,0
-58,113,-84,781,-277,-3885,0,0
-1,194,-62,625,-335,-4048,0,0
43,159,-2096,548,-330,-4133,0,0
24,140,-14,668,-384,-4118,0,0
-8,133,43,787,-310,-4229,0,0
-9,125,58,758,-203,-4329,0,0
29,4,-13,772,-236,-4178,0,0
44,-58,-75,922,-318,-4046,0,0
15,62,-34,698,-298,-4088,0,0
8,54,-34,750,-405,-4039,0,0
-2,69,-5,816,-487,-3908,0,0
-33,103,48,690,-290,-4017,0,0
-15,2,40,714,-122,-3994,0,0
10,-49,-56,938,-220,-3825,0,0
-31,50,-91,803,-341,-4002,0,0
-23,32,-98,725,-446,-4169,0,0
1,-26,-83,737,-496,-4077,0,0
5,-46,-29,852,-470,-4168,0,0
34,-39,7,791,-342,-4222,0,0
73,-111,-30,858,-353,-4259,0,0
96,-142,-50,858,-440,-4238,0,0
104,-134,-16,795,-487,-4397,0,0
123,-174,8,720,-467,-4518,0,0
128,-195,24,701,-479,-4635,0,0
95,-230,67,565,-529,-4893,0,0
143,-404,95,569,-634,-5009,0,0
276,-580,112,568,-621,-4900,0,0
394,-699,126,520,-628,-4937,0,0
474,-824,130,381,-641,-4844,0,0
511,-905,140,156,-673,-4784,0,0
567,-1021,111,95,-813,-4560,0,0
640,-1082,92,-79,-988,-4236,0,0
724,-1092,135,-496,-1136,-4194,0,0
759,-1219,235,-698,-1280,-4047,0,0
774,-1308,285,-725,-1402,-3924,0,0
800,-1354,297,-864,-1295,-3912,0,0
778,-1359,383,-1169,-1245,-3759,0,0
746,-1360,341,-1141,-1418,-3463,0,0
768,-1275,305,-1270,-1431,-3352,0,0
809,-1229,306,-1750,-1463,-2880,0,0
778,-1235,251,-1879,-1606,-2813,0,0
790,-1215,230,-2165,-1658,-2754,0,0
807,-1280,182,-2390,-1880,-2469,0,0
743,-1276,146,-2354,-2076,-2389,0,0
606,-1215,255,-2875,-1934,-2398,0,0
498,-1347,236,-2976,-1901,-1851,0,0
383,-1362,203,-2556,-1849,-1465,0,0
342,-1067,279,-2804,-1817,-1109,0,0
326,-876,222,-3148,-1886,-1068,0,0
352,-768,110,-3113,-1870,-1244,0,0
357,-676,80,-3384,-2064,-1092,0,0
301,-677,64,-3629,-2095,-1168,0,0
299,-698,16,-3398,-2054,-985,0,0
271,-653,6,-3428,-2062,-843,0,0
240,-603,-1,-3574,-2021,-662,0,0
168,-579,-39,-3538,-2023,-602,0,0
123,-531,-74,-3544,-2121,-503,0,0
90,-494,-92,-3597,-2173,-288,0,0
29,-419,-96,-3641,-2230,-235,0,0
-6,-320,-108,-3684,-2284,-211,0,0
-16,-245,-98,-3597,-2294,-150,0,0
-20,-122,-60,-3626,-2278,-102,0,0
-10,-8,-75,-3721,-2329,-202,0,0
13,33,-90,-3726,-2355,-316,0,0
7,99,-45,-3671,-2380,-271,0,0
-3,173,-33,-3579,-2342,-398,0,0
9,239,-47,-3567,-2282,-386,0,0
-30,341,-62,-3564,-2253,-393,0,0
-73,429,-75,-3486,-2262,-447,0,0
-86,589,-84,-3394,-2248,-437,0,0
-114,711,-152,-3396,-2321,-672,0,0
-121,866,-170,-3525,-2416,-870,0,0
-159,948,-155,-3495,-2345,-875,0,0
-286,940,-180,-3237,-2201,-949,0,0
-395,892,-196,-3075,-2273,-996,0,0
-454,976,-213,-3163,-2403,-1338,0,0
-493,1022,-222,-2941,-2389,-1274,0,0
-620,1018,-186,-2609,-2204,-1487,0,0
-681,1150,-157,-2540,-2077,-1829,0,0
-709,1136,-170,-2383,-2172,-1799,0,0
-741,1203,-197,-2154,-1959,-2138,0,0
-798,1304,-145,-1921,-1977,-2115,0,0
-864,1397,-156,-1932,-1890,-2888,0,0
-755,1409,-215,-1569,-1774,-2629,0,0
-877,1385,-260,-1332,-1839,-3102,0,0
-831,1517,-226,-1422,-1670,-3643,0,0
-809,1244,-179,-1290,-1664,-3447,0,0
-851,1160,-264,-740,-1498,-3895,0,0
-867,1095,-152,-593,-1407,-3550,0,0
-1000,1114,-75,-573,-1236,-3823,0,0
-961,1263,-113,-316,-1078,-4340,0,0
-828,1191,-93,-375,-976,-4386,0,0
-724,1005,-160,-194,-841,-4746,0,0
-606,765,-221,62,-813,-4704,0,0
-562,729,-184,147,-681,-4536,0,0
-553,619,-163,390,-706,-4605,0,0
-469,651,-176,513,-617,-4671,0,0
-389,692,-138,517,-543,-4752,0,0
-336,594,-116,561,-487,-4909,0,0
-269,497,-127,686,-467,-4735,0,0
-239,465,-88,753,-518,-4655,0,0
-187,428,-21,586,-339,-5005,0,0
-30,258,-82,680,-385,-4831,0,0
42,192,-98,874,-593,-4456,0,0
-7,110,8,685,-421,-4486,0,0
-15,-64,45,689,-293,-4092,0,0
-60,-170,26,1042,-360,-3657,0,0
-66,28,53,937,-350,-3629,0,0
13,70,-7,826,-322,-3676,0,0
79,97,-17,785,-377,-3729,0,0
85,187,33,793,-406,-3852,0,0
68,128,43,887,-275,-4002,0,0
11,78,20,935,-164,-4023,0,0
-52,48,-33,1103,-196,-3929,0,0
-70,145,-68,1116,-300,-3894,0,0
-59,188,-94,1023,-470,-4150,0,0
1,119,-59,890,-507,-4211,0,0
20,45,-33,1032,-385,-4212,0,0
8,33,7,1030,-368,-4049,0,0
-22,5,-4,1119,-309,-4093,0,0
-35,-37,-39,1115,-236,-4168,0,0
-135,-76,-46,1107,-254,-3975,0,0
-227,-88,-24,1018,-314,-3961,0,0
-186,-111,-43,992,-349,-3722,0,0
-100,-60,-37,1049,-391,-3628,0,0
0,33,-7,890,-344,-3699,0,0
63,36,0,916,-339,-3928,0,0
65,34,39,995,-280,-3970,0,0
17,71,82,1034,-210,-4033,0,0
-10,59,61,1046,-241,-4095,0,0
-23,33,36,977,-299,-4054,0,0
-55,-22,45,983,-306,-4076,0,0
-69,-29,66,1066,-268,-4032,0,0
-48,-61,65,1033,-202,-4142,0,0
42,-92,26,1009,-194,-4128,0,0
88,-124,15,1025,-224,-4133,0,0
69,-149,14,969,-171,-4411,0,0
109,-201,-32,1026,-208,-4537,0,0
177,-198,-19,953,-394,-4577,0,0
260,-244,-3,868,-479,-4749,0,0
337,-374,11,821,-470,-4782,0,0
388,-511,58,772,-482,-4900,0,0
427,-707,111,714,-612,-4644,0,0
416,-788,153,531,-572,-4649,0,0
459,-854,126,491,-680,-4422,0,0
475,-884,117,404,-842,-4323,0,0
543,-842,150,137,-851,-4394,0,0
645,-896,155,-14,-1039,-4209,0,0
726,-930,189,-219,-1243,-4172,0,0
847,-1032,259,-531,-1295,-4123,0,0
943,-1155,306,-537,-1405,-4007,0,0
954,-1093,414,-756,-1377,-3857,0,0
934,-1216,408,-897,-1446,-3776,0,0
934,-1215,404,-1150,-1603,-3639,0,0
950,-1204,438,-1514,-1813,-3482,0,0
960,-1309,457,-1645,-1883,-3226,0,0
919,-1264,488,-1753,-1921,-2975,0,0
824,-1270,517,-2044,-1877,-2841,0,0
784,-1292,471,-2134,-1942,-2502,0,0
721,-1256,439,-2112,-1887,-2163,0,0
627,-1116,401,-2375,-1735,-1926,0,0
553,-1055,307,-2555,-1856,-1893,0,0
552,-988,186,-2775,-2044,-1928,0,0
569,-904,126,-2982,-2048,-1736,0,0
521,-884,126,-3027,-2060,-1517,0,0
434,-818,129,-3112,-2160,-1285,0,0
372,-759,101,-3215,-2244,-1186,0,0
306,-711,119,-3247,-2240,-953,0,0
201,-648,106,-3338,-2188,-949,0,0
142,-588,69,-3401,-2260,-876,0,0
96,-524,53,-3465,-2327,-847,0,0
79,-454,47,-3537,-2448,-730,0,0
40,-330,98,-3508,-2500,-672,0,0
31,-315,97,-3347,-2354,-718,0,0
73,-198,36,-3404,-2288,-754,0,0
86,-140,21,-3501,-2343,-728,0,0
52,-144,57,-3481,-2311,-770,0,0
71,-105,12,-3646,-2301,-792,0,0
79,-95,-16,-3607,-2355,-608,0,0
22,-25,29,-3542,-2353,-627,0,0
14,44,16,-3578,-2277,-749,0,0
10,33,-3,-3575,-2248,-699,0,0
-23,40,-16,-3547,-2276,-689,0,0
-39,76,-49,-3617,-2295,-666,0,0
-61,109,-73,-3579,-2330,-686,0,0
-108,145,-64,-3519,-2258,-692,0,0
-163,203,-93,-3544,-2182,-725,0,0
-229,244,-151,-3414,-2170,-736,0,0
-284,354,-188,-3366,-2216,-680,0,0
-390,656,-214,-3248,-2235,-518,0,0
-551,893,-176,-3224,-2124,-850,0,0
-630,892,-262,-3316,-2033,-975,0,0
-755,1028,-338,-2953,-2018,-950,0,0
-906,1190,-352,-2823,-2018,-1625,0,0
-890,1386,-395,-2769,-2095,-1737,0,0
-1019,1138,-429,-2471,-2151,-1873,0,0
-1142,1173,-379,-2233,-2014,-2487,0,0
-1109,1176,-339,-1950,-2220,-2463,0,0
-1082,1184,-298,-1770,-2123,-2866,0,0
-987,1237,-214,-1760,-2098,-3272,0,0
-832,1170,-236,-1792,-2028,-3752,0,0
-674,960,-187,-1779,-1963,-3535,0,0
-674,774,-159,-1435,-1690,-3780,0,0
-624,729,-87,-1406,-1489,-3520,0,0
-637,687,-86,-1076,-1629,-3434,0,0
-601,809,-58,-982,-1411,-3760,0,0
-532,811,14,-1067,-1511,-3747,0,0
-540,849,37,-875,-1290,-3896,0,0
-549,873,93,-641,-1089,-4008,0,0
-539,775,99,-461,-908,-4041,0,0
-538,841,85,-405,-764,-4116,0,0
-519,785,25,-191,-866,-4061,0,0
-473,1020,9,94,-858,-4146,0,0
-413,1158,58,119,-661,-4636,0,0
-318,925,-28,216,-589,-4970,0,0
-286,693,-54,158,-520,-4880,0,0
-353,414,-78,200,-554,-4713,0,0
-382,342,-94,461,-575,-4574,0,0
-391,364,1,467,-535,-4459,0,0
-341,255,0,491,-431,-4613,0,0
-186,256,-37,554,-389,-4431,0,0
-80,237,-4,745,-570,-4235,0,0
-55,238,33,640,-395,-4326,0,0
-96,173,41,553,-196,-4341,0,0
-134,49,-1,818,-285,-4147,0,0
-112,154,-10,845,-320,-4015,0,0
-105,250,30,643,-309,-4117,0,0
-112,155,46,616,-363,-4118,0,0
-109,67,50,812,-355,-3988,0,0
-127,85,95,827,-250,-3924,0,0
-122,83,71,917,-308,-3880,0,0
-108,64,53,867,-193,-3877,0,0
-78,52,41,749,-103,-3968,0,0
-18,106,-13,1047,-147,-3953,0,0
-15,158,28,857,-43,-4128,0,0
-11,158,20,795,-124,-4189,0,0
-24,138,3,984,-326,-4109,0,0
-49,92,37,984,-261,-4282,0,0
-8,66,28,964,-178,-4229,0,0
-7,36,13,1030,-167,-4064,0,0
-52,-28,3,1033,-107,-3851,0,0
-108,-37,-30,1016,-70,-3867,0,0
-108,0,-62,942,-92,-3927,0,0
-84,-16,-92,945,-239,-3677,0,0
-88,-25,-61,878,-327,-3792,0,0
-31,34,-18,873,-270,-3893,0,0
51,69,25,949,-315,-3843,0,0
127,67,79,989,-324,-3922,0,0
177,62,107,955,-90,-4261,0,0
171,26,56,1013,-62,-4312,0,0
106,-12,2,1091,-159,-4228,0,0
33,-43,-11,948,-195,-4218,0,0
22,-85,-42,932,-297,-4086,0,0
7,-82,-25,814,-270,-3881,0,0
-33,-104,-5,874,-227,-3842,0,0
-18,-85,2,885,-249,-3688,0,0
-4,-31,6,847,-293,-3705,0,0
31,0,-4,865,-256,-3849,0,0
52,44,-2,885,-248,-3844,0,0
13,26,10,876,-166,-3952,0,0
-20,-44,-28,902,-97,-4037,0,0
-25,-93,-94,1025,-206,-4072,0,0
-32,-13,-84,970,-237,-4002,0,0
-99,32,-16,881,-333,-4020,0,0
-91,21,4,985,-330,-4230,0,0
-14,-15,26,886,-219,-4259,0,0
42,-98,21,992,-259,-4120,0,0
67,-96,14,1078,-245,-4384,0,0
150,-177,-10,940,-290,-4679,0,0
252,-300,-52,983,-452,-4825,0,0
301,-346,23,838,-452,-4935,0,0
348,-507,86,773,-404,-4945,0,0
387,-726,90,618,-413,-4748,0,0
412,-808,62,670,-595,-4665,0,0
407,-761,93,470,-624,-4435,0,0
281,-865,134,233,-607,-4335,0,0
231,-873,153,154,-669,-4392,0,0
327,-928,130,-146,-762,-4321,0,0
446,-1010,95,-220,-900,-4196,0,0
546,-985,170,-519,-864,-4294,0,0
690,-1077,183,-747,-934,-4155,0,0
842,-1177,164,-854,-1120,-3743,0,0
1035,-1128,197,-1004,-1204,-3672,0,0
1224,-1122,241,-927,-1311,-3553,0,0
1202,-1017,349,-1329,-1348,-3904,0,0
1187,-1093,253,-1553,-1454,-3896,0,0
1085,-1195,207,-1443,-1733,-3382,0,0
886,-1188,295,-1830,-1804,-3379,0,0
826,-1295,247,-1990,-1842,-3068,0,0
791,-1354,233,-2125,-1957,-2683,0,0
784,-1329,250,-2342,-2022,-2263,0,0
710,-1324,235,-2454,-2048,-1835,0,0
548,-1218,219,-2658,-1993,-1921,0,0
445,-1249,190,-2743,-2111,-1615,0,0
269,-1223,208,-2890,-2299,-1376,0,0
180,-1061,223,-3044,-2275,-1493,0,0
244,-1053,183,-3041,-2291,-1126,0,0
250,-982,186,-3239,-2286,-1055,0,0
263,-904,145,-3396,-2168,-977,0,0
233,-880,133,-3335,-2186,-728,0,0
161,-773,136,-3484,-2101,-753,0,0
127,-709,68,-3380,-2066,-571,0,0
70,-627,55,-3386,-2187,-496,0,0
74,-562,29,-3540,-2198,-472,0,0
69,-602,22,-3598,-2246,-278,0,0
34,-413,97,-3708,-2276,-233,0,0
88,-334,99,-3867,-2208,-88,0,0
140,-485,5,-3638,-2149,66,0,0
145,-370,-20,-3443,-2177,155,0,0
152,-147,23,-3681,-2196,131,0,0
173,-121,6,-3690,-2147,-15,0,0
194,-88,-42,-3677,-2180,48,0,0
153,-2,-46,-3705,-2270,47,0,0
110,25,-14,-3760,-2302,-81,0,0
95,88,-14,-3688,-2269,27,0,0
44,158,-18,-3703,-2173,-25,0,0
-17,194,-61,-3682,-2236,-91,0,0
-79,276,-75,-3644,-2246,-77,0,0
-159,376,-93,-3554,-2173,-67,0,0
-254,563,-78,-3579,-2255,-45,0,0
-333,951,-32,-3581,-2362,-148,0,0
-378,1060,-26,-3597,-2227,-421,0,0
-432,1151,-52,-3437,-2003,-288,0,0
-549,1527,-68,-3141,-1970,-479,0,0
-592,1295,-186,-3320,-2003,-702,0,0
-640,1287,-284,-3121,-2008,-998,0,0
-692,1337,-307,-2957,-1912,-1348,0,0
-717,1375,-363,-2648,-1849,-1440,0,0
-817,1388,-388,-2239,-1924,-1768,0,0
-817,1503,-345,-2094,-1931,-2055,0,0
-790,1547,-358,-1781,-2011,-2170,0,0
-779,1601,-383,-1522,-1730,-2861,0,0
-719,1818,-302,-1343,-1633,-2830,0,0
-772,1671,-334,-1352,-1721,-3748,0,0
-615,1376,-421,-1126,-1696,-3695,0,0
-664,1109,-466,-487,-1918,-3521,0,0
-782,1353,-339,-470,-1634,-4297,0,0
-758,1177,-259,-713,-1552,-4448,0,0
-781,857,-411,-477,-1508,-4519,0,0
-867,857,-356,-409,-1608,-4469,0,0
-937,749,-230,-204,-1389,-4349,0,0
-892,786,-147,-115,-1099,-4165,0,0
-843,762,-122,-9,-1003,-3999,0,0
-787,723,-102,268,-934,-4196,0,0
-685,819,-5,326,-772,-4462,0,0
-582,685,34,566,-649,-4524,0,0
-456,527,21,1136,-603,-4389,0,0
-321,601,69,845,-283,-4662,0,0
-142,519,-67,704,-368,-4745,0,0
-145,450,-126,719,-494,-4872,0,0
-270,353,35,553,-313,-5024,0,0
-355,188,128,901,-362,-4867,0,0
-344,111,120,1055,-290,-6584,0,0
-298,31,140,1056,-185,-4354,0,0
-269,20,138,925,-15,-4236,0,0
-173,-44,67,940,-176,-4091,0,0
-71,-10,34,844,-150,-3917,0,0
-9,37,79,695,-184,-3808,0,0
19,12,96,784,-66,-3893,0,0
24,30,115,716,-74,-3798,0,0
14,-2,97,879,-98,-3835,0,0
34,14,54,863,-9,-3810,0,0
66,12,-48,800,-28,-3944,0,0
96,-23,-123,921,-196,-3772,0,0
17,47,-54,955,-116,-3879,0,0
-31,100,-40,817,-54,-4108,0,0
-11,66,-108,939,-192,-3952,0,0
-7,74,-71,930,-192,-4091,0,0
51,2,-89,986,-182,-4081,0,0
70,34,-96,974,-222,-4152,0,0
84,94,-39,961,-222,-4193,0,0
79,34,-18,915,-149,-4167,0,0
80,-50,-70,979,-218,-4042,0,0
70,-28,-75,1039,-312,-3977,0,0
32,2,-44,862,-228,-4097,0,0
1,-63,-47,766,-296,-3924,0,0
-28,-83,-33,868,-406,-3848,0,0
-22,-26,14,801,-369,-3972,0,0
0,-58,40,840,-333,-4024,0,0
10,-98,82,849,-161,-3955,0,0
-18,-54,87,842,-211,-3854,0,0
-33,-9,74,911,-307,-4030,0,0
-13,-33,95,778,-141,-4080,0,0
-30,-45,69,875,-186,-3909,0,0
-61,5,74,949,-184,-3967,0,0
-20,6,59,836,-186,-3940,0,0
56,21,19,1013,-199,-3797,0,0
115,152,31,902,-241,-3861,0,0
158,138,-14,835,-270,-4189,0,0
170,43,-27,806,-314,-4352,0,0
153,-65,-25,970,-418,-4286,0,0
129,-113,-4,1035,-365,-4302,0,0
140,-146,-44,1023,-334,-4446,0,0
186,-190,-79,953,-485,-4407,0,0
191,-209,-56,798,-545,-4667,0,0
225,-379,-20,770,-564,-4774,0,0
303,-521,-3,936,-760,-4529,0,0
303,-444,81,677,-712,-4753,0,0
361,-598,121,446,-575,-5118,0,0
482,-863,76,573,-690,-4824,0,0
533,-966,75,499,-732,-4643,0,0
590,-975,47,292,-712,-4455,0,0
552,-996,7,122,-945,-4240,0,0
482,-1024,53,-334,-1246,-4373,0,0
551,-1136,120,-586,-1429,-4283,0,0
695,-1192,206,-484,-1519,-3950,0,0
849,-1114,319,-789,-1401,-3731,0,0
912,-1046,388,-994,-1380,-3468,0,0
923,-995,404,-993,-1506,-3460,0,0
956,-1032,440,-1277,-1466,-3264,0,0
931,-1261,389,-1494,-1527,-3270,0,0
928,-1159,391,-1680,-1908,-3101,0,0
911,-1129,487,-1995,-1989,-3047,0,0
876,-1304,491,-2265,-1800,-3087,0,0
811,-1308,512,-2412,-1824,-2690,0,0
733,-1370,529,-2361,-1992,-2256,0,0
713,-1350,484,-2485,-1899,-1908,0,0
695,-1309,404,-2846,-1919,-1702,0,0
690,-1384,280,-2860,-2048,-1458,0,0
675,-1209,265,-2871,-2108,-1106,0,0
555,-982,302,-3205,-2028,-1039,0,0
435,-833,242,-3223,-1908,-1215,0,0
378,-868,154,-3215,-1904,-948,0,0
274,-758,96,-3435,-1997,-841,0,0
172,-628,51,-3502,-2093,-879,0,0
111,-598,65,-3661,-2259,-783,0,0
104,-673,25,-3760,-2176,-722,0,0
58,-741,-44,-3508,-2168,-430,0,0
-24,-630,11,-3435,-2271,-226,0,0
-40,-526,33,-3615,-2216,-137,0,0
-31,-449,-32,-3587,-2169,116,0,0
-59,-326,-60,-3540,-2232,168,0,0
-24,-158,-49,-3533,-2340,139,0,0
31,48,-23,-3532,-2364,296,0,0
-29,276,44,-3613,-2269,84,0,0
-30,360,43,-3854,-2285,-346,0,0
42,325,-78,-3862,-2193,-428,0,0
-53,334,-96,-3766,-2168,-425,0,0
-226,409,-31,-3668,-2120,-576,0,0
-266,440,-76,-3595,-2167,-570,0,0
-263,518,-158,-3503,-2251,-484,0,0
-290,792,-166,-3432,-2247,-552,0,0
-289,1012,-180,-3384,-2317,-806,0,0
-294,890,-184,-3522,-2329,-797,0,0
-421,875,-191,-3630,-2182,-952,0,0
-545,741,-293,-3284,-2108,-1143,0,0
-652,825,-274,-3083,-2225,-1188,0,0
-777,956,-282,-3012,-2157,-1439,0,0
-872,945,-306,-2737,-1935,-1854,0,0
-1035,852,-301,-2727,-1847,-2227,0,0
-1217,788,-279,-2803,-1884,-2288,0,0
-1334,625,-282,-2649,-2025,-1983,0,0
-1352,855,-201,-2093,-2089,-1946,0,0
-1267,1102,-15,-1901,-1908,-2470,0,0
-1111,1265,74,-2071,-1511,-3146,0,0
-937,1050,50,-1954,-1390,-3330,0,0
-888,875,-70,-1538,-1230,-3650,0,0
-774,797,-97,-1449,-1222,-3526,0,0
-700,741,-63,-1326,-1356,-3275,0,0
-722,1053,111,-1318,-946,-3763,0,0
-604,982,216,-1319,-836,-3917,0,0
-482,937,70,-1102,-857,-3629,0,0
-540,1100,94,-901,-904,-3862,0,0
-543,1054,163,-755,-734,-4243,0,0
-484,1026,144,-685,-520,-4330,0,0
-534,1045,185,-412,-508,-4311,0,0
-677,938,221,-545,-217,-4744,0,0
-709,757,161,-411,-155,-4708,0,0
-721,547,164,79,-269,-4326,0,0
-726,645,204,197,39,-4610,0,0
-607,589,165,10,376,-4898,0,0
-446,407,43,153,302,-4792,0,0
-349,436,15,213,276,-4666,0,0
-303,353,38,148,381,-4500,0,0
-237,270,-28,400,330,-4328,0,0
-199,388,-14,376,313,-4575,0,0
-131,369,23,104,348,-4665,0,0
-58,201,-36,271,254,-4379,0,0
-81,126,12,308,256,-4087,0,0
-104,41,23,512,343,-4045,0,0
-90,47,11,623,394,-3886,0,0
-90,136,34,494,453,-3882,0,0
-55,106,-45,517,362,-4007,0,0
-6,84,-35,545,277,-3880,0,0
-12,141,30,551,395,-3948,0,0
-5,114,33,553,509,-4033,0,0
6,108,-12,730,459,-3991,0,0
-18,163,-9,760,430,-3976,0,0
-39,157,6,697,451,-4043,0,0
-64,182,-8,723,435,-4118,0,0
-84,164,7,649,419,-4221,0,0
-51,46,-28,759,341,-4087,0,0
-36,55,2,716,369,-3908,0,0
-47,68,58,709,324,-4002,0,0
26,-15,54,796,312,-4089,0,0
83,6,64,747,433,-3996,0,0
30,-13,57,748,470,-4100,0,0
-8,18,43,784,387,-4045,0,0
-65,116,82,679,335,-3894,0,0
-108,136,104,756,331,-3872,0,0
-74,62,131,908,296,-3806,0,0
23,92,138,853,365,-3754,0,0
68,163,102,862,411,-3878,0,0
51,139,108,861,406,-3991,0,0
45,78,78,947,424,-3992,0,0
24,53,53,951,400,-4014,0,0
-4,31,39,1039,387,-4136,0,0
19,43,41,1025,368,-4139,0,0
35,35,42,915,209,-4187,0,0
85,-71,65,922,248,-4441,0,0
204,-212,100,1061,414,-4184,0,0
265,-198,56,1194,472,-4108,0,0
268,-172,12,1013,440,-4487,0,0
272,-234,-37,842,189,-4509,0,0
264,-350,-22,902,-10,-4724,0,0
319,-494,55,691,49,-4815,0,0
387,-670,62,767,-9,-4782,0,0
448,-741,88,743,55,-4738,0,0
461,-806,74,491,129,-4702,0,0
443,-939,9,293,-23,-4614,0,0
468,-1028,-23,202,-360,-4267,0,0
459,-983,29,17,-427,-4191,0,0
466,-980,81,-262,-346,-4326,0,0
548,-1000,52,-368,-517,-4200,0,0
583,-1015,85,-684,-512,-4261,0,0
630,-1132,56,-886,-594,-4201,0,0
698,-1228,7,-1035,-816,-3888,0,0
782,-1216,45,-1095,-1014,-3622,0,0
837,-1177,116,-1527,-928,-3686,0,0
923,-1490,22,-1818,-973,-3500,0,0
1055,-1612,-125,-1502,-1237,-2931,0,0
1062,-1225,26,-1742,-1432,-2781,0,0
1006,-1077,167,-2345,-1504,-2911,0,0
1017,-1166,114,-2429,-1614,-2823,0,0
996,-1198,132,-2647,-1662,-2666,0,0
976,-1302,111,-2666,-1710,-2309,0,0
950,-1245,83,-2536,-1799,-1946,0,0
896,-1094,105,-2643,-1921,-1724,0,0
831,-1044,74,-2838,-1971,-1552,0,0
750,-902,76,-3051,-2062,-1419,0,0
621,-803,92,-3071,-2197,-1223,0,0
474,-686,117,-3291,-2101,-1314,0,0
350,-660,129,-3443,-2164,-1157,0,0
275,-747,102,-3397,-2203,-1076,0,0
312,-682,27,-3363,-2267,-884,0,0
301,-581,11,-3287,-2384,-633,0,0
244,-476,69,-3370,-2266,-639,0,0
230,-305,53,-3502,-2243,-545,0,0
161,-277,24,-3634,-2326,-686,0,0
160,-320,22,-3659,-2368,-672,0,0
153,-261,28,-3516,-2369,-397,0,0
95,-182,64,-3619,-2305,-438,0,0
95,-151,38,-3678,-2262,-456,0,0
92,-165,-27,-3535,-2252,-326,0,0
47,-66,-24,-3619,-2281,-339,0,0
-24,-12,-23,-3736,-2293,-440,0,0
-83,-22,-25,-3692,-2316,-490,0,0
-112,-27,-34,-3625,-2287,-288,0,0
-184,40,-64,-3656,-2242,-352,0,0
-249,105,-122,-3531,-2245,-316,0,0
-336,243,-111,-3483,-2239,-247,0,0
-442,426,-107,-3564,-2270,-227,0,0
-543,523,-158,-3404,-2267,-261,0,0
-644,772,-131,-3267,-2272,-249,0,0
-732,1041,-103,-3296,-2232,-553,0,0
-766,1044,-177,-3179,-2182,-742,0,0
-825,1092,-179,-2874,-2165,-854,0,0
-912,1303,-101,-2601,-1951,-1309,0,0
-954,1444,-16,-2440,-1884,-1783,0,0
-898,1247,-68,-2515,-1781,-2071,0,0
-837,1084,-88,-2223,-1639,-1773,0,0
-904,1148,16,-1925,-1531,-2336,0,0
-785,1350,61,-1838,-1349,-2690,0,0
-704,1405,-102,-1382,-1559,-3088,0,0
-613,1382,-221,-1377,-1614,-3766,0,0
-543,1406,-221,-1459,-1708,-3858,0,0
-668,1429,-206,-1313,-1440,-4295,0,0
-738,1202,-167,-1550,-1264,-4348,0,0
-798,943,-234,-1308,-1214,-4195,0,0
-876,992,-230,-1084,-1139,-4049,0,0
-906,1035,-143,-751,-1172,-4044,0,0
-806,1009,-107,-662,-787,-4124,0,0
-705,885,-162,-393,-708,-4149,0,0
-612,788,-251,239,-759,-4452,0,0
-477,894,-170,-269,-870,-4842,0,0
-417,802,-187,-118,-900,-5026,0,0
-434,733,-103,76,-605,-4849,0,0
-499,718,9,277,-490,-4781,0,0
-493,524,-13,343,-265,-4953,0,0
-393,508,-40,-4,-133,-5078,0,0
-322,137,-168,-24,-391,-4927,0,0
-261,-207,-242,245,-369,-4744,0,0
-221,-155,-118,377,-329,-4151,0,0
-311,77,54,316,-98,-4172,0,0
-276,183,33,277,-36,-4251,0,0
-156,119,-42,427,-267,-3749,0,0
-131,230,26,328,-266,-3861,0,0
-66,261,68,229,-149,-4026,0,0
-28,134,59,358,-15,-3941,0,0
-31,154,69,432,-22,-3988,0,0
-28,145,38,481,4,-3991,0,0
-13,144,7,596,-45,-4109,0,0
44,202,40,636,-19,-4167,0,0
37,245,76,603,60,-4172,0,0
1,155,48,644,55,-4187,0,0
-26,167,20,779,-100,-4079,0,0
-20,301,80,842,-46,-4199,0,0
17,211,84,759,117,-4044,0,0
-1,89,15,830,128,-4026,0,0
-29,56,-23,833,47,-4073,0,0
-56,82,-1,738,-94,-3924,0,0
-85,69,39,764,-69,-4069,0,0
-45,31,56,845,-50,-3903,0,0
-37,108,60,1093,-162,-3797,0,0
-44,300,135,893,-36,-4187,0,0
14,153,109,670,99,-4340,0,0
6,-83,27,947,17,-4083,0,0
-76,-42,75,924,9,-4068,0,0
-81,-57,77,894,-15,-3970,0,0
-56,-78,38,886,-92,-3856,0,0
-37,-50,23,930,-62,-3959,0,0
31,-40,67,925,107,-4095,0,0
138,-62,53,851,209,-4010,0,0
136,-107,-39,866,120,-4116,0,0
117,-133,-82,806,-45,-4350,0,0
150,-184,-67,910,-198,-4494,0,0
230,-219,-29,814,-157,-4611,0,0
288,-323,-30,742,-91,-4806,0,0
356,-416,-40,674,-238,-4907,0,0
441,-545,-31,566,-360,-4763,0,0
477,-662,50,504,-430,-4911,0,0
551,-798,74,427,-494,-4900,0,0
576,-878,128,365,-514,-4624,0,0
493,-1002,219,128,-530,-4814,0,0
494,-1128,144,-12,-556,-4725,0,0
526,-1173,66,-85,-695,-4423,0,0
601,-1106,71,-419,-868,-4240,0,0
736,-947,21,-781,-924,-4213,0,0
900,-976,46,-673,-1075,-4017,0,0
976,-1104,157,-896,-1327,-3721,0,0
996,-1026,202,-1083,-1400,-3702,0,0
1047,-1073,287,-1187,-1421,-3720,0,0
1109,-1040,323,-1413,-1401,-3449,0,0
1190,-1322,278,-1454,-1810,-3157,0,0
1350,-1527,292,-1634,-2146,-3030,0,0
1434,-1243,481,-1954,-2197,-2578,0,0
1297,-1434,599,-2166,-1989,-2236,0,0
1085,-1582,582,-2320,-1682,-2080,0,0
887,-1399,537,-2432,-1649,-1777,0,0
662,-1390,445,-2658,-1787,-1395,0,0
471,-1341,335,-2816,-1979,-1116,0,0
401,-1188,266,-2918,-2118,-1053,0,0
379,-1060,206,-3128,-2103,-821,0,0
320,-907,161,-3285,-2287,-656,0,0
284,-902,115,-3384,-2280,-684,0,0
281,-850,88,-3475,-2230,-567,0,0
246,-678,120,-3526,-2266,-375,0,0
201,-657,120,-3529,-2240,-218,0,0
153,-585,113,-3648,-2232,-302,0,0
124,-486,87,-3706,-2217,-332,0,0
65,-429,62,-3692,-2178,-198,0,0
-22,-366,69,-3724,-2155,-61,0,0
-94,-286,54,-3701,-2171,-45,0,0
-119,-243,44,-3688,-2221,-1,0,0
-97,-161,21,-3719,-2216,32,0,0
-76,-116,-28,-3588,-2180,70,0,0
-88,9,-17,-3683,-2160,47,0,0
-99,92,-29,-3760,-2194,7,0,0
-120,128,-44,-3639,-2169,40,0,0
-153,218,-31,-3728,-2194,-34,0,0
-161,271,-58,-3676,-2187,-23,0,0
-210,368,-65,-3632,-2144,-13,0,0
-280,508,-81,-3602,-2057,-99,0,0
-364,645,-130,-3490,-2054,-175,0,0
-488,835,-145,-3403,-2054,-209,0,0
-709,1327,-145,-3077,-1904,-343,0,0
-926,1710,-94,-3361,-1861,-3488,0,0
-811,1202,-220,-3566,-2139,-1308,0,0
-771,921,-345,-2770,-2242,-605,0,0
-921,1191,-178,-2429,-2089,-1193,0,0
-889,1361,-119,-2542,-1847,-1785,0,0
-806,1278,-214,-2298,-1946,-1786,0,0
-860,1230,-235,-1987,-1755,-2230,0,0
-932,1371,-81,-1827,-1525,-2667,0,0
-932,1318,-81,-1985,-1350,-3293,0,0
-845,1099,-181,-1706,-1450,-3015,0,0
-903,1058,-111,-1408,-1607,-3090,0,0
-875,1294,-53,-1304,-1314,-3891,0,0
-704,1225,-17,-1338,-1313,-3931,0,0
-670,1264,-103,-1096,-1229,-4149,0,0
-678,1444,-33,-705,-1201,-4252,0,0
-658,1514,87,-978,-881,-4726,0,0
-578,1272,-26,-848,-875,-4586,0,0
-606,1057,-77,-419,-983,-4525,0,0
-599,881,-14,-221,-889,-4632,0,0
-519,779,-23,-89,-652,-4807,0,0
-481,710,-65,-96,-508,-4898,0,0
-495,615,-61,47,-529,-4565,0,0
-525,499,-84,156,-370,-4674,0,0
-480,315,-84,175,-327,-4529,0,0
-447,252,-84,169,-267,-4406,0,0
-370,286,-119,319,-250,-4483,0,0
-232,421,-82,190,-193,-4586,0,0
-144,453,-76,193,-177,-4384,0,0
-128,353,-96,527,-147,-4448,0,0
-53,328,-110,517,-56,-4427,0,0
16,259,-116,513,-141,-4224,0,0
20,173,-123,664,-262,-4233,0,0
-2,184,-55,600,-266,-4130,0,0
-60,162,-6,773,-226,-4112,0,0
-91,82,20,689,-231,-4248,0,0
-35,-14,-6,629,-244,-4118,0,0
-17,-119,-6,685,-162,-3973,0,0
-33,7,34,659,-170,-4120,0,0
24,38,48,553,-257,-4141,0,0
88,-21,43,700,-225,-3913,0,0
25,56,129,784,-90,-4013,0,0
1,75,118,690,29,-4138,0,0
6,59,18,796,-52,-3948,0,0
-65,131,33,618,-171,-4110,0,0
-76,78,23,674,-229,-4107,0,0
-136,101,71,813,-265,-3942,0,0
-242,126,212,595,20,-4127,0,0
-211,-35,122,719,218,-4141,0,0
-113,-100,-55,960,25,-3691,0,0
-145,84,-30,771,-95,-3791,0,0
-144,109,-2,599,-76,-4109,0,0
-67,36,-9,684,-106,-3956,0,0
-35,31,37,751,-44,-4003,0,0
-10,54,58,824,7,-4055,0,0
14,66,45,942,-20,-4065,0,0
19,102,45,746,183,-4201,0,0
-26,32,21,772,152,-4032,0,0
-92,-15,11,905,12,-4017,0,0
-97,-1,34,750,99,-4118,0,0
-72,-50,31,749,74,-3934,0,0
-59,-79,20,923,-8,-3822,0,0
-16,3,31,1037,165,-4018,0,0
55,-12,-51,866,266,-4156,0,0
92,-120,-138,855,-51,-4181,0,0
133,-145,-91,846,-109,-4281,0,0
196,-145,-43,821,51,-4392,0,0
235,-128,-27,876,9,-4527,0,0
270,-171,-3,736,-31,-4886,0,0
341,-365,-37,737,-134,-4843,0,0
373,-448,-30,724,-221,-4708,0,0
377,-494,24,559,-221,-4812,0,0
415,-634,26,465,-247,-4667,0,0
458,-761,-15,500,-317,-4391,0,0
465,-709,17,318,-406,-4287,0,0
459,-756,26,80,-557,-4406,0,0
503,-895,14,-62,-644,-4383,0,0
596,-859,24,-207,-582,-4332,0,0
690,-947,-54,-177,-550,-4423,0,0
787,-1052,-133,-358,-769,-4447,0,0
876,-1013,-146,-724,-1253,-4063,0,0
875,-851,-30,-807,-1442,-4151,0,0
895,-886,214,-1017,-1349,-4337,0,0
1017,-1232,303,-1287,-1510,-3757,0,0
1077,-1432,306,-1281,-1629,-3199,0,0
1001,-1305,418,-1444,-1528,-3074,0,0
883,-1356,391,-1772,-1656,-2997,0,0
817,-1391,329,-1770,-1887,-2845,0,0
794,-1244,385,-2031,-1808,-2637,0,0
745,-1160,386,-2557,-1811,-2331,0,0
707,-1204,298,-2636,-1880,-2075,0,0
689,-1214,272,-2335,-1963,-1771,0,0
651,-1015,367,-2790,-1956,-1519,0,0
602,-978,321,-3051,-1908,-1427,0,0
573,-924,222,-2957,-1989,-1522,0,0
566,-803,227,-3201,-2157,-1397,0,0
520,-776,196,-3379,-2157,-1347,0,0
468,-804,134,-3247,-2163,-1185,0,0
397,-733,152,-3283,-2247,-1142,0,0
341,-704,138,-3413,-2155,-1089,0,0
321,-702,81,-3431,-2144,-867,0,0
268,-706,64,-3444,-2108,-788,0,0
219,-646,47,-3477,-2041,-637,0,0
187,-491,50,-3667,-2067,-486,0,0
182,-586,-32,-3619,-2208,-294,0,0
158,-536,-52,-3486,-2192,-149,0,0
131,-356,-18,-3695,-2277,-59,0,0
80,-344,-9,-3774,-2345,-44,0,0
53,-266,-4,-3705,-2296,-33,0,0
45,-188,6,-3740,-2295,34,0,0
-3,-104,-6,-3586,-2251,23,0,0
-18,-14,-5,-3628,-2238,5,0,0
-11,129,-30,-3672,-2256,71,0,0
-42,260,-40,-3695,-2256,-26,0,0
-96,357,-38,-3709,-2257,-124,0,0
-148,392,-40,-3706,-2247,-257,0,0
-184,452,-52,-3698,-2268,-270,0,0
-230,547,-56,-3598,-2235,-176,0,0
-315,804,-33,-3489,-2239,-206,0,0
-382,1117,4,-3517,-2221,-656,0,0
-313,1054,-64,-3578,-2153,-889,0,0
-260,880,-206,-3356,-2186,-729,0,0
-369,914,-209,-3195,-2079,-729,0,0
-526,1003,-206,-2953,-2022,-639,0,0
-670,1105,-258,-2717,-2144,-1086,0,0
-663,1357,-275,-2703,-2006,-1496,0,0
-706,1404,-272,-2696,-2030,-1630,0,0
-812,1353,-291,-2324,-1967,-2065,0,0
-860,1373,-220,-1945,-1793,-1992,0,0
-963,1259,-221,-1835,-1600,-2575,0,0
-945,1294,-222,-1659,-1595,-3209,0,0
-820,1287,-187,-1735,-1598,-3449,0,0
-770,1083,-304,-1479,-1522,-3473,0,0
-848,1109,-316,-1402,-1499,-3816,0,0
-739,1031,-457,-1314,-1606,-3817,0,0
-731,1077,-361,-870,-1723,-3475,0,0
-820,1205,-176,-1071,-1329,-4282,0,0
-658,999,-207,-984,-1102,-4409,0,0
-621,898,-237,-648,-1171,-4088,0,0
-691,1004,-167,-468,-1088,-4438,0,0
-613,752,-190,-448,-928,-4279,0,0
-535,603,-240,-50,-953,-3957,0,0
-508,680,-202,253,-905,-3859,0,0
-543,825,-112,135,-747,-4018,0,0
-544,798,-110,396,-730,-4607,0,0
-401,751,-150,625,-664,-4817,0,0
-356,789,-105,618,-633,-4805,0,0
-406,695,-85,583,-332,-5189,0,0
-343,635,-112,643,-319,-5191,0,0
-292,503,-153,741,-622,-5242,0,0
-230,300,-138,631,-565,-5024,0,0
-189,59,-115,694,-415,-4659,0,0
-180,-15,-61,817,-412,-4331,0,0
-201,24,24,591,-311,-4108,0,0
-186,-40,46,684,-390,-3950,0,0
-148,-71,88,860,-409,-3671,0,0
-137,35,169,656,-227,-3705,0,0
-117,-2,142,804,-122,-3749,0,0
-60,24,103,808,-106,-3800,0,0
-19,44,57,850,-157,-3689,0,0
-52,128,64,881,-163,-3913,0,0
-41,150,47,874,-91,-4026,0,0
-15,147,18,1048,-170,-3940,0,0
-60,298,91,891,-184,-4157,0,0
-88,212,94,701,-104,-4395,0,0
-48,9,8,1072,-226,-4137,0,0
-57,44,64,975,-177,-4084,0,0
-31,12,32,906,-134,-4160,0,0
34,-39,-9,998,-197,-3956,0,0
-11,-2,50,897,-129,-3976,0,0
-40,-30,61,941,-62,-3963,0,0
-22,-20,36,970,-44,-3821,0,0
7,-13,-22,1091,-81,-3819,0,0
24,71,-7,976,-143,-3838,0,0
49,118,19,914,-164,-3963,0,0
64,103,28,961,-150,-3971,0,0
18,73,57,936,-30,-4104,0,0
-3,24,41,987,-12,-4053,0,0
-11,19,1,1054,-101,-4008,0,0
-13,15,19,932,-157,-4145,0,0
23,-81,17,1051,-203,-4292,0,0
93,-142,22,1092,-203,-4440,0,0
166,-176,34,987,-205,-4582,0,0
237,-268,51,963,-234,-4795,0,0
328,-361,69,959,-313,-4771,0,0
381,-471,109,819,-308,-4817,0,0
417,-630,125,766,-324,-4766,0,0
418,-711,115,743,-458,-4494,0,0
328,-719,140,476,-533,-4523,0,0
307,-867,140,368,-521,-4839,0,0
416,-999,113,332,-632,-4439,0,0
448,-1017,116,184,-767,-4313,0,0
499,-1043,125,-12,-854,-4297,0,0
577,-1098,95,-255,-919,-4192,0,0
587,-1130,90,-564,-908,-4133,0,0
580,-1256,107,-680,-1057,-3949,0,0
600,-1225,117,-829,-1229,-3840,0,0
664,-1188,167,-1152,-1356,-3669,0,0
723,-1238,175,-1320,-1425,-3747,0,0
785,-1229,186,-1690,-1485,-3835,0,0
850,-1387,173,-1687,-1603,-3502,0,0
851,-1447,199,-1701,-1697,-3389,0,0
883,-1419,255,-2048,-1654,-3089,0,0
890,-1418,264,-2203,-1680,-2727,0,0
891,-1374,267,-2263,-1643,-2460,0,0
899,-1427,248,-2346,-1632,-1942,0,0
854,-1275,181,-2359,-1625,-1689,0,0
808,-1081,131,-2541,-1637,-1494,0,0
742,-926,137,-3009,-1793,-1464,0,0
675,-908,98,-3314,-1971,-1424,0,0
627,-989,39,-3317,-2154,-1122,0,0
588,-918,64,-3294,-2280,-911,0,0
556,-812,78,-3377,-2297,-686,0,0
501,-751,63,-3353,-2249,-596,0,0
464,-649,27,-3310,-2235,-588,0,0
431,-512,46,-3444,-2261,-590,0,0
384,-457,59,-3597,-2227,-508,0,0
320,-444,25,-3607,-2300,-409,0,0
249,-443,23,-3618,-2418,-287,0,0
179,-416,51,-3694,-2382,-283,0,0
146,-431,47,-3635,-2386,-182,0,0
124,-428,89,-3619,-2448,-44,0,0
105,-429,113,-3614,-2401,95,0,0
114,-326,81,-3513,-2378,103,0,0
157,-236,65,-3523,-2362,231,0,0
143,-162,82,-3654,-2256,279,0,0
127,-90,56,-3677,-2205,255,0,0
128,-42,22,-3615,-2265,321,0,0
93,55,40,-3688,-2231,250,0,0
52,97,34,-3793,-2219,108,0,0
18,50,4,-3696,-2276,105,0,0
-24,71,26,-3675,-2218,152,0,0
-58,117,34,-3750,-2206,82,0,0
-43,149,-3,-3641,-2225,113,0,0
-43,211,-6,-3689,-2249,72,0,0
-78,258,10,-3772,-2242,15,0,0
-123,289,17,-3699,-2195,-52,0,0
-168,315,9,-3689,-2104,-88,0,0
-235,356,-38,-3670,-2088,-50,0,0
-338,513,-54,-3609,-2149,-161,0,0
-389,721,-74,-3589,-2154,-205,0,0
-435,1015,-89,-3426,-2177,-168,0,0
-512,1442,-47,-3351,-2109,-491,0,0
-549,1716,-71,-3508,-2120,-792,0,0
-583,1490,-151,-3518,-2075,-964,0,0
-618,1140,-250,-3255,-2052,-1312,0,0
-617,1201,-268,-2959,-1995,-1308,0,0
-694,1244,-260,-2806,-1840,-1444,0,0
-734,1308,-288,-2530,-1840,-1710,0,0
-717,1374,-257,-2282,-1850,-2032,0,0
-670,1377,-228,-2100,-1569,-2287,0,0
-669,1355,-223,-1691,-1599,-2527,0,0
-636,1210,-306,-1470,-1439,-3083,0,0
-543,1184,-449,-1247,-1599,-3130,0,0
-602,1160,-586,-1128,-1701,-3547,0,0
-622,1093,-610,-1195,-1804,-3645,0,0
-711,1017,-619,-1050,-1882,-3803,0,0
-746,1005,-484,-1141,-1870,-3916,0,0
-760,875,-377,-800,-1947,-3971,0,0
-771,1002,-268,-711,-1479,-4382,0,0
-728,958,-216,-695,-1400,-4400,0,0
-685,760,-247,-345,-1322,-4316,0,0
-629,764,-187,-229,-1297,-4236,0,0
-514,767,-198,-22,-1228,-4336,0,0
-394,746,-175,-167,-1118,-4487,0,0
-324,497,-190,-114,-1112,-4724,0,0
-298,293,-196,30,-979,-4704,0,0
-346,146,-120,99,-950,-4509,0,0
-383,168,-107,365,-952,-4360,0,0
-449,443,-2,357,-800,-4511,0,0
-507,486,55,225,-595,-4710,0,0
-529,281,-40,447,-645,-4363,0,0
-563,398,-1,545,-689,-4327,0,0
-476,450,90,252,-488,-4569,0,0
-305,247,12,281,-506,-4283,0,0
-222,218,-28,628,-555,-4230,0,0
-116,276,53,588,-385,-4172,0,0
-36,205,40,650,-272,-4159,0,0
-41,122,9,627,-198,-4156,0,0
-55,98,-12,630,-203,-4162,0,0
-64,73,-25,681,-322,-4006,0,0
-51,18,25,689,-395,-3966,0,0
1,-35,66,736,-255,-3967,0,0
20,43,78,781,-122,-4026,0,0
16,64,46,778,-67,-4102,0,0
-5,70,-4,804,-125,-4080,0,0
-41,98,-38,834,-218,-4086,0,0
-60,133,-40,814,-242,-4285,0,0
-78,70,-40,727,-181,-4298,0,0
-92,-10,-21,765,-244,-4170,0,0
-61,-63,-26,831,-297,-4001,0,0
-19,-74,-13,803,-280,-3881,0,0
13,-29,8,794,-301,-3881,0,0
24,-1,29,735,-243,-3967,0,0
14,-30,30,718,-168,-4006,0,0
11,-75,-2,785,-211,-3925,0,0
-13,-31,-1,772,-239,-3919,0,0
-35,20,37,671,-208,-4020,0,0
-24,-50,35,728,-222,-3946,0,0
-50,-51,23,772,-191,-3922,0,0
-75,60,25,689,-106,-4031,0,0
-55,81,3,754,-223,-3984,0,0
12,83,-10,803,-293,-4039,0,0
60,63,-15,699,-221,-4008,0,0
59,81,-12,799,-251,-4147,0,0
51,75,17,755,-180,-4081,0,0
26,1,12,875,-174,-4141,0,0
56,20,-9,861,-243,-4154,0,0
66,-1,-59,820,-239,-4138,0,0
40,-42,-36,789,-323,-4264,0,0
91,-98,-36,824,-335,-4270,0,0
153,-132,-27,803,-357,-4300,0,0
200,-170,0,715,-393,-4444,0,0
231,-261,18,782,-398,-4489,0,0
266,-323,38,729,-366,-4540,0,0
329,-401,21,737,-509,-4492,0,0
337,-415,46,692,-618,-4621,0,0
331,-432,93,446,-565,-4710,0,0
328,-577,105,411,-633,-4628,0,0
350,-650,116,321,-735,-4538,0,0
413,-652,121,248,-847,-4556,0,0
478,-811,119,78,-917,-4521,0,0
477,-871,140,-89,-977,-4502,0,0
480,-990,191,-236,-1024,-4593,0,0
498,-1166,216,-370,-1072,-4391,0,0
486,-1104,279,-654,-1178,-4251,0,0
559,-1212,280,-823,-1120,-4132,0,0
677,-1211,276,-890,-1090,-3878,0,0
775,-1067,266,-1098,-1140,-3491,0,0
774,-1050,250,-1458,-1342,-3237,0,0
834,-868,314,-1618,-1515,-3426,0,0
985,-1119,300,-1653,-1628,-3164,0,0
1014,-1003,332,-1835,-1702,-3049,0,0
1017,-1087,341,-1956,-1766,-3010,0,0
1041,-1363,300,-2086,-1879,-2826,0,0
1047,-1303,308,-2375,-1955,-2454,0,0
939,-1356,335,-2564,-2048,-2103,0,0
802,-1374,341,-2564,-2029,-2119,0,0
727,-1294,286,-2786,-1948,-1782,0,0
575,-1296,231,-2961,-2010,-1398,0,0
456,-1210,206,-2856,-2073,-1243,0,0
418,-971,184,-2961,-2118,-734,0,0
298,-811,119,-3150,-2247,-769,0,0
256,-788,72,-3182,-2224,-1173,0,0
286,-713,91,-3436,-2139,-745,0,0
214,-619,80,-3582,-2230,-497,0,0
141,-608,76,-3538,-2316,-455,0,0
93,-571,113,-3545,-2292,-185,0,0
18,-375,141,-3688,-2271,-245,0,0
42,-281,79,-3617,-2245,-457,0,0
124,-274,26,-3524,-2276,-337,0,0
141,-182,45,-3646,-2208,-304,0,0
106,-163,45,-3811,-2167,-352,0,0
69,-202,21,-3752,-2189,-367,0,0
62,-217,46,-3670,-2242,-216,0,0
24,-148,101,-3789,-2278,-114,0,0
12,-111,79,-3773,-2211,-127,0,0
31,-91,49,-3701,-2126,-177,0,0
52,-38,35,-3732,-2126,-114,0,0
34,-20,1,-3729,-2144,-131,0,0
23,16,-30,-3684,-2161,-195,0,0
12,101,-41,-3721,-2199,-160,0,0
-20,163,-49,-3771,-2198,-231,0,0
-44,265,-45,-3798,-2276,-271,0,0
-65,334,-6,-3721,-2294,-423,0,0
-29,194,-6,-3727,-2206,-432,0,0
-14,73,-57,-3595,-2142,-256,0,0
-61,217,-89,-3499,-2088,-278,0,0
-120,367,-127,-3588,-2178,-387,0,0
-199,481,-150,-3607,-2167,-406,0,0
-301,634,-127,-3577,-2259,-440,0,0
-430,762,-42,-3683,-2444,-605,0,0
-486,884,27,-3650,-2315,-942,0,0
-395,736,-16,-3519,-2241,-883,0,0
-348,694,-82,-3200,-2145,-695,0,0
-385,896,-84,-3152,-2004,-875,0,0
-389,1015,-140,-3165,-1953,-1076,0,0
-415,1073,-231,-2841,-1938,-1051,0,0
-533,1142,-263,-2732,-1854,-1333,0,0
-641,1123,-349,-2458,-1776,-1480,0,0
-779,1084,-400,-2205,-1974,-1891,0,0
-853,1295,-332,-1984,-1872,-2344,0,0
-877,1399,-295,-1929,-1842,-2823,0,0
-849,1298,-304,-1839,-1934,-2939,0,0
-858,1224,-281,-1581,-1948,-3112,0,0
-826,1457,-187,-1601,-1520,-3515,0,0
-783,1316,-161,-1504,-1544,-3582,0,0
-675,1125,-248,-1256,-1664,-4177,0,0
-544,1027,-195,-1044,-1569,-3903,0,0
-650,919,-208,-933,-1402,-4284,0,0
-636,876,-235,-980,-1311,-4495,0,0
-572,706,-273,-749,-1373,-4171,0,0
-573,698,-274,-343,-1198,-4324,0,0
-552,765,-183,-345,-1112,-4343,0,0
-518,750,-193,-451,-978,-4535,0,0
-482,654,-2304,-214,-1000,-4391,0,0
-514,616,-210,-112,-911,-4366,0,0
-575,483,-146,-53,-844,-4347,0,0
-600,518,-141,119,-756,-4431,0,0
-564,549,-121,262,-687,-4195,0,0
-561,561,-66,431,-592,-4360,0,0
-498,650,-15,322,-322,-4498,0,0
-366,572,3,376,-563,-4613,0,0
-220,426,-5,411,-624,-4841,0,0
-118,282,29,392,-366,-4654,0,0
-107,161,47,632,-204,-4533,0,0
-49,126,-36,781,-130,-4271,0,0
17,155,-143,754,-282,-4193,0,0
62,147,-146,645,-498,-4267,0,0
55,100,-40,381,-442,-4309,0,0
-6,-46,15,509,-323,-4061,0,0
-98,-55,46,739,-215,-3879,0,0
-145,45,45,720,-159,-3883,0,0
-106,43,-7,685,-287,-3906,0,0
-45,49,-55,699,-379,-3929,0,0
-38,77,-35,649,-311,-3960,0,0
-31,42,12,625,-336,-4106,0,0
-18,-6,-20,710,-268,-4148,0,0
-33,9,-25,689,-257,-4039,0,0
-44,-12,-13,655,-312,-4047,0,0
-12,16,-30,726,-304,-3937,0,0
-25,86,10,645,-328,-4011,0,0
-13,43,22,717,-268,-4020,0,0
-2,20,-7,772,-179,-4154,0,0
-12,55,3,701,-323,-3908,0,0
-93,106,77,696,-317,-4082,0,0
-122,81,104,643,-99,-4149,0,0
-137,9,85,884,-121,-3966,0,0
-117,31,59,852,-41,-4070,0,0
-77,13,-2,791,-27,-4007,0,0
-125,-22,21,871,-157,-3994,0,0
-129,8,33,812,-104,-4016,0,0
-94,17,-4,849,9,-3922,0,0
-85,36,-27,867,-62,-3834,0,0
-72,90,-6,819,-109,-4015,0,0
-3,58,-21,751,-104,-4161,0,0
50,-13,-51,779,-144,-4074,0,0
33,-54,-4,732,-117,-4218,0,0
89,-101,12,858,-177,-4317,0,0
163,-98,-3,926,-131,-4160,0,0
128,-63,11,820,-44,-4425,0,0
173,-129,-10,765,-163,-4490,0,0
204,-200,-55,821,-299,-4389,0,0
266,-295,-19,720,-331,-4540,0,0
360,-374,9,749,-318,-4492,0,0
351,-407,48,645,-334,-4793,0,0
387,-511,33,450,-379,-4758,0,0
371,-630,67,481,-593,-4715,0,0
342,-714,122,227,-588,-4974,0,0
441,-819,88,142,-647,-4751,0,0
549,-940,85,250,-814,-4409,0,0
633,-882,159,-55,-869,-4510,0,0
718,-886,221,-406,-893,-4649,0,0
804,-1109,243,-528,-1021,-4396,0,0
844,-1124,321,-687,-1131,-3985,0,0
877,-1157,375,-834,-1376,-3650,0,0
940,-1301,391,-976,-1542,-3788,0,0
1056,-1199,420,-1440,-1516,-3791,0,0
1105,-1390,406,-1593,-1757,-3685,0,0
1093,-1487,446,-1812,-1693,-3696,0,0
1062,-1661,500,-2160,-1718,-3242,0,0
1018,-1820,461,-1909,-1797,-2662,0,0
1032,-1694,446,-2003,-1680,-2236,0,0
1099,-1583,421,-2279,-1730,-1695,0,0
1140,-1376,411,-2447,-1843,-1277,0,0
1118,-1065,441,-2688,-1869,-1122,0,0
1021,-884,392,-2847,-1780,-1158,0,0
887,-789,277,-2894,-1767,-1075,0,0
727,-680,218,-3202,-1925,-1041,0,0
559,-669,150,-3444,-2138,-897,0,0
380,-606,175,-3634,-2242,-911,0,0
247,-678,172,-3615,-2199,-857,0,0
137,-713,143,-3500,-2199,-679,0,0
64,-632,145,-3483,-2271,-515,0,0
-12,-538,141,-3443,-2271,-393,0,0
-97,-418,158,-3461,-2195,-375,0,0
-109,-266,187,-3725,-2264,-504,0,0
-48,-418,148,-3646,-2153,-312,0,0
3,-402,97,-3615,-2030,-177,0,0
63,-192,45,-3750,-2131,-174,0,0
77,-246,0,-3602,-2125,-82,0,0
23,-111,30,-3785,-1981,-82,0,0
-38,-73,-10,-3802,-2061,-147,0,0
-51,-130,-29,-3686,-2153,-56,0,0
-40,1,-9,-3855,-2122,-118,0,0
-13,-2,-38,-3781,-2116,-130,0,0
-11,2,-45,-3727,-2095,-131,0,0
-21,78,-75,-3820,-2123,-164,0,0
-58,114,-91,-3663,-2087,-180,0,0
-128,179,-70,-3699,-2030,-173,0,0
-204,254,-115,-3791,-2044,-156,0,0
-331,321,-158,-3575,-2075,-107,0,0
-483,540,-120,-3586,-2079,-137,0,0
-569,805,-143,-3623,-2085,-233,0,0
-644,944,-193,-3293,-2068,-35,0,0
-792,1214,-157,-3084,-2046,-525,0,0
-813,1508,-91,-3433,-1955,-1056,0,0
-766,1542,-216,-3282,-1776,-1277,0,0
-740,1338,-410,-2801,-1800,-1413,0,0
-780,1506,-418,-2566,-1729,-1533,0,0
-855,1500,-465,-2476,-1656,-1919,0,0
-909,1441,-520,-2059,-1710,-1886,0,0
-1044,1315,-475,-1694,-1500,-2492,0,0
-997,1562,-376,-1547,-1247,-2953,0,0
-879,1610,-474,-1163,-1482,-3263,0,0
-707,1531,-528,-1106,-1876,-3588,0,0
-534,1343,-607,-894,-1966,-3965,0,0
-482,1217,-533,-725,-1934,-3907,0,0
-620,1231,-388,-610,-1802,-4140,0,0
-689,1250,-352,-410,-1457,-4588,0,0
-684,1144,-308,-522,-1488,-4386,0,0
-717,869,-373,-249,-1353,-4666,0,0
-643,785,-359,-278,-1400,-4347,0,0
-700,830,-246,-216,-1335,-4218,0,0
-748,591,-144,115,-1124,-4480,0,0
-647,587,-88,278,-887,-4344,0,0
-603,581,-60,477,-897,-4156,0,0
-558,660,-54,643,-894,-4372,0,0
-477,637,9,616,-853,-4258,0,0
-495,648,28,754,-599,-4518,0,0
-515,618,15,952,-369,-4666,0,0
-534,472,0,1023,-205,-4572,0,0
-508,323,-105,1147,-302,-4529,0,0
-435,417,-130,1124,-403,-4533,0,0
-319,430,-99,985,-345,-4609,0,0
-206,295,-67,1069,-300,-4422,0,0
-156,212,29,1174,-116,-4367,0,0
-158,163,97,907,52,-4278,0,0
-138,-10,38,1105,-49,-3893,0,0
-132,-38,22,1270,-68,-3788,0,0
-95,33,51,1008,-82,-3839,0,0
-8,-32,20,1057,-87,-3802,0,0
17,-45,40,1142,25,-3606,0,0
-66,26,110,1006,148,-3727,0,0
-38,6,43,1150,74,-3729,0,0
23,121,2,1149,-41,-3738,0,0
88,143,22,1018,-90,-4014,0,0
207,56,-44,1125,-90,-4012,0,0
213,88,-40,1263,-111,-3904,0,0
123,126,19,1254,59,-4050,0,0
6,110,-10,1106,203,-4033,0,0
-66,18,-117,1279,-71,-3938,0,0
-28,39,-147,1411,-312,-3852,0,0
18,125,-71,1165,-294,-3881,0,0
63,74,-51,1232,-228,-4012,0,0
69,64,-27,1197,-193,-4024,0,0
5,38,-16,1191,-188,-3996,0,0
-69,-20,1,1286,-144,-3877,0,0
-83,-44,19,1142,-174,-3841,0,0
7,-183,-46,1077,-172,-3900,0,0
74,-245,-68,1211,-185,-3674,0,0
-14,-122,30,1333,-199,-3570,0,0
-76,80,106,1348,-79,-3732,0,0
-13,130,65,1224,-15,-3965,0,0
58,63,-50,1348,-63,-3922,0,0
25,134,-15,1345,-143,-4217,0,0
24,74,29,1228,-156,-4541,0,0
104,-114,-2,1376,-199,-4510,0,0
134,-210,38,1330,-185,-4502,0,0
166,-324,49,1222,-167,-4821,0,0
296,-568,-27,1193,-276,-4788,0,0
381,-723,-55,1351,-317,-4705,0,0
363,-693,42,1123,-218,-4671,0,0
328,-778,82,871,-367,-4548,0,0
363,-844,97,816,-624,-4558,0,0
471,-840,166,517,-659,-4510,0,0
627,-807,235,512,-797,-4458,0,0
760,-932,295,342,-819,-4548,0,0
841,-1122,291,61,-967,-4716,0,0
926,-1263,297,-45,-1130,-4563,0,0
944,-1343,442,-494,-1094,-4195,0,0
905,-1482,548,-815,-1264,-4110,0,0
964,-1636,531,-715,-1373,-3871,0,0
1049,-1660,548,-861,-1325,-3446,0,0
1027,-1612,597,-1387,-1338,-3280,0,0
1040,-1673,530,-1576,-1486,-3182,0,0
1117,-1673,439,-1594,-1660,-2825,0,0
1124,-1556,444,-1989,-1585,-2323,0,0
1007,-1500,434,-2280,-1682,-2221,0,0
940,-1501,350,-2361,-1845,-2193,0,0
950,-1416,293,-2497,-1921,-1672,0,0
883,-1287,274,-2758,-1995,-1434,0,0
817,-1161,212,-3014,-1939,-1507,0,0
778,-1130,158,-3111,-1971,-1029,0,0
626,-1132,88,-3186,-1942,-849,0,0
525,-1041,19,-3119,-1873,-853,0,0
507,-1017,36,-3349,-2168,-399,0,0
448,-881,1,-3489,-2378,-61,0,0
355,-679,-5,-3477,-2477,-211,0,0
318,-575,33,-3488,-2447,-278,0,0
291,-529,47,-3561,-2380,13,0,0
189,-443,68,-3557,-2407,126,0,0
108,-379,78,-3548,-2349,-12,0,0
100,-321,67,-3627,-2346,144,0,0
61,-291,54,-3592,-2410,205,0,0
17,-195,60,-3614,-2359,122,0,0
-4,-126,41,-3562,-2321,232,0,0
-63,-60,51,-3561,-2328,202,0,0
-84,-17,38,-3686,-2233,19,0,0
-80,-48,-25,-3646,-2270,196,0,0
-140,-22,-38,-3652,-2354,213,0,0
-159,47,-16,-3688,-2356,140,0,0
-145,55,-58,-3605,-2288,142,0,0
-184,136,-94,-3585,-2298,107,0,0
-250,211,-107,-3643,-2284,-52,0,0
-328,325,-169,-3584,-2354,5,0,0
-471,565,-195,-3514,-2472,-133,0,0
-617,900,-116,-3316,-2323,-191,0,0
-833,1131,-8,-3252,-2113,-143,0,0
-1041,1159,0,-3467,-2199,-542,0,0
-1123,1455,-27,-3375,-2280,-1097,0,0
-1165,1788,-15,-3270,-2185,-1313,0,0
-1278,1490,-56,-3272,-2136,-1637,0,0
-1342,938,-176,-3022,-1932,-1784,0,0
-1333,1218,-169,-2735,-1747,-1845,0,0
-1315,1101,-212,-2788,-1741,-2053,0,0
-1221,1004,-281,-2382,-1690,-2146,0,0
-988,930,-204,-2095,-1793,-1910,0,0
-792,749,-168,-1891,-1704,-2239,0,0
-567,849,-130,-1691,-1437,-2764,0,0
-262,950,-218,-1519,-1266,-3146,0,0
-136,1213,-269,-1054,-1407,-2980,0,0
-317,1552,-173,-984,-1356,-3527,0,0
-507,1649,-1,-1252,-1088,-4044,0,0
-648,1352,26,-1176,-1073,-4178,0,0
-704,1177,-33,-730,-1101,-4301,0,0
-690,1190,7,-473,-1014,-4161,0,0
-668,1236,28,-452,-844,-4357,0,0
-645,1198,-116,-349,-554,-4533,0,0
-751,967,-192,-188,-784,-4080,0,0
-820,914,-106,276,-919,-4451,0,0
-650,1014,22,420,-601,-4639,0,0
-505,955,70,436,-401,-4599,0,0
-421,923,23,605,-230,-4969,0,0
-341,740,32,602,-312,-4849,0,0
-342,576,66,971,-368,-4638,0,0
-387,674,143,867,-109,-4758,0,0
-342,584,76,847,-114,-4715,0,0
-268,345,-37,1196,-93,-4587,0,0
-217,155,-61,1095,47,-4486,0,0
-195,133,-129,1135,-7,-4279,0,0
-169,165,-156,1103,-73,-4265,0,0
-63,213,-121,1043,-316,-4158,0,0
59,158,-59,1116,-263,-3984,0,0
56,85,70,934,44,-3985,0,0
25,57,79,1068,10,-3932,0,0
8,-30,68,1191,-26,-3818,0,0
10,6,64,1246,30,-3790,0,0
24,30,41,1203,37,-3830,0,0
33,38,7,1201,53,-3891,0,0
-2,32,18,1089,-23,-3754,0,0
-35,61,0,1153,-97,-3896,0,0
-13,59,-29,1263,109,-3854,0,0
-32,78,-63,1205,14,-3921,0,0
-47,55,-87,1130,-102,-4111,0,0
-40,22,-35,997,-180,-4053,0,0
-40,-7,42,1046,-200,-3952,0,0
4,-74,84,1212,-41,-3882,0,0
56,-64,61,1268,103,-3839,0,0
64,0,6,1204,56,-3924,0,0
27,6,-8,1092,-52,-3896,0,0
-33,16,-16,1070,-114,-3937,0,0
-55,12,0,1101,-77,-3917,0,0
-43,-48,25,1092,-21,-3887,0,0
-13,-97,-21,1172,-60,-3897,0,0
10,-47,-32,1103,-84,-3850,0,0
-18,-33,9,1077,-51,-3915,0,0
-16,-16,32,1121,-56,-3879,0,0
18,10,17,1159,-77,-3948,0,0
49,21,32,1103,-44,-4004,0,0
48,-15,26,1172,-15,-4160,0,0
43,-69,4,1150,24,-4045,0,0
-11,-71,-8,1135,-28,-4026,0,0
-39,-87,-13,1058,-49,-4093,0,0
26,-146,-40,1105,-190,-3968,0,0
75,-156,-4,1068,-206,-3944,0,0
112,-150,22,1047,-129,-4147,0,0
176,-179,8,1025,-230,-4355,0,0
236,-228,17,1076,-306,-4474,0,0
245,-230,86,846,-207,-4741,0,0
286,-427,71,900,-297,-4687,0,0
286,-544,102,853,-367,-4558,0,0
313,-589,134,694,-391,-4597,0,0
408,-696,119,702,-449,-4504,0,0
514,-753,95,573,-500,-4562,0,0
563,-782,73,397,-519,-4513,0,0
560,-835,76,340,-647,-4847,0,0
660,-1028,101,94,-886,-4735,0,0
729,-1183,132,39,-1024,-4335,0,0
684,-1181,267,-137,-931,-4442,0,0
687,-1216,329,-296,-909,-4240,0,0
740,-1304,316,-544,-1212,-3896,0,0
801,-1155,370,-1257,-1296,-3846,0,0
877,-1342,319,-1183,-1419,-3743,0,0
994,-1453,343,-1190,-1486,-3473,0,0
1021,-1366,441,-1634,-1437,-3138,0,0
953,-1456,378,-1601,-1469,-3374,0,0
961,-1416,324,-1627,-1655,-2967,0,0
890,-1468,305,-2188,-1772,-2310,0,0
736,-1439,239,-2290,-1784,-2112,0,0
631,-1299,260,-2489,-1717,-1773,0,0
581,-1173,267,-2825,-1797,-1750,0,0
620,-1021,207,-2778,-1943,-1877,0,0
690,-842,134,-2902,-1715,-1745,0,0
683,-983,-4,-2942,-1365,-1618,0,0
529,-1293,-246,-2750,-1040,-1171,0,0
150,-1102,-525,-2958,-1170,-264,0,0
-397,-541,-893,-2952,-1568,-752,0,0
-696,-10,-1235,-2751,-1847,-892,0,0
-989,600,-1475,-2521,-2121,-2720,0,0
