5,6,4,216,-4250,844,0,0
7,3,4,216,-4279,848,0,0
-3,-7,7,211,-4266,841,0,0
3,-13,0,208,-4239,840,0,0
12,-7,1,220,-4258,851,0,0
9,2,3,218,-4271,850,0,0
-1,5,7,219,-4258,861,0,0
-5,8,5,224,-4252,853,0,0
-10,4,8,219,-4262,843,0,0
-12,0,11,219,-4256,834,0,0
-18,-3,9,222,-4274,836,0,0
-25,-3,10,221,-4253,822,0,0
-17,-2,11,228,-4249,808,0,0
-17,-3,2,227,-4293,837,0,0
-20,-8,-9,194,-4238,848,0,0
-4,-24,13,250,-4237,812,0,0
-20,-45,19,216,-4274,805,0,0
-7,-42,24,209,-4249,803,0,0
3,-21,15,224,-4261,798,0,0
0,-5,6,204,-4273,830,0,0
0,-1,7,211,-4277,860,0,0
-21,-14,2,196,-4308,843,0,0
-45,-38,9,208,-4262,844,0,0
-37,-44,12,230,-4227,847,0,0
-29,-28,2,226,-4304,885,0,0
-50,-9,-3,214,-4321,887,0,0
-88,-6,-4,235,-4277,886,0,0
-119,-12,15,243,-4256,900,0,0
-178,-11,28,222,-4254,918,0,0
-229,-1,28,217,-4294,865,0,0
-258,7,24,218,-4324,809,0,0
-294,28,34,228,-4315,770,0,0
-356,63,45,210,-4296,744,0,0
-427,93,64,197,-4343,689,0,0
-498,109,82,199,-4306,647,0,0
-510,96,95,193,-4288,613,0,0
-552,67,100,176,-4326,667,0,0
-617,79,92,171,-4287,627,0,0
-656,156,76,158,-4275,552,0,0
-763,403,62,152,-4131,275,0,0
-842,695,57,170,-4069,-170,0,0
-985,722,100,147,-4080,-178,0,0
-1165,569,131,42,-4000,-132,0,0
-1181,332,127,4,-3946,-382,0,0
-1143,87,48,1,-3781,-734,0,0
-1089,-43,-22,76,-3797,-1092,0,0
-1058,-96,-36,25,-3823,-1283,0,0
-1076,-62,-26,39,-3623,-1339,0,0
-1084,-8,-29,37,-3609,-1530,0,0
-1150,-26,-11,95,-3571,-1731,0,0
-1191,-72,16,70,-3486,-1894,0,0
-1216,-86,22,94,-3349,-2029,0,0
-1241,-81,22,112,-3314,-2272,0,0
-1235,-88,-7,-13,-3055,-2457,0,0
-1130,-124,-17,-16,-2900,-2678,0,0
-1080,-208,-35,-28,-2868,-2885,0,0
-976,-237,-66,-66,-2770,-3091,0,0
-885,-197,-57,3,-2866,-3359,0,0
-885,-124,-43,-68,-2882,-3566,0,0
-840,-5,-62,-106,-2744,-3736,0,0
-662,107,-74,22,-2643,-3908,0,0
-526,136,-80,125,-2458,-3879,0,0
-350,119,-78,101,-2420,-3874,0,0
-152,109,-85,51,-2414,-3881,0,0
-44,84,-86,139,-2569,-3771,0,0
-94,56,-50,145,-2688,-3786,0,0
-134,-6,-40,122,-2615,-3697,0,0
-119,-21,-37,153,-2666,-3705,0,0
-160,-24,-69,150,-2592,-3691,0,0
-196,-16,-62,166,-2649,-3889,0,0
-233,-15,-57,218,-2546,-4009,0,0
-131,39,-52,224,-2562,-4162,0,0
-49,54,-40,206,-2612,-4090,0,0
33,53,-40,244,-2539,-4027,0,0
156,28,-23,269,-2521,-3981,0,0
242,-14,12,260,-2531,-3855,0,0
282,-10,35,218,-2601,-3739,0,0
288,42,45,197,-2636,-3695,0,0
333,73,49,180,-2604,-3633,0,0
379,69,61,176,-2670,-3589,0,0
369,5,66,175,-2774,-3519,0,0
357,-44,60,176,-2910,-3513,0,0
399,-31,24,103,-2955,-3580,0,0
462,40,-17,166,-3077,-3616,0,0
471,115,-29,250,-3098,-3612,0,0
521,140,-2,255,-2983,-3496,0,0
611,128,18,277,-3017,-3350,0,0
688,70,48,298,-3140,-3191,0,0
766,32,61,261,-3187,-2969,0,0
864,41,62,236,-3237,-2861,0,0
874,26,78,294,-3266,-2712,0,0
863,-1,106,252,-3252,-2599,0,0
969,-104,154,150,-3232,-2401,0,0
1013,-158,169,232,-3335,-2182,0,0
1124,-141,131,47,-3341,-2061,0,0
1169,-244,123,66,-3492,-1747,0,0
1044,-372,81,-62,-3546,-1393,0,0
939,-322,27,62,-3644,-1343,0,0
947,-252,-22,90,-3846,-1326,0,0
832,-310,-3,-73,-3773,-987,0,0
749,-263,13,-65,-3776,-1005,0,0
861,-204,-20,-152,-3893,-873,0,0
940,-173,-39,-212,-3896,-586,0,0
938,-137,-28,-175,-4031,-471,0,0
888,-100,-65,-211,-4091,-168,0,0
856,-32,-80,-184,-4212,-54,0,0
762,-15,-93,-97,-4290,-18,0,0
686,-34,-102,39,-4196,12,0,0
678,-82,-114,52,-4293,50,0,0
581,-189,-102,143,-4313,198,0,0
523,-251,-59,198,-4229,458,0,0
544,-215,-33,177,-4261,595,0,0
510,-142,4,166,-4248,583,0,0
420,-67,43,140,-4242,511,0,0
364,-13,75,57,-4301,497,0,0
332,34,94,3,-4450,526,0,0
286,70,77,-24,-4430,617,0,0
234,111,7,-33,-4375,725,0,0
172,165,-53,67,-4380,779,0,0
94,199,-68,117,-4361,798,0,0
16,200,-61,132,-4346,829,0,0
-42,173,-54,105,-4323,813,0,0
-86,126,-36,122,-4295,759,0,0
-116,85,-7,108,-4304,653,0,0
-80,40,11,48,-4305,586,0,0
-78,15,-3,-5,-4288,668,0,0
-89,43,-31,34,-4301,591,0,0
-105,59,-42,68,-4374,530,0,0
-125,68,-38,89,-4330,560,0,0
-114,77,-30,126,-4296,573,0,0
-107,87,-11,134,-4284,621,0,0
-107,105,1,117,-4289,635,0,0
-129,124,2,110,-4350,646,0,0
-199,126,19,145,-4350,664,0,0
-280,99,28,100,-4362,628,0,0
-327,51,30,66,-4385,525,0,0
-366,-14,37,57,-4342,509,0,0
-393,-37,13,35,-4289,408,0,0
-386,-48,21,46,-4283,202,0,0
-352,-37,48,89,-4259,109,0,0
-295,33,9,16,-4267,186,0,0
-355,112,-11,5,-4371,280,0,0
-504,170,9,12,-4285,240,0,0
-634,193,35,10,-4274,61,0,0
-770,167,67,32,-4237,-82,0,0
-823,148,69,17,-4026,-120,0,0
-816,135,54,70,-3962,-246,0,0
-906,49,81,117,-3940,-412,0,0
-926,-45,132,-67,-3908,-564,0,0
-876,10,156,-14,-4172,-945,0,0
-980,50,81,-76,-4038,-1142,0,0
-1017,90,32,-113,-3809,-1188,0,0
-1034,112,47,-42,-3795,-1516,0,0
-1100,54,36,-69,-3604,-1708,0,0
-1062,15,19,-107,-3565,-1807,0,0
-1028,12,9,-61,-3565,-1996,0,0
-1018,6,-4,-59,-3485,-2155,0,0
-953,35,-39,-36,-3243,-2239,0,0
-866,27,-35,74,-3393,-2384,0,0
-921,-64,5,30,-3296,-2426,0,0
-782,-114,33,-29,-3120,-2612,0,0
-685,-106,40,-8,-3183,-2830,0,0
-654,-47,36,-120,-3083,-3040,0,0
-656,-41,73,-177,-3051,-3005,0,0
-691,-11,69,-268,-2868,-3090,0,0
-575,43,59,-283,-2726,-3313,0,0
-623,44,76,-178,-3102,-3199,0,0
-790,95,47,-297,-2970,-3263,0,0
-726,174,-41,-210,-2834,-3505,0,0
-681,156,-79,-14,-2773,-3643,0,0
-712,96,-95,45,-2523,-3728,0,0
-2672,62,-82,119,-2369,-3854,0,0
-511,19,-68,121,-2302,-3892,0,0
-403,-33,-59,91,-2214,-3859,0,0
-263,-76,-51,92,-2231,-3877,0,0
-224,-113,-31,70,-2331,-3929,0,0
-217,-119,-6,-1,-2260,-3934,0,0
-178,-100,12,-39,-2282,-3937,0,0
-172,-93,7,-61,-2284,-3992,0,0
-154,-96,-4,-98,-2294,-4073,0,0
-83,-79,1,-113,-2271,-4121,0,0
33,-47,7,-124,-2243,-4134,0,0
73,38,-21,-77,-2254,-4130,0,0
65,136,-35,27,-2301,-4062,0,0
86,158,-29,83,-2282,-4077,0,0
127,47,-5,11,-2227,-4069,0,0
171,-73,-5,44,-2326,-4077,0,0
257,-131,-30,-30,-2406,-4144,0,0
370,-123,-36,-104,-2458,-4166,0,0
395,-50,-11,-96,-2532,-4184,0,0
424,-2,-1,-102,-2597,-4120,0,0
585,-19,-6,-61,-2637,-4007,0,0
735,-76,-38,-106,-2820,-3843,0,0
801,-92,-82,-145,-2839,-3801,0,0
874,-64,-101,-61,-2839,-3707,0,0
930,-26,-111,-73,-2854,-3559,0,0
1008,28,-120,-31,-2890,-3347,0,0
1081,81,-116,93,-3014,-3103,0,0
1067,90,-95,80,-3081,-2945,0,0
1065,69,-76,142,-3110,-2669,0,0
1167,94,-65,200,-3063,-2501,0,0
1303,92,-29,206,-3181,-2303,0,0
1302,21,32,132,-3203,-1934,0,0
1338,-6,67,99,-3165,-1728,0,0
1393,-38,78,174,-3420,-1486,0,0
1300,-153,106,147,-3531,-1153,0,0
1205,-299,169,62,-3514,-819,0,0
1170,-426,209,-35,-3646,-553,0,0
1082,-448,166,-284,-3753,-309,0,0
1041,-361,76,-281,-3916,-189,0,0
989,-271,30,-232,-3884,-86,0,0
919,-161,-10,-192,-4026,26,0,0
784,-101,-39,-294,-4267,209,0,0
632,-89,-39,-311,-4390,286,0,0
579,-104,-58,-249,-4423,278,0,0
578,-120,-120,-245,-4268,309,0,0
600,-108,-190,-121,-4265,319,0,0
559,-91,-175,33,-4259,375,0,0
452,-69,-132,88,-4265,594,0,0
339,-44,-115,104,-4170,750,0,0
281,-17,-106,61,-4338,757,0,0
264,5,-81,10,-4512,682,0,0
230,-4,-19,10,-4453,637,0,0
158,-18,29,-3,-4320,672,0,0
77,5,63,60,-4370,694,0,0
34,54,50,5,-4260,672,0,0
49,109,13,18,-4277,680,0,0
9,128,-6,19,-4347,709,0,0
-62,100,4,-30,-4381,672,0,0
-98,48,2,-18,-4362,614,0,0
-64,6,7,-3,-4294,603,0,0
-27,-4,-15,-63,-4331,626,0,0
-21,13,-50,-41,-4289,600,0,0
-7,32,-73,-21,-4320,617,0,0
-40,48,-54,32,-4449,650,0,0
-87,62,-29,48,-4304,635,0,0
-104,56,-17,81,-4332,635,0,0
-142,44,-15,103,-4296,598,0,0
-127,29,-3,94,-4308,571,0,0
-138,12,3,92,-4282,591,0,0
-111,34,9,108,-4224,624,0,0
-105,121,-2,99,-4420,619,0,0
-173,231,8,97,-4431,489,0,0
-252,286,26,72,-4389,475,0,0
-361,316,47,52,-4290,487,0,0
-359,286,67,-8,-4333,461,0,0
-398,181,95,-56,-4301,455,0,0
-345,87,78,-151,-4226,327,0,0
-247,25,39,-105,-4357,155,0,0
-226,-22,-8,-49,-4319,254,0,0
-362,11,-44,-14,-4417,368,0,0
-572,61,-12,77,-4297,310,0,0
-739,84,6,44,-4157,279,0,0
-928,159,10,88,-4042,270,0,0
-1015,247,42,125,-3866,-181,0,0
-977,173,98,-49,-3739,-422,0,0
-1109,136,131,-81,-3831,-629,0,0
-1287,126,133,-243,-3864,-774,0,0
-1414,183,63,-259,-3743,-1022,0,0
-1389,222,8,-134,-3674,-1514,0,0
-1422,133,-12,-10,-3482,-1624,0,0
-1351,39,27,-19,-3337,-1751,0,0
-1275,-36,51,-96,-3215,-1894,0,0
-1216,-71,21,-58,-3160,-2215,0,0
-1149,-137,2,-101,-3263,-2512,0,0
-1106,-133,-13,-72,-3281,-2701,0,0
-1016,-63,-8,-52,-3165,-2986,0,0
-933,-6,-39,-39,-3043,-3217,0,0
-821,70,-130,-205,-3148,-3432,0,0
-582,175,-123,-24,-3006,-3716,0,0
-490,148,-23,188,-3069,-3523,0,0
-619,82,9,-109,-2908,-3167,0,0
-556,79,17,-142,-2705,-3272,0,0
-491,82,-3,-35,-2765,-3558,0,0
-474,90,-56,-20,-2693,-3649,0,0
-360,111,-69,51,-2697,-3723,0,0
-413,95,-83,97,-2573,-3625,0,0
-418,111,-118,159,-2418,-3650,0,0
-373,78,-115,299,-2415,-3671,0,0
-392,14,-92,278,-2333,-3642,0,0
-353,-33,-65,274,-2278,-3674,0,0
-284,-91,-40,200,-2190,-3712,0,0
-251,-146,-8,184,-2228,-3879,0,0
-231,-202,38,125,-2282,-3973,0,0
-241,-163,51,45,-2334,-4070,0,0
-186,-54,32,9,-2301,-4215,0,0
-104,35,28,65,-2338,-4273,0,0
-47,59,18,31,-2384,-4269,0,0
35,64,-6,66,-2386,-4235,0,0
126,87,-33,136,-2401,-4199,0,0
184,99,-37,208,-2428,-4133,0,0
198,79,-23,233,-2461,-4050,0,0
202,82,-30,309,-2410,-4024,0,0
278,114,22,375,-2383,-4116,0,0
353,66,98,363,-2517,-4163,0,0
427,-40,135,251,-2581,-4188,0,0
589,-76,113,180,-2646,-4120,0,0
776,-10,66,216,-2657,-4089,0,0
908,53,63,241,-2711,-3883,0,0
978,68,85,206,-2703,-3607,0,0
1065,110,98,197,-2803,-3333,0,0
1133,135,138,210,-2875,-3172,0,0
1141,86,185,155,-2802,-2910,0,0
1152,34,197,120,-2940,-2702,0,0
1210,-8,202,49,-3112,-2549,0,0
1274,-49,211,79,-3249,-2371,0,0
1368,-195,215,-83,-3307,-2010,0,0
1380,-327,215,-251,-3148,-1405,0,0
1483,-239,158,-226,-3470,-1554,0,0
1507,-292,155,-269,-3776,-1379,0,0
1405,-375,146,-391,-3597,-996,0,0
1369,-366,47,-423,-3740,-708,0,0
1336,-374,-23,-422,-3761,-350,0,0
1268,-299,-59,-340,-3672,-145,0,0
1225,-217,-62,-188,-3852,-18,0,0
1048,-161,-51,-163,-4031,171,0,0
917,-135,-75,-210,-4125,494,0,0
866,-117,-89,-205,-4151,713,0,0
788,-90,-174,-213,-4309,709,0,0
727,-113,-250,-174,-4249,791,0,0
696,-168,-286,-19,-4237,738,0,0
591,-323,-290,26,-4176,867,0,0
453,-429,-257,102,-4075,1196,0,0
451,-374,-201,258,-4293,1043,0,0
416,-325,-126,305,-4320,996,0,0
339,-195,-96,242,-4220,1046,0,0
313,-24,-86,238,-4237,1076,0,0
243,66,-54,175,-4201,1243,0,0
162,138,-42,191,-4230,1286,0,0
86,185,-63,236,-4253,1244,0,0
-15,168,-94,212,-4207,1217,0,0
-57,133,-76,252,-4199,1153,0,0
-59,101,-52,299,-4133,1207,0,0
16,82,-39,302,-4105,1265,0,0
37,60,-46,330,-4091,1337,0,0
90,74,-71,276,-4121,1332,0,0
90,95,-106,269,-4314,1196,0,0
-52,24,-85,206,-4352,1144,0,0
-192,-37,-66,230,-4264,1150,0,0
-208,-56,-46,230,-4198,1162,0,0
-271,-27,-45,200,-4071,1106,0,0
-234,90,-111,307,-4076,893,0,0
-144,167,-143,310,-4242,934,0,0
-162,202,-98,350,-4218,982,0,0
-267,173,-31,342,-4092,1093,0,0
-420,142,17,365,-4149,1139,0,0
-543,119,54,413,-4145,1065,0,0
-625,54,63,353,-4025,939,0,0
-671,-22,2,316,-4042,988,0,0
-605,-62,-71,369,-4170,925,0,0
-702,-111,-51,369,-3997,618,0,0
-835,-157,34,311,-3749,438,0,0
-978,-81,87,354,-3696,20,0,0
-974,36,120,317,-3703,-130,0,0
-959,175,98,317,-3791,-312,0,0
-837,184,45,295,-3969,-511,0,0
-796,137,39,202,-4066,-584,0,0
-1082,51,38,157,-3880,-911,0,0
-1158,-71,60,175,-3852,-1074,0,0
-1046,-107,54,243,-3933,-1328,0,0
-910,-160,86,169,-4096,-1292,0,0
-930,-174,90,137,-3854,-1350,0,0
-844,-173,76,129,-3885,-1510,0,0
-869,-212,86,149,-3887,-1688,0,0
-904,-233,95,103,-3908,-2112,0,0
-771,-323,80,162,-3912,-2056,0,0
-647,-294,71,-181,-3738,-1885,0,0
-703,-186,20,-229,-3890,-2141,0,0
-881,-83,-26,3,-3813,-2492,0,0
-921,-9,-12,197,-3753,-2799,0,0
-991,-35,59,88,-3476,-2703,0,0
-1011,-83,67,89,-3311,-2459,0,0
-1001,-60,33,55,-3213,-2991,0,0
-980,-100,150,178,-3079,-3710,0,0
-812,-189,210,-81,-2860,-3580,0,0
-589,-148,142,-202,-3001,-3629,0,0
-505,-89,88,-190,-2993,-3542,0,0
-438,-19,66,-131,-2857,-3596,0,0
-356,-13,54,-103,-2838,-3577,0,0
-260,-22,47,-166,-2808,-3494,0,0
-204,-30,33,-196,-2786,-3450,0,0
-166,-40,24,-151,-2775,-3536,0,0
-131,-83,39,-186,-2775,-3630,0,0
-99,-152,15,-325,-2864,-3680,0,0
-55,-148,-22,-285,-2763,-3739,0,0
-8,-62,-41,-180,-2759,-3959,0,0
23,-22,-11,-245,-2788,-3927,0,0
81,-18,36,-283,-2791,-3964,0,0
191,-41,41,-299,-2848,-3922,0,0
285,-51,19,-243,-3034,-3911,0,0
337,-54,10,-275,-3045,-3830,0,0
385,-73,50,-246,-3028,-3860,0,0
532,-82,103,-327,-2904,-3835,0,0
644,-27,126,-352,-3148,-3809,0,0
737,51,124,-446,-3220,-3702,0,0
815,104,106,-367,-3355,-3568,0,0
790,126,36,-481,-3350,-3336,0,0
1000,213,-67,-547,-3374,-3300,0,0
1235,242,-99,-359,-3364,-3051,0,0
1268,226,-113,-337,-3450,-2584,0,0
1235,186,-143,-295,-3592,-2190,0,0
1274,198,-215,-187,-3483,-1993,0,0
1403,196,-242,-28,-3506,-1708,0,0
1349,152,-175,208,-3610,-1423,0,0
1092,73,-74,109,-3594,-1031,0,0
1016,46,-68,-186,-3332,-887,0,0
1249,-11,-103,-4,-3550,-961,0,0
1244,-180,-89,84,-3755,-655,0,0
1225,-303,-88,-32,-3748,-276,0,0
1239,-324,-142,43,-3658,105,0,0
1160,-273,-186,263,-3921,250,0,0
942,-306,-119,284,-3890,362,0,0
701,-313,-14,177,-3705,554,0,0
646,-188,-38,226,-4084,572,0,0
688,-135,-44,273,-4092,533,0,0
644,-150,-18,206,-4119,613,0,0
555,-175,-1,211,-4209,683,0,0
510,-269,28,180,-4126,861,0,0
424,-315,72,158,-4056,1041,0,0
402,-268,81,173,-4251,923,0,0
369,-220,54,75,-4333,981,0,0
338,-122,34,151,-4349,894,0,0
258,-50,15,123,-4365,970,0,0
198,45,-48,111,-4375,1004,0,0
180,111,-93,175,-4326,994,0,0
98,111,-112,241,-4263,1071,0,0
-10,91,-83,281,-4272,1106,0,0
-47,66,-52,235,-4101,1021,0,0
-28,26,3,247,-4177,1003,0,0
-52,-4,40,206,-4205,977,0,0
-41,7,53,177,-4235,953,0,0
-42,50,43,165,-4259,930,0,0
-55,85,28,174,-4262,942,0,0
-73,97,3,153,-4256,979,0,0
-72,92,2,151,-4200,964,0,0
-57,79,23,173,-4205,960,0,0
-39,67,35,164,-4230,996,0,0
-62,55,46,133,-4269,989,0,0
-108,39,77,145,-4255,972,0,0
-131,28,94,101,-4268,934,0,0
-145,17,82,90,-4254,888,0,0
-113,-12,59,74,-4245,878,0,0
-104,-40,30,66,-4296,951,0,0
-108,-15,15,128,-4315,937,0,0
-135,12,23,166,-4300,951,0,0
-238,51,58,176,-4297,1015,0,0
-385,102,89,165,-4358,1065,0,0
-601,165,95,92,-4358,1045,0,0
-755,283,39,66,-4291,872,0,0
-801,425,-55,41,-4191,730,0,0
-796,490,-112,28,-4176,550,0,0
-951,367,-61,51,-4089,458,0,0
-1139,143,-1,74,-3991,331,0,0
-1148,-191,65,25,-3886,138,0,0
-1112,-566,159,-6,-3656,24,0,0
-1016,-606,159,45,-3898,-416,0,0
-889,-310,117,-54,-3824,-889,0,0
-1021,37,122,-41,-3912,-1170,0,0
-1392,280,162,-87,-3831,-1348,0,0
-1360,394,149,-152,-3614,-1674,0,0
-1072,295,126,-92,-3634,-1822,0,0
-914,26,172,-40,-3469,-1963,0,0
-873,-129,261,-106,-3367,-1679,0,0
-876,7,255,-72,-3649,-1810,0,0
-982,166,176,-126,-3554,-2004,0,0
-1023,224,184,-185,-3589,-2389,0,0
-1050,103,173,-326,-3400,-2648,0,0
-840,-13,101,-358,-3020,-2734,0,0
-442,-100,60,-289,-3112,-2859,0,0
-460,-247,109,-343,-3145,-2803,0,0
-635,-314,119,-490,-3121,-2803,0,0
-597,-222,117,-471,-3232,-3094,0,0
-567,-83,97,-592,-3175,-3102,0,0
-615,76,35,-595,-3217,-3244,0,0
-680,131,8,-486,-3130,-3296,0,0
-673,142,-7,-372,-2908,-3342,0,0
-649,117,26,-289,-2778,-3381,0,0
-687,22,100,-360,-2680,-3481,0,0
-700,-68,133,-414,-2680,-3605,0,0
-609,-80,48,-561,-2578,-3728,0,0
-487,-61,-25,-499,-2649,-3934,0,0
-465,-54,-73,-485,-2473,-3989,0,0
-427,-33,-58,-403,-2385,-4031,0,0
-373,-23,-47,-401,-2248,-3967,0,0
-305,-29,-22,-390,-2332,-4057,0,0
-236,-83,-2,-449,-2303,-4047,0,0
-108,-76,-19,-509,-2316,-4056,0,0
-1,-38,-40,-442,-2318,-4042,0,0
-20,-5,-41,-409,-2377,-4055,0,0
-25,23,-27,-446,-2326,-4041,0,0
52,75,-40,-431,-2293,-4036,0,0
105,81,-51,-386,-2303,-3985,0,0
102,74,-30,-295,-2311,-3926,0,0
-1,59,32,-316,-2316,-3900,0,0
-52,47,60,-351,-2217,-4046,0,0
119,30,78,-313,-2353,-4135,0,0
301,10,71,-425,-2333,-4058,0,0
403,-28,59,-416,-2451,-4108,0,0
479,-78,57,-452,-2468,-4119,0,0
598,-71,38,-525,-2573,-4164,0,0
675,-12,3,-512,-2752,-4184,0,0
790,69,-66,-530,-2798,-4077,0,0
968,116,-129,-487,-2783,-3811,0,0
1082,121,-182,-327,-2837,-3557,0,0
1066,73,-191,-270,-2970,-3385,0,0
805,-18,-169,-198,-2891,-3174,0,0
765,-64,-134,-147,-2866,-2852,0,0
1062,-32,-112,-267,-2979,-2713,0,0
1307,-6,-107,-307,-3049,-2571,0,0
1465,2,-112,-295,-3111,-2336,0,0
1540,-25,-114,-327,-3287,-1951,0,0
1532,-42,-108,-295,-3387,-1681,0,0
1543,-88,-99,-296,-3353,-1351,0,0
1423,-97,-79,-338,-3445,-923,0,0
1322,-47,-82,-211,-3497,-721,0,0
1334,-61,-91,-216,-3706,-516,0,0
1312,-97,-93,-184,-3683,-88,0,0
1382,-31,-198,-53,-3760,113,0,0
1387,-44,-252,36,-4024,398,0,0
1231,-83,-274,85,-4015,561,0,0
1232,-132,-278,193,-4080,667,0,0
1151,-195,-252,158,-4217,830,0,0
937,-231,-252,151,-4136,949,0,0
865,-237,-202,248,-4066,956,0,0
732,-248,-150,244,-4063,1095,0,0
580,-217,-159,252,-4211,1168,0,0
515,-161,-190,321,-4327,1142,0,0
425,-110,-226,413,-4291,1129,0,0
310,-77,-198,499,-4229,1135,0,0
260,-35,-130,502,-4122,1209,0,0
219,20,-91,438,-4091,1329,0,0
123,69,-70,435,-4111,1324,0,0
-26,95,-29,473,-4210,1294,0,0
-142,99,29,434,-4158,1223,0,0
-144,81,58,376,-4083,1252,0,0
-106,88,84,390,-4105,1233,0,0
-92,111,88,367,-4172,1137,0,0
-49,119,44,258,-4120,1181,0,0
26,139,-1,294,-4136,1198,0,0
3,136,-24,325,-4202,1292,0,0
-59,123,-38,316,-4190,1337,0,0
-87,111,-52,350,-4140,1280,0,0
-100,82,-55,352,-4114,1236,0,0
-99,53,-55,360,-4165,1202,0,0
-125,25,-26,391,-4178,1267,0,0
-176,12,1,414,-4138,1315,0,0
-211,3,27,425,-4177,1316,0,0
-271,-21,52,401,-4209,1268,0,0
-408,-62,86,421,-4259,1236,0,0
-578,-99,146,347,-4220,1152,0,0
-756,-99,274,356,-4134,924,0,0
-919,-5,346,336,-4105,863,0,0
-883,148,303,223,-4105,756,0,0
-812,234,281,202,-4167,658,0,0
-967,235,262,155,-4198,546,0,0
-1121,165,231,89,-4053,315,0,0
-1176,26,203,-8,-4076,103,0,0
-1185,-49,105,-310,-3765,-51,0,0
-1117,19,68,-181,-3706,-510,0,0
-1189,80,70,-63,-4025,-854,0,0
-1381,109,113,-159,-3857,-990,0,0
-1327,138,122,-200,-3633,-1135,0,0
-1317,99,91,-121,-3817,-1447,0,0
-1266,4,86,-125,-3478,-1634,0,0
-1077,-57,50,-67,-3490,-1868,0,0
-1095,-137,29,-51,-3641,-2031,0,0
-1075,-85,-29,-237,-3378,-2077,0,0
-876,13,-45,-45,-3437,-2562,0,0
-974,-27,-15,55,-3522,-2732,0,0
-1008,-75,57,23,-3130,-2712,0,0
-829,-73,88,-1,-3031,-2720,0,0
-754,-93,90,-4,-3025,-2820,0,0
-633,-133,143,-29,-2818,-2819,0,0
-572,-187,211,-96,-3099,-2816,0,0
-686,-231,228,-261,-3137,-2912,0,0
-642,-232,254,-449,-3086,-3009,0,0
-653,-206,226,-562,-3124,-3327,0,0
-766,-172,222,-587,-3040,-3561,0,0
-772,-80,199,-690,-2825,-3637,0,0
-679,40,160,-644,-2566,-3797,0,0
-592,117,122,-603,-2556,-3868,0,0
-535,128,88,-610,-2453,-3878,0,0
-400,65,53,-577,-2377,-3795,0,0
-271,-49,-1,-629,-2230,-3760,0,0
-192,-96,-32,-577,-2213,-3879,0,0
-149,-10,-71,-493,-2322,-4016,0,0
-156,62,-31,-490,-2304,-3880,0,0
-178,68,2,-509,-2269,-3850,0,0
-231,-55,38,-539,-2323,-3910,0,0
-279,-171,39,-688,-2318,-4024,0,0
-193,-135,4,-641,-2251,-4163,0,0
-61,31,-69,-635,-2344,-4195,0,0
-11,152,-121,-514,-2309,-4209,0,0
76,147,-110,-453,-2168,-4044,0,0
146,86,-92,-370,-2108,-3949,0,0
172,-8,-67,-360,-2248,-3984,0,0
193,-70,-51,-375,-2402,-4038,0,0
228,-56,-41,-493,-2476,-4160,0,0
230,33,-48,-374,-2535,-4300,0,0
255,175,9,-499,-2534,-4510,0,0
299,196,25,-455,-2597,-4455,0,0
456,178,-14,-406,-2666,-4266,0,0
686,126,-36,-382,-2801,-4022,0,0
728,82,-56,-316,-2818,-3951,0,0
823,97,-47,-322,-2699,-3849,0,0
973,173,-47,-294,-2666,-3673,0,0
1062,266,-69,-168,-2595,-3390,0,0
1136,256,-48,-91,-2841,-3196,0,0
1219,114,-42,-213,-2847,-2875,0,0
1372,39,-27,-159,-2852,-2596,0,0
1469,42,-45,-122,-3000,-2333,0,0
1453,64,-51,-131,-3094,-2018,0,0
1427,140,-17,-153,-3142,-1813,0,0
1434,181,5,-122,-3301,-1572,0,0
1288,76,28,-103,-3653,-1252,0,0
1207,-45,16,-287,-3673,-874,0,0
1355,-102,-8,-208,-3657,-846,0,0
1381,-214,-63,-125,-3745,-684,0,0
1306,-298,-101,-84,-3688,-475,0,0
1283,-324,-116,27,-3768,-255,0,0
1206,-294,-154,49,-3873,152,0,0
1145,-181,-179,138,-3935,309,0,0
1106,-112,-185,165,-4010,443,0,0
996,-128,-148,154,-4098,736,0,0
842,-138,-118,142,-4148,938,0,0
717,-138,-100,143,-4312,930,0,0
567,-203,-64,146,-4313,1024,0,0
450,-195,-38,131,-4175,1009,0,0
413,-124,-43,187,-4202,904,0,0
348,-61,-41,191,-4239,959,0,0
274,21,-27,192,-4365,997,0,0
173,80,-3,133,-4353,1023,0,0
107,115,-4,137,-4285,1005,0,0
81,127,11,167,-4284,1032,0,0
53,123,-4,150,-4209,1067,0,0
18,90,-14,151,-4283,1030,0,0
-44,13,0,147,-4219,994,0,0
-46,-45,6,131,-4257,971,0,0
-26,-65,6,123,-4207,938,0,0
1,-40,-6,125,-4215,919,0,0
20,11,-31,136,-4263,914,0,0
10,66,-47,143,-4270,943,0,0
-32,108,-47,173,-4295,1022,0,0
-108,129,-56,170,-4249,1019,0,0
-118,139,-60,187,-4256,956,0,0
-132,140,-66,202,-4257,968,0,0
-142,142,-63,257,-4171,1006,0,0
-115,174,-57,274,-4236,956,0,0
-147,176,-34,220,-4250,980,0,0
-211,176,6,293,-4277,949,0,0
-268,151,42,214,-4273,948,0,0
-339,103,71,182,-4274,910,0,0
-394,55,82,196,-4241,766,0,0
-349,-15,53,119,-4101,798,0,0
-198,-51,23,235,-4193,876,0,0
-135,-64,53,144,-4336,713,0,0
-244,-92,85,64,-4352,752,0,0
-413,-52,91,79,-4375,734,0,0
-513,14,77,112,-4279,698,0,0
-563,69,85,193,-4103,702,0,0
-663,75,87,187,-4050,746,0,0
-851,6,136,133,-3885,594,0,0
-1011,-136,230,88,-3950,180,0,0
-1162,-271,327,-44,-4001,-76,0,0
-1148,-171,282,-209,-3823,-516,0,0
-981,29,204,-181,-3948,-969,0,0
-1142,128,169,-223,-3941,-908,0,0
-1299,184,152,-306,-3947,-888,0,0
-1278,184,132,-276,-3777,-1026,0,0
-1255,70,138,-231,-3674,-1093,0,0
-1364,-77,154,-285,-3539,-1568,0,0
-1337,-159,152,-384,-3552,-2001,0,0
-1119,-28,86,-318,-3548,-2400,0,0
-919,144,-2,-239,-3641,-2675,0,0
-886,189,-39,-291,-3534,-2551,0,0
-697,108,-26,-246,-3367,-2551,0,0
-468,17,13,-173,-3165,-2595,0,0
-382,27,15,-14,-3184,-2774,0,0
-509,63,18,-121,-3216,-2685,0,0
-566,127,42,-221,-3150,-2772,0,0
-625,64,87,-218,-3176,-2703,0,0
-719,-70,118,-284,-3084,-2792,0,0
-755,-203,117,-349,-3025,-2776,0,0
-810,-214,106,-396,-2956,-2989,0,0
-909,-174,102,-354,-2842,-3301,0,0
-922,-127,119,-414,-2780,-3555,0,0
-825,-92,106,-487,-2656,-3753,0,0
-687,-77,93,-507,-2631,-3946,0,0
-568,-62,57,-541,-2584,-4022,0,0
-468,1,17,-510,-2586,-4183,0,0
-363,61,-29,-471,-2446,-4134,0,0
-239,132,-82,-341,-2351,-3994,0,0
-183,115,-76,-324,-2375,-3806,0,0
-256,22,-17,-305,-2307,-3895,0,0
-291,-62,35,-348,-2316,-4016,0,0
-267,-93,39,-407,-2260,-4072,0,0
-145,-90,34,-422,-2238,-4143,0,0
7,-51,13,-448,-2278,-4195,0,0
103,-30,27,-393,-2421,-4288,0,0
80,-73,103,-495,-2065,-4130,0,0
200,24,118,-609,-2145,-4132,0,0
215,177,80,-615,-2456,-4149,0,0
210,245,48,-568,-2564,-4240,0,0
289,153,-2,-524,-2782,-4289,0,0
387,-13,-48,-438,-2743,-4320,0,0
483,-182,-61,-470,-2911,-4353,0,0
362,-282,-66,-467,-2744,-3967,0,0
419,-177,-109,-511,-2397,-3853,0,0
678,-20,-160,-361,-2494,-3872,0,0
774,-4,-140,-333,-2562,-3753,0,0
963,-54,-124,-371,-2654,-3531,0,0
1155,-37,-139,-356,-2828,-3341,0,0
1233,-46,-143,-294,-2951,-3166,0,0
1249,-106,-153,-352,-2996,-2905,0,0
1295,-132,-163,-407,-2994,-2621,0,0
1321,24,-161,-149,-3121,-2437,0,0
1371,168,-166,-236,-3227,-2204,0,0
1373,115,-122,-233,-3318,-1766,0,0
1323,-19,-107,-227,-3271,-1371,0,0
1334,-68,-115,-185,-3336,-1202,0,0
1352,-110,-57,-151,-3418,-1068,0,0
1236,-216,66,-72,-3547,-878,0,0
1029,-399,140,-348,-3700,-458,0,0
918,-381,53,-570,-3862,-251,0,0
1050,-276,-45,-329,-4068,-614,0,0
981,-327,-125,-375,-4081,-242,0,0
805,-283,-177,-291,-4036,37,0,0
746,-215,-187,-168,-4033,151,0,0
608,-193,-179,-115,-4041,432,0,0
436,-160,-99,-122,-4269,431,0,0
330,-173,-4,-128,-4286,375,0,0
318,-183,10,-231,-4314,395,0,0
323,-168,-20,-281,-4394,282,0,0
363,-157,-65,-258,-4332,258,0,0
398,-129,-116,-197,-4444,375,0,0
335,-81,-157,-114,-4459,434,0,0
282,-37,-175,-11,-4402,527,0,0
243,-3,-188,80,-4392,591,0,0
194,24,-164,128,-4334,624,0,0
134,37,-125,151,-4326,615,0,0
57,30,-82,124,-4288,621,0,0
12,35,-43,143,-4291,590,0,0
-17,39,-3,108,-4286,583,0,0
-62,33,38,51,-4303,537,0,0
-82,26,66,28,-4310,463,0,0
-72,24,82,-8,-4317,458,0,0
-80,34,78,-29,-4376,446,0,0
-88,42,71,-27,-4401,462,0,0
-115,55,52,-67,-4391,457,0,0
-134,72,35,-63,-4372,412,0,0
-146,99,31,-66,-4384,387,0,0
-153,123,30,-69,-4372,421,0,0
-178,142,35,-70,-4353,429,0,0
-195,144,44,-39,-4313,487,0,0
-246,124,102,9,-4201,642,0,0
-340,130,155,-95,-4268,575,0,0
-420,110,147,-177,-4507,392,0,0
-488,40,132,-194,-4411,295,0,0
-492,-16,74,-202,-4255,130,0,0
-520,-119,79,-155,-4359,117,0,0
-563,-191,79,-241,-4077,147,0,0
-616,-147,112,-104,-4308,-64,0,0
-730,-74,148,-210,-3974,-165,0,0
-768,56,146,-220,-4017,-336,0,0
-808,174,172,-193,-3967,-518,0,0
-797,216,154,-205,-3681,-305,0,0
-840,250,149,-94,-3496,-203,0,0
-872,242,140,-287,-3211,-426,0,0
-1178,175,256,-432,-3668,-903,0,0
-1432,202,318,-411,-3618,-1789,0,0
-1272,286,237,-484,-3769,-2069,0,0
-3232,415,160,-492,-3832,-2240,0,0
-1192,452,49,-420,-3747,-2457,0,0
-1179,356,17,-259,-3771,-2511,0,0
-1029,234,-17,-279,-3429,-2553,0,0
-895,131,-35,-116,-3338,-2679,0,0
-863,53,-3,-72,-3084,-2802,0,0
-793,65,62,-188,-3049,-2907,0,0
-716,85,114,-450,-3076,-3098,0,0
-678,108,128,-411,-2900,-3263,0,0
-512,109,97,-492,-2973,-3303,0,0
-461,17,57,-473,-3047,-3090,0,0
-435,-14,31,-529,-3007,-3121,0,0
-475,-59,45,-479,-2897,-3218,0,0
-563,-43,43,-408,-2786,-3302,0,0
-602,10,31,-387,-2724,-3385,0,0
-640,20,22,-362,-2688,-3432,0,0
-644,-41,-5,-438,-2534,-3540,0,0
-565,-156,21,-397,-2516,-3730,0,0
-507,-191,12,-399,-2439,-4058,0,0
-408,-89,-20,-386,-2434,-4210,0,0
-286,71,-53,-386,-2438,-4168,0,0
-188,158,-77,-336,-2378,-4073,0,0
-171,143,-94,-244,-2449,-4132,0,0
-112,32,-71,-222,-2402,-4123,0,0
-23,-46,-42,-256,-2344,-4110,0,0
1,-65,-19,-273,-2417,-4165,0,0
71,-14,3,-342,-2357,-4190,0,0
187,54,-6,-344,-2393,-4111,0,0
208,83,-7,-279,-2558,-4100,0,0
246,108,-5,-337,-2525,-3984,0,0
372,121,-28,-250,-2498,-3984,0,0
510,120,-32,-141,-2449,-3914,0,0
574,69,37,-154,-2547,-3778,0,0
551,-32,96,-246,-2776,-3693,0,0
533,-117,131,-295,-3029,-3704,0,0
547,-112,96,-458,-3047,-3660,0,0
625,-1,32,-374,-3029,-3755,0,0
710,66,22,-394,-3004,-3677,0,0
785,67,0,-380,-3014,-3488,0,0
900,41,-24,-389,-3051,-3281,0,0
1001,14,-30,-339,-3173,-3138,0,0
1060,-6,-31,-341,-3164,-2962,0,0
1166,3,-51,-329,-3251,-2755,0,0
1268,7,-75,-348,-3216,-2493,0,0
1370,33,-111,-196,-3221,-2228,0,0
1377,-53,-94,-201,-3406,-1961,0,0
1260,-227,-47,-259,-3354,-1530,0,0
1266,-312,-73,-236,-3483,-1281,0,0
1295,-376,-80,-190,-3629,-1107,0,0
1314,-416,-83,-238,-3554,-813,0,0
1278,-404,-86,-261,-3822,-727,0,0
1177,-419,-85,-283,-3897,-407,0,0
1169,-364,-139,-186,-3756,-164,0,0
1136,-359,-133,-163,-3945,86,0,0
870,-353,-126,-143,-3989,451,0,0
752,-255,-150,-26,-4043,474,0,0
705,-192,-152,-4,-4121,559,0,0
566,-141,-126,0,-4167,611,0,0
433,-130,-61,5,-4209,625,0,0
308,-151,-28,-113,-4218,581,0,0
258,-159,-5,-47,-4222,505,0,0
285,-140,1,-31,-4221,552,0,0
305,-81,-25,-45,-4321,710,0,0
291,-2,-57,-23,-4373,768,0,0
235,30,-68,-2,-4346,770,0,0
151,17,-53,-19,-4356,745,0,0
95,-12,-42,7,-4350,763,0,0
111,-38,-38,49,-4307,777,0,0
111,-65,-53,69,-4294,834,0,0
133,-81,-55,94,-4283,832,0,0
107,-103,-34,63,-4302,858,0,0
39,-122,-34,40,-4250,811,0,0
19,-131,-14,52,-4291,761,0,0
-45,-124,10,36,-4350,781,0,0
-94,-81,36,26,-4313,755,0,0
-84,-9,34,-3,-4287,710,0,0
-95,45,22,-107,-4335,604,0,0
-113,59,31,-177,-4341,499,0,0
-38,78,-16,-206,-4284,432,0,0
82,118,-90,-108,-4241,514,0,0
158,168,-132,26,-4308,701,0,0
146,201,-143,92,-4410,842,0,0
55,183,-136,138,-4418,897,0,0
-42,119,-126,183,-4270,895,0,0
-105,44,-92,215,-4256,858,0,0
-149,-23,-60,210,-4225,859,0,0
-186,-59,-30,246,-4264,870,0,0
-243,-52,8,318,-4233,809,0,0
-287,-28,43,278,-4223,781,0,0
-351,-16,96,285,-4218,693,0,0
-395,-36,163,248,-4152,634,0,0
-452,-70,220,171,-4094,568,0,0
-520,-96,284,125,-4202,390,0,0
-531,-76,325,-27,-4260,269,0,0
-519,10,277,-167,-4310,243,0,0
-524,140,222,-135,-4241,195,0,0
-611,251,185,-234,-4168,92,0,0
-726,269,194,-282,-4124,78,0,0
-852,211,201,-422,-4090,-301,0,0
-918,-10,224,-423,-4296,-738,0,0
-917,-234,203,-404,-4411,-600,0,0
-822,-172,70,-373,-4323,-729,0,0
-723,-4,22,-301,-4066,-927,0,0
-812,103,73,-211,-3961,-983,0,0
-873,185,89,-229,-3894,-930,0,0
-835,252,28,-332,-3755,-954,0,0
-897,210,28,-172,-3861,-1163,0,0
-1105,46,40,-235,-3653,-1344,0,0
-1147,-67,68,-458,-3540,-1468,0,0
-1020,23,40,-350,-3518,-2058,0,0
-1001,183,30,-114,-3538,-2344,0,0
-1045,363,92,-95,-3428,-2238,0,0
-1083,435,143,-191,-3314,-2276,0,0
-1051,350,158,-217,-3140,-2481,0,0
-929,183,151,-194,-3141,-2752,0,0
-837,-22,178,-275,-3144,-2886,0,0
-715,-120,180,-530,-2958,-2900,0,0
-563,-69,184,-639,-3107,-3224,0,0
-648,-56,175,-514,-3303,-3314,0,0
-797,-8,139,-460,-3148,-3307,0,0
-772,60,110,-471,-2790,-3334,0,0
-726,84,55,-426,-2586,-3352,0,0
-692,39,49,-336,-2487,-3448,0,0
-646,-58,83,-436,-2374,-3514,0,0
-635,-119,101,-452,-2268,-3620,0,0
-578,-116,69,-377,-2251,-3831,0,0
-439,-30,12,-551,-2136,-3844,0,0
-263,129,22,-400,-2024,-3925,0,0
-340,163,88,-386,-2229,-3918,0,0
-519,53,107,-561,-2283,-3921,0,0
-472,-16,64,-563,-2217,-4068,0,0
-339,-49,16,-562,-2170,-4153,0,0
-330,-78,-16,-542,-2120,-4402,0,0
-299,-75,-22,-526,-2237,-4724,0,0
-188,-21,-15,-492,-2208,-4690,0,0
-25,97,-21,-475,-2102,-4617,0,0
113,148,-30,-444,-2142,-4553,0,0
230,71,-40,-453,-2137,-4563,0,0
360,-78,-40,-447,-2203,-4537,0,0
397,-188,-37,-460,-2252,-4549,0,0
480,-192,-62,-536,-2209,-4616,0,0
695,-80,-102,-504,-2260,-4549,0,0
910,57,-130,-508,-2258,-4320,0,0
1023,92,-148,-424,-2426,-3989,0,0
1057,64,-150,-370,-2552,-3738,0,0
1129,35,-173,-341,-2591,-3484,0,0
1239,48,-207,-276,-2762,-3184,0,0
1297,57,-179,-257,-2823,-2895,0,0
1227,3,-125,-283,-2952,-2681,0,0
1103,-51,-99,-354,-3135,-2598,0,0
1234,-64,-110,-333,-3018,-2573,0,0
1369,-86,-92,-301,-3238,-2348,0,0
1387,-123,-82,-308,-3252,-2012,0,0
1458,-149,-71,-338,-3220,-1658,0,0
1482,-172,-75,-356,-3293,-1324,0,0
1443,-128,-93,-300,-3345,-1032,0,0
1345,-65,-85,-263,-3763,-812,0,0
1076,-62,-46,-418,-3883,-491,0,0
960,-4,-79,-495,-3729,-480,0,0
930,10,-120,-340,-3901,-544,0,0
852,1,-169,-168,-3870,-360,0,0
841,7,-193,-78,-4137,-180,0,0
714,-25,-200,-21,-4267,34,0,0
640,-56,-194,76,-4098,236,0,0
652,-91,-162,221,-4069,290,0,0
562,-194,-96,326,-4244,357,0,0
433,-303,7,282,-4153,567,0,0
401,-292,92,106,-4096,563,0,0
331,-215,85,-48,-4399,376,0,0
205,-112,20,-101,-4575,259,0,0
158,-8,-32,-79,-4470,304,0,0
130,55,-64,-57,-4386,409,0,0
98,101,-84,-33,-4301,495,0,0
131,117,-76,-4,-4392,495,0,0
96,89,-56,20,-4327,558,0,0
68,74,-34,46,-4304,635,0,0
63,71,-15,83,-4367,558,0,0
30,46,-9,43,-4383,522,0,0
10,12,-14,32,-4332,485,0,0
13,-14,-6,35,-4327,450,0,0
10,-26,-16,53,-4367,455,0,0
-13,-21,-20,73,-4334,483,0,0
-64,15,-11,111,-4328,467,0,0
-133,60,25,65,-4403,449,0,0
-176,103,53,5,-4357,411,0,0
-186,138,81,74,-4414,359,0,0
-248,141,120,92,-4360,419,0,0
-246,141,112,-44,-4223,431,0,0
-150,105,82,-11,-4327,346,0,0
-144,31,48,-46,-4430,308,0,0
-155,-37,34,-70,-4431,313,0,0
-150,-65,32,-47,-4296,379,0,0
-188,-46,25,11,-4339,494,0,0
-306,5,13,-106,-4357,429,0,0
-370,21,19,-228,-4329,167,0,0
-484,7,40,-108,-4272,111,0,0
-601,53,55,-41,-4228,107,0,0
-606,141,127,-41,-4108,-100,0,0
-637,288,180,-141,-4033,-324,0,0
-388,553,93,197,-4149,-730,0,0
-217,609,27,-59,-4353,-355,0,0
-429,495,75,-226,-4092,124,0,0
-798,329,107,-155,-4164,68,0,0
-1043,142,99,-129,-3941,-170,0,0
-1138,26,118,-89,-3837,-467,0,0
-1266,-39,124,-181,-3657,-791,0,0
-1250,-16,87,-304,-3404,-1160,0,0
-1115,116,67,-136,-3486,-1524,0,0
-860,265,48,119,-3443,-1789,0,0
-930,294,78,-207,-3659,-1685,0,0
-1224,270,87,-251,-3625,-1823,0,0
-1345,145,57,-269,-3405,-2150,0,0
-1276,-24,73,-127,-3273,-2513,0,0
-1099,-259,121,-318,-3016,-2749,0,0
-901,-439,167,-373,-2783,-2675,0,0
-787,-445,203,-284,-3182,-3001,0,0
-974,-334,163,-569,-3140,-2942,0,0
-965,-142,137,-703,-2910,-3135,0,0
-936,-57,108,-674,-2798,-3514,0,0
-941,-61,79,-644,-2687,-3622,0,0
-785,-36,66,-640,-2446,-3663,0,0
-756,-55,50,-560,-2593,-3696,0,0
-841,-96,47,-650,-2377,-3815,0,0
-715,-21,17,-516,-2333,-4066,0,0
-596,50,-1,-537,-2464,-4096,0,0
-598,53,-33,-562,-2333,-4127,0,0
-506,25,-59,-534,-2181,-4279,0,0
-343,-41,-63,-505,-2143,-4357,0,0
-251,-107,-29,-550,-2048,-4448,0,0
-134,-114,21,-604,-2180,-4571,0,0
-118,-67,44,-647,-2324,-4816,0,0
-72,-29,26,-746,-2273,-4924,0,0
113,-10,-42,-742,-2231,-4815,0,0
339,-10,-100,-649,-2196,-4541,0,0
478,-30,-114,-568,-2115,-4277,0,0
546,-73,-77,-534,-2199,-4096,0,0
520,-163,1,-655,-2325,-3963,0,0
532,-155,24,-690,-2338,-4003,0,0
688,-88,-3,-805,-2491,-3930,0,0
733,-76,-45,-757,-2721,-3888,0,0
700,-114,-97,-772,-2990,-3789,0,0
771,-122,-174,-828,-2695,-3619,0,0
1026,-63,-260,-674,-2638,-3368,0,0
1115,-55,-267,-661,-2694,-3173,0,0
1120,-110,-215,-633,-2790,-2952,0,0
1114,-130,-198,-676,-3012,-2752,0,0
1166,-70,-219,-562,-3066,-2634,0,0
1208,-13,-230,-481,-3277,-2470,0,0
1175,-1,-215,-502,-3262,-2285,0,0
1274,12,-215,-409,-3166,-2101,0,0
1404,-8,-224,-277,-3385,-1722,0,0
1350,-24,-187,-233,-3623,-1389,0,0
1235,-38,-132,-307,-3689,-1130,0,0
1214,-32,-118,-363,-3611,-776,0,0
1222,34,-155,-221,-3799,-717,0,0
1084,1,-140,-163,-3973,-490,0,0
923,-43,-132,-237,-3831,-146,0,0
822,-56,-143,-212,-4016,55,0,0
655,-55,-159,-148,-4100,104,0,0
540,-57,-164,-104,-4026,30,0,0
326,-120,-111,-104,-4325,-115,0,0
159,-153,-38,-19,-4231,-246,0,0
272,-110,-34,-24,-4112,-161,0,0
370,-31,-45,-34,-4267,-45,0,0
317,22,-53,-65,-4202,26,0,0
245,14,-15,-82,-4357,9,0,0
169,-47,31,-101,-4330,33,0,0
211,-70,5,-136,-4254,69,0,0
284,-71,-6,-117,-4322,90,0,0
284,-68,2,-118,-4225,190,0,0
293,-29,31,-113,-4283,268,0,0
221,7,67,-163,-4448,301,0,0
136,27,78,-220,-4486,349,0,0
97,51,64,-225,-4503,339,0,0
98,52,5,-235,-4395,301,0,0
154,32,-40,-198,-4334,308,0,0
170,8,-40,-187,-4367,349,0,0
148,-9,-20,-199,-4339,418,0,0
134,5,1,-176,-4344,448,0,0
96,28,10,-191,-4404,401,0,0
52,38,10,-210,-4365,406,0,0
41,44,6,-197,-4373,427,0,0
18,43,-8,-195,-4366,445,0,0
21,43,-33,-187,-4395,440,0,0
21,29,-41,-162,-4417,413,0,0
-6,16,-37,-143,-4353,451,0,0
-11,23,-50,-104,-4348,465,0,0
-52,35,-47,-69,-4420,474,0,0
-109,42,-35,-54,-4343,468,0,0
-103,48,-45,-40,-4373,428,0,0
-107,35,-49,-41,-4365,427,0,0
-110,18,-33,-17,-4255,467,0,0
-99,14,-16,-24,-4322,454,0,0
-122,6,3,-53,-4390,459,0,0
-143,5,30,-41,-4365,468,0,0
-181,4,50,-105,-4314,473,0,0
-258,-2,56,-134,-4343,454,0,0
-341,3,62,-105,-4325,430,0,0
-401,20,62,-75,-4335,444,0,0
-481,30,61,-45,-4411,434,0,0
-597,-9,78,-12,-4294,471,0,0
-803,-139,147,-118,-4081,557,0,0
-1024,-256,222,-84,-4054,426,0,0
-1148,-165,205,-320,-3780,-155,0,0
-1029,80,206,-110,-3799,-985,0,0
-1054,239,221,-199,-3754,-1035,0,0
-1115,408,178,-317,-3721,-1014,0,0
-1135,466,174,-313,-3912,-1180,0,0
-1216,355,164,-376,-3600,-1266,0,0
-1179,225,192,-306,-3383,-1591,0,0
-1153,45,226,-293,-3416,-1697,0,0
-1214,-71,231,-449,-3472,-1672,0,0
-1277,-45,145,-577,-3367,-1993,0,0
-1246,33,90,-422,-3257,-2544,0,0
-1115,87,95,-297,-3179,-2853,0,0
-1028,137,127,-326,-2931,-2839,0,0
-960,206,139,-315,-2876,-2835,0,0
-892,369,93,-380,-2774,-2993,0,0
-647,489,33,-537,-2774,-3135,0,0
-686,397,31,-375,-2879,-3227,0,0
-783,134,66,-438,-2694,-3283,0,0
-775,-143,100,-432,-2678,-3312,0,0
-780,-285,70,-455,-2637,-3471,0,0
-787,-301,44,-515,-2567,-3496,0,0
-870,-232,9,-588,-2505,-3621,0,0
-883,-129,-9,-597,-2369,-4181,0,0
-796,-141,8,-583,-2222,-4353,0,0
-679,-121,20,-641,-2009,-4314,0,0
-526,-67,-42,-645,-2081,-4361,0,0
-421,-44,-63,-563,-2079,-4398,0,0
-372,-22,-63,-542,-2038,-4353,0,0
-296,25,-87,-532,-1909,-4320,0,0
-226,30,-96,-493,-1918,-4333,0,0
-195,-18,-84,-466,-1892,-4422,0,0
-99,-71,-59,-486,-1849,-4431,0,0
-8,-79,-57,-503,-1861,-4473,0,0
63,-75,-56,-521,-1932,-4475,0,0
161,-34,-61,-540,-1866,-4404,0,0
268,-8,-75,-532,-1865,-4338,0,0
306,-12,-79,-497,-1917,-4287,0,0
363,-25,-89,-544,-1940,-4221,0,0
406,-39,-86,-500,-1984,-4181,0,0
472,-24,-109,-498,-1959,-4097,0,0
569,-36,-125,-427,-2049,-4001,0,0
616,-104,-94,-418,-2204,-3927,0,0
629,-173,-56,-543,-2362,-3835,0,0
695,-157,-52,-626,-2479,-3840,0,0
793,-79,-93,-624,-2519,-3774,0,0
858,10,-146,-564,-2630,-3678,0,0
876,60,-161,-563,-2708,-3567,0,0
885,85,-161,-578,-2687,-3439,0,0
959,139,-172,-512,-2893,-3362,0,0
1017,184,-136,-457,-3105,-3270,0,0
1107,220,-111,-462,-3048,-3186,0,0
1239,253,-126,-321,-3138,-2924,0,0
1341,279,-124,-258,-3165,-2463,0,0
1446,300,-97,-170,-3145,-2101,0,0
1385,226,-21,-22,-3285,-1812,0,0
1218,96,71,-66,-3339,-1538,0,0
1250,-73,159,-337,-3399,-1236,0,0
1186,-197,166,-416,-3329,-893,0,0
1160,-176,24,-285,-3554,-793,0,0
1157,-171,-67,-232,-3872,-723,0,0
1081,-189,-91,-151,-3856,-539,0,0
994,-207,-106,-134,-3908,-280,0,0
861,-228,-109,-145,-4009,-153,0,0
777,-287,-89,-136,-4050,-82,0,0
679,-360,-63,-185,-4131,93,0,0
584,-383,-56,-159,-4288,76,0,0
491,-424,-28,-215,-4223,174,0,0
436,-405,-33,-187,-4323,117,0,0
404,-394,-54,-215,-4364,130,0,0
386,-352,-78,-193,-4392,180,0,0
397,-278,-109,-185,-4407,232,0,0
381,-192,-123,-117,-4359,327,0,0
340,-105,-116,-100,-4380,394,0,0
281,-43,-97,-73,-4375,434,0,0
263,-4,-92,-50,-4306,440,0,0
275,10,-82,-41,-4346,504,0,0
244,6,-74,-35,-4377,573,0,0
217,8,-63,-8,-4347,624,0,0
169,16,-46,30,-4362,642,0,0
105,29,-10,36,-4303,622,0,0
60,50,16,15,-4298,645,0,0
9,79,21,5,-4364,620,0,0
-28,101,25,-26,-4358,591,0,0
-32,123,21,-18,-4345,586,0,0
-36,144,9,-18,-4330,568,0,0
-54,146,-3,-29,-4338,582,0,0
-61,147,-20,-23,-4336,552,0,0
-27,138,-23,-16,-4338,607,0,0
-28,143,-62,-19,-4311,695,0,0
-53,134,-63,-32,-4343,664,0,0
-170,77,5,-22,-4368,626,0,0
-246,46,46,-32,-4307,565,0,0
-208,60,25,-8,-4294,526,0,0
-184,91,-16,-10,-4361,532,0,0
-196,121,-42,3,-4347,576,0,0
-234,154,-36,38,-4332,588,0,0
-320,160,-9,64,-4322,545,0,0
-390,127,22,62,-4332,518,0,0
-442,87,50,71,-4235,444,0,0
-487,48,76,67,-4232,418,0,0
-562,45,89,107,-4253,346,0,0
-642,67,74,49,-4273,126,0,0
-742,96,23,-55,-4225,57,0,0
-733,161,39,21,-3961,-154,0,0
-800,178,108,101,-4021,-228,0,0
-963,152,179,41,-3922,-190,0,0
-1067,50,304,32,-3695,-267,0,0
-1221,-95,413,-149,-3556,-451,0,0
-1339,-144,444,-391,-3568,-949,0,0
-1340,-106,438,-463,-3706,-1682,0,0
-1378,-68,341,-541,-3764,-2012,0,0
-1260,26,228,-589,-3552,-2294,0,0
-953,72,189,-431,-3441,-2451,0,0
-842,81,167,-464,-3371,-2157,0,0
-801,147,112,-500,-3332,-2129,0,0
-827,173,156,-493,-3193,-2109,0,0
-998,189,189,-538,-3021,-2418,0,0
-1061,162,185,-571,-2992,-2703,0,0
-991,160,154,-706,-2980,-2903,0,0
-925,216,102,-700,-2901,-3158,0,0
-916,264,71,-690,-2953,-3417,0,0
-947,278,65,-670,-2934,-3659,0,0
-831,283,73,-556,-2630,-3852,0,0
-580,291,29,-389,-2586,-3636,0,0
-504,258,-44,-417,-2730,-3357,0,0
-595,184,-52,-311,-2599,-3402,0,0
-648,43,-18,-248,-2491,-3476,0,0
-715,-124,6,-345,-2340,-3595,0,0
-706,-199,20,-424,-2246,-3806,0,0
-631,-173,10,-404,-2156,-3863,0,0
-566,-97,-5,-461,-2122,-3974,0,0
-605,-63,-22,-441,-2073,-4123,0,0
-519,-40,-20,-415,-2012,-4390,0,0
-359,-71,-8,-450,-1957,-4418,0,0
-200,-78,-41,-481,-2037,-4482,0,0
-27,-70,-68,-483,-2047,-4446,0,0
16,-73,-65,-480,-2132,-4410,0,0
-58,-82,-49,-456,-2024,-4480,0,0
-26,-56,-23,-493,-1939,-4617,0,0
69,-28,-5,-503,-1895,-4622,0,0
223,-1,-16,-518,-1908,-4558,0,0
341,3,-18,-543,-2016,-4489,0,0
414,20,-35,-513,-2038,-4454,0,0
512,19,-59,-565,-2119,-4440,0,0
606,-21,-87,-565,-2168,-4482,0,0
767,-52,-143,-558,-2210,-4370,0,0
952,-58,-194,-515,-2368,-4171,0,0
1032,-50,-229,-478,-2428,-3926,0,0
1095,-21,-250,-417,-2518,-3751,0,0
1161,3,-241,-363,-2540,-3509,0,0
1143,28,-198,-316,-2626,-3218,0,0
1091,80,-121,-395,-2757,-3102,0,0
1159,176,-82,-310,-2865,-2984,0,0
1284,196,-74,-279,-3131,-2663,0,0
1256,131,-111,-304,-3264,-2383,0,0
1292,82,-156,-113,-3309,-2245,0,0
1343,-28,-144,-24,-3293,-1925,0,0
1325,-182,-72,-106,-3244,-1557,0,0
1360,-238,-23,-163,-3364,-1446,0,0
1398,-286,9,-166,-3485,-1131,0,0
1359,-288,-8,-161,-3524,-843,0,0
1289,-312,-23,-139,-3685,-666,0,0
1187,-359,-40,-194,-3819,-389,0,0
1090,-361,-79,-166,-3862,-146,0,0
954,-303,-94,-102,-3926,-31,0,0
823,-252,-84,-89,-3992,97,0,0
680,-227,-44,-97,-4021,219,0,0
570,-198,1,-107,-4116,300,0,0
487,-167,24,-140,-4197,357,0,0
402,-146,67,-158,-4240,445,0,0
288,-117,71,-188,-4333,518,0,0
178,-72,98,-226,-4501,439,0,0
65,-42,121,-351,-4433,350,0,0
6,0,95,-364,-4363,297,0,0
-24,44,70,-339,-4381,242,0,0
-51,64,49,-354,-4451,206,0,0
-40,75,12,-337,-4443,209,0,0
61,80,-31,-272,-4327,238,0,0
133,56,-42,-237,-4309,326,0,0
89,17,-41,-230,-4391,355,0,0
35,-27,-18,-226,-4344,331,0,0
-41,-66,13,-243,-4392,299,0,0
-136,-96,30,-246,-4331,222,0,0
-115,-92,26,-222,-4371,148,0,0
-100,-78,-28,-181,-4447,131,0,0
-100,-75,-88,-103,-4467,148,0,0
-73,-80,-86,-146,-4317,98,0,0
-65,-89,-47,-291,-4245,-33,0,0
-86,-91,23,-317,-4338,-91,0,0
-52,-22,44,-315,-4345,-119,0,0
22,100,25,-302,-4400,-28,0,0
54,222,-27,-311,-4408,59,0,0
60,296,-68,-275,-4403,115,0,0
-8,338,-81,-223,-4430,227,0,0
-109,374,-87,-201,-4410,259,0,0
-183,372,-53,-154,-4359,259,0,0
-263,320,-9,-144,-4402,309,0,0
-334,256,25,-156,-4340,341,0,0
-376,204,53,-71,-4327,323,0,0
-462,165,54,-79,-4336,275,0,0
-533,137,27,-132,-4320,243,0,0
-575,97,51,-99,-4137,184,0,0
-667,17,116,-167,-3962,46,0,0
-769,-88,160,-299,-3880,-165,0,0
-830,-126,150,-423,-3948,-406,0,0
-805,-37,148,-379,-3930,-758,0,0
-801,130,84,-293,-3927,-907,0,0
-1014,265,40,-392,-3966,-854,0,0
-1316,384,24,-309,-3655,-895,0,0
-1476,437,38,-294,-3464,-1235,0,0
-1523,393,50,-209,-3246,-1723,0,0
-1351,277,43,-56,-3193,-2109,0,0
-1176,172,13,-58,-3243,-2084,0,0
-1098,147,21,-23,-3357,-2413,0,0
-1171,19,98,-81,-3330,-2578,0,0
-1237,-106,138,-217,-3243,-2797,0,0
-1119,-170,130,-294,-3061,-3036,0,0
-878,-183,99,-361,-2936,-3136,0,0
-734,-176,83,-366,-2897,-3277,0,0
-704,-163,101,-452,-2761,-3293,0,0
-667,-108,97,-482,-2651,-3251,0,0
-659,-13,82,-459,-2578,-3315,0,0
-643,55,73,-478,-2490,-3387,0,0
-694,42,79,-498,-2397,-3390,0,0
-716,-4,60,-444,-2350,-3543,0,0
-690,-77,80,-473,-2282,-3753,0,0
-636,-180,99,-466,-2035,-3898,0,0
-417,-296,74,-470,-1900,-3950,0,0
-242,-312,47,-529,-2296,-3899,0,0
-281,-206,55,-722,-2383,-4107,0,0
-393,-66,78,-714,-2284,-4257,0,0
-452,21,88,-718,-2170,-4367,0,0
-466,37,99,-738,-2083,-4449,0,0
-382,54,63,-784,-2122,-4504,0,0
-252,48,17,-751,-2058,-4453,0,0
-170,43,-20,-685,-1965,-4482,0,0
-133,25,-20,-643,-1916,-4506,0,0
-71,4,-5,-651,-1844,-4592,0,0
43,-5,21,-671,-1853,-4637,0,0
153,3,17,-698,-1925,-4685,0,0
292,18,6,-723,-1982,-4661,0,0
415,44,-22,-763,-2080,-4621,0,0
543,87,-58,-734,-2018,-4542,0,0
716,125,-118,-660,-2103,-4307,0,0
803,107,-162,-516,-2160,-4049,0,0
812,41,-150,-440,-2330,-3883,0,0
780,-42,-90,-432,-2385,-3764,0,0
871,-64,-73,-485,-2340,-3660,0,0
1021,-45,-79,-478,-2523,-3508,0,0
1101,-22,-82,-499,-2611,-3251,0,0
1167,30,-97,-552,-2772,-3083,0,0
1160,39,-96,-521,-2906,-2895,0,0
1166,44,-96,-454,-2951,-2714,0,0
1176,49,-97,-445,-3044,-2486,0,0
1171,51,-100,-402,-3029,-2284,0,0
1145,16,-77,-323,-3269,-2138,0,0
1080,-53,-44,-396,-3432,-2019,0,0
1129,-88,-41,-408,-3412,-1962,0,0
1185,-120,-47,-390,-3646,-1848,0,0
1221,-134,-61,-357,-3621,-1648,0,0
1329,-111,-105,-352,-3776,-1334,0,0
1355,-99,-113,-315,-3805,-1001,0,0
1275,-70,-119,-255,-3759,-708,0,0
1165,-62,-134,-230,-3860,-449,0,0
1102,-120,-96,-273,-3684,-60,0,0
1001,-137,-100,-193,-3756,163,0,0
900,-189,-58,-105,-4032,199,0,0
730,-265,-28,-271,-4083,458,0,0
690,-249,-42,-203,-4169,416,0,0
696,-256,-40,-180,-4241,413,0,0
598,-278,-57,-234,-4216,586,0,0
542,-275,-59,-207,-4208,632,0,0
470,-266,-58,-220,-4272,715,0,0
372,-212,-102,-256,-4509,737,0,0
307,-130,-145,-253,-4666,623,0,0
231,-75,-172,-238,-4454,571,0,0
216,-26,-183,-104,-4248,622,0,0
209,28,-165,-2,-4203,754,0,0
185,76,-172,14,-4284,865,0,0
163,94,-168,68,-4335,917,0,0
105,83,-142,92,-4285,940,0,0
16,57,-120,119,-4256,890,0,0
-33,9,-80,119,-4283,827,0,0
-89,-32,-37,104,-4253,811,0,0
-110,-24,-28,127,-4253,726,0,0
-87,5,-37,135,-4284,711,0,0
-86,26,-35,134,-4340,735,0,0
-62,29,-48,144,-4251,718,0,0
-15,20,-43,164,-4265,748,0,0
-50,-1,-18,163,-4266,777,0,0
-81,-16,13,151,-4267,747,0,0
-87,-13,40,145,-4299,711,0,0
-106,-1,49,118,-4304,719,0,0
-114,23,57,104,-4320,699,0,0
-154,32,72,20,-4255,605,0,0
-219,23,82,3,-4338,495,0,0
-211,36,49,7,-4394,462,0,0
-119,83,-11,55,-4368,498,0,0
-106,116,-53,94,-4375,574,0,0
-122,109,-67,97,-4329,592,0,0
-135,71,-28,149,-4274,636,0,0
-194,27,-3,142,-4293,662,0,0
-272,-32,43,122,-4274,642,0,0
-353,-87,112,119,-4220,523,0,0
-423,-126,150,63,-4246,423,0,0
-400,-112,156,30,-4246,401,0,0
-401,-37,143,-5,-4298,355,0,0
-513,68,145,19,-4207,293,0,0
-619,184,132,-70,-4134,196,0,0
-736,280,146,-55,-4053,59,0,0
-870,361,152,-119,-3955,-79,0,0
-999,417,127,-112,-4162,-285,0,0
-1184,403,135,-142,-4101,-621,0,0
-1225,370,107,-89,-3949,-885,0,0
-1127,290,79,-66,-3857,-1044,0,0
-1104,162,77,-69,-3733,-1056,0,0
-1091,21,114,-135,-3574,-1109,0,0
-1084,-119,157,-199,-3508,-1160,0,0
-1126,-199,185,-172,-3478,-1377,0,0
-1140,-277,246,-269,-3494,-1636,0,0
-1033,-305,274,-404,-3079,-1857,0,0
-1007,-215,215,-343,-3295,-2406,0,0
-1177,-139,199,-414,-3426,-2558,0,0
-1175,-16,193,-575,-3226,-2671,0,0
-1085,99,164,-549,-3153,-2788,0,0
-1054,124,138,-484,-3063,-2912,0,0
-1011,-34,187,-560,-2871,-2955,0,0
-1076,-268,184,-843,-2781,-3046,0,0
-1088,-268,115,-684,-2722,-3561,0,0
-934,-163,94,-668,-2750,-3765,0,0
-898,-77,70,-789,-2473,-3799,0,0
-834,-22,51,-779,-2291,-3838,0,0
-783,-18,67,-749,-2289,-3921,0,0
-752,-66,101,-762,-2149,-3962,0,0
-725,-99,137,-867,-2045,-4080,0,0
-677,-79,142,-891,-1917,-4205,0,0
-597,16,114,-872,-1861,-4336,0,0
-480,110,73,-903,-1805,-4377,0,0
-380,119,34,-885,-1753,-4373,0,0
-273,86,11,-831,-1749,-4372,0,0
-195,80,-12,-821,-1811,-4412,0,0
-150,73,-25,-829,-1774,-4491,0,0
-83,62,-20,-820,-1753,-4650,0,0
7,13,-5,-798,-1785,-4781,0,0
111,-65,4,-820,-1846,-4831,0,0
195,-105,-13,-889,-1979,-4980,0,0
257,-72,-12,-918,-2173,-5074,0,0
448,63,-69,-884,-1967,-4905,0,0
750,191,-162,-828,-2006,-4673,0,0
905,141,-208,-714,-1972,-4390,0,0
1006,23,-218,-654,-2048,-4139,0,0
1096,-24,-215,-580,-2156,-3831,0,0
1148,28,-239,-506,-2273,-3630,0,0
1153,86,-252,-448,-2309,-3475,0,0
1208,94,-221,-386,-2385,-3210,0,0
1274,111,-187,-248,-2685,-3005,0,0
1315,80,-167,-246,-2762,-2794,0,0
1295,-18,-160,-246,-2830,-2541,0,0
1267,-116,-160,-192,-2945,-2304,0,0
1298,-184,-140,-244,-3089,-2093,0,0
1304,-231,-95,-281,-3238,-2006,0,0
1248,-256,-79,-454,-3370,-1804,0,0
1244,-187,-112,-478,-3500,-1707,0,0
1276,-99,-163,-399,-3634,-1617,0,0
1236,-130,-155,-467,-3709,-1329,0,0
1137,-194,-134,-522,-3666,-960,0,0
1175,-118,-194,-393,-3709,-824,0,0
1216,-33,-206,-239,-3853,-597,0,0
1070,-9,-163,-212,-3851,-379,0,0
927,-23,-118,-230,-3799,-126,0,0
923,-26,-104,-186,-3981,56,0,0
867,-34,-115,-119,-4258,198,0,0
730,-33,-146,-55,-4328,418,0,0
652,-5,-195,-31,-4301,592,0,0
636,1,-229,119,-4257,602,0,0
581,-61,-200,40,-4248,584,0,0
482,-127,-145,44,-4112,597,0,0
441,-142,-109,69,-4238,652,0,0
386,-94,-98,53,-4365,693,0,0
437,-29,-70,45,-4259,649,0,0
418,-5,-48,48,-4309,772,0,0
273,14,-25,38,-4386,895,0,0
170,47,5,46,-4380,864,0,0
76,81,46,93,-4375,904,0,0
-16,142,51,89,-4221,911,0,0
-42,217,25,79,-4188,885,0,0
-68,261,21,37,-4408,823,0,0
-78,237,25,-76,-4328,722,0,0
-13,171,12,-91,-4326,705,0,0
-21,132,-2,-29,-4335,728,0,0
16,157,-24,-14,-4249,733,0,0
95,197,-37,4,-4297,767,0,0
65,210,-34,38,-4277,850,0,0
-12,193,-20,25,-4307,902,0,0
-68,151,-28,27,-4293,915,0,0
-78,102,-30,13,-4288,924,0,0
-118,38,-38,3,-4349,920,0,0
-204,-4,-42,52,-4237,847,0,0
-238,-5,-43,141,-4282,816,0,0
-266,17,-17,125,-4348,937,0,0
-276,51,3,120,-4240,927,0,0
-290,37,24,101,-4189,927,0,0
-420,5,54,82,-4226,1009,0,0
-535,4,99,45,-4164,847,0,0
-653,-75,191,55,-3997,721,0,0
-880,-162,258,-34,-4021,573,0,0
-997,-164,281,-155,-4014,242,0,0
-1016,-124,313,-274,-3913,-82,0,0
-1138,-73,281,-320,-4156,-558,0,0
-1248,-70,271,-441,-4228,-739,0,0
-1129,23,199,-400,-4060,-943,0,0
-956,147,114,-302,-4121,-1035,0,0
-939,247,73,-367,-3959,-1041,0,0
-936,290,61,-303,-3825,-1123,0,0
-971,238,57,-242,-3798,-1185,0,0
-1032,111,46,-274,-3605,-1183,0,0
-1084,-74,56,-171,-3410,-1325,0,0
-1176,-342,106,-337,-3264,-1331,0,0
-1144,-446,148,-439,-2977,-1798,0,0
-1000,-359,193,-425,-3178,-2244,0,0
-1150,-119,266,-407,-3230,-2619,0,0
-1262,89,331,-602,-3072,-2830,0,0
-1198,233,299,-783,-2983,-3086,0,0
-1027,291,230,-705,-3068,-3318,0,0
-841,270,192,-578,-2911,-3452,0,0
-606,256,167,-551,-2846,-3292,0,0
-558,273,102,-618,-2938,-3278,0,0
-639,253,67,-573,-2879,-3279,0,0
-710,183,56,-528,-2777,-3452,0,0
-758,82,75,-545,-2643,-3485,0,0
-730,36,46,-607,-2552,-3669,0,0
-649,4,39,-498,-2511,-3802,0,0
-586,-13,11,-563,-2391,-3859,0,0
-572,-55,25,-532,-2391,-4023,0,0
-578,-116,42,-490,-2236,-4029,0,0
-495,-169,60,-546,-2127,-4046,0,0
-465,-132,29,-741,-2102,-4135,0,0
-407,22,-42,-494,-2139,-4339,0,0
-299,57,-36,-613,-2041,-4249,0,0
-315,-34,-38,-584,-2014,-4417,0,0
-256,-103,-8,-535,-2031,-4574,0,0
-66,-99,-11,-586,-1959,-4640,0,0
79,-110,-20,-551,-1981,-4590,0,0
239,-86,-50,-694,-1955,-4524,0,0
321,-44,3,-622,-2078,-4508,0,0
298,-25,46,-723,-1998,-4455,0,0
350,24,27,-716,-2151,-4418,0,0
505,106,0,-698,-2218,-4445,0,0
635,96,-8,-675,-2337,-4340,0,0
684,28,-31,-704,-2297,-4189,0,0
870,15,-78,-608,-2341,-4031,0,0
1019,26,-107,-555,-2536,-3741,0,0
1045,3,-91,-578,-2668,-3540,0,0
1068,-47,-89,-578,-2823,-3402,0,0
1202,-26,-89,-618,-2846,-3242,0,0
1319,18,-103,-618,-2901,-2978,0,0
1214,43,-133,-549,-3124,-2805,0,0
1162,33,-127,-567,-3106,-2598,0,0
1228,3,-130,-559,-3106,-2372,0,0
1229,3,-156,-467,-3228,-2218,0,0
1252,-5,-156,-453,-3170,-1952,0,0
1310,-56,-137,-460,-3286,-1704,0,0
1236,-153,-118,-461,-3577,-1486,0,0
1144,-196,-146,-420,-3688,-1285,0,0
1163,-165,-210,-344,-3741,-1132,0,0
1159,-172,-238,-269,-3721,-927,0,0
1014,-222,-198,-150,-3700,-720,0,0
882,-274,-150,-110,-3630,-356,0,0
860,-329,-93,-179,-3753,-77,0,0
723,-363,-61,-176,-4032,-35,0,0
650,-328,-101,-125,-4091,-2,0,0
721,-255,-126,-91,-4127,131,0,0
614,-188,-121,-125,-4158,191,0,0
447,-148,-86,-114,-4132,220,0,0
334,-103,-28,-92,-4144,257,0,0
241,-32,19,-97,-4268,242,0,0
138,34,78,-87,-4406,260,0,0
65,114,102,-169,-4473,254,0,0
82,186,68,-238,-4369,193,0,0
127,198,25,-235,-4346,167,0,0
127,151,-3,-221,-4431,179,0,0
133,94,-18,-216,-4431,262,0,0
189,52,-37,-175,-4391,350,0,0
210,23,-37,-141,-4374,392,0,0
170,7,-19,-158,-4380,366,0,0
125,-14,-2,-218,-4413,386,0,0
49,-27,10,-215,-4382,374,0,0
-21,-31,13,-245,-4414,287,0,0
-64,-22,15,-262,-4342,221,0,0
-59,8,11,-236,-4346,178,0,0
-98,34,-15,-213,-4366,200,0,0
-123,73,-20,-219,-4399,194,0,0
-96,143,-20,-179,-4426,119,0,0
-30,240,-58,-183,-4387,106,0,0
51,335,-94,-153,-4387,130,0,0
59,353,-97,-137,-4350,211,0,0
23,311,-75,-136,-4314,312,0,0
-24,234,-41,-163,-4315,404,0,0
-93,137,-15,-123,-4432,370,0,0
-149,14,3,-161,-4417,325,0,0
-146,-57,18,-140,-4397,325,0,0
-120,-49,31,-117,-4459,273,0,0
-142,-23,36,-136,-4354,342,0,0
-209,32,3,-140,-4272,375,0,0
-358,66,-15,-111,-4499,192,0,0
-483,48,26,-82,-4358,83,0,0
-444,35,26,-107,-4220,26,0,0
-415,48,-3,-85,-4299,-3,0,0
-402,136,-15,-45,-4252,-17,0,0
-425,308,-56,-157,-4219,-32,0,0
-569,538,-138,-36,-4313,-279,0,0
-723,560,-112,94,-4375,-443,0,0
-898,394,19,64,-4182,-304,0,0
-897,212,84,-78,-3917,-382,0,0
-684,14,78,-114,-3949,-507,0,0
-639,-176,74,-187,-3937,-443,0,0
-783,-202,55,-113,-3731,-538,0,0
-879,-105,48,-106,-3758,-965,0,0
-1302,-30,76,-212,-3632,-1233,0,0
-1369,72,16,-235,-3380,-1652,0,0
-1282,71,-28,-49,-3504,-2025,0,0
-1138,-8,-73,-20,-3434,-2055,0,0
-927,-77,-82,-139,-3274,-1904,0,0
-900,-118,-59,-318,-3195,-1881,0,0
-993,-184,-58,-161,-3270,-2642,0,0
-1021,-249,-7,41,-3517,-2899,0,0
-880,-226,127,-97,-3085,-2743,0,0
-887,-194,205,-274,-2830,-2780,0,0
-1014,-219,218,-367,-2685,-2836,0,0
-1007,-254,260,-400,-2462,-3012,0,0
-952,-230,258,-454,-2415,-3335,0,0
-897,-193,270,-585,-2547,-3669,0,0
-914,-119,244,-658,-2402,-3874,0,0
-887,7,145,-662,-2424,-4094,0,0
-758,130,47,-626,-2302,-4192,0,0
-624,149,-10,-545,-2227,-4068,0,0
-568,85,-40,-481,-1984,-4007,0,0
-534,3,-29,-440,-1935,-4052,0,0
-481,-37,-1,-468,-1935,-4165,0,0
-417,-39,43,-537,-1987,-4151,0,0
-419,-30,34,-532,-1956,-4249,0,0
-400,-36,9,-523,-1991,-4414,0,0
-398,-81,17,-598,-1929,-4606,0,0
-292,-78,14,-625,-1789,-4748,0,0
-178,-25,-19,-624,-1886,-4935,0,0
-68,-8,-11,-642,-1953,-5060,0,0
65,1,-20,-742,-1981,-5108,0,0
297,35,-97,-691,-1926,-5013,0,0
541,68,-156,-541,-1792,-4749,0,0
701,0,-127,-468,-1790,-4523,0,0
779,-182,-61,-392,-1920,-4331,0,0
858,-436,-38,-587,-1971,-3897,0,0
916,-475,-65,-559,-2183,-3851,0,0
943,-338,-74,-483,-2395,-3847,0,0
950,-162,-73,-613,-2328,-3685,0,0
1051,-24,-47,-593,-2416,-3548,0,0
1222,28,-63,-702,-2597,-3373,0,0
1316,19,-98,-718,-2811,-3220,0,0
1329,-5,-170,-698,-3004,-3051,0,0
1337,-22,-207,-671,-3129,-2802,0,0
1355,37,-231,-567,-3100,-2546,0,0
1417,168,-266,-489,-3158,-2312,0,0
1404,204,-225,-384,-3313,-2053,0,0
1324,147,-163,-448,-3283,-1728,0,0
1352,99,-136,-470,-3263,-1330,0,0
1332,94,-148,-338,-3459,-1010,0,0
1203,81,-196,-322,-3642,-741,0,0
1075,30,-211,-470,-3740,-573,0,0
978,-40,-192,-421,-3754,-508,0,0
1028,-102,-194,-182,-3834,-415,0,0
1041,-152,-191,-89,-3940,-141,0,0
903,-171,-171,-81,-4074,147,0,0
781,-153,-158,-82,-4114,316,0,0
753,-132,-139,-54,-4163,353,0,0
662,-124,-121,-29,-4252,354,0,0
517,-119,-85,-35,-4261,406,0,0
400,-94,-51,-39,-4307,368,0,0
294,-75,-21,-48,-4397,312,0,0
196,-47,3,-37,-4263,331,0,0
200,17,-9,-12,-4290,371,0,0
188,83,-27,10,-4367,418,0,0
199,128,-58,38,-4416,426,0,0
188,123,-55,32,-4380,490,0,0
127,63,-44,0,-4317,523,0,0
78,-7,-21,-27,-4350,504,0,0
44,-61,-9,-26,-4425,471,0,0
19,-87,-4,-28,-4389,482,0,0
-1,-63,0,-7,-4381,452,0,0
-29,-23,-9,-17,-4373,385,0,0
-10,24,-30,-18,-4328,402,0,0
20,69,-37,30,-4288,420,0,0
-15,84,-18,71,-4291,450,0,0
-40,78,7,63,-4307,452,0,0
-39,72,39,88,-4298,454,0,0
-66,59,27,78,-4390,423,0,0
-108,45,3,27,-4410,358,0,0
-84,48,-3,15,-4334,287,0,0
-44,49,-13,5,-4329,316,0,0
-39,35,-11,0,-4357,368,0,0
-57,22,25,7,-4316,407,0,0
-86,24,49,0,-4292,408,0,0
-122,49,52,-32,-4344,316,0,0
-118,63,52,-40,-4443,243,0,0
-98,52,40,-97,-4421,254,0,0
-67,45,6,-66,-4353,269,0,0
-33,35,-6,-10,-4346,294,0,0
14,6,-4,-17,-4395,291,0,0
86,-79,15,-58,-4455,319,0,0
140,-144,-41,-105,-4184,531,0,0
76,-65,-92,46,-4294,525,0,0
-136,56,-15,77,-4471,325,0,0
-323,154,72,-35,-4316,244,0,0
-405,227,72,-28,-4384,301,0,0
-520,229,37,-29,-4340,372,0,0
-537,171,16,-2,-4182,350,0,0
-545,65,12,10,-4182,218,0,0
-617,-56,5,22,-4183,94,0,0
-681,-145,40,63,-4145,22,0,0
-789,-171,89,28,-4034,-148,0,0
-832,-146,123,6,-4007,-479,0,0
-868,-167,150,-70,-4152,-581,0,0
-964,-209,165,-201,-4004,-601,0,0
-971,-190,178,-144,-3756,-818,0,0
-927,-126,186,-15,-3768,-1160,0,0
-983,-78,224,-152,-3898,-1243,0,0
-981,-25,252,-410,-3667,-1300,0,0
-812,16,207,-532,-3532,-1460,0,0
-773,-8,193,-538,-3610,-1561,0,0
-865,-20,206,-516,-3307,-1629,0,0
-845,12,202,-535,-3184,-1718,0,0
-905,19,199,-613,-3207,-1961,0,0
-996,5,223,-544,-3289,-2238,0,0
-953,4,253,-600,-3300,-2462,0,0
-973,43,229,-541,-3303,-2599,0,0
-898,93,172,-531,-3114,-2834,0,0
-702,87,61,-649,-3070,-3109,0,0
-740,2,1,-663,-3216,-3177,0,0
-792,-94,19,-640,-3274,-3621,0,0
-810,-232,101,-669,-3064,-3649,0,0
-725,-206,78,-677,-2980,-3614,0,0
-568,-93,35,-664,-2954,-3587,0,0
-642,-43,3,-785,-2859,-3513,0,0
-729,-8,16,-639,-2807,-3564,0,0
-685,-25,66,-651,-2535,-3475,0,0
-638,-26,81,-578,-2392,-3569,0,0
-614,-11,117,-593,-2340,-3691,0,0
-478,17,140,-667,-2252,-4004,0,0
-307,104,117,-722,-2390,-4121,0,0
-203,229,98,-691,-2409,-4241,0,0
-107,294,110,-743,-2392,-4373,0,0
-121,163,145,-870,-2261,-4104,0,0
-141,12,96,-786,-2254,-4165,0,0
-42,-175,104,-787,-2338,-4277,0,0
19,-280,140,-895,-2228,-4284,0,0
119,-176,90,-912,-2405,-4512,0,0
236,-21,43,-964,-2573,-4557,0,0
342,104,10,-998,-2567,-4545,0,0
436,133,-21,-947,-2616,-4454,0,0
564,145,-74,-900,-2558,-4309,0,0
691,183,-136,-815,-2498,-4101,0,0
765,178,-166,-707,-2485,-3753,0,0
775,154,-185,-680,-2668,-3567,0,0
825,111,-202,-542,-2684,-3670,0,0
999,20,-191,-483,-2741,-3502,0,0
1119,-56,-181,-442,-2850,-3422,0,0
1200,-165,-153,-409,-3054,-3304,0,0
1253,-253,-140,-543,-2920,-2892,0,0
1366,-242,-150,-601,-3101,-2610,0,0
1416,-181,-132,-535,-3428,-2454,0,0
1419,-141,-104,-582,-3282,-2104,0,0
1459,-139,-131,-585,-3268,-1694,0,0
1461,-138,-194,-484,-3471,-1496,0,0
1455,-215,-182,-481,-3539,-1194,0,0
1332,-250,-180,-573,-3663,-918,0,0
1266,-170,-262,-686,-3624,-812,0,0
1204,-74,-382,-445,-3525,-563,0,0
1013,12,-445,-215,-3664,-238,0,0
931,70,-419,-178,-3676,82,0,0
887,128,-395,-11,-3726,376,0,0
802,190,-358,196,-3938,431,0,0
681,189,-258,359,-4105,359,0,0
622,112,-167,289,-4070,456,0,0
590,54,-141,213,-3969,599,0,0
575,24,-118,236,-4162,584,0,0
510,-31,-46,197,-4222,642,0,0
437,-49,17,199,-4209,788,0,0
397,-6,57,227,-4307,847,0,0
278,37,57,140,-4378,925,0,0
127,27,60,100,-4489,853,0,0
27,-41,110,60,-4449,757,0,0
-20,-81,155,15,-4288,700,0,0
-41,-79,137,-44,-4261,615,0,0
-17,-45,70,-57,-4348,588,0,0
59,27,16,-34,-4338,662,0,0
89,91,-14,-6,-4359,680,0,0
37,100,3,-20,-4341,735,0,0
-37,73,23,-79,-4294,743,0,0
-94,38,15,-62,-4348,657,0,0
-90,4,-3,-103,-4334,593,0,0
-18,-9,-42,-133,-4378,546,0,0
29,0,-69,-111,-4330,570,0,0
49,41,-71,7,-4295,619,0,0
71,80,-63,20,-4300,575,0,0
-19,79,-35,129,-4336,722,0,0
-168,145,14,154,-4309,797,0,0
-195,173,31,13,-4260,622,0,0
-168,92,43,-78,-4398,621,0,0
-208,23,50,-22,-4382,648,0,0
-207,7,30,-17,-4239,597,0,0
-115,2,-4,-85,-4281,503,0,0
-106,-28,-32,-92,-4389,501,0,0
-131,-37,-43,17,-4387,531,0,0
-161,-19,-36,64,-4334,585,0,0
-264,48,-50,53,-4361,641,0,0
-516,126,-77,184,-4407,562,0,0
-533,20,-69,226,-4280,446,0,0
-453,-122,-11,200,-4209,341,0,0
-539,-225,60,178,-4096,506,0,0
-575,-222,142,82,-4120,458,0,0
-655,-147,235,84,-4210,144,0,0
-834,-56,290,-59,-4071,87,0,0
-942,214,252,-152,-4071,-116,0,0
-704,527,126,-72,-3991,-616,0,0
-662,558,37,-168,-3982,-646,0,0
-939,420,75,-161,-3890,-578,0,0
-1207,221,131,-318,-3791,-550,0,0
-1315,115,152,-225,-3575,-874,0,0
-1346,41,162,-177,-3431,-1295,0,0
-1421,15,144,-260,-3269,-1461,0,0
-1371,125,85,-245,-3280,-1730,0,0
-1395,141,78,-117,-3211,-2039,0,0
-1445,69,38,-264,-2949,-2160,0,0
-1433,19,-3,-245,-2975,-2419,0,0
-1450,-16,2,-134,-2881,-2789,0,0
-1370,-48,15,-153,-2786,-3093,0,0
-1309,-58,40,-161,-2792,-3282,0,0
-1243,-50,46,-246,-2622,-3514,0,0
-1129,-67,49,-196,-2472,-3823,0,0
-1011,-128,25,-180,-2501,-4010,0,0
-937,-151,-11,-317,-2449,-4063,0,0
-779,-103,-9,-291,-2238,-4149,0,0
-654,-73,1,-341,-2185,-4220,0,0
-613,-76,23,-363,-2166,-4179,0,0
-496,-53,47,-458,-2041,-4088,0,0
-344,11,44,-433,-2012,-4284,0,0
-454,-13,14,-373,-2192,-4473,0,0
-510,-70,40,-365,-2131,-4577,0,0
-358,-47,34,-391,-2055,-4548,0,0
-177,22,-71,-369,-2013,-4570,0,0
-40,-36,-119,-343,-2107,-4655,0,0
-39,-150,-127,-355,-1960,-4738,0,0
77,-144,-123,-281,-1894,-4760,0,0
204,-56,-91,-256,-1965,-4884,0,0
283,-44,-21,-318,-1943,-4889,0,0
446,-32,-2,-419,-2066,-4884,0,0
634,-9,-9,-407,-2178,-4818,0,0
828,7,3,-447,-2179,-4673,0,0
995,-20,1,-424,-2230,-4515,0,0
1166,-86,-72,-434,-2238,-3984,0,0
1393,-41,-145,-434,-2334,-3528,0,0
1422,29,-131,-340,-2540,-3343,0,0
1267,52,-65,-329,-2638,-3143,0,0
1247,92,-10,-465,-2677,-2927,0,0
1357,182,3,-476,-2794,-2893,0,0
1431,236,-3,-327,-2950,-2699,0,0
1471,187,-9,-385,-3072,-2235,0,0
1448,123,14,-364,-3132,-1879,0,0
1459,83,5,-199,-3203,-1777,0,0
1481,-54,9,-136,-3374,-1531,0,0
1481,-287,44,-251,-3384,-1194,0,0
1461,-506,38,-377,-3306,-954,0,0
1423,-788,13,-279,-3589,-442,0,0
1192,-942,-12,-248,-3562,10,0,0
1136,-680,-195,-127,-3933,-85,0,0
1194,-360,-287,0,-3982,-38,0,0
1074,-117,-250,37,-3823,89,0,0
884,-8,-239,39,-3959,271,0,0
852,-32,-210,27,-4223,592,0,0
858,-91,-120,-172,-4270,790,0,0
777,-165,-36,-316,-4269,758,0,0
633,-209,-4,-294,-4376,720,0,0
510,-143,17,-189,-4459,743,0,0
336,-4,-14,-217,-4345,796,0,0
200,132,-79,-144,-4400,805,0,0
108,196,-93,-59,-4481,803,0,0
51,209,-60,-131,-4331,930,0,0
6,207,-52,-136,-4237,923,0,0
-54,192,-53,-95,-4211,819,0,0
-35,163,-29,-42,-4351,744,0,0
-50,117,-25,-127,-4254,795,0,0
-90,108,-45,-132,-4271,856,0,0
-71,113,-65,-104,-4404,705,0,0
-79,75,-60,-160,-4353,583,0,0
-70,38,-48,-153,-4375,584,0,0
-41,41,-60,-114,-4278,605,0,0
-6,59,-65,-50,-4279,683,0,0
-26,79,-56,-41,-4282,701,0,0
-24,87,-41,-17,-4273,676,0,0
-23,85,-19,3,-4290,676,0,0
-42,65,7,-2,-4337,648,0,0
-85,33,29,-34,-4363,648,0,0
-108,24,27,-24,-4302,592,0,0
-106,31,21,-8,-4352,564,0,0
-138,38,9,-12,-4376,598,0,0
-152,52,3,21,-4240,594,0,0
-139,57,-49,46,-4241,588,0,0
-160,52,-105,-24,-4509,594,0,0
-182,29,-78,-42,-4562,535,0,0
-184,-4,-49,50,-4234,489,0,0
-205,-7,-62,101,-4262,558,0,0
-222,7,-36,100,-4322,545,0,0
-173,-10,11,85,-4229,510,0,0
-120,-66,-1,69,-4309,501,0,0
-155,-134,-5,48,-4355,585,0,0
-223,-167,32,105,-4288,558,0,0
-309,-173,78,115,-4195,430,0,0
-435,-144,111,93,-4227,398,0,0
-556,-79,152,39,-4194,317,0,0
-684,-10,156,-78,-4231,144,0,0
-789,20,189,-92,-4196,-69,0,0
-919,29,259,-102,-4172,-265,0,0
-1023,86,286,-160,-4065,-323,0,0
-1022,181,246,-170,-3802,-401,0,0
-1044,207,204,-134,-3723,-479,0,0
-1179,80,194,-185,-3637,-528,0,0
-1341,-178,262,-236,-3601,-668,0,0
-1404,-456,293,-402,-3288,-942,0,0
-1195,-582,280,-503,-3225,-1670,0,0
-1085,-601,317,-541,-3326,-2207,0,0
-1200,-386,325,-684,-3470,-2292,0,0
-1198,8,327,-755,-3244,-2438,0,0
-1205,305,345,-773,-3257,-2455,0,0
-1336,497,306,-782,-3102,-2656,0,0
-1218,709,252,-692,-3014,-3073,0,0
-982,726,219,-831,-3069,-3340,0,0
-1014,521,147,-834,-3087,-3497,0,0
-1037,350,41,-647,-3098,-3513,0,0
-822,317,-16,-526,-2923,-3580,0,0
-683,284,-57,-470,-2724,-3497,0,0
-617,241,-101,-379,-2466,-3491,0,0
-479,151,-95,-356,-2499,-3585,0,0
-521,5,-37,-328,-2419,-3646,0,0
-555,-44,3,-295,-2371,-3746,0,0
-515,-43,35,-361,-2279,-3689,0,0
-518,-23,21,-380,-2276,-3799,0,0
-529,-83,34,-393,-2298,-3934,0,0
-528,-164,40,-430,-2256,-4069,0,0
-421,-145,7,-492,-2116,-4205,0,0
-336,-38,-37,-422,-2167,-4251,0,0
-403,240,-145,-391,-2161,-4278,0,0
-181,609,-324,-545,-2148,-4477,0,0
-5,573,-262,-130,-1902,-4646,0,0
-144,144,-71,60,-1923,-4509,0,0
-205,-228,50,-52,-1927,-4359,0,0
17,-285,62,-213,-2044,-4544,0,0
195,-131,-22,-101,-2256,-4879,0,0
337,81,-144,-298,-2171,-4842,0,0
604,286,-227,-110,-2110,-4870,0,0
808,248,-146,170,-2190,-4740,0,0
900,42,18,102,-2198,-4393,0,0
950,-81,72,-63,-2322,-4058,0,0
1145,8,26,-171,-2337,-3862,0,0
1320,153,-10,-43,-2524,-3639,0,0
1333,229,-29,-93,-2646,-3226,0,0
1471,328,-91,-123,-2642,-2735,0,0
1549,332,-71,149,-2811,-2724,0,0
1296,129,79,163,-3168,-2634,0,0
1143,-55,171,-83,-3219,-2403,0,0
1264,-52,135,-307,-3270,-2259,0,0
1420,37,21,-231,-3433,-2180,0,0
1432,42,-9,-190,-3459,-1881,0,0
1522,122,-67,-164,-3495,-1629,0,0
1596,97,-70,-112,-3652,-1254,0,0
1505,-33,6,11,-3711,-1037,0,0
1511,-129,13,-101,-3593,-679,0,0
1628,-151,-11,-53,-3633,-220,0,0
1565,-106,-32,78,-3629,35,0,0
1352,-103,-17,121,-3718,310,0,0
974,-147,22,15,-4126,738,0,0
684,-98,35,83,-3886,1006,0,0
605,17,-9,169,-3928,906,0,0
389,71,-38,182,-4203,697,0,0
340,44,-7,177,-4131,593,0,0
407,-26,22,124,-4283,630,0,0
347,-87,6,100,-4260,760,0,0
335,-83,-26,108,-4214,731,0,0
287,-67,-30,156,-4395,774,0,0
150,-30,13,87,-4339,811,0,0
44,92,39,50,-4192,732,0,0
-60,231,16,204,-4285,576,0,0
-85,281,-14,119,-4372,637,0,0
46,271,-8,2,-4322,820,0,0
182,207,-28,18,-4344,911,0,0
122,84,-35,31,-4307,989,0,0
71,-37,-25,44,-4236,951,0,0
51,-121,8,39,-4307,798,0,0
-11,-139,31,76,-4231,761,0,0
-49,-58,1,92,-4275,868,0,0
-10,47,-35,91,-4334,904,0,0
-32,90,-24,76,-4351,878,0,0
-79,63,0,101,-4295,821,0,0
-112,-7,26,125,-4242,800,0,0
-142,-72,29,108,-4260,821,0,0
-161,-94,-4,35,-4405,747,0,0
-156,-73,-16,16,-4315,645,0,0
-66,-30,-16,103,-4239,555,0,0
-37,10,-18,160,-4300,706,0,0
-78,37,-3,116,-4307,827,0,0
-162,13,28,91,-4361,824,0,0
-270,-38,33,105,-4355,775,0,0
-302,-82,37,128,-4334,709,0,0
-326,-111,40,124,-4322,694,0,0
-359,-113,38,124,-4280,658,0,0
-409,-94,40,130,-4294,576,0,0
-460,-32,1,57,-4265,457,0,0
-433,30,-35,111,-4203,201,0,0
-421,-2,-12,170,-4274,30,0,0
-413,-69,39,129,-4250,62,0,0
-346,-82,62,99,-4218,67,0,0
-325,-80,49,118,-4299,-17,0,0
-382,-114,72,94,-4279,50,0,0
-463,-150,79,50,-4239,85,0,0
-531,-206,82,79,-4163,15,0,0
-579,-277,94,41,-4011,8,0,0
-617,-306,94,7,-3873,-52,0,0
-736,-285,108,52,-3891,-222,0,0
-1002,-260,197,-50,-3904,-388,0,0
-1278,-156,319,-108,-3654,-721,0,0
-1360,-22,363,-216,-3644,-1079,0,0
-1292,73,325,-391,-3540,-1316,0,0
-1137,143,255,-385,-3441,-1506,0,0
-1192,147,198,-363,-3470,-1674,0,0
-1226,110,159,-370,-3246,-1842,0,0
-1264,40,151,-373,-3290,-2058,0,0
-1274,-32,132,-418,-3302,-2373,0,0
-1248,-108,138,-441,-3303,-2589,0,0
-1175,-117,142,-451,-3130,-2802,0,0
-1076,-55,119,-479,-3018,-3039,0,0
-1047,-12,118,-458,-3012,-3243,0,0
-1084,-36,132,-555,-2901,-3392,0,0
-1021,-68,118,-566,-2729,-3499,0,0
-860,-74,98,-565,-2646,-3668,0,0
-783,-106,94,-546,-2682,-3716,0,0
-783,-126,83,-682,-2612,-3737,0,0
-659,-111,77,-716,-2344,-3881,0,0
-595,-122,56,-743,-2336,-4023,0,0
-586,-125,89,-747,-2376,-4149,0,0
-484,-55,73,-887,-2296,-4089,0,0
-304,54,8,-883,-2199,-4128,0,0
-249,90,-11,-757,-2230,-4219,0,0
-269,72,-4,-749,-2162,-4172,0,0
-225,34,-7,-727,-2166,-4202,0,0
-231,-25,-35,-732,-2181,-4297,0,0
-184,-10,-63,-676,-2144,-4417,0,0
-97,43,-80,-666,-2134,-4565,0,0
-19,39,-72,-628,-2099,-4614,0,0
85,23,-68,-607,-2134,-4681,0,0
230,11,-70,-581,-2211,-4750,0,0
376,-29,-74,-586,-2247,-4754,0,0
495,-59,-74,-661,-2232,-4733,0,0
642,-40,-21,-499,-2187,-4608,0,0
879,-3,28,-493,-2265,-4430,0,0
1102,24,-34,-683,-2543,-4151,0,0
1288,8,-71,-709,-2653,-3864,0,0
1417,-9,-93,-633,-2679,-3571,0,0
1461,-13,-135,-608,-2790,-3254,0,0
1466,-3,-153,-589,-2814,-2996,0,0
1463,-12,-157,-581,-2898,-2685,0,0
1457,18,-174,-450,-2957,-2387,0,0
1532,98,-186,-374,-3134,-2154,0,0
1511,95,-174,-415,-3172,-1861,0,0
1497,36,-188,-408,-3204,-1568,0,0
1547,4,-213,-341,-3389,-1363,0,0
1620,-50,-222,-261,-3415,-1104,0,0
1644,-127,-234,-225,-3397,-710,0,0
1605,-167,-234,-148,-3537,-341,0,0
1535,-190,-232,-151,-3581,29,0,0
1427,-179,-236,-81,-3731,271,0,0
1275,-184,-202,16,-3949,446,0,0
1099,-187,-198,7,-3965,720,0,0
980,-161,-218,40,-4023,1010,0,0
813,-123,-211,121,-4180,1134,0,0
579,-109,-166,93,-4236,981,0,0
465,-118,-111,84,-4100,844,0,0
401,-96,-79,71,-4151,864,0,0
320,-54,-70,119,-4256,885,0,0
257,-12,-41,191,-4233,998,0,0
204,30,-38,218,-4250,1051,0,0
105,24,-21,230,-4274,1006,0,0
-25,-35,24,192,-4259,1016,0,0
-37,-91,58,203,-4274,1096,0,0
14,-97,33,149,-4212,1062,0,0
73,-89,3,126,-4264,970,0,0
46,-83,1,137,-4328,1010,0,0
7,-50,-3,100,-4239,965,0,0
-26,-19,10,95,-4252,916,0,0
-77,-14,17,100,-4244,862,0,0
-98,-23,16,86,-4278,799,0,0
-86,-24,6,101,-4251,806,0,0
-56,-7,-7,130,-4225,823,0,0
-51,-10,-10,215,-4212,806,0,0
-97,-58,16,257,-4285,819,0,0
-145,-95,15,171,-4273,849,0,0
-129,-92,21,98,-4286,693,0,0
-140,-83,70,87,-4332,580,0,0
-194,-45,83,8,-4315,616,0,0
-5,32,89,35,-4166,715,0,0
234,126,66,72,-4259,795,0,0
152,172,34,56,-4397,946,0,0
75,182,28,37,-4374,956,0,0
8,159,22,55,-4270,914,0,0
-81,128,34,65,-4234,910,0,0
-142,120,47,25,-4231,927,0,0
-136,132,45,12,-4256,931,0,0
-135,130,33,22,-4247,962,0,0
-238,111,15,28,-4371,958,0,0
-368,77,15,51,-4425,1009,0,0
-406,39,48,15,-4184,825,0,0
-427,-19,92,-46,-4219,636,0,0
-405,-36,96,-124,-4292,511,0,0
-301,26,75,-96,-4228,496,0,0
-274,154,31,-89,-4199,566,0,0
-370,312,-12,-33,-4175,619,0,0
-438,446,-39,-21,-4109,687,0,0
-575,520,-58,-48,-4012,800,0,0
-897,530,-39,-73,-3892,847,0,0
-1320,463,19,-49,-3872,533,0,0
-1702,223,111,-38,-3861,-54,0,0
-1897,-155,167,-175,-3616,-461,0,0
-1797,-448,146,-70,-3493,-1145,0,0
-1482,-661,143,-138,-3467,-1768,0,0
-1222,-624,168,-183,-3485,-2041,0,0
-1068,-376,219,-203,-3598,-2110,0,0
-1057,-146,239,-330,-3576,-2036,0,0
-969,-26,205,-414,-3525,-2165,0,0
-896,-46,168,-503,-3386,-2171,0,0
-908,-112,139,-490,-3314,-2294,0,0
-961,-167,141,-533,-3235,-2490,0,0
-982,-137,170,-659,-3063,-2662,0,0
-1029,-19,153,-616,-3122,-2929,0,0
-999,87,125,-551,-2950,-3228,0,0
-717,46,92,-668,-2823,-3420,0,0
-429,-96,26,-554,-2840,-3167,0,0
-379,-95,27,-550,-3302,-2903,0,0
-594,-95,125,-578,-3207,-2968,0,0
-797,-119,200,-722,-2961,-3181,0,0
-841,-124,213,-820,-2860,-3512,0,0
-784,-181,211,-815,-2779,-3788,0,0
-613,-357,228,-1060,-2646,-3839,0,0
-553,-503,161,-1184,-2509,-3832,0,0
-451,-363,14,-1027,-2691,-4177,0,0
-378,-176,21,-1097,-2675,-6328,0,0
-387,-77,78,-1258,-2464,-4398,0,0
-265,-71,84,-1300,-2477,-4513,0,0
-70,-173,76,-1313,-2606,-4620,0,0
43,-425,116,-1383,-2658,-4509,0,0
150,-424,56,-1433,-2632,-4429,0,0
351,-158,-98,-1496,-2755,-4503,0,0
491,30,-116,-1409,-2638,-4373,0,0
559,83,-119,-1437,-2568,-4192,0,0
728,91,-123,-1401,-2522,-3983,0,0
863,103,-170,-1347,-2600,-3814,0,0
896,112,-247,-1286,-2745,-3658,0,0
999,170,-280,-1178,-2738,-3376,0,0
1094,324,-347,-1159,-2718,-3159,0,0
1134,447,-362,-1000,-2858,-2924,0,0
1121,431,-336,-869,-3120,-2673,0,0
1080,312,-354,-767,-3210,-2544,0,0
1204,196,-378,-531,-3176,-2407,0,0
1342,119,-357,-385,-3306,-2208,0,0
1342,43,-279,-372,-3358,-1970,0,0
1386,30,-246,-376,-3498,-1754,0,0
1482,58,-211,-413,-3481,-1544,0,0
1544,95,-203,-446,-3419,-1288,0,0
1511,131,-264,-333,-3477,-812,0,0
1556,198,-241,-128,-3513,-570,0,0
1585,167,-160,-79,-3578,-290,0,0
1405,78,-134,-120,-3647,171,0,0
1198,42,-179,-121,-3753,525,0,0
1094,10,-223,-37,-3823,729,0,0
965,-50,-223,-62,-3959,799,0,0
823,-102,-194,-51,-4181,830,0,0
696,-106,-135,25,-4196,917,0,0
486,-19,-104,81,-4346,1006,0,0
194,105,-105,73,-4380,970,0,0
122,207,-131,40,-4280,941,0,0
101,304,-178,6,-4080,985,0,0
212,349,-223,57,-4186,1012,0,0
203,274,-144,122,-4264,981,0,0
126,143,-80,104,-4284,979,0,0
147,45,-62,141,-4229,1102,0,0
246,4,-45,201,-4186,1097,0,0
147,-39,-37,210,-4251,1108,0,0
9,-73,-18,248,-4216,1126,0,0
-51,-67,-5,233,-4195,1048,0,0
-43,-71,1,162,-4225,912,0,0
15,-122,25,132,-4214,925,0,0
41,-125,22,168,-4274,909,0,0
57,-115,12,224,-4247,924,0,0
28,-125,60,195,-4293,975,0,0
-53,-92,59,144,-4331,969,0,0
-17,-17,18,185,-4277,940,0,0
-11,12,17,219,-4188,961,0,0
-77,-2,8,169,-4193,989,0,0
-79,-26,29,168,-4229,952,0,0
-86,-31,24,164,-4239,944,0,0
-98,-16,18,182,-4273,886,0,0
-114,-9,16,135,-4277,882,0,0
-130,14,19,126,-4289,875,0,0
-155,39,19,135,-4236,845,0,0
-144,61,26,148,-4209,821,0,0
-162,81,35,126,-4237,874,0,0
-201,108,35,102,-4295,876,0,0
-209,104,39,77,-4350,783,0,0
-235,57,60,52,-4368,797,0,0
-260,27,60,31,-4309,820,0,0
-261,17,58,12,-4150,809,0,0
-289,20,73,13,-4269,771,0,0
-374,27,92,-22,-4362,766,0,0
-418,35,57,14,-4353,714,0,0
-478,17,13,82,-4367,670,0,0
-543,-21,-25,118,-4265,667,0,0
-601,-68,-29,150,-4219,632,0,0
-748,-132,29,191,-4126,551,0,0
-910,-170,102,184,-3988,375,0,0
-1023,-187,161,141,-3966,140,0,0
-1185,-226,237,98,-3841,-8,0,0
-1291,-208,248,-172,-3646,-302,0,0
-1235,-116,262,-199,-3645,-855,0,0
-1205,25,242,-283,-3771,-1267,0,0
-1170,223,150,-285,-3804,-1552,0,0
-1080,383,93,-216,-3798,-1759,0,0
-944,359,95,-121,-3624,-1906,0,0
-678,221,109,-84,-3341,-1843,0,0
-639,157,19,-372,-3311,-1518,0,0
-762,176,-21,-205,-3433,-1676,0,0
-990,82,44,-38,-3200,-1904,0,0
-1136,-51,141,-90,-3071,-2007,0,0
-1246,-161,207,-212,-3198,-2276,0,0
-1364,-258,272,-364,-3065,-2372,0,0
-1323,-216,282,-467,-2762,-2636,0,0
-1287,-172,210,-458,-2807,-3233,0,0
-1346,-240,160,-518,-2828,-3662,0,0
-1174,-278,151,-647,-2833,-3934,0,0
-949,-194,97,-743,-2766,-4282,0,0
-722,20,4,-611,-2677,-4554,0,0
-460,286,-58,-414,-2535,-4577,0,0
-228,409,-84,-369,-2528,-4085,0,0
-223,392,-115,-312,-2643,-3777,0,0
-210,261,-85,-252,-2440,-3657,0,0
-266,50,-13,-161,-2464,-3777,0,0
-410,-136,44,-333,-2359,-3898,0,0
-428,-145,84,-287,-2433,-4198,0,0
-366,-45,98,-338,-2424,-4414,0,0
-226,65,81,-469,-2382,-4471,0,0
-34,120,67,-426,-2387,-4586,0,0
108,64,43,-403,-2560,-4667,0,0
237,32,6,-393,-2603,-4801,0,0
405,27,-11,-314,-2644,-4664,0,0
548,37,-39,-321,-2636,-4520,0,0
628,-11,-17,-356,-2703,-4394,0,0
693,-43,11,-332,-2704,-4154,0,0
869,12,-28,-343,-2641,-3915,0,0
1011,49,-26,-358,-2929,-3830,0,0
1039,21,-19,-476,-2882,-3595,0,0
1173,88,-73,-419,-2927,-3423,0,0
1273,131,-104,-327,-3101,-3293,0,0
1270,115,-97,-310,-3178,-2969,0,0
1321,139,-146,-335,-3250,-2675,0,0
1430,173,-204,-179,-3213,-2445,0,0
1452,162,-184,32,-3281,-2130,0,0
1527,36,-110,18,-3232,-1770,0,0
1553,-188,-47,-66,-3266,-1361,0,0
1474,-332,-38,-70,-3311,-1034,0,0
1470,-358,-42,83,-3514,-840,0,0
1392,-429,-24,-43,-3540,-500,0,0
1213,-520,-9,-107,-3352,-192,0,0
1038,-512,-31,-23,-3782,-156,0,0
938,-467,-48,-40,-3981,-200,0,0
966,-396,-63,-41,-3883,78,0,0
928,-303,-116,-87,-4008,299,0,0
762,-247,-140,-62,-4113,461,0,0
600,-175,-141,46,-4137,549,0,0
511,-96,-161,55,-4174,493,0,0
499,-47,-177,85,-4205,483,0,0
485,-39,-156,118,-4165,530,0,0
441,-65,-113,124,-4156,554,0,0
388,-110,-88,54,-4156,594,0,0
328,-116,-76,52,-4216,775,0,0
243,-45,-39,130,-4268,790,0,0
189,50,2,150,-4342,749,0,0
169,132,13,82,-4456,781,0,0
193,197,-26,84,-4386,825,0,0
236,213,-55,139,-4252,909,0,0
208,172,-62,155,-4229,973,0,0
114,96,-31,136,-4282,1012,0,0
18,18,2,125,-4289,987,0,0
-38,-35,21,129,-4300,927,0,0
-55,-53,6,120,-4282,849,0,0
-33,-39,-7,136,-4265,840,0,0
-12,-4,-35,141,-4303,842,0,0
-12,20,-42,144,-4286,835,0,0
-13,33,-29,173,-4242,867,0,0
-28,46,-28,178,-4247,873,0,0
-21,49,-15,186,-4246,857,0,0
-28,38,6,167,-4251,874,0,0
-31,33,16,170,-4245,874,0,0
-19,39,24,138,-4275,848,0,0
-41,27,35,72,-4312,783,0,0
-57,10,26,43,-4263,769,0,0
-35,45,-16,122,-4298,824,0,0
-58,105,-27,158,-4306,886,0,0
-79,140,-32,160,-4295,915,0,0
-127,130,-32,196,-4286,976,0,0
-207,93,-9,161,-4214,1005,0,0
-277,40,26,159,-4256,991,0,0
-325,-3,48,119,-4234,916,0,0
-387,-34,52,125,-4202,814,0,0
-438,-28,77,185,-4128,771,0,0
-529,6,104,153,-4127,748,0,0
-703,56,132,124,-4155,687,0,0
-831,113,159,71,-4058,462,0,0
-958,140,173,87,-3961,355,0,0
-1096,162,199,75,-3960,223,0,0
-1349,130,249,-54,-3874,7,0,0
-1479,71,311,-20,-3934,-299,0,0
-1395,16,268,-300,-3822,-525,0,0
-1285,61,197,-276,-3726,-892,0,0
-1297,93,160,-200,-3729,-1230,0,0
-1387,94,153,-278,-3586,-1437,0,0
-1350,129,138,-381,-3536,-1796,0,0
-1265,162,121,-332,-3547,-2112,0,0
-1156,198,112,-260,-3514,-2366,0,0
-1042,240,156,-167,-3420,-2432,0,0
-1027,306,161,-195,-3385,-2407,0,0
-1035,387,89,-254,-3301,-2518,0,0
-1080,368,39,-193,-3349,-2679,0,0
-1153,241,-9,-144,-3204,-2781,0,0
-1001,145,-45,-140,-2889,-2861,0,0
-785,86,-58,-1,-2798,-3084,0,0
-803,-75,-65,-24,-2678,-3224,0,0
-886,-236,-30,-121,-2713,-3279,0,0
