937,310,-13,-4740,-778,-462,0,0
792,33,-9,-4315,-919,-216,0,0
485,94,170,-4093,-806,-448,0,0
408,62,277,-4101,-524,-689,0,0
485,105,284,-4257,-442,-521,0,0
466,334,332,-4311,-573,-328,0,0
325,326,368,-4224,-480,-309,0,0
150,253,359,-4168,-212,-644,0,0
52,231,268,-4131,-125,-799,0,0
-44,237,171,-4114,-250,-736,0,0
-177,169,132,-4185,-294,-592,0,0
-313,102,116,-4136,-282,-693,0,0
-349,116,150,-4161,-253,-722,0,0
-343,86,147,-4113,-192,-742,0,0
-383,112,166,-4164,-71,-880,0,0
-396,121,132,-4090,15,-948,0,0
-358,53,72,-3975,-60,-812,0,0
-304,60,29,-4100,-98,-750,0,0
-290,53,-30,-4159,-151,-702,0,0
-272,-14,-139,-4004,-144,-764,0,0
-268,11,-201,-4057,-223,-832,0,0
-333,-16,-267,-3970,-348,-678,0,0
-433,6,-284,-4070,-459,-706,0,0
-419,68,-262,-4240,-690,-801,0,0
-400,16,-211,-4226,-784,-745,0,0
-429,67,-144,-4272,-773,-745,0,0
-482,102,-113,-4288,-816,-619,0,0
-485,53,-141,-4180,-774,-551,0,0
-349,28,-220,-4171,-842,-569,0,0
-220,1,-283,-4147,-1034,-548,0,0
-215,-38,-277,-4058,-1167,-580,0,0
-261,-84,-271,-4048,-1124,-829,0,0
-297,-94,-272,-4135,-1215,-841,0,0
-377,-179,-273,-4092,-1270,-548,0,0
-499,-235,-261,-3925,-1322,-387,0,0
-520,-226,-264,-3848,-1194,-381,0,0
-447,-234,-293,-4256,-1063,-267,0,0
-473,62,-339,-4460,-1179,-153,0,0
-679,60,-306,-4481,-1136,-174,0,0
-869,218,-242,-4138,-846,-554,0,0
-825,334,-224,-3867,-549,-688,0,0
-671,498,-112,-4345,-479,-750,0,0
-513,550,-58,-4320,-438,-875,0,0
-377,246,25,-3987,-532,-730,0,0
-220,137,114,-3628,-271,-738,0,0
19,120,167,-4026,-217,-694,0,0
256,428,121,-4202,-755,-494,0,0
259,553,49,-3574,-1011,-392,0,0
118,613,-12,-3239,-591,-1147,0,0
213,835,-91,-3294,-624,-1269,0,0
179,1360,-141,-3487,-1067,-757,0,0
39,1600,-129,-2861,-1052,-986,0,0
154,1463,-85,-2438,-854,-1811,0,0
335,1211,-154,-2621,-855,-2434,0,0
442,929,-200,-2817,-1138,-2714,0,0
356,744,-195,-2750,-1368,-2681,0,0
191,599,-132,-2716,-1319,-2780,0,0
127,686,-160,-2633,-1248,-3077,0,0
123,809,-223,-2612,-1315,-3158,0,0
107,545,-184,-2599,-1505,-2976,0,0
142,577,-137,-2442,-1545,-2927,0,0
283,720,-129,-2284,-1581,-3083,0,0
435,704,-211,-2309,-1568,-3438,0,0
394,918,-222,-2318,-1689,-3255,0,0
241,993,-216,-1869,-1550,-3584,0,0
146,630,-198,-1839,-1901,-3447,0,0
216,696,-304,-2162,-1925,-3554,0,0
337,605,-298,-1862,-1922,-3684,0,0
274,460,-243,-1571,-1903,-3569,0,0
95,662,-418,-1574,-1727,-3592,0,0
-152,966,-566,-1390,-1902,-3200,0,0
-316,1081,-569,-1356,-2135,-4111,0,0
-141,821,-356,-1237,-2434,-3872,0,0
106,606,-219,-1374,-2235,-4456,0,0
196,430,-156,-1055,-2185,-4529,0,0
32,249,-96,-1102,-2158,-4142,0,0
-106,107,-164,-980,-2276,-4207,0,0
-89,48,-207,-1078,-2253,-3954,0,0
46,42,-210,-1090,-2418,-4128,0,0
205,116,-142,-1122,-2452,-4235,0,0
187,163,-108,-1276,-2568,-4504,0,0
19,272,-53,-841,-2664,-4653,0,0
-90,-100,55,-1011,-2483,-4847,0,0
-76,-484,99,-943,-2690,-4588,0,0
-15,-656,183,-1144,-2487,-4446,0,0
28,-685,238,-1160,-2407,-4238,0,0
66,-793,313,-1265,-2337,-4019,0,0
90,-859,357,-1362,-2222,-3800,0,0
73,-833,387,-1509,-2105,-3809,0,0
100,-857,370,-1634,-2135,-3518,0,0
129,-936,374,-1727,-2142,-3481,0,0
141,-924,396,-1976,-2026,-3463,0,0
131,-934,406,-2034,-2005,-3269,0,0
100,-946,425,-2108,-1865,-2996,0,0
40,-951,415,-2238,-1739,-2807,0,0
25,-904,395,-2396,-1761,-2714,0,0
56,-878,394,-2405,-1686,-2676,0,0
91,-886,405,-2623,-1672,-2308,0,0
67,-872,374,-2607,-1695,-2442,0,0
29,-800,321,-2779,-1553,-2466,0,0
-30,-727,290,-3003,-1670,-2428,0,0
-50,-760,255,-3121,-1671,-2165,0,0
-61,-757,274,-3273,-1647,-2223,0,0
-13,-843,278,-3296,-1549,-2030,0,0
17,-799,275,-3533,-1656,-1719,0,0
22,-734,255,-3668,-1620,-1935,0,0
-27,-876,244,-3339,-1561,-1880,0,0
-71,-993,338,-3468,-1588,-1741,0,0
23,-1101,350,-3601,-1526,-1423,0,0
67,-1163,363,-3580,-1504,-1161,0,0
43,-1099,424,-3643,-1302,-990,0,0
15,-1164,437,-3737,-1132,-823,0,0
30,-1187,429,-3772,-1121,-400,0,0
43,-1176,421,-3599,-1051,-119,0,0
65,-1107,415,-3707,-899,57,0,0
101,-986,365,-3720,-724,205,0,0
143,-869,307,-3785,-820,494,0,0
169,-759,301,-3907,-694,572,0,0
200,-616,288,-4003,-617,542,0,0
234,-634,310,-3985,-610,572,0,0
246,-667,347,-3890,-661,724,0,0
213,-658,390,-3935,-486,747,0,0
167,-646,394,-3941,-388,928,0,0
83,-580,362,-3945,-343,1051,0,0
3,-570,360,-3911,-252,1186,0,0
-46,-530,358,-3986,-92,1362,0,0
-55,-454,324,-3930,34,1573,0,0
-41,-370,286,-3794,-30,1759,0,0
-18,-252,249,-3816,-5,1767,0,0
-17,-155,201,-3831,76,1772,0,0
-41,-101,136,-3873,97,1846,0,0
-44,128,74,-4018,39,1792,0,0
-16,141,82,-3959,152,1753,0,0
3,204,51,-3859,133,1688,0,0
13,299,8,-3869,119,1562,0,0
19,325,-24,-3920,104,1406,0,0
20,332,-58,-3960,98,1375,0,0
-13,309,-84,-3924,47,1292,0,0
-27,322,-115,-3893,40,1296,0,0
-39,397,-165,-3924,104,1322,0,0
-50,417,-219,-3985,54,1351,0,0
-41,482,-262,-4021,4,1348,0,0
-41,564,-292,-3971,-46,1289,0,0
-63,723,-323,-3946,-156,1148,0,0
-118,824,-324,-3589,-231,860,0,0
-145,887,-319,-3478,-186,574,0,0
-128,1110,-389,-3523,-329,336,0,0
-99,1323,-476,-3566,-573,32,0,0
-53,1424,-550,-3642,-621,-478,0,0
-35,1367,-543,-3898,-753,-930,0,0
-32,1223,-500,-3944,-893,-1142,0,0
-59,1030,-421,-3776,-1084,-1287,0,0
-48,901,-376,-3636,-922,-1287,0,0
-55,824,-367,-3494,-1142,-1199,0,0
-34,938,-402,-3479,-1083,-1364,0,0
-67,1109,-354,-3226,-1132,-1488,0,0
-128,1581,-367,-3360,-1243,-1774,0,0
-30,1961,-351,-3193,-1220,-2271,0,0
26,870,-279,-2886,-1463,-2314,0,0
54,735,-274,-2877,-1174,-2391,0,0
37,801,-306,-2715,-1527,-2336,0,0
108,772,-383,-2907,-1649,-2508,0,0
166,875,-308,-2823,-1753,-2728,0,0
185,792,-147,-2660,-1569,-3191,0,0
202,606,-113,-2328,-1508,-2701,0,0
70,785,-182,-2491,-1712,-2828,0,0
193,756,-323,-2375,-1684,-3213,0,0
255,766,-374,-2163,-2016,-3097,0,0
282,799,-450,-2200,-1833,-3285,0,0
216,839,-501,-2003,-2095,-3236,0,0
193,898,-489,-1982,-2173,-3444,0,0
188,815,-548,-1670,-2278,-3464,0,0
135,864,-494,-1555,-2294,-3380,0,0
117,956,-557,-1721,-2455,-3673,0,0
100,830,-476,-1145,-2740,-3727,0,0
47,806,-398,-1657,-2414,-4348,0,0
-41,621,-413,-1105,-2872,-4142,0,0
-188,461,-232,-1289,-2663,-4301,0,0
-179,342,-218,-1041,-2680,-4302,0,0
-121,360,-217,-1139,-2617,-4140,0,0
-66,269,-209,-1080,-2707,-4201,0,0
18,121,-94,-1044,-2656,-4325,0,0
114,-74,1,-885,-2599,-4278,0,0
74,-154,51,-855,-2521,-4042,0,0
-31,-230,65,-917,-2537,-4015,0,0
-40,-310,123,-867,-2551,-4038,0,0
-33,-367,157,-958,-2464,-3898,0,0
-42,-446,168,-1017,-2497,-3920,0,0
-12,-537,196,-1145,-2500,-3810,0,0
42,-573,232,-1219,-2486,-3831,0,0
78,-590,243,-1336,-2425,-3781,0,0
84,-621,265,-1410,-2440,-3760,0,0
90,-733,304,-1572,-2403,-3684,0,0
140,-789,358,-1690,-2430,-3570,0,0
203,-899,407,-1823,-2419,-3373,0,0
183,-899,414,-1944,-2247,-3369,0,0
89,-832,433,-2096,-2168,-3298,0,0
26,-825,437,-2181,-2154,-3047,0,0
-4,-845,427,-2315,-2054,-2922,0,0
-28,-815,410,-2363,-1947,-2830,0,0
12,-820,411,-2521,-1888,-2682,0,0
109,-828,393,-2557,-1866,-2471,0,0
164,-850,417,-2816,-1824,-2398,0,0
181,-785,399,-2873,-1874,-2298,0,0
134,-785,399,-3004,-1709,-2330,0,0
18,-741,336,-3100,-1749,-2062,0,0
-81,-640,260,-3087,-1778,-2172,0,0
-94,-715,277,-3092,-1784,-2051,0,0
-95,-808,379,-3259,-1869,-2013,0,0
-6,-935,445,-3458,-1776,-1839,0,0
20,-947,439,-3402,-1641,-1767,0,0
24,-998,454,-3577,-1573,-1700,0,0
12,-1030,454,-3624,-1557,-1318,0,0
-16,-962,515,-3669,-1386,-1325,0,0
23,-1199,549,-3613,-1261,-1035,0,0
67,-1221,540,-3607,-1200,-701,0,0
75,-1145,520,-3651,-1015,-538,0,0
9,-1067,512,-3642,-910,-345,0,0
-48,-993,497,-3770,-795,-90,0,0
-98,-933,449,-3817,-746,190,0,0
-126,-799,425,-3896,-760,189,0,0
-92,-804,403,-3843,-629,405,0,0
-39,-660,348,-3938,-593,642,0,0
23,-676,352,-3847,-430,493,0,0
101,-727,307,-3898,-433,704,0,0
153,-630,244,-4005,-463,768,0,0
154,-607,260,-4006,-390,764,0,0
111,-658,249,-3964,-348,855,0,0
60,-675,202,-3897,-265,1192,0,0
-29,-680,184,-3771,-206,1494,0,0
-110,-585,193,-3828,-71,1588,0,0
-118,-471,177,-3870,-102,1693,0,0
-79,-409,152,-3890,-202,1792,0,0
-34,-282,139,-3815,-195,1799,0,0
1,-183,113,-3842,-107,1784,0,0
34,-117,58,-3822,-92,1841,0,0
51,-33,36,-3846,-131,1817,0,0
55,-11,56,-3964,-67,1776,0,0
54,16,71,-3995,5,1722,0,0
64,11,74,-3808,13,1807,0,0
71,49,63,-3849,34,1912,0,0
70,179,24,-3868,30,1828,0,0
64,250,-10,-3912,49,1769,0,0
37,286,-36,-3909,125,1825,0,0
-13,366,-77,-3821,102,1834,0,0
-48,474,-135,-3752,81,1725,0,0
-75,592,-196,-3738,121,1585,0,0
-45,709,-217,-3709,93,1585,0,0
19,741,-205,-3812,-99,1449,0,0
90,847,-270,-3762,-201,1063,0,0
56,1019,-377,-3698,-64,787,0,0
-83,1127,-483,-3580,-122,646,0,0
-209,1246,-548,-3449,-295,424,0,0
-179,1363,-550,-3513,-455,17,0,0
10,1316,-581,-3547,-642,-204,0,0
139,1219,-605,-3525,-825,-532,0,0
157,1209,-639,-3507,-839,-767,0,0
51,1175,-661,-3318,-966,-857,0,0
-123,878,-733,-3521,-1304,-1110,0,0
-162,897,-763,-3659,-1363,-1306,0,0
-289,926,-648,-3402,-1723,-1596,0,0
-275,1065,-509,-3603,-1553,-2077,0,0
-203,962,-350,-3459,-1657,-1944,0,0
-185,877,-325,-3359,-1580,-1849,0,0
-166,905,-266,-3098,-1517,-2064,0,0
-122,877,-279,-3052,-1620,-2235,0,0
-4,863,-310,-3050,-1627,-2439,0,0
80,774,-308,-2934,-1754,-2495,0,0
143,750,-343,-2910,-1783,-2512,0,0
143,733,-374,-2747,-1982,-2525,0,0
177,898,-422,-2711,-2035,-2782,0,0
223,907,-438,-2686,-2271,-3109,0,0
180,921,-423,-2626,-2318,-3228,0,0
30,906,-370,-2483,-2338,-3189,0,0
-96,596,-323,-2331,-2373,-3328,0,0
-172,478,-160,-2102,-2375,-3242,0,0
-197,838,-99,-2183,-2282,-3259,0,0
-107,1141,-141,-1759,-2265,-3458,0,0
-4,962,-213,-1615,-2223,-3261,0,0
45,564,-305,-1574,-2123,-3393,0,0
11,516,-400,-1503,-2412,-3518,0,0
35,447,-392,-1632,-2431,-3515,0,0
136,417,-360,-1698,-2539,-3805,0,0
159,416,-281,-1471,-2613,-3808,0,0
63,418,-253,-1663,-2578,-4023,0,0
3,312,-211,-1348,-2829,-3913,0,0
22,153,-79,-1605,-2602,-3962,0,0
64,57,-71,-1395,-2707,-3978,0,0
2,-51,2,-1308,-2614,-3794,0,0
-93,-106,10,-1595,-2546,-3973,0,0
-80,-158,-5,-1354,-2797,-3888,0,0
-107,-110,59,-1748,-2640,-3982,0,0
-115,-228,74,-1434,-2746,-4214,0,0
-193,-359,170,-1592,-2678,-4120,0,0
-195,-552,247,-1648,-2634,-3926,0,0
-84,-743,313,-1627,-2511,-3721,0,0
-5,-797,329,-1697,-2327,-3592,0,0
23,-768,303,-1786,-2375,-3412,0,0
45,-824,313,-1849,-2294,-3322,0,0
0,-797,357,-2012,-2231,-3173,0,0
-44,-723,364,-2129,-2210,-3224,0,0
-77,-717,373,-2183,-2140,-3196,0,0
-102,-739,382,-2424,-2043,-3088,0,0
-54,-866,368,-2529,-2080,-2886,0,0
4,-844,403,-2572,-2026,-2716,0,0
27,-818,429,-2685,-1807,-2796,0,0
33,-825,400,-2785,-1779,-2743,0,0
90,-819,391,-2787,-1798,-2482,0,0
188,-927,403,-2853,-1684,-2189,0,0
243,-970,409,-3048,-1571,-2111,0,0
216,-867,366,-3256,-1554,-2023,0,0
175,-859,331,-3408,-1697,-2098,0,0
139,-910,368,-3560,-1646,-1974,0,0
144,-839,398,-3483,-1615,-1927,0,0
130,-1053,431,-3425,-1482,-1742,0,0
123,-1281,436,-3504,-1387,-1548,0,0
129,-1407,410,-3535,-1255,-1272,0,0
46,-1355,454,-3635,-1304,-750,0,0
30,-1231,444,-3750,-1159,-550,0,0
49,-1034,401,-3652,-1137,-466,0,0
77,-918,389,-3779,-1037,-328,0,0
38,-872,426,-3818,-1016,-243,0,0
13,-1021,479,-3886,-918,-80,0,0
13,-1216,482,-3959,-781,311,0,0
9,-1058,472,-3910,-749,523,0,0
83,-911,483,-3805,-708,586,0,0
161,-1011,463,-3666,-492,891,0,0
174,-820,393,-3901,-445,1088,0,0
156,-711,295,-3809,-487,1237,0,0
61,-636,279,-3903,-471,1152,0,0
-12,-675,317,-3989,-293,1243,0,0
-89,-633,338,-3698,-351,1472,0,0
-121,-640,403,-3611,-235,1689,0,0
-66,-615,404,-3494,-112,1829,0,0
15,-530,129,-3545,-31,2085,0,0
8,-346,32,-3657,-26,2114,0,0
-32,-135,-15,-3919,19,2178,0,0
-75,6,36,-3789,-149,2039,0,0
-41,64,90,-3617,-123,1834,0,0
31,24,34,-3469,-42,1798,0,0
6,-41,-22,-3251,-18,1827,0,0
-63,-69,-105,-3786,204,1999,0,0
-141,108,-282,-4131,-104,2274,0,0
-241,50,-218,-3827,-601,2135,0,0
-156,207,12,-3936,-265,1895,0,0
-1017,26,216,-112,-1592,63,0,0
-34,311,-95,-3792,-80,2118,0,0
-48,359,-69,-3728,-148,2121,0,0
-16,494,-94,-3620,-170,2115,0,0
38,593,-111,-3788,-230,1811,0,0
168,605,-156,-3963,-403,1337,0,0
281,624,-185,-3799,-209,1215,0,0
171,592,-163,-3471,-2,1234,0,0
-27,684,-217,-3361,-82,1248,0,0
-151,853,-327,-3387,-134,1380,0,0
-162,1060,-436,-3572,-422,1116,0,0
28,1291,-533,-3557,-812,575,0,0
246,1209,-527,-3706,-723,37,0,0
273,1048,-500,-3620,-562,-151,0,0
41,930,-490,-3663,-711,-33,0,0
-203,1078,-512,-3716,-892,-47,0,0
-326,1508,-545,-3487,-1241,65,0,0
-304,1676,-480,-3241,-1260,-476,0,0
-62,1597,-468,-3740,-1047,-1075,0,0
104,1447,-530,-3706,-1181,-1593,0,0
-4,1140,-491,-3554,-1367,-1611,0,0
-168,1041,-382,-3199,-1450,-1891,0,0
-171,1012,-402,-3314,-1402,-1509,0,0
4,1213,-446,-3256,-1814,-1908,0,0
315,1304,-496,-3229,-1996,-2267,0,0
464,1093,-470,-2893,-1899,-2653,0,0
347,947,-538,-2781,-1759,-2813,0,0
108,829,-563,-2534,-2207,-2458,0,0
12,839,-522,-2523,-2221,-2731,0,0
120,925,-547,-2168,-2341,-2670,0,0
262,1049,-503,-2209,-2545,-2669,0,0
328,1387,-570,-2088,-2625,-3085,0,0
299,1284,-537,-2130,-2600,-3786,0,0
217,1034,-599,-1759,-2938,-3666,0,0
-51,838,-408,-1566,-2986,-3468,0,0
-110,779,-428,-1672,-2767,-3790,0,0
26,642,-473,-1237,-2945,-3515,0,0
65,621,-446,-1474,-2959,-3549,0,0
87,546,-454,-1193,-3048,-3665,0,0
39,530,-361,-1284,-3170,-3877,0,0
180,526,-265,-860,-3235,-3949,0,0
203,286,-253,-1171,-3192,-3915,0,0
52,58,-324,-1223,-3431,-3923,0,0
-63,76,-130,-1312,-3566,-4236,0,0
-85,-79,117,-1279,-3536,-4362,0,0
-58,-273,291,-1150,-3435,-4227,0,0
8,-380,381,-1143,-3286,-3954,0,0
63,-550,414,-1142,-3134,-3936,0,0
53,-754,416,-1219,-2934,-3522,0,0
-10,-847,437,-1361,-2829,-3372,0,0
1,-900,509,-1467,-2736,-3186,0,0
43,-876,531,-1516,-2611,-2977,0,0
86,-826,558,-1645,-2494,-2825,0,0
197,-753,475,-1856,-2385,-2763,0,0
282,-507,355,-2007,-2532,-2840,0,0
218,-385,398,-2100,-2654,-2870,0,0
54,-853,489,-2321,-2519,-2829,0,0
-93,-862,503,-2441,-2494,-2668,0,0
-157,-848,477,-2531,-2455,-2552,0,0
-129,-836,463,-2804,-2332,-2365,0,0
-15,-707,486,-2851,-2222,-2358,0,0
57,-764,613,-2912,-2261,-2361,0,0
117,-881,598,-2810,-2079,-2339,0,0
40,-886,511,-2951,-2001,-2101,0,0
-113,-918,440,-3083,-2061,-1944,0,0
-177,-967,471,-3228,-2040,-1822,0,0
-220,-911,547,-3210,-1844,-1578,0,0
-336,-762,625,-3218,-1528,-1451,0,0
-377,-728,634,-3389,-1426,-1422,0,0
-282,-756,501,-3562,-1539,-1242,0,0
-146,-884,469,-3676,-1568,-1152,0,0
-44,-1028,524,-3728,-1373,-1110,0,0
38,-1505,533,-3581,-1201,-849,0,0
49,-1817,567,-3633,-1061,-504,0,0
84,-1479,540,-3925,-1008,-107,0,0
150,-1247,470,-3880,-972,161,0,0
186,-979,470,-4019,-939,167,0,0
194,-919,479,-3891,-829,346,0,0
104,-1008,524,-3951,-679,550,0,0
46,-915,541,-3937,-505,777,0,0
-32,-811,571,-3795,-390,882,0,0
-109,-1024,583,-3636,-324,1064,0,0
-71,-952,538,-3646,-205,1365,0,0
10,-689,436,-3696,-177,1589,0,0
46,-597,344,-3753,-131,1583,0,0
-16,-521,294,-3632,-52,1422,0,0
-41,-591,285,-3892,20,1543,0,0
-6,-512,262,-3890,-170,1763,0,0
107,-580,288,-3729,-128,1799,0,0
191,-489,350,-3724,-22,1913,0,0
179,-431,368,-3591,159,1823,0,0
119,-465,374,-3572,335,1869,0,0
-16,-401,378,-3576,418,2013,0,0
-174,-361,336,-3655,478,2082,0,0
-354,-364,324,-3543,364,2089,0,0
-484,-309,383,-3448,334,2092,0,0
-409,-196,289,-3354,421,2248,0,0
-239,-95,118,-3227,466,2499,0,0
-94,-76,7,-3333,366,2751,0,0
-13,5,-38,-3342,399,2733,0,0
14,36,-35,-3419,524,2583,0,0
16,69,-100,-3464,502,2633,0,0
-8,141,-157,-3374,380,2631,0,0
-3,256,-183,-3440,323,2565,0,0
13,345,-192,-3585,238,2464,0,0
40,446,-204,-3569,229,2386,0,0
29,560,-197,-3595,203,2285,0,0
-7,631,-172,-3598,146,2146,0,0
-36,688,-161,-3653,169,1986,0,0
-71,778,-180,-3602,134,1826,0,0
-106,804,-184,-3618,163,1622,0,0
-102,789,-198,-3543,190,1452,0,0
-64,829,-232,-3546,176,1424,0,0
-44,895,-334,-3459,142,1334,0,0
-52,979,-427,-3479,3,1177,0,0
-47,1128,-504,-3438,-109,809,0,0
-28,1236,-591,-3470,-237,413,0,0
-40,1270,-662,-3663,-417,128,0,0
-84,1321,-699,-3801,-521,-21,0,0
-181,1345,-685,-3764,-701,-447,0,0
-264,1380,-658,-3643,-781,-520,0,0
-301,1253,-603,-3613,-982,-571,0,0
-200,1085,-580,-3430,-1067,-695,0,0
-113,1195,-537,-3398,-1187,-785,0,0
-35,1404,-587,-3409,-1087,-1174,0,0
-77,1473,-614,-3288,-1282,-1431,0,0
-157,1421,-573,-3139,-1379,-1834,0,0
-112,1303,-504,-3178,-1578,-1953,0,0
20,1267,-518,-3268,-1729,-2254,0,0
75,1338,-585,-3000,-1939,-2547,0,0
88,1118,-521,-3054,-1800,-2810,0,0
150,763,-500,-2457,-1908,-2491,0,0
111,1068,-569,-2567,-1902,-2720,0,0
110,1032,-584,-2399,-2089,-2994,0,0
78,1183,-654,-2477,-2252,-2956,0,0
102,1270,-599,-1927,-2158,-3289,0,0
109,1217,-705,-1735,-2416,-3307,0,0
45,1187,-782,-1690,-2514,-3871,0,0
5,850,-554,-1605,-2654,-3663,0,0
25,919,-516,-1375,-2546,-3776,0,0
-16,825,-480,-1021,-2397,-3248,0,0
-138,1066,-603,-1256,-2615,-3815,0,0
-90,1000,-620,-1018,-2889,-4321,0,0
-79,727,-402,-925,-3010,-4208,0,0
-63,559,-331,-693,-2976,-4202,0,0
-63,472,-303,-775,-3006,-4417,0,0
-23,388,-273,-886,-3072,-4559,0,0
-19,186,-110,-848,-3125,-4634,0,0
-55,-28,99,-762,-3074,-4472,0,0
-84,-231,235,-548,-2911,-4408,0,0
-29,-333,242,-600,-2888,-4402,0,0
119,-389,243,-741,-2820,-4366,0,0
128,-468,280,-823,-2789,-4040,0,0
65,-568,375,-852,-2668,-4112,0,0
65,-744,454,-848,-2691,-3897,0,0
117,-809,481,-999,-2625,-3853,0,0
174,-864,471,-1236,-2547,-3748,0,0
213,-786,484,-1392,-2663,-3840,0,0
213,-518,585,-1306,-2606,-3576,0,0
193,-1011,645,-3560,-2411,-3461,0,0
122,-1285,591,-1725,-2357,-3189,0,0
76,-1450,561,-1821,-2415,-3142,0,0
143,-1916,529,-2187,-2328,-2769,0,0
169,-1793,470,-2505,-2235,-2476,0,0
117,-1276,455,-2539,-2197,-2224,0,0
20,-956,561,-2707,-2187,-2404,0,0
113,-1207,640,-2942,-2145,-2329,0,0
182,-1278,623,-2816,-2043,-1735,0,0
65,-1166,664,-3079,-1856,-1651,0,0
-18,-1218,650,-3078,-1783,-1420,0,0
-25,-1253,652,-3256,-1680,-1206,0,0
65,-1508,669,-3308,-1493,-1131,0,0
191,-1651,670,-3540,-1522,-654,0,0
285,-1472,662,-3558,-1300,-474,0,0
275,-1403,681,-3490,-1114,-243,0,0
248,-1287,650,-3627,-1029,28,0,0
207,-1195,597,-3699,-863,219,0,0
128,-1081,614,-3552,-904,428,0,0
127,-1060,588,-3742,-673,675,0,0
160,-960,506,-3613,-584,834,0,0
172,-750,424,-3610,-673,992,0,0
205,-728,373,-3741,-541,1061,0,0
197,-777,377,-3834,-457,1051,0,0
144,-773,365,-3760,-392,1235,0,0
79,-636,359,-3878,-296,1346,0,0
27,-626,334,-3766,-235,1465,0,0
-2,-553,323,-3733,-255,1558,0,0
19,-401,284,-3778,-182,1629,0,0
20,-544,253,-3676,-141,1781,0,0
5,-489,258,-3667,-131,1857,0,0
10,-406,219,-3678,-88,1957,0,0
19,-313,140,-3783,-161,2007,0,0
-4,-332,164,-3740,-63,1980,0,0
-35,-321,165,-3534,7,2039,0,0
-36,-445,165,-3515,56,2251,0,0
19,-332,129,-3594,26,2420,0,0
82,-230,76,-3471,118,2509,0,0
72,-161,57,-3372,278,2552,0,0
33,-53,5,-3417,252,2618,0,0
14,56,-73,-3403,206,2615,0,0
11,220,-120,-3510,131,2489,0,0
24,289,-136,-3538,177,2426,0,0
6,386,-159,-3472,98,2416,0,0
-19,475,-186,-3488,107,2344,0,0
-45,604,-234,-3543,99,2272,0,0
-90,728,-293,-3572,32,2144,0,0
-164,865,-322,-3595,-65,1950,0,0
-236,946,-339,-3656,-145,1737,0,0
-280,1051,-363,-3505,-214,1451,0,0
-289,1014,-337,-3550,-302,1046,0,0
-248,903,-364,-3682,-217,862,0,0
-233,977,-411,-3568,-421,901,0,0
-256,1135,-467,-3600,-485,771,0,0
-297,1305,-549,-3424,-452,460,0,0
-339,1471,-601,-3361,-584,168,0,0
-322,1553,-624,-3132,-817,-50,0,0
-276,1221,-600,-3199,-815,-273,0,0
-244,1190,-655,-3265,-1022,-684,0,0
-234,1261,-755,-3345,-1247,-976,0,0
-205,1465,-847,-3682,-1515,-1287,0,0
-182,1318,-817,-3453,-1841,-1656,0,0
-173,1249,-728,-3520,-1932,-1877,0,0
-124,1198,-602,-3535,-1845,-1991,0,0
-140,1037,-510,-3522,-1981,-2069,0,0
-71,1011,-427,-3319,-1850,-2212,0,0
-87,831,-395,-2590,-1837,-2126,0,0
-147,818,-461,-2646,-1850,-2338,0,0
-144,819,-640,-2593,-2032,-2160,0,0
-210,937,-719,-2487,-2456,-2364,0,0
-139,969,-599,-2702,-2496,-2737,0,0
-48,966,-538,-2748,-2569,-2804,0,0
22,936,-551,-2623,-2541,-3136,0,0
-1,872,-549,-2095,-2431,-3144,0,0
-254,843,-500,-1763,-2620,-3295,0,0
-400,707,-441,-1756,-2711,-3264,0,0
-364,769,-540,-1643,-2712,-3396,0,0
-243,792,-534,-1591,-2671,-3383,0,0
-124,874,-475,-1666,-2700,-3662,0,0
-51,817,-375,-1525,-2810,-3802,0,0
-30,736,-217,-1564,-2800,-3961,0,0
50,510,-68,-1310,-2962,-4014,0,0
156,393,-53,-1224,-2847,-4115,0,0
123,454,-172,-1220,-2880,-4217,0,0
-123,412,-177,-1351,-2947,-4389,0,0
-186,208,-66,-1187,-3136,-4221,0,0
-56,-82,183,-1264,-3029,-4251,0,0
72,-272,292,-1150,-2929,-4170,0,0
152,-350,341,-1217,-2928,-4156,0,0
165,-465,303,-1190,-2814,-4124,0,0
140,-552,326,-1429,-2897,-4066,0,0
151,-704,400,-1460,-2884,-3788,0,0
168,-690,507,-1690,-2831,-3715,0,0
250,-820,565,-1725,-2748,-3553,0,0
266,-718,593,-1802,-2761,-3370,0,0
207,-700,630,-1729,-2516,-3535,0,0
172,-918,644,-1860,-2422,-3167,0,0
116,-928,610,-2118,-2406,-2985,0,0
81,-961,606,-2239,-2388,-2814,0,0
118,-1089,657,-2452,-2368,-2823,0,0
206,-1211,672,-2488,-2150,-2661,0,0
198,-1128,684,-2783,-2153,-2459,0,0
237,-1228,642,-2934,-2089,-2268,0,0
275,-1278,589,-2896,-1878,-2020,0,0
213,-1189,570,-2996,-1772,-1698,0,0
135,-1103,568,-3182,-1811,-1565,0,0
128,-1090,520,-3236,-1668,-1421,0,0
104,-1052,513,-3240,-1692,-1209,0,0
109,-1063,552,-3449,-1684,-1148,0,0
147,-1115,513,-3506,-1555,-934,0,0
147,-1057,472,-3587,-1523,-809,0,0
103,-1099,512,-3705,-1436,-660,0,0
74,-1101,505,-3714,-1391,-395,0,0
45,-1037,526,-3644,-1282,-126,0,0
23,-1013,526,-3663,-1096,183,0,0
17,-929,487,-3688,-1050,236,0,0
88,-1018,484,-3654,-920,309,0,0
190,-1051,423,-3679,-786,603,0,0
237,-979,385,-3715,-776,815,0,0
236,-985,405,-3685,-691,1005,0,0
196,-925,414,-3625,-511,1159,0,0
175,-867,408,-3762,-452,1257,0,0
194,-777,371,-3675,-441,1435,0,0
187,-682,412,-3688,-500,1730,0,0
203,-737,439,-3667,-335,1817,0,0
238,-641,405,-3693,-144,1839,0,0
277,-586,326,-3580,-87,1954,0,0
202,-462,199,-3651,-4,1987,0,0
143,-422,194,-3630,27,2170,0,0
61,-407,205,-3582,8,2117,0,0
49,-402,157,-3517,1,2173,0,0
43,-299,90,-3520,26,2201,0,0
2,-228,55,-3530,38,2155,0,0
-43,-274,74,-3504,67,2256,0,0
-76,-296,120,-3498,204,2490,0,0
-79,-217,107,-3400,130,2644,0,0
-23,-146,75,-3284,124,2751,0,0
43,4,25,-3333,187,2720,0,0
99,133,-76,-3419,217,2660,0,0
92,191,-147,-3424,172,2620,0,0
42,278,-147,-3497,154,2490,0,0
-6,306,-150,-3495,175,2489,0,0
-49,398,-176,-3449,115,2482,0,0
-70,522,-218,-3440,83,2446,0,0
-90,646,-269,-3426,-13,2269,0,0
-95,720,-314,-3506,62,2055,0,0
-112,780,-423,-3481,15,1957,0,0
-160,904,-502,-3355,-173,1836,0,0
-211,1006,-524,-3446,-136,1622,0,0
-250,1082,-558,-3508,-321,1420,0,0
-270,1159,-601,-3321,-525,1177,0,0
-319,1287,-583,-3418,-511,909,0,0
-377,1370,-629,-3366,-560,626,0,0
-450,1441,-701,-3129,-837,432,0,0
-482,1577,-723,-3268,-1105,75,0,0
-382,1684,-764,-3563,-1182,-188,0,0
-266,1664,-789,-3540,-1358,-730,0,0
-151,1550,-783,-3349,-1308,-971,0,0
-172,1384,-649,-3200,-1506,-1069,0,0
-148,1316,-568,-3092,-1377,-1234,0,0
-114,1371,-669,-3010,-1603,-1427,0,0
-25,1300,-791,-2781,-1914,-1588,0,0
143,1401,-846,-2848,-1893,-1898,0,0
203,1209,-930,-2618,-2348,-2267,0,0
198,1302,-1005,-2760,-2507,-2476,0,0
112,1157,-815,-2697,-2807,-2761,0,0
-44,993,-713,-2611,-3041,-2843,0,0
-71,990,-630,-2546,-2859,-3002,0,0
-96,761,-563,-2143,-2851,-2868,0,0
-215,684,-465,-2053,-2860,-2714,0,0
-246,784,-423,-1899,-2805,-2792,0,0
-183,766,-429,-1677,-2828,-3016,0,0
-31,876,-501,-1598,-3010,-3100,0,0
143,1007,-569,-1277,-3075,-3347,0,0
180,865,-667,-1298,-3173,-3698,0,0
99,801,-821,-1041,-3313,-3688,0,0
-128,758,-742,-1070,-3416,-3769,0,0
-248,600,-606,-984,-3629,-3843,0,0
-172,505,-489,-965,-3597,-3801,0,0
-74,407,-391,-779,-3715,-4036,0,0
-50,217,-257,-777,-3697,-4037,0,0
-119,70,-141,-884,-3692,-4111,0,0
-121,-228,33,-772,-3805,-4033,0,0
-43,-403,194,-758,-3703,-3921,0,0
64,-475,253,-786,-3573,-3859,0,0
129,-516,281,-959,-3555,-3768,0,0
171,-596,330,-1117,-3627,-3717,0,0
222,-697,479,-1257,-3517,-3673,0,0
239,-709,598,-1312,-3464,-3518,0,0
224,-748,704,-1283,-3282,-3513,0,0
171,-909,802,-1366,-3206,-3359,0,0
145,-1028,875,-1578,-3055,-3147,0,0
132,-1058,909,-1659,-2875,-2952,0,0
137,-1038,906,-1971,-2752,-2686,0,0
174,-1080,889,-2047,-2657,-2576,0,0
267,-1080,879,-2206,-2439,-2421,0,0
364,-1141,810,-2196,-2359,-2150,0,0
329,-959,704,-2435,-2274,-1923,0,0
236,-853,651,-2807,-2243,-2056,0,0
222,-1039,678,-3065,-2362,-1823,0,0
275,-1106,764,-3147,-2367,-1683,0,0
328,-1239,826,-3132,-2126,-1387,0,0
289,-1274,864,-3222,-1917,-1256,0,0
225,-1246,852,-3195,-1780,-980,0,0
153,-1196,850,-3255,-1618,-703,0,0
108,-1160,810,-3293,-1485,-532,0,0
81,-1161,764,-3370,-1369,-314,0,0
72,-1089,730,-3594,-1418,-55,0,0
98,-1121,728,-3703,-1299,25,0,0
125,-1170,755,-3551,-1141,271,0,0
113,-1147,784,-3595,-970,515,0,0
71,-1172,753,-3544,-740,711,0,0
17,-1094,686,-3437,-589,979,0,0
-20,-980,598,-3532,-488,1280,0,0
-3,-858,506,-3569,-361,1401,0,0
14,-750,434,-3616,-236,1565,0,0
33,-566,329,-3830,-249,1702,0,0
83,-537,268,-3740,-310,1687,0,0
116,-514,254,-3820,-316,1684,0,0
164,-449,266,-3791,-182,1732,0,0
207,-467,301,-3629,-78,1767,0,0
227,-507,287,-3578,0,1922,0,0
82,134,-63,-3666,119,2349,0,0
105,220,-123,-3616,146,2279,0,0
42,290,-132,-3639,176,2186,0,0
-56,319,-139,-3662,108,2093,0,0
-130,330,-156,-3663,140,2044,0,0
-166,336,-189,-3680,123,1895,0,0
-119,249,-244,-3612,44,2063,0,0
-106,317,-290,-3581,-86,2138,0,0
-104,502,-312,-3611,-2,1943,0,0
-142,613,-361,-3629,26,2002,0,0
-278,866,-465,-3543,-37,1979,0,0
-449,1231,-607,-3424,-100,1740,0,0
-622,1490,-743,-3331,-430,1319,0,0
-733,1649,-718,-3457,-595,711,0,0
-801,1676,-570,-3553,-763,300,0,0
-877,1611,-475,-3392,-826,186,0,0
-1096,1623,-345,-3119,-867,48,0,0
-1552,2139,-190,-3062,-872,-415,0,0
-1848,2820,-125,-3260,-681,-1051,0,0
-1531,2931,-346,-3249,-1049,-1408,0,0
-864,2910,-418,-2582,-1126,-1997,0,0
-257,2271,-307,-2457,-1212,-2462,0,0
251,1638,-271,-2442,-1015,-3011,0,0
485,945,-322,-2228,-867,-3320,0,0
581,553,-327,-2557,-1198,-2703,0,0
488,677,-354,-2502,-1593,-2911,0,0
522,734,-335,-2694,-1859,-3323,0,0
561,845,-305,-2445,-1971,-3395,0,0
459,884,-262,-2217,-1889,-3534,0,0
345,769,-319,-2239,-1825,-3537,0,0
316,831,-354,-2168,-2053,-3400,0,0
404,347,-354,-1925,-2367,-3742,0,0
389,505,-361,-2095,-2264,-3773,0,0
158,430,-279,-2108,-2110,-3913,0,0
-52,364,-226,-1652,-2179,-3739,0,0
-122,425,-234,-1203,-1948,-3217,0,0
-74,554,-422,-1323,-1924,-3207,0,0
92,640,-512,-1298,-2264,-3506,0,0
278,563,-556,-1450,-2392,-3684,0,0
210,297,-498,-1417,-2500,-4127,0,0
68,487,-465,-1535,-2595,-4116,0,0
-32,537,-432,-1343,-2873,-4163,0,0
-77,516,-365,-1155,-2782,-4156,0,0
-107,578,-345,-1121,-2831,-4341,0,0
-60,159,-287,-1146,-3002,-4321,0,0
-12,72,-119,-1258,-2970,-4445,0,0
-6,-133,42,-1043,-2900,-4236,0,0
-28,-201,112,-1191,-2894,-4140,0,0
-36,-234,189,-928,-2883,-4276,0,0
34,-376,226,-1119,-2840,-4105,0,0
143,-307,245,-1146,-2910,-4160,0,0
183,-532,321,-1179,-2794,-3993,0,0
149,-570,385,-1261,-2720,-3968,0,0
125,-540,415,-1250,-2520,-3750,0,0
96,-746,437,-1372,-2438,-3550,0,0
95,-601,497,-1369,-2396,-3552,0,0
153,-643,549,-1529,-2427,-3151,0,0
193,-897,487,-1863,-2507,-3290,0,0
264,-771,516,-2102,-2416,-3438,0,0
396,-956,575,-2081,-2536,-3104,0,0
604,-1228,592,-2040,-2483,-2808,0,0
694,-1145,585,-2194,-2378,-2739,0,0
550,-1091,657,-2529,-2354,-2780,0,0
322,-1150,721,-2746,-2386,-2663,0,0
128,-1197,712,-2801,-2376,-2380,0,0
56,-1210,723,-2774,-2235,-2160,0,0
34,-1177,777,-2990,-2101,-1867,0,0
11,-1113,802,-3103,-1798,-1546,0,0
-44,-1025,829,-3039,-1612,-1483,0,0
-50,-1100,834,-3168,-1415,-1227,0,0
-36,-1091,781,-3170,-1321,-906,0,0
-15,-1097,749,-3295,-1141,-766,0,0
41,-980,675,-3377,-1041,-500,0,0
39,-964,615,-3486,-960,-358,0,0
-2,-943,602,-3543,-882,-218,0,0
-57,-855,583,-3582,-855,14,0,0
-83,-863,564,-3750,-720,104,0,0
-63,-762,484,-3910,-597,268,0,0
-89,-657,461,-3866,-539,409,0,0
-133,-550,457,-3892,-447,431,0,0
-109,-505,432,-4053,-371,440,0,0
-35,-405,364,-3990,-340,560,0,0
21,-316,289,-4072,-366,651,0,0
103,-309,276,-4041,-309,674,0,0
218,-272,238,-3979,-349,732,0,0
201,-330,272,-4007,-183,795,0,0
130,-425,311,-4137,-55,715,0,0
124,-318,276,-4055,-93,759,0,0
146,-302,254,-4090,-88,1113,0,0
83,14,312,-3958,-36,1141,0,0
79,-51,342,-4268,28,645,0,0
238,-14,284,-4315,36,667,0,0
271,109,250,-3946,208,1026,0,0
143,-207,253,-3992,501,973,0,0
44,-331,97,-4049,558,1228,0,0
-116,-13,-109,-4031,374,1489,0,0
-318,407,-220,-4234,259,1446,0,0
-313,641,-200,-4347,63,372,0,0
34,910,-178,-4599,-123,632,0,0
278,1157,-98,-4090,-68,875,0,0
317,672,-75,-3980,232,335,0,0
328,892,-210,-4030,507,329,0,0
136,1173,-367,-3853,302,479,0,0
-97,549,-419,-3865,51,134,0,0
-206,341,-454,-4167,43,22,0,0
-193,883,-538,-3918,-95,-66,0,0
-152,603,-641,-3470,-273,-171,0,0
-274,160,-694,-3302,-359,-531,0,0
-421,269,-646,-3487,-416,-643,0,0
-562,747,-608,-3612,-494,-912,0,0
-500,1576,-641,-3141,-806,-1121,0,0
-197,1697,-651,-2421,-771,-686,0,0
-71,1207,-757,-2903,-874,-878,0,0
-59,1452,-876,-3108,-1053,-1895,0,0
8,1403,-815,-3337,-1215,-2247,0,0
-48,1014,-646,-2878,-1628,-2815,0,0
-100,786,-501,-2669,-1251,-2677,0,0
-269,1002,-427,-2681,-1348,-2233,0,0
-253,973,-557,-2646,-1846,-2433,0,0
62,1172,-629,-2885,-1781,-2477,0,0
265,1319,-581,-2670,-1739,-2896,0,0
403,1343,-561,-2432,-1840,-2940,0,0
409,1339,-486,-1791,-2100,-2719,0,0
353,1062,-353,-1696,-2305,-3392,0,0
426,807,-351,-1570,-2122,-3425,0,0
420,848,-431,-1501,-2190,-3501,0,0
377,846,-549,-1277,-2308,-3478,0,0
185,755,-693,-1456,-2800,-3376,0,0
181,801,-747,-1285,-3036,-4107,0,0
223,605,-641,-1390,-3168,-4148,0,0
177,600,-485,-1231,-3206,-4038,0,0
20,750,-365,-1304,-3103,-3802,0,0
-53,820,-278,-875,-3406,-4392,0,0
89,484,-130,-1063,-3226,-4219,0,0
155,209,-180,-923,-3328,-4158,0,0
122,89,-108,-848,-3310,-4299,0,0
105,-34,-93,-797,-3365,-4162,0,0
19,-78,-67,-868,-3328,-4250,0,0
-70,-92,39,-884,-3374,-4242,0,0
-60,-133,232,-817,-3430,-3990,0,0
16,-107,425,-861,-3292,-4269,0,0
279,-358,487,-654,-3341,-4082,0,0
449,-752,487,-867,-3164,-3925,0,0
371,-896,504,-971,-3170,-3783,0,0
73,-929,580,-1153,-2938,-3521,0,0
-218,-809,634,-1257,-2745,-3271,0,0
-232,-633,619,-1385,-2792,-3232,0,0
-73,-430,608,-1420,-2822,-3172,0,0
64,-415,728,-1579,-2748,-3462,0,0
110,-927,764,-1635,-2523,-3422,0,0
17,-1121,761,-1852,-2574,-3196,0,0
-79,-1170,743,-1937,-2512,-2865,0,0
-158,-1197,779,-2157,-2351,-2754,0,0
-140,-1244,805,-2298,-2188,-2566,0,0
-81,-1194,831,-2555,-1987,-2206,0,0
-34,-1131,823,-2598,-1825,-2077,0,0
-42,-1083,850,-2680,-1604,-1885,0,0
-74,-1218,894,-2967,-1499,-1733,0,0
-43,-1405,901,-3012,-1381,-1482,0,0
-12,-1354,921,-3162,-1246,-1209,0,0
-1,-1240,868,-3229,-1079,-1017,0,0
-20,-1205,766,-3411,-904,-882,0,0
-69,-1043,660,-3519,-825,-589,0,0
-141,-901,628,-3655,-739,-538,0,0
-156,-829,640,-3733,-695,-373,0,0
-163,-803,649,-3598,-411,-107,0,0
-186,-821,614,-3810,-301,-81,0,0
-112,-788,494,-3928,-249,46,0,0
-64,-723,421,-4056,-256,266,0,0
-57,-642,381,-3953,-231,314,0,0
-76,-612,380,-3904,-115,365,0,0
-139,-571,371,-3973,-12,371,0,0
-248,-522,310,-3909,37,385,0,0
-398,-519,245,-3952,-17,437,0,0
-512,-451,199,-3954,48,489,0,0
-541,-515,158,-4091,127,687,0,0
-479,-446,71,-4219,31,898,0,0
-409,-370,46,-4110,15,941,0,0
-325,-383,97,-4216,30,1133,0,0
-220,-302,135,-4100,-40,1172,0,0
-120,-312,158,-3971,88,1084,0,0
-32,-353,128,-3991,214,1239,0,0
0,-268,62,-4028,163,1368,0,0
26,-207,6,-4125,81,1332,0,0
68,-130,-41,-4074,40,1298,0,0
85,-46,-50,-4100,94,1406,0,0
50,20,-58,-4169,141,1414,0,0
23,69,-68,-4121,140,1373,0,0
28,139,-82,-4108,98,1413,0,0
36,251,-125,-4058,56,1380,0,0
19,395,-148,-4076,113,1340,0,0
-2,468,-183,-4121,65,1311,0,0
7,578,-249,-4024,26,1270,0,0
50,732,-321,-3974,-22,1135,0,0
120,864,-391,-3902,-27,1040,0,0
147,1010,-456,-3736,-40,932,0,0
129,1123,-521,-3671,-16,763,0,0
102,1110,-612,-3478,-216,486,0,0
71,936,-640,-3277,-546,36,0,0
22,1013,-677,-3425,-549,-428,0,0
-62,1370,-755,-3574,-632,-573,0,0
-160,1490,-821,-3252,-1036,-659,0,0
-174,1555,-776,-2908,-1155,-854,0,0
-75,1457,-698,-2703,-1223,-1221,0,0
82,1244,-659,-2759,-1442,-1545,0,0
243,1428,-712,-3065,-1336,-1957,0,0
219,1310,-756,-3049,-1770,-2100,0,0
48,1277,-687,-3152,-1906,-2224,0,0
-243,1266,-521,-2896,-1843,-2530,0,0
-533,1015,-389,-2822,-1627,-2785,0,0
-674,776,-277,-2481,-1731,-2735,0,0
-520,856,-258,-2377,-1876,-2592,0,0
-171,954,-339,-2158,-1888,-2757,0,0
178,981,-421,-1927,-1929,-2895,0,0
540,1052,-454,-1688,-1970,-3135,0,0
896,1130,-562,-1619,-2264,-3485,0,0
1070,952,-686,-2031,-2501,-3659,0,0
866,759,-732,-1716,-2872,-3556,0,0
452,654,-556,-1811,-3184,-3783,0,0
312,506,-405,-1699,-3175,-3767,0,0
293,313,-292,-1566,-3324,-3610,0,0
259,179,-304,-1530,-3187,-3659,0,0
154,158,-350,-1256,-3124,-3488,0,0
-3,242,-412,-976,-3116,-3369,0,0
-39,483,-549,-1088,-3241,-3444,0,0
54,550,-723,-1503,-3354,-3625,0,0
77,381,-534,-1404,-3829,-3777,0,0
76,192,-141,-1352,-3694,-4106,0,0
57,59,39,-1159,-3516,-4125,0,0
-61,37,29,-1057,-3626,-3941,0,0
-161,-175,100,-1150,-3600,-3920,0,0
-159,-327,222,-1149,-3423,-3749,0,0
-139,-496,391,-1155,-3266,-3595,0,0
-47,-636,479,-1114,-3143,-3383,0,0
110,-584,443,-1264,-3070,-3311,0,0
265,-532,408,-1442,-3222,-3316,0,0
391,-496,459,-1644,-3318,-3417,0,0
495,-635,603,-1784,-3307,-3360,0,0
446,-828,799,-1779,-3285,-3419,0,0
315,-986,921,-1761,-2908,-3154,0,0
169,-1056,859,-1933,-2847,-2831,0,0
45,-987,731,-2046,-2826,-2542,0,0
-36,-864,670,-2231,-2800,-2410,0,0
-66,-905,596,-2225,-2539,-2302,0,0
-136,-814,526,-2685,-2370,-2060,0,0
-193,-826,527,-2836,-2390,-2044,0,0
-155,-969,654,-3044,-2361,-1932,0,0
-65,-1034,754,-3009,-2319,-1809,0,0
26,-1091,819,-3134,-2088,-1757,0,0
41,-1114,832,-3146,-1912,-1477,0,0
3,-1140,853,-3299,-1833,-1345,0,0
12,-1200,862,-3233,-1611,-1080,0,0
19,-1260,896,-3266,-1468,-758,0,0
7,-1217,837,-3292,-1291,-555,0,0
-31,-1141,766,-3347,-1069,-406,0,0
-101,-1084,654,-3350,-1007,64,0,0
-206,-831,550,-3553,-1027,110,0,0
-176,-552,489,-3591,-922,-38,0,0
-102,-695,511,-3745,-929,-68,0,0
32,-916,569,-4029,-745,99,0,0
86,-1023,598,-3911,-696,442,0,0
33,-1191,619,-3958,-561,585,0,0
-51,-963,629,-3821,-359,828,0,0
-162,-701,652,-3882,-184,1014,0,0
-240,-596,584,-3922,-81,1033,0,0
-260,-581,503,-3822,-110,1275,0,0
-260,-428,451,-3862,-95,1337,0,0
-185,-441,397,-3820,71,1473,0,0
-165,-409,355,-3913,251,1491,0,0
-144,-422,298,-3866,283,1365,0,0
-76,-449,271,-3742,255,1469,0,0
31,-381,168,-3704,212,1584,0,0
124,-306,57,-3786,219,1606,0,0
150,-248,1,-3888,180,1577,0,0
121,-200,-9,-3959,144,1645,0,0
38,-248,30,-3876,126,1638,0,0
-34,-249,74,-3885,210,1841,0,0
-68,-175,39,-3785,179,1924,0,0
-78,-71,-28,-3798,180,1942,0,0
-47,133,-108,-3875,189,2111,0,0
-27,282,-152,-3866,153,2003,0,0
5,526,-192,-3929,151,1892,0,0
37,627,-233,-3834,121,1798,0,0
33,604,-263,-3829,134,1666,0,0
14,682,-305,-3802,155,1587,0,0
-27,761,-376,-3701,150,1547,0,0
-85,928,-425,-3666,243,1427,0,0
-111,1160,-517,-3378,227,1439,0,0
-216,1442,-676,-3150,44,1076,0,0
-230,1622,-820,-3088,-176,338,0,0
-100,1618,-953,-2853,-578,-20,0,0
24,1550,-986,-2931,-900,-341,0,0
177,1505,-1010,-3055,-1142,-695,0,0
258,1376,-1021,-2822,-1441,-917,0,0
202,1377,-1006,-3228,-1541,-1386,0,0
128,1454,-1069,-3493,-1898,-1678,0,0
-60,1200,-965,-3609,-2462,-1926,0,0
-167,1181,-746,-3443,-2212,-2006,0,0
-287,1148,-594,-3380,-2117,-2062,0,0
-228,1093,-521,-2982,-2155,-2099,0,0
-153,982,-408,-2648,-2028,-1929,0,0
-80,913,-444,-2554,-2017,-2111,0,0
58,954,-590,-2497,-2199,-2219,0,0
167,1000,-670,-2445,-2398,-2448,0,0
225,905,-666,-2317,-2605,-2733,0,0
240,832,-661,-2303,-2590,-2752,0,0
167,800,-656,-2267,-2904,-2921,0,0
94,820,-639,-2056,-3001,-3098,0,0
-41,874,-590,-1979,-3000,-3207,0,0
-131,904,-529,-1650,-3003,-3238,0,0
-213,953,-424,-1638,-3060,-3080,0,0
-94,776,-193,-1363,-3126,-3424,0,0
120,557,-140,-1238,-3111,-3352,0,0
256,585,-282,-1090,-3061,-3633,0,0
251,495,-373,-1109,-3285,-3639,0,0
156,512,-454,-876,-3526,-3809,0,0
13,371,-378,-941,-3383,-3540,0,0
-102,436,-416,-1225,-3553,-3519,0,0
-20,420,-271,-1176,-3806,-3741,0,0
74,318,-64,-1175,-3813,-4004,0,0
31,52,88,-807,-3675,-4137,0,0
-144,-110,164,-847,-3670,-4085,0,0
-193,-317,200,-947,-3659,-3891,0,0
-109,-397,276,-1008,-3615,-3730,0,0
69,-413,357,-1050,-3532,-3565,0,0
290,-406,427,-1198,-3398,-3265,0,0
428,-398,543,-1256,-3399,-3364,0,0
399,-592,722,-1314,-3247,-3336,0,0
214,-714,801,-1329,-3146,-3109,0,0
26,-658,785,-1477,-3107,-3056,0,0
6,-680,776,-1702,-3175,-3053,0,0
46,-834,809,-1825,-3020,-2935,0,0
-2,-801,839,-2018,-2904,-3023,0,0
-134,-865,876,-2260,-2568,-3025,0,0
-254,-937,861,-2375,-2560,-2770,0,0
-245,-951,855,-2426,-2468,-2631,0,0
-94,-1021,855,-2506,-2386,-2431,0,0
141,-1062,799,-2602,-2268,-2256,0,0
274,-1035,784,-2807,-2074,-2023,0,0
129,-1089,920,-2955,-1815,-2034,0,0
-85,-1216,992,-2915,-1711,-1811,0,0
-229,-1280,965,-2901,-1454,-1467,0,0
-292,-1270,887,-2967,-1312,-1210,0,0
-277,-1274,830,-3089,-1118,-922,0,0
-210,-1312,777,-3218,-990,-620,0,0
-141,-1245,700,-3312,-875,-422,0,0
-115,-1159,658,-3513,-802,-343,0,0
-156,-1174,618,-3644,-733,-147,0,0
-178,-1144,556,-3685,-654,-44,0,0
-148,-1090,546,-3849,-527,191,0,0
-78,-1099,501,-3899,-589,434,0,0
9,-929,534,-3759,-455,802,0,0
47,-816,538,-3871,-274,846,0,0
88,-697,436,-3841,-231,953,0,0
92,-535,374,-3945,-139,1030,0,0
44,-479,338,-3912,-162,950,0,0
27,-441,337,-3902,-137,998,0,0
-6,-305,314,-3866,-28,1059,0,0
-83,-243,284,-3928,1,1111,0,0
-181,-314,265,-3979,50,1198,0,0
-283,-288,279,-4066,177,1313,0,0
-345,-263,280,-4030,228,1525,0,0
-359,-389,237,-3974,119,1528,0,0
-323,-248,200,-3895,137,1426,0,0
-266,-242,193,-3954,301,1626,0,0
-221,-261,137,-3909,225,1853,0,0
-143,-107,58,-3954,130,1728,0,0
6,27,-17,-3971,148,1716,0,0
90,117,-61,-3925,114,1678,0,0
102,180,-65,-3982,194,1490,0,0
115,240,-79,-4018,175,1485,0,0
102,244,-98,-4002,179,1560,0,0
60,305,-120,-4020,195,1517,0,0
35,445,-178,-4017,118,1427,0,0
38,563,-243,-3930,136,1314,0,0
29,596,-313,-3911,181,1215,0,0
15,676,-406,-3855,101,1180,0,0
3,822,-486,-3785,107,1244,0,0
-29,1176,-587,-3704,71,1033,0,0
25,1482,-652,-3704,-1,778,0,0
92,1473,-733,-3530,-85,710,0,0
101,1396,-883,-3296,-433,381,0,0
68,1509,-1058,-3190,-952,-153,0,0
17,1776,-1114,-3372,-1171,-654,0,0
-173,1745,-1027,-3155,-1228,-1381,0,0
-336,1539,-893,-2978,-1284,-1826,0,0
-399,1451,-811,-2709,-1303,-1738,0,0
-363,1475,-853,-2881,-1339,-1696,0,0
-195,1647,-997,-2689,-1516,-2034,0,0
-74,1497,-1073,-2613,-1966,-2089,0,0
-12,1358,-911,-2768,-2076,-2508,0,0
-6,1253,-728,-2469,-1823,-2505,0,0
-64,1101,-648,-1740,-1846,-2397,0,0
-73,1122,-665,-1664,-1946,-2600,0,0
38,1265,-651,-1632,-2272,-2798,0,0
164,1177,-609,-1390,-2601,-3021,0,0
235,1130,-561,-1336,-2505,-3444,0,0
189,891,-556,-1181,-2640,-3578,0,0
158,694,-500,-1032,-2742,-3479,0,0
139,612,-500,-821,-2784,-3587,0,0
141,569,-504,-774,-2995,-3464,0,0
190,664,-538,-1077,-3242,-3726,0,0
274,684,-549,-670,-3306,-3798,0,0
211,664,-429,-698,-3381,-3932,0,0
148,591,-428,-410,-3433,-4172,0,0
24,547,-385,-588,-3437,-4115,0,0
-9,430,-337,-353,-3434,-4016,0,0
-45,381,-302,-391,-3334,-3663,0,0
-75,363,-307,-464,-3505,-4078,0,0
37,392,-274,-644,-3577,-4092,0,0
35,178,-114,-424,-3800,-4147,0,0
-29,28,148,-319,-3599,-4406,0,0
-26,-126,228,-113,-3495,-4153,0,0
-53,-327,261,-188,-3410,-4053,0,0
-46,-417,304,-310,-3352,-3825,0,0
-43,-447,415,-286,-3259,-3705,0,0
-26,-519,525,-422,-3083,-3569,0,0
-37,-559,594,-481,-3010,-3420,0,0
-25,-546,589,-445,-2978,-3406,0,0
24,-612,592,-678,-2959,-3434,0,0
63,-665,588,-894,-2946,-3501,0,0
45,-736,584,-1066,-2946,-3426,0,0
28,-780,649,-1219,-2931,-3539,0,0
80,-894,722,-1408,-2822,-3386,0,0
98,-920,755,-1589,-2748,-3314,0,0
77,-979,765,-1783,-2673,-3246,0,0
39,-1027,777,-1867,-2614,-3014,0,0
0,-985,793,-2059,-2443,-2895,0,0
-39,-1021,837,-2241,-2336,-2759,0,0
-52,-1070,956,-2448,-2297,-2517,0,0
-55,-1260,1113,-2428,-1997,-2388,0,0
-34,-1271,1109,-2338,-1508,-2179,0,0
-34,-1146,850,-2541,-1407,-1891,0,0
-83,-1087,652,-2809,-1605,-1869,0,0
-106,-1183,645,-3150,-1617,-1687,0,0
-116,-1227,649,-3203,-1408,-1515,0,0
-161,-1254,689,-3296,-1262,-1336,0,0
-191,-1239,682,-3336,-1193,-964,0,0
-242,-1183,707,-3431,-1023,-666,0,0
-327,-1088,687,-3527,-896,-453,0,0
-341,-979,653,-3612,-814,-392,0,0
-249,-921,631,-3600,-599,-205,0,0
-151,-931,564,-3678,-381,75,0,0
-53,-889,461,-3833,-309,179,0,0
4,-799,340,-3964,-345,338,0,0
-21,-687,287,-4027,-433,430,0,0
-68,-555,303,-4201,-410,385,0,0
-91,-476,309,-3991,-380,277,0,0
-113,-515,310,-3933,-301,380,0,0
-128,-479,238,-4111,-224,641,0,0
-177,-433,179,-4113,-265,735,0,0
-210,-482,194,-4125,-233,735,0,0
-188,-411,223,-4198,-70,891,0,0
-141,-377,211,-4158,-117,1002,0,0
-38,-355,188,-4053,-134,1017,0,0
82,-254,149,-4047,-58,1033,0,0
147,-187,80,-4012,-27,1007,0,0
135,-141,27,-4061,2,1056,0,0
69,-98,-4,-4164,-47,1106,0,0
28,-53,-7,-4166,-82,1094,0,0
42,-24,1,-4145,-37,1124,0,0
88,61,-26,-4109,50,1267,0,0
103,156,-70,-4056,112,1244,0,0
115,243,-121,-4143,45,1192,0,0
137,344,-155,-4167,-16,1142,0,0
155,440,-177,-4097,-10,1059,0,0
156,532,-220,-4078,23,944,0,0
156,621,-310,-3976,97,804,0,0
156,668,-418,-3814,83,883,0,0
106,727,-513,-3594,1,910,0,0
67,690,-589,-3652,34,846,0,0
50,951,-743,-3438,0,810,0,0
3,1223,-937,-3105,-309,512,0,0
-8,1398,-1078,-2845,-866,-44,0,0
101,1682,-1178,-2961,-1080,-608,0,0
156,1715,-1230,-2925,-1432,-1198,0,0
49,1605,-1164,-3008,-1836,-1760,0,0
-100,1438,-1047,-3098,-1926,-1916,0,0
-236,1326,-948,-2938,-1994,-1851,0,0
-279,1330,-913,-3048,-2195,-2117,0,0
-167,1323,-859,-2971,-2227,-2200,0,0
-141,1179,-686,-2782,-2196,-2250,0,0
-96,1102,-563,-2285,-1987,-2238,0,0
-77,1060,-585,-2194,-2051,-2186,0,0
-52,1170,-652,-2063,-2226,-2515,0,0
14,1146,-572,-1869,-2350,-2814,0,0
69,1125,-560,-1626,-2367,-2994,0,0
99,1140,-612,-1383,-2580,-3232,0,0
107,993,-701,-1298,-2709,-3249,0,0
108,936,-695,-1233,-2872,-3418,0,0
122,870,-666,-1016,-2871,-3479,0,0
144,890,-659,-838,-3109,-3511,0,0
137,945,-718,-717,-3114,-3622,0,0
54,732,-740,-831,-3173,-3623,0,0
8,635,-797,-553,-3659,-3729,0,0
153,570,-649,-346,-3893,-3959,0,0
312,566,-500,-206,-3677,-4025,0,0
196,508,-442,-178,-3606,-4021,0,0
-65,351,-424,-162,-3663,-3846,0,0
-198,266,-312,-121,-3796,-4008,0,0
-154,66,-118,-20,-3805,-3954,0,0
-139,-95,97,34,-3609,-3698,0,0
-129,-246,188,155,-3483,-3702,0,0
-82,-338,170,103,-3533,-3680,0,0
51,-352,183,-162,-3562,-3847,0,0
215,-476,234,-225,-3601,-3733,0,0
249,-516,380,-454,-3531,-3738,0,0
171,-553,447,-417,-3340,-3625,0,0
30,-537,489,-353,-3296,-3463,0,0
-77,-556,557,-507,-3270,-3528,0,0
-113,-690,604,-747,-3190,-3435,0,0
-162,-716,678,-1012,-3143,-3281,0,0
-187,-770,752,-1103,-2953,-3336,0,0
-132,-924,781,-1272,-2841,-3346,0,0
4,-1058,798,-1427,-2866,-3323,0,0
138,-1188,807,-1716,-2785,-3209,0,0
210,-1210,802,-1852,-2733,-3076,0,0
201,-1161,802,-2049,-2635,-2840,0,0
137,-1197,842,-2277,-2532,-2705,0,0
84,-1238,888,-2403,-2423,-2524,0,0
47,-1265,955,-2436,-2276,-2261,0,0
13,-1317,995,-2512,-2026,-1954,0,0
0,-1206,985,-2548,-1846,-1772,0,0
-9,-1252,941,-2652,-1670,-1445,0,0
-24,-1181,897,-2962,-1549,-1315,0,0
-18,-1018,841,-3117,-1400,-1196,0,0
-10,-927,795,-3160,-1305,-948,0,0
8,-1163,782,-3346,-1136,-712,0,0
16,-1115,720,-3512,-1043,-561,0,0
50,-1337,702,-3565,-916,-284,0,0
90,-1444,630,-3677,-836,-98,0,0
105,-1281,582,-3786,-857,50,0,0
139,-1163,563,-3896,-768,338,0,0
108,-1002,552,-3928,-607,486,0,0
24,-769,556,-3967,-562,416,0,0
-46,-713,540,-3909,-426,596,0,0
-147,-647,532,-3907,-383,716,0,0
-194,-548,515,-3858,-325,696,0,0
-183,-565,463,-3838,-249,882,0,0
-184,-545,388,-3895,-151,1078,0,0
-202,-482,332,-3970,-132,1089,0,0
-180,-475,305,-3982,-74,1219,0,0
-155,-516,288,-3894,-137,1321,0,0
-106,-503,267,-3879,-104,1355,0,0
-60,-435,241,-3914,-20,1388,0,0
-29,-393,226,-3921,101,1529,0,0
-45,-363,240,-3951,238,1739,0,0
-87,-302,204,-4028,187,1781,0,0
-75,-205,136,-3928,189,1804,0,0
-53,-57,80,-3890,266,1959,0,0
-53,53,21,-3903,301,1929,0,0
-25,147,-52,-3842,279,1860,0,0
17,276,-143,-3857,163,1778,0,0
61,394,-234,-3926,139,1674,0,0
71,516,-293,-3907,59,1570,0,0
39,552,-329,-3914,3,1404,0,0
1,615,-347,-3896,27,1328,0,0
-51,687,-373,-3870,-5,1321,0,0
-77,763,-416,-3832,-51,1258,0,0
-58,872,-486,-3806,-108,1229,0,0
-17,1066,-566,-3696,-129,1177,0,0
37,1307,-679,-3526,-208,1007,0,0
81,1476,-795,-3413,-324,543,0,0
84,1443,-824,-3337,-422,108,0,0
54,1415,-843,-3313,-767,-189,0,0
42,1463,-912,-3095,-1032,-468,0,0
0,1509,-952,-2896,-1171,-816,0,0
32,1486,-999,-2856,-1409,-1114,0,0
180,1574,-1051,-2841,-1692,-1022,0,0
275,1633,-1080,-2923,-1836,-1805,0,0
217,1421,-1055,-2709,-1711,-1998,0,0
-37,1212,-934,-2563,-2189,-1995,0,0
-139,1181,-846,-2237,-2152,-2155,0,0
-183,1215,-846,-2307,-2338,-2327,0,0
-71,1184,-813,-2052,-2328,-2675,0,0
27,993,-779,-1944,-2607,-2620,0,0
109,1072,-842,-1847,-2570,-2778,0,0
52,1091,-915,-1510,-2651,-2873,0,0
-29,1096,-935,-1481,-3028,-3073,0,0
14,1046,-899,-1021,-3004,-2916,0,0
-33,1026,-770,-973,-3214,-3018,0,0
37,1136,-803,-718,-3265,-3708,0,0
30,952,-752,-677,-3454,-3553,0,0
-4,963,-775,-863,-3785,-3995,0,0
109,639,-659,-357,-3848,-4000,0,0
62,360,-394,-322,-3789,-3855,0,0
24,268,-330,-217,-3675,-3764,0,0
-17,381,-363,-196,-3663,-3701,0,0
-23,402,-405,-145,-3869,-3781,0,0
-1,353,-392,-169,-3885,-3755,0,0
-4,206,-233,-125,-4116,-3979,0,0
65,-19,-45,-269,-4214,-3874,0,0
90,-193,95,-329,-4188,-4164,0,0
86,-324,241,-232,-4143,-4069,0,0
37,-347,428,-302,-4101,-3969,0,0
-18,-483,556,-279,-3876,-3941,0,0
-75,-560,667,-461,-3729,-3702,0,0
-73,-753,778,-499,-3566,-3608,0,0
21,-916,867,-688,-3347,-3429,0,0
167,-995,858,-779,-3160,-3193,0,0
287,-1020,855,-966,-3134,-3040,0,0
316,-1042,866,-1323,-2981,-2951,0,0
206,-1025,888,-1504,-2915,-2845,0,0
85,-1020,909,-1630,-2950,-2767,0,0
75,-1093,928,-1846,-2889,-2698,0,0
118,-1084,931,-2018,-2788,-2468,0,0
88,-1057,962,-2199,-2657,-2420,0,0
10,-1159,985,-2339,-2464,-2328,0,0
-81,-1185,990,-2473,-2336,-2019,0,0
-148,-1178,998,-2642,-2190,-1778,0,0
-137,-1196,953,-2786,-1995,-1601,0,0
-64,-1230,925,-2923,-1723,-1380,0,0
-10,-1243,909,-3042,-1516,-1237,0,0
38,-1216,851,-3080,-1424,-963,0,0
59,-1170,832,-3090,-1383,-746,0,0
118,-1264,816,-3256,-1278,-597,0,0
190,-1228,746,-3378,-1147,-452,0,0
214,-1077,674,-3525,-1109,-227,0,0
159,-970,642,-3629,-984,-116,0,0
26,-887,660,-3702,-916,77,0,0
-161,-559,606,-3765,-805,64,0,0
-330,-271,584,-3913,-676,95,0,0
-421,-593,604,-4006,-584,417,0,0
-432,-726,611,-4011,-626,495,0,0
-334,-722,595,-4042,-493,575,0,0
-166,-734,534,-3884,-380,747,0,0
-76,-563,511,-3806,-270,791,0,0
-46,-512,470,-3846,-85,921,0,0
-71,-458,384,-3896,-60,1026,0,0
-138,-462,300,-3902,-18,1085,0,0
-210,-546,239,-4082,25,1120,0,0
-206,-577,188,-4083,-66,1315,0,0
-182,-476,201,-3973,-126,1359,0,0
-103,-444,213,-3948,-40,1479,0,0
2,-346,177,-3913,47,1622,0,0
84,-208,116,-3925,142,1700,0,0
110,-88,65,-3985,175,1793,0,0
101,-18,11,-3981,167,1766,0,0
90,61,-19,-3976,204,1685,0,0
94,147,-89,-3953,250,1710,0,0
80,210,-167,-3961,230,1645,0,0
72,300,-219,-3949,163,1608,0,0
106,322,-269,-3910,152,1585,0,0
179,330,-362,-3836,109,1579,0,0
221,472,-469,-3851,60,1462,0,0
220,645,-561,-3781,7,1350,0,0
150,734,-649,-3739,-15,1245,0,0
40,893,-749,-3655,-103,1110,0,0
-68,1038,-852,-3507,-241,895,0,0
-136,1179,-969,-3160,-616,553,0,0
-108,1300,-1046,-2936,-909,117,0,0
-28,1076,-987,-2917,-1110,-130,0,0
-146,791,-979,-3382,-1283,-580,0,0
-326,1180,-1005,-3219,-1490,-669,0,0
-501,1436,-995,-3047,-1512,-739,0,0
-621,1432,-921,-2741,-1692,-1053,0,0
-579,1498,-884,-2772,-1623,-1241,0,0
-426,1573,-937,-2816,-1857,-1265,0,0
-254,1563,-887,-2835,-2136,-1709,0,0
-98,1593,-852,-2717,-2132,-2074,0,0
-18,1472,-835,-2328,-2342,-2430,0,0
17,1256,-832,-2398,-2454,-2736,0,0
46,1072,-784,-2154,-2742,-2830,0,0
71,1004,-712,-1972,-2796,-2838,0,0
104,1037,-727,-1734,-2787,-2961,0,0
78,1040,-818,-1722,-2912,-3055,0,0
35,975,-826,-1514,-3227,-3216,0,0
11,879,-778,-1456,-3327,-3197,0,0
34,826,-749,-1147,-3288,-3549,0,0
18,637,-743,-854,-3340,-3217,0,0
-128,698,-760,-781,-3544,-3087,0,0
-176,862,-699,-850,-3510,-3457,0,0
-134,872,-689,-642,-3652,-3638,0,0
-117,731,-564,-614,-3740,-3649,0,0
-147,668,-465,-544,-3783,-3939,0,0
-159,508,-412,-421,-3831,-3895,0,0
-190,397,-282,-360,-3904,-3966,0,0
-122,256,-101,-323,-3928,-4064,0,0
-4,82,28,-418,-3934,-3984,0,0
97,-120,192,-245,-3969,-4161,0,0
162,-201,348,-321,-3846,-4106,0,0
152,-371,419,-352,-3738,-4071,0,0
113,-573,499,-427,-3733,-3910,0,0
116,-679,602,-599,-3587,-3645,0,0
183,-758,686,-643,-3491,-3529,0,0
286,-844,721,-764,-3423,-3407,0,0
354,-797,730,-926,-3379,-3274,0,0
265,-768,790,-1283,-3272,-3304,0,0
168,-869,865,-1310,-3188,-3117,0,0
194,-953,966,-1353,-3068,-2920,0,0
342,-1023,999,-1458,-2898,-2679,0,0
472,-1157,974,-1760,-2901,-2353,0,0
464,-1128,909,-2042,-2876,-2450,0,0
404,-1111,879,-2185,-2833,-2398,0,0
310,-1113,891,-2340,-2750,-2058,0,0
199,-1139,913,-2575,-2611,-1860,0,0
165,-1119,897,-2672,-2559,-1594,0,0
200,-1042,895,-2756,-2438,-1357,0,0
250,-994,908,-2810,-2254,-1236,0,0
241,-989,945,-2914,-2018,-1164,0,0
153,-983,986,-3126,-1905,-1017,0,0
79,-1016,999,-3162,-1878,-919,0,0
50,-1121,976,-3313,-1609,-573,0,0
19,-1053,943,-3286,-1423,-381,0,0
-2,-1053,938,-3436,-1191,-122,0,0
27,-989,867,-3528,-1079,67,0,0
72,-906,810,-3599,-930,255,0,0
75,-797,734,-3675,-813,431,0,0
51,-707,685,-3738,-715,399,0,0
22,-701,660,-3783,-646,583,0,0
-28,-637,628,-3891,-664,724,0,0
-51,-547,606,-3974,-471,775,0,0
-141,-250,533,-4026,-411,913,0,0
-258,239,459,-3852,-434,649,0,0
-217,-302,520,-3986,-208,836,0,0
-254,-470,471,-4059,-206,925,0,0
-293,-305,430,-3937,-234,865,0,0
-286,-378,444,-3888,-38,973,0,0
-284,-456,363,-3854,155,1116,0,0
-301,-359,234,-3939,129,1184,0,0
-293,-291,123,-3962,62,1291,0,0
-261,-260,49,-3956,-35,1215,0,0
-162,-202,42,-3945,-90,1285,0,0
-50,-324,70,-3927,62,1447,0,0
-18,-326,42,-3958,216,1636,0,0
-45,-179,-21,-4008,99,1722,0,0
-25,-110,-72,-4097,4,1624,0,0
36,48,-119,-4182,52,1579,0,0
71,176,-146,-4097,-10,1602,0,0
85,214,-145,-4041,6,1539,0,0
89,324,-185,-4025,22,1520,0,0
87,442,-268,-3962,-60,1428,0,0
80,526,-349,-4014,-124,1258,0,0
78,591,-396,-4006,-187,1231,0,0
64,666,-415,-3970,-171,1214,0,0
42,805,-488,-3894,-256,1033,0,0
33,975,-587,-3879,-374,787,0,0
3,1081,-682,-3668,-532,501,0,0
-80,1117,-732,-3641,-671,83,0,0
-147,1115,-720,-3631,-591,-23,0,0
-206,1099,-736,-3448,-776,-130,0,0
-185,1146,-763,-3281,-869,-278,0,0
-144,1316,-898,-3038,-891,-289,0,0
-183,1378,-1070,-2621,-1331,-773,0,0
-181,1410,-1159,-2962,-1461,-1305,0,0
-186,1361,-1134,-3066,-1871,-1448,0,0
-174,1208,-1013,-2771,-1921,-1515,0,0
-165,1154,-948,-2445,-1907,-1512,0,0
-144,1195,-986,-2418,-2058,-1762,0,0
-103,1150,-928,-2117,-2252,-1857,0,0
-72,1172,-906,-2449,-2577,-2477,0,0
97,1170,-800,-2138,-2818,-2664,0,0
97,970,-669,-2165,-2849,-2685,0,0
102,1042,-708,-1915,-2828,-2766,0,0
-31,983,-727,-1600,-2806,-2666,0,0
-121,1063,-740,-1585,-2940,-2931,0,0
-1,1058,-812,-1292,-2905,-2824,0,0
212,1092,-876,-928,-3119,-2699,0,0
365,955,-856,-550,-3218,-2850,0,0
275,981,-886,-627,-2999,-3014,0,0
121,828,-914,-239,-3375,-3184,0,0
-34,769,-922,-329,-3679,-3132,0,0
-70,868,-936,-185,-3804,-3390,0,0
-98,928,-928,-198,-3971,-3442,0,0
-75,1013,-978,149,-4279,-3654,0,0
-41,840,-685,407,-4384,-4005,0,0
-38,677,-370,586,-4124,-4084,0,0
-127,444,-325,750,-3995,-3821,0,0
-283,288,-381,754,-3961,-3672,0,0
-347,59,-330,500,-3985,-3596,0,0
-234,-82,-128,469,-4063,-3639,0,0
-25,-324,199,486,-3946,-3574,0,0
116,-413,452,594,-3894,-3540,0,0
209,-411,548,665,-3754,-3763,0,0
239,-462,470,488,-3657,-3608,0,0
172,-548,464,306,-3604,-3449,0,0
143,-646,603,88,-3594,-3429,0,0
213,-688,730,19,-3475,-3356,0,0
305,-768,819,6,-3454,-3281,0,0
380,-1005,813,-143,-3342,-3108,0,0
189,-1033,801,-482,-3481,-3101,0,0
74,-1043,869,-694,-3571,-3072,0,0
105,-1047,941,-877,-3440,-2954,0,0
98,-1026,947,-1045,-3246,-2731,0,0
56,-1060,913,-1208,-3172,-2675,0,0
44,-1108,892,-1467,-3172,-2525,0,0
72,-1032,898,-1694,-3072,-2404,0,0
127,-1063,917,-1917,-2933,-2191,0,0
192,-1084,922,-2046,-2788,-2032,0,0
271,-1053,932,-2276,-2702,-1835,0,0
348,-1064,908,-2414,-2579,-1683,0,0
413,-1004,939,-2694,-2427,-1520,0,0
476,-982,966,-2795,-2391,-1188,0,0
606,-896,1024,-3012,-2366,-1065,0,0
728,-842,1041,-2931,-2011,-837,0,0
768,-804,1032,-3098,-1682,-706,0,0
819,-837,983,-3285,-1563,-451,0,0
933,-769,923,-3441,-1524,-44,0,0
1122,-686,850,-3575,-1386,40,0,0
1399,-536,718,-3439,-1214,321,0,0
1604,-334,555,-3444,-1319,600,0,0
1768,-237,491,-3651,-1498,551,0,0
1881,-2152,512,-3853,-1463,566,0,0
1909,-26,465,-3933,-1322,543,0,0
1884,84,452,-3891,-1111,376,0,0
1846,53,454,-3882,-1006,401,0,0
1802,-53,372,-3834,-969,465,0,0
1714,61,260,-3908,-918,475,0,0
1505,192,188,-3906,-904,366,0,0
1202,163,164,-4143,-848,138,0,0
867,40,80,-4134,-826,24,0,0
493,23,61,-4067,-765,51,0,0
97,4,27,-4073,-751,108,0,0
-283,-151,-8,-4074,-876,77,0,0
-588,-218,-2,-4079,-940,138,0,0
-852,-237,-25,-4072,-924,307,0,0
-1158,-305,-52,-4078,-1005,495,0,0
-1468,-281,-57,-4131,-1099,721,0,0
-1744,-182,-45,-4100,-1216,907,0,0
-1931,-79,-46,-4163,-1303,969,0,0
-1989,91,-112,-4096,-1315,989,0,0
-2038,451,-192,-4067,-1236,870,0,0
-2058,494,-284,-4075,-1135,746,0,0
-2084,283,-363,-4069,-1042,580,0,0
-2082,439,-446,-3909,-1106,433,0,0
-2001,419,-515,-3639,-1139,285,0,0
-1909,427,-589,-3404,-1050,91,0,0
-1790,544,-709,-3347,-1174,-235,0,0
-1650,699,-732,-3304,-1104,-238,0,0
-1627,828,-749,-3324,-1041,-491,0,0
-1532,1097,-747,-3280,-1195,-866,0,0
-1302,1528,-738,-3129,-1230,-1091,0,0
-1054,1937,-697,-2663,-1309,-1615,0,0
-771,1610,-605,-2314,-1533,-1966,0,0
-405,1394,-602,-2364,-1558,-2136,0,0
-67,1360,-644,-2118,-1686,-2188,0,0
135,1321,-692,-1723,-1745,-2365,0,0
249,1117,-796,-1648,-2061,-2511,0,0
382,1271,-904,-1519,-2257,-2695,0,0
432,1133,-817,-1374,-2496,-2899,0,0
383,1204,-741,-1008,-2447,-3059,0,0
234,1222,-742,-649,-2515,-3064,0,0
-30,1223,-869,-644,-2672,-3335,0,0
-191,1281,-882,-357,-3041,-3532,0,0
-241,1233,-762,-159,-3346,-3509,0,0
-126,1169,-642,30,-3293,-3755,0,0
-18,1166,-570,-73,-3476,-3930,0,0
133,1016,-492,23,-3568,-4162,0,0
281,724,-272,78,-3610,-4478,0,0
321,349,-101,424,-3712,-4128,0,0
183,204,-31,369,-3466,-3930,0,0
57,263,-183,430,-3337,-3874,0,0
-5,316,-341,274,-3448,-3820,0,0
3,245,-364,283,-3691,-3860,0,0
-4,355,-183,166,-3763,-4170,0,0
50,212,45,275,-3881,-4430,0,0
63,107,222,441,-3818,-4565,0,0
-33,-213,361,414,-3673,-4440,0,0
-188,-545,493,348,-3698,-4318,0,0
-295,-712,629,101,-3507,-4189,0,0
-277,-804,727,14,-3354,-4156,0,0
-148,-869,788,34,-3130,-3930,0,0
6,-933,836,-156,-2924,-3610,0,0
199,-944,794,-230,-2858,-3392,0,0
296,-925,772,-451,-2662,-3422,0,0
271,-949,730,-613,-2610,-3322,0,0
147,-1027,678,-859,-2693,-3407,0,0
28,-1098,672,-1183,-2814,-3405,0,0
-114,-1085,769,-1555,-2710,-3419,0,0
-260,-1254,899,-1752,-2658,-3263,0,0
-232,-1337,932,-1705,-2657,-2867,0,0
-158,-1278,948,-1899,-2314,-2739,0,0
-89,-1320,880,-1973,-2143,-2586,0,0
-19,-1333,777,-2185,-2049,-2266,0,0
18,-1376,695,-2370,-1903,-1946,0,0
16,-1400,659,-2515,-1764,-1807,0,0
48,-1402,650,-2738,-1644,-1661,0,0
70,-1343,620,-2916,-1699,-1397,0,0
43,-1340,607,-3174,-1713,-1273,0,0
26,-1223,642,-3358,-1661,-1269,0,0
-4,-1210,724,-3510,-1509,-1019,0,0
-44,-1273,776,-3508,-1335,-757,0,0
-73,-1285,794,-3522,-1068,-469,0,0
-82,-1109,764,-3397,-905,-223,0,0
-30,-1072,700,-3384,-684,0,0,0
99,-976,551,-3528,-738,240,0,0
236,-816,450,-3568,-721,443,0,0
306,-746,382,-3793,-714,559,0,0
323,-479,365,-3977,-780,588,0,0
371,-392,424,-4039,-683,502,0,0
438,-360,476,-4088,-509,541,0,0
465,-203,491,-4033,-333,580,0,0
439,-195,488,-3923,-172,776,0,0
284,-252,441,-4098,-12,701,0,0
200,-241,367,-4155,39,649,0,0
178,-350,311,-4128,110,806,0,0
142,-306,266,-4144,-2,966,0,0
147,-493,219,-4136,-42,1113,0,0
132,-308,187,-4163,113,1012,0,0
116,-117,163,-4172,168,1026,0,0
71,-151,119,-4146,272,1126,0,0
38,-6,52,-4216,433,1086,0,0
9,114,-121,-4040,408,1283,0,0
-106,210,-269,-4002,266,1439,0,0
-282,483,-391,-4016,176,1341,0,0
-306,445,-443,-3904,-5,487,0,0
-33,459,-431,-4192,-5,1082,0,0
92,550,-523,-3883,-89,1024,0,0
126,700,-587,-3851,-283,607,0,0
114,893,-646,-3835,-270,468,0,0
16,971,-717,-3612,-405,307,0,0
-82,1042,-786,-3406,-570,154,0,0
-172,1168,-848,-3285,-648,-37,0,0
-225,1250,-918,-3223,-894,-383,0,0
-212,1286,-976,-3257,-1117,-800,0,0
-189,1237,-1016,-3195,-1160,-1139,0,0
-199,1234,-1029,-3139,-1396,-1149,0,0
-276,1214,-994,-2839,-1465,-1302,0,0
-331,1233,-964,-2798,-1509,-1344,0,0
-293,1380,-1008,-2811,-1700,-1532,0,0
-190,1313,-969,-2512,-2170,-1531,0,0
-51,1259,-851,-2310,-2189,-1978,0,0
59,1250,-814,-2030,-1847,-2009,0,0
-44,1255,-899,-1868,-2400,-2332,0,0
-18,1348,-1017,-1780,-2658,-2700,0,0
14,1372,-1026,-1650,-2901,-2960,0,0
20,1219,-998,-1339,-2955,-3308,0,0
20,1050,-975,-1265,-2965,-3133,0,0
6,1064,-948,-1054,-3075,-3263,0,0
-13,1062,-966,-754,-3165,-3228,0,0
3,1131,-916,-492,-3156,-3232,0,0
35,1205,-856,-266,-3389,-3529,0,0
77,1291,-904,-196,-3576,-3973,0,0
119,1069,-759,31,-3818,-4507,0,0
-6,830,-758,254,-3783,-4554,0,0
-234,546,-628,336,-3926,-4403,0,0
-359,372,-485,290,-3966,-4446,0,0
-273,197,-366,374,-3973,-4249,0,0
-123,-46,-121,318,-3895,-4086,0,0
35,-233,73,384,-3752,-4172,0,0
163,-346,245,441,-3737,-3951,0,0
243,-592,348,408,-3763,-3999,0,0
261,-700,416,170,-3768,-3994,0,0
247,-680,458,53,-3832,-3876,0,0
221,-893,567,-186,-3746,-3816,0,0
225,-951,688,-411,-3708,-3692,0,0
348,-959,761,-524,-3581,-3284,0,0
496,-902,819,-563,-3467,-2945,0,0
596,-995,918,-767,-3283,-2956,0,0
468,-935,1041,-1109,-3088,-3015,0,0
233,-1013,1072,-1267,-3119,-2870,0,0
85,-1126,1060,-1383,-3136,-2710,0,0
62,-1085,1072,-1670,-2932,-2546,0,0
96,-1146,1074,-1861,-2733,-2307,0,0
157,-1148,1101,-2000,-2548,-2076,0,0
225,-1092,1085,-2278,-2437,-1941,0,0
307,-1098,993,-2444,-2465,-1807,0,0
315,-1087,1011,-2657,-2436,-1692,0,0
248,-1072,1049,-2823,-2290,-1663,0,0
141,-1143,1048,-2792,-2032,-1305,0,0
-17,-1079,1080,-2987,-1793,-1075,0,0
-114,-989,1127,-3196,-1649,-898,0,0
-127,-963,1150,-3248,-1627,-875,0,0
-21,-1116,1130,-3350,-1399,-728,0,0
72,-1105,1042,-3366,-1138,-303,0,0
45,-977,964,-3540,-850,-217,0,0
-4,-864,853,-3730,-640,-28,0,0
-76,-807,760,-3650,-599,129,0,0
-120,-740,689,-3734,-421,206,0,0
-107,-775,627,-3662,-375,445,0,0
-92,-703,562,-3837,-427,525,0,0
-15,-568,465,-4015,-357,451,0,0
0,-537,408,-4044,-294,570,0,0
-83,-544,343,-4158,-283,567,0,0
-154,-529,285,-4169,-267,678,0,0
-215,-508,254,-4088,-240,772,0,0
-246,-516,211,-3942,-202,864,0,0
-260,-508,162,-4018,-221,1040,0,0
-263,-491,209,-4120,-204,1122,0,0
-199,-490,256,-3911,-181,1205,0,0
-99,-485,242,-3884,-100,1360,0,0
-7,-392,178,-3915,-38,1389,0,0
83,-321,119,-3870,-50,1455,0,0
130,-269,89,-3824,11,1534,0,0
132,-189,31,-4120,107,1607,0,0
105,-85,-36,-4120,-77,1603,0,0
94,-2,5,-4096,-50,1681,0,0
86,114,18,-4147,101,1654,0,0
74,241,-64,-3982,123,1613,0,0
25,357,-134,-3918,179,1609,0,0
-49,463,-219,-3942,125,1475,0,0
-77,585,-322,-3914,77,1341,0,0
-109,696,-437,-3825,57,1227,0,0
-159,751,-513,-3728,29,1090,0,0
-196,859,-610,-3642,133,1028,0,0
-229,957,-721,-3442,151,1099,0,0
-244,1080,-850,-3276,-6,1165,0,0
-208,1259,-1006,-2893,-547,726,0,0
-86,1430,-1080,-2698,-799,63,0,0
27,1570,-1176,-2824,-770,-379,0,0
18,1701,-1295,-2969,-1170,-852,0,0
-18,1761,-1330,-3012,-1506,-1230,0,0
-98,1538,-1204,-2729,-1988,-1568,0,0
-122,1488,-1143,-2558,-1930,-1640,0,0
-194,1434,-1134,-2438,-2194,-1660,0,0
-198,1341,-1122,-2529,-2449,-1955,0,0
-92,1289,-1094,-2322,-2652,-1902,0,0
-48,1256,-1059,-2182,-2919,-2370,0,0
32,1189,-1013,-1916,-2907,-2478,0,0
-15,1041,-916,-1893,-2978,-2519,0,0
-39,1049,-905,-1682,-3179,-2636,0,0
-10,1123,-918,-1504,-3338,-2931,0,0
53,1062,-930,-1155,-3425,-3154,0,0
57,999,-924,-925,-3430,-3185,0,0
8,895,-887,-853,-3596,-3137,0,0
-73,889,-969,-785,-3783,-3320,0,0
-100,866,-897,-551,-3885,-3437,0,0
-121,753,-762,-461,-3904,-3475,0,0
-129,792,-675,-255,-3870,-3656,0,0
-154,617,-580,-72,-3847,-3707,0,0
-212,446,-519,-61,-3903,-3611,0,0
-234,404,-503,-158,-4123,-3597,0,0
-96,304,-311,-111,-4462,-3871,0,0
109,137,-40,-74,-4421,-4207,0,0
170,-69,188,48,-4305,-4311,0,0
93,-310,341,28,-4274,-3985,0,0
-1,-459,442,-184,-4255,-3853,0,0
3,-517,534,-326,-4222,-3840,0,0
48,-651,669,-408,-4041,-3631,0,0
88,-784,809,-505,-3717,-3423,0,0
89,-855,890,-639,-3437,-3113,0,0
85,-870,925,-746,-3333,-2920,0,0
147,-904,917,-925,-3172,-2714,0,0
211,-883,901,-1136,-3032,-2648,0,0
216,-921,900,-1285,-2961,-2621,0,0
165,-843,927,-1485,-2994,-2535,0,0
122,-866,963,-1650,-2916,-2597,0,0
105,-963,945,-1805,-2829,-2455,0,0
75,-919,870,-2026,-2836,-2362,0,0
52,-921,798,-2264,-2821,-2287,0,0
68,-933,800,-2460,-2782,-2144,0,0
83,-971,870,-2602,-2668,-2084,0,0
139,-1025,932,-2661,-2457,-2026,0,0
197,-1072,909,-2622,-2318,-1670,0,0
147,-1047,870,-2739,-2038,-1539,0,0
40,-1007,867,-2970,-1874,-1364,0,0
18,-1074,878,-3039,-1856,-1172,0,0
67,-1177,870,-3045,-1661,-869,0,0
107,-1075,810,-3147,-1533,-753,0,0
127,-1053,779,-3361,-1406,-628,0,0
101,-1054,752,-3443,-1387,-414,0,0
49,-984,745,-3620,-1244,-251,0,0
5,-963,755,-3695,-1120,-101,0,0
-3,-960,739,-3730,-913,197,0,0
14,-875,719,-3782,-712,307,0,0
52,-853,649,-3859,-625,533,0,0
94,-799,528,-3948,-596,742,0,0
119,-723,469,-3976,-501,711,0,0
150,-773,383,-4047,-437,846,0,0
140,-749,356,-3849,-509,1049,0,0
72,-742,406,-3671,-365,1067,0,0
27,-790,400,-3835,-181,1340,0,0
-26,-701,327,-3898,-168,1571,0,0
-73,-591,283,-3798,-338,1631,0,0
-47,-447,263,-3790,-387,1825,0,0
0,-306,209,-3870,-237,1809,0,0
70,-210,142,-3893,-177,1793,0,0
142,-127,106,-3977,-141,1896,0,0
158,-35,100,-3943,-98,1883,0,0
143,51,98,-3954,-29,1800,0,0
91,152,-35,-3855,30,1750,0,0
66,245,-118,-3881,68,1750,0,0
27,377,-231,-3888,-25,1608,0,0
-5,500,-331,-3859,-115,1427,0,0
-65,583,-405,-3904,-119,1339,0,0
-146,597,-452,-3883,-106,1283,0,0
-229,642,-480,-3839,-68,1379,0,0
-277,705,-535,-3620,-67,1350,0,0
-223,800,-665,-3366,-20,1320,0,0
-148,938,-865,-3057,-24,1386,0,0
-175,1179,-1075,-2755,-313,918,0,0
-207,1391,-1213,-2612,-1179,213,0,0
-64,1660,-1403,-2898,-1550,-350,0,0
-12,1729,-1543,-3189,-1680,-981,0,0
-136,1600,-1410,-3328,-2104,-1620,0,0
-355,1155,-1083,-3197,-2246,-1569,0,0
-520,943,-883,-2929,-2207,-1261,0,0
-530,1057,-936,-2928,-2177,-1259,0,0
-488,1141,-997,-2827,-2409,-1450,0,0
-392,1112,-995,-2523,-2569,-1604,0,0
-307,1102,-959,-2457,-2576,-1732,0,0
-254,1068,-947,-2145,-2555,-2121,0,0
-269,604,-965,-1742,-2807,-2099,0,0
-365,594,-919,-1888,-3083,-2351,0,0
-388,749,-814,-1879,-3055,-2729,0,0
-396,917,-815,-1735,-3124,-2534,0,0
-286,1016,-791,-1495,-3265,-2768,0,0
-60,1262,-800,-1334,-3391,-2581,0,0
213,1601,-757,-909,-3697,-2900,0,0
333,1310,-797,-903,-3569,-3009,0,0
229,988,-802,-684,-3812,-3076,0,0
130,710,-744,-485,-3992,-3216,0,0
56,448,-685,-410,-4066,-3453,0,0
61,246,-520,-648,-4204,-3449,0,0
25,412,-464,-707,-4229,-3379,0,0
-124,460,-368,-390,-4393,-3593,0,0
-256,296,-237,-429,-4346,-3555,0,0
-293,187,-177,-429,-4383,-3670,0,0
-242,223,-42,-184,-4339,-3380,0,0
-179,185,87,-426,-4233,-3540,0,0
-37,-3,240,-280,-4181,-3904,0,0
76,-163,508,-184,-4077,-3668,0,0
66,-411,620,-125,-3792,-3515,0,0
9,-472,555,-213,-3704,-3375,0,0
78,-633,532,-365,-3651,-3099,0,0
215,-686,598,-572,-3423,-2885,0,0
375,-641,673,-557,-3398,-2776,0,0
506,-729,668,-760,-3530,-2838,0,0
476,-543,630,-1000,-3587,-2981,0,0
249,-539,642,-1338,-3677,-2961,0,0
2,-775,728,-1628,-3740,-2941,0,0
-118,-819,877,-1621,-3523,-2776,0,0
-149,-839,1003,-1740,-3273,-2587,0,0
-88,-1097,977,-1740,-3080,-2360,0,0
-12,-996,907,-1846,-2992,-2271,0,0
48,-1069,815,-2027,-2838,-2197,0,0
66,-1003,774,-2316,-2871,-2134,0,0
78,-1044,800,-2500,-2821,-1943,0,0
62,-1231,829,-2586,-2603,-1843,0,0
34,-1082,873,-2728,-2496,-1698,0,0
86,-1069,897,-2868,-2462,-1448,0,0
166,-1179,908,-2950,-2257,-1195,0,0
189,-1165,949,-3043,-2085,-930,0,0
204,-1215,959,-3095,-1908,-720,0,0
212,-1094,933,-3206,-1743,-582,0,0
212,-1148,899,-3197,-1577,-370,0,0
180,-1151,925,-3282,-1410,-230,0,0
143,-1099,936,-3467,-1134,-20,0,0
136,-1148,924,-3483,-1008,370,0,0
111,-986,853,-3598,-911,601,0,0
130,-900,722,-3675,-790,710,0,0
166,-824,652,-3737,-713,837,0,0
179,-623,570,-3791,-612,911,0,0
185,-596,516,-3790,-651,920,0,0
182,-526,481,-3683,-563,974,0,0
179,-510,498,-3756,-371,1117,0,0
152,-416,431,-3826,-177,1196,0,0
77,-226,329,-3879,-219,1299,0,0
2,-214,265,-4090,-260,1350,0,0
-42,-235,228,-4192,-264,1326,0,0
-28,-354,269,-3970,-180,1425,0,0
24,-415,287,-3743,-107,1532,0,0
92,-384,236,-3670,36,1716,0,0
80,-277,143,-3865,51,1895,0,0
29,-97,59,-3929,-63,1786,0,0
17,-3,13,-4036,-68,1792,0,0
-11,108,-12,-4044,13,1725,0,0
-41,166,-33,-3940,44,1668,0,0
-64,176,-74,-3833,53,1678,0,0
-89,235,-151,-3855,21,1650,0,0
-95,321,-239,-3933,-40,1569,0,0
-78,359,-312,-3907,-84,1538,0,0
-90,439,-380,-3876,-134,1414,0,0
-108,525,-457,-3776,-158,1344,0,0
-148,647,-546,-3690,-123,1346,0,0
-214,818,-648,-3742,-96,1249,0,0
-259,967,-790,-3645,-274,1009,0,0
-261,1011,-935,-3472,-482,916,0,0
-272,1138,-1084,-3163,-874,578,0,0
-236,1336,-1176,-3011,-982,253,0,0
-262,1434,-1235,-2868,-1230,-57,0,0
-306,1425,-1207,-2826,-1532,-563,0,0
-319,1299,-1145,-2558,-1595,-620,0,0
-346,1386,-1156,-2618,-2095,-841,0,0
-247,1606,-1325,-2731,-2388,-1245,0,0
-107,1635,-1343,-2859,-2609,-1687,0,0
-77,1430,-1132,-2696,-2808,-1939,0,0
-142,1215,-965,-2622,-2846,-2072,0,0
-180,999,-819,-2302,-2666,-2027,0,0
-278,1014,-797,-2118,-2734,-2008,0,0
-257,1097,-909,-1816,-2977,-2314,0,0
-230,1106,-920,-1591,-2986,-2405,0,0
-222,1012,-829,-1518,-3092,-2570,0,0
-214,884,-800,-1253,-3242,-2656,0,0
-174,998,-831,-1136,-3316,-2777,0,0
-68,1099,-874,-830,-3253,-3041,0,0
-48,1255,-958,-538,-3437,-2941,0,0
-21,870,-993,-328,-3478,-3011,0,0
-78,731,-1047,-399,-3821,-3224,0,0
-13,808,-1009,-472,-4327,-3370,0,0
76,731,-845,-377,-4491,-3499,0,0
76,869,-549,-118,-4643,-3696,0,0
82,812,-287,-193,-4599,-4097,0,0
104,374,-97,181,-4657,-4045,0,0
26,91,65,258,-4490,-3838,0,0
-100,4,39,316,-4361,-3796,0,0
-242,-179,86,149,-4291,-3512,0,0
-241,-320,241,91,-4335,-3459,0,0
-50,-367,424,-9,-4232,-3482,0,0
182,-456,550,37,-4100,-3313,0,0
310,-600,722,-135,-3907,-3087,0,0
322,-661,764,-219,-3638,-2904,0,0
253,-722,787,-290,-3513,-2823,0,0
194,-740,802,-479,-3454,-2677,0,0
165,-675,793,-660,-3389,-2595,0,0
163,-699,821,-856,-3299,-2575,0,0
154,-656,827,-1016,-3330,-2498,0,0
129,-661,860,-1206,-3298,-2581,0,0
104,-631,853,-1305,-3264,-2493,0,0
54,-547,825,-1464,-3140,-2445,0,0
-1,-519,817,-1674,-3200,-2313,0,0
23,-636,864,-1937,-3260,-2398,0,0
95,-829,907,-2149,-3135,-2236,0,0
97,-801,943,-2268,-2944,-2221,0,0
67,-904,979,-2434,-2777,-2155,0,0
49,-957,978,-2541,-2652,-1892,0,0
36,-936,1010,-2729,-2496,-1814,0,0
69,-1010,1004,-2849,-2374,-1524,0,0
101,-982,1000,-2947,-2268,-1283,0,0
127,-866,964,-3022,-2084,-1239,0,0
142,-775,958,-3117,-1948,-1152,0,0
117,-1018,970,-3219,-1734,-1000,0,0
43,-1024,916,-3350,-1626,-810,0,0
-51,-987,887,-3412,-1491,-624,0,0
-136,-992,890,-3595,-1363,-555,0,0
-165,-989,856,-3620,-1344,-325,0,0
-184,-973,849,-3665,-1138,-91,0,0
-287,-939,857,-3765,-932,-63,0,0
-374,-929,829,-3918,-904,86,0,0
-359,-903,817,-3697,-792,330,0,0
-323,-800,735,-3853,-455,563,0,0
-254,-715,577,-3812,-351,705,0,0
-166,-704,498,-3653,-270,801,0,0
-113,-523,409,-3698,-8,1006,0,0
-150,-255,237,-3911,-27,1064,0,0
-179,-29,129,-3954,-367,793,0,0
-113,-237,188,-4068,-226,877,0,0
-116,-462,250,-4062,-96,1168,0,0
-153,-729,234,-3992,-72,1374,0,0
-162,-622,224,-4102,-99,1467,0,0
-106,-403,161,-4107,-80,1510,0,0
-45,-285,109,-4036,-111,1575,0,0
-4,-193,77,-4107,-123,1605,0,0
26,-28,28,-4066,-89,1573,0,0
38,78,-12,-4052,-54,1515,0,0
31,135,-74,-4061,-68,1477,0,0
5,247,-116,-4034,-73,1410,0,0
3,357,-154,-4075,-159,1366,0,0
23,543,-202,-3994,-244,1263,0,0
36,676,-201,-4066,-253,1087,0,0
74,601,-232,-4023,-185,1083,0,0
62,512,-276,-3991,-143,1007,0,0
42,353,-318,-3908,-91,1051,0,0
13,366,-415,-3832,-36,1004,0,0
42,440,-579,-3553,27,1049,0,0
108,747,-790,-3262,46,1192,0,0
134,921,-1036,-2940,-260,1059,0,0
108,1144,-1214,-2568,-641,627,0,0
60,1392,-1314,-2615,-960,-40,0,0
96,1534,-1413,-2792,-1386,-443,0,0
40,1604,-1485,-2834,-2102,-946,0,0
-81,1533,-1424,-2877,-2363,-1387,0,0
-281,1550,-1196,-2912,-2456,-1647,0,0
-460,1534,-1057,-3004,-2351,-1738,0,0
-498,1474,-1043,-2697,-2399,-1922,0,0
-404,1344,-999,-2479,-2544,-1932,0,0
-259,1318,-981,-2378,-2590,-2121,0,0
-25,1267,-953,-2051,-2634,-2362,0,0
137,1056,-1025,-1756,-2781,-2216,0,0
206,1064,-1073,-1535,-3062,-2418,0,0
187,1117,-1142,-1440,-3112,-2532,0,0
74,1031,-1110,-1201,-3320,-2715,0,0
-71,955,-1042,-1046,-3528,-3109,0,0
-103,848,-999,-869,-3735,-3080,0,0
-139,727,-935,-555,-3859,-3071,0,0
-257,777,-882,-611,-3879,-3062,0,0
-253,802,-773,-401,-3986,-3245,0,0
-178,758,-678,-219,-4024,-3272,0,0
-115,803,-598,-173,-3905,-3388,0,0
-105,820,-556,-41,-4084,-3635,0,0
-100,648,-462,134,-4132,-3834,0,0
-158,443,-304,52,-4235,-3816,0,0
-190,230,-147,231,-4354,-3951,0,0
-158,52,54,191,-4282,-3871,0,0
-109,-104,203,300,-4104,-3762,0,0
-97,-220,317,250,-3957,-3601,0,0
-7,-354,371,135,-3950,-3591,0,0
167,-485,444,106,-3924,-3492,0,0
245,-528,532,-74,-3824,-3433,0,0
218,-535,576,-252,-3731,-3407,0,0
155,-612,612,-451,-3570,-3233,0,0
139,-738,688,-450,-3407,-2901,0,0
154,-796,775,-456,-3122,-2682,0,0
196,-726,758,-582,-3002,-2568,0,0
242,-676,663,-796,-3015,-2551,0,0
251,-659,601,-1016,-3062,-2566,0,0
168,-643,594,-1280,-3167,-2659,0,0
54,-760,648,-1464,-3263,-2637,0,0
-25,-844,692,-1650,-3280,-2678,0,0
-21,-896,653,-1718,-3224,-2573,0,0
-11,-852,635,-1899,-3197,-2407,0,0
21,-898,651,-2038,-3122,-2394,0,0
79,-937,689,-2213,-3066,-2235,0,0
130,-953,744,-2326,-2983,-2140,0,0
153,-964,810,-2508,-2827,-2040,0,0
166,-952,839,-2583,-2675,-1789,0,0
180,-1023,882,-2678,-2493,-1598,0,0
210,-1013,895,-2671,-2293,-1372,0,0
223,-899,860,-2795,-2132,-1224,0,0
216,-870,779,-2984,-2074,-1162,0,0
179,-819,718,-3233,-2123,-1052,0,0
144,-894,761,-3351,-2042,-983,0,0
120,-1036,845,-3476,-1965,-735,0,0
106,-992,859,-3431,-1805,-467,0,0
85,-1034,893,-3532,-1579,-338,0,0
106,-1007,833,-3520,-1492,-62,0,0
153,-973,782,-3536,-1413,113,0,0
190,-914,729,-3694,-1126,304,0,0
157,-815,677,-3833,-1078,425,0,0
147,-746,625,-3813,-952,536,0,0
132,-675,594,-3877,-700,794,0,0
121,-603,567,-3832,-752,835,0,0
196,-568,515,-3825,-600,983,0,0
213,-543,449,-3914,-537,1012,0,0
185,-463,341,-3925,-545,994,0,0
161,-390,311,-4046,-428,1172,0,0
129,-394,321,-4055,-433,1198,0,0
150,-398,313,-3870,-329,1170,0,0
199,-335,258,-3918,-212,1500,0,0
205,-258,134,-3768,-293,1573,0,0
209,-180,44,-3844,-299,1442,0,0
225,-168,-7,-4031,-361,1452,0,0
187,-148,-18,-4074,-370,1435,0,0
101,-73,12,-4161,-357,1340,0,0
33,-61,17,-4182,-314,1449,0,0
-48,-14,22,-4118,-292,1487,0,0
-106,27,27,-4089,-294,1464,0,0
-118,46,9,-3934,-230,1506,0,0
-136,114,-34,-3854,-201,1552,0,0
-159,224,-120,-3835,-183,1516,0,0
-170,301,-235,-3831,-216,1513,0,0
-199,413,-341,-3846,-248,1461,0,0
-245,572,-447,-3844,-229,1409,0,0
-309,762,-553,-3834,-230,1352,0,0
-375,869,-683,-3593,-255,1187,0,0
-451,1077,-824,-3357,-184,1171,0,0
-534,1405,-1027,-3085,-410,925,0,0
-528,1646,-1202,-2927,-1137,301,0,0
-314,1779,-1298,-2793,-1402,-353,0,0
-232,1601,-1278,-2657,-1103,-705,0,0
-381,1427,-1273,-2693,-1267,-956,0,0
-499,1431,-1364,-2456,-1815,-1029,0,0
-468,1590,-1494,-2391,-2292,-1055,0,0
-196,1763,-1441,-2383,-2467,-1503,0,0
24,1673,-1270,-2250,-2441,-1938,0,0
41,1529,-1235,-1943,-2718,-2252,0,0
-15,1390,-1259,-1758,-2723,-2527,0,0
-176,1118,-1204,-1479,-3072,-2383,0,0
-306,987,-1225,-1224,-3416,-2396,0,0
-335,1035,-1136,-1165,-3365,-2468,0,0
-292,1183,-1024,-1020,-3294,-2679,0,0
-205,1099,-986,-572,-3372,-2844,0,0
-138,1159,-985,-418,-3556,-2897,0,0
-75,1100,-1034,-148,-3778,-3372,0,0
-42,1063,-1011,14,-4106,-3478,0,0
4,885,-931,173,-4228,-3804,0,0
-41,619,-833,312,-4257,-3798,0,0
-139,580,-781,303,-4427,-3835,0,0
-177,419,-681,379,-4526,-4050,0,0
-172,269,-477,460,-4604,-3867,0,0
-123,129,-182,511,-4656,-3857,0,0
-2056,-37,-11,525,-4521,-3763,0,0
71,-241,123,626,-4434,-3736,0,0
97,-439,296,464,-4292,-3755,0,0
138,-573,401,372,-4186,-3563,0,0
162,-679,523,303,-4091,-3401,0,0
187,-731,627,178,-3912,-3335,0,0
240,-812,693,112,-3797,-3172,0,0
252,-864,772,-73,-3628,-3016,0,0
261,-832,833,-281,-3540,-2960,0,0
257,-967,825,-463,-3483,-2782,0,0
193,-1078,822,-677,-3402,-2551,0,0
116,-982,841,-998,-3335,-2509,0,0
97,-960,826,-1119,-3306,-2451,0,0
110,-951,857,-1338,-3262,-2413,0,0
182,-920,906,-1589,-3243,-2267,0,0
235,-952,932,-1718,-3094,-2130,0,0
250,-915,944,-1937,-3026,-2029,0,0
310,-857,932,-2089,-2975,-2015,0,0
464,-986,947,-2352,-2896,-1809,0,0
564,-1024,974,-2535,-2756,-1555,0,0
604,-970,1014,-2677,-2557,-1342,0,0
663,-965,1071,-2789,-2437,-1015,0,0
772,-988,1103,-2891,-2277,-651,0,0
937,-899,1082,-2917,-2004,-443,0,0
1129,-739,1011,-2962,-1825,-57,0,0
1230,-598,861,-3083,-1706,60,0,0
1317,-491,770,-3291,-1637,260,0,0
1388,-293,722,-3601,-1605,369,0,0
1502,-200,668,-3711,-1584,444,0,0
1621,-116,636,-3690,-1580,620,0,0
1744,-32,627,-3556,-1421,690,0,0
1857,30,584,-3650,-1365,821,0,0
1958,75,490,-3846,-1314,877,0,0
2043,84,385,-3877,-1244,869,0,0
2063,165,301,-4003,-1213,854,0,0
2030,54,209,-4014,-1193,788,0,0
1943,163,119,-3906,-1131,696,0,0
1809,221,86,-3869,-1075,664,0,0
1628,163,75,-3778,-1031,608,0,0
1429,89,23,-3855,-1020,615,0,0
1195,150,-41,-4061,-1065,605,0,0
916,184,-64,-4146,-1129,491,0,0
617,79,-17,-4180,-1137,339,0,0
312,-1,31,-4185,-1067,421,0,0
-76,-35,90,-4179,-1065,415,0,0
-466,-143,148,-4132,-1088,381,0,0
-801,-193,199,-4117,-1050,520,0,0
-1100,-268,236,-4027,-999,628,0,0
-1358,-278,220,-3995,-954,779,0,0
-1606,-256,170,-3934,-1011,920,0,0
-1829,-272,110,-3915,-1089,962,0,0
-1980,-295,38,-3964,-1116,1096,0,0
-2130,-294,-44,-4077,-1198,1157,0,0
-2242,-166,-127,-4085,-1273,1107,0,0
-2285,-91,-161,-4038,-1255,1209,0,0
-2313,-28,-215,-3956,-1170,1273,0,0
-2314,166,-330,-3858,-1145,1114,0,0
-2275,318,-448,-3734,-1119,1048,0,0
-2211,446,-561,-3551,-1099,947,0,0
-2059,686,-672,-3348,-1196,722,0,0
-1863,963,-753,-3315,-1068,560,0,0
-1710,1242,-817,-3378,-863,207,0,0
-1494,1302,-931,-3100,-1103,-594,0,0
-1151,1248,-981,-2798,-1646,-924,0,0
-860,1327,-961,-2725,-1679,-947,0,0
-751,1314,-930,-2260,-1330,-1242,0,0
-634,1521,-912,-1899,-1471,-1360,0,0
-462,1537,-1038,-1385,-1938,-1550,0,0
-130,1683,-1168,-1269,-2286,-1968,0,0
228,1658,-1199,-943,-2679,-2275,0,0
345,1450,-1216,-892,-2842,-2458,0,0
223,1412,-1253,-748,-2901,-2902,0,0
-17,1221,-1199,-463,-3153,-3300,0,0
-151,1192,-1131,-356,-3721,-3268,0,0
-208,1336,-1140,-399,-3828,-3448,0,0
-142,1401,-1120,7,-3784,-3867,0,0
-132,1172,-912,229,-3840,-3931,0,0
-134,1032,-762,475,-3931,-3864,0,0
-106,832,-672,606,-3959,-3968,0,0
-33,753,-655,749,-3916,-3938,0,0
-103,691,-683,567,-4186,-3929,0,0
-92,490,-634,695,-4325,-3972,0,0
-43,266,-319,666,-4352,-3958,0,0
27,109,-30,937,-4342,-4028,0,0
125,-98,187,1085,-4178,-4028,0,0
188,-236,263,1101,-4102,-3910,0,0
184,-396,316,972,-4085,-3793,0,0
153,-502,406,797,-4007,-3695,0,0
160,-625,511,608,-3921,-3676,0,0
179,-763,604,410,-3722,-3414,0,0
140,-859,706,235,-3546,-3185,0,0
76,-905,781,79,-3325,-2959,0,0
65,-863,787,-73,-3208,-2877,0,0
166,-896,732,-212,-3184,-2708,0,0
300,-966,703,-443,-3192,-2659,0,0
391,-955,685,-632,-3060,-2538,0,0
382,-878,672,-806,-3194,-2695,0,0
366,-861,680,-1007,-3314,-2708,0,0
340,-812,698,-1249,-3406,-2633,0,0
249,-890,775,-1375,-3376,-2630,0,0
57,-932,902,-1664,-3242,-2642,0,0
-137,-975,988,-1719,-3269,-2555,0,0
-267,-921,1104,-2181,-3250,-2324,0,0
-267,-1175,1171,-2326,-3130,-2220,0,0
-196,-1273,1206,-2407,-2880,-2063,0,0
-119,-1269,1208,-2522,-2542,-1933,0,0
12,-1371,1181,-2572,-2315,-1697,0,0
140,-1446,1167,-2585,-2046,-1343,0,0
220,-1405,1133,-2630,-1730,-1069,0,0
262,-1316,1040,-2752,-1535,-897,0,0
307,-1247,940,-3040,-1457,-630,0,0
327,-1153,859,-3361,-1476,-498,0,0
345,-1135,809,-3513,-1457,-247,0,0
357,-1063,755,-3517,-1370,-93,0,0
370,-1045,764,-3515,-1121,164,0,0
374,-909,708,-3571,-896,325,0,0
422,-785,574,-3603,-897,515,0,0
464,-556,496,-3705,-942,685,0,0
455,-473,436,-3954,-830,774,0,0
377,-378,409,-4033,-774,675,0,0
340,-328,452,-4062,-729,622,0,0
336,-139,487,-4042,-619,766,0,0
332,-184,507,-4008,-416,885,0,0
317,-526,467,-4114,-297,1114,0,0
237,-407,427,-3987,-317,1156,0,0
190,-384,427,-4031,-126,1356,0,0
143,-346,312,-4079,-82,1402,0,0
84,-74,159,-3954,-142,1333,0,0
32,71,42,-4091,-152,1263,0,0
-14,36,-63,-4107,-122,1236,0,0
-96,164,-120,-4128,-60,1289,0,0
-189,234,-158,-4154,-90,1265,0,0
-233,302,-210,-4053,-120,1226,0,0
-238,395,-267,-4024,-129,1251,0,0
-214,512,-354,-3932,-104,1273,0,0
-174,659,-479,-3828,-85,1176,0,0
-143,932,-673,-3792,-191,1098,0,0
-154,1352,-855,-3565,-409,753,0,0
-145,1142,-895,-3401,-516,450,0,0
-223,1193,-1045,-3226,-886,6,0,0
-311,1385,-1121,-3266,-1135,-496,0,0
-355,1304,-1119,-3275,-1239,-862,0,0
-390,1236,-1091,-3224,-1440,-891,0,0
-393,1341,-1076,-2851,-1677,-1036,0,0
-371,1390,-1032,-2749,-1670,-1229,0,0
-313,1264,-1041,-2638,-1832,-1411,0,0
-182,1249,-1112,-2320,-1907,-1389,0,0
-136,1222,-1209,-2311,-2192,-1531,0,0
-81,1397,-1282,-2285,-2388,-2226,0,0
-112,1255,-1141,-2072,-2594,-2264,0,0
-223,1158,-995,-1818,-2686,-2384,0,0
-312,1072,-871,-1593,-2593,-2591,0,0
-320,1050,-844,-1303,-2970,-2678,0,0
-205,1062,-912,-1245,-3241,-2915,0,0
-43,1132,-941,-1112,-3285,-3075,0,0
-25,964,-810,-867,-3385,-3157,0,0
-31,927,-704,-849,-3279,-3142,0,0
65,923,-703,-499,-3290,-3171,0,0
65,899,-778,-357,-3475,-3204,0,0
10,783,-715,-313,-3612,-3417,0,0
49,809,-641,13,-3729,-3689,0,0
31,651,-558,344,-3628,-3578,0,0
-76,693,-612,158,-3723,-3722,0,0
-163,597,-635,297,-3882,-3517,0,0
-209,583,-491,154,-3872,-3706,0,0
-123,381,-389,399,-3939,-3826,0,0
-70,262,-272,296,-3947,-3807,0,0
-104,126,-214,435,-3976,-3725,0,0
-158,61,-26,520,-3971,-3962,0,0
-79,-67,174,431,-4058,-4036,0,0
38,-310,370,527,-3979,-4035,0,0
124,-438,467,426,-3853,-3854,0,0
136,-509,532,296,-3817,-3826,0,0
146,-583,628,47,-3697,-3683,0,0
232,-766,750,25,-3492,-3456,0,0
316,-1017,878,-42,-3329,-3228,0,0
311,-886,881,-186,-3422,-3001,0,0
234,-763,799,-563,-3365,-2996,0,0
109,-707,812,-887,-3492,-3006,0,0
-26,-756,884,-1045,-3471,-3146,0,0
-112,-867,978,-1213,-3254,-3162,0,0
-136,-984,1028,-1219,-3131,-2989,0,0
-107,-1027,1010,-1390,-2992,-2771,0,0
-32,-1085,979,-1562,-2717,-2611,0,0
29,-1067,990,-1771,-2652,-2467,0,0
124,-1137,963,-1947,-2492,-2237,0,0
182,-1189,923,-2129,-2310,-2166,0,0
228,-1160,901,-2327,-2219,-1946,0,0
231,-1135,876,-2497,-2269,-1802,0,0
238,-1253,874,-2694,-2201,-1714,0,0
284,-1252,888,-2886,-2147,-1472,0,0
290,-1305,960,-2941,-1956,-1193,0,0
230,-1286,1058,-3108,-1690,-1116,0,0
227,-1258,1073,-3231,-1633,-726,0,0
225,-1174,1021,-3329,-1366,-288,0,0
214,-1001,948,-3530,-1038,-270,0,0
313,-938,862,-3607,-835,132,0,0
410,-802,714,-3700,-731,448,0,0
531,-534,548,-3719,-600,265,0,0
650,-301,461,-3835,-441,489,0,0
725,-347,388,-3934,-402,755,0,0
825,-310,254,-3884,-469,927,0,0
972,-41,138,-3949,-622,1059,0,0
1189,3,50,-3934,-762,1006,0,0
1447,130,-26,-3909,-827,961,0,0
1652,283,-73,-3980,-898,871,0,0
1740,267,-107,-3935,-1036,581,0,0
1758,365,-97,-4121,-1032,293,0,0
1732,319,-128,-4105,-1200,134,0,0
1595,233,-143,-4076,-1299,22,0,0
1341,273,-130,-4150,-1312,-200,0,0
1050,175,-139,-4224,-1313,-258,0,0
682,138,-121,-4312,-1351,-291,0,0
254,140,-77,-4307,-1355,-352,0,0
-183,139,-41,-4079,-1256,-206,0,0
