234,-221,246,-4536,244,247,0,0
205,369,285,-4356,378,351,0,0
230,31,167,-4028,566,41,0,0
351,19,143,-3919,682,358,0,0
399,278,163,-3718,748,426,0,0
316,-111,180,-3453,846,-19,0,0
272,-582,212,-4152,555,-2,0,0
239,-505,303,-4596,370,57,0,0
194,-276,246,-4397,803,154,0,0
166,-114,106,-3884,1003,289,0,0
111,-91,-25,-3851,761,512,0,0
66,12,-48,-4044,720,598,0,0
47,233,-77,-4269,773,427,0,0
10,316,-179,-4289,735,417,0,0
-160,380,-295,-4286,847,531,0,0
-333,413,-365,-4266,765,787,0,0
-348,755,-466,-4144,795,994,0,0
-275,1184,-563,-3778,880,583,0,0
-182,1086,-708,-3696,602,680,0,0
-70,1370,-740,-3334,158,597,0,0
54,1703,-659,-2931,39,281,0,0
160,1914,-791,-2921,109,245,0,0
221,2243,-865,-2612,-101,-228,0,0
344,2435,-873,-2118,-427,-685,0,0
548,2545,-878,-1622,-633,-1350,0,0
738,2553,-718,-1063,-955,-2227,0,0
942,2222,-567,-857,-1185,-2650,0,0
977,1974,-367,-784,-1419,-2901,0,0
923,1587,-288,-1290,-1416,-3455,0,0
930,1550,-350,-1309,-1756,-3530,0,0
989,1604,-389,-632,-1867,-3479,0,0
998,1497,-402,-380,-2109,-3706,0,0
1011,1377,-412,-539,-2335,-3972,0,0
983,1293,-523,-542,-2470,-4007,0,0
886,1288,-618,-4,-2715,-3917,0,0
733,1183,-663,112,-3000,-3995,0,0
704,1217,-706,384,-3326,-4166,0,0
808,1236,-709,572,-3874,-4473,0,0
885,1170,-645,329,-4379,-4863,0,0
925,1089,-573,340,-4631,-5173,0,0
747,832,-453,492,-5036,-5496,0,0
351,311,-250,331,-5153,-5607,0,0
-75,-111,-62,581,-5137,-5439,0,0
-422,-445,189,987,-4894,-5138,0,0
-625,-873,411,925,-4468,-4853,0,0
-660,-1321,548,686,-4196,-4524,0,0
-631,-1674,717,383,-3853,-4355,0,0
-598,-1976,900,73,-3634,-4106,0,0
-500,-2063,1088,-136,-3443,-3783,0,0
-465,-2123,1191,-692,-2963,-3712,0,0
-481,-2181,1193,-934,-2920,-3648,0,0
-524,-2301,1228,-1235,-2877,-3418,0,0
-585,-2322,1362,-1448,-2556,-3290,0,0
-598,-2433,1520,-1529,-2263,-2888,0,0
-569,-2437,1627,-1557,-1947,-2327,0,0
-580,-2390,1676,-1751,-1379,-1828,0,0
-619,-2390,1626,-1982,-951,-1348,0,0
-644,-2227,1501,-1883,-637,-838,0,0
-702,-2122,1348,-2241,-104,-362,0,0
-709,-1922,1136,-2513,19,78,0,0
-658,-1659,1004,-2775,237,350,0,0
-580,-1448,804,-2971,503,698,0,0
-517,-1308,694,-2775,677,1015,0,0
-520,-1242,603,-3157,940,1492,0,0
-524,-982,404,-3569,1110,1813,0,0
-447,-637,177,-3532,1040,1990,0,0
-324,-313,38,-3669,1011,2184,0,0
-195,106,-82,-3946,948,2173,0,0
-27,658,-291,-3732,986,1914,0,0
98,1114,-571,-3442,817,1667,0,0
162,1597,-828,-3283,699,1440,0,0
159,2072,-1012,-2972,467,898,0,0
90,2264,-1094,-2918,121,388,0,0
46,2449,-1098,-2996,-180,-20,0,0
66,2731,-1066,-2521,-515,-642,0,0
151,2639,-1021,-2324,-831,-1304,0,0
221,2512,-911,-2255,-905,-1880,0,0
251,2403,-828,-2146,-1009,-2247,0,0
266,2291,-762,-1750,-1117,-2331,0,0
252,2168,-701,-1362,-1243,-2731,0,0
322,2036,-647,-1182,-1438,-3036,0,0
428,1940,-621,-1054,-1645,-3433,0,0
548,1828,-549,-650,-1777,-3686,0,0
594,1610,-471,-177,-1970,-3799,0,0
599,1415,-449,-182,-2050,-3927,0,0
654,1490,-507,-279,-2369,-4111,0,0
740,1596,-526,-80,-2702,-4370,0,0
813,1673,-591,179,-2767,-4422,0,0
835,1792,-669,895,-2988,-4528,0,0
740,1605,-689,1160,-3386,-4696,0,0
606,1352,-618,1008,-3524,-4994,0,0
463,1024,-534,1027,-3926,-5405,0,0
295,601,-352,1094,-4049,-5606,0,0
138,95,-140,1107,-4167,-5633,0,0
-4,-295,87,1259,-4186,-5532,0,0
-171,-686,340,1325,-4017,-5338,0,0
-268,-1069,521,1081,-3883,-5177,0,0
-314,-1391,681,881,-3812,-5084,0,0
-371,-1709,856,400,-3645,-4959,0,0
-370,-1891,1012,400,-3515,-4703,0,0
-411,-2104,1242,201,-3195,-4302,0,0
-440,-2242,1377,-157,-2759,-3970,0,0
-402,-2349,1389,-584,-2536,-3618,0,0
-395,-2382,1428,-707,-2450,-3330,0,0
-496,-2482,1531,-1178,-2024,-2936,0,0
-589,-2555,1569,-1323,-1690,-2538,0,0
-720,-2659,1537,-1511,-1301,-1914,0,0
-817,-2622,1482,-1771,-916,-1414,0,0
-830,-2522,1392,-2136,-588,-1019,0,0
-793,-2357,1238,-2225,-336,-493,0,0
-727,-2155,1103,-2621,-11,-104,0,0
-577,-1865,924,-2737,119,233,0,0
-464,-1631,836,-2916,328,478,0,0
-384,-1498,719,-3173,427,684,0,0
-318,-1352,657,-3259,548,991,0,0
-339,-1186,572,-3602,854,1303,0,0
-402,-917,417,-3688,971,1554,0,0
-442,-650,274,-3650,940,1720,0,0
-391,-376,141,-3782,948,1833,0,0
-278,-34,-8,-3799,962,1886,0,0
-120,306,-120,-3732,888,1941,0,0
17,628,-245,-3718,915,1812,0,0
118,1016,-448,-3538,861,1682,0,0
196,1519,-695,-3270,730,1437,0,0
252,1979,-927,-2974,517,1089,0,0
294,2341,-1108,-2652,253,536,0,0
340,2570,-1175,-2450,-142,-129,0,0
355,2636,-1164,-2314,-354,-707,0,0
355,2620,-1089,-2203,-775,-1393,0,0
371,2586,-1024,-2027,-949,-1881,0,0
368,2446,-986,-2019,-1154,-2287,0,0
390,2367,-922,-1767,-1500,-2710,0,0
384,2223,-828,-1537,-1560,-3076,0,0
376,2083,-758,-1525,-1637,-3299,0,0
391,2036,-706,-1088,-1737,-3490,0,0
439,1966,-713,-696,-1864,-3701,0,0
494,1923,-664,-285,-2153,-3966,0,0
530,1811,-633,-199,-2264,-4333,0,0
598,1779,-680,-146,-2363,-4543,0,0
640,1743,-727,229,-2731,-4660,0,0
556,1487,-682,510,-2906,-4737,0,0
426,1193,-567,674,-3029,-4797,0,0
319,963,-465,776,-3101,-4808,0,0
254,778,-359,884,-3216,-4865,0,0
206,575,-258,963,-3358,-5071,0,0
172,309,-169,1078,-3536,-5267,0,0
115,20,-51,1063,-3663,-5473,0,0
12,-326,134,996,-3728,-5607,0,0
-124,-750,323,925,-3668,-5479,0,0
-233,-1120,521,871,-3604,-5350,0,0
-279,-1473,696,653,-3472,-5114,0,0
-277,-1709,838,266,-3263,-4962,0,0
-253,-1927,937,198,-3216,-4650,0,0
-262,-2149,1078,-167,-2940,-4365,0,0
-292,-2312,1205,-438,-2697,-3976,0,0
-360,-2474,1325,-727,-2439,-3537,0,0
-430,-2589,1451,-876,-2175,-3077,0,0
-499,-2637,1529,-1281,-1783,-2676,0,0
-515,-2618,1528,-1474,-1495,-2234,0,0
-543,-2566,1511,-1624,-1164,-1765,0,0
-588,-2509,1469,-1983,-778,-1207,0,0
-616,-2342,1386,-2296,-467,-763,0,0
-630,-2156,1242,-2638,-94,-403,0,0
-643,-1957,1029,-2787,78,-48,0,0
-657,-1749,924,-2893,260,289,0,0
-650,-1606,799,-3275,402,617,0,0
-598,-1402,670,-3352,490,843,0,0
-556,-1225,581,-3457,634,985,0,0
-483,-1118,530,-3579,758,1154,0,0
-379,-992,439,-3658,858,1517,0,0
-313,-776,367,-3610,957,1697,0,0
-234,-554,264,-3647,991,1839,0,0
-132,-306,165,-3723,1035,1896,0,0
-50,-48,24,-3731,1101,1915,0,0
-6,225,-139,-3660,1131,1884,0,0
52,853,-501,-3539,930,1678,0,0
81,1224,-700,-3443,803,1491,0,0
123,1632,-896,-3423,613,1146,0,0
171,2022,-1049,-3208,397,771,0,0
194,2232,-1061,-2919,112,334,0,0
244,2311,-1043,-2816,-156,-55,0,0
351,2440,-1035,-2526,-472,-590,0,0
456,2432,-1000,-2371,-755,-1017,0,0
462,2404,-979,-2326,-995,-1546,0,0
416,2443,-941,-2168,-1103,-2048,0,0
286,2445,-900,-1858,-1316,-2397,0,0
202,2424,-862,-1648,-1395,-2886,0,0
221,2410,-813,-1246,-1541,-3134,0,0
292,2297,-762,-751,-1704,-3691,0,0
459,2023,-629,-444,-1793,-3812,0,0
615,1812,-561,-429,-1929,-3824,0,0
712,1749,-649,-498,-2112,-4027,0,0
683,1826,-783,-247,-2377,-4381,0,0
524,1736,-845,116,-2596,-4499,0,0
339,1541,-808,441,-2725,-4513,0,0
226,1361,-680,646,-2804,-4476,0,0
204,1219,-536,924,-2940,-4567,0,0
272,1056,-403,1344,-3150,-4709,0,0
363,856,-273,1337,-3274,-5054,0,0
415,574,-197,1194,-3619,-5455,0,0
349,225,-41,1319,-3936,-5792,0,0
167,-234,178,1257,-3818,-5803,0,0
-29,-620,334,1322,-3768,-5577,0,0
-170,-1033,485,1217,-3753,-5352,0,0
-230,-1377,665,905,-3608,-5097,0,0
-227,-1627,822,527,-3352,-4957,0,0
-211,-1876,929,430,-3340,-4615,0,0
-269,-1986,1079,152,-3128,-4396,0,0
-390,-2169,1224,-228,-2810,-4190,0,0
-459,-2352,1309,-535,-2570,-3756,0,0
-440,-2417,1384,-704,-2433,-3312,0,0
-451,-2424,1450,-1069,-2007,-2985,0,0
-493,-2480,1484,-1277,-1731,-2563,0,0
-537,-2535,1474,-1563,-1439,-2057,0,0
-586,-2476,1498,-1833,-1045,-1580,0,0
-589,-2432,1456,-2061,-699,-1221,0,0
-561,-2365,1391,-2194,-456,-716,0,0
-537,-2207,1296,-2490,-133,-384,0,0
-503,-2011,1164,-2725,89,38,0,0
-512,-1797,1011,-2983,338,282,0,0
-553,-1649,864,-3210,540,520,0,0
-550,-1432,723,-3336,548,702,0,0
-485,-1243,639,-3365,765,932,0,0
-458,-1166,519,-3524,937,1324,0,0
-422,-945,385,-3527,1057,1581,0,0
-369,-712,239,-3655,1066,1760,0,0
-280,-482,149,-3777,1010,1829,0,0
-163,-226,77,-3784,1042,1850,0,0
-76,-6,-7,-3798,1115,1841,0,0
-27,212,-122,-3796,1112,1886,0,0
-10,504,-249,-3693,1087,1890,0,0
-23,797,-408,-3610,1021,1806,0,0
-24,1123,-557,-3370,838,1674,0,0
38,1487,-731,-3165,699,1392,0,0
171,1907,-911,-2958,439,1129,0,0
319,2339,-1031,-2661,189,560,0,0
456,2609,-1153,-2645,-102,-141,0,0
565,2834,-1215,-2183,-386,-749,0,0
507,2664,-1140,-1825,-702,-1257,0,0
458,2457,-1054,-2028,-1042,-1765,0,0
479,2489,-993,-2080,-1247,-2336,0,0
496,2492,-971,-2026,-1475,-2931,0,0
417,2400,-886,-1659,-1584,-3271,0,0
278,2227,-798,-1402,-1638,-3416,0,0
258,2183,-709,-1077,-1580,-3414,0,0
366,2271,-748,-529,-1690,-3494,0,0
498,2357,-873,-117,-1866,-3762,0,0
556,2309,-989,67,-2143,-4175,0,0
547,2072,-988,428,-2564,-4450,0,0
459,1655,-859,462,-2717,-4592,0,0
369,1338,-644,564,-3002,-4607,0,0
333,1110,-398,817,-3068,-4615,0,0
376,1026,-241,1117,-3052,-4661,0,0
424,978,-167,1474,-3288,-4886,0,0
421,788,-142,1530,-3480,-5175,0,0
338,596,-95,1381,-3673,-5676,0,0
162,246,-15,1408,-3915,-5924,0,0
-96,-312,199,1487,-3962,-5858,0,0
-289,-859,491,1403,-3727,-5598,0,0
-309,-1237,689,1402,-3560,-5252,0,0
-276,-1565,805,1184,-3340,-5029,0,0
-261,-1823,873,784,-3263,-4901,0,0
-307,-1991,965,505,-3113,-4630,0,0
-396,-2149,1098,266,-2894,-4280,0,0
-513,-2343,1222,-91,-2538,-4041,0,0
-546,-2581,1283,-477,-2276,-3572,0,0
-507,-2662,1360,-669,-2133,-3103,0,0
-491,-2663,1438,-1008,-1767,-2760,0,0
-520,-2740,1487,-1349,-1412,-2261,0,0
-555,-2753,1486,-1667,-1044,-1687,0,0
-606,-2628,1470,-1787,-735,-1197,0,0
-610,-2481,1363,-2227,-402,-921,0,0
-583,-2329,1225,-2268,-197,-443,0,0
-646,-2247,1150,-2572,118,-37,0,0
-620,-2074,1018,-2916,302,345,0,0
-530,-1815,834,-3104,418,683,0,0
-472,-1571,709,-3223,560,875,0,0
-438,-1418,601,-3405,646,1150,0,0
-397,-1180,517,-3529,788,1424,0,0
-347,-950,446,-3651,903,1550,0,0
-284,-747,347,-3868,933,1711,0,0
-194,-517,271,-3830,998,1790,0,0
-112,-350,207,-3831,1065,1918,0,0
-23,-117,113,-3794,1129,1936,0,0
47,126,-49,-3757,1127,1901,0,0
86,377,-226,-3694,1089,1806,0,0
61,621,-371,-3635,992,1745,0,0
12,881,-478,-3586,939,1684,0,0
-45,1158,-609,-3484,790,1644,0,0
-65,1550,-753,-3289,679,1435,0,0
-3,1970,-899,-3125,449,1155,0,0
154,2504,-1056,-2744,201,737,0,0
318,2902,-1129,-2156,3,-58,0,0
468,2861,-1086,-1812,-524,-805,0,0
646,2695,-1039,-1840,-804,-1436,0,0
726,2606,-977,-1963,-1036,-1978,0,0
681,2570,-992,-1916,-1211,-2532,0,0
496,2511,-972,-1667,-1325,-2872,0,0
291,2407,-1000,-1477,-1636,-3201,0,0
216,2364,-914,-1186,-1825,-3452,0,0
257,2302,-821,-1048,-1899,-3798,0,0
336,2242,-717,-577,-1948,-3843,0,0
398,2177,-685,-321,-1884,-3933,0,0
492,2245,-722,160,-2019,-4059,0,0
537,2229,-797,619,-2171,-4325,0,0
579,2107,-836,996,-2445,-4508,0,0
564,1804,-796,1243,-2710,-4629,0,0
476,1456,-684,1287,-2882,-4767,0,0
406,1167,-541,1552,-3097,-4855,0,0
373,855,-371,1841,-3476,-4968,0,0
385,596,-182,1978,-3572,-5212,0,0
391,328,-59,1985,-3693,-5459,0,0
307,3,37,1991,-3874,-5606,0,0
101,-429,207,1944,-3884,-5578,0,0
-119,-887,437,1939,-3836,-5451,0,0
-253,-1342,671,1721,-3685,-5239,0,0
-281,-1700,877,1424,-3555,-4962,0,0
-279,-1920,1034,1196,-3429,-4767,0,0
-302,-2146,1194,1002,-3267,-4490,0,0
-364,-2343,1370,450,-2837,-4231,0,0
-425,-2456,1451,129,-2590,-3864,0,0
-546,-2592,1494,-234,-2294,-3416,0,0
-649,-2643,1536,-562,-2022,-3073,0,0
-715,-2775,1573,-665,-1659,-2607,0,0
-816,-2948,1567,-1149,-1257,-2007,0,0
-834,-2857,1543,-1515,-857,-1528,0,0
-786,-2748,1486,-1745,-569,-997,0,0
-718,-2588,1386,-2208,-196,-553,0,0
-612,-2313,1254,-2393,56,-211,0,0
-558,-2114,1090,-2705,346,138,0,0
-561,-1906,912,-2925,478,451,0,0
-596,-1736,748,-3145,661,726,0,0
-623,-1575,585,-3404,705,995,0,0
-586,-1325,452,-3632,717,1221,0,0
-497,-1056,358,-3802,699,1444,0,0
-297,-751,286,-3872,784,1525,0,0
-49,-463,200,-3835,961,1660,0,0
69,-241,114,-3900,1038,1667,0,0
61,-82,9,-3868,1050,1629,0,0
-4,112,-119,-3826,1045,1625,0,0
-46,358,-274,-3784,990,1684,0,0
-57,675,-434,-3678,922,1649,0,0
-32,984,-582,-3490,758,1576,0,0
37,1328,-723,-3272,562,1431,0,0
167,1706,-860,-2952,281,1122,0,0
337,2095,-965,-2736,-13,712,0,0
505,2516,-959,-2359,-284,100,0,0
594,2704,-944,-1946,-478,-527,0,0
601,2770,-964,-1820,-551,-1062,0,0
600,2817,-1065,-1702,-713,-1628,0,0
636,2858,-1175,-1389,-1069,-2124,0,0
598,2753,-1187,-1177,-1446,-2605,0,0
609,2725,-1190,-1174,-1720,-3288,0,0
635,2690,-1138,-850,-1998,-3559,0,0
587,2578,-1109,-540,-2213,-3837,0,0
580,2581,-1064,-220,-2364,-4052,0,0
619,2622,-1132,12,-2483,-4257,0,0
639,2599,-1182,592,-2839,-4473,0,0
530,2290,-1097,1146,-3096,-4655,0,0
315,1803,-858,1264,-3128,-4746,0,0
118,1320,-619,1364,-3174,-4640,0,0
71,1076,-420,1690,-3169,-4535,0,0
160,919,-270,2126,-3216,-4683,0,0
271,608,-182,2182,-3343,-5007,0,0
338,319,-113,2048,-3644,-5317,0,0
289,151,18,2007,-3782,-5587,0,0
147,-240,182,1903,-3821,-5659,0,0
-41,-730,399,2042,-3924,-5443,0,0
-232,-1221,653,1875,-3707,-5211,0,0
-290,-1561,835,1733,-3598,-4931,0,0
-314,-1824,947,1436,-3416,-4708,0,0
-352,-2003,1049,1129,-3290,-4504,0,0
-426,-2195,1195,806,-3087,-4263,0,0
-534,-2401,1292,303,-2629,-3952,0,0
-607,-2524,1328,6,-2413,-3550,0,0
-729,-2635,1393,-317,-2155,-3219,0,0
-819,-2779,1462,-596,-1819,-2761,0,0
-835,-2896,1477,-1055,-1339,-2227,0,0
-777,-2869,1487,-1340,-1073,-1725,0,0
-710,-2807,1418,-1756,-751,-1309,0,0
-626,-2618,1340,-2015,-468,-891,0,0
-607,-2441,1239,-2329,-211,-606,0,0
-645,-2316,1095,-2697,-8,-270,0,0
-649,-2081,958,-2864,196,47,0,0
-671,-1936,851,-2986,390,310,0,0
-651,-1851,741,-3186,476,747,0,0
-584,-1661,639,-3317,594,1086,0,0
-493,-1451,544,-3526,658,1355,0,0
-311,-1194,429,-3702,844,1664,0,0
-116,-879,331,-3757,919,1782,0,0
17,-626,252,-3812,914,1856,0,0
53,-385,202,-3866,1019,1957,0,0
-6,-101,112,-3899,1122,1965,0,0
-77,195,-49,-3801,1120,1905,0,0
-121,508,-240,-3675,1063,1880,0,0
-136,828,-410,-3572,1004,1809,0,0
-148,1111,-550,-3383,877,1744,0,0
-125,1390,-679,-3152,734,1654,0,0
-55,1706,-765,-2833,440,1376,0,0
100,2004,-858,-2696,256,953,0,0
324,2399,-968,-2633,7,351,0,0
532,2703,-1018,-2168,-322,-192,0,0
654,2842,-1052,-1856,-589,-827,0,0
718,2924,-1051,-1685,-832,-1429,0,0
728,2921,-1074,-1714,-1110,-2121,0,0
702,2938,-1108,-1501,-1386,-2764,0,0
595,2821,-1097,-1309,-1575,-3084,0,0
504,2766,-1052,-942,-1806,-3315,0,0
488,2775,-978,-491,-1963,-3442,0,0
599,2926,-955,-196,-2144,-3829,0,0
813,3074,-996,325,-2350,-4473,0,0
925,2859,-1036,672,-2711,-4877,0,0
752,2380,-946,915,-3008,-5052,0,0
335,1703,-768,1006,-2894,-4921,0,0
2,1222,-602,1205,-2946,-4543,0,0
-83,1022,-425,1532,-2807,-4200,0,0
9,957,-318,1953,-2861,-4076,0,0
172,937,-256,2282,-2869,-4275,0,0
325,875,-230,2463,-3023,-4703,0,0
398,687,-227,2442,-3387,-5238,0,0
333,342,-145,2413,-3641,-5657,0,0
93,-261,72,2372,-3725,-5688,0,0
-126,-868,348,2323,-3658,-5445,0,0
-218,-1381,565,2222,-3517,-5101,0,0
-227,-1735,711,1975,-3429,-4817,0,0
-227,-1933,835,1538,-3360,-4673,0,0
-230,-1969,966,1124,-3348,-4655,0,0
-271,-2022,1152,1004,-3171,-4530,0,0
-411,-2279,1297,683,-2842,-4221,0,0
-558,-2473,1379,341,-2532,-3846,0,0
-705,-2715,1424,65,-2298,-3371,0,0
-840,-2923,1485,-347,-1869,-2858,0,0
-893,-3029,1531,-706,-1534,-2392,0,0
-879,-3116,1524,-1121,-1137,-1913,0,0
-848,-3056,1508,-1395,-804,-1366,0,0
-831,-2903,1443,-1880,-387,-999,0,0
-788,-2714,1309,-2095,-195,-561,0,0
-780,-2489,1146,-2544,132,-150,0,0
-766,-2180,895,-2799,293,273,0,0
-739,-1834,698,-2958,342,492,0,0
-708,-1647,587,-3266,370,732,0,0
-675,-1501,503,-3601,474,1006,0,0
-573,-1229,490,-3663,521,1114,0,0
-432,-1007,461,-3815,626,1352,0,0
-310,-764,385,-3883,802,1454,0,0
-236,-558,286,-3686,887,1592,0,0
-218,-395,219,-3781,986,1673,0,0
-196,-244,126,-3960,985,1734,0,0
-133,-4,18,-3899,968,1683,0,0
-65,184,-65,-3787,918,1604,0,0
-5,343,-146,-3714,913,1660,0,0
16,557,-230,-3618,933,1667,0,0
16,797,-366,-3651,910,1739,0,0
41,1143,-490,-3548,763,1591,0,0
125,1450,-632,-3312,604,1292,0,0
296,1807,-739,-2906,358,963,0,0
481,2120,-827,-2503,155,619,0,0
666,2445,-944,-2302,-13,-28,0,0
843,2701,-1006,-2092,-311,-723,0,0
900,2780,-1101,-2101,-641,-1341,0,0
831,2836,-1137,-2011,-952,-2082,0,0
687,2797,-1147,-2031,-1219,-2679,0,0
493,2723,-1089,-1703,-1457,-3020,0,0
332,2601,-1018,-1553,-1613,-3402,0,0
302,2499,-919,-1309,-1739,-3597,0,0
336,2344,-807,-1061,-1776,-3676,0,0
400,2315,-763,-636,-1874,-3725,0,0
482,2419,-786,-321,-1857,-3819,0,0
530,2514,-904,344,-2092,-3922,0,0
476,2354,-944,988,-2366,-4173,0,0
398,1939,-853,954,-2544,-4371,0,0
400,1627,-688,993,-2749,-4440,0,0
498,1409,-523,1206,-2936,-4441,0,0
582,1309,-351,1694,-3054,-4555,0,0
540,1125,-149,2237,-3242,-4676,0,0
429,763,20,2498,-3487,-4932,0,0
384,501,84,2469,-3619,-5211,0,0
314,198,118,2448,-3867,-5441,0,0
129,-282,241,2377,-3986,-5559,0,0
-100,-826,453,2144,-3858,-5429,0,0
-266,-1318,673,1904,-3799,-5132,0,0
-342,-1719,871,1697,-3567,-4794,0,0
-310,-1935,1013,1370,-3267,-4562,0,0
-161,-2066,1100,1071,-3169,-4307,0,0
-7,-2156,1223,763,-3295,-4089,0,0
-107,-2332,1424,305,-3000,-3930,0,0
-358,-2542,1615,-80,-2684,-3530,0,0
-546,-2656,1729,-356,-2437,-3124,0,0
-661,-2736,1790,-578,-2125,-2755,0,0
-765,-2829,1805,-823,-1694,-2237,0,0
-867,-2866,1769,-1180,-1250,-1701,0,0
-926,-2828,1695,-1482,-883,-1221,0,0
-946,-2717,1596,-1911,-491,-771,0,0
-901,-2467,1456,-2280,-199,-380,0,0
-834,-2180,1262,-2647,119,-5,0,0
-807,-1878,1079,-2845,344,236,0,0
-842,-1729,925,-2953,528,446,0,0
-871,-1613,780,-3192,667,802,0,0
-873,-1446,624,-3420,855,1156,0,0
-871,-1260,484,-3693,893,1329,0,0
-763,-994,337,-3778,927,1613,0,0
-586,-673,197,-3798,942,1770,0,0
-366,-397,103,-3792,941,1739,0,0
-166,-245,24,-3850,953,1757,0,0
-25,-45,-63,-3903,928,1725,0,0
34,124,-147,-3919,919,1776,0,0
33,337,-214,-3831,919,1737,0,0
26,564,-327,-3738,903,1743,0,0
37,846,-455,-3595,798,1713,0,0
53,1155,-572,-3501,668,1612,0,0
80,1487,-720,-3365,527,1442,0,0
149,1848,-856,-3007,326,1196,0,0
281,2180,-948,-2685,9,846,0,0
507,2519,-997,-2279,-209,394,0,0
738,2751,-1085,-1888,-506,-229,0,0
913,2944,-1161,-1531,-847,-836,0,0
933,2972,-1093,-1320,-1108,-1614,0,0
858,2824,-1096,-1453,-1274,-2274,0,0
724,2812,-1145,-1193,-1676,-2647,0,0
650,2897,-1173,-877,-1899,-3237,0,0
626,2833,-1147,-358,-2151,-3519,0,0
648,2719,-1160,-347,-2424,-3981,0,0
785,2671,-1136,75,-2667,-4332,0,0
831,2433,-1110,537,-3010,-4435,0,0
799,2144,-977,738,-3022,-4475,0,0
701,1894,-831,1089,-3318,-4539,0,0
523,1539,-715,1294,-3342,-4419,0,0
400,1361,-603,1656,-3438,-4372,0,0
251,1117,-497,1827,-3496,-4454,0,0
175,880,-432,1853,-3694,-4507,0,0
108,701,-305,1917,-3788,-4835,0,0
-27,358,-165,1926,-3965,-4943,0,0
-85,73,14,1978,-4039,-5085,0,0
-91,-279,203,2086,-4081,-5187,0,0
-130,-733,436,2027,-4040,-5157,0,0
-200,-1195,651,1836,-3962,-5040,0,0
-277,-1583,841,1697,-3799,-4864,0,0
-336,-1920,994,1474,-3692,-4623,0,0
-369,-2151,1095,1124,-3521,-4406,0,0
-434,-2303,1183,677,-3312,-4215,0,0
-528,-2462,1272,413,-3091,-3908,0,0
-622,-2622,1360,-132,-2765,-3600,0,0
-714,-2721,1425,-395,-2413,-3098,0,0
-854,-2860,1536,-584,-2018,-2588,0,0
-907,-2930,1590,-954,-1614,-2104,0,0
-865,-2873,1609,-1286,-1131,-1622,0,0
-801,-2815,1630,-1766,-814,-1153,0,0
-664,-2623,1488,-2082,-507,-678,0,0
-538,-2295,1301,-2213,-245,-409,0,0
-546,-2148,1144,-2590,14,-95,0,0
-633,-2004,1012,-2914,179,196,0,0
-660,-1768,877,-3165,354,507,0,0
-633,-1498,733,-3307,459,694,0,0
-638,-1340,591,-3471,631,930,0,0
-657,-1155,465,-3551,824,1134,0,0
-659,-987,335,-3594,846,1415,0,0
-575,-826,213,-3681,844,1639,0,0
-387,-613,111,-3791,792,1869,0,0
205,279,-97,-3897,888,1750,0,0
224,509,-226,-3810,870,1652,0,0
129,716,-350,-3785,846,1594,0,0
37,954,-462,-3741,741,1477,0,0
-13,1181,-563,-3622,621,1389,0,0
-10,1400,-653,-3385,495,1229,0,0
60,1643,-739,-2997,288,1071,0,0
195,1940,-841,-2568,100,856,0,0
387,2271,-963,-2214,-122,472,0,0
611,2555,-1026,-1858,-563,-165,0,0
792,2791,-1084,-1840,-962,-1055,0,0
899,3003,-1067,-1722,-995,-2041,0,0
785,2795,-1065,-1552,-1281,-2577,0,0
550,2625,-1109,-1461,-1505,-2951,0,0
366,2571,-1083,-1130,-1760,-3244,0,0
312,2424,-1033,-849,-1987,-3472,0,0
392,2360,-980,-616,-2083,-3665,0,0
541,2337,-985,-306,-2269,-3897,0,0
671,2305,-1043,-8,-2479,-4188,0,0
686,2197,-1040,441,-2665,-4344,0,0
552,1919,-960,778,-2782,-4319,0,0
423,1711,-840,1032,-2989,-4309,0,0
393,1563,-701,1413,-3193,-4469,0,0
424,1298,-590,1560,-3350,-4594,0,0
512,1192,-488,1749,-3594,-4795,0,0
542,1018,-416,1895,-4042,-5199,0,0
425,677,-289,1919,-4272,-5600,0,0
225,212,-68,1970,-4427,-5801,0,0
-11,-324,195,1967,-4380,-5697,0,0
-195,-857,489,1943,-4279,-5462,0,0
-300,-1371,742,1773,-4024,-5082,0,0
-340,-1682,930,1455,-3791,-4764,0,0
-392,-1886,1014,984,-3677,-4436,0,0
-497,-2094,1154,771,-3475,-4240,0,0
-646,-2448,1368,312,-3015,-3789,0,0
-651,-2361,1480,144,-2586,-3617,0,0
-577,-2329,1451,-74,-2360,-3473,0,0
-554,-2437,1434,-502,-2006,-3175,0,0
-589,-2576,1398,-924,-1845,-2832,0,0
-645,-2674,1379,-1231,-1594,-2493,0,0
-737,-2789,1417,-1544,-1239,-2023,0,0
-746,-2780,1431,-1854,-985,-1568,0,0
-705,-2652,1405,-1952,-728,-1136,0,0
-698,-2508,1340,-2188,-375,-668,0,0
-717,-2358,1280,-2483,-62,-251,0,0
-671,-2167,1125,-2812,133,101,0,0
-559,-1885,965,-2978,359,530,0,0
-475,-1660,809,-3242,597,894,0,0
-430,-1423,644,-3427,699,1147,0,0
-381,-1148,479,-3510,784,1341,0,0
-354,-888,358,-3546,804,1466,0,0
-338,-730,272,-3702,872,1615,0,0
-288,-528,180,-3843,876,1714,0,0
-195,-306,105,-3843,810,1745,0,0
-76,-107,41,-3882,863,1747,0,0
-6,76,-35,-3819,850,1821,0,0
10,288,-80,-3840,909,1854,0,0
21,540,-169,-3807,903,1828,0,0
56,1151,-480,-3516,777,1648,0,0
82,1460,-619,-3288,581,1484,0,0
173,1833,-737,-2877,437,1228,0,0
334,2218,-870,-2560,255,832,0,0
534,2573,-973,-2131,-72,193,0,0
701,2714,-998,-1773,-559,-588,0,0
756,2806,-945,-1958,-769,-1494,0,0
646,2707,-899,-2311,-684,-2134,0,0
495,2599,-988,-1996,-926,-2465,0,0
367,2619,-1017,-1570,-1300,-2755,0,0
333,2538,-951,-1457,-1492,-3110,0,0
458,2529,-897,-1199,-1592,-3388,0,0
624,2571,-896,-735,-1831,-3566,0,0
756,2603,-875,-278,-2016,-3816,0,0
859,2717,-821,196,-2144,-4114,0,0
891,2720,-815,517,-2383,-4263,0,0
876,2560,-868,927,-2674,-4356,0,0
769,2162,-834,1292,-2678,-4535,0,0
649,1629,-708,1400,-3105,-4341,0,0
523,1379,-524,1599,-3176,-4287,0,0
357,1243,-355,2061,-3257,-4589,0,0
215,886,-232,2240,-3556,-4876,0,0
259,607,-145,2389,-3812,-5060,0,0
344,431,-87,2522,-3985,-5509,0,0
211,-49,-6,2407,-4119,-5681,0,0
-81,-571,207,2302,-4153,-5589,0,0
-392,-1104,481,2261,-4015,-5267,0,0
-581,-1623,734,2138,-3717,-4899,0,0
-629,-2035,873,1695,-3370,-4556,0,0
-577,-2129,927,1449,-3241,-4318,0,0
-565,-2252,1014,1085,-3001,-4070,0,0
-553,-2390,1098,480,-2731,-3917,0,0
-601,-2561,1175,-1,-2412,-3654,0,0
-655,-2679,1265,-209,-2182,-3233,0,0
-704,-2772,1330,-565,-1842,-2813,0,0
-723,-2742,1332,-902,-1537,-2477,0,0
-731,-2681,1354,-1296,-1222,-2217,0,0
-687,-2654,1321,-1679,-1119,-1892,0,0
-647,-2595,1317,-1663,-769,-1424,0,0
-689,-2625,1313,-2143,-330,-948,0,0
-700,-2450,1168,-2518,-64,-503,0,0
-677,-2122,1007,-2745,85,-138,0,0
-674,-1757,851,-2960,293,72,0,0
-694,-1577,657,-3288,576,158,0,0
-707,-1500,426,-3442,506,521,0,0
-682,-1305,330,-3645,413,702,0,0
-568,-1087,270,-3854,369,946,0,0
-348,-729,266,-3976,559,1159,0,0
-183,-472,284,-4048,718,1179,0,0
-128,-349,217,-3867,883,1351,0,0
-145,-233,119,-3738,911,1387,0,0
-159,-91,-3,-3729,852,1489,0,0
-118,71,-89,-3877,866,1546,0,0
-20,340,-184,-3932,831,1546,0,0
70,650,-284,-3803,769,1507,0,0
126,934,-402,-3633,709,1447,0,0
163,1252,-519,-3387,552,1281,0,0
227,1590,-660,-3136,347,1022,0,0
358,2010,-815,-2838,148,677,0,0
527,2402,-932,-2487,-113,168,0,0
713,2675,-1022,-2257,-490,-485,0,0
826,2789,-1045,-1921,-721,-1297,0,0
804,2663,-1051,-1955,-909,-1920,0,0
679,2566,-1000,-1653,-1116,-2457,0,0
517,2414,-1031,-1851,-1295,-2798,0,0
431,2495,-1037,-1603,-1455,-2990,0,0
343,2459,-992,-1094,-1605,-3228,0,0
374,2395,-933,-778,-1726,-3287,0,0
572,2477,-924,-518,-1808,-3465,0,0
886,2641,-992,72,-2110,-3678,0,0
1075,2687,-1052,744,-2619,-4078,0,0
988,2389,-1014,1093,-2849,-4379,0,0
741,1979,-874,1311,-3082,-4552,0,0
491,1571,-721,1506,-3221,-4562,0,0
390,1366,-581,1798,-3508,-4637,0,0
387,1179,-480,2132,-3574,-4880,0,0
352,894,-399,2339,-3829,-5056,0,0
250,555,-271,2381,-4084,-5272,0,0
102,162,-122,2285,-4201,-5473,0,0
-62,-271,117,2349,-4240,-5496,0,0
-221,-837,427,2100,-4127,-5340,0,0
-282,-1320,708,1966,-3962,-5041,0,0
-310,-1671,913,1695,-3676,-4805,0,0
-353,-1905,1068,1558,-3502,-4570,0,0
-448,-2148,1200,1302,-3320,-4302,0,0
-525,-2415,1331,643,-3001,-4082,0,0
-533,-2528,1399,229,-2754,-3843,0,0
-563,-2689,1454,-52,-2436,-3450,0,0
-600,-2781,1512,-419,-2182,-3073,0,0
-653,-2789,1562,-776,-1853,-2729,0,0
-706,-2886,1546,-1101,-1510,-2283,0,0
-783,-2923,1566,-1254,-1165,-1706,0,0
-832,-2862,1556,-1799,-760,-1256,0,0
-747,-2684,1409,-2151,-516,-822,0,0
-616,-2521,1329,-2247,-284,-292,0,0
-518,-2283,1331,-2668,108,11,0,0
-470,-1999,1192,-3099,426,264,0,0
-475,-1755,952,-3101,563,587,0,0
-537,-1541,766,-3293,723,826,0,0
-610,-1328,564,-3332,736,1077,0,0
-663,-1174,433,-3444,786,1298,0,0
-613,-1018,334,-3603,835,1654,0,0
-489,-758,253,-3851,955,1893,0,0
-308,-426,144,-3905,957,1909,0,0
-75,-152,21,-3759,889,1900,0,0
107,116,-82,-3659,945,1939,0,0
174,378,-169,-3644,923,1850,0,0
173,1001,-468,-3553,868,1631,0,0
158,1395,-658,-3379,748,1510,0,0
187,1838,-839,-3008,576,1249,0,0
256,2181,-1002,-2717,306,919,0,0
409,2547,-1110,-2497,12,383,0,0
607,2857,-1198,-2127,-447,-309,0,0
703,2964,-1258,-1811,-687,-1101,0,0
636,2938,-1220,-1665,-928,-1593,0,0
420,2920,-1209,-1614,-1176,-2202,0,0
169,2976,-1191,-1355,-1321,-2700,0,0
-7,2821,-1119,-997,-1544,-3142,0,0
45,2664,-990,-762,-1740,-3462,0,0
264,2596,-834,-510,-1825,-3720,0,0
548,2532,-768,-152,-2039,-4016,0,0
814,2490,-723,268,-2172,-4326,0,0
950,2353,-704,686,-2492,-4672,0,0
849,1901,-710,713,-2587,-4787,0,0
621,1478,-619,767,-2817,-4610,0,0
436,1238,-496,1032,-2893,-4433,0,0
372,1187,-417,1423,-3011,-4399,0,0
368,1096,-302,1818,-3148,-4548,0,0
407,945,-260,1921,-3389,-4780,0,0
445,889,-233,2069,-3650,-5220,0,0
358,580,-195,2069,-3857,-5619,0,0
147,82,-67,2014,-4086,-5805,0,0
-108,-529,202,1904,-4084,-5831,0,0
-305,-1140,487,1817,-4040,-5420,0,0
-381,-1548,757,1805,-3576,-4979,0,0
-352,-1853,902,1585,-3315,-4721,0,0
-287,-2083,984,1302,-3127,-4405,0,0
-244,-2257,1055,849,-2811,-4079,0,0
-255,-2363,1039,499,-2571,-3757,0,0
-315,-2578,1046,153,-2647,-3516,0,0
-390,-2699,1168,-509,-2423,-3316,0,0
-423,-2629,1326,-758,-2239,-3106,0,0
-419,-2688,1416,-1156,-2051,-2759,0,0
-487,-2718,1501,-1435,-1644,-2278,0,0
-600,-2741,1539,-1628,-1278,-1784,0,0
-631,-2769,1496,-1848,-880,-1349,0,0
-587,-2756,1429,-2053,-424,-785,0,0
-523,-2594,1307,-2417,-207,-416,0,0
-380,-2388,1197,-2963,-322,18,0,0
-195,-1978,1090,-3200,-55,305,0,0
-140,-1655,1064,-3187,234,632,0,0
-172,-1359,995,-3162,536,1024,0,0
-204,-1100,883,-3758,584,1059,0,0
-119,-880,661,-4039,613,1215,0,0
-30,-482,530,-3719,870,1258,0,0
-79,-367,384,-3554,1013,1279,0,0
-137,-261,267,-3489,1011,1532,0,0
-164,-43,206,-3659,1187,1615,0,0
-166,164,75,-3592,1303,1535,0,0
-117,233,-90,-3550,1191,1419,0,0
-48,307,-212,-3896,879,1465,0,0
15,557,-287,-3829,826,1310,0,0
65,807,-375,-3760,942,1213,0,0
100,1031,-542,-3592,817,1131,0,0
151,1376,-688,-3119,766,985,0,0
122,1656,-828,-2917,718,832,0,0
104,2034,-1052,-2586,493,499,0,0
81,2310,-1296,-2052,73,127,0,0
22,2526,-1329,-2100,-325,-517,0,0
124,2786,-1300,-2081,-608,-1131,0,0
300,2953,-1327,-1689,-936,-1811,0,0
397,2831,-1318,-1763,-1249,-2722,0,0
364,2711,-1182,-1374,-1535,-2920,0,0
243,2659,-996,-1167,-1686,-3286,0,0
279,2619,-877,-871,-1682,-3582,0,0
390,2574,-856,-599,-1912,-3957,0,0
573,2589,-866,-289,-2130,-4564,0,0
635,2361,-824,238,-2232,-4777,0,0
510,1884,-753,470,-2377,-4537,0,0
390,1690,-677,782,-2440,-4351,0,0
333,1562,-635,1003,-2429,-4272,0,0
353,1453,-609,1375,-2663,-4350,0,0
428,1383,-506,1712,-2942,-4710,0,0
512,1188,-376,1879,-3261,-5212,0,0
545,913,-256,1807,-3558,-5743,0,0
481,481,-101,1924,-3896,-6044,0,0
286,-83,97,1978,-3946,-5979,0,0
-15,-574,298,2049,-3760,-5781,0,0
-265,-1084,474,1992,-3707,-5438,0,0
-390,-1481,644,1793,-3492,-5195,0,0
-447,-1884,781,1397,-3275,-4977,0,0
-416,-2152,871,1023,-3032,-4638,0,0
-388,-2285,1011,885,-2881,-4351,0,0
-432,-2566,1112,277,-2507,-4044,0,0
-422,-2631,1156,-4,-2394,-3698,0,0
-430,-2771,1230,-347,-2185,-3425,0,0
-448,-2912,1294,-888,-1928,-3077,0,0
-416,-2850,1386,-1039,-1773,-2675,0,0
-416,-2886,1469,-1480,-1375,-2157,0,0
-415,-2768,1487,-1644,-1028,-1640,0,0
-415,-2643,1438,-1904,-688,-1244,0,0
-418,-2523,1331,-2343,-459,-800,0,0
-409,-2304,1282,-2558,-232,-469,0,0
-401,-2122,1264,-2795,11,-83,0,0
-408,-1954,1169,-2916,307,267,0,0
-467,-1778,1026,-2892,572,706,0,0
-520,-1592,840,-3007,808,1074,0,0
-543,-1401,662,-3329,857,1413,0,0
-494,-1114,463,-3618,846,1634,0,0
-264,-672,265,-3710,932,1835,0,0
-53,-334,204,-3673,987,1911,0,0
48,-217,183,-3712,1008,1753,0,0
72,-87,112,-3668,1119,1747,0,0
14,18,-13,-3737,1090,1878,0,0
689,2782,-1112,-2011,-815,-1372,0,0
585,2658,-1072,-1825,-982,-1906,0,0
412,2482,-1072,-1987,-1252,-2369,0,0
348,2493,-1065,-1881,-1482,-2771,0,0
331,2450,-987,-1496,-1690,-3026,0,0
386,2420,-908,-1208,-1690,-3267,0,0
510,2497,-901,-900,-1850,-3551,0,0
677,2500,-866,-462,-2051,-3713,0,0
931,2554,-847,-69,-2258,-4017,0,0
1074,2482,-862,393,-2613,-4222,0,0
1024,2159,-887,939,-2903,-4349,0,0
874,1791,-832,1088,-3128,-4386,0,0
702,1479,-766,1182,-3350,-4425,0,0
580,1248,-668,1432,-3728,-4614,0,0
485,1039,-529,1624,-4058,-4963,0,0
424,786,-360,1778,-4370,-5364,0,0
307,419,-168,1867,-4668,-5692,0,0
74,-117,75,1771,-4795,-5820,0,0
-184,-610,398,1820,-4845,-5697,0,0
-371,-1106,721,1788,-4432,-5355,0,0
-479,-1526,964,1532,-4072,-5000,0,0
-527,-1808,1116,1267,-3787,-4745,0,0
-540,-2071,1238,1070,-3545,-4467,0,0
-520,-2328,1366,592,-3221,-4012,0,0
-463,-2427,1524,226,-2842,-3506,0,0
-477,-2450,1596,-355,-2334,-3249,0,0
-544,-2460,1599,-392,-2147,-3015,0,0
-667,-2763,1614,-621,-1924,-2501,0,0
-819,-2952,1627,-1304,-1624,-2062,0,0
-987,-2836,1631,-1508,-1282,-1719,0,0
-1162,-2847,1588,-1751,-806,-1149,0,0
-1142,-2645,1500,-2080,-525,-727,0,0
-985,-2359,1410,-2386,-216,-337,0,0
-850,-2141,1266,-2699,134,37,0,0
-744,-1931,1099,-2925,431,364,0,0
-703,-1707,901,-3095,526,644,0,0
-747,-1532,747,-3171,735,843,0,0
-801,-1466,619,-3407,782,1207,0,0
-753,-1187,489,-3502,795,1497,0,0
-661,-889,381,-3594,908,1714,0,0
-544,-609,273,-3606,993,1944,0,0
-437,-415,192,-3785,1057,1958,0,0
-274,-204,75,-3839,1036,2011,0,0
-76,80,-32,-3738,996,1977,0,0
65,297,-130,-3773,1027,1975,0,0
130,554,-242,-3745,1012,1900,0,0
145,792,-369,-3615,928,1799,0,0
167,1068,-499,-3515,847,1706,0,0
207,1405,-606,-3243,655,1521,0,0
293,1692,-2776,-3016,507,1258,0,0
451,2050,-869,-2781,250,944,0,0
679,2458,-1002,-2484,-71,316,0,0
902,2717,-1095,-2283,-375,-349,0,0
977,2798,-1145,-2220,-737,-1208,0,0
895,2723,-1146,-2165,-930,-1781,0,0
618,2582,-1123,-2078,-1171,-2169,0,0
371,2567,-1097,-1874,-1274,-2621,0,0
250,2496,-1006,-1495,-1493,-2748,0,0
272,2447,-891,-1327,-1568,-3155,0,0
457,2399,-799,-821,-1604,-3235,0,0
666,2323,-814,-433,-1682,-3341,0,0
926,2399,-937,-274,-1865,-3536,0,0
1149,2598,-1092,443,-2442,-3847,0,0
1133,2330,-1221,953,-2634,-4138,0,0
967,2040,-1242,1075,-2918,-4360,0,0
743,1796,-1080,1367,-3431,-4517,0,0
495,1476,-875,1559,-3754,-4554,0,0
365,1327,-664,1959,-3901,-4805,0,0
331,978,-483,2199,-4216,-5088,0,0
306,625,-297,2232,-4375,-5350,0,0
236,296,-95,2268,-4449,-5568,0,0
57,-215,141,2233,-4531,-5475,0,0
-125,-744,466,2168,-4380,-5249,0,0
-262,-1277,778,1974,-4059,-4814,0,0
-296,-1673,1012,1692,-3706,-4389,0,0
-203,-1831,1174,1437,-3587,-4070,0,0
-124,-1884,1309,1037,-3523,-4001,0,0
-158,-2007,1421,646,-3341,-3932,0,0
-230,-2205,1511,300,-3132,-3796,0,0
-370,-2388,1611,-53,-2965,-3527,0,0
-489,-2528,1772,-221,-2677,-3213,0,0
-581,-2800,1802,-701,-2302,-2740,0,0
-630,-2797,1820,-1007,-2027,-2368,0,0
-692,-2810,1881,-1204,-1654,-2068,0,0
-721,-2889,1919,-1732,-1133,-1492,0,0
-665,-2715,1920,-1754,-743,-886,0,0
-647,-2588,1769,-2217,-178,-197,0,0
-628,-2234,1568,-2658,121,87,0,0
-636,-1935,1344,-2875,314,349,0,0
-669,-1721,1079,-3017,569,546,0,0
-707,-1552,885,-3206,652,809,0,0
-756,-1345,736,-3305,734,1072,0,0
-758,-1172,632,-3435,891,1345,0,0
-667,-918,508,-3553,971,1583,0,0
-524,-602,368,-3571,1014,1727,0,0
-434,-392,223,-3715,1065,1837,0,0
-385,-200,138,-3773,1074,1854,0,0
-333,-39,70,-3735,1074,1891,0,0
-262,134,-38,-3734,1077,1890,0,0
-152,549,-272,-3734,964,1800,0,0
-130,790,-363,-3673,880,1699,0,0
-128,1009,-453,-3558,819,1632,0,0
-124,1250,-522,-3436,725,1505,0,0
-55,1522,-632,-3206,604,1348,0,0
69,1846,-774,-2919,440,1141,0,0
291,2244,-901,-2634,170,826,0,0
603,2699,-1006,-2151,-243,235,0,0
783,2932,-1039,-1873,-612,-663,0,0
807,2826,-1018,-1886,-756,-1420,0,0
719,2663,-1049,-1877,-1016,-1841,0,0
619,2768,-1074,-1718,-1287,-2283,0,0
589,2877,-1104,-1278,-1444,-2582,0,0
668,2982,-1159,-637,-1644,-2903,0,0
745,2958,-1219,-365,-1894,-3346,0,0
775,2823,-1294,-7,-2083,-3755,0,0
829,2768,-1310,300,-2465,-4104,0,0
935,2852,-1250,749,-2869,-4342,0,0
953,2689,-1224,1227,-3105,-4585,0,0
869,2276,-1109,1495,-3380,-4630,0,0
720,1741,-882,1713,-3481,-4460,0,0
475,1226,-568,2189,-3557,-4335,0,0
185,784,-334,2319,-3490,-4383,0,0
96,676,-199,2590,-3710,-4469,0,0
179,577,-138,2671,-3941,-4927,0,0
211,311,-99,2500,-4232,-5340,0,0
96,-96,55,2304,-4385,-5536,0,0
-190,-610,311,2266,-4338,-5374,0,0
-469,-1152,618,2182,-4119,-5058,0,0
-548,-1584,885,2135,-3828,-4657,0,0
-509,-1872,1053,1819,-3605,-4467,0,0
-441,-2056,1181,1574,-3456,-4326,0,0
-483,-2294,1344,1306,-3187,-4217,0,0
-527,-2563,1452,772,-2947,-4074,0,0
-526,-2613,1497,262,-2709,-3879,0,0
-619,-2690,1548,59,-2417,-3588,0,0
-787,-2936,1603,-180,-2111,-3014,0,0
-900,-3043,1640,-742,-1642,-2549,0,0
-905,-3064,1644,-1008,-1338,-2023,0,0
-866,-3046,1636,-1427,-948,-1437,0,0
-815,-2861,1574,-1923,-539,-1011,0,0
-747,-2658,1478,-1997,-343,-569,0,0
-684,-2496,1389,-2411,-22,-69,0,0
-608,-2226,1189,-2789,310,346,0,0
-553,-1885,997,-2850,445,664,0,0
-577,-1706,809,-3108,611,928,0,0
-550,-1482,635,-3400,705,1226,0,0
-461,-1158,521,-3568,861,1413,0,0
-382,-922,422,-3605,960,1668,0,0
-279,-673,356,-3529,1074,1788,0,0
-162,-511,285,-3532,1133,1838,0,0
-76,-362,171,-3652,1195,1852,0,0
-30,-160,43,-3631,1213,1782,0,0
-10,8,-124,-3674,1153,1764,0,0
-11,200,-242,-3767,1074,1700,0,0
-10,381,-305,-3884,968,1633,0,0
51,574,-376,-3910,925,1543,0,0
133,796,-478,-3808,824,1417,0,0
183,991,-555,-3754,744,1230,0,0
226,1201,-637,-3717,672,1057,0,0
250,1396,-722,-3509,537,909,0,0
228,1531,-784,-3372,358,633,0,0
198,1630,-850,-3295,255,380,0,0
217,1804,-893,-3037,32,100,0,0
286,1959,-943,-2867,-213,-145,0,0
399,2169,-968,-2568,-408,-554,0,0
496,2272,-991,-2353,-680,-949,0,0
538,2375,-995,-2152,-884,-1364,0,0
513,2453,-1003,-1986,-1187,-1969,0,0
439,2417,-974,-1646,-1272,-2327,0,0
337,2374,-959,-1373,-1381,-2593,0,0
331,2442,-933,-1002,-1510,-2776,0,0
412,2547,-955,-456,-1658,-2905,0,0
576,2662,-1017,109,-1640,-3062,0,0
818,2842,-1126,667,-1983,-3397,0,0
1077,2939,-1285,1197,-2639,-3891,0,0
1194,2791,-1358,1700,-3205,-4348,0,0
1111,2452,-1316,1889,-3614,-4596,0,0
968,2118,-1162,2167,-3970,-4603,0,0
761,1744,-949,2428,-4222,-4581,0,0
616,1387,-766,2799,-4405,-4688,0,0
465,1022,-502,3166,-4764,-5065,0,0
228,423,-194,3072,-4760,-5138,0,0
40,-35,83,3034,-4815,-5093,0,0
-221,-556,401,2917,-4599,-4950,0,0
-449,-1162,744,2644,-4240,-4494,0,0
-553,-1532,995,2495,-3842,-4095,0,0
-578,-1774,1139,2243,-3596,-3991,0,0
-544,-1941,1234,1906,-3482,-3962,0,0
-494,-2003,1296,1705,-3419,-3871,0,0
-592,-2118,1397,1283,-3123,-3854,0,0
-718,-2331,1446,657,-2940,-3783,0,0
-800,-2553,1502,204,-2726,-3569,0,0
-891,-2771,1614,-63,-2388,-3278,0,0
-899,-2883,1687,-147,-2034,-2822,0,0
-940,-3057,1695,-738,-1428,-2333,0,0
-993,-3156,1686,-1228,-1172,-1857,0,0
-952,-3060,1645,-1593,-869,-1403,0,0
-826,-2845,1547,-1933,-491,-836,0,0
-736,-2564,1443,-2265,-184,-430,0,0
-703,-2310,1271,-2616,152,-90,0,0
-611,-2015,1057,-2925,399,357,0,0
-576,-1700,905,-3127,528,639,0,0
-635,-1506,789,-3324,778,773,0,0
-678,-1365,619,-3598,871,1024,0,0
-616,-1081,465,-3495,919,1278,0,0
-534,-885,339,-3578,964,1527,0,0
-420,-655,236,-3781,1034,1642,0,0
-240,-399,110,-3736,983,1683,0,0
-65,-200,31,-3804,1006,1688,0,0
29,-51,-23,-3921,1004,1692,0,0
84,139,-93,-3882,987,1675,0,0
92,355,-191,-3805,964,1653,0,0
96,571,-290,-3672,906,1582,0,0
126,792,-405,-3573,843,1538,0,0
176,1058,-541,-3431,753,1406,0,0
261,1367,-704,-3260,605,1182,0,0
359,1727,-873,-3030,403,888,0,0
443,2059,-1016,-2782,153,469,0,0
537,2352,-1136,-2479,-84,-26,0,0
623,2536,-1224,-2206,-352,-561,0,0
686,2620,-1285,-2135,-704,-1125,0,0
673,2703,-1283,-2018,-968,-1718,0,0
573,2697,-1277,-1867,-1258,-2328,0,0
491,2671,-1226,-1514,-1530,-2621,0,0
454,2658,-1104,-1161,-1695,-2992,0,0
518,2610,-1025,-754,-1807,-3212,0,0
611,2551,-1009,-296,-1978,-3383,0,0
769,2557,-1069,141,-2126,-3604,0,0
990,2621,-1204,617,-2431,-3851,0,0
1072,2519,-1351,1108,-2770,-4149,0,0
979,2164,-1462,1438,-3219,-4272,0,0
798,1796,-1423,1636,-3449,-4179,0,0
630,1472,-1240,1678,-3627,-4195,0,0
502,1158,-939,1827,-4003,-4251,0,0
406,931,-633,2090,-3932,-4310,0,0
358,795,-409,2504,-4084,-4452,0,0
304,524,-212,2744,-4312,-4643,0,0
245,160,-55,2524,-4458,-4810,0,0
154,-117,122,2380,-4488,-4953,0,0
-47,-582,375,2344,-4454,-4781,0,0
-242,-1086,687,2206,-4185,-4406,0,0
-305,-1417,944,2003,-3941,-4066,0,0
-281,-1606,1111,1797,-3798,-3950,0,0
-224,-1765,1228,1625,-3730,-3866,0,0
-210,-1895,1365,1237,-3613,-3837,0,0
-234,-2031,1440,767,-3466,-3782,0,0
-288,-2153,1487,351,-3360,-3618,0,0
-435,-2276,1593,-30,-3112,-3404,0,0
-599,-2391,1713,-322,-2830,-3220,0,0
-713,-2570,1771,-738,-2486,-2846,0,0
-781,-2638,1892,-862,-2194,-2406,0,0
-881,-2742,1979,-1412,-1649,-1909,0,0
-899,-2704,1940,-1528,-1176,-1426,0,0
-917,-2622,1904,-1738,-699,-903,0,0
-960,-2491,1764,-2242,-269,-389,0,0
-904,-2174,1560,-2582,83,-129,0,0
-804,-1942,1316,-2820,331,177,0,0
-732,-1791,1122,-3023,532,466,0,0
-633,-1621,945,-3106,702,804,0,0
-541,-1459,789,-3238,862,1112,0,0
-484,-1263,644,-3612,992,1266,0,0
-398,-989,522,-3730,1004,1357,0,0
-268,-758,395,-3714,1078,1555,0,0
-182,-501,280,-3671,1192,1693,0,0
-177,-294,160,-3700,1256,1781,0,0
-157,-85,17,-3768,1247,1810,0,0
-5,437,-271,-3618,1155,1745,0,0
94,694,-398,-3568,1084,1644,0,0
191,952,-533,-3513,971,1477,0,0
273,1210,-678,-3426,852,1235,0,0
368,1472,-858,-3139,625,885,0,0
481,1739,-1055,-2853,378,500,0,0
525,1862,-1160,-2686,61,201,0,0
556,1954,-1203,-2782,-248,-249,0,0
599,2135,-1262,-2757,-614,-690,0,0
627,2362,-1321,-2428,-881,-1128,0,0
551,2479,-1327,-2151,-1129,-1625,0,0
408,2471,-1309,-2089,-1368,-2101,0,0
341,2488,-1263,-1835,-1602,-2618,0,0
329,2342,-1123,-1533,-1853,-2929,0,0
364,2180,-960,-1431,-1896,-3050,0,0
514,2268,-957,-1063,-1846,-3194,0,0
700,2473,-1116,-471,-2063,-3283,0,0
810,2605,-1351,-17,-2356,-3615,0,0
783,2610,-1531,535,-2643,-3797,0,0
697,2524,-1630,1245,-2849,-3902,0,0
637,2309,-1590,1664,-3263,-4239,0,0
589,1854,-1329,1611,-3658,-4408,0,0
586,1466,-986,1656,-3946,-4502,0,0
581,1168,-671,2064,-4134,-4627,0,0
484,783,-337,2338,-4483,-4738,0,0
301,371,-48,2314,-4479,-4900,0,0
81,36,91,2301,-4474,-4939,0,0
-126,-279,245,2311,-4546,-4924,0,0
-290,-707,505,2124,-4466,-4804,0,0
-359,-1140,785,1845,-4182,-4556,0,0
-367,-1424,992,1642,-3854,-4289,0,0
-370,-1603,1160,1582,-3675,-4090,0,0
-391,-1820,1264,1181,-3438,-4001,0,0
-398,-1955,1321,759,-3311,-3880,0,0
-419,-2067,1397,420,-3171,-3808,0,0
-465,-2249,1483,-19,-2916,-3669,0,0
-489,-2471,1562,-200,-2704,-3349,0,0
-574,-2679,1668,-769,-2437,-3013,0,0
-642,-2698,1757,-1167,-2072,-2744,0,0
-696,-2802,1800,-1320,-1789,-2245,0,0
-713,-2838,1846,-1582,-1267,-1740,0,0
-689,-2748,1799,-1790,-852,-1271,0,0
-713,-2706,1697,-2131,-571,-768,0,0
-751,-2513,1597,-2524,-260,-256,0,0
-853,-2191,1497,-2711,25,116,0,0
-917,-2008,1359,-2916,260,358,0,0
-843,-1739,1119,-3080,514,687,0,0
-772,-1483,905,-3234,647,961,0,0
-687,-1343,710,-3463,797,1324,0,0
-542,-1062,539,-3484,860,1531,0,0
-373,-794,394,-3497,939,1649,0,0
-229,-584,290,-3608,1023,1747,0,0
-173,-371,211,-3704,1131,1779,0,0
-160,-207,144,-3777,1105,1841,0,0
-146,-12,35,-3890,1112,1829,0,0
-99,246,-99,-3800,1063,1761,0,0
-40,489,-189,-3660,1021,1712,0,0
-2,702,-260,-3662,1024,1673,0,0
31,970,-369,-3642,978,1569,0,0
77,1287,-504,-3534,920,1432,0,0
137,1622,-670,-3314,856,1210,0,0
224,1981,-841,-2989,646,988,0,0
309,2367,-992,-2771,444,695,0,0
472,2793,-1066,-2449,139,9,0,0
705,2879,-1106,-1777,-359,-470,0,0
880,2742,-1066,-1599,-660,-1268,0,0
985,2536,-1005,-1809,-968,-1873,0,0
975,2442,-1042,-1787,-1164,-2181,0,0
837,2441,-1050,-1558,-1337,-2552,0,0
677,2390,-1077,-1274,-1684,-2796,0,0
617,2437,-1041,-740,-1982,-3100,0,0
668,2461,-1024,-349,-2071,-3522,0,0
781,2447,-1081,-116,-2241,-3794,0,0
842,2433,-1142,340,-2482,-4048,0,0
822,2389,-1217,622,-2717,-4244,0,0
707,2289,-1269,1006,-3117,-4225,0,0
472,2079,-1168,1458,-3314,-4573,0,0
257,1569,-967,1517,-3477,-4702,0,0
250,1381,-761,1653,-3550,-4797,0,0
360,1284,-549,2120,-3863,-5046,0,0
380,970,-348,2163,-3907,-5285,0,0
322,611,-123,2249,-4124,-5480,0,0
138,69,99,2230,-4123,-5535,0,0
-39,-452,302,2263,-4212,-5376,0,0
-179,-930,539,2162,-4040,-5148,0,0
-274,-1400,737,1968,-3836,-4797,0,0
-322,-1693,900,1738,-3617,-4559,0,0
-375,-1913,1030,1447,-3475,-4377,0,0
-373,-2077,1127,1014,-3286,-4294,0,0
-324,-2212,1217,692,-3240,-4110,0,0
-321,-2391,1370,479,-2978,-3750,0,0
-358,-2543,1520,-149,-2585,-3488,0,0
-398,-2650,1576,-396,-2341,-3130,0,0
-504,-2830,1605,-755,-1994,-2651,0,0
-606,-2809,1655,-1158,-1700,-2248,0,0
-683,-2821,1675,-1487,-1299,-1821,0,0
-725,-2833,1632,-1791,-1043,-1360,0,0
-696,-2635,1627,-2097,-778,-989,0,0
-675,-2498,1582,-2393,-419,-586,0,0
-689,-2332,1469,-2694,-183,-261,0,0
-706,-2139,1365,-2870,153,100,0,0
-774,-1958,1227,-3013,412,508,0,0
-796,-1713,1050,-3132,629,865,0,0
-777,-1460,857,-3320,835,1147,0,0
-717,-1176,685,-3454,863,1393,0,0
-582,-893,512,-3472,933,1558,0,0
-434,-671,370,-3415,1082,1723,0,0
-340,-513,267,-3557,1175,1871,0,0
-248,-315,169,-3660,1193,1889,0,0
-151,-146,63,-3717,1167,1931,0,0
-54,61,-25,-3712,1225,1952,0,0
15,277,-109,-3720,1185,1914,0,0
71,479,-202,-3643,1205,1850,0,0
106,709,-328,-3506,1137,1805,0,0
138,944,-463,-3470,1064,1703,0,0
189,1253,-615,-3375,925,1554,0,0
247,1588,-795,-3167,767,1256,0,0
361,1934,-3080,-2906,535,863,0,0
500,2268,-1257,-2683,278,452,0,0
623,2489,-1380,-2344,-79,-121,0,0
682,2531,-1436,-2122,-479,-723,0,0
654,2471,-1401,-2025,-1011,-1274,0,0
544,2398,-1325,-2259,-1295,-1870,0,0
414,2442,-1261,-2212,-1476,-2213,0,0
297,2552,-1233,-1767,-1605,-2475,0,0
245,2664,-1161,-1316,-1675,-2922,0,0
285,2622,-1070,-901,-1914,-3138,0,0
411,2621,-1007,-624,-2001,-3385,0,0
551,2653,-979,-283,-2127,-3560,0,0
690,2734,-1004,278,-2322,-3775,0,0
805,2748,-1047,899,-2744,-3887,0,0
842,2717,-1113,1323,-3082,-4135,0,0
855,2487,-1130,1721,-3292,-4595,0,0
773,1884,-921,1825,-3583,-4719,0,0
650,1394,-638,2059,-3806,-4652,0,0
614,1101,-419,2461,-3808,-4639,0,0
604,782,-259,2717,-4163,-4619,0,0
483,364,-125,2693,-4271,-4688,0,0
272,-47,59,2699,-4444,-4685,0,0
24,-491,310,2494,-4410,-4647,0,0
-148,-934,571,2358,-4399,-4546,0,0
-257,-1360,817,2087,-4304,-4423,0,0
-308,-1643,1031,2007,-4239,-4306,0,0
-389,-1910,1223,1626,-4056,-4157,0,0
-454,-2101,1340,1226,-3842,-3944,0,0
-547,-2281,1459,785,-3547,-3735,0,0
-655,-2562,1582,79,-3129,-3453,0,0
-733,-2729,1731,51,-2755,-3047,0,0
-784,-2849,1881,-286,-2250,-2636,0,0
-762,-2906,1875,-839,-1814,-2320,0,0
-754,-2929,1851,-1167,-1518,-1983,0,0
-764,-2989,1840,-1562,-1074,-1696,0,0
-779,-3075,1756,-1798,-775,-1125,0,0
-767,-3001,1645,-2097,-392,-559,0,0
-722,-2793,1500,-2406,-149,-47,0,0
-684,-2468,1339,-2863,97,387,0,0
-607,-2119,1154,-3340,242,625,0,0
-495,-1733,944,-3465,350,815,0,0
-449,-1435,815,-3490,422,1049,0,0
-431,-1226,724,-3531,607,1278,0,0
-399,-1023,681,-3710,633,1431,0,0
-248,-770,606,-3610,735,1649,0,0
-60,-496,522,-3548,1047,1746,0,0
0,-333,350,-3562,1233,1814,0,0
-44,-218,180,-3467,1198,1824,0,0
-89,-140,60,-3588,1180,1828,0,0
-64,52,-75,-3717,1118,1777,0,0
-33,250,-232,-3795,1052,1775,0,0
-49,477,-350,-3680,1008,1778,0,0
-99,677,-444,-3629,940,1768,0,0
-120,923,-549,-3597,826,1699,0,0
-57,1255,-684,-3525,633,1609,0,0
85,1710,-821,-3297,461,1338,0,0
301,2176,-916,-3052,116,841,0,0
562,2459,-1004,-2673,-156,342,0,0
724,2575,-1053,-2441,-334,-217,0,0
750,2558,-1071,-2389,-620,-800,0,0
685,2483,-1082,-2363,-680,-1305,0,0
551,2465,-1100,-2299,-940,-1638,0,0
454,2574,-1112,-1958,-1155,-1991,0,0
424,2663,-1132,-1603,-1262,-2331,0,0
453,2712,-1166,-1164,-1484,-2707,0,0
525,2681,-1154,-635,-1774,-3023,0,0
635,2591,-1103,-119,-2002,-3281,0,0
773,2487,-1073,-25,-2120,-3607,0,0
989,2533,-1114,171,-2588,-3928,0,0
1204,2529,-1192,549,-3034,-4298,0,0
1209,2207,-1182,882,-3416,-4458,0,0
983,1758,-1017,1037,-3597,-4314,0,0
713,1485,-803,1390,-3774,-4222,0,0
425,1267,-630,1770,-3864,-4289,0,0
265,1082,-502,2259,-4116,-4394,0,0
225,821,-381,2498,-4478,-4727,0,0
233,498,-256,2405,-4688,-5186,0,0
182,37,-76,2269,-4968,-5389,0,0
-1,-484,258,2140,-5058,-5370,0,0
-259,-1047,671,1868,-4780,-5108,0,0
-450,-1468,1022,1862,-4432,-4639,0,0
-556,-1765,1255,1750,-4065,-4272,0,0
-572,-1966,1389,1479,-3785,-3993,0,0
-565,-2093,1488,892,-3441,-3804,0,0
-587,-2140,1514,376,-3160,-3680,0,0
-658,-2291,1581,164,-2991,-3535,0,0
-799,-2613,1730,-415,-2580,-3188,0,0
-853,-2768,1829,-841,-2138,-2803,0,0
-822,-2865,1883,-783,-1749,-2295,0,0
-848,-2943,1944,-1142,-1238,-1805,0,0
-828,-2923,1921,-1540,-846,-1284,0,0
-798,-2811,1810,-1804,-526,-819,0,0
-751,-2593,1666,-2319,-303,-514,0,0
-693,-2293,1488,-2565,-114,-218,0,0
-758,-2068,1346,-2821,267,34,0,0
-869,-1892,1179,-3065,445,364,0,0
-962,-1694,1020,-3267,652,717,0,0
-1013,-1483,848,-3249,868,989,0,0
-1002,-1366,690,-3373,944,1394,0,0
-838,-1104,517,-3576,1038,1643,0,0
-533,-718,316,-3634,1062,1637,0,0
-298,-514,204,-3575,1048,1714,0,0
-170,-407,180,-3605,1095,1708,0,0
-99,-320,120,-3688,1192,1811,0,0
-58,-171,39,-3739,1159,1876,0,0
-35,-20,-27,-3756,1136,1797,0,0
-6,108,-102,-3779,1092,1744,0,0
36,256,-175,-3709,1010,1618,0,0
65,331,-229,-3700,973,1569,0,0
82,405,-260,-3767,975,1536,0,0
94,491,-295,-3826,899,1489,0,0
105,588,-358,-3776,868,1441,0,0
134,778,-434,-3692,745,1345,0,0
181,918,-486,-3771,658,1220,0,0
287,1081,-592,-4006,621,891,0,0
463,1335,-733,-3996,390,516,0,0
536,1425,-764,-3771,183,300,0,0
493,1433,-747,-3737,195,199,0,0
409,1516,-785,-3500,139,152,0,0
306,1667,-835,-3289,-30,-83,0,0
201,1727,-846,-3046,-143,-250,0,0
144,1849,-868,-2840,-197,-336,0,0
179,2136,-918,-2492,-382,-685,0,0
240,2266,-945,-2117,-518,-1058,0,0
308,2317,-934,-1795,-834,-1423,0,0
447,2421,-974,-1374,-974,-1978,0,0
584,2447,-1001,-990,-1287,-2473,0,0
635,2435,-1013,-921,-1622,-2932,0,0
676,2510,-1028,-572,-1938,-3247,0,0
732,2532,-1081,-241,-2182,-3475,0,0
905,2645,-1112,102,-2466,-3757,0,0
1168,2722,-1094,692,-2855,-3900,0,0
1334,2568,-1137,1162,-3207,-3929,0,0
1355,2413,-1195,1749,-3573,-4136,0,0
1155,1871,-1157,2011,-3766,-4052,0,0
876,1486,-1028,2103,-4016,-3963,0,0
629,1197,-833,2442,-4301,-4200,0,0
435,775,-651,2512,-4420,-4345,0,0
328,554,-405,2533,-4639,-4523,0,0
221,240,-126,2616,-4914,-4743,0,0
60,-200,180,2594,-4941,-4784,0,0
-145,-615,504,2586,-4842,-4704,0,0
-370,-1067,822,2513,-4636,-4473,0,0
-532,-1442,1091,2441,-4362,-4155,0,0
-620,-1728,1270,2065,-4058,-3905,0,0
-647,-1881,1346,1639,-3807,-3738,0,0
-726,-1954,1392,1143,-3402,-3763,0,0
-855,-2208,1339,760,-3147,-3622,0,0
-975,-2461,1356,614,-2974,-3294,0,0
-1069,-2727,1493,-55,-2525,-3044,0,0
-1007,-2810,1601,-386,-2245,-2699,0,0
-914,-2869,1691,-535,-1833,-2501,0,0
-909,-3103,1709,-1220,-1371,-2018,0,0
-934,-3052,1730,-1438,-1121,-1591,0,0
-1011,-3134,1702,-1636,-694,-1179,0,0
-970,-3232,1621,-2053,-281,-519,0,0
-818,-2933,1554,-2492,-18,22,0,0
-670,-2533,1408,-2951,284,477,0,0
-573,-2104,1155,-3184,509,656,0,0
-511,-1778,930,-3306,627,964,0,0
-531,-1490,765,-3502,716,1263,0,0
-528,-1187,630,-3612,768,1471,0,0
-438,-842,457,-3572,858,1581,0,0
-385,-591,357,-3672,923,1661,0,0
-342,-474,246,-3703,993,1753,0,0
-255,-296,122,-3631,1008,1778,0,0
-119,-162,17,-3587,963,1822,0,0
47,-13,-79,-3644,1008,1729,0,0
198,49,-190,-3834,1041,1532,0,0
297,125,-260,-3997,838,1814,0,0
143,477,-210,-3863,949,1649,0,0
86,632,-372,-3699,1074,1605,0,0
34,920,-536,-3431,922,1513,0,0
84,1151,-662,-3478,821,1452,0,0
180,1525,-746,-3382,498,1355,0,0
277,1801,-837,-3134,331,1065,0,0
384,2045,-961,-2618,347,683,0,0
482,2268,-1168,-1854,376,283,0,0
467,2432,-1548,-1398,-33,-117,0,0
347,2848,-1784,-1400,-982,-832,0,0
331,3001,-1668,-1732,-1473,-1905,0,0
355,2873,-1547,-1724,-1919,-2586,0,0
326,2814,-1412,-1626,-1910,-2878,0,0
393,2967,-1391,-655,-1678,-3139,0,0
487,2842,-1443,-26,-2017,-3387,0,0
460,2639,-1357,-223,-2491,-3825,0,0
521,2615,-1276,-206,-2683,-4154,0,0
708,2744,-1304,465,-3020,-4346,0,0
822,2668,-1312,1230,-3221,-4398,0,0
757,2279,-1174,1589,-3436,-4288,0,0
684,1918,-1089,1895,-3774,-4407,0,0
536,1516,-857,2153,-3933,-4683,0,0
356,1052,-526,2393,-4127,-4731,0,0
230,708,-234,2760,-4255,-4796,0,0
156,289,-28,2854,-4456,-4979,0,0
78,-146,199,2649,-4565,-5116,0,0
-46,-650,506,2429,-4573,-5077,0,0
-192,-1228,857,2053,-4389,-4760,0,0
-305,-1593,1189,1748,-4014,-4323,0,0
-403,-1854,1378,1473,-3652,-3897,0,0
-454,-2011,1517,1090,-3368,-3663,0,0
-459,-2090,1625,768,-3145,-3623,0,0
-375,-2223,1645,387,-2951,-3603,0,0
-281,-2300,1673,-55,-2856,-3522,0,0
-313,-2329,1733,-667,-2609,-3367,0,0
-470,-2469,1761,-983,-2283,-3125,0,0
-625,-2663,1810,-1283,-2034,-2698,0,0
-753,-2721,1891,-1497,-1701,-2284,0,0
-845,-2808,1939,-1710,-1197,-1753,0,0
-903,-2862,1885,-1952,-657,-1172,0,0
-940,-2794,1752,-2314,-328,-525,0,0
-910,-2461,1574,-2708,12,-92,0,0
-787,-2102,1322,-2934,180,108,0,0
-649,-1907,1074,-3130,273,400,0,0
-555,-1691,931,-3203,409,603,0,0
-550,-1598,870,-3373,512,846,0,0
-531,-1435,749,-3220,647,1177,0,0
-580,-1280,674,-3358,949,1509,0,0
-622,-1059,554,-3604,994,1786,0,0
-551,-819,424,-3584,877,1872,0,0
-385,-613,328,-3456,887,1974,0,0
-205,-461,279,-3574,1024,2102,0,0
-59,-253,176,-3555,1151,2077,0,0
4,-118,41,-3434,1123,2037,0,0
7,-40,-53,-3539,1101,2033,0,0
-8,96,-135,-3622,1061,2039,0,0
-12,241,-198,-3648,988,2027,0,0
2,423,-271,-3681,1016,2019,0,0
16,650,-361,-3613,994,2033,0,0
259,510,-1806,-2045,-1017,48,0,0
120,1593,-700,-3193,669,1654,0,0
255,1998,-838,-2955,493,1320,0,0
399,2328,-1007,-2804,324,891,0,0
515,2627,-1190,-2498,44,355,0,0
566,2817,-1273,-2113,-350,-365,0,0
556,2788,-1323,-2033,-731,-1009,0,0
506,2771,-1321,-2104,-913,-1682,0,0
440,2696,-1280,-2133,-1320,-2213,0,0
395,2657,-1202,-1894,-1506,-2604,0,0
351,2581,-1123,-1560,-1641,-2987,0,0
404,2510,-1028,-1307,-1838,-3122,0,0
496,2551,-940,-952,-1945,-3407,0,0
544,2497,-928,-654,-1988,-3628,0,0
584,2453,-919,-262,-2057,-3861,0,0
717,2445,-972,58,-2300,-3819,0,0
888,2600,-1067,680,-2533,-4019,0,0
867,2506,-1077,1418,-3014,-4303,0,0
723,2008,-922,1552,-3504,-4239,0,0
619,1660,-723,1605,-3629,-4474,0,0
564,1431,-558,1973,-3864,-4816,0,0
483,1037,-2424,2406,-4101,-4944,0,0
395,649,-151,2573,-4395,-5145,0,0
276,175,45,2608,-4526,-5324,0,0
82,-445,241,2369,-4560,-5207,0,0
-166,-903,517,2108,-4419,-5002,0,0
-392,-1328,792,1889,-4305,-4646,0,0
-499,-1637,1043,1620,-3831,-4333,0,0
-536,-1820,1218,1306,-3652,-4106,0,0
-550,-1909,1411,1117,-3610,-4034,0,0
-587,-2101,1540,514,-3232,-4013,0,0
-653,-2221,1595,222,-2867,-3781,0,0
-776,-2445,1685,-50,-2601,-3512,0,0
-906,-2670,1745,-636,-2280,-3170,0,0
-992,-2818,1772,-634,-1883,-2689,0,0
-1087,-3026,1897,-848,-1247,-2162,0,0
-1081,-3189,1936,-1267,-824,-1584,0,0
-947,-3123,1856,-1547,-525,-975,0,0
-813,-2955,1712,-1979,-161,-536,0,0
-737,-2666,1529,-2447,192,-79,0,0
-695,-2295,1289,-2854,432,218,0,0
-660,-1936,1054,-3115,550,475,0,0
-615,-1620,882,-3346,684,620,0,0
-553,-1389,803,-3505,845,701,0,0
-476,-1250,722,-3560,939,1010,0,0
-412,-1055,630,-3578,1141,1215,0,0
-361,-857,495,-3537,1211,1492,0,0
-323,-618,374,-3533,1278,1569,0,0
-276,-425,256,-3602,1320,1592,0,0
-188,-234,152,-3712,1326,1640,0,0
-112,-82,81,-3749,1364,1618,0,0
-35,-26,29,-3646,1313,1670,0,0
32,60,-3,-3728,1313,1673,0,0
66,187,-81,-3851,1366,1597,0,0
47,292,-193,-3762,1292,1558,0,0
30,405,-265,-3705,1264,1570,0,0
16,556,-348,-3744,1273,1623,0,0
-6,747,-452,-3755,1291,1616,0,0
-35,951,-601,-3687,1196,1589,0,0
-13,1236,-723,-3481,975,1540,0,0
148,1577,-832,-3032,873,1378,0,0
378,1900,-983,-2507,622,1071,0,0
582,2261,-1158,-1923,19,570,0,0
737,2551,-1228,-1638,-365,-267,0,0
875,2708,-1258,-1707,-614,-1047,0,0
907,2800,-1281,-1929,-943,-1802,0,0
808,2797,-1317,-1848,-1173,-2217,0,0
625,2769,-1335,-1499,-1389,-2519,0,0
567,2778,-1338,-1249,-1686,-3004,0,0
648,2737,-1268,-918,-1974,-3412,0,0
778,2614,-1192,-812,-2163,-3795,0,0
915,2531,-1098,-537,-2375,-4010,0,0
1033,2498,-1084,-147,-2512,-4108,0,0
1154,2474,-1134,326,-2841,-4110,0,0
1191,2424,-1230,747,-3240,-4083,0,0
1072,2287,-1340,1391,-3480,-4083,0,0
955,1929,-1271,1731,-3736,-4015,0,0
928,1670,-998,2161,-4237,-4260,0,0
682,1104,-682,2116,-4183,-4469,0,0
402,696,-388,2363,-4466,-4565,0,0
163,307,-136,2646,-4640,-4693,0,0
17,-135,74,2525,-4800,-4735,0,0
-56,-465,341,2562,-4857,-4833,0,0
-190,-994,654,2378,-4798,-4738,0,0
-364,-1362,931,2234,-4610,-4596,0,0
-542,-1663,1128,1970,-4448,-4360,0,0
-653,-1806,1290,1520,-4169,-4135,0,0
-814,-1927,1444,1186,-3938,-3992,0,0
-1050,-2261,1561,750,-3440,-3730,0,0
-1168,-2483,1642,557,-3027,-3396,0,0
-1227,-2767,1693,171,-2576,-3123,0,0
-1259,-2960,1745,-128,-2113,-2753,0,0
-1249,-3248,1775,-386,-1605,-2004,0,0
-1219,-3278,1862,-906,-1065,-1525,0,0
-1223,-3238,1867,-1301,-673,-1069,0,0
-1144,-3131,1728,-1633,-246,-513,0,0
-1105,-2865,1603,-2088,157,-122,0,0
-1071,-2614,1356,-2587,482,268,0,0
-932,-2240,1095,-2853,623,542,0,0
-796,-1906,889,-3020,805,754,0,0
-711,-1691,702,-3422,947,1010,0,0
-591,-1392,546,-3557,985,1204,0,0
-412,-1144,406,-3645,990,1467,0,0
-202,-832,290,-3650,1089,1507,0,0
-24,-635,208,-3700,1088,1533,0,0
72,-489,107,-3733,1069,1500,0,0
32,-396,19,-3769,984,1574,0,0
-88,-275,-40,-3923,961,1560,0,0
-178,-140,-67,-3909,909,1526,0,0
-200,-77,-69,-3950,866,1622,0,0
-136,67,-48,-3891,905,1689,0,0
-26,194,-60,-3782,944,1690,0,0
70,304,-116,-3855,974,1716,0,0
75,460,-205,-3830,1002,1691,0,0
6,647,-328,-3791,916,1590,0,0
-57,850,-402,-3806,827,1563,0,0
-86,1107,-493,-3689,764,1527,0,0
-55,1380,-593,-3453,682,1366,0,0
17,1628,-729,-3247,488,1164,0,0
177,1971,-827,-2988,273,691,0,0
444,2293,-894,-2531,103,191,0,0
672,2474,-922,-2179,-59,-314,0,0
796,2513,-910,-2189,-379,-1021,0,0
810,2465,-942,-2397,-533,-1548,0,0
694,2478,-1003,-2329,-904,-1924,0,0
563,2550,-1005,-1970,-1043,-2317,0,0
451,2539,-1023,-1626,-1235,-2561,0,0
469,2598,-1049,-1345,-1408,-2808,0,0
608,2695,-1078,-959,-1642,-3197,0,0
697,2633,-1077,-557,-1815,-3486,0,0
692,2559,-1050,-147,-1876,-3571,0,0
671,2580,-1110,276,-1994,-3702,0,0
723,2684,-1213,877,-2364,-3848,0,0
819,2700,-1245,1648,-2763,-4008,0,0
907,2498,-1182,2098,-3010,-4359,0,0
973,2179,-1000,2387,-3484,-4694,0,0
907,1692,-808,2424,-3757,-4831,0,0
748,1320,-590,2852,-4139,-5041,0,0
472,646,-303,3232,-4338,-5034,0,0
218,42,-11,3170,-4418,-5024,0,0
41,-407,243,3059,-4326,-5018,0,0
-107,-899,459,2897,-4272,-4858,0,0
-198,-1308,697,2640,-4142,-4686,0,0
-262,-1642,904,2223,-4036,-4504,0,0
-354,-1942,1095,2090,-3851,-4177,0,0
-512,-2196,1247,1606,-3561,-3935,0,0
-632,-2354,1353,1112,-3256,-3856,0,0
-677,-2613,1395,872,-3041,-3689,0,0
-660,-2830,1503,678,-2786,-3394,0,0
-712,-2954,1669,139,-2366,-3126,0,0
-749,-3158,1770,-346,-2080,-2824,0,0
-758,-3288,1843,-720,-1771,-2397,0,0
-782,-3376,1922,-1260,-1278,-1735,0,0
-785,-3313,1944,-1273,-923,-1119,0,0
-843,-3218,1895,-1589,-381,-362,0,0
-894,-2996,1767,-2278,184,178,0,0
-874,-2634,1592,-2830,380,543,0,0
-785,-2224,1341,-3133,627,874,0,0
-632,-1839,1046,-3235,850,1124,0,0
-509,-1565,802,-3194,893,1373,0,0
-406,-1311,647,-3319,927,1630,0,0
-256,-944,508,-3449,1056,1780,0,0
-110,-634,389,-3577,1125,1776,0,0
-23,-486,289,-3633,1160,1816,0,0
40,-340,241,-3622,1190,1812,0,0
77,-272,208,-3750,1218,1835,0,0
95,-157,134,-3779,1309,1882,0,0
68,92,-59,-3694,1262,1833,0,0
81,249,-167,-3725,1219,1723,0,0
97,408,-257,-3755,1129,1666,0,0
79,564,-324,-3737,1101,1597,0,0
52,704,-414,-3611,1040,1544,0,0
52,881,-498,-3532,987,1478,0,0
77,1072,-613,-3506,1002,1480,0,0
86,1287,-752,-3336,878,1412,0,0
93,1496,-873,-3112,566,1206,0,0
208,1841,-1014,-2885,332,853,0,0
439,2324,-1207,-2546,66,396,0,0
636,2752,-1315,-2235,-485,-397,0,0
724,2865,-1210,-2220,-851,-1298,0,0
731,2759,-1133,-2260,-732,-1828,0,0
633,2737,-1135,-1828,-889,-2124,0,0
479,2734,-1185,-1605,-1207,-2483,0,0
355,2669,-1196,-1456,-1433,-2817,0,0
340,2638,-1145,-1016,-1680,-3118,0,0
395,2532,-1102,-679,-1837,-3429,0,0
490,2405,-1031,-336,-2058,-3584,0,0
624,2385,-956,-35,-2157,-3792,0,0
778,2411,-965,338,-2382,-4022,0,0
930,2391,-1048,873,-2655,-4154,0,0
1033,2334,-1112,1478,-2993,-4177,0,0
1117,2155,-1124,2288,-3440,-4399,0,0
1127,1611,-1004,2275,-3825,-4734,0,0
986,1108,-762,2101,-4316,-4893,0,0
710,697,-520,2372,-4582,-5038,0,0
373,227,-208,2380,-4723,-5092,0,0
87,-229,139,2371,-4779,-4998,0,0
-128,-726,467,2439,-4600,-4870,0,0
-273,-1212,715,2099,-4415,-4626,0,0
-362,-1371,923,1854,-4259,-4439,0,0
-479,-1649,1085,1558,-4092,-4421,0,0
-529,-1932,1232,1142,-3860,-4281,0,0
-445,-1912,1379,1396,-3528,-4042,0,0
-430,-2184,1475,1083,-3022,-3705,0,0
-503,-2510,1491,14,-2636,-3302,0,0
-634,-2590,1493,-313,-2499,-3128,0,0
-829,-2897,1570,-357,-2267,-2726,0,0
-953,-3125,1726,-959,-1731,-2234,0,0
-956,-3132,1809,-1318,-1338,-1676,0,0
-908,-3077,1873,-1627,-1006,-1225,0,0
-815,-2898,1842,-2049,-617,-803,0,0
-748,-2630,1722,-2323,-215,-394,0,0
-757,-2416,1520,-2797,74,-146,0,0
-776,-2175,1308,-2949,286,284,0,0
-798,-1920,1119,-3023,519,623,0,0
-814,-1736,976,-3321,579,927,0,0
-731,-1472,823,-3605,718,1177,0,0
-576,-1107,688,-3680,871,1364,0,0
-437,-831,539,-3621,998,1489,0,0
-357,-658,389,-3621,1091,1578,0,0
-281,-479,268,-3633,1066,1587,0,0
-196,-375,170,-3601,1015,1598,0,0
-104,-301,96,-3754,1013,1618,0,0
-23,-181,52,-3819,1019,1577,0,0
-4,-150,6,-3829,1063,1670,0,0
17,-54,-46,-3788,1053,1710,0,0
53,92,-122,-3816,1040,1700,0,0
72,242,-225,-3848,995,1705,0,0
72,444,-290,-3748,963,1713,0,0
47,621,-368,-3761,970,1718,0,0
29,837,-458,-3712,884,1671,0,0
53,1087,-524,-3627,811,1541,0,0
142,1321,-618,-3509,667,1341,0,0
284,1606,-739,-3284,501,1118,0,0
411,1946,-893,-2994,312,772,0,0
518,2249,-1034,-2661,22,324,0,0
620,2471,-1133,-2399,-287,-262,0,0
666,2590,-1205,-2247,-453,-695,0,0
641,2695,-1253,-2113,-703,-1195,0,0
576,2754,-1297,-1789,-982,-1615,0,0
463,2766,-1306,-1512,-1152,-2064,0,0
405,2769,-1277,-1230,-1424,-2420,0,0
416,2826,-1223,-805,-1722,-2790,0,0
464,2841,-1155,-408,-1863,-3104,0,0
541,2846,-1087,20,-2054,-3541,0,0
681,2785,-1053,277,-2344,-3783,0,0
911,2871,-1094,842,-2863,-4057,0,0
1022,2695,-1151,1414,-3062,-4566,0,0
928,2142,-1064,1454,-3459,-4694,0,0
799,1738,-821,1711,-3737,-4733,0,0
735,1362,-542,1924,-3913,-4600,0,0
787,1184,-283,2383,-4421,-4757,0,0
631,694,-83,2322,-4306,-4991,0,0
357,331,-15,2372,-4583,-5068,0,0
46,46,83,2420,-4810,-5385,0,0
-237,-482,280,2364,-4845,-5480,0,0
-426,-1104,598,2193,-4714,-5261,0,0
-514,-1568,927,1906,-4386,-4901,0,0
-567,-1897,1184,1919,-4054,-4440,0,0
-624,-2149,1365,1478,-3583,-4082,0,0
-617,-2297,1420,1008,-3210,-3870,0,0
-614,-2578,1459,631,-3036,-3572,0,0
-590,-2840,1538,113,-2754,-3298,0,0
-618,-2957,1650,-561,-2396,-3008,0,0
-619,-3024,1732,-1127,-2116,-2616,0,0
-602,-2971,1874,-1089,-1835,-2208,0,0
-583,-2936,2047,-1394,-1384,-1823,0,0
-581,-2915,2058,-1555,-966,-1374,0,0
-686,-2911,1980,-1653,-554,-853,0,0
-824,-2806,1855,-2202,-122,-339,0,0
-965,-2571,1593,-2460,261,135,0,0
-1072,-2283,1322,-2675,499,586,0,0
-1073,-1971,1055,-3021,610,992,0,0
-949,-1606,827,-3167,648,1253,0,0
-820,-1247,667,-3253,760,1541,0,0
-741,-986,587,-3475,964,1589,0,0
-607,-869,459,-3568,1009,1780,0,0
-431,-652,341,-3438,1023,1853,0,0
-282,-501,257,-3592,968,2053,0,0
-150,-354,216,-3560,1103,2099,0,0
-69,-235,127,-3650,1143,2133,0,0
-21,-103,37,-3669,1068,2052,0,0
13,36,-25,-3684,1050,1957,0,0
25,148,-61,-3664,1049,1925,0,0
9,239,-107,-3677,1065,1903,0,0
-6,333,-144,-3674,1013,1880,0,0
35,611,-241,-3721,999,1815,0,0
74,794,-315,-3659,985,1739,0,0
124,1008,-427,-3613,947,1694,0,0
174,1241,-563,-3573,869,1601,0,0
212,1479,-686,-3470,724,1396,0,0
273,1746,-817,-3278,528,1147,0,0
379,2027,-923,-2971,353,842,0,0
518,2295,-1019,-2579,62,424,0,0
604,2470,-1047,-2333,-234,-1,0,0
653,2664,-1122,-2175,-501,-671,0,0
715,2926,-1231,-1841,-641,-1328,0,0
588,2927,-1295,-1593,-956,-1781,0,0
461,2900,-1289,-1433,-1391,-2401,0,0
451,2832,-1203,-1151,-1549,-2921,0,0
472,2722,-1130,-1005,-1705,-3209,0,0
546,2735,-1013,-418,-1970,-3583,0,0
591,2557,-878,-1,-2142,-3761,0,0
655,2468,-840,304,-2188,-3966,0,0
714,2358,-923,644,-2344,-4205,0,0
807,2317,-1032,1058,-2786,-4359,0,0
973,2172,-1054,1330,-2907,-4344,0,0
1042,2070,-1083,1679,-3450,-4479,0,0
940,1815,-1020,2221,-3556,-4601,0,0
752,1297,-810,2478,-4223,-4864,0,0
554,878,-520,2429,-4456,-5212,0,0
357,386,-186,2450,-4665,-5281,0,0
187,-125,139,2509,-4678,-5237,0,0
116,-578,467,2520,-4606,-5037,0,0
30,-1038,750,2320,-4340,-4811,0,0
-115,-1450,968,2101,-4188,-4516,0,0
-252,-1759,1187,1747,-4016,-4332,0,0
-410,-2021,1348,1503,-3843,-4064,0,0
-548,-2232,1434,1421,-3671,-3877,0,0
-725,-2700,1558,964,-3095,-3548,0,0
-957,-3121,1663,-255,-2640,-3453,0,0
-985,-3254,1670,-588,-2530,-3132,0,0
-849,-3231,1727,-775,-2202,-2659,0,0
-697,-3173,1821,-1130,-1764,-2149,0,0
-529,-3091,1861,-1440,-1277,-1742,0,0
-432,-3079,1866,-1478,-924,-1228,0,0
-375,-3035,1843,-1695,-501,-539,0,0
-314,-2798,1778,-2175,-98,-10,0,0
-386,-2485,1658,-2473,174,408,0,0
-518,-2204,1450,-2946,452,761,0,0
-618,-1904,1204,-3337,650,1130,0,0
-696,-1530,936,-3583,729,1428,0,0
-723,-1128,692,-3763,761,1433,0,0
-585,-760,515,-3736,680,1459,0,0
-403,-514,421,-3668,745,1557,0,0
-248,-345,346,-3640,935,1582,0,0
-139,-213,223,-3562,921,1547,0,0
-103,-160,128,-3594,950,1508,0,0
-115,-179,49,-3738,946,1570,0,0
-113,-70,-23,-3851,921,1641,0,0
-96,71,-70,-3813,904,1699,0,0
-54,205,-103,-3818,886,1703,0,0
16,384,-170,-3842,899,1685,0,0
70,576,-251,-3777,855,1675,0,0
102,794,-311,-3755,811,1565,0,0
129,1033,-387,-3744,818,1439,0,0
203,1312,-505,-3586,725,1249,0,0
298,1597,-671,-3461,631,1108,0,0
392,1992,-889,-3255,472,713,0,0
468,2261,-1047,-2788,258,318,0,0
479,2321,-1111,-2464,-70,-123,0,0
533,2412,-1116,-2260,-274,-619,0,0
660,2481,-1170,-1931,-591,-887,0,0
761,2506,-1175,-1796,-966,-1461,0,0
796,2523,-1151,-1785,-1036,-1936,0,0
722,2490,-1213,-1437,-1265,-2318,0,0
635,2531,-1293,-1047,-1490,-2614,0,0
629,2586,-1298,-570,-1859,-2875,0,0
702,2563,-1289,-373,-2094,-3217,0,0
869,2510,-1319,-112,-2363,-3443,0,0
1064,2567,-1394,292,-2871,-3664,0,0
1144,2617,-1435,717,-3365,-3955,0,0
1014,2394,-1430,1184,-3445,-4109,0,0
880,2154,-1405,1521,-3557,-3776,0,0
880,2111,-1348,2409,-4162,-3901,0,0
602,1580,-1137,2490,-4188,-4266,0,0
297,1290,-878,2520,-4561,-4490,0,0
126,1089,-625,2962,-4825,-4864,0,0
19,634,-349,3110,-5086,-5007,0,0
-67,169,10,3157,-5060,-5092,0,0
-216,-419,369,3048,-4959,-4958,0,0
-364,-977,711,2962,-4690,-4762,0,0
-509,-1490,1027,2866,-4348,-4444,0,0
-592,-1907,1268,2475,-4006,-4107,0,0
-599,-2107,1428,2197,-3707,-3909,0,0
-620,-2298,1517,1679,-3365,-3686,0,0
-644,-2362,1550,1313,-3167,-3543,0,0
-707,-2566,1614,762,-2917,-3360,0,0
-745,-2699,1690,188,-2649,-3220,0,0
-793,-2843,1720,-132,-2239,-2879,0,0
-844,-2967,1730,-517,-1884,-2503,0,0
-957,-3099,1721,-871,-1502,-2131,0,0
-1064,-3192,1762,-1099,-1190,-1728,0,0
-1059,-3305,1825,-1629,-865,-1117,0,0
-901,-3170,1802,-1934,-549,-514,0,0
-750,-2862,1695,-2161,-123,-96,0,0
-649,-2586,1490,-2573,203,424,0,0
-613,-2173,1294,-2883,513,789,0,0
-665,-1828,1069,-3088,679,978,0,0
-678,-1560,850,-3250,700,1187,0,0
-658,-1317,718,-3383,846,1400,0,0
-591,-1136,607,-3553,936,1608,0,0
-419,-893,457,-3577,1019,1849,0,0
184,705,-327,-3248,1749,1532,0,0
182,803,-609,-3646,1365,1623,0,0
179,1184,-783,-3470,1116,1408,0,0
138,1290,-883,-3473,1006,1291,0,0
153,1584,-989,-3211,972,1224,0,0
213,2020,-1250,-2422,796,960,0,0
252,2234,-1535,-1639,149,523,0,0
375,2475,-1615,-1618,-419,-214,0,0
588,2773,-1622,-1707,-748,-1152,0,0
739,2765,-1597,-1759,-1316,-1686,0,0
674,2770,-1548,-1725,-1559,-2107,0,0
556,2887,-1451,-1256,-1574,-2694,0,0
451,2828,-1468,-1010,-1743,-3048,0,0
438,2911,-1445,-892,-2229,-3514,0,0
488,2924,-1351,-373,-2494,-3950,0,0
542,2681,-1199,21,-2465,-4040,0,0
605,2560,-1063,356,-2649,-4184,0,0
735,2421,-1022,629,-2757,-4164,0,0
943,2320,-1021,1420,-3180,-4192,0,0
957,1911,-940,1883,-3282,-4317,0,0
849,1448,-787,1770,-3754,-4624,0,0
701,1205,-614,2071,-4265,-4877,0,0
533,882,-412,2529,-4684,-5243,0,0
348,341,-179,2429,-4931,-5575,0,0
153,-185,93,2342,-5183,-5634,0,0
-101,-708,462,2190,-5127,-5527,0,0
-309,-1216,828,2111,-4850,-5227,0,0
-419,-1647,1133,1966,-4443,-4740,0,0
-482,-1953,1341,1620,-4082,-4357,0,0
-570,-2157,1478,1164,-3718,-4115,0,0
-668,-2353,1568,772,-3394,-3825,0,0
-777,-2593,1605,464,-3030,-3539,0,0
-923,-3003,1626,-97,-2477,-3183,0,0
-929,-3069,1717,-630,-2013,-2733,0,0
-863,-2993,1782,-455,-1704,-2194,0,0
-881,-3189,1825,-966,-1147,-1661,0,0
-845,-3130,1777,-1539,-803,-1213,0,0
-813,-2975,1749,-1803,-453,-711,0,0
-774,-2856,1673,-2304,-187,-223,0,0
-636,-2485,1496,-2559,2,120,0,0
-545,-2128,1297,-2791,335,390,0,0
-592,-1923,1122,-3196,462,671,0,0
-642,-1628,959,-3281,649,925,0,0
-664,-1410,804,-3399,876,1074,0,0
-660,-1308,689,-3501,846,1398,0,0
-562,-1059,572,-3567,900,1624,0,0
-401,-758,437,-3681,1010,1687,0,0
-254,-582,324,-3670,1026,1799,0,0
-121,-345,269,-3594,1021,1834,0,0
-50,-206,205,-3687,1093,1787,0,0
-24,-125,111,-3702,1113,1842,0,0
-61,192,-134,-3672,1101,1800,0,0
-51,310,-175,-3720,1071,1806,0,0
-6,467,-247,-3778,1009,1743,0,0
56,646,-323,-3785,952,1665,0,0
97,832,-392,-3702,921,1606,0,0
99,1003,-469,-3588,891,1559,0,0
83,1212,-565,-3609,836,1519,0,0
109,1504,-675,-3375,661,1350,0,0
216,1825,-802,-3159,486,1084,0,0
419,2178,-937,-2917,167,541,0,0
645,2396,-1028,-2592,-254,-92,0,0
808,2430,-1010,-2394,-415,-675,0,0
882,2420,-984,-2414,-663,-1147,0,0
855,2503,-1033,-2310,-863,-1655,0,0
691,2466,-1087,-2166,-1042,-2019,0,0
527,2475,-1133,-1946,-1259,-2328,0,0
445,2572,-1133,-1585,-1431,-2637,0,0
417,2562,-1091,-1246,-1663,-3024,0,0
431,2539,-998,-911,-1809,-3221,0,0
485,2551,-942,-397,-1745,-3327,0,0
622,2517,-956,87,-1987,-3469,0,0
826,2522,-988,508,-2216,-3700,0,0
991,2581,-1051,928,-2591,-4113,0,0
982,2395,-1051,1433,-3110,-4488,0,0
807,1907,-945,1744,-3445,-4629,0,0
630,1472,-758,1791,-3679,-4724,0,0
552,1150,-585,1981,-3904,-4862,0,0
509,869,-409,2292,-4128,-4961,0,0
442,637,-193,2555,-4315,-5217,0,0
293,119,-11,2594,-4660,-5375,0,0
70,-444,243,2327,-4642,-5424,0,0
-228,-910,547,2200,-4677,-5263,0,0
-451,-1385,861,2010,-4409,-5021,0,0
-579,-1761,1122,1738,-3983,-4585,0,0
-637,-1996,1314,1495,-3609,-4246,0,0
-661,-2193,1416,1189,-3101,-3928,0,0
-649,-2355,1461,664,-2687,-3652,0,0
-663,-2492,1515,342,-2409,-3295,0,0
-748,-2660,1556,-43,-2068,-2916,0,0
-776,-2766,1550,-550,-1761,-2641,0,0
-766,-2933,1541,-995,-1547,-2309,0,0
-760,-3028,1552,-1438,-1230,-1987,0,0
-758,-3061,1556,-1906,-988,-1630,0,0
-702,-2948,1579,-2090,-744,-1127,0,0
-656,-2777,1660,-2412,-236,-616,0,0
-575,-2597,1617,-2671,150,-107,0,0
-422,-2294,1418,-2913,388,353,0,0
-334,-1897,1183,-3169,579,547,0,0
-418,-1679,1002,-3401,658,717,0,0
-515,-1427,817,-3463,720,952,0,0
-528,-1173,665,-3466,833,1149,0,0
-494,-1004,525,-3652,954,1408,0,0
-373,-728,392,-3593,964,1521,0,0
-266,-550,288,-3633,981,1608,0,0
-225,-406,177,-3711,1054,1673,0,0
-272,-288,90,-3762,1055,1723,0,0
-314,-200,36,-3845,1010,1757,0,0
-275,-49,8,-3851,952,1750,0,0
-217,92,-26,-3833,958,1777,0,0
-151,282,-66,-3773,985,1743,0,0
-104,428,-103,-3748,997,1765,0,0
-71,588,-143,-3765,1099,1783,0,0
-35,784,-243,-3713,1103,1695,0,0
4,980,-390,-3608,992,1636,0,0
56,1282,-545,-3400,880,1477,0,0
150,1607,-696,-3103,687,1257,0,0
246,1965,-852,-2899,378,865,0,0
311,2349,-937,-2692,212,256,0,0
371,2541,-989,-2512,48,-294,0,0
460,2702,-1064,-2226,-130,-685,0,0
565,2786,-1104,-1956,-426,-1173,0,0
641,2717,-1120,-1810,-698,-1736,0,0
684,2680,-1127,-1821,-1000,-2218,0,0
699,2719,-1122,-1496,-1293,-2663,0,0
657,2706,-1091,-1235,-1517,-3047,0,0
657,2724,-1060,-935,-1703,-3444,0,0
711,2692,-1042,-579,-1939,-3716,0,0
777,2701,-1022,-119,-2138,-3982,0,0
844,2725,-1010,347,-2413,-4167,0,0
907,2667,-1043,983,-2560,-4350,0,0
902,2473,-985,1540,-3208,-4459,0,0
618,2105,-892,1923,-3210,-4997,0,0
307,1545,-728,1602,-3344,-5162,0,0
175,1221,-573,1839,-3664,-5285,0,0
114,814,-347,2294,-3747,-5446,0,0
131,288,-82,2523,-3872,-5479,0,0
164,-244,131,2489,-3905,-5500,0,0
132,-691,277,2309,-3887,-5429,0,0
-13,-1039,457,2195,-3985,-5382,0,0
-217,-1466,692,1997,-3882,-5207,0,0
-368,-1861,879,1660,-3612,-4832,0,0
-456,-2008,1032,1549,-3404,-4605,0,0
-580,-2300,1172,1006,-3077,-4324,0,0
-708,-2516,1331,564,-2859,-4023,0,0
-839,-2807,1463,364,-2398,-3438,0,0
-911,-3036,1577,-50,-1874,-2851,0,0
-912,-3125,1587,-758,-1485,-2467,0,0
-879,-3216,1570,-950,-1200,-1985,0,0
-863,-3241,1562,-1414,-918,-1527,0,0
-806,-3075,1508,-1930,-737,-1191,0,0
-744,-2956,1412,-2222,-444,-710,0,0
-679,-2695,1348,-2566,-135,-197,0,0
-574,-2244,1267,-2816,231,105,0,0
-547,-1948,1086,-2932,449,357,0,0
-634,-1743,909,-3191,633,582,0,0
-737,-1584,771,-3437,814,796,0,0
-767,-1432,663,-3608,936,1030,0,0
-685,-1221,581,-3611,893,1340,0,0
-517,-931,464,-3487,1200,1573,0,0
-394,-787,364,-3451,1275,1754,0,0
-300,-698,257,-3472,1226,1929,0,0
-155,-536,229,-3708,1275,1969,0,0
74,-328,126,-3890,1231,1922,0,0
277,-47,-4,-3873,1198,1820,0,0
346,158,-85,-3731,1132,1766,0,0
290,274,-84,-3688,1183,1663,0,0
190,345,-136,-3668,1237,1633,0,0
100,462,-235,-3724,1189,1621,0,0
44,621,-327,-3786,1178,1576,0,0
48,815,-440,-3723,1080,1515,0,0
112,1026,-515,-3603,993,1414,0,0
219,1215,-575,-3491,874,1361,0,0
403,1492,-614,-3302,720,1099,0,0
631,1766,-721,-3057,653,885,0,0
815,2120,-909,-2650,480,523,0,0
955,2380,-1064,-2111,189,-46,0,0
1006,2372,-1224,-1936,-224,-558,0,0
1002,2488,-1352,-1868,-582,-1174,0,0
911,2538,-1412,-1708,-974,-1691,0,0
764,2577,-1487,-1673,-1313,-2308,0,0
614,2596,-1490,-1549,-1699,-2865,0,0
451,2510,-1433,-1442,-2002,-3188,0,0
311,2452,-1312,-1230,-2156,-3529,0,0
265,2380,-1202,-923,-2138,-3675,0,0
385,2493,-1150,-350,-2259,-3731,0,0
635,2642,-1136,123,-2358,-3844,0,0
897,2806,-1168,696,-2833,-4169,0,0
988,2625,-1183,1403,-3145,-4557,0,0
849,2053,-1070,1563,-3618,-4792,0,0
668,1599,-785,1539,-3960,-5069,0,0
490,1172,-505,1952,-4168,-5281,0,0
363,691,-283,2238,-4320,-5353,0,0
263,254,-62,2352,-4481,-5477,0,0
98,-291,154,2404,-4554,-5594,0,0
-65,-886,411,2108,-4548,-5522,0,0
-198,-1329,748,1675,-4391,-5197,0,0
-363,-1730,1034,1227,-4059,-4731,0,0
-534,-1872,1226,1003,-3666,-4374,0,0
-721,-2007,1387,824,-3174,-4099,0,0
-840,-2222,1373,268,-2780,-3756,0,0
-943,-2486,1298,466,-2647,-3712,0,0
-1034,-3331,1257,-628,-2217,-3217,0,0
-729,-2940,1366,-926,-1972,-2738,0,0
-547,-2632,1556,-827,-1632,-2570,0,0
-560,-2893,1596,-1403,-1270,-2137,0,0
-651,-2861,1603,-1586,-879,-1792,0,0
-801,-2949,1551,-1654,-708,-1276,0,0
-907,-2942,1518,-2184,-390,-793,0,0
-973,-2776,1405,-2651,-107,-452,0,0
-955,-2574,1307,-2818,46,40,0,0
-962,-2365,1208,-3036,316,677,0,0
-934,-1927,1048,-3092,627,1106,0,0
-932,-1607,874,-3350,752,1501,0,0
-826,-1211,630,-3481,813,1660,0,0
-719,-875,462,-3522,853,1599,0,0
-623,-768,325,-3710,798,1756,0,0
-433,-522,239,-3589,828,1758,0,0
-270,-426,201,-3724,848,1725,0,0
-125,-302,145,-3705,872,1866,0,0
-30,-171,102,-3638,925,1878,0,0
21,-81,82,-3570,917,1932,0,0
36,-48,44,-3629,1091,2088,0,0
4,-1,-24,-3829,1068,2094,0,0
-3,159,-134,-3850,1002,2007,0,0
23,347,-199,-3685,950,1907,0,0
66,462,-244,-3698,908,1910,0,0
138,644,-266,-3745,873,1873,0,0
204,866,-332,-3753,889,1803,0,0
266,1376,-549,-3685,774,1636,0,0
307,1744,-659,-3410,641,1371,0,0
399,2107,-753,-2969,458,1124,0,0
532,2420,-830,-2721,274,795,0,0
730,2807,-971,-2311,104,383,0,0
903,3201,-1199,-1887,-248,-301,0,0
985,3451,-1351,-1417,-506,-1160,0,0
804,3146,-1302,-1100,-975,-1937,0,0
552,2748,-1136,-1387,-1465,-2573,0,0
451,2662,-997,-1394,-1506,-2986,0,0
412,2631,-970,-996,-1585,-3098,0,0
422,2774,-944,-403,-1719,-3201,0,0
488,2828,-912,41,-1743,-3458,0,0
616,2902,-970,356,-1833,-3812,0,0
780,3014,-1031,986,-2233,-4189,0,0
892,2903,-1037,1579,-2697,-4635,0,0
957,2590,-965,1957,-3005,-4962,0,0
997,2131,-811,2308,-3357,-5015,0,0
1003,1684,-620,2645,-3880,-5262,0,0
878,1117,-407,2947,-4163,-5439,0,0
668,559,-152,3130,-4483,-5580,0,0
372,-20,120,3169,-4613,-5671,0,0
0,-659,384,3158,-4609,-5605,0,0
-299,-1315,675,2752,-4398,-5358,0,0
-399,-1770,941,2508,-4136,-4964,0,0
-420,-2127,1144,2248,-3787,-4533,0,0
-472,-2404,1254,1802,-3512,-4170,0,0
-585,-2667,1283,1375,-2998,-3991,0,0
-789,-3195,1297,748,-2781,-3507,0,0
-967,-3382,1457,333,-2371,-3036,0,0
-1162,-3567,1608,-299,-2034,-2834,0,0
-1269,-3798,1629,-932,-1574,-2355,0,0
-1283,-3754,1635,-1275,-1095,-1791,0,0
-1152,-3636,1596,-1338,-809,-1184,0,0
-940,-3447,1593,-1406,-373,-506,0,0
-768,-3263,1472,-2060,93,166,0,0
-580,-2790,1263,-2732,212,613,0,0
-381,-2258,1062,-3116,276,811,0,0
-278,-1893,960,-3210,430,916,0,0
-237,-1620,850,-3374,590,1156,0,0
-200,-1264,745,-3398,731,1399,0,0
-212,-1056,611,-3365,897,1597,0,0
-210,-887,487,-3501,948,1738,0,0
-112,-650,388,-3616,980,1839,0,0
0,-471,261,-3618,1088,1866,0,0
38,-407,142,-3691,1077,1948,0,0
55,-196,40,-3797,1066,1857,0,0
49,44,-97,-3802,956,1843,0,0
40,164,-103,-3725,958,1854,0,0
38,225,-139,-3797,927,1830,0,0
66,353,-176,-3876,916,1753,0,0
105,483,-230,-3832,893,1715,0,0
157,636,-284,-3771,885,1691,0,0
172,789,-333,-3778,859,1643,0,0
182,983,-412,-3660,836,1550,0,0
206,1198,-515,-3538,764,1484,0,0
271,1450,-609,-3316,594,1323,0,0
427,1747,-710,-3022,418,1144,0,0
618,2169,-867,-2653,201,728,0,0
762,2501,-1001,-2213,-38,103,0,0
812,2635,-1081,-1837,-277,-518,0,0
790,2708,-1178,-1656,-548,-1082,0,0
732,2787,-1243,-1669,-783,-1657,0,0
641,2765,-1324,-1609,-1118,-2067,0,0
549,2850,-1392,-1293,-1435,-2557,0,0
503,2833,-1363,-986,-1769,-3212,0,0
500,2709,-1275,-730,-2037,-3679,0,0
539,2618,-1169,-293,-2207,-3947,0,0
631,2628,-1102,39,-2364,-4212,0,0
748,2663,-1100,458,-2658,-4514,0,0
825,2626,-1112,1001,-2943,-4790,0,0
835,2456,-1092,1391,-3309,-5149,0,0
737,2025,-978,1550,-3698,-5504,0,0
517,1414,-772,1684,-3979,-5639,0,0
285,908,-491,1880,-4214,-5585,0,0
70,465,-128,2103,-4228,-5557,0,0
-84,-96,218,2159,-4108,-5443,0,0
-114,-532,492,2382,-3974,-5318,0,0
-181,-1062,692,2142,-3775,-5136,0,0
-250,-1470,828,1734,-3663,-5027,0,0
-335,-1874,977,1484,-3559,-4793,0,0
-445,-2241,1147,987,-3265,-4459,0,0
-494,-2414,1289,563,-2990,-4284,0,0
-519,-2740,1410,199,-2700,-3999,0,0
