158,168,-12,3941,26,-969,0,0
116,95,-33,3883,58,-986,0,0
18,65,-34,3856,153,-1040,0,0
-51,61,-10,3844,134,-981,0,0
-108,35,25,3803,173,-844,0,0
-135,-36,62,3737,122,-854,0,0
-129,-72,84,3761,165,-955,0,0
-139,-101,103,3886,129,-1011,0,0
-159,-155,89,3817,92,-1056,0,0
-172,-169,69,3793,114,-1056,0,0
-190,-139,62,3701,126,-1020,0,0
-212,-126,71,3760,153,-1047,0,0
-216,-140,86,3739,124,-1146,0,0
-194,-101,77,3724,164,-1148,0,0
-150,-86,62,3695,138,-1065,0,0
-96,-80,55,3732,188,-1108,0,0
-51,-66,56,3771,174,-1177,0,0
-25,-75,42,3703,184,-1109,0,0
-32,-102,42,3709,289,-998,0,0
-28,-127,102,3809,285,-915,0,0
-2,-212,170,3836,302,-762,0,0
22,-354,263,3957,347,-677,0,0
65,-540,409,4000,346,-721,0,0
120,-708,546,3763,272,-714,0,0
133,-853,640,3659,233,-747,0,0
139,-1048,703,3421,97,-793,0,0
185,-1286,729,2979,-18,-834,0,0
249,-1412,717,2647,-170,-1002,0,0
321,-1516,702,2278,-362,-1284,0,0
383,-1494,660,1797,-570,-1771,0,0
411,-1371,610,1655,-747,-1890,0,0
373,-1486,621,1390,-858,-2088,0,0
368,-1376,711,1454,-1016,-2917,0,0
295,-1412,742,1252,-1445,-3148,0,0
229,-1577,804,1305,-1711,-3286,0,0
311,-1595,834,836,-2121,-3635,0,0
338,-1557,672,563,-2048,-3902,0,0
351,-1498,551,500,-1934,-4369,0,0
375,-1272,409,359,-2178,-4352,0,0
354,-956,276,332,-2281,-4304,0,0
365,-666,227,236,-2224,-4125,0,0
371,-619,265,93,-2214,-3922,0,0
319,-627,349,15,-2248,-3860,0,0
234,-697,421,-104,-2386,-3835,0,0
171,-805,462,-221,-2403,-3841,0,0
157,-807,485,-384,-2478,-3941,0,0
191,-693,458,-507,-2645,-4110,0,0
250,-628,350,-611,-2819,-4360,0,0
272,-483,281,-735,-2906,-4466,0,0
179,-317,218,-746,-2926,-4430,0,0
58,-176,137,-800,-2883,-4429,0,0
56,10,101,-752,-3023,-4536,0,0
111,87,66,-752,-3079,-4632,0,0
93,228,12,-777,-3132,-4736,0,0
-5,441,-118,-706,-3158,-4728,0,0
-77,678,-304,-548,-3104,-4707,0,0
-82,834,-449,-513,-3061,-4494,0,0
-103,928,-524,-325,-2954,-4315,0,0
-184,1040,-565,-168,-2871,-4247,0,0
-286,1178,-634,45,-2797,-4163,0,0
-366,1246,-729,228,-2643,-3960,0,0
-414,1370,-813,449,-2379,-3778,0,0
-431,1454,-908,657,-2223,-3531,0,0
-421,1511,-993,846,-1997,-3443,0,0
-404,1590,-1063,1102,-1813,-3236,0,0
-393,1590,-1082,1248,-1628,-2965,0,0
-440,1535,-1052,1407,-1335,-2743,0,0
-499,1506,-981,1595,-1151,-2484,0,0
-541,1510,-919,1950,-936,-2400,0,0
-524,1512,-889,2089,-765,-2114,0,0
-495,1434,-838,2294,-560,-1815,0,0
-476,1323,-757,2438,-375,-1661,0,0
-469,1271,-708,2805,-259,-1501,0,0
-408,1161,-626,2922,-109,-1293,0,0
-324,1040,-516,3128,76,-1230,0,0
-196,883,-384,3167,10,-1020,0,0
-104,679,-289,3310,86,-811,0,0
-70,566,-234,3512,99,-836,0,0
-53,509,-205,3703,58,-844,0,0
10,244,-249,3587,76,-710,0,0
-30,131,-301,3466,413,-405,0,0
-215,459,-340,3982,597,-649,0,0
-198,273,-261,3992,502,-550,0,0
-111,98,-157,3772,352,-544,0,0
-30,91,-98,3812,439,-734,0,0
19,40,-33,3885,478,-779,0,0
22,-9,8,3816,400,-808,0,0
-26,-24,0,3785,343,-949,0,0
-52,-67,11,3812,345,-1044,0,0
-67,-53,35,3740,380,-1139,0,0
-96,-36,40,3609,372,-1100,0,0
-119,16,62,3681,444,-1041,0,0
-81,-30,119,3733,496,-843,0,0
-25,-100,181,3914,527,-649,0,0
31,-220,244,3902,438,-738,0,0
87,-346,290,3856,422,-745,0,0
98,-445,318,3847,372,-765,0,0
83,-505,360,3771,383,-824,0,0
77,-567,417,3607,217,-839,0,0
81,-646,476,3484,138,-994,0,0
95,-739,529,3297,59,-1122,0,0
116,-803,581,3119,-36,-1163,0,0
131,-839,615,2969,-181,-1247,0,0
162,-887,632,2794,-274,-1409,0,0
239,-823,593,2616,-577,-1588,0,0
358,-790,543,2647,-705,-1725,0,0
488,-992,594,2518,-741,-1734,0,0
514,-1146,732,2319,-950,-1957,0,0
441,-1290,843,2048,-992,-2101,0,0
288,-1323,890,1926,-1285,-2453,0,0
277,-1380,894,1473,-1369,-2497,0,0
334,-1148,713,1544,-1765,-2873,0,0
560,-1060,562,1587,-1826,-3142,0,0
599,-925,557,1550,-2021,-3133,0,0
548,-1051,632,1478,-2245,-3381,0,0
488,-1101,638,1293,-2455,-3623,0,0
466,-996,592,1239,-2621,-3938,0,0
428,-1121,600,1051,-2626,-3843,0,0
356,-1144,640,715,-2724,-3674,0,0
238,-942,616,668,-2739,-3866,0,0
279,-886,605,422,-2838,-3717,0,0
319,-867,544,79,-2953,-3759,0,0
273,-692,445,64,-3053,-3991,0,0
208,-586,368,-39,-3156,-3953,0,0
134,-478,276,-138,-3152,-3929,0,0
42,-433,189,-230,-3125,-3904,0,0
-14,-380,136,-351,-3123,-3900,0,0
-5,-337,123,-416,-3152,-3922,0,0
-10,-269,111,-426,-3158,-4058,0,0
-14,-170,72,-444,-3183,-4106,0,0
-7,-38,-24,-391,-3296,-4141,0,0
15,75,-112,-407,-3318,-4229,0,0
-39,245,-216,-335,-3295,-4363,0,0
-117,425,-328,-323,-3238,-4217,0,0
-177,569,-417,-178,-3142,-4105,0,0
-203,712,-460,-16,-3139,-4102,0,0
-241,831,-525,111,-3081,-4019,0,0
-307,960,-633,267,-2966,-3965,0,0
-397,1067,-717,431,-2746,-3716,0,0
-482,1136,-760,578,-2552,-3483,0,0
-509,1154,-793,839,-2339,-3377,0,0
-458,1167,-805,987,-2200,-3278,0,0
-401,1206,-836,1244,-2067,-3232,0,0
-375,1211,-840,1337,-1907,-3186,0,0
-397,1259,-807,1455,-1710,-3034,0,0
-449,1289,-790,1789,-1546,-2801,0,0
-465,1263,-775,1971,-1400,-2672,0,0
-458,1277,-782,2199,-1252,-2513,0,0
-432,1262,-789,2328,-1146,-2404,0,0
-440,1274,-800,2483,-939,-2223,0,0
-497,1271,-813,2594,-769,-1916,0,0
-521,1218,-764,2729,-503,-1623,0,0
-496,1156,-675,2965,-335,-1475,0,0
-440,1105,-599,3100,-255,-1341,0,0
-386,1013,-574,3213,-125,-1191,0,0
-299,992,-554,3307,-70,-1093,0,0
-238,920,-527,3365,76,-957,0,0
-190,835,-479,3384,86,-788,0,0
-164,764,-410,3595,230,-702,0,0
-163,657,-342,3626,210,-596,0,0
-167,593,-277,3610,244,-526,0,0
-178,475,-253,3631,333,-421,0,0
-153,457,-267,3693,368,-462,0,0
-41,341,-206,3656,448,-362,0,0
-17,337,-140,3659,458,-316,0,0
-70,404,-120,3729,448,-374,0,0
-100,350,-144,3859,515,-197,0,0
-118,304,-174,4007,534,-74,0,0
-94,179,-201,3956,612,1,0,0
-54,58,-211,3984,716,34,0,0
-11,30,-191,3824,678,-32,0,0
10,-19,-145,3848,794,-15,0,0
13,-62,-77,3901,808,-42,0,0
-2,-44,-15,3883,745,-129,0,0
-42,-39,21,3926,714,-226,0,0
-68,-39,45,3799,689,-200,0,0
-92,-76,61,3814,723,-165,0,0
-91,-104,89,3855,628,-251,0,0
-73,-144,98,3834,607,-280,0,0
-89,-168,96,3849,614,-296,0,0
-123,-129,95,3807,630,-347,0,0
-146,-112,81,3822,638,-278,0,0
-141,-92,84,3839,625,-277,0,0
-89,-79,93,3866,604,-284,0,0
-19,-126,112,3834,562,-271,0,0
31,-150,128,3852,538,-340,0,0
60,-147,127,3863,511,-420,0,0
77,-164,121,3829,505,-428,0,0
77,-155,119,3862,475,-445,0,0
85,-146,114,3864,428,-504,0,0
103,-157,102,3859,429,-485,0,0
114,-188,109,3869,437,-440,0,0
136,-220,138,3864,412,-482,0,0
155,-278,162,3822,394,-480,0,0
159,-341,204,3814,411,-480,0,0
161,-374,258,3733,376,-525,0,0
169,-408,305,3723,353,-546,0,0
185,-512,365,3703,296,-538,0,0
206,-606,428,3558,227,-595,0,0
216,-739,486,3398,215,-650,0,0
220,-867,564,3235,123,-678,0,0
235,-984,656,2963,-37,-836,0,0
239,-1094,731,2688,-200,-1007,0,0
168,-1058,756,2441,-351,-1341,0,0
50,-841,626,2667,-646,-2116,0,0
79,-800,508,2789,-857,-2320,0,0
111,-1010,544,2467,-1006,-1955,0,0
114,-1071,613,2564,-876,-2162,0,0
203,-1171,670,2336,-1138,-2270,0,0
313,-1334,678,2338,-1099,-2288,0,0
367,-1463,667,2119,-1254,-2440,0,0
432,-1688,748,1812,-1309,-2645,0,0
528,-1586,848,1491,-1828,-3087,0,0
689,-1507,845,1300,-1959,-3398,0,0
707,-1437,775,1173,-2216,-3615,0,0
654,-1253,771,995,-2441,-3951,0,0
580,-1068,695,941,-2738,-3890,0,0
496,-994,626,786,-2765,-3950,0,0
354,-879,590,641,-2694,-3807,0,0
150,-772,499,484,-2814,-3833,0,0
72,-740,368,324,-2732,-3893,0,0
82,-728,237,39,-2719,-3890,0,0
110,-666,175,-96,-2700,-3811,0,0
125,-608,245,-221,-2798,-3994,0,0
141,-586,309,-225,-2979,-4189,0,0
185,-558,339,-294,-3179,-4492,0,0
176,-421,285,-310,-3384,-4758,0,0
104,-183,110,-273,-3476,-4879,0,0
27,60,-87,-341,-3405,-4770,0,0
-70,296,-218,-380,-3318,-4571,0,0
-174,450,-306,-280,-3234,-4409,0,0
-240,588,-365,-179,-3113,-4321,0,0
-276,716,-449,-46,-3007,-4200,0,0
-310,794,-542,22,-2872,-4029,0,0
-331,921,-597,191,-2718,-4039,0,0
-373,1039,-633,347,-2633,-3894,0,0
-407,1165,-695,513,-2544,-3799,0,0
-397,1261,-718,633,-2437,-3645,0,0
-406,1346,-777,977,-2306,-3687,0,0
-378,1435,-863,1245,-2181,-3530,0,0
-337,1494,-950,1331,-1958,-3308,0,0
-360,1577,-1023,1585,-1715,-3112,0,0
-401,1597,-1035,1733,-1521,-2890,0,0
-446,1619,-982,1880,-1250,-2504,0,0
-537,1557,-909,1980,-1049,-2165,0,0
-620,1487,-848,2286,-792,-1933,0,0
-591,1437,-802,2459,-692,-1708,0,0
-480,1362,-780,2645,-515,-1288,0,0
-412,1231,-736,2832,-237,-1130,0,0
-364,1106,-686,2974,-184,-1025,0,0
-332,991,-590,3197,45,-932,0,0
-334,859,-436,3293,111,-822,0,0
-381,713,-303,3283,154,-691,0,0
-419,596,-255,3529,222,-633,0,0
-318,543,-224,3605,112,-647,0,0
-218,504,-236,3698,224,-606,0,0
-161,536,-282,3596,220,-545,0,0
-134,544,-290,3735,376,-488,0,0
-131,529,-269,3785,386,-431,0,0
-120,513,-261,3685,374,-270,0,0
-127,393,-260,3763,538,-123,0,0
-121,395,-210,3836,555,-107,0,0
-91,355,-181,3839,539,-65,0,0
-60,263,-169,3922,581,-74,0,0
-29,234,-154,3851,627,-72,0,0
-15,181,-141,3866,644,-11,0,0
-1,125,-111,3842,633,13,0,0
1,85,-97,3839,680,21,0,0
-2,43,-78,3929,684,-8,0,0
14,23,-44,3864,622,-56,0,0
22,-20,-35,3817,708,23,0,0
9,-26,-21,3830,753,64,0,0
7,-44,13,3871,683,24,0,0
20,-57,29,3878,663,-24,0,0
36,-75,38,3871,686,-6,0,0
47,-96,62,3834,689,24,0,0
47,-132,90,3880,681,-2,0,0
46,-177,117,3904,666,-28,0,0
48,-250,142,3919,683,-2,0,0
60,-309,188,3924,665,-19,0,0
87,-394,233,3867,609,-45,0,0
114,-504,285,3848,647,-26,0,0
125,-633,344,3744,634,2,0,0
141,-759,424,3719,584,-71,0,0
197,-937,534,3568,511,-91,0,0
243,-1095,630,3293,427,-107,0,0
276,-1244,716,2895,333,-213,0,0
339,-1419,822,2706,254,-409,0,0
421,-1575,935,2393,-154,-759,0,0
477,-1582,923,1971,-590,-1357,0,0
501,-1639,809,1763,-714,-1930,0,0
468,-1487,777,2213,-994,-2439,0,0
486,-1624,880,2020,-1055,-2405,0,0
393,-1704,941,1927,-1119,-2405,0,0
344,-1615,971,1533,-1449,-2817,0,0
411,-1597,952,1469,-1596,-2968,0,0
538,-1616,966,1056,-1896,-3278,0,0
581,-1561,930,1078,-2015,-3489,0,0
611,-1530,956,752,-2336,-3831,0,0
565,-1319,844,588,-2700,-4181,0,0
530,-1264,761,478,-2772,-4189,0,0
457,-1191,693,201,-2829,-4157,0,0
294,-1066,593,85,-2814,-4170,0,0
204,-945,548,-104,-2840,-4082,0,0
149,-869,468,-342,-2864,-4114,0,0
110,-746,374,-565,-2914,-4166,0,0
121,-644,318,-630,-2961,-4168,0,0
177,-545,322,-692,-3155,-4333,0,0
206,-429,334,-762,-3297,-4542,0,0
149,-258,289,-727,-3451,-4733,0,0
59,-52,175,-715,-3517,-4834,0,0
-19,152,-19,-661,-3487,-4870,0,0
-71,382,-197,-673,-3390,-4764,0,0
-147,558,-326,-565,-3268,-4560,0,0
-240,721,-406,-477,-3068,-4426,0,0
-286,896,-520,-325,-2961,-4231,0,0
-268,1017,-641,-170,-2792,-4044,0,0
-259,1073,-717,-27,-2619,-3897,0,0
-303,1174,-753,135,-2478,-3686,0,0
-366,1239,-742,302,-2293,-3509,0,0
-396,1257,-679,465,-2126,-3377,0,0
-386,1236,-597,775,-1980,-3145,0,0
-339,1244,-586,1140,-2011,-3144,0,0
-291,1283,-672,1398,-1933,-3171,0,0
-252,1291,-725,1507,-1924,-3117,0,0
-252,1295,-749,1752,-1815,-3121,0,0
-278,1355,-796,1956,-1667,-3014,0,0
-330,1449,-885,2095,-1541,-2690,0,0
-387,1456,-954,2146,-1282,-2356,0,0
-377,1418,-955,2238,-1039,-1997,0,0
-341,1380,-920,2431,-765,-1719,0,0
-322,1278,-875,2655,-534,-1470,0,0
-325,1128,-792,2865,-327,-1191,0,0
-333,1012,-672,3067,-182,-1076,0,0
-274,829,-556,3251,-101,-1044,0,0
-143,590,-454,3263,-32,-1019,0,0
-94,531,-393,3446,13,-1102,0,0
-58,380,-301,3526,-42,-1072,0,0
-50,199,-210,3442,-66,-914,0,0
-173,213,-214,3537,-13,-1123,0,0
-235,280,-258,3786,42,-1305,0,0
-200,317,-269,3648,-64,-1115,0,0
-219,413,-331,3726,90,-1090,0,0
-200,464,-355,3654,191,-944,0,0
-172,478,-372,3604,300,-719,0,0
-168,438,-359,3711,461,-536,0,0
-160,403,-288,3712,471,-462,0,0
-151,314,-195,3799,565,-459,0,0
-104,314,-114,3801,512,-568,0,0
-45,195,-82,3875,517,-489,0,0
-21,175,-81,3819,506,-498,0,0
-17,203,-89,3844,522,-500,0,0
-41,176,-85,3843,500,-454,0,0
-76,131,-75,3842,551,-424,0,0
-95,88,-53,3893,598,-393,0,0
-83,45,-11,3883,620,-288,0,0
-61,2,13,3884,602,-254,0,0
-22,-49,34,3934,638,-267,0,0
16,-107,84,3938,651,-286,0,0
37,-145,129,3905,581,-342,0,0
36,-194,159,3906,593,-394,0,0
29,-243,207,3857,555,-427,0,0
14,-315,276,3859,508,-438,0,0
-12,-386,348,3855,411,-529,0,0
-43,-514,399,3839,334,-612,0,0
-73,-603,433,3860,335,-664,0,0
-98,-623,466,3801,258,-743,0,0
-68,-625,521,3662,164,-927,0,0
-3,-676,592,3531,159,-953,0,0
25,-673,643,3548,40,-1048,0,0
34,-641,699,3646,-56,-1249,0,0
22,-754,697,3388,-148,-1247,0,0
26,-820,628,3268,-227,-1229,0,0
91,-919,615,3241,-396,-1263,0,0
203,-1074,638,2986,-647,-1417,0,0
315,-1171,643,2741,-691,-1587,0,0
353,-1250,674,2637,-762,-1675,0,0
327,-1321,717,2352,-994,-1849,0,0
278,-1399,751,2245,-1111,-1954,0,0
234,-1582,721,1966,-1376,-2089,0,0
271,-1722,688,1666,-1308,-2367,0,0
322,-1836,667,1301,-1362,-2520,0,0
360,-1871,657,913,-1390,-2763,0,0
411,-1779,665,616,-1497,-2943,0,0
454,-1725,674,190,-1826,-2996,0,0
428,-1639,647,216,-1995,-3280,0,0
481,-1538,631,-264,-2143,-3910,0,0
436,-1225,669,-53,-2399,-3915,0,0
402,-1291,760,-454,-2613,-4177,0,0
368,-1137,708,-592,-2687,-4180,0,0
295,-1150,622,-869,-2613,-4072,0,0
212,-942,580,-873,-2662,-4184,0,0
244,-882,581,-1052,-2713,-4108,0,0
251,-780,541,-1471,-2790,-3868,0,0
187,-574,407,-1371,-2800,-3943,0,0
219,-575,414,-1461,-2798,-3985,0,0
216,-596,435,-1761,-2836,-3783,0,0
95,-461,302,-1686,-2886,-3871,0,0
45,-341,213,-1760,-2866,-3874,0,0
55,-260,158,-1879,-2931,-3776,0,0
65,-194,116,-1930,-2956,-3877,0,0
68,-88,90,-1913,-2963,-3938,0,0
20,11,42,-1906,-2907,-3926,0,0
-20,105,-26,-1856,-2979,-3961,0,0
1,215,-120,-1847,-2973,-3962,0,0
3,372,-273,-1764,-2924,-4015,0,0
7,484,-371,-1707,-2932,-4049,0,0
-39,609,-402,-1579,-2883,-4007,0,0
-164,771,-430,-1355,-2819,-3931,0,0
-278,908,-470,-1182,-2834,-3786,0,0
-337,993,-528,-997,-2717,-3688,0,0
-329,1048,-582,-786,-2587,-3613,0,0
-296,1084,-594,-608,-2556,-3606,0,0
-303,1134,-603,-441,-2456,-3586,0,0
-331,1208,-659,-154,-2349,-3580,0,0
-316,1206,-673,52,-2275,-3521,0,0
-285,1199,-698,243,-2266,-3530,0,0
-257,1208,-733,438,-2160,-3535,0,0
-252,1263,-772,663,-2102,-3399,0,0
-303,1326,-813,866,-1894,-3191,0,0
-386,1376,-839,998,-1640,-2868,0,0
-416,1288,-796,1431,-1540,-2747,0,0
-349,1081,-688,1666,-1496,-2891,0,0
-274,1104,-678,1747,-1471,-2916,0,0
-233,1095,-682,1956,-1266,-2774,0,0
-241,1103,-641,2095,-1086,-2518,0,0
-290,1095,-632,2329,-1078,-2253,0,0
-269,1030,-632,2699,-939,-2316,0,0
-202,988,-614,2708,-815,-2276,0,0
-156,1000,-634,2773,-814,-2220,0,0
-137,1038,-669,2840,-637,-2052,0,0
-196,1104,-683,3024,-474,-1701,0,0
-251,1055,-634,3193,-319,-1548,0,0
-256,951,-520,3307,-256,-1381,0,0
-267,842,-449,3438,-198,-1319,0,0
-231,752,-409,3454,-165,-1255,0,0
-166,690,-389,3539,-43,-1198,0,0
-96,653,-388,3627,-3,-1097,0,0
-51,647,-396,3564,46,-966,0,0
-46,634,-412,3713,159,-904,0,0
-42,612,-368,3671,249,-816,0,0
-63,613,-327,3746,326,-626,0,0
-60,516,-260,3753,368,-462,0,0
-47,397,-183,3805,447,-334,0,0
-28,291,-102,3922,418,-369,0,0
5,210,-54,3861,364,-431,0,0
1,177,-67,3899,400,-440,0,0
4,172,-67,3871,414,-404,0,0
17,156,-52,3893,384,-401,0,0
21,104,-39,3856,416,-371,0,0
-1,83,-45,3869,463,-282,0,0
-7,54,-23,3905,438,-324,0,0
19,21,3,3879,429,-301,0,0
30,-15,4,3887,465,-308,0,0
56,29,0,3880,439,-291,0,0
68,41,-17,3930,406,-270,0,0
41,-27,-29,3948,486,-280,0,0
8,-97,20,3917,518,-237,0,0
-30,-199,108,3880,525,-144,0,0
-89,-325,183,3823,479,-184,0,0
-124,-396,232,3846,506,-351,0,0
-109,-467,285,3803,461,-285,0,0
-86,-566,345,3683,411,-298,0,0
-53,-613,388,3589,336,-468,0,0
-29,-610,391,3464,261,-594,0,0
-27,-521,328,3406,186,-733,0,0
-22,-320,237,3305,109,-738,0,0
7,-392,222,3202,99,-622,0,0
88,-530,285,2989,-50,-659,0,0
192,-738,354,2885,-43,-661,0,0
253,-1043,471,2789,-214,-785,0,0
320,-1194,537,2508,-436,-1278,0,0
397,-1332,538,2720,-477,-1536,0,0
546,-1413,632,2635,-754,-1894,0,0
698,-1556,711,2434,-815,-2195,0,0
688,-1605,810,2284,-954,-2431,0,0
599,-1635,960,2128,-1201,-2671,0,0
502,-1628,1022,1979,-1548,-2988,0,0
507,-1623,1032,1748,-1744,-3487,0,0
534,-1496,933,1659,-2051,-3540,0,0
540,-1400,867,1605,-2165,-3948,0,0
539,-1238,742,1379,-2435,-4065,0,0
493,-1039,663,1392,-2337,-4092,0,0
550,-878,578,879,-2844,-3739,0,0
520,-937,443,811,-2660,-4005,0,0
387,-801,365,733,-2742,-4134,0,0
234,-660,329,519,-2866,-3892,0,0
157,-568,291,449,-2884,-3873,0,0
170,-522,300,422,-2981,-3883,0,0
196,-495,316,312,-3068,-4062,0,0
186,-374,251,294,-3176,-4231,0,0
164,-227,159,242,-3302,-4336,0,0
102,-48,24,287,-3362,-4415,0,0
31,110,-115,201,-3337,-4394,0,0
-23,240,-216,193,-3241,-4242,0,0
-90,359,-274,337,-3117,-4188,0,0
-166,495,-339,438,-2998,-4068,0,0
-229,588,-404,448,-2926,-3906,0,0
-272,695,-470,562,-2828,-3821,0,0
-287,765,-524,758,-2744,-3735,0,0
-301,792,-565,868,-2652,-3635,0,0
-346,820,-610,987,-2551,-3622,0,0
-404,884,-660,1153,-2431,-3551,0,0
-455,926,-695,1285,-2301,-3434,0,0
-459,983,-747,1461,-2138,-3315,0,0
-427,994,-807,1615,-1983,-3211,0,0
-377,1039,-836,1718,-1749,-3242,0,0
-340,1145,-844,1877,-1609,-3060,0,0
-350,1196,-845,2014,-1482,-2874,0,0
-385,1221,-837,2190,-1196,-2714,0,0
-400,1255,-799,2292,-1054,-2423,0,0
-386,1224,-763,2372,-887,-2102,0,0
-340,1115,-726,2497,-677,-1895,0,0
-321,1071,-685,2727,-530,-1752,0,0
-324,938,-621,2922,-444,-1590,0,0
-309,728,-529,3071,-289,-1439,0,0
-326,607,-466,3019,-195,-1410,0,0
-366,612,-457,3194,-86,-1314,0,0
-339,636,-417,3370,-30,-1314,0,0
-303,718,-410,3421,48,-1280,0,0
-285,714,-414,3388,132,-1124,0,0
-275,720,-420,3416,221,-978,0,0
-267,722,-398,3520,289,-898,0,0
-273,646,-337,3582,435,-789,0,0
-297,552,-267,3568,513,-595,0,0
-277,467,-178,3608,470,-523,0,0
-235,423,-148,3743,415,-464,0,0
-200,355,-133,3772,429,-433,0,0
-175,224,-108,3854,530,-394,0,0
-150,202,-65,3754,594,-229,0,0
-131,128,-27,3784,703,-88,0,0
-102,72,38,3880,650,-97,0,0
-63,26,88,3905,574,-181,0,0
-37,-55,103,3997,552,-205,0,0
-7,-113,116,3978,490,-285,0,0
20,-136,133,3944,456,-336,0,0
23,-132,121,3882,455,-360,0,0
15,-158,114,3837,540,-323,0,0
21,-203,163,3820,502,-294,0,0
37,-303,215,3860,431,-334,0,0
48,-415,273,3879,416,-426,0,0
54,-490,321,3789,384,-454,0,0
75,-558,361,3760,286,-448,0,0
108,-672,406,3670,203,-539,0,0
164,-724,427,3482,114,-696,0,0
206,-723,426,3354,10,-821,0,0
213,-744,428,3170,-40,-1015,0,0
231,-776,426,3111,-122,-1251,0,0
280,-917,457,2942,-161,-1220,0,0
303,-899,476,2616,-235,-1179,0,0
341,-980,553,2608,-257,-1282,0,0
471,-1126,706,2273,-439,-1447,0,0
600,-1293,805,2146,-583,-1676,0,0
674,-1375,946,2034,-953,-2174,0,0
674,-1435,1009,1864,-1299,-2514,0,0
576,-1448,977,1862,-1631,-2921,0,0
495,-1396,922,1831,-2006,-3254,0,0
431,-1299,856,1874,-2227,-3559,0,0
379,-1152,753,1648,-2332,-3614,0,0
270,-1013,672,1584,-2289,-3605,0,0
245,-938,615,1338,-2320,-3479,0,0
286,-859,585,1332,-2353,-3579,0,0
419,-841,599,963,-2596,-3687,0,0
435,-789,512,974,-2730,-3839,0,0
436,-758,528,724,-2788,-3820,0,0
297,-644,487,660,-2918,-3840,0,0
204,-572,453,656,-2997,-3807,0,0
228,-2592,399,559,-3006,-3707,0,0
187,-458,269,397,-3108,-3800,0,0
134,-381,170,253,-3030,-3618,0,0
85,-383,151,214,-3086,-3697,0,0
74,-365,185,178,-3164,-3821,0,0
47,-344,212,133,-3200,-3894,0,0
-18,-243,161,101,-3262,-4022,0,0
-40,-125,45,112,-3264,-3995,0,0
-16,-34,-80,102,-3224,-4050,0,0
-8,67,-157,71,-3135,-3981,0,0
-42,174,-199,134,-3110,-3947,0,0
-86,299,-231,178,-3116,-3973,0,0
-146,412,-315,278,-3075,-3944,0,0
-218,501,-410,385,-2953,-3826,0,0
-263,580,-461,526,-2852,-3761,0,0
-266,618,-523,573,-2804,-3717,0,0
-254,670,-582,568,-2731,-3689,0,0
-298,753,-624,770,-2636,-3699,0,0
-365,826,-635,930,-2578,-3606,0,0
-418,921,-673,1192,-2472,-3610,0,0
-391,1004,-722,1316,-2362,-3542,0,0
-345,1073,-789,1425,-2198,-3344,0,0
-328,1136,-830,1685,-2052,-3243,0,0
-302,1166,-846,1818,-1917,-3196,0,0
-322,1229,-896,1936,-1721,-2939,0,0
-401,1228,-909,2010,-1521,-2745,0,0
-422,1247,-876,2149,-1364,-2547,0,0
-430,1208,-840,2296,-1102,-2202,0,0
-444,1174,-827,2451,-930,-1997,0,0
-397,1172,-812,2570,-768,-1841,0,0
-351,1060,-788,2727,-527,-1667,0,0
-357,1020,-748,2823,-350,-1506,0,0
-381,911,-702,2936,-191,-1212,0,0
-359,796,-615,3208,-19,-1129,0,0
-307,623,-507,3249,-29,-1079,0,0
-257,505,-410,3258,179,-1086,0,0
-223,500,-330,3265,228,-1034,0,0
-212,491,-258,3528,216,-1097,0,0
-230,432,-199,3618,202,-1050,0,0
-282,406,-162,3617,227,-1022,0,0
-317,317,-97,3684,210,-966,0,0
-347,137,-60,3532,114,-971,0,0
-388,149,-66,3645,297,-975,0,0
-376,197,-34,3741,427,-772,0,0
-316,263,23,3684,378,-668,0,0
-227,191,48,3748,415,-504,0,0
-155,82,49,3850,411,-333,0,0
-82,77,59,3826,346,-366,0,0
-5,64,51,4005,374,-580,0,0
61,-49,60,3972,292,-614,0,0
62,-56,58,3862,327,-660,0,0
40,-48,71,3895,330,-686,0,0
33,-73,105,3891,292,-721,0,0
19,-72,103,3888,275,-714,0,0
4,-127,95,3917,299,-674,0,0
18,-173,113,3860,271,-684,0,0
39,-244,128,3843,259,-695,0,0
45,-346,173,3733,291,-722,0,0
27,-363,254,3731,317,-773,0,0
26,-367,336,3792,188,-874,0,0
68,-485,390,3759,67,-875,0,0
129,-568,421,3695,12,-914,0,0
170,-645,442,3585,-48,-996,0,0
187,-712,469,3360,-129,-1064,0,0
195,-744,537,3171,-203,-1011,0,0
201,-875,668,3015,-328,-907,0,0
204,-1022,792,2880,-477,-1178,0,0
256,-1075,810,2714,-628,-1531,0,0
340,-1187,768,2485,-783,-1727,0,0
411,-1201,708,2227,-893,-1839,0,0
478,-1278,681,2071,-979,-2059,0,0
530,-1262,686,1827,-1181,-2298,0,0
543,-1337,733,1555,-1323,-2342,0,0
511,-1367,813,1448,-1510,-2564,0,0
464,-1416,909,1174,-1866,-2915,0,0
439,-1323,883,1255,-2152,-3470,0,0
462,-1221,780,1164,-2531,-3615,0,0
486,-1147,639,1037,-2640,-3760,0,0
466,-963,515,775,-2793,-3801,0,0
376,-756,401,773,-2826,-3783,0,0
327,-558,342,867,-2931,-3843,0,0
331,-492,298,838,-3080,-3858,0,0
296,-465,225,757,-3117,-3880,0,0
250,-476,216,649,-3027,-3883,0,0
186,-500,242,417,-2953,-3709,0,0
123,-484,260,272,-3138,-3574,0,0
80,-486,290,293,-2934,-3658,0,0
58,-431,290,271,-3087,-3692,0,0
56,-389,216,231,-3063,-3727,0,0
52,-311,128,174,-3048,-3778,0,0
33,-258,86,101,-3020,-3705,0,0
36,-206,67,61,-2986,-3708,0,0
39,-126,34,18,-2964,-3673,0,0
20,-79,7,-52,-3007,-3635,0,0
-3,-19,25,-8,-2979,-3738,0,0
-25,43,24,-15,-3082,-3750,0,0
-33,93,-15,-11,-3103,-3756,0,0
-52,157,-46,72,-3113,-3852,0,0
-84,215,-75,59,-3181,-3869,0,0
-104,313,-154,145,-3174,-3925,0,0
-101,386,-240,144,-3160,-3801,0,0
-168,487,-331,274,-3074,-3782,0,0
-240,558,-365,393,-2999,-3750,0,0
-286,621,-385,455,-2905,-3666,0,0
-301,680,-439,631,-2880,-3617,0,0
-305,707,-492,623,-2720,-3568,0,0
-342,770,-581,758,-2502,-3465,0,0
-322,867,-651,846,-2386,-3279,0,0
-273,930,-698,1248,-2307,-3267,0,0
-240,953,-709,1345,-2197,-3210,0,0
-258,980,-759,1516,-2019,-3126,0,0
-235,955,-750,1662,-1999,-3100,0,0
-226,954,-767,1809,-1921,-3071,0,0
-227,964,-796,1953,-1785,-3002,0,0
-235,1028,-814,2057,-1646,-2866,0,0
-252,1085,-836,2187,-1566,-2734,0,0
-264,1141,-854,2225,-1396,-2537,0,0
-308,1203,-909,2362,-1127,-2214,0,0
-316,1167,-880,2457,-901,-1812,0,0
-337,1088,-779,2654,-751,-1571,0,0
-353,976,-686,2960,-601,-1519,0,0
-329,880,-610,3119,-524,-1481,0,0
-296,793,-595,3233,-446,-1405,0,0
-269,733,-573,3346,-269,-1410,0,0
-238,693,-512,3389,-162,-1259,0,0
-234,613,-443,3410,-164,-1094,0,0
-248,441,-326,3594,-23,-1103,0,0
-220,322,-196,3774,-89,-1275,0,0
-106,325,-116,3608,-169,-1387,0,0
-84,442,-213,3383,28,-906,0,0
-265,460,-383,3409,269,-562,0,0
-348,359,-347,3528,516,-486,0,0
-306,425,-191,3679,473,-632,0,0
-205,323,-89,3729,301,-650,0,0
-124,220,-82,3923,285,-600,0,0
-73,197,-83,3845,356,-574,0,0
-37,182,-65,3825,410,-569,0,0
-7,163,-17,3856,363,-556,0,0
3,79,44,3866,338,-514,0,0
-1,31,93,3871,282,-504,0,0
1,13,147,3984,209,-668,0,0
6,-20,134,3934,98,-667,0,0
5,-25,38,3945,102,-606,0,0
19,-39,5,3840,219,-595,0,0
55,-26,43,3816,251,-591,0,0
79,-70,71,3856,205,-572,0,0
87,-101,93,3900,207,-589,0,0
101,-121,161,3847,256,-577,0,0
88,-173,233,3852,254,-494,0,0
70,-324,322,3823,147,-454,0,0
91,-502,414,3867,114,-529,0,0
159,-670,510,3803,18,-617,0,0
227,-801,568,3598,-60,-733,0,0
231,-878,586,3451,-74,-787,0,0
189,-918,611,3310,-110,-846,0,0
162,-955,665,3138,-227,-880,0,0
175,-1013,733,2771,-424,-1052,0,0
145,-1090,769,2522,-548,-1229,0,0
82,-1197,803,2496,-754,-1538,0,0
57,-1274,816,2367,-952,-1775,0,0
45,-1341,818,2004,-1173,-1961,0,0
52,-1424,843,1835,-1113,-2051,0,0
48,-1502,867,1716,-1331,-2326,0,0
114,-1569,910,1629,-1525,-2859,0,0
218,-1527,841,1182,-1648,-3063,0,0
218,-844,727,1328,-1868,-3404,0,0
290,-697,636,1553,-2023,-4039,0,0
444,-901,627,1350,-2279,-3765,0,0
455,-900,544,1263,-2352,-3803,0,0
449,-867,525,1117,-2405,-3793,0,0
479,-929,556,710,-2686,-3756,0,0
436,-924,519,630,-2674,-3738,0,0
404,-808,620,451,-2770,-3596,0,0
308,-370,714,388,-3036,-3729,0,0
198,-447,605,474,-2916,-3924,0,0
170,-611,511,338,-3041,-3797,0,0
162,-606,432,244,-3064,-3774,0,0
171,-607,344,63,-3017,-3728,0,0
192,-613,325,-155,-3086,-3628,0,0
178,-578,314,-278,-3147,-3704,0,0
139,-549,262,-331,-3198,-3972,0,0
133,-466,153,-394,-3345,-4021,0,0
126,-309,48,-478,-3345,-4019,0,0
91,-159,1,-584,-3431,-4110,0,0
44,20,-58,-545,-3443,-4148,0,0
24,179,-154,-441,-3513,-4217,0,0
27,299,-246,-417,-3478,-4107,0,0
-34,428,-359,-280,-3326,-3919,0,0
-138,557,-449,-64,-3185,-3879,0,0
-201,643,-526,-43,-3160,-3680,0,0
-258,715,-641,24,-2976,-3498,0,0
-305,786,-674,159,-2832,-3452,0,0
-279,766,-650,338,-2782,-3381,0,0
-205,777,-659,541,-2839,-3505,0,0
-125,859,-702,651,-2842,-3515,0,0
-118,969,-787,840,-2851,-3569,0,0
-167,1057,-843,1071,-2705,-3595,0,0
-256,1144,-909,1292,-2577,-3457,0,0
-366,1150,-1023,1369,-2391,-3198,0,0
-471,1190,-1123,1521,-2085,-2945,0,0
-546,1235,-1157,1631,-1732,-2604,0,0
-517,1229,-1098,1893,-1490,-2435,0,0
-427,1192,-998,2007,-1417,-2347,0,0
-360,1169,-963,2231,-1257,-2258,0,0
-331,1183,-945,2465,-1065,-2278,0,0
-334,1192,-901,2573,-826,-2041,0,0
-378,1146,-858,2488,-593,-1528,0,0
-405,1047,-744,2764,-308,-1189,0,0
-360,957,-560,3026,-210,-1224,0,0
-300,823,-475,3237,-426,-1170,0,0
-255,584,-389,3341,-343,-1435,0,0
-207,561,-357,3557,-240,-1508,0,0
-290,589,-500,3345,-174,-1283,0,0
-396,578,-539,3502,53,-1101,0,0
-405,598,-389,3394,95,-836,0,0
-385,539,-253,3437,126,-643,0,0
-367,408,-153,3642,104,-572,0,0
-369,335,-119,3715,60,-579,0,0
-404,107,-142,3902,230,-533,0,0
-421,180,-169,3922,308,-683,0,0
-376,331,-198,3876,445,-637,0,0
-284,203,-190,3833,513,-410,0,0
-203,249,-177,3724,533,-361,0,0
-120,211,-159,3874,570,-438,0,0
-41,110,-106,3848,507,-407,0,0
-43,-14,-80,3879,494,-384,0,0
-43,-68,-83,3880,451,-616,0,0
-2,-50,-126,3861,546,-621,0,0
-2,-45,-116,3781,759,-544,0,0
-48,2,-12,3599,774,-466,0,0
-78,-30,107,3736,701,-407,0,0
-48,-80,208,3813,528,-418,0,0
-6,-92,209,4001,458,-523,0,0
41,-125,184,4010,430,-503,0,0
60,-195,158,3856,489,-415,0,0
58,-238,153,3732,556,-402,0,0
108,-286,206,3761,541,-520,0,0
195,-385,310,3728,456,-502,0,0
220,-576,414,3679,463,-494,0,0
216,-653,537,3638,390,-619,0,0
233,-738,655,3455,171,-640,0,0
238,-874,709,3269,46,-690,0,0
271,-957,727,3094,-36,-913,0,0
362,-1028,784,2949,-172,-1062,0,0
442,-1061,873,2597,-430,-1187,0,0
478,-1085,897,2482,-738,-1347,0,0
492,-1176,921,2379,-1031,-1604,0,0
491,-1296,994,2187,-1315,-1781,0,0
459,-1484,910,1854,-1444,-1998,0,0
446,-1411,791,2063,-1403,-2553,0,0
470,-1271,853,2013,-1553,-2851,0,0
440,-1308,854,1683,-1919,-3003,0,0
377,-1308,820,1670,-2029,-3195,0,0
368,-1291,823,1252,-2325,-3317,0,0
381,-1149,787,1163,-2367,-3643,0,0
464,-972,794,1171,-2536,-3588,0,0
420,-869,818,1124,-2859,-3653,0,0
308,-883,786,1097,-2916,-3774,0,0
292,-894,695,835,-3192,-3689,0,0
305,-896,511,678,-3117,-3718,0,0
238,-771,332,519,-3106,-3716,0,0
131,-640,241,366,-2983,-3671,0,0
48,-490,210,14,-2987,-3574,0,0
12,-361,223,-26,-2918,-3444,0,0
52,-419,279,13,-2927,-3359,0,0
131,-447,328,24,-3149,-3643,0,0
194,-436,311,-16,-3274,-3810,0,0
180,-376,219,-227,-3344,-3930,0,0
111,-267,122,-253,-3370,-3829,0,0
24,-247,67,-221,-3380,-3762,0,0
-93,-169,46,-204,-3314,-3888,0,0
-169,-86,-22,-289,-3287,-3885,0,0
-190,31,-139,-346,-3254,-3827,0,0
-176,118,-247,-314,-3136,-3752,0,0
-144,194,-265,-270,-3152,-3856,0,0
-104,309,-292,-183,-3213,-3970,0,0
-92,448,-409,-33,-3254,-4060,0,0
-146,590,-550,87,-3208,-4068,0,0
-235,691,-633,201,-3077,-3985,0,0
-297,756,-686,238,-3067,-3846,0,0
-309,816,-755,338,-2914,-3775,0,0
-326,916,-794,435,-2785,-3744,0,0
-386,1011,-822,697,-2636,-3739,0,0
-421,1100,-831,923,-2571,-3685,0,0
-461,1232,-893,1132,-2483,-3636,0,0
-515,1407,-996,1337,-2289,-3536,0,0
-570,1547,-1054,1500,-1944,-3134,0,0
-655,1585,-1055,1658,-1593,-2691,0,0
-674,1577,-999,1747,-1264,-2332,0,0
-638,1527,-937,1857,-965,-1907,0,0
-576,1462,-870,2180,-692,-1638,0,0
-452,1243,-727,2387,-490,-1418,0,0
-350,1013,-548,2554,-403,-1203,0,0
-279,909,-430,2876,-372,-1303,0,0
-186,842,-406,3204,-427,-1357,0,0
-123,810,-469,3350,-457,-1355,0,0
-87,781,-543,3359,-408,-1339,0,0
-113,737,-588,3395,-214,-1136,0,0
-232,696,-592,3591,-219,-1105,0,0
-314,601,-499,3710,-55,-1199,0,0
-355,627,-432,3550,-64,-999,0,0
-350,512,-403,3495,84,-973,0,0
-282,503,-334,3496,306,-804,0,0
-267,558,-296,3549,403,-577,0,0
-269,527,-296,3824,519,-586,0,0
-209,508,-261,3776,497,-460,0,0
-168,416,-214,3742,557,-315,0,0
-154,367,-180,3753,539,-271,0,0
-128,265,-132,3804,632,-188,0,0
-85,116,-53,3920,605,-175,0,0
-29,74,5,3875,497,-238,0,0
-9,-42,-3,3870,582,-210,0,0
-28,-28,20,3829,560,-285,0,0
-32,-12,45,3854,497,-404,0,0
-19,-36,57,3968,474,-424,0,0
-14,-42,83,3819,444,-386,0,0
-42,-99,101,3876,530,-378,0,0
-63,-152,175,3821,502,-302,0,0
-97,-159,223,3840,370,-308,0,0
-89,-148,168,4090,335,-431,0,0
-5,-142,121,3885,326,-364,0,0
49,-137,92,3837,444,-280,0,0
61,-193,138,3834,483,-306,0,0
51,-277,207,3855,434,-329,0,0
30,-407,251,3875,388,-383,0,0
17,-538,315,3652,418,-371,0,0
9,-638,368,3583,441,-340,0,0
77,-731,455,3433,305,-358,0,0
209,-924,572,3238,198,-387,0,0
310,-1119,709,3081,16,-578,0,0
359,-1231,847,2794,-270,-924,0,0
326,-1338,905,2685,-486,-1233,0,0
235,-1433,904,2545,-711,-1513,0,0
150,-1407,859,2313,-952,-1882,0,0
176,-1337,735,2037,-1142,-2080,0,0
255,-1166,565,2010,-1159,-2254,0,0
364,-1156,509,2072,-1031,-2393,0,0
423,-1347,680,2122,-1089,-2600,0,0
441,-1542,902,1940,-1421,-3054,0,0
422,-1668,1074,1506,-1613,-3248,0,0
388,-1647,1160,1045,-1991,-3490,0,0
349,-1409,1006,1170,-2375,-3788,0,0
419,-1258,777,1047,-2485,-3930,0,0
522,-1145,623,756,-2424,-3865,0,0
552,-1053,562,705,-2403,-3852,0,0
564,-942,521,533,-2673,-3570,0,0
497,-946,424,169,-2865,-3543,0,0
451,-852,399,4,-2897,-3920,0,0
432,-705,374,-7,-3212,-3960,0,0
355,-657,324,-183,-3149,-3898,0,0
237,-550,294,-261,-3229,-3961,0,0
174,-530,316,-350,-3252,-3807,0,0
101,-409,259,-377,-3234,-4055,0,0
97,-280,139,-419,-3218,-3994,0,0
122,-220,86,-529,-3215,-3878,0,0
137,-169,82,-578,-3266,-3870,0,0
105,-87,77,-517,-3363,-3954,0,0
42,3,39,-554,-3466,-3976,0,0
-12,121,-60,-516,-3475,-3996,0,0
-13,241,-175,-333,-3457,-3805,0,0
-52,329,-301,-219,-3402,-3863,0,0
-103,423,-426,-107,-3302,-3827,0,0
-148,485,-509,-121,-3237,-3711,0,0
-190,555,-599,-4,-3192,-3726,0,0
-215,600,-641,14,-3166,-3789,0,0
-281,696,-682,104,-3159,-3905,0,0
-388,796,-743,233,-3065,-3913,0,0
-503,910,-802,400,-2841,-3883,0,0
-566,1068,-872,624,-2672,-3781,0,0
-522,1222,-914,787,-2478,-3684,0,0
-445,1337,-960,969,-2271,-3479,0,0
-442,1472,-1040,1124,-2056,-3268,0,0
-442,1593,-1070,1407,-1840,-3015,0,0
-445,1618,-1043,1557,-1649,-2605,0,0
-509,1605,-1046,1826,-1375,-2344,0,0
-539,1545,-1000,2018,-1140,-2052,0,0
-524,1399,-904,2105,-849,-1616,0,0
-482,1344,-803,2370,-545,-1535,0,0
-348,1326,-677,2675,-480,-1279,0,0
-231,1128,-557,2917,-432,-1120,0,0
-173,979,-493,3170,-363,-1190,0,0
-146,879,-471,3421,-458,-1267,0,0
-126,728,-437,3427,-412,-1212,0,0
-150,733,-437,3403,-340,-1205,0,0
-157,663,-402,3450,-174,-893,0,0
-205,580,-352,3506,-138,-808,0,0
-225,507,-362,3669,-100,-771,0,0
-177,451,-321,3703,13,-625,0,0
-121,426,-263,3667,35,-588,0,0
-112,351,-222,3788,121,-515,0,0
-133,282,-166,3743,161,-483,0,0
-158,197,-123,3841,224,-516,0,0
-157,46,-63,3897,136,-646,0,0
-206,46,-50,3957,179,-763,0,0
-284,65,-92,3881,191,-698,0,0
-305,59,-137,3727,283,-618,0,0
-293,64,-128,3784,373,-541,0,0
-258,54,-70,3775,328,-556,0,0
-234,47,-29,3768,324,-587,0,0
-254,88,-7,3823,403,-556,0,0
-264,113,16,3858,415,-475,0,0
-214,37,43,3876,379,-295,0,0
-153,-18,47,3981,338,-280,0,0
-91,-71,42,3977,333,-363,0,0
-17,-63,30,3960,308,-439,0,0
21,-75,4,3934,345,-349,0,0
5,-95,7,3835,348,-206,0,0
-48,-88,28,3836,386,-286,0,0
-46,-66,67,3985,384,-408,0,0
-44,-282,130,3929,437,-283,0,0
-35,-503,196,3843,441,-145,0,0
32,-720,269,3720,423,-136,0,0
169,-856,364,3566,439,-297,0,0
318,-1052,495,3360,348,-332,0,0
394,-1273,647,3230,143,-568,0,0
432,-1451,789,2939,-133,-844,0,0
452,-1579,851,2517,-300,-999,0,0
468,-1570,864,2213,-474,-1361,0,0
531,-1526,887,2135,-628,-1847,0,0
595,-1482,912,1948,-998,-2118,0,0
590,-1472,917,1919,-1230,-2393,0,0
503,-1349,893,1586,-1527,-2606,0,0
360,-1203,874,1750,-1638,-2948,0,0
251,-1121,823,1451,-1753,-3108,0,0
179,-1056,710,1567,-1699,-3038,0,0
250,-1046,661,1375,-1803,-3245,0,0
376,-1096,649,1248,-1951,-3149,0,0
508,-1210,675,1211,-2204,-3507,0,0
641,-1482,781,844,-2380,-3345,0,0
630,-1705,980,27,-2626,-3715,0,0
482,-1512,1041,-132,-2948,-4359,0,0
446,-1252,899,147,-3409,-4484,0,0
446,-1018,646,13,-3331,-4348,0,0
348,-736,374,-262,-3214,-4074,0,0
286,-577,253,-539,-3065,-3897,0,0
217,-343,183,-674,-3106,-3727,0,0
138,-219,109,-659,-2972,-3577,0,0
117,-202,79,-626,-2937,-3564,0,0
157,-185,91,-679,-3052,-3605,0,0
227,-189,92,-741,-3223,-3776,0,0
244,-153,94,-724,-3290,-3916,0,0
155,-93,94,-707,-3396,-3948,0,0
9,-14,55,-572,-3490,-4180,0,0
-92,123,-38,-583,-3385,-4155,0,0
-125,260,-135,-734,-3390,-3932,0,0
-80,369,-149,-605,-3352,-3950,0,0
-60,470,-178,-374,-3403,-4037,0,0
-133,579,-305,-275,-3398,-4066,0,0
-234,705,-448,-260,-3257,-3934,0,0
-297,834,-565,-46,-3027,-3756,0,0
-315,945,-660,-113,-2785,-3471,0,0
-357,1027,-708,-35,-2691,-3255,0,0
-362,1015,-555,272,-2688,-3282,0,0
-335,997,-416,728,-2801,-3530,0,0
-318,1038,-509,1067,-2942,-3821,0,0
-289,1173,-747,1102,-2922,-3832,0,0
-261,1356,-933,1052,-2589,-3552,0,0
-248,1489,-999,1315,-2334,-3254,0,0
-282,1551,-1012,1513,-2169,-3000,0,0
-355,1621,-1051,1765,-1904,-2618,0,0
-384,1575,-1031,1941,-1658,-2306,0,0
-410,1528,-1036,2124,-1459,-2030,0,0
-419,1458,-1048,2231,-1187,-1696,0,0
-415,1346,-1041,2339,-840,-1387,0,0
-405,1170,-926,2646,-600,-1197,0,0
-390,1067,-808,2904,-455,-1113,0,0
-329,949,-733,3206,-345,-1108,0,0
-190,840,-659,3231,-343,-1053,0,0
-117,749,-659,3353,-255,-1032,0,0
-100,729,-622,3445,-99,-1088,0,0
-88,636,-572,3499,-25,-895,0,0
-35,555,-499,3559,84,-798,0,0
-1,503,-429,3633,76,-781,0,0
-29,443,-355,3630,87,-845,0,0
-88,392,-297,3694,187,-781,0,0
-127,409,-239,3584,186,-710,0,0
-140,366,-187,3743,299,-508,0,0
-112,183,-152,3721,171,-456,0,0
-82,128,-154,3693,302,-369,0,0
-107,153,-139,3843,433,-465,0,0
-83,214,-107,3801,306,-471,0,0
-37,161,-133,3846,290,-338,0,0
-14,106,-162,3848,384,-293,0,0
-44,23,-161,3857,517,-229,0,0
-81,31,-95,3984,563,-302,0,0
-64,45,-19,3837,447,-299,0,0
-56,5,2,3888,507,-269,0,0
-39,24,47,3875,455,-339,0,0
-15,8,52,3811,445,-354,0,0
-13,-21,39,3857,479,-322,0,0
-20,-51,62,3920,423,-385,0,0
-35,-91,63,3919,395,-518,0,0
-82,-102,30,3946,427,-406,0,0
-163,-95,14,3985,442,-424,0,0
-172,-74,10,3938,453,-480,0,0
-121,-64,-1,3862,457,-354,0,0
-70,-138,8,3810,490,-215,0,0
-38,-332,69,3742,448,-227,0,0
-61,-436,174,3773,611,-439,0,0
-140,-490,306,3850,645,-414,0,0
-266,-578,427,3860,567,-479,0,0
-348,-614,505,3843,450,-620,0,0
-334,-675,539,3682,322,-586,0,0
-184,-798,544,3487,312,-566,0,0
145,-916,521,3488,209,-452,0,0
475,-1065,508,3041,144,-292,0,0
707,-933,535,2472,-39,-652,0,0
889,-876,638,2269,-268,-1086,0,0
907,-943,771,2244,-519,-1387,0,0
760,-876,906,2312,-917,-1848,0,0
618,-1103,1010,2437,-1320,-2189,0,0
541,-1175,1042,2030,-1523,-2071,0,0
403,-1035,1006,2333,-1549,-2535,0,0
434,-1511,994,2180,-1841,-2706,0,0
403,-1561,955,2092,-1936,-2928,0,0
287,-1367,887,1833,-2026,-3246,0,0
175,-1292,879,1673,-2256,-3301,0,0
196,-1160,907,1292,-2439,-3486,0,0
286,-1109,886,1379,-2468,-3574,0,0
375,-1061,866,1263,-2727,-3621,0,0
405,-899,719,1258,-2841,-3762,0,0
413,-714,550,981,-2988,-3712,0,0
341,-488,365,892,-2946,-3662,0,0
238,-410,274,787,-2865,-3537,0,0
188,-359,232,519,-3084,-3276,0,0
212,-412,176,455,-3067,-3213,0,0
307,-453,223,407,-3019,-3370,0,0
363,-464,306,333,-3268,-3505,0,0
258,-477,319,271,-3330,-3600,0,0
102,-454,297,236,-3302,-3563,0,0
-23,-476,236,164,-3354,-3510,0,0
-41,-499,188,-39,-3336,-3533,0,0
-57,-432,139,-14,-3356,-3711,0,0
-110,-376,123,-97,-3297,-3748,0,0
-146,-210,78,-145,-3341,-3767,0,0
-74,-75,-12,-170,-3364,-3895,0,0
46,71,-110,-226,-3368,-4018,0,0
85,194,-188,-197,-3344,-4005,0,0
31,308,-192,-161,-3333,-3839,0,0
-67,442,-172,-67,-3346,-3773,0,0
-190,593,-252,116,-3375,-3856,0,0
-241,696,-394,191,-3342,-3805,0,0
-254,761,-522,224,-3223,-3721,0,0
-323,858,-604,394,-3081,-3596,0,0
-424,941,-618,557,-2913,-3457,0,0
-516,1060,-681,733,-2860,-3380,0,0
-488,1075,-777,965,-2664,-3300,0,0
-323,1107,-862,1159,-2618,-3363,0,0
-158,1172,-952,1446,-2510,-3378,0,0
-148,1258,-1062,1502,-2377,-3298,0,0
-252,1372,-1150,1645,-2144,-3101,0,0
-351,1460,-1192,1821,-1883,-2703,0,0
-404,1515,-1229,1936,-1659,-2443,0,0
-406,1507,-1256,2017,-1288,-2002,0,0
-409,1470,-1207,2338,-973,-1675,0,0
-403,1368,-1102,2542,-764,-1493,0,0
-411,1266,-1018,2641,-558,-1270,0,0
-449,1152,-938,2791,-292,-1021,0,0
-429,1070,-818,2992,-96,-896,0,0
-359,1000,-708,3132,-11,-754,0,0
-285,858,-593,3492,126,-711,0,0
-224,651,-436,3589,149,-627,0,0
-239,529,-370,3622,164,-628,0,0
-306,397,-346,3736,176,-622,0,0
-379,240,-312,3675,200,-525,0,0
-431,309,-317,3763,396,-693,0,0
-397,459,-283,3714,444,-486,0,0
-303,440,-227,3732,426,-342,0,0
-211,443,-194,3699,457,-370,0,0
-188,393,-192,3738,501,-294,0,0
-214,307,-181,3847,520,-221,0,0
-213,288,-162,3822,525,-149,0,0
-190,186,-186,3835,560,-42,0,0
-128,131,-202,3839,597,-15,0,0
-61,67,-177,3843,717,41,0,0
-6,35,-121,3835,762,16,0,0
39,42,-55,3762,783,-5,0,0
87,43,25,3793,783,-16,0,0
135,-20,120,3754,686,-2,0,0
121,7,153,3982,549,-60,0,0
98,-11,113,4100,390,-142,0,0
80,14,11,4049,343,-245,0,0
89,3,-57,3866,536,-264,0,0
82,-94,-39,3704,716,-76,0,0
50,-135,68,3801,737,-119,0,0
28,-153,163,3791,450,-322,0,0
27,-128,195,3877,257,-572,0,0
-70,32,143,4074,518,-344,0,0
-240,81,67,3773,542,75,0,0
-199,-44,66,3674,526,66,0,0
22,-181,157,3894,646,-64,0,0
255,-381,276,3896,501,-182,0,0
355,-570,326,3798,432,-220,0,0
281,-582,321,3775,428,-381,0,0
209,-603,392,3520,368,-391,0,0
157,-681,528,3542,380,-378,0,0
130,-771,668,3482,152,-431,0,0
108,-887,733,3357,15,-568,0,0
61,-913,764,3361,-54,-803,0,0
13,-948,784,3074,-194,-829,0,0
-31,-1027,790,2931,-317,-914,0,0
16,-1137,869,2683,-435,-1065,0,0
91,-1290,922,2451,-566,-1244,0,0
182,-1533,960,2165,-665,-1360,0,0
286,-1663,1028,1812,-778,-1557,0,0
440,-1629,1116,1743,-1148,-2221,0,0
565,-1603,1106,1600,-1872,-2863,0,0
576,-1629,952,1719,-2060,-3268,0,0
476,-1557,853,1769,-2122,-3460,0,0
355,-1380,830,1267,-2277,-3297,0,0
243,-1189,704,1213,-2494,-3351,0,0
375,-1189,569,1285,-2630,-3771,0,0
547,-1196,540,1130,-2835,-4064,0,0
556,-1103,504,905,-3090,-4216,0,0
458,-934,474,881,-2899,-4165,0,0
361,-810,496,536,-3124,-3953,0,0
290,-677,445,346,-3102,-3876,0,0
246,-579,384,233,-2986,-3784,0,0
214,-502,349,76,-3065,-3572,0,0
163,-424,272,49,-3027,-3579,0,0
169,-381,227,61,-3073,-3581,0,0
160,-383,229,-114,-3080,-3549,0,0
97,-331,195,-208,-3174,-3632,0,0
51,-273,149,-197,-3140,-3619,0,0
36,-255,112,-220,-3165,-3572,0,0
56,-239,95,-283,-3251,-3719,0,0
93,-134,47,-307,-3303,-3838,0,0
73,-3,-50,-313,-3362,-3892,0,0
1,106,-136,-263,-3364,-3904,0,0
-70,197,-198,-261,-3324,-3875,0,0
-128,298,-254,-154,-3305,-3821,0,0
-174,394,-297,-29,-3243,-3809,0,0
-198,483,-358,58,-3222,-3776,0,0
-199,601,-447,136,-3125,-3663,0,0
-181,672,-491,254,-3037,-3581,0,0
-206,693,-491,325,-3016,-3622,0,0
-263,707,-506,412,-2971,-3719,0,0
-308,761,-564,610,-2952,-3654,0,0
-345,847,-665,779,-2876,-3736,0,0
-334,942,-777,881,-2723,-3613,0,0
-307,1052,-862,1030,-2559,-3515,0,0
-280,1184,-945,1255,-2405,-3458,0,0
-279,1262,-1006,1456,-2268,-3221,0,0
-322,1336,-1049,1642,-2020,-3047,0,0
-400,1386,-1069,1756,-1816,-2786,0,0
-483,1366,-1076,1860,-1605,-2491,0,0
-520,1372,-1084,2053,-1317,-2294,0,0
-490,1363,-1033,2280,-1050,-2003,0,0
-464,1322,-962,2471,-889,-1867,0,0
-447,1345,-963,2553,-702,-1692,0,0
-398,1302,-930,2734,-480,-1363,0,0
-358,1248,-839,2889,-305,-1170,0,0
-331,1174,-764,3167,-160,-1037,0,0
-309,1009,-650,3237,-24,-793,0,0
-341,901,-559,3236,111,-684,0,0
-326,847,-491,3396,191,-580,0,0
-253,766,-392,3532,215,-541,0,0
-174,644,-321,3675,283,-510,0,0
-105,520,-270,3754,326,-439,0,0
-97,468,-229,3712,317,-338,0,0
-139,432,-209,3744,344,-295,0,0
-154,414,-184,3793,378,-207,0,0
-152,373,-164,3812,389,-112,0,0
-124,268,-133,3952,433,11,0,0
-111,140,-106,3783,424,53,0,0
-110,93,-149,3821,558,20,0,0
-58,56,-146,3981,718,69,0,0
40,-30,-72,3826,661,64,0,0
111,-40,-7,3810,638,54,0,0
114,-94,58,3734,637,-9,0,0
69,-65,113,3867,563,-63,0,0
6,-52,139,4052,408,-131,0,0
-30,-60,117,4028,343,-160,0,0
-29,-48,76,4053,453,-111,0,0
-4,-114,75,3901,465,-39,0,0
25,-150,65,3847,449,-74,0,0
41,-184,53,3909,499,-153,0,0
57,-218,80,3903,467,-173,0,0
64,-213,101,3865,390,-237,0,0
69,-251,115,3823,383,-260,0,0
61,-313,146,3757,404,-241,0,0
53,-328,201,3714,367,-320,0,0
40,-357,242,3684,284,-378,0,0
34,-409,298,3594,237,-432,0,0
26,-436,370,3495,252,-454,0,0
46,-457,480,3452,149,-550,0,0
77,-722,617,3345,92,-613,0,0
73,-1048,787,3118,9,-682,0,0
24,-1270,948,2926,-92,-870,0,0
-4,-1266,1019,2767,-372,-1180,0,0
54,-1261,1008,2644,-637,-1423,0,0
146,-1216,974,2575,-750,-1552,0,0
242,-1175,936,2512,-881,-1813,0,0
344,-1126,903,2217,-1062,-1972,0,0
448,-968,897,2094,-1326,-2318,0,0
713,-880,949,1981,-1566,-2191,0,0
844,-1047,1046,2094,-1620,-2196,0,0
726,-1025,1098,2107,-2077,-2733,0,0
560,-1077,1121,2144,-2426,-2981,0,0
418,-1135,1110,1874,-2842,-3078,0,0
275,-1243,1027,1755,-3074,-3258,0,0
217,-1210,893,1592,-3182,-3513,0,0
217,-1213,758,1388,-3265,-3494,0,0
157,-1123,607,938,-3267,-3536,0,0
141,-1039,439,905,-3138,-3462,0,0
277,-940,379,690,-3359,-3552,0,0
379,-827,270,481,-3466,-3633,0,0
340,-726,204,310,-3337,-3618,0,0
176,-545,184,267,-3264,-3515,0,0
-26,-340,127,255,-3314,-3495,0,0
-100,-276,32,181,-3235,-3421,0,0
-32,-212,-24,121,-3174,-3350,0,0
42,-174,-15,112,-3201,-3342,0,0
82,-188,38,54,-3247,-3377,0,0
91,-181,90,151,-3293,-3531,0,0
73,-118,123,191,-3438,-3714,0,0
16,-52,65,138,-3529,-3778,0,0
3,26,-22,72,-3532,-3767,0,0
7,142,-90,179,-3533,-3862,0,0
-16,237,-159,244,-3546,-3872,0,0
-83,354,-253,296,-3498,-3890,0,0
-149,549,-357,323,-3489,-3766,0,0
-228,659,-461,421,-3310,-3554,0,0
-296,729,-516,580,-3165,-3431,0,0
-307,791,-503,625,-3039,-3225,0,0
-331,788,-506,771,-2921,-3168,0,0
-337,823,-535,928,-2828,-3139,0,0
-342,845,-576,1096,-2702,-3028,0,0
-349,819,-604,1312,-2577,-3076,0,0
-313,830,-602,1440,-2517,-3116,0,0
-308,871,-643,1727,-2468,-3142,0,0
-309,850,-632,1839,-2360,-3158,0,0
-341,885,-637,1873,-2323,-3080,0,0
-428,1087,-686,1975,-2200,-2990,0,0
-423,1155,-720,2123,-2049,-2624,0,0
-383,1156,-760,2049,-1773,-2250,0,0
-354,1193,-832,2301,-1542,-2148,0,0
-283,1122,-882,2501,-1340,-1937,0,0
-209,1105,-908,2489,-1133,-1684,0,0
-198,1185,-953,2702,-939,-1595,0,0
-208,1187,-944,2995,-827,-1577,0,0
-193,1132,-938,3097,-725,-1411,0,0
-200,1166,-967,3163,-569,-1272,0,0
-246,1055,-966,3277,-330,-964,0,0
-309,1000,-903,3261,-123,-753,0,0
-343,949,-825,3371,94,-542,0,0
-331,824,-692,3540,272,-406,0,0
-281,766,-577,3522,258,-288,0,0
-222,680,-554,3624,307,-168,0,0
-170,580,-532,3767,503,-105,0,0
-146,529,-457,3735,562,-67,0,0
-138,460,-386,3727,595,-34,0,0
-146,409,-327,3870,648,-6,0,0
-159,338,-269,3773,669,-11,0,0
-154,275,-203,3787,743,116,0,0
-163,195,-122,3713,737,262,0,0
-143,145,-76,3720,751,63,0,0
-49,153,-66,3817,684,150,0,0
-7,84,-81,3889,746,319,0,0
-10,18,-53,3816,858,225,0,0
20,35,-16,3802,831,253,0,0
48,6,29,3788,783,330,0,0
39,-65,73,3833,737,301,0,0
-23,-138,81,3918,736,153,0,0
-68,-93,85,3905,701,96,0,0
-68,-89,60,3897,679,237,0,0
-40,-91,36,3931,766,219,0,0
26,-54,36,3861,714,202,0,0
76,-110,32,3824,734,319,0,0
76,-173,74,3794,797,291,0,0
57,-276,146,3919,739,209,0,0
11,-375,184,3859,634,112,0,0
-35,-465,210,3763,716,102,0,0
-61,-507,285,3755,708,53,0,0
-46,-537,394,3639,535,35,0,0
-22,-645,479,3492,464,-76,0,0
-24,-677,577,3492,404,-280,0,0
-39,-728,663,3444,246,-511,0,0
-18,-805,720,3307,72,-591,0,0
-9,-904,742,3219,-12,-663,0,0
14,-959,788,3164,-122,-892,0,0
64,-953,808,3192,-316,-1167,0,0
105,-984,780,3027,-392,-1257,0,0
110,-932,766,2971,-493,-1334,0,0
154,-970,783,2877,-641,-1480,0,0
219,-1046,781,2717,-789,-1611,0,0
280,-1096,775,2649,-973,-1856,0,0
345,-1210,777,2520,-1133,-2067,0,0
381,-1328,779,2455,-1410,-2371,0,0
377,-1339,767,2410,-1542,-2610,0,0
393,-1311,744,2226,-1690,-2884,0,0
395,-1184,728,1996,-1843,-2969,0,0
443,-1146,659,1745,-1959,-3333,0,0
506,-896,566,1418,-2004,-3083,0,0
471,-787,609,1617,-2219,-3204,0,0
512,-626,675,1674,-2531,-3387,0,0
578,-627,644,1591,-2943,-3421,0,0
530,-738,564,1465,-3101,-3676,0,0
419,-701,493,1459,-3095,-3683,0,0
267,-595,460,1237,-3240,-3667,0,0
167,-521,392,1007,-3132,-3571,0,0
162,-525,399,835,-2984,-3372,0,0
140,-549,492,761,-2989,-3279,0,0
113,-589,547,686,-3000,-3208,0,0
98,-533,420,694,-3216,-3257,0,0
128,-499,228,583,-3210,-3341,0,0
192,-505,84,519,-3275,-3427,0,0
240,-540,37,285,-3338,-3475,0,0
181,-495,12,162,-3411,-3575,0,0
74,-381,-42,173,-3351,-3678,0,0
-13,-199,-96,169,-3385,-3707,0,0
-43,-60,-172,229,-3409,-3664,0,0
-52,20,-222,229,-3337,-3616,0,0
-95,123,-280,299,-3302,-3644,0,0
-136,202,-333,346,-3326,-3650,0,0
-162,264,-382,391,-3252,-3642,0,0
-181,374,-434,512,-3156,-3610,0,0
-151,447,-445,597,-3123,-3619,0,0
-147,560,-494,681,-3142,-3602,0,0
-174,636,-553,836,-3080,-3541,0,0
-231,694,-595,1009,-3010,-3621,0,0
-295,790,-682,1133,-2948,-3559,0,0
-335,858,-778,1191,-2794,-3382,0,0
-365,916,-811,1402,-2714,-3247,0,0
-447,939,-813,1637,-2499,-3184,0,0
-541,964,-838,1781,-2351,-3195,0,0
-537,1012,-876,1770,-2137,-3028,0,0
-503,1067,-913,1923,-1842,-2850,0,0
-491,1147,-907,2047,-1628,-2698,0,0
-466,1240,-889,2155,-1461,-2448,0,0
-435,1283,-867,2306,-1235,-2250,0,0
-385,1318,-833,2512,-1114,-2143,0,0
-333,1295,-816,2673,-1019,-1883,0,0
-310,1305,-838,2880,-837,-1723,0,0
-314,1302,-851,2982,-682,-1497,0,0
-331,1267,-848,2978,-543,-1210,0,0
-348,1203,-832,3102,-303,-1009,0,0
-311,1091,-760,3244,-66,-752,0,0
-274,1000,-666,3296,90,-527,0,0
-247,964,-627,3456,167,-398,0,0
-176,825,-572,3486,278,-290,0,0
-120,666,-491,3530,448,-115,0,0
-124,519,-397,3618,489,3,0,0
-133,365,-340,3632,448,-111,0,0
-102,262,-332,3746,555,-115,0,0
-52,293,-292,3798,620,-95,0,0
-1,291,-239,3792,603,-12,0,0
14,289,-245,3824,652,64,0,0
35,271,-236,3865,726,59,0,0
73,173,-207,3786,697,156,0,0
86,144,-226,3769,754,208,0,0
100,125,-229,3794,874,149,0,0
130,30,-160,3766,872,205,0,0
136,-107,-75,3714,835,218,0,0
128,-216,8,3690,823,122,0,0
105,-307,61,3861,842,10,0,0
83,-312,100,3903,784,-73,0,0
59,-219,105,3877,729,-149,0,0
14,-195,93,3898,746,-209,0,0
-14,-150,100,3865,804,-259,0,0
-41,-159,132,3771,765,-194,0,0
-78,-165,159,3770,735,-277,0,0
-121,-184,195,3793,600,-349,0,0
-190,-340,237,3900,517,-414,0,0
-245,-650,287,3940,531,-505,0,0
-221,-923,380,3852,390,-626,0,0
-147,-1089,411,3526,514,-712,0,0
-104,-962,351,3446,601,-761,0,0
-76,-765,314,3612,610,-858,0,0
-37,-557,426,3759,683,-941,0,0
-9,-582,604,3458,517,-925,0,0
-25,-636,719,3374,388,-896,0,0
1,-587,772,3354,219,-1005,0,0
126,-566,800,3213,-118,-886,0,0
217,-644,763,3030,-286,-1007,0,0
268,-708,706,2855,-384,-1126,0,0
257,-624,613,2577,-633,-1102,0,0
171,-215,422,2682,-932,-1755,0,0
156,-221,282,2576,-764,-1643,0,0
116,-519,385,2325,-638,-1483,0,0
144,-855,621,2532,-731,-1950,0,0
262,-1062,861,2440,-1178,-2321,0,0
325,-1367,932,2548,-1308,-2515,0,0
371,-1554,959,2171,-1594,-2764,0,0
471,-1474,911,1901,-1845,-2986,0,0
576,-1391,895,1814,-1906,-3294,0,0
621,-1263,880,1600,-2335,-3279,0,0
571,-1173,804,1639,-2471,-3679,0,0
545,-987,705,1576,-2729,-3790,0,0
456,-813,569,1558,-2832,-3845,0,0
400,-658,357,1630,-2909,-3904,0,0
362,-476,146,1547,-2966,-3837,0,0
237,-397,-39,1338,-2819,-3607,0,0
201,-364,44,996,-2676,-3457,0,0
211,-419,243,993,-2772,-3504,0,0
218,-475,422,900,-2906,-3681,0,0
192,-476,478,926,-3178,-3844,0,0
179,-482,446,768,-3198,-3940,0,0
149,-439,349,776,-3360,-3953,0,0
78,-391,275,709,-3246,-4010,0,0
38,-182,166,608,-3278,-3985,0,0
53,-31,81,659,-3274,-3874,0,0
0,113,-77,695,-3195,-3893,0,0
-77,246,-198,680,-3048,-3671,0,0
-110,307,-242,621,-3038,-3552,0,0
-123,312,-260,742,-2992,-3541,0,0
-167,308,-267,780,-2978,-3595,0,0
-256,406,-341,885,-2947,-3637,0,0
-325,490,-424,1050,-2853,-3635,0,0
-331,542,-472,997,-2795,-3569,0,0
-343,622,-546,1115,-2739,-3541,0,0
-344,684,-569,1218,-2606,-3565,0,0
-365,763,-599,1427,-2530,-3510,0,0
-362,901,-683,1568,-2445,-3443,0,0
-321,991,-749,1578,-2245,-3192,0,0
-316,1076,-778,1727,-1991,-3041,0,0
-313,1152,-771,1902,-1886,-2917,0,0
-322,1193,-762,2000,-1745,-2698,0,0
-294,1187,-734,2199,-1539,-2595,0,0
-267,1184,-704,2406,-1421,-2399,0,0
-295,1125,-698,2498,-1338,-2258,0,0
-340,1110,-707,2449,-1109,-2071,0,0
-413,1081,-708,2573,-890,-1813,0,0
-442,1075,-644,2905,-770,-1667,0,0
-417,1056,-601,2960,-723,-1478,0,0
-370,992,-604,3160,-529,-1411,0,0
-290,965,-583,3263,-366,-1236,0,0
-242,992,-579,3364,-440,-1130,0,0
-205,878,-558,3409,-338,-985,0,0
-187,847,-540,3300,-241,-842,0,0
-207,865,-549,3456,-123,-762,0,0
-199,843,-524,3543,7,-605,0,0
-206,823,-511,3648,131,-415,0,0
-203,701,-483,3691,268,-267,0,0
-157,610,-432,3703,364,-63,0,0
-109,556,-392,3666,458,90,0,0
-56,536,-381,3719,531,159,0,0
8,401,-350,3778,633,300,0,0
62,326,-284,3851,668,302,0,0
111,249,-232,3896,649,216,0,0
141,196,-211,3868,625,197,0,0
125,114,-224,3824,699,258,0,0
73,94,-206,3827,800,226,0,0
27,32,-132,3780,818,211,0,0
-10,-27,-65,3755,807,216,0,0
-43,-36,-31,3791,873,230,0,0
-67,-85,25,3845,909,253,0,0
-68,-147,91,3794,853,240,0,0
-61,-214,129,3866,820,231,0,0
-35,-258,151,3889,823,134,0,0
6,-255,150,3874,743,124,0,0
28,-263,119,3823,760,120,0,0
23,-286,119,3825,810,111,0,0
24,-351,190,3814,800,-22,0,0
46,-406,295,3799,660,-109,0,0
68,-471,374,3808,489,-233,0,0
80,-496,415,3807,428,-441,0,0
101,-481,422,3855,359,-568,0,0
136,-477,432,3847,256,-632,0,0
153,-518,456,3772,169,-678,0,0
167,-534,464,3713,60,-755,0,0
177,-592,460,3707,49,-705,0,0
155,-657,483,3640,62,-712,0,0
115,-683,508,3549,19,-762,0,0
86,-724,513,3409,-5,-778,0,0
82,-806,518,3231,-89,-689,0,0
45,-916,565,3040,-206,-756,0,0
-37,-1015,638,2793,-268,-851,0,0
-163,-1280,775,2551,-177,-846,0,0
-219,-1272,933,2524,-348,-1223,0,0
-145,-1375,1054,2099,-866,-1620,0,0
-5,-1383,969,1775,-1194,-2415,0,0
193,-1472,861,2013,-1323,-2768,0,0
355,-1434,845,1866,-1401,-3070,0,0
437,-1354,856,1730,-1731,-3308,0,0
435,-1195,852,1730,-1876,-3559,0,0
419,-1037,870,1565,-2047,-3477,0,0
369,-989,820,1622,-2191,-3440,0,0
375,-973,689,1568,-2365,-3637,0,0
442,-819,571,1125,-2479,-3587,0,0
443,-706,465,1029,-2456,-3458,0,0
380,-666,422,956,-2534,-3501,0,0
319,-604,408,798,-2768,-3545,0,0
256,-544,366,889,-2793,-3679,0,0
266,-684,352,774,-2797,-3736,0,0
317,-730,372,415,-3115,-3862,0,0
266,-721,356,388,-2984,-3966,0,0
127,-639,360,292,-3012,-3888,0,0
-7,-562,338,219,-2956,-3846,0,0
-29,-509,259,106,-3036,-3821,0,0
44,-399,173,40,-2974,-3784,0,0
123,-313,114,-49,-2963,-3812,0,0
155,-246,94,-67,-3036,-3854,0,0
130,-166,60,-56,-3027,-3943,0,0
106,-58,25,-150,-3092,-3945,0,0
94,26,-15,-157,-3170,-3932,0,0
67,115,-53,-36,-3166,-3993,0,0
33,196,-112,123,-3213,-4023,0,0
-21,268,-215,157,-3177,-4012,0,0
-84,395,-317,158,-3129,-3978,0,0
-138,460,-374,177,-3043,-3758,0,0
-217,500,-397,197,-2953,-3703,0,0
-292,568,-401,221,-2848,-3640,0,0
-312,621,-422,361,-2794,-3580,0,0
-273,670,-442,520,-2771,-3638,0,0
-224,772,-488,713,-2792,-3768,0,0
-200,880,-582,864,-2692,-3701,0,0
-175,1009,-684,986,-2531,-3623,0,0
-146,1127,-777,1160,-2431,-3403,0,0
-153,1154,-808,1388,-2257,-3220,0,0
-169,1227,-767,1520,-2198,-3118,0,0
-240,1254,-797,1697,-2147,-2983,0,0
-276,1241,-855,1875,-1970,-2833,0,0
-249,1312,-906,2009,-1830,-2721,0,0
-233,1345,-964,2141,-1691,-2460,0,0
-184,1365,-1063,2345,-1484,-2265,0,0
-76,1416,-1100,2447,-1181,-1957,0,0
-64,1411,-1111,2577,-928,-1650,0,0
-122,1366,-1066,2674,-698,-1439,0,0
-207,1301,-965,2882,-497,-1148,0,0
-269,1237,-848,2998,-357,-944,0,0
-254,1186,-754,3115,-267,-624,0,0
-188,1030,-668,3353,-165,-449,0,0
-78,870,-574,3516,-98,-398,0,0
6,710,-535,3573,37,-331,0,0
68,567,-452,3634,271,-218,0,0
51,587,-357,3736,290,-154,0,0
-11,558,-298,3745,229,-135,0,0
-66,431,-279,3784,288,8,0,0
-65,388,-249,3860,340,28,0,0
27,337,-202,3840,340,32,0,0
148,310,-207,3784,370,146,0,0
222,264,-217,3830,446,281,0,0
262,207,-191,3934,429,164,0,0
261,133,-165,3877,427,106,0,0
147,113,-143,3863,569,82,0,0
-5,108,-82,3845,546,108,0,0
-136,107,-29,3939,495,135,0,0
-199,82,6,3924,444,211,0,0
-217,10,18,3960,514,312,0,0
-200,-43,30,3965,538,284,0,0
-149,-68,29,3871,528,331,0,0
-115,-144,47,3829,595,333,0,0
-101,-203,115,3846,622,294,0,0
-94,-266,194,3875,534,211,0,0
-86,-319,242,3909,462,179,0,0
-74,-390,266,3876,403,127,0,0
-57,-449,277,3829,373,44,0,0
-39,-488,287,3780,304,-7,0,0
-44,-526,290,3733,201,-106,0,0
-96,-557,278,3626,160,-313,0,0
-196,-508,243,3645,136,-460,0,0
-236,-433,271,3644,43,-543,0,0
-124,-460,347,3405,-63,-334,0,0
-48,-631,428,3322,-33,-221,0,0
-33,-919,586,3152,86,-366,0,0
-33,-1069,868,2890,5,-612,0,0
-50,-1295,1090,2712,-222,-735,0,0
-57,-1376,1245,2528,-535,-1180,0,0
-25,-1549,1332,2265,-819,-1377,0,0
1,-1533,1308,2217,-833,-1786,0,0
71,-1543,1221,2257,-1306,-2252,0,0
210,-1429,1108,2296,-1581,-2631,0,0
306,-1410,972,2182,-1919,-2821,0,0
344,-1270,830,2000,-2108,-3134,0,0
331,-1120,702,1861,-2258,-3159,0,0
357,-1101,625,1835,-2384,-3399,0,0
432,-1007,530,1634,-2682,-3481,0,0
490,-1098,400,1766,-2643,-3491,0,0
532,-1156,392,1594,-2702,-3682,0,0
406,-1074,467,1306,-2710,-3685,0,0
196,-957,501,1079,-2781,-3669,0,0
111,-813,491,795,-2937,-3639,0,0
150,-697,447,699,-2901,-3664,0,0
218,-608,426,674,-2970,-3665,0,0
221,-520,393,580,-2985,-3707,0,0
127,-389,305,601,-2947,-3670,0,0
37,-313,233,486,-2955,-3535,0,0
-10,-281,153,347,-2948,-3504,0,0
20,-284,125,289,-2911,-3466,0,0
68,-282,166,186,-2983,-3524,0,0
91,-281,189,216,-3048,-3711,0,0
96,-257,202,197,-3155,-3889,0,0
77,-145,147,249,-3264,-4003,0,0
78,-35,59,241,-3287,-4057,0,0
68,110,-33,191,-3290,-4021,0,0
10,240,-124,173,-3249,-3912,0,0
-82,367,-189,250,-3141,-3800,0,0
-171,461,-251,342,-3041,-3652,0,0
-186,486,-298,354,-3015,-3543,0,0
-160,548,-360,404,-2962,-3492,0,0
-147,602,-411,518,-2911,-3436,0,0
-164,617,-414,641,-2884,-3472,0,0
-187,655,-421,819,-2906,-3553,0,0
-172,717,-475,996,-2957,-3662,0,0
-150,842,-581,1174,-2965,-3715,0,0
-160,967,-693,1365,-2873,-3688,0,0
-194,1096,-775,1470,-2723,-3562,0,0
-233,1189,-843,1620,-2536,-3307,0,0
-265,1254,-913,1754,-2301,-2979,0,0
-294,1333,-998,1925,-2067,-2646,0,0
-294,1373,-1051,2046,-1823,-2359,0,0
-247,1321,-1044,2146,-1567,-2206,0,0
-209,1280,-1016,2331,-1378,-2041,0,0
-182,1225,-963,2642,-1227,-1943,0,0
-159,1197,-922,2743,-1119,-1830,0,0
-175,1187,-947,2795,-899,-1607,0,0
-179,1141,-934,2864,-659,-1340,0,0
-185,1104,-900,2933,-512,-1069,0,0
-219,1084,-866,3177,-293,-941,0,0
-223,1050,-758,3262,-207,-738,0,0
-211,956,-642,3375,-94,-576,0,0
-158,869,-541,3496,-41,-497,0,0
-83,798,-488,3612,22,-383,0,0
-36,709,-431,3659,125,-243,0,0
-48,612,-359,3707,110,-162,0,0
-131,425,-295,3805,114,-190,0,0
-222,240,-247,3777,196,-236,0,0
-243,241,-233,3720,237,-19,0,0
-201,298,-209,3718,252,54,0,0
-88,317,-228,3752,232,125,0,0
17,283,-277,3776,300,171,0,0
54,175,-304,3825,484,153,0,0
31,160,-270,3900,582,139,0,0
0,104,-215,3787,570,210,0,0
-28,98,-172,3845,649,174,0,0
-33,-18,-91,3890,701,214,0,0
-42,-40,0,3825,574,134,0,0
-73,-139,67,3749,524,110,0,0
-157,-154,119,3851,546,91,0,0
-201,-158,135,3956,425,0,0,0
-164,-119,111,3913,356,-3,0,0
-136,-63,57,3882,456,91,0,0
-118,-29,54,3935,551,89,0,0
-90,-56,101,3905,507,127,0,0
-86,-107,127,3954,465,136,0,0
-97,-203,165,4021,458,93,0,0
-122,-305,238,3916,420,-16,0,0
-153,-356,263,3926,332,-63,0,0
-156,-464,245,4043,292,-79,0,0
-114,-496,233,4038,228,-135,0,0
-34,-583,170,3997,199,-128,0,0
41,-689,117,3927,330,-178,0,0
131,-804,138,3782,357,-154,0,0
186,-833,172,3624,376,-281,0,0
245,-796,238,3701,465,-603,0,0
350,-851,401,3477,328,-627,0,0
336,-817,532,3290,169,-738,0,0
241,-854,587,3143,27,-992,0,0
201,-943,643,2980,-184,-1089,0,0
172,-898,691,2795,-391,-1334,0,0
174,-1003,705,2697,-426,-1554,0,0
181,-1123,742,2615,-522,-1660,0,0
200,-1110,783,2410,-734,-1863,0,0
269,-1127,809,2295,-919,-1973,0,0
332,-1063,803,2135,-1196,-2224,0,0
383,-1033,793,1912,-1292,-2331,0,0
472,-1067,762,1937,-1250,-2489,0,0
580,-997,788,1636,-1641,-2553,0,0
693,-978,809,1657,-1882,-2798,0,0
805,-1049,873,1774,-2173,-3223,0,0
720,-1003,846,1536,-2692,-3481,0,0
528,-996,749,1493,-2723,-3558,0,0
382,-964,714,1612,-2836,-3661,0,0
273,-744,598,1378,-3022,-3757,0,0
128,-615,363,1265,-2909,-3543,0,0
107,-702,330,1137,-2803,-3390,0,0
160,-712,404,940,-2904,-3562,0,0
175,-699,421,748,-2980,-3616,0,0
157,-688,425,586,-2969,-3593,0,0
135,-613,470,501,-3022,-3621,0,0
147,-492,462,418,-3213,-3627,0,0
169,-359,366,312,-3166,-3624,0,0
140,-307,279,316,-3114,-3527,0,0
119,-273,247,272,-3148,-3559,0,0
121,-249,217,145,-3195,-3468,0,0
117,-230,164,51,-3183,-3532,0,0
148,-181,123,117,-3332,-3609,0,0
182,-163,126,124,-3495,-3740,0,0
153,-52,111,131,-3578,-3972,0,0
93,75,9,190,-3718,-4035,0,0
14,219,-157,157,-3690,-3985,0,0
-64,368,-277,198,-3595,-3907,0,0
-93,485,-365,263,-3566,-3883,0,0
-147,615,-488,371,-3512,-3855,0,0
-221,716,-574,376,-3390,-3703,0,0
-300,791,-638,492,-3227,-3608,0,0
-359,886,-692,570,-3129,-3512,0,0
-383,975,-757,838,-2950,-3451,0,0
-353,1052,-771,1022,-2823,-3343,0,0
-313,1022,-786,1156,-2716,-3177,0,0
-278,1056,-849,1279,-2488,-3043,0,0
-263,1207,-870,1476,-2386,-2943,0,0
-300,1267,-898,1741,-2266,-2830,0,0
-348,1305,-969,1978,-2079,-2600,0,0
-365,1353,-1061,2141,-1873,-2365,0,0
-326,1376,-1135,2192,-1592,-2097,0,0
-285,1355,-1177,2368,-1275,-1787,0,0
-272,1292,-1123,2524,-1004,-1648,0,0
-287,1284,-1053,2739,-842,-1508,0,0
-295,1232,-990,2908,-699,-1306,0,0
-288,1199,-960,2982,-512,-1051,0,0
-263,1139,-953,3096,-299,-876,0,0
-223,1052,-874,3195,-115,-649,0,0
-189,910,-760,3298,49,-530,0,0
-160,801,-621,3421,202,-415,0,0
-178,688,-501,3577,293,-265,0,0
-171,621,-420,3611,254,-298,0,0
-119,509,-384,3744,268,-180,0,0
-73,456,-372,3797,301,-123,0,0
-14,424,-362,3773,342,-188,0,0
18,335,-368,3787,420,-123,0,0
-9,317,-364,3744,458,-87,0,0
-37,279,-337,3770,534,-68,0,0
-52,254,-301,3839,609,13,0,0
-92,203,-278,3767,658,40,0,0
-101,173,-254,3836,724,134,0,0
-81,83,-188,3823,742,249,0,0
-89,45,-151,3836,691,110,0,0
-109,43,-148,3950,806,70,0,0
-111,53,-119,3821,777,98,0,0
-95,54,-132,3701,796,157,0,0
-68,61,-110,3672,907,180,0,0
-44,12,-9,3698,923,190,0,0
-52,-19,82,3749,863,148,0,0
-52,-53,142,3821,790,111,0,0
-40,-76,155,3921,715,97,0,0
-30,-38,130,3923,661,73,0,0
-14,-69,84,3881,696,93,0,0
-2,-66,80,3933,774,75,0,0
3,-50,106,3805,668,31,0,0
8,-58,98,3772,670,71,0,0
4,-92,117,3862,754,73,0,0
10,-142,193,3851,692,53,0,0
19,-190,260,3828,610,34,0,0
13,-236,298,3849,592,25,0,0
-15,-305,333,3857,584,31,0,0
-45,-338,373,3878,536,-5,0,0
-56,-384,418,3797,425,-3,0,0
-41,-370,485,3831,407,27,0,0
-75,-492,618,3719,406,98,0,0
-112,-534,734,3559,334,-279,0,0
-77,-665,827,3646,153,-227,0,0
-46,-778,902,3522,-35,-322,0,0
-64,-826,863,3389,-314,-551,0,0
-88,-882,775,3174,-580,-602,0,0
-72,-981,731,2895,-696,-769,0,0
37,-1037,754,2786,-822,-983,0,0
217,-1089,795,2723,-947,-1034,0,0
271,-1123,784,2785,-952,-1346,0,0
280,-1218,787,2734,-1225,-1779,0,0
291,-1219,719,2609,-1433,-2076,0,0
273,-1216,613,2406,-1539,-2169,0,0
273,-1133,574,2192,-1562,-2428,0,0
272,-961,573,1976,-1672,-2545,0,0
255,-922,635,2089,-1778,-2609,0,0
266,-969,799,2238,-1794,-2690,0,0
258,-977,865,2074,-2218,-2941,0,0
273,-1031,823,1979,-2379,-3084,0,0
332,-1170,808,1841,-2514,-3221,0,0
347,-1225,841,1530,-2677,-3335,0,0
231,-1219,764,1477,-2788,-3489,0,0
169,-1139,677,1156,-3048,-3602,0,0
181,-1032,539,972,-3211,-3809,0,0
204,-912,391,848,-3110,-3744,0,0
152,-758,306,674,-2994,-3632,0,0
67,-552,259,426,-2943,-3581,0,0
56,-369,219,226,-2878,-3411,0,0
108,-295,247,148,-2872,-3299,0,0
124,-306,364,178,-2910,-3277,0,0
124,-364,481,214,-3124,-3430,0,0
128,-397,456,258,-3338,-3664,0,0
115,-362,364,177,-3500,-3910,0,0
87,-271,244,147,-3546,-4015,0,0
34,-147,111,106,-3558,-4058,0,0
-11,-9,-9,71,-3555,-4075,0,0
-46,121,-89,79,-3504,-4063,0,0
-92,263,-192,142,-3448,-4031,0,0
-74,384,-328,193,-3384,-3974,0,0
-7,477,-432,246,-3355,-3891,0,0
-17,547,-506,264,-3296,-3860,0,0
-106,696,-592,347,-3241,-3855,0,0
-212,804,-647,413,-3140,-3707,0,0
-269,914,-702,694,-3089,-3654,0,0
-267,1011,-758,901,-2987,-3543,0,0
-269,1100,-838,1094,-2808,-3443,0,0
-258,1200,-906,1260,-2658,-3313,0,0
-254,1294,-960,1447,-2486,-3129,0,0
-235,1360,-992,1640,-2299,-2918,0,0
-214,1403,-974,1722,-2085,-2663,0,0
-231,1442,-1010,2056,-1970,-2397,0,0
-216,1380,-1037,2257,-1823,-2183,0,0
-221,1344,-1078,2389,-1617,-2029,0,0
-233,1337,-1130,2521,-1415,-1842,0,0
-257,1255,-1138,2581,-1121,-1569,0,0
-292,1177,-1112,2691,-850,-1396,0,0
-336,1131,-1042,2816,-678,-1008,0,0
-354,1063,-964,2954,-388,-910,0,0
-313,1018,-860,3060,-187,-736,0,0
-237,986,-752,3172,-121,-679,0,0
-159,905,-673,3338,-6,-476,0,0
-128,807,-614,3478,72,-378,0,0
-104,671,-533,3568,121,-298,0,0
-129,518,-449,3655,198,-268,0,0
-177,424,-398,3713,222,-323,0,0
-228,401,-351,3816,255,-169,0,0
-252,347,-316,3831,313,-106,0,0
-194,391,-321,3787,320,-126,0,0
-119,354,-339,3844,378,19,0,0
-76,294,-340,3770,427,29,0,0
-52,266,-321,3816,499,21,0,0
-67,137,-295,3810,607,97,0,0
-110,120,-232,3744,655,104,0,0
-156,11,-141,3689,727,161,0,0
-203,20,-76,3819,708,76,0,0
-199,66,-42,3877,633,8,0,0
-158,58,-60,3952,660,114,0,0
-119,82,-92,3829,710,158,0,0
-81,39,-80,3791,798,257,0,0
-62,-3,-5,3777,786,209,0,0
-54,-40,60,3826,770,145,0,0
-67,-37,98,3865,697,142,0,0
-73,-45,113,3810,633,181,0,0
-82,-58,82,3926,653,133,0,0
-45,-73,76,3907,614,131,0,0
-8,-97,75,3902,607,139,0,0
4,-96,64,3988,635,35,0,0
3,-72,42,3964,575,68,0,0
-22,-99,7,3908,617,99,0,0
-41,-97,-15,3882,671,60,0,0
-18,-54,-26,3834,707,99,0,0
35,-105,-6,3787,784,233,0,0
81,-166,65,3802,800,228,0,0
117,-268,163,3822,781,155,0,0
131,-329,250,3836,681,76,0,0
119,-408,308,3821,645,54,0,0
76,-523,370,3777,627,33,0,0
38,-605,438,3663,544,-3,0,0
15,-783,516,3578,538,65,0,0
17,-901,596,3332,470,-91,0,0
84,-865,705,2968,293,-292,0,0
154,-1016,806,2866,256,-447,0,0
217,-1133,873,2788,-2,-904,0,0
321,-1156,885,2760,-378,-1348,0,0
411,-1127,886,2687,-695,-1577,0,0
468,-1145,957,2601,-950,-1730,0,0
461,-1106,1038,2566,-1185,-1849,0,0
412,-1139,1067,2698,-1405,-2035,0,0
368,-1121,1054,2685,-1660,-2306,0,0
347,-1116,950,2484,-1831,-2454,0,0
304,-1098,821,2559,-1894,-2650,0,0
274,-943,705,2455,-1967,-2821,0,0
232,-865,614,2319,-1931,-2673,0,0
167,-961,609,2112,-2025,-2588,0,0
179,-1100,665,1853,-2071,-2791,0,0
212,-1187,686,1640,-2218,-2970,0,0
232,-1168,679,1502,-2465,-3217,0,0
247,-1154,610,1535,-2517,-3288,0,0
275,-1132,489,1311,-2830,-3582,0,0
324,-1003,400,1073,-2857,-3713,0,0
294,-890,307,857,-2905,-3772,0,0
234,-759,290,609,-2871,-3707,0,0
161,-671,364,419,-2955,-3709,0,0
76,-621,418,370,-2999,-3753,0,0
70,-566,474,349,-2990,-3821,0,0
109,-531,442,256,-3060,-3799,0,0
120,-425,347,147,-3041,-3759,0,0
75,-315,254,122,-3001,-3793,0,0
68,-201,198,65,-2990,-3760,0,0
77,-106,178,1,-3021,-3697,0,0
74,-69,158,-29,-3047,-3637,0,0
60,-24,125,47,-3082,-3716,0,0
69,24,87,73,-3092,-3733,0,0
57,71,23,41,-3182,-3750,0,0
18,151,-58,69,-3154,-3765,0,0
3,203,-111,67,-3150,-3650,0,0
-31,242,-163,97,-3080,-3638,0,0
-41,364,-212,159,-3104,-3596,0,0
2,440,-260,221,-3195,-3599,0,0
30,510,-306,342,-3254,-3683,0,0
-17,585,-354,491,-3255,-3740,0,0
-142,675,-436,647,-3240,-3770,0,0
-230,767,-550,803,-3144,-3636,0,0
-266,778,-654,899,-2975,-3485,0,0
-305,815,-746,900,-2849,-3513,0,0
-272,930,-783,1120,-2817,-3469,0,0
-211,989,-812,1356,-2721,-3448,0,0
-220,1139,-903,1580,-2571,-3451,0,0
-242,1291,-970,1668,-2427,-3233,0,0
-243,1403,-1055,1773,-2222,-3027,0,0
-191,1537,-1144,1870,-1956,-2727,0,0
-164,1637,-1208,1913,-1619,-2300,0,0
-235,1688,-1227,2257,-1331,-1910,0,0
-309,1573,-1117,2415,-1147,-1652,0,0
-357,1492,-1061,2558,-1033,-1465,0,0
-342,1431,-1041,2693,-859,-1195,0,0
-343,1347,-1013,2903,-706,-981,0,0
-369,1222,-937,3107,-487,-795,0,0
-417,1077,-838,3238,-265,-670,0,0
-463,972,-753,3293,-177,-457,0,0
-506,790,-693,3360,54,-239,0,0
-498,730,-623,3485,254,-118,0,0
-440,704,-511,3502,322,153,0,0
-367,603,-434,3673,381,120,0,0
-221,496,-382,3747,434,128,0,0
-89,381,-359,3768,488,253,0,0
-27,322,-346,3792,584,308,0,0
4,333,-299,3839,621,238,0,0
37,241,-250,3843,581,267,0,0
47,241,-229,3780,596,186,0,0
63,229,-249,3842,672,264,0,0
81,192,-213,3801,712,333,0,0
101,177,-161,3738,752,320,0,0
125,158,-116,3747,767,316,0,0
134,120,-49,3752,770,363,0,0
116,37,24,3770,755,326,0,0
100,-22,81,3747,714,292,0,0
88,-41,108,3938,672,234,0,0
86,-56,122,3961,551,207,0,0
72,-64,75,3924,573,175,0,0
30,-46,29,3909,683,236,0,0
-10,-45,42,3850,733,291,0,0
-22,-72,80,3894,714,336,0,0
2,-125,127,3842,664,310,0,0
25,-181,162,3883,664,289,0,0
43,-239,215,3870,649,250,0,0
58,-298,264,3821,588,223,0,0
64,-320,309,3832,593,226,0,0
66,-220,354,3806,544,197,0,0
101,-195,323,3756,424,181,0,0
120,-377,255,3581,374,224,0,0
121,-459,246,3704,427,21,0,0
178,-515,371,3479,182,-20,0,0
178,-554,441,3396,107,-176,0,0
143,-664,523,3406,41,-366,0,0
84,-866,670,3315,-102,-475,0,0
13,-1020,796,3371,-135,-707,0,0
-18,-1158,878,3234,-269,-863,0,0
-6,-1121,872,3108,-486,-1054,0,0
96,-1106,837,2927,-672,-1187,0,0
183,-1194,796,2825,-771,-1444,0,0
227,-1164,800,2631,-869,-1699,0,0
207,-1096,809,2546,-1106,-1760,0,0
199,-1040,788,2599,-1264,-2030,0,0
234,-973,777,2612,-1463,-2205,0,0
249,-902,752,2513,-1754,-2436,0,0
199,-885,716,2353,-1655,-2423,0,0
68,-901,718,2439,-1716,-2890,0,0
30,-920,781,2230,-1938,-2846,0,0
29,-989,771,2121,-2202,-3070,0,0
147,-1053,748,1862,-2302,-3151,0,0
234,-1150,778,1753,-2354,-3250,0,0
294,-1189,836,1564,-2445,-3390,0,0
286,-1183,855,1460,-2734,-3605,0,0
221,-1003,807,1329,-2784,-3802,0,0
136,-832,719,1058,-2932,-3816,0,0
95,-645,552,970,-2877,-3822,0,0
117,-456,445,679,-2880,-3657,0,0
137,-353,425,626,-2911,-3537,0,0
137,-312,421,686,-2922,-3532,0,0
137,-279,367,624,-2982,-3574,0,0
156,-297,282,566,-3034,-3635,0,0
173,-295,242,415,-3125,-3759,0,0
159,-247,224,366,-3306,-3908,0,0
106,-201,177,373,-3331,-3925,0,0
7,-114,106,378,-3316,-4003,0,0
-26,29,51,435,-3407,-3988,0,0
-12,158,-38,434,-3424,-4001,0,0
28,323,-162,498,-3366,-3899,0,0
51,439,-261,507,-3333,-3778,0,0
26,547,-340,627,-3247,-3678,0,0
-1,635,-389,705,-3219,-3557,0,0
-20,682,-462,806,-3222,-3516,0,0
-34,728,-549,938,-3186,-3539,0,0
-56,833,-620,1054,-3115,-3510,0,0
-103,925,-680,1272,-3038,-3386,0,0
-134,956,-733,1455,-2998,-3288,0,0
-142,1025,-836,1591,-2844,-3181,0,0
-121,1067,-901,1767,-2630,-3029,0,0
-153,1062,-924,1963,-2459,-2890,0,0
-269,1109,-1005,2043,-2471,-2855,0,0
-356,1101,-1043,1782,-2139,-2587,0,0
-399,1093,-1032,1972,-1783,-2398,0,0
-398,1099,-932,2163,-1661,-2250,0,0
-407,1186,-919,2316,-1574,-1966,0,0
-392,1221,-993,2477,-1239,-1799,0,0
-377,1188,-992,2580,-957,-1434,0,0
-382,1051,-928,2556,-867,-1422,0,0
-374,1015,-904,2766,-519,-1211,0,0
-367,1053,-849,3024,-162,-914,0,0
-312,1049,-786,3156,-105,-787,0,0
-218,950,-739,3315,50,-539,0,0
-158,893,-691,3400,43,-593,0,0
-123,861,-662,3496,109,-452,0,0
-159,783,-625,3624,277,-311,0,0
-180,727,-537,3627,305,-295,0,0
-186,674,-436,3739,345,-95,0,0
-196,611,-385,3744,309,-73,0,0
-171,518,-381,3697,369,69,0,0
-170,418,-393,3743,547,278,0,0
-153,407,-351,3824,598,293,0,0
-91,294,-288,3849,611,336,0,0
-25,213,-246,3887,655,405,0,0
0,155,-221,3873,668,376,0,0
-17,113,-224,3845,736,399,0,0
-37,109,-206,3815,830,389,0,0
-25,121,-135,3765,861,362,0,0
2,71,-54,3687,847,451,0,0
-20,-15,-32,3765,874,475,0,0
-46,-92,23,3839,902,414,0,0
-5,-148,92,3804,768,358,0,0
58,-144,93,3954,733,365,0,0
89,-162,51,3979,744,319,0,0
111,-145,18,3874,846,287,0,0
125,-143,26,3807,865,303,0,0
139,-181,70,3838,833,296,0,0
145,-249,130,3821,793,250,0,0
131,-344,188,3794,774,217,0,0
110,-439,246,3793,731,160,0,0
103,-538,327,3820,756,105,0,0
98,-636,412,3754,656,58,0,0
88,-722,483,3675,627,26,0,0
74,-850,559,3621,613,-60,0,0
87,-976,663,3387,434,-201,0,0
127,-1062,735,3240,284,-406,0,0
189,-1118,778,3176,109,-661,0,0
238,-1066,806,2914,-105,-919,0,0
224,-997,804,2851,-203,-1069,0,0
212,-1066,838,2704,-351,-1142,0,0
251,-1107,898,2608,-589,-1369,0,0
313,-1157,953,2551,-770,-1618,0,0
361,-1234,956,2455,-1008,-1791,0,0
419,-1305,932,2428,-1259,-2041,0,0
442,-1055,763,2185,-1526,-2318,0,0
426,-975,686,2193,-1530,-2624,0,0
436,-963,775,2060,-1742,-2949,0,0
324,-945,802,2167,-1957,-3075,0,0
201,-924,793,2070,-2098,-3181,0,0
175,-967,761,1886,-2179,-3307,0,0
224,-1015,723,1837,-2363,-3339,0,0
225,-977,717,1719,-2544,-3504,0,0
235,-900,707,1555,-2523,-3630,0,0
293,-726,673,1375,-2694,-3517,0,0
305,-638,597,1237,-2795,-3565,0,0
254,-556,543,1120,-2731,-3658,0,0
172,-460,515,940,-2930,-3634,0,0
113,-442,453,939,-2909,-3627,0,0
82,-332,380,838,-2838,-3581,0,0
72,-141,291,735,-2956,-3511,0,0
119,-179,221,610,-2906,-3587,0,0
198,-268,233,566,-3084,-3617,0,0
203,-349,310,586,-3165,-3780,0,0
117,-317,325,576,-3272,-3881,0,0
-20,-193,227,636,-3289,-3889,0,0
-105,-97,108,599,-3322,-3843,0,0
-101,-30,15,547,-3265,-3828,0,0
-54,38,-69,515,-3257,-3773,0,0
-33,176,-138,543,-3209,-3792,0,0
-26,279,-170,684,-3191,-3784,0,0
-20,336,-227,730,-3162,-3736,0,0
-65,449,-342,788,-3120,-3637,0,0
-112,534,-431,776,-2987,-3516,0,0
-146,570,-486,865,-2855,-3432,0,0
-166,608,-526,914,-2822,-3407,0,0
-149,669,-529,1068,-2841,-3467,0,0
-155,717,-526,1298,-2837,-3549,0,0
-231,820,-609,1539,-2815,-3620,0,0
-266,943,-708,1641,-2732,-3549,0,0
-189,1040,-800,1735,-2554,-3425,0,0
-88,1191,-886,1818,-2487,-3329,0,0
-65,1314,-939,1955,-2376,-3249,0,0
-153,1483,-971,2047,-2177,-2937,0,0
-311,1593,-1014,2281,-1942,-2537,0,0
-394,1642,-1062,2295,-1620,-2097,0,0
-378,1710,-1126,2341,-1319,-1574,0,0
-279,1621,-1100,2513,-918,-1188,0,0
-141,1523,-997,2599,-695,-905,0,0
-43,1356,-919,2829,-526,-724,0,0
20,1210,-823,3050,-384,-609,0,0
45,1113,-741,3251,-337,-491,0,0
33,1026,-716,3423,-243,-394,0,0
23,960,-686,3535,-148,-242,0,0
20,859,-648,3536,-66,-106,0,0
-10,747,-608,3617,129,47,0,0
-52,697,-535,3634,152,100,0,0
-65,542,-470,3684,158,223,0,0
-102,345,-438,3652,275,295,0,0
-133,331,-407,3697,379,290,0,0
-116,244,-330,3767,431,461,0,0
-93,201,-292,3723,370,429,0,0
-55,172,-309,3758,447,459,0,0
-58,111,-306,3828,579,561,0,0
-89,102,-271,3781,635,534,0,0
-99,57,-228,3785,655,583,0,0
-79,39,-182,3764,627,528,0,0
-33,-2,-154,3684,717,563,0,0
-14,-20,-119,3672,837,605,0,0
9,-77,-60,3790,842,508,0,0
68,-102,-1,3864,813,455,0,0
94,-124,25,3838,771,386,0,0
83,-113,35,3847,767,311,0,0
52,-91,70,3815,802,330,0,0
2,-138,98,3822,816,345,0,0
-39,-159,139,3842,794,356,0,0
-45,-205,197,3821,733,301,0,0
-24,-280,244,3812,651,298,0,0
-48,-489,240,3664,566,380,0,0
-63,-685,179,3834,657,9,0,0
54,-626,209,3871,746,139,0,0
136,-419,278,3726,744,164,0,0
204,-425,393,3604,652,149,0,0
234,-551,490,3501,540,41,0,0
236,-662,579,3402,351,-101,0,0
256,-815,705,3253,126,-145,0,0
269,-1016,815,3018,-216,-382,0,0
304,-1183,916,2960,-416,-683,0,0
292,-1303,1007,2872,-618,-945,0,0
214,-1295,1047,2855,-780,-1358,0,0
121,-1228,1028,2785,-865,-1646,0,0
30,-1165,934,2663,-1016,-1666,0,0
22,-1106,867,2542,-1124,-1855,0,0
101,-1115,822,2141,-1305,-1931,0,0
154,-1083,788,1779,-1540,-2093,0,0
170,-1130,879,2127,-1308,-2205,0,0
199,-1204,1164,2492,-1515,-2623,0,0
224,-1288,1200,2314,-2350,-3134,0,0
286,-1454,1004,2172,-2452,-3574,0,0
358,-1438,912,1910,-2796,-3767,0,0
334,-1290,798,1711,-2895,-3864,0,0
302,-1169,661,1566,-2877,-3891,0,0
248,-1019,541,1252,-2841,-3851,0,0
181,-885,425,991,-2856,-3727,0,0
159,-735,372,842,-2794,-3676,0,0
121,-552,328,675,-2758,-3618,0,0
67,-389,280,601,-2765,-3484,0,0
71,-361,253,532,-2820,-3461,0,0
113,-288,241,530,-2894,-3622,0,0
134,-261,204,455,-3006,-3594,0,0
111,-288,156,554,-2997,-3742,0,0
83,-286,130,548,-2995,-3733,0,0
51,-249,149,352,-3065,-3611,0,0
-2,-208,144,360,-3102,-3789,0,0
-9,-152,100,313,-3194,-3864,0,0
15,-17,31,371,-3181,-3869,0,0
45,82,-55,436,-3211,-3862,0,0
68,151,-126,432,-3210,-3885,0,0
31,239,-208,477,-3225,-3896,0,0
-56,335,-308,534,-3102,-3833,0,0
-128,449,-387,605,-3035,-3715,0,0
-130,493,-424,668,-2974,-3580,0,0
-119,549,-449,780,-2912,-3615,0,0
-135,611,-501,831,-2869,-3524,0,0
-165,670,-552,976,-2841,-3539,0,0
-165,704,-562,1208,-2796,-3599,0,0
-161,764,-609,1429,-2812,-3620,0,0
-194,846,-704,1766,-2817,-3697,0,0
-206,898,-793,1864,-2754,-3746,0,0
-231,1015,-943,1686,-2549,-3425,0,0
-278,1255,-1125,1850,-2215,-3026,0,0
-223,1341,-1124,1938,-2067,-2915,0,0
-159,1389,-1172,2037,-1825,-2755,0,0
-184,1447,-1230,2084,-1383,-2280,0,0
-283,1470,-1209,2122,-1001,-1861,0,0
-339,1420,-1084,2265,-758,-1481,0,0
-309,1313,-912,2398,-644,-1236,0,0
-260,1268,-753,2719,-645,-1166,0,0
-227,1077,-640,3058,-514,-1077,0,0
-238,982,-582,3190,-406,-987,0,0
-299,885,-580,3354,-283,-944,0,0
-306,851,-585,3409,-226,-853,0,0
-273,806,-562,3383,-56,-611,0,0
-239,806,-501,3427,106,-485,0,0
-207,819,-402,3596,115,-417,0,0
-194,707,-294,3675,84,-284,0,0
-200,554,-258,3660,141,-170,0,0
-222,451,-263,3701,229,13,0,0
-234,430,-248,3725,225,-17,0,0
-245,384,-225,3851,286,148,0,0
-308,402,-215,3847,333,129,0,0
-393,434,-237,3921,307,151,0,0
-435,337,-256,3847,302,348,0,0
-389,197,-248,3837,386,407,0,0
-271,137,-223,3872,466,295,0,0
-133,78,-184,3819,504,352,0,0
-62,-6,-161,3824,585,469,0,0
-26,12,-117,3875,585,365,0,0
12,-9,-58,3851,560,335,0,0
12,-44,-12,3823,546,382,0,0
-26,-94,23,3876,599,341,0,0
-50,-127,61,3911,536,263,0,0
-57,-152,83,3942,501,303,0,0
-48,-191,68,3965,513,287,0,0
2,-197,66,3928,498,219,0,0
53,-245,71,3842,551,292,0,0
51,-277,92,3797,604,289,0,0
50,-332,147,3794,561,231,0,0
68,-357,197,3730,512,154,0,0
95,-356,221,3787,465,64,0,0
124,-398,261,3806,425,-22,0,0
167,-448,273,3809,411,-127,0,0
174,-490,311,3663,324,-146,0,0
180,-600,341,3608,245,-269,0,0
216,-700,376,3498,107,-378,0,0
231,-772,414,3473,63,-527,0,0
225,-890,521,3348,42,-632,0,0
211,-989,645,3286,-108,-767,0,0
213,-1021,734,3190,-287,-1008,0,0
223,-1046,777,3078,-425,-1167,0,0
245,-1038,806,2903,-488,-1279,0,0
297,-993,863,2870,-590,-1389,0,0
380,-1086,946,2691,-823,-1396,0,0
465,-1137,956,2376,-1114,-1797,0,0
533,-1230,962,2440,-1282,-2097,0,0
478,-1191,992,2336,-1505,-2353,0,0
327,-1244,997,2197,-1708,-2473,0,0
211,-1237,1009,2088,-1850,-2614,0,0
189,-1280,1045,1936,-1995,-2826,0,0
181,-1264,995,1525,-2293,-2921,0,0
191,-1231,887,1496,-2350,-3116,0,0
246,-1223,851,1450,-2493,-3233,0,0
281,-1164,831,1287,-2704,-3519,0,0
283,-1139,789,994,-2870,-3691,0,0
219,-1057,681,754,-2973,-3733,0,0
188,-948,598,660,-3035,-3835,0,0
214,-792,564,429,-3165,-3855,0,0
199,-604,450,303,-3163,-3738,0,0
170,-451,336,234,-3053,-3571,0,0
168,-357,288,140,-3018,-3451,0,0
177,-298,269,67,-3031,-3371,0,0
205,-269,255,-14,-3040,-3324,0,0
226,-299,274,-58,-3092,-3339,0,0
199,-340,316,-108,-3244,-3459,0,0
172,-379,332,-209,-3377,-3595,0,0
154,-309,306,-261,-3518,-3719,0,0
126,-225,249,-257,-3662,-3815,0,0
101,-102,178,-252,-3729,-3925,0,0
82,51,83,-248,-3743,-3993,0,0
53,193,-38,-276,-3694,-3910,0,0
8,345,-140,-207,-3648,-3774,0,0
-50,443,-233,-48,-3585,-3716,0,0
-106,530,-319,-9,-3622,-3722,0,0
-135,598,-444,87,-3653,-3714,0,0
-139,649,-600,235,-3653,-3748,0,0
-134,726,-701,278,-3698,-3749,0,0
-173,840,-839,505,-3635,-3814,0,0
-220,963,-974,686,-3534,-3718,0,0
-263,1043,-1102,850,-3394,-3614,0,0
-245,1179,-1207,990,-3201,-3507,0,0
-221,1334,-1305,1163,-3002,-3258,0,0
-208,1450,-1395,1287,-2673,-2991,0,0
-173,1591,-1466,1446,-2425,-2626,0,0
-143,1645,-1490,1572,-2007,-2162,0,0
-164,1639,-1472,1742,-1648,-1824,0,0
-164,1568,-1368,1948,-1360,-1543,0,0
-105,1385,-1195,2176,-1090,-1188,0,0
-38,1292,-1028,2353,-937,-976,0,0
30,1058,-871,2388,-739,-866,0,0
214,807,-664,2788,-511,-685,0,0
558,458,-362,2757,-494,-517,0,0
813,324,-263,2726,-555,-673,0,0
909,507,-246,3315,-189,-1012,0,0
