25,1512,-858,1831,4127,-1483,0,0
161,-398,-647,1299,3821,-3120,0,0
174,-1535,-183,1059,3635,-847,0,0
233,-1843,313,673,3578,-587,0,0
288,-1734,608,469,3804,-398,0,0
265,-1462,659,475,4232,-448,0,0
244,-1202,545,512,4013,-613,0,0
269,-964,541,451,3465,-588,0,0
228,-655,608,385,3485,-561,0,0
118,-434,495,439,3736,-580,0,0
-2,-344,268,532,3804,-606,0,0
-129,-329,117,438,3756,-719,0,0
-226,-288,50,346,3733,-930,0,0
-250,-145,23,438,3715,-1077,0,0
-224,19,-4,529,3733,-1039,0,0
-210,99,-87,635,3702,-991,0,0
-200,-18,-168,742,3636,-1003,0,0
-170,-257,-209,779,3674,-974,0,0
-130,-434,-222,715,3746,-960,0,0
-70,-453,-183,635,3756,-908,0,0
-10,-330,-100,603,3743,-825,0,0
19,-178,-10,610,3788,-798,0,0
28,-89,67,604,3778,-785,0,0
21,-66,117,589,3747,-754,0,0
-18,-75,134,569,3765,-778,0,0
-45,-102,120,519,3726,-805,0,0
-62,-108,92,453,3727,-809,0,0
-76,-102,42,416,3767,-857,0,0
-70,-67,0,426,3751,-870,0,0
-58,-29,-32,414,3749,-855,0,0
-43,14,-69,450,3756,-849,0,0
-39,54,-99,521,3812,-811,0,0
-49,35,-113,516,3834,-831,0,0
-41,14,-119,507,3714,-827,0,0
-31,60,-99,536,3610,-811,0,0
2,106,-90,535,3617,-790,0,0
28,150,-92,559,3671,-729,0,0
-5,220,-39,505,3842,-658,0,0
-63,328,-19,418,3867,-622,0,0
-143,476,4,409,3794,-565,0,0
-235,538,17,384,3597,-572,0,0
-343,454,-7,366,3446,-660,0,0
-433,105,-95,271,2982,-682,0,0
-489,-143,-144,-69,1965,-771,0,0
-322,575,67,-99,1260,-1386,0,0
219,1259,761,1489,4026,-2519,0,0
1292,1089,1961,4622,9138,-5902,0,0
2582,897,3751,6697,10268,-9333,0,0
4112,-443,4710,8307,9635,-9764,0,0
5174,-2738,3722,8309,7638,-5726,0,0
4798,-2026,2870,7145,5052,-3376,0,0
4183,-1869,2994,5398,3980,-1495,0,0
4213,-3003,2987,4047,3426,318,0,0
4385,-3567,2642,2969,3100,493,0,0
4447,-2997,2084,2607,3490,1003,0,0
4130,-1762,1332,2232,3767,1120,0,0
3651,-599,819,1759,3464,1122,0,0
3035,360,754,1152,3100,1448,0,0
2206,2034,933,549,1924,1754,0,0
796,4356,2142,104,-2474,773,0,0
-794,4644,4403,-2030,-4065,11,0,0
-2158,2974,4481,-4775,-5359,-3566,0,0
-2678,-1110,1813,-6391,-5225,-6830,0,0
-1697,-1253,-674,-10678,-660,-13402,0,0
177,115,-1472,-4602,-1389,-6028,0,0
87,-1477,-1398,-5188,-1407,-1978,0,0
-212,-1352,-2106,-3940,1187,-1013,0,0
-286,-310,-3051,484,4126,1858,0,0
-426,2448,-3838,2762,3886,3672,0,0
-708,4392,-4131,3502,3031,4266,0,0
-1313,3994,-4147,3058,3066,4471,0,0
-2058,3140,-4729,3109,2854,3876,0,0
-2469,2678,-5275,3259,2983,3428,0,0
-2696,2118,-5682,3722,3275,2444,0,0
-2589,391,-6308,5527,4655,1840,0,0
-2621,-844,-6918,7325,10950,1776,0,0
-2851,3577,-7041,11650,16933,-2970,0,0
-2326,6073,-4288,15586,13210,-12782,0,0
215,5520,-272,14229,4718,-9455,0,0
859,-1645,2044,12107,7868,-2835,0,0
1847,-3677,3585,10915,11991,-2765,0,0
2731,-2477,4447,8720,11427,-1072,0,0
3070,-2601,4613,5117,8131,1005,0,0
3091,-2615,4618,2809,4959,701,0,0
3430,-2269,4778,2783,3813,1362,0,0
3517,-2116,4718,2622,4161,1962,0,0
3577,-2299,4031,2510,4896,2584,0,0
3431,-1312,3342,2573,5043,2216,0,0
3138,-604,3144,1935,4158,1538,0,0
2700,687,3364,1684,3580,1198,0,0
1769,2733,3720,1166,1802,1132,0,0
242,3851,4198,-635,-412,655,0,0
-1741,2969,4737,-4457,-4114,-1705,0,0
-2897,1029,3903,-6206,-4499,-4151,0,0
-1682,-1199,856,-9883,-40,-13837,0,0
532,424,-1344,-6491,-2980,-6529,0,0
-420,-184,-1107,-3869,-3645,-3248,0,0
-941,-2354,-1882,-6192,-1887,-3178,0,0
-909,-1894,-3112,-4305,1225,-1321,0,0
-553,1094,-4380,-152,3837,-860,0,0
669,3527,-5741,1693,5346,1457,0,0
1444,5276,-5546,3166,5418,3618,0,0
1024,1820,-4479,3672,4688,3791,0,0
-170,262,-4050,2861,3299,2551,0,0
-962,186,-3880,2790,2393,2014,0,0
-1532,-1586,-3567,2467,2389,2834,0,0
-2311,-416,-3973,3844,6420,2843,0,0
-3309,1828,-5700,9549,10674,-1577,0,0
-3685,-505,-6862,11447,13117,-3561,0,0
-3689,-1018,-6343,10428,13389,-7416,0,0
-2178,2446,-4523,7946,8107,-16471,0,0
362,6145,-823,7528,-2485,-1062,0,0
-456,-2151,912,4569,-179,1124,0,0
-495,-4891,960,1720,54,-203,0,0
194,-2395,2171,4524,3359,-3125,0,0
1672,-1358,3851,9362,11791,-6514,0,0
3082,-760,3588,10728,12936,-5915,0,0
3305,-2496,3628,11226,8805,-2862,0,0
2621,-1785,4103,9199,7007,-1140,0,0
2596,-3508,4529,3788,5773,1308,0,0
3049,-3773,4333,2343,4569,1482,0,0
3747,-3059,3856,2230,5016,2738,0,0
3640,-1915,3184,2047,4962,2104,0,0
3436,-1005,2908,769,4558,1725,0,0
3193,257,2530,995,4445,2114,0,0
2799,1238,2323,680,4474,437,0,0
1739,3531,3291,-1107,1171,496,0,0
-762,5292,4825,-3127,-3377,-1503,0,0
-2508,2800,4678,-5135,-6015,-3849,0,0
-2423,-1407,2105,-8334,-4136,-9119,0,0
181,-1697,-1211,-8641,-3639,-10590,0,0
535,-290,-1446,-3109,-4076,-2962,0,0
-678,-606,-1180,-5562,-2720,-3597,0,0
-47,-365,-1976,-4766,-254,-1289,0,0
463,1626,-2959,-610,2566,233,0,0
1092,2519,-4087,1767,4049,288,0,0
1523,2262,-4595,1996,3361,1739,0,0
1246,2283,-4197,2377,3314,2504,0,0
681,851,-3811,2372,2827,2355,0,0
-138,-547,-4052,2133,2182,2166,0,0
-1042,-634,-4295,2341,2316,1999,0,0
-2075,-431,-4328,4497,3758,1295,0,0
-2799,-61,-4801,7266,7088,-1177,0,0
-2237,-160,-5879,9330,9209,-1915,0,0
-2044,715,-6774,8285,10126,-1793,0,0
-2234,1469,-6191,8471,9517,-3591,0,0
-1905,267,-4453,5390,5799,-1823,0,0
-2062,1959,-2287,3862,3751,-7856,0,0
-52,5829,-967,6539,1024,-5237,0,0
531,-276,-413,4967,691,587,0,0
197,-3711,150,2258,982,1034,0,0
256,-1545,1236,4276,4529,-1826,0,0
1233,431,2874,9845,12199,-4909,0,0
1927,-122,4086,10531,15556,-4914,0,0
2222,-308,5379,9508,13147,-1589,0,0
1724,-1392,5715,7199,8938,322,0,0
1584,-2777,5746,3304,5857,1575,0,0
2128,-3127,5711,2162,4474,2019,0,0
2822,-2606,5365,2340,4813,2538,0,0
2712,-2046,4625,2064,5293,2257,0,0
2511,-1746,3833,1736,5559,1454,0,0
2511,-1200,3476,1046,4566,1642,0,0
2094,220,3512,1073,4370,1229,0,0
1372,1727,3795,377,3621,767,0,0
-11,2939,4394,-1622,458,-765,0,0
-1283,1838,4481,-7530,-6663,-3637,0,0
-1906,1425,3185,-10996,-7793,-8935,0,0
-242,90,-637,-9320,-4199,-11671,0,0
43,-1230,-2002,-3784,-2291,-4019,0,0
-1128,-984,-2090,-3895,861,-3139,0,0
-376,-581,-2711,-2316,3706,-974,0,0
312,-729,-3638,-152,3629,925,0,0
480,650,-4003,1196,3582,1309,0,0
797,2504,-3671,2591,3692,2199,0,0
652,2967,-3509,3249,2661,2921,0,0
-161,1802,-3565,2620,2367,2215,0,0
-954,363,-3502,3060,2195,2758,0,0
-2239,429,-3870,4816,2583,1742,0,0
-3039,1130,-4779,7214,4227,-553,0,0
-2513,1126,-5871,10047,7120,-1850,0,0
-1446,905,-6806,10972,9609,-502,0,0
-2378,723,-6682,9020,8213,-4005,0,0
-2701,-340,-4699,5939,5812,-2438,0,0
-2302,538,-2674,4335,3204,-2779,0,0
-634,2726,-1137,5995,2568,-10236,0,0
960,2149,-417,3008,-119,-2461,0,0
403,-11,-19,4481,3075,-858,0,0
1024,-1312,1261,7144,7867,-2170,0,0
1825,-767,2660,9127,12625,-5176,0,0
2302,651,4103,10054,12944,-4384,0,0
2244,136,4857,8627,9848,-436,0,0
1274,-861,5553,5336,6407,1081,0,0
986,-2121,5769,2646,4388,1541,0,0
1334,-2398,5656,2760,3756,2279,0,0
1574,-2723,5310,3160,4053,2882,0,0
1643,-2274,4717,2690,4368,2701,0,0
1828,-2085,4307,1983,4989,1717,0,0
2285,-1838,3839,1307,4412,2270,0,0
1780,-864,3613,983,4085,1228,0,0
986,465,3577,-859,2122,59,0,0
-139,2414,4043,-4427,-2294,-1545,0,0
-1470,2314,3935,-4970,-5132,-3573,0,0
-1922,1777,2242,-10471,-1306,-13715,0,0
1333,3,-1471,-3227,-1438,-9782,0,0
1442,-2742,-1894,-1063,-3699,-1286,0,0
3,-602,-1872,-4968,-4436,-3097,0,0
24,38,-2315,-3210,-2419,-1932,0,0
-122,-881,-2854,-1331,692,280,0,0
-462,4,-3137,601,2946,762,0,0
-685,1068,-3607,2556,3715,2113,0,0
-827,2442,-4022,3455,3192,2310,0,0
-933,2088,-3759,2938,2443,2085,0,0
-1288,1009,-3540,2584,2321,1331,0,0
-1532,237,-3788,2585,2195,890,0,0
-1933,109,-4158,2728,2259,1336,0,0
-2845,513,-4669,5181,4791,-685,0,0
-2720,1364,-5219,8410,9444,-1486,0,0
-2390,2184,-5899,10714,13194,-2405,0,0
-2115,2568,-5873,9642,10244,-3392,0,0
-1997,2521,-4013,8099,7066,-2863,0,0
-1658,2838,-1920,6050,3881,-7342,0,0
-125,4188,-325,6970,82,-3169,0,0
-264,-4242,361,2765,1007,1320,0,0
-203,-5148,-132,-1382,1739,1805,0,0
-80,-2083,-129,-596,1709,1468,0,0
-399,-1462,-73,187,2496,-294,0,0
-107,-1504,-183,1235,4328,-2143,0,0
842,-781,567,3862,7382,-4633,0,0
1747,-689,1570,5745,8912,-7926,0,0
2982,455,3293,9272,11876,-8731,0,0
3835,-1266,5141,11579,13468,-4278,0,0
4097,-3930,4514,8032,10469,-492,0,0
3952,-3415,3331,4343,5292,1156,0,0
3480,-2052,3320,3173,2449,1586,0,0
3407,-1712,3574,3376,2909,1659,0,0
3585,-1784,3453,2798,3697,1687,0,0
3671,-1386,3158,2036,4349,1596,0,0
3402,-451,2977,1522,3915,1361,0,0
2812,301,3058,1167,3549,923,0,0
2079,910,3211,550,3550,345,0,0
1318,2094,3435,-959,1898,-938,0,0
348,3410,3837,-4181,-1914,-2419,0,0
-722,2823,3743,-10470,-5019,-6402,0,0
244,-53,391,-10400,-5152,-10081,0,0
705,-1903,-1649,-4409,-4280,-2002,0,0
-1047,8,-2143,-5410,-2414,-3031,0,0
-1121,555,-2760,-3561,316,-1357,0,0
-807,945,-3074,-124,3149,1018,0,0
-437,1553,-3878,2152,4319,972,0,0
-2,2535,-4887,3547,3636,2236,0,0
-15,2664,-4874,3389,3547,2960,0,0
-601,1265,-4435,3423,3000,2775,0,0
-1532,397,-4340,3044,2570,2099,0,0
-2411,318,-4547,3654,2282,1254,0,0
-3089,448,-4729,6909,4129,-1667,0,0
-2291,620,-4535,9436,7473,-2017,0,0
-1516,561,-4333,9422,10080,-2484,0,0
-1533,23,-4124,7001,7779,-3654,0,0
-1730,-208,-3397,5092,6260,-3937,0,0
-1700,-477,-2186,3381,4192,-2564,0,0
-1661,301,-785,2135,2548,-1589,0,0
-1520,992,98,1907,2348,-4242,0,0
78,1202,-57,757,2931,-4951,0,0
876,504,-667,1774,3621,560,0,0
340,-1167,-438,1848,4933,1380,0,0
-80,-1640,-220,488,3865,994,0,0
-436,-828,31,350,3005,50,0,0
-552,-576,153,580,2892,-874,0,0
-372,-1019,-112,363,2084,-1590,0,0
3,-578,-116,494,988,-1995,0,0
680,241,779,2405,4000,-3932,0,0
2036,175,1649,5721,9625,-6867,0,0
3007,463,2590,7422,11589,-8141,0,0
3638,703,3890,9502,11871,-5480,0,0
3754,-434,3833,9130,9931,-1351,0,0
2899,-1961,3634,6114,6528,267,0,0
2412,-2847,3875,3380,3730,670,0,0
2875,-2773,3930,3382,4048,723,0,0
3480,-2432,3841,3369,4395,1308,0,0
3700,-2398,3739,2340,4289,1709,0,0
3874,-1984,3470,1600,4173,2378,0,0
3527,-1367,3027,1574,4198,2051,0,0
3190,-666,2506,1154,4425,1520,0,0
2784,1397,2488,-117,3254,1531,0,0
1185,4316,3648,-4288,-1602,-227,0,0
-988,4168,4570,-8727,-6907,-4210,0,0
-1933,-545,1383,-10951,-6048,-8502,0,0
-405,-1220,-2323,-8598,-2649,-8066,0,0
-156,169,-1635,-4442,-3106,-2590,0,0
-838,890,-1217,-4130,-867,-1450,0,0
-392,1203,-2096,-2125,2460,-545,0,0
94,357,-3741,877,4027,796,0,0
-168,592,-5113,2719,4071,1577,0,0
-523,2379,-4771,3665,4232,2178,0,0
-671,2096,-4097,3695,2961,2356,0,0
-1489,230,-3950,3205,1733,1809,0,0
-2448,-447,-4166,3083,2249,1416,0,0
-3325,-38,-4636,4429,3177,849,0,0
-3883,976,-4892,7255,6979,-1241,0,0
-3823,1506,-4908,9644,10186,-3922,0,0
-3003,530,-4594,8770,10840,-4716,0,0
-2190,205,-3962,6184,9421,-4045,0,0
-2116,454,-2637,3625,6033,-3550,0,0
-2058,997,-1041,2934,3070,-4252,0,0
-781,1896,-77,944,2730,-9272,0,0
455,2094,126,1787,736,-1226,0,0
119,-594,363,1725,2476,969,0,0
233,-1846,283,119,3486,1886,0,0
178,-1097,-292,178,3623,1907,0,0
-319,-731,-607,614,1869,993,0,0
-779,-1104,-306,229,1858,608,0,0
-900,-764,-27,1022,3808,-1440,0,0
-115,-707,43,1750,6592,-4407,0,0
1047,-26,582,3471,9212,-5939,0,0
2132,476,1980,5227,11999,-7668,0,0
3346,922,2756,7209,12594,-6293,0,0
3656,-978,2762,7553,10443,-2872,0,0
3060,-2712,2955,5492,6776,-857,0,0
3260,-2909,3323,3507,4615,228,0,0
4180,-2154,3630,4540,5154,1621,0,0
4284,-2081,3977,3994,5529,2426,0,0
4178,-2950,3766,2947,5457,2187,0,0
4543,-3539,2754,2144,5709,1559,0,0
5255,-1605,2073,1204,5662,2032,0,0
4948,2159,2370,459,4909,2455,0,0
3286,5393,3804,-38,2168,1480,0,0
475,6137,5680,-2181,-650,-984,0,0
-2004,4119,6301,-7532,-4645,-4786,0,0
-2374,-2193,2967,-12209,-5370,-10330,0,0
-218,-5117,-1952,-11672,-2760,-6408,0,0
-689,846,-2152,-6047,-1492,-3626,0,0
-952,1448,-1803,-5135,170,-1950,0,0
-363,1093,-2659,-2127,2642,-58,0,0
263,1251,-4146,1125,4439,1025,0,0
550,1993,-5204,2451,4361,1738,0,0
804,3106,-4869,2552,3986,2337,0,0
1070,2955,-4598,2348,3491,3779,0,0
245,1648,-4554,3443,3422,3896,0,0
-1087,776,-4427,3675,2995,3232,0,0
-2201,616,-4401,4896,3403,2329,0,0
-2476,1007,-5116,8769,6287,-27,0,0
-1570,1569,-5974,10924,8542,-129,0,0
-1341,-93,-6270,11011,9918,-1820,0,0
-2077,-2544,-5597,8427,8782,-4065,0,0
-2260,-2495,-3374,4871,5232,-3574,0,0
-1973,-150,-974,3702,2473,-2247,0,0
-1171,763,277,2930,2483,-8474,0,0
489,955,88,830,428,-2145,0,0
446,-331,23,1632,3337,2016,0,0
-1511,-1017,252,-1037,-1111,887,0,0
-308,-577,-628,718,2968,-511,0,0
-581,-993,94,766,2981,-1499,0,0
-378,-1640,18,365,2492,-943,0,0
-243,-1993,-20,734,1294,-799,0,0
66,-1643,377,264,1014,-1390,0,0
949,306,933,1930,4866,-3943,0,0
2362,1640,1324,4908,9787,-7788,0,0
3412,2357,2356,7355,11087,-8073,0,0
4013,2176,3716,9680,11791,-4142,0,0
3289,1923,3965,9609,9447,835,0,0
1147,115,4537,6097,5851,1012,0,0
1031,-2330,4687,3834,3424,1017,0,0
1415,-2342,4983,3811,3706,1595,0,0
1698,-2353,5216,2537,4208,2493,0,0
1763,-2350,5161,2330,4419,2910,0,0
1910,-2925,4599,1887,4744,2256,0,0
2462,-2973,3853,910,4349,1642,0,0
2767,-1171,3315,461,4276,1355,0,0
2150,1658,3535,-201,3375,953,0,0
145,4597,4547,-4501,3,-1596,0,0
-1916,3159,4307,-8477,-6449,-6535,0,0
-1401,-3475,843,-14086,-4176,-11386,0,0
-249,-2736,-2489,-8735,-3021,-5743,0,0
-1240,-1291,-2946,-5374,-386,-2399,0,0
-1632,-526,-3512,-3848,3112,-744,0,0
-1145,1104,-4124,831,6207,1203,0,0
-825,2786,-4811,4041,5304,1933,0,0
-565,2888,-4828,5119,4645,3339,0,0
-787,2730,-4043,4908,3174,3288,0,0
-1765,1528,-3811,4035,2228,2000,0,0
-2652,292,-3857,3409,2142,1095,0,0
-3356,128,-3878,4086,2087,518,0,0
-3776,905,-3943,7049,4513,-2916,0,0
-2669,1380,-4410,11133,8251,-4903,0,0
-1983,464,-4518,9447,9623,-4679,0,0
-2199,1211,-3901,6140,7504,-4689,0,0
-2099,918,-3170,4901,6735,-4184,0,0
-1803,248,-1971,2960,3048,-2307,0,0
-1808,-93,-241,2339,1016,-2695,0,0
-1108,-1404,606,1072,2300,-5658,0,0
53,-1713,-325,-300,2890,-85,0,0
241,-580,-753,1490,5183,1505,0,0
-31,-210,-484,1241,4502,1221,0,0
-506,200,-165,836,3151,-231,0,0
-411,889,87,1215,3071,-1738,0,0
63,347,64,1453,2491,-1346,0,0
436,-212,28,349,1358,-1166,0,0
891,1308,578,1232,1827,-2439,0,0
1541,1916,1585,4800,5135,-4379,0,0
2289,540,2456,8033,8650,-6541,0,0
3077,-1875,3331,9237,11573,-6858,0,0
3781,-2824,3337,9132,12677,-5301,0,0
3637,-2284,3028,8379,9407,-3680,0,0
3406,-2130,3344,6079,6120,-1194,0,0
3572,-2170,3773,3632,3679,1302,0,0
3766,-1871,3836,2465,3290,1359,0,0
3989,-1626,3671,2445,4021,1694,0,0
3674,-1410,3322,2491,4568,1349,0,0
3284,-626,3108,1104,3870,1178,0,0
2912,430,3135,399,3242,1446,0,0
2400,1594,3035,207,3371,1381,0,0
1641,3124,3236,-181,3279,37,0,0
201,3730,3941,-3923,-184,-2342,0,0
-1094,1695,3589,-9127,-6768,-4129,0,0
-922,-1353,768,-13611,-6436,-11197,0,0
533,-1686,-1859,-7229,-4725,-5095,0,0
-330,-148,-2424,-5581,-2642,-2171,0,0
-1041,1271,-3371,-3054,984,-2164,0,0
-546,550,-3992,202,4375,853,0,0
-24,1122,-4869,2376,5549,2858,0,0
791,3804,-5308,3644,4501,4641,0,0
619,3822,-4280,3239,3138,4102,0,0
-561,735,-4129,2889,3024,2047,0,0
-1650,-650,-4563,2366,2807,1165,0,0
-2452,-541,-4720,3006,3273,671,0,0
-3008,-706,-4743,4887,6329,-1098,0,0
-3013,-751,-5286,7394,9637,-2586,0,0
-3088,-1419,-5651,8042,13066,-4765,0,0
-2509,-1929,-5091,6328,11728,-4570,0,0
-2428,-758,-4084,4326,7667,-4081,0,0
-2452,1073,-2201,3124,3235,-4070,0,0
-1852,4145,-58,1057,2582,-6110,0,0
-365,6010,277,4961,1378,-3105,0,0
311,-1508,116,3499,1886,896,0,0
381,-2772,-10,168,4271,1551,0,0
455,-1005,188,270,5387,1477,0,0
20,-830,48,72,4080,-75,0,0
-222,-885,36,-874,3230,-1864,0,0
30,-326,4,-66,3170,-1203,0,0
34,-357,-24,906,3280,-395,0,0
6,-495,-35,871,2493,-390,0,0
88,-25,150,848,1354,-121,0,0
158,694,564,1396,1709,-197,0,0
250,719,1059,2332,3592,-1007,0,0
527,481,1657,4843,6481,-3574,0,0
1123,-47,2553,7196,9014,-6064,0,0
1968,123,3855,9422,11504,-6279,0,0
2674,839,4685,10518,12324,-2499,0,0
1685,1775,5279,9724,10613,2378,0,0
43,-27,5618,5736,7592,4119,0,0
-313,-2740,5433,1860,3521,3313,0,0
-176,-3614,5136,954,1826,2628,0,0
191,-3077,4911,1233,2340,2026,0,0
669,-2933,4576,1116,2798,1750,0,0
1090,-2910,3983,848,3231,1840,0,0
1253,-1961,3423,336,3676,1522,0,0
1058,647,3238,68,3657,1068,0,0
83,3720,3629,390,4195,-243,0,0
-1658,4096,4038,-982,2083,-2044,0,0
-1406,-1682,2856,-6960,-775,-15243,0,0
2176,-5641,141,-8408,-5697,-5771,0,0
883,-2811,-1473,-7526,-6187,-3002,0,0
-466,-1734,-3854,-6140,-2994,-3417,0,0
-710,-1608,-5182,-3126,1076,-1054,0,0
-881,512,-5022,656,4143,752,0,0
-793,1193,-5053,3425,5343,2072,0,0
-667,2030,-5196,4715,5379,3281,0,0
-626,3205,-4394,4145,4053,3135,0,0
-891,2482,-3573,3136,2806,2246,0,0
-1298,1119,-3673,2592,2219,1418,0,0
-3656,612,-4175,2916,2309,1144,0,0
-2305,-29,-4854,4821,4275,-206,0,0
-2115,-9,-5818,8090,9645,-2290,0,0
-1871,-660,-6215,8804,12676,-2520,0,0
-2447,-1646,-5467,7005,11193,-5092,0,0
-2291,-1391,-3673,5078,7519,-4069,0,0
-2143,633,-1230,2075,2976,-4319,0,0
-984,4878,309,2066,2774,-7997,0,0
214,1145,350,4966,1246,-924,0,0
376,-3841,179,1124,2781,1616,0,0
339,-2543,80,-272,3513,1761,0,0
86,-1124,347,-278,4218,1347,0,0
-290,-190,360,-5,4944,-102,0,0
-236,42,150,64,4645,-1457,0,0
-18,-384,-222,-286,3654,-1088,0,0
5,-404,-332,376,3518,-331,0,0
-80,-248,-151,718,3449,-106,0,0
-107,-157,-58,595,3468,-274,0,0
88,738,-308,23,3160,-830,0,0
427,2767,-482,470,1397,-1485,0,0
579,3503,498,2320,1148,-2067,0,0
857,2890,2070,6019,5221,-3440,0,0
1150,1715,3508,9900,8293,-4956,0,0
1471,74,4988,12352,10503,-3999,0,0
2142,-1799,6204,12913,14106,-357,0,0
1464,-2144,6107,9175,12266,3639,0,0
-366,-1585,5872,5175,6400,957,0,0
389,-3301,5934,1858,2893,1205,0,0
1418,-2829,5378,574,1850,1998,0,0
1421,-1245,4867,1547,2705,2846,0,0
1026,-997,4186,1062,3547,1946,0,0
1145,-1063,3287,354,3320,1336,0,0
1017,25,3159,981,2812,1851,0,0
263,1745,3398,871,3042,1217,0,0
-635,1827,3632,314,3448,-185,0,0
-1428,561,3372,-3041,1756,-3864,0,0
-774,-3629,1489,-11835,-2583,-11717,0,0
1182,-3517,-1103,-9817,-4765,-7314,0,0
76,-2633,-1717,-5735,-5344,-2296,0,0
-874,-1384,-2978,-7292,-3714,-2464,0,0
-833,-630,-4216,-3693,307,-423,0,0
-976,753,-4344,1645,4771,1369,0,0
-1639,847,-4759,7794,6396,2831,0,0
-3189,1000,-5333,7312,4308,2469,0,0
-3922,2221,-4047,3866,2615,1351,0,0
-3549,2780,-3490,2885,2436,-36,0,0
-2945,1320,-3868,2653,2590,437,0,0
-2988,697,-4393,2195,3282,-136,0,0
-3047,823,-4701,3560,5916,-1814,0,0
-2453,747,-4641,4857,9927,-2911,0,0
-2077,1974,-4182,6196,12373,-3925,0,0
-2181,2105,-3163,6300,10957,-5033,0,0
-2256,1349,-1787,5777,7088,-2535,0,0
-2035,189,-959,5263,6174,-1845,0,0
-1000,1778,-674,2914,4338,-4166,0,0
152,1712,-71,3357,1926,-1531,0,0
105,-1975,465,967,1215,-591,0,0
23,-2887,333,302,1004,59,0,0
80,-3657,501,422,2853,1962,0,0
123,-3270,58,-556,4291,2875,0,0
-136,-924,-558,3,4886,1148,0,0
-171,1101,-519,155,4394,-412,0,0
185,2199,-175,195,4092,-1821,0,0
520,1786,-60,1260,3721,-1110,0,0
310,562,113,1617,3510,-232,0,0
95,-238,383,1364,3302,-328,0,0
88,-990,546,1619,2614,-438,0,0
-68,-2442,927,1902,1748,-954,0,0
160,-2623,1148,319,1852,-1892,0,0
819,-613,1062,912,3230,-4161,0,0
2031,543,1198,4441,6503,-6862,0,0
3411,97,2281,8079,10874,-7210,0,0
3887,-1688,3865,10201,11459,-7391,0,0
3754,-4307,3660,9426,8911,-5908,0,0
3449,-4967,2580,6946,6582,-3447,0,0
3363,-3242,2314,4496,4148,-1759,0,0
3919,-1557,2463,2915,2141,169,0,0
4062,-429,2725,2450,2327,552,0,0
4094,225,2742,2486,3298,814,0,0
3953,165,2656,2011,3609,1422,0,0
3593,728,2539,920,3641,1278,0,0
2944,1902,2700,829,3680,1198,0,0
1808,2859,3018,137,3459,959,0,0
418,3742,3422,-322,2773,-78,0,0
-1130,2880,3677,-3601,-422,-2884,0,0
-529,144,2209,-15351,-3617,-12819,0,0
1041,-3160,-585,-6789,-8616,-3171,0,0
-1096,-3953,-2801,-6125,-4917,-1641,0,0
-2296,370,-3788,-5525,-1378,-2722,0,0
-1833,2029,-3995,-2183,1749,-493,0,0
-1014,2331,-4469,1166,4389,621,0,0
-742,2769,-5555,4708,4707,1726,0,0
-884,2974,-5364,4999,4422,1608,0,0
-852,1062,-4254,3903,3750,1529,0,0
-1211,-221,-3765,3218,2723,1223,0,0
-1677,64,-3988,2715,2027,1401,0,0
-2067,800,-4038,2797,2322,957,0,0
-2289,480,-4123,4086,3783,-101,0,0
-1926,493,-4133,6897,8983,-1646,0,0
-1492,318,-4395,7343,11875,-2914,0,0
-1568,571,-4419,6446,10918,-3451,0,0
-1588,844,-3759,4660,8413,-3223,0,0
-1849,1328,-2299,3373,4015,-3923,0,0
-1980,1617,18,2263,2487,-8443,0,0
-435,2015,702,2582,1435,-3875,0,0
373,-1547,358,1775,1116,-14,0,0
625,-2989,161,785,2098,1058,0,0
854,-2235,247,262,5855,1527,0,0
837,-1437,-424,393,6943,1226,0,0
63,-1545,-835,110,2738,905,0,0
-609,-1330,3,-422,1754,935,0,0
-904,-462,515,110,3399,398,0,0
-954,-290,307,442,3231,-160,0,0
-996,-590,189,-255,2018,-1693,0,0
-345,-578,-61,-1164,2906,-2591,0,0
153,125,-475,450,3680,-570,0,0
104,634,-201,987,3573,-159,0,0
72,830,659,1264,3919,-1593,0,0
744,1231,1807,4335,8169,-5283,0,0
2146,429,2702,6199,12312,-6722,0,0
3048,485,2609,6405,12595,-5247,0,0
3497,896,2469,7226,10572,-2847,0,0
2945,265,3476,5886,7219,-782,0,0
2210,-480,4678,4822,3663,1482,0,0
1924,-1395,5433,4168,3510,1935,0,0
2166,-2440,5726,3438,4955,2144,0,0
2504,-3463,5501,2483,5320,2105,0,0
2886,-3221,4961,1719,5476,1779,0,0
3138,-2112,4205,1323,5291,1757,0,0
2896,-379,3582,673,4376,1741,0,0
2009,1758,3574,233,4027,751,0,0
669,3033,3918,-1700,1181,240,0,0
-1342,1959,4338,-8063,-4838,-1895,0,0
-1150,-1828,2366,-15312,-3809,-13577,0,0
299,-3277,-2510,-6528,-5458,-4681,0,0
-1375,-1129,-3248,-4279,-2640,-2308,0,0
-1922,2095,-2529,-3309,245,-2474,0,0
-975,2519,-2231,-540,2589,-708,0,0
-235,1157,-3329,1407,3595,533,0,0
-81,346,-4815,3157,3416,1749,0,0
-347,1793,-4765,4014,3977,2562,0,0
-785,2482,-3727,3278,2570,2482,0,0
-1801,512,-3228,2822,1648,1599,0,0
-2745,-775,-3312,2585,1970,1163,0,0
-3369,237,-3550,3584,2731,751,0,0
-3525,1626,-4283,6675,6142,-543,0,0
-3038,2676,-5156,9497,10707,-2401,0,0
-2290,1822,-5839,8661,11192,-3448,0,0
-1735,910,-5361,7063,10071,-4524,0,0
-1502,696,-3339,4086,5602,-3211,0,0
-1767,1666,-592,3419,2525,-8367,0,0
-379,1474,878,2157,2430,-6793,0,0
160,-750,832,1692,1980,256,0,0
397,-2088,264,1162,3632,1364,0,0
636,-2175,-184,484,4735,1729,0,0
426,-1884,-501,385,4488,1111,0,0
-106,-1879,-440,353,3248,569,0,0
-551,-1343,20,148,3015,418,0,0
-706,-178,346,181,3501,217,0,0
-638,443,310,354,4107,-547,0,0
-396,233,8,37,4677,-2274,0,0
21,50,-392,231,4243,-2013,0,0
153,-52,-413,704,3683,-325,0,0
112,-48,-90,339,3826,532,0,0
-66,261,19,361,3538,449,0,0
-269,415,51,544,3006,-179,0,0
-381,326,103,600,2149,-3088,0,0
-192,417,270,529,1097,-1208,0,0
121,196,621,766,1287,-1585,0,0
852,311,781,1830,3862,-3038,0,0
1969,851,1209,4209,7981,-6041,0,0
3468,3010,2412,6562,11863,-6725,0,0
3470,4814,4623,13205,10818,-4505,0,0
2162,807,6172,13491,11638,-1928,0,0
1384,-2398,6125,8096,9130,710,0,0
990,-3023,5829,4387,5077,1020,0,0
1326,-2588,5448,2705,3132,1209,0,0
1730,-2508,4803,2643,3312,1094,0,0
2040,-3307,4007,2135,3788,2169,0,0
2285,-3250,3083,1743,5164,2476,0,0
2499,-2101,2255,1337,4690,2159,0,0
2580,-660,1975,1135,5481,1249,0,0
2227,1727,2517,805,5044,608,0,0
806,4730,4233,-1511,1696,-1214,0,0
-452,3739,4891,-6875,-4075,-3728,0,0
-622,995,3235,-12123,-6537,-8644,0,0
696,-1819,-407,-10127,-7027,-8498,0,0
339,-1931,-1408,-5407,-5999,-1637,0,0
-1190,13,-2205,-5811,-3266,-1911,0,0
-1275,484,-2321,-1772,2502,126,0,0
-687,1267,-2045,1552,4530,253,0,0
-205,233,-3692,2202,2697,875,0,0
-296,1762,-3964,1714,2536,1283,0,0
-67,2542,-4255,2364,2499,2445,0,0
-136,1630,-5007,3412,2562,2578,0,0
-737,599,-5346,3129,2231,1900,0,0
-1607,158,-5384,2912,2192,1466,0,0
-2499,376,-5565,5041,3549,46,0,0
-2643,246,-5777,8110,7127,-1765,0,0
-2306,-335,-5719,9505,9994,-3509,0,0
-2064,-1074,-5199,7615,11536,-2616,0,0
-2474,-670,-4459,6290,9691,-4757,0,0
-2253,-690,-2607,3672,5947,-3523,0,0
-2392,181,-213,2411,2509,-3626,0,0
-1412,432,1001,-284,3294,-9528,0,0
227,290,242,909,994,-1393,0,0
278,-1022,381,1854,2535,1022,0,0
585,-1658,169,497,4523,1431,0,0
669,-1158,-767,760,4935,1140,0,0
271,-1033,-1205,1072,3737,523,0,0
-106,-1388,-746,477,3266,291,0,0
-428,-1014,12,538,3685,318,0,0
-610,-301,531,542,4198,-93,0,0
-626,351,698,383,4192,-749,0,0
-510,410,556,333,3944,-1393,0,0
-210,-264,171,-135,3784,-1359,0,0
100,-54,-213,18,3686,3,0,0
100,1060,-227,428,3835,989,0,0
-235,1211,-229,905,3665,138,0,0
-388,520,-222,1205,3214,-1009,0,0
-224,-283,-89,846,1906,-1201,0,0
334,-367,277,659,1565,-1465,0,0
1346,1154,708,1356,2632,-1797,0,0
1836,2521,1055,3595,4086,-3221,0,0
2104,1433,2012,5981,6944,-6358,0,0
2776,574,3197,8737,10135,-7497,0,0
3261,-286,4092,10346,12078,-5959,0,0
3260,-807,4207,8464,10920,-2113,0,0
2435,-842,4067,5691,6981,-33,0,0
1871,-1197,4255,4323,3034,954,0,0
1646,-1319,4798,3568,2301,1466,0,0
1550,-1340,5059,2940,3166,1856,0,0
1428,-1392,4891,2173,3348,1889,0,0
1376,-1625,4528,1443,3784,1274,0,0
1589,-1101,4109,892,3935,820,0,0
1560,767,3748,866,3570,1625,0,0
645,2864,3362,441,3294,1152,0,0
-431,2895,2924,-756,1859,-1631,0,0
-998,252,2409,-6335,-2066,-7825,0,0
914,-1396,1055,-10728,-5092,-9892,0,0
1007,-2900,-790,-3138,-7059,-3874,0,0
-538,-3128,-2116,-5117,-5757,-4184,0,0
-567,-1602,-2912,-5093,-3549,-3440,0,0
-139,-86,-2925,-2491,-763,-907,0,0
-135,1131,-2921,-512,2407,650,0,0
-134,3432,-3631,1843,4231,1537,0,0
315,5644,-4329,2808,3973,2670,0,0
482,4268,-3703,1069,3485,3695,0,0
-196,1639,-3247,1273,2840,2947,0,0
-368,898,-3765,1585,2197,2474,0,0
-236,603,-4459,1859,2011,2739,0,0
-563,7,-5043,3368,3273,2810,0,0
-880,-618,-5858,7335,6988,47,0,0
-696,-2135,-6420,8729,11460,-471,0,0
-1059,-1425,-6337,8794,13207,-2683,0,0
-1283,-683,-5152,6816,8655,-3329,0,0
-1818,-434,-3035,4426,4415,-3552,0,0
-2267,-122,-705,2873,2906,-2765,0,0
-1999,-2064,640,3495,2916,-6307,0,0
-56,-582,216,411,1779,-3208,0,0
882,-822,-516,1083,3298,946,0,0
1093,-1586,-602,1348,6310,1655,0,0
719,-1748,-699,926,4854,767,0,0
86,-1270,-65,214,2638,253,0,0
-346,-985,642,258,3102,323,0,0
-531,-757,738,385,4044,641,0,0
-582,-264,419,454,4163,340,0,0
-578,-545,95,406,3937,-729,0,0
-280,-968,-163,-110,3956,-1853,0,0
169,-581,-352,108,3888,-844,0,0
168,-198,-159,711,4039,335,0,0
-21,-68,28,410,3831,417,0,0
-152,219,32,483,3570,95,0,0
-239,288,-42,718,3657,-464,0,0
-186,-31,-116,933,3974,-827,0,0
142,-49,-105,860,4080,-1224,0,0
618,621,95,713,3743,-1456,0,0
895,1422,423,988,2804,-2289,0,0
1122,1827,1153,1908,1878,-3229,0,0
1450,1031,2317,3274,3208,-4899,0,0
2491,-451,3061,4320,6115,-6113,0,0
3505,-1562,3005,7013,8769,-5931,0,0
4327,-2254,2969,9125,11704,-5940,0,0
4586,-1107,3186,9191,10238,-3478,0,0
3400,275,3529,8257,6610,-1564,0,0
2100,-162,3666,4818,3884,735,0,0
1594,-929,3652,2550,2073,583,0,0
2089,-935,4053,1705,2116,803,0,0
2283,-730,4007,925,2569,1562,0,0
1734,34,3810,948,2524,1500,0,0
1136,146,3691,479,2825,1294,0,0
626,378,3404,386,2725,999,0,0
224,775,3253,450,3098,18,0,0
-157,1709,3412,-332,2877,-635,0,0
-886,1668,3468,-3210,189,-3052,0,0
396,409,1859,-13291,-1508,-12058,0,0
1695,-1964,514,-6521,-6525,-4547,0,0
493,-4084,-1762,-4984,-7070,-4325,0,0
-709,-4632,-4639,-5798,-4880,-3357,0,0
-1673,-3481,-4801,-3429,-1230,-1724,0,0
-2110,-381,-2780,-1490,1630,-425,0,0
-1926,2582,-1722,2094,4008,-326,0,0
-1951,-645,-3640,2412,3365,211,0,0
-2532,57,-4726,3882,4363,1099,0,0
-2598,2550,-4331,4638,5036,1468,0,0
-2604,2116,-4076,4154,3573,1309,0,0
-3040,590,-3609,3344,2875,776,0,0
-3724,641,-3218,3228,2972,17,0,0
-4109,1111,-2991,4074,4176,-2758,0,0
-3610,618,-3301,6222,7752,-4600,0,0
-2931,-266,-3637,6099,10673,-2942,0,0
-2902,568,-4049,5333,11693,-3992,0,0
-2584,697,-3509,3779,8841,-5279,0,0
-2171,704,-1407,1352,4037,-5787,0,0
-1265,3741,-63,-1029,2799,-9181,0,0
-143,1477,783,4243,1500,-1162,0,0
232,-3260,568,1352,3229,1100,0,0
524,-2029,-382,-481,4009,1521,0,0
333,48,-355,361,4093,1549,0,0
-207,-514,-105,459,3552,1093,0,0
-565,-632,57,42,3621,413,0,0
-636,225,219,105,3960,-397,0,0
-392,523,207,-351,4355,-2119,0,0
127,507,-280,-54,4071,-1749,0,0
137,277,-258,1188,3784,183,0,0
-50,-266,75,844,3736,324,0,0
-54,-72,200,706,3491,-47,0,0
48,-37,194,833,3168,-555,0,0
299,-54,193,418,2898,-809,0,0
589,1137,230,243,2149,-649,0,0
622,2080,706,1208,1225,-1071,0,0
556,2240,1753,3322,3277,-2181,0,0
750,1802,2870,6908,6980,-4044,0,0
1217,607,3888,10248,10329,-4940,0,0
1900,-909,4480,11042,11265,-3314,0,0
2017,-1467,4661,9828,10546,-1233,0,0
1522,-1428,4646,7584,7656,443,0,0
1155,-2512,4830,4512,4784,1386,0,0
1306,-2966,5028,2638,3018,2233,0,0
1548,-2694,5006,2657,3236,1950,0,0
1921,-2514,4607,1837,3399,1859,0,0
2267,-2357,3803,1471,3560,1861,0,0
2340,-1878,3089,1149,3637,1688,0,0
2146,-672,2728,486,3676,1201,0,0
1716,624,2783,154,3460,826,0,0
787,1837,3252,-858,1664,-3,0,0
-687,1305,3811,-6199,-3119,-3269,0,0
-788,-708,2264,-15243,-6512,-9820,0,0
561,-2387,-1238,-7524,-6195,-6340,0,0
-302,-2822,-2101,-5710,-4391,-1640,0,0
-1633,177,-2452,-6142,-1622,-2610,0,0
-1311,1185,-2592,-2519,1763,-442,0,0
-808,809,-3325,1171,4357,1013,0,0
-770,114,-4552,3008,5145,979,0,0
-1052,1460,-4748,4349,4557,1996,0,0
-1347,2458,-4157,3942,3574,2125,0,0
-1762,1266,-4038,3510,2850,1748,0,0
-2470,211,-4366,3536,2579,1372,0,0
-3243,478,-4742,4041,2747,466,0,0
-3488,1649,-4767,6340,5458,-1755,0,0
-3091,1304,-5103,8375,8806,-2781,0,0
-2602,1045,-5339,8674,11938,-3092,0,0
-2095,289,-4984,7145,10205,-4144,0,0
-1811,-542,-3422,4422,6496,-3512,0,0
-2309,-904,-1068,1836,2624,-5763,0,0
-1136,1070,784,366,3361,-10955,0,0
318,902,692,2185,2167,-869,0,0
441,-1641,310,2030,4131,1077,0,0
690,-2353,-267,605,4338,1393,0,0
443,-1589,-348,115,3696,1073,0,0
-84,-1094,28,204,3106,684,0,0
-420,-1152,198,287,3422,737,0,0
-590,-620,184,501,4083,659,0,0
-652,-147,91,519,4114,-182,0,0
-682,-44,94,642,3828,-1231,0,0
-549,-359,229,337,4129,-2213,0,0
-135,-505,124,-39,4245,-1775,0,0
153,-113,-97,318,3843,-191,0,0
170,419,-96,526,3720,394,0,0
28,609,-99,866,3576,379,0,0
-100,441,-114,1008,3437,20,0,0
-158,122,-76,1042,3156,-521,0,0
-178,-298,72,1021,2639,-818,0,0
-154,-593,238,382,1579,-895,0,0
31,-52,429,359,1251,-1415,0,0
540,549,908,2133,4034,-3442,0,0
1834,630,1366,5117,7975,-5660,0,0
3166,666,2485,6862,9460,-6702,0,0
3699,620,3846,9392,8985,-5632,0,0
3396,-1501,4420,10822,10261,-4178,0,0
3018,-2754,4212,8936,9753,-1265,0,0
2282,-2239,4431,5715,7205,-1128,0,0
2384,-1507,4747,3021,4113,151,0,0
2528,-1248,4996,2389,3013,821,0,0
2630,-1572,4956,2083,3487,719,0,0
2750,-1891,4244,1386,3516,1202,0,0
2668,-1401,3435,1058,3621,1117,0,0
2532,-84,2849,1071,3614,1423,0,0
2123,1101,2612,601,3657,1566,0,0
1284,2021,2886,-213,2970,653,0,0
241,2296,3154,-2246,424,-24,0,0
-1178,348,3137,-9428,-4225,-4835,0,0
-296,-4714,907,-17297,-5974,-9487,0,0
-142,-3054,-2117,-5542,-5162,-1865,0,0
-1734,-1071,-2896,-6961,-3967,-2203,0,0
-2078,-702,-3662,-5572,-959,-2097,0,0
-1943,147,-4107,-1828,2324,133,0,0
-1758,2147,-4375,1366,6072,573,0,0
-1297,2822,-4913,4613,6731,1737,0,0
-1351,3931,-4545,4743,4987,2952,0,0
-1453,4628,-3424,3177,3760,2527,0,0
-1331,3483,-3582,2564,2921,2305,0,0
-1120,2417,-4230,2852,2651,2462,0,0
-1253,1094,-5045,4403,2570,1620,0,0
-1215,462,-5626,7492,6277,-120,0,0
-513,-631,-5934,9445,10979,-676,0,0
-834,-440,-5951,8554,11345,-831,0,0
-1749,-1021,-5173,7466,8923,-4305,0,0
-1890,-1700,-3073,4561,5021,-3176,0,0
-1968,196,-784,1126,3899,-8243,0,0
-318,3766,142,3110,2829,-5796,0,0
395,-1143,186,3418,2554,-60,0,0
553,-4040,225,1745,3502,550,0,0
746,-3883,20,763,4236,941,0,0
689,-2761,68,218,4229,533,0,0
546,-1703,131,161,3255,543,0,0
296,-1338,47,139,3108,1109,0,0
-64,-588,116,292,3739,1231,0,0
-500,5,396,324,3963,715,0,0
-909,230,554,732,4295,-543,0,0
-1057,241,843,847,4428,-1383,0,0
-788,-219,850,195,4090,-2498,0,0
-2120,-1202,413,-1030,4021,-2418,0,0
369,-654,-161,-385,3696,-455,0,0
372,677,-143,609,3715,488,0,0
198,918,-182,640,3615,638,0,0
-130,852,-367,625,3350,323,0,0
-410,682,-434,1008,3008,-246,0,0
-507,221,-383,995,1994,-553,0,0
-442,-146,-161,597,847,-1044,0,0
100,483,490,475,1765,-2203,0,0
1485,1967,1239,1665,5441,-4056,0,0
2693,3017,1961,5569,7892,-5259,0,0
2537,2002,3361,9979,9319,-7040,0,0
2592,58,4561,12322,11123,-5207,0,0
2302,-2166,4653,10249,9821,-1607,0,0
2281,-3253,4079,7441,7874,-750,0,0
2464,-2897,3910,4910,5194,500,0,0
2600,-2661,4084,2769,2875,1393,0,0
2669,-2055,4169,2294,2762,1264,0,0
2866,-1415,3879,2132,3408,1277,0,0
2941,-497,3498,1603,3533,1425,0,0
2706,443,3287,1129,3562,1297,0,0
2295,1195,3106,713,3359,1492,0,0
1558,1760,2965,512,3321,923,0,0
387,1797,3238,171,2347,-124,0,0
-1201,1950,4013,-1990,86,-2149,0,0
-1977,-65,3923,-9891,-4967,-6988,0,0
-131,-2130,738,-12493,-6661,-12597,0,0
1175,-2668,-1611,-6301,-5706,-3295,0,0
-296,-380,-1726,-5983,-3600,-2625,0,0
-781,541,-2404,-5297,-1083,-1975,0,0
-378,387,-2783,-1139,2597,700,0,0
-243,-1034,-3895,1119,4377,805,0,0
-838,-975,-4866,2446,4782,1043,0,0
-1430,2064,-4311,2886,3880,1157,0,0
-1391,2033,-4039,2472,2815,1534,0,0
-1619,723,-4539,2905,2968,1675,0,0
-2144,533,-4806,3401,3417,1432,0,0
-2717,1346,-4779,4902,4512,1159,0,0
-3009,1856,-4681,7615,6893,-2136,0,0
-2343,154,-5349,9511,8834,-4059,0,0
-2293,-971,-6158,7598,12261,-3740,0,0
-3115,-1331,-5965,6256,12031,-6550,0,0
-2884,-1974,-3595,3455,6198,-4487,0,0
-2935,-832,-308,1216,2597,-3616,0,0
-2060,3537,770,-1049,2891,-9222,0,0
29,4372,402,3394,469,-2777,0,0
220,-1392,343,2449,1044,825,0,0
394,-2853,-239,628,3631,1199,0,0
876,-2038,-605,217,4711,1496,0,0
802,-925,-697,385,4924,1301,0,0
173,-407,-418,493,4870,150,0,0
-424,-472,209,410,4382,-542,0,0
-737,-498,848,-224,3876,-681,0,0
-708,-119,916,-1375,3986,-1589,0,0
-192,114,99,-1409,3761,-1737,0,0
238,208,-558,508,3748,84,0,0
181,31,-470,601,3882,646,0,0
-102,-256,-211,126,3788,457,0,0
-259,213,-123,-83,4050,-365,0,0
-180,450,-295,202,3729,-924,0,0
-130,67,-418,121,2569,-795,0,0
-139,477,-234,-10,1238,-1118,0,0
-37,1767,537,1207,390,-1766,0,0
463,1881,1656,3271,4005,-2973,0,0
1627,1209,2506,5419,7981,-4717,0,0
2371,1554,4070,9471,10776,-6020,0,0
2109,347,6195,12558,12552,-3315,0,0
1234,-2366,6446,12526,11368,-318,0,0
1201,-3388,5654,9641,8563,-212,0,0
1637,-3416,5322,4485,5074,962,0,0
1938,-3719,4856,2525,2590,1785,0,0
2394,-3766,4351,2029,2254,1960,0,0
2767,-2666,3295,1828,2569,3250,0,0
2168,-1084,2355,2393,3523,2306,0,0
1901,-720,2203,1367,3876,1680,0,0
2012,-449,2310,665,3674,1985,0,0
1835,385,2607,156,3852,1175,0,0
997,2093,3412,-1200,3076,-340,0,0
-332,2454,3869,-5757,-1215,-3247,0,0
218,-672,2011,-16571,-4957,-12063,0,0
1118,-2122,-1142,-6656,-6730,-3686,0,0
-1006,-1791,-1806,-6411,-5052,-1722,0,0
-2193,-8,-2759,-6120,-2090,-2713,0,0
-1795,-525,-3731,-2163,1480,-74,0,0
-1605,618,-4683,875,5467,699,0,0
-1446,2449,-5638,3824,6799,1322,0,0
-1262,4135,-5191,4803,5650,2374,0,0
-951,3757,-4034,3302,3991,2019,0,0
-952,1711,-3781,2772,2857,1843,0,0
-1481,453,-4290,2919,2902,1976,0,0
-2325,814,-4671,4020,3894,586,0,0
-2243,1042,-4716,6461,6808,-1034,0,0
-1283,947,-4868,8055,10538,-1071,0,0
-1103,784,-5444,7456,11978,-1069,0,0
-1724,793,-5044,7027,9842,-3255,0,0
-1735,-637,-3357,5470,6801,-3062,0,0
-2221,-383,-1129,3258,3829,-5345,0,0
-1197,3313,135,3542,2863,-7283,0,0
218,-264,346,3693,1373,-496,0,0
636,-4026,221,1425,2431,1049,0,0
776,-3186,244,410,4024,1409,0,0
703,-1370,310,91,4896,1430,0,0
304,-981,312,189,4190,1045,0,0
-164,-1554,333,-309,3263,810,0,0
-474,-1393,287,-388,3446,699,0,0
-629,-794,328,-219,3858,52,0,0
-639,-187,280,-324,4396,-1401,0,0
-260,819,40,-216,4391,-2494,0,0
171,1304,-103,685,3797,-755,0,0
164,758,-203,803,3776,-35,0,0
101,183,-244,861,3790,146,0,0
63,-313,-237,891,3634,97,0,0
58,-244,-100,763,3384,-655,0,0
322,574,26,718,3465,-982,0,0
594,1200,47,1009,3348,-1497,0,0
915,1926,229,1323,2523,-2334,0,0
1192,2488,947,2334,1572,-3482,0,0
1675,2095,1771,3629,3054,-3974,0,0
2205,1628,2630,6288,6042,-4425,0,0
2480,850,3771,8239,7151,-4717,0,0
2653,656,5115,10549,9131,-3231,0,0
2130,-49,6400,14776,10238,-691,0,0
1343,-4138,6690,12372,8968,410,0,0
1173,-4903,5197,4358,5187,179,0,0
1091,-1385,3951,1798,2196,-1976,0,0
1856,-86,4337,2111,2261,-434,0,0
1881,-93,4191,1550,2578,1091,0,0
1469,343,3676,1281,3155,422,0,0
1366,444,3407,985,3298,370,0,0
1320,803,3200,322,3764,391,0,0
1026,2000,3235,-4,3955,474,0,0
38,3305,3804,63,3867,-323,0,0
-1365,2717,3911,-1896,2811,91,0,0
-984,70,2054,-10257,1465,-10784,0,0
1217,-4568,-342,-10582,-7408,-2420,0,0
-94,-1366,-870,-6915,-6676,-2106,0,0
-1016,-1447,-2124,-7651,-6565,-3368,0,0
-1320,-2793,-3689,-5866,-2989,-1578,0,0
-2108,-517,-3577,-3281,2269,-262,0,0
-1898,2821,-3397,1299,6623,963,0,0
-1510,3536,-5566,4984,6965,2472,0,0
-1853,4347,-7217,5653,6380,3414,0,0
-2083,3842,-6665,4267,6521,3249,0,0
-2241,-188,-6217,5063,5606,2282,0,0
-2501,-1548,-5754,4518,4493,1022,0,0
-2439,597,-5065,4550,3841,-1669,0,0
-1638,1028,-4441,5640,5675,-2200,0,0
-1210,1104,-3644,6889,10370,-2669,0,0
-1265,1549,-3001,5964,13166,-2512,0,0
-1262,1845,-2772,5566,9870,-2007,0,0
-1706,868,-2002,3944,5171,-2397,0,0
-1570,480,-697,2369,3647,-7394,0,0
-32,2013,-27,2182,798,-3362,0,0
81,-969,533,2531,560,-200,0,0
121,-3695,784,1371,1707,522,0,0
494,-3962,702,493,4038,1487,0,0
743,-2715,10,4,6746,1834,0,0
187,-1522,-860,200,5287,1406,0,0
-822,-1284,-270,-218,2255,633,0,0
-1010,-476,588,-280,3004,465,0,0
-788,817,579,-236,4583,-980,0,0
58,2335,-207,-438,5121,-2917,0,0
531,2491,-485,1352,3661,-659,0,0
129,784,-276,1231,3396,-194,0,0
-20,-150,2,731,3519,162,0,0
8,-319,-80,675,3584,193,0,0
28,-18,-220,837,3268,-299,0,0
133,235,-138,926,2309,-1060,0,0
530,844,201,682,1141,-2019,0,0
1094,2026,932,1665,1855,-2363,0,0
1517,1891,1887,4197,6219,-4131,0,0
1968,1869,2961,6707,8101,-5720,0,0
2036,1908,4693,9989,9095,-6016,0,0
2424,851,5617,12451,10562,-2725,0,0
2301,-3296,5831,10982,10002,1348,0,0
1741,-3713,5024,6495,7980,1551,0,0
1617,-2582,4041,3667,4500,149,0,0
1454,-328,4531,2278,2578,-88,0,0
1428,272,5047,1734,3256,126,0,0
1201,-72,4724,1637,3463,1707,0,0
806,-1127,4254,1536,3756,1430,0,0
995,-1772,3880,707,3988,937,0,0
1135,-571,3587,271,3542,1267,0,0
672,948,3700,70,3248,993,0,0
-279,1205,3706,-1085,1720,268,0,0
-1084,161,3253,-5504,-2828,-2082,0,0
-224,-1907,2096,-14718,-4760,-11452,0,0
1170,-2227,-543,-13516,-7526,-3725,0,0
-618,-477,-1793,-6303,-4765,-2091,0,0
-2122,-2127,-2939,-5794,-1056,-1740,0,0
-2287,-1539,-3413,-2420,3852,263,0,0
-1962,18,-4194,796,5940,418,0,0
-1634,1416,-5179,2201,4831,928,0,0
-1353,3794,-4696,3794,4889,2495,0,0
-1032,4187,-4232,5207,4412,3331,0,0
-1316,2760,-3996,4444,3366,3053,0,0
-2115,2040,-3640,3683,2282,1839,0,0
-2756,1192,-3824,4412,2314,958,0,0
-2700,1130,-4608,7691,5491,-1254,0,0
-1450,1164,-5330,9558,8621,-1156,0,0
-1089,2848,-5871,9436,9654,-965,0,0
-1024,2013,-6134,9838,10229,-3953,0,0
-740,-2858,-5005,6463,6608,-2879,0,0
-1702,-3051,-2343,3224,3024,-3612,0,0
-1432,-462,293,2869,3530,-8676,0,0
-79,-4,683,1713,2583,-2454,0,0
483,-1438,158,1481,3309,402,0,0
667,-1616,107,662,3554,1438,0,0
342,-1654,240,174,3553,1286,0,0
139,-1845,154,254,3777,791,0,0
62,-1372,-140,95,3845,769,0,0
-215,-258,-262,378,3536,290,0,0
-361,34,-159,507,3357,57,0,0
-496,23,-37,665,3688,-113,0,0
-696,-460,75,600,4137,-729,0,0
-762,-1112,105,490,4045,-1356,0,0
-657,-1817,-81,-414,3254,-1496,0,0
-452,-728,-386,-734,2209,-1323,0,0
51,1301,-168,89,2129,-1928,0,0
957,2086,471,877,3413,-3548,0,0
2761,2984,1800,3483,6804,-5364,0,0
3977,5169,5037,8391,10155,-5947,0,0
3350,5016,7167,12221,7524,-4961,0,0
2072,1386,7017,13743,5253,-1374,0,0
1457,-2880,6244,10873,5637,1617,0,0
1212,-3807,4477,6905,3912,3198,0,0
667,-2368,3849,5049,3161,1206,0,0
360,-1075,4410,3259,2464,1078,0,0
469,-437,4526,2069,3600,1259,0,0
667,579,4340,2422,3663,2463,0,0
530,-123,4057,1552,3491,2283,0,0
675,-1010,3664,922,3605,1537,0,0
851,-767,3187,511,3799,1222,0,0
397,737,3134,-46,3635,186,0,0
-743,2311,3530,-2222,1579,-2055,0,0
-1380,1067,2983,-10968,-2152,-9509,0,0
655,-2339,52,-13008,-7982,-7765,0,0
-422,-4634,-1660,-6912,-6913,-2109,0,0
-2209,-3088,-2676,-7743,-2362,-1907,0,0
-2560,-177,-2779,-4215,1033,-392,0,0
-2118,1429,-3550,204,4379,797,0,0
-1854,1435,-5210,2699,5631,1497,0,0
-1931,2006,-5514,4171,5746,1947,0,0
-1847,2849,-4673,4078,4810,2317,0,0
-1978,2328,-4298,4088,4159,2237,0,0
-2415,1532,-4127,3763,3818,1483,0,0
-2787,1300,-4147,4383,3595,1197,0,0
-3258,1735,-4326,6260,4926,-1798,0,0
-2474,1980,-4585,7724,7460,-2752,0,0
-1671,720,-5211,8472,11914,-1785,0,0
-1615,-200,-5559,6461,12409,-3858,0,0
-1666,-142,-3905,4182,8822,-4077,0,0
-2155,-237,-1269,2368,3987,-5567,0,0
-1311,2953,641,1465,3628,-9327,0,0
98,1652,782,3412,1228,-538,0,0
427,-2794,321,1528,1776,1145,0,0
595,-2449,-17,332,3070,869,0,0
756,-1448,-183,266,4251,1020,0,0
471,-1455,-543,673,4035,942,0,0
-113,-1813,-575,478,3532,993,0,0
-616,-1352,-212,240,3617,662,0,0
-753,-255,195,275,4035,62,0,0
-722,966,400,263,4225,-645,0,0
-609,1735,409,117,4221,-1963,0,0
-103,979,118,160,4224,-2933,0,0
166,-1672,-190,1312,3745,-613,0,0
-5,-2335,-1,675,3819,190,0,0
-45,-1319,150,236,3454,215,0,0
-16,-312,185,398,3247,36,0,0
113,517,128,463,3273,-606,0,0
482,1559,102,410,2844,-1425,0,0
908,2637,524,1434,1701,-3039,0,0
1451,2222,1627,2671,3070,-4351,0,0
2204,1886,2585,4497,6242,-5277,0,0
2766,1910,3658,7457,7504,-6451,0,0
3138,1020,4872,10854,8996,-5279,0,0
3278,-1710,5775,12382,10472,-2493,0,0
2628,-4224,5177,9517,7775,-1396,0,0
2218,-4415,3900,5591,4754,-1180,0,0
2516,-2685,3111,3668,2171,-1635,0,0
3269,-766,3414,3304,1811,78,0,0
3319,232,3759,3030,3491,1467,0,0
2619,575,3842,2245,4046,989,0,0
2131,560,3806,1276,3924,1046,0,0
1650,803,3655,744,3707,1286,0,0
1113,1723,3510,492,3946,793,0,0
250,2323,3760,-186,3803,-15,0,0
-781,1936,3899,-3341,1730,-1989,0,0
-630,-367,2722,-14385,-1821,-10502,0,0
976,-2633,-185,-14427,-7812,-5532,0,0
-307,-2796,-1844,-6747,-6628,-956,0,0
-2207,-2402,-2908,-7996,-3478,-1820,0,0
-2539,-1082,-3811,-4561,1274,-483,0,0
-2255,1529,-3916,992,5842,734,0,0
-1818,2479,-5008,3578,6756,1548,0,0
-1692,2668,-5422,4547,5881,1940,0,0
-1846,2048,-4495,4166,4898,2015,0,0
-2230,785,-4069,3919,4289,1775,0,0
-2777,687,-4064,3624,3926,1668,0,0
-3266,1100,-4345,4147,3796,1416,0,0
-3777,1437,-4841,5736,5347,-1038,0,0
-3304,1655,-5272,8338,9624,-3373,0,0
-2476,1237,-5718,9178,12823,-2642,0,0
-2208,1328,-5137,7446,11350,-5048,0,0
-1684,646,-3079,5377,7705,-4635,0,0
-1962,-589,-537,3304,4603,-8069,0,0
-906,1159,948,1977,2296,-6798,0,0
-28,-928,500,1936,2020,28,0,0
573,-2621,168,914,2910,1499,0,0
648,-2102,19,45,3474,2235,0,0
360,-1209,-506,183,3749,1172,0,0
113,-1211,-666,691,3764,822,0,0
-376,-1883,-344,402,3791,692,0,0
-749,-1199,143,315,3910,-7,0,0
-759,-239,583,197,4054,-932,0,0
-468,-75,539,-764,4595,-2462,0,0
30,182,-161,-510,4088,-1484,0,0
135,-64,-518,715,3817,-438,0,0
144,-539,-372,765,3765,-127,0,0
147,-592,-186,535,3657,539,0,0
61,-206,-107,186,3547,725,0,0
-28,361,-16,324,3657,468,0,0
-87,734,23,336,3669,132,0,0
-86,999,92,312,3613,-724,0,0
106,1223,237,308,3292,-1601,0,0
345,1431,389,784,2032,-2734,0,0
934,1175,1050,1648,1606,-3797,0,0
1819,127,2249,3299,5052,-4732,0,0
2713,-295,3004,4693,8519,-6943,0,0
3604,362,3203,6773,8435,-8079,0,0
4404,73,3787,9903,9595,-6436,0,0
4398,-886,3707,10288,9660,-3823,0,0
3661,-954,3633,7973,7128,-1469,0,0
2761,-507,4179,5052,4385,388,0,0
2249,-883,4736,3253,2707,537,0,0
2502,-1271,4919,2815,3357,1070,0,0
2705,-1761,4405,1838,4180,1620,0,0
2520,-1970,3364,1034,3866,1229,0,0
2415,-1633,2424,451,3576,1228,0,0
2187,278,2202,419,3327,1252,0,0
1617,2140,2646,-235,3302,922,0,0
393,3742,3505,-1402,1579,328,0,0
-1304,4303,3801,-7922,-4284,-3667,0,0
-852,-164,837,-14178,-8193,-11436,0,0
623,-2694,-2450,-6896,-6610,-4889,0,0
-1258,-1893,-1860,-4212,-3525,-1574,0,0
-2754,1740,-663,-3965,-118,-4024,0,0
-1983,2366,-751,-1590,2610,-220,0,0
-423,1884,-2926,196,3753,1312,0,0
637,4436,-4937,1522,4499,2446,0,0
1210,6571,-5179,2073,5126,4077,0,0
1079,4425,-5077,2756,4552,4882,0,0
787,1940,-5521,2605,3349,4551,0,0
370,1334,-5545,2680,3310,3877,0,0
-68,1134,-5586,5301,4910,3444,0,0
317,1738,-5539,9644,8410,2446,0,0
1048,835,-5326,10530,10679,1741,0,0
296,-3721,-5878,9421,10314,-2025,0,0
-1115,-6775,-5310,5689,8659,-4306,0,0
-1987,-4321,-2637,2731,3902,-4615,0,0
-1488,-944,474,-303,2720,-8759,0,0
-102,1649,1235,1945,2129,-2458,0,0
-27,-2100,1006,1969,2465,833,0,0
193,-3457,487,512,3258,557,0,0
599,-1864,130,37,4144,805,0,0
620,-389,-341,722,4655,1085,0,0
213,-98,-619,744,4107,731,0,0
-301,-135,-232,355,3088,148,0,0
-534,224,367,742,3411,304,0,0
-744,216,500,901,3957,110,0,0
-773,323,260,770,4230,-691,0,0
-548,245,-4,375,4279,-1758,0,0
-79,-156,-274,-173,4049,-2022,0,0
22,-540,-313,193,3658,-455,0,0
-19,-356,-250,301,3638,-143,0,0
53,-189,-276,409,3583,-50,0,0
145,-197,-313,895,3001,-1357,0,0
566,346,-115,941,1211,-2433,0,0
1215,1003,620,900,2170,-3013,0,0
2121,2392,1418,2401,5304,-4333,0,0
2668,3770,2574,5687,7317,-5576,0,0
2387,3981,3909,10147,7867,-4576,0,0
2022,1475,5019,13635,9392,-1915,0,0
1871,-2220,5383,12445,10517,435,0,0
1835,-3975,4786,7424,8316,-322,0,0
2059,-3539,4198,3444,5256,501,0,0
1932,-2685,4274,1746,3602,440,0,0
2294,-2426,4250,1435,3578,642,0,0
2771,-2372,3486,1257,3689,1188,0,0
2831,-1703,2829,689,3713,1400,0,0
2576,-2840,2463,522,3781,1163,0,0
2452,-201,2305,281,3913,707,0,0
2264,1104,2571,-289,3434,1306,0,0
1315,2985,3211,-1476,1916,1062,0,0
-639,3532,4292,-5857,-2381,-567,0,0
-1046,290,3359,-16806,-5836,-11445,0,0
919,-1797,-1146,-10667,-8809,-4741,0,0
-432,-1848,-2658,-5741,-5809,-1806,0,0
-1931,-1235,-3651,-5835,-2164,-1699,0,0
-1996,-372,-3756,-1821,2512,101,0,0
-1746,845,-3723,1474,5948,845,0,0
-1631,1488,-4590,3173,5367,1392,0,0
-1682,1980,-4521,3174,4432,1325,0,0
-1706,1433,-3934,2784,3499,1329,0,0
-1921,-60,-3809,2630,3082,1088,0,0
-2454,-477,-4074,3384,3502,1263,0,0
-3208,761,-4197,4252,4382,-287,0,0
-3228,1812,-4032,6782,6892,-3062,0,0
-2484,734,-4374,7506,9226,-3509,0,0
-2821,-278,-5461,7698,12885,-2853,0,0
-3729,78,-5629,6061,12334,-5679,0,0
-3387,887,-3242,4171,6661,-5459,0,0
-3159,261,169,1550,3107,-8830,0,0
-1003,3305,973,462,2689,-9271,0,0
216,1498,561,3804,257,-199,0,0
143,-2904,569,2175,1715,668,0,0
572,-4284,226,376,3364,1510,0,0
1082,-3535,-469,130,4420,1743,0,0
919,-2077,-1155,574,4533,1816,0,0
129,-1548,-1011,988,4400,928,0,0
-479,-1533,-163,568,5009,890,0,0
-931,-322,687,182,4572,337,0,0
-1019,1003,1287,56,3824,-843,0,0
-799,955,1369,-414,3906,-2302,0,0
-146,323,797,-1468,4278,-3147,0,0
515,-379,-233,-534,4239,-796,0,0
590,284,-622,326,3980,390,0,0
293,771,-406,598,3620,383,0,0
76,484,-355,703,3681,-168,0,0
201,371,-518,589,3808,-710,0,0
550,1014,-662,550,3394,-3608,0,0
954,2142,-550,349,1739,-1654,0,0
1150,3730,38,491,1949,-1458,0,0
1233,5161,988,1752,3295,-1718,0,0
1023,5085,1951,4053,4061,-2406,0,0
593,3853,2877,7932,4839,-3382,0,0
578,1138,4111,11279,8140,-3154,0,0
1184,-1035,5080,10927,10518,-1995,0,0
1746,-1605,5595,10301,11062,-2141,0,0
2013,-1039,5512,7193,8760,-257,0,0
567,130,5517,5726,4261,1653,0,0
-562,-1309,5882,4268,2596,1320,0,0
199,-2612,5915,2067,3336,1906,0,0
683,-2181,5354,971,3681,1716,0,0
744,-1816,4515,671,3510,840,0,0
1097,-1479,3562,485,3537,806,0,0
1196,-353,2829,262,3267,1575,0,0
598,1929,2602,207,3243,1190,0,0
-362,3472,2979,-186,3399,-202,0,0
-1659,3587,3624,-3350,1124,-4310,0,0
-334,-3440,1810,-11600,-3195,-12783,0,0
1383,-3801,-732,-10026,-8786,-4228,0,0
-93,-1738,-1401,-7539,-7396,-3155,0,0
-927,-1224,-2134,-7140,-4433,-3065,0,0
-840,-1355,-2819,-3697,68,-469,0,0
-872,-355,-3311,171,4304,1109,0,0
-1157,-58,-4720,2446,5676,1266,0,0
-1689,754,-5631,3938,5017,2423,0,0
-1990,2333,-4917,3945,5004,2264,0,0
-2075,1537,-4434,3688,4271,1643,0,0
-2505,653,-4334,3823,3861,1361,0,0
-3064,1976,-4302,4114,4858,1526,0,0
-3757,3673,-4677,6330,6736,-395,0,0
-3192,2631,-5846,9510,9542,-1850,0,0
-1753,219,-6371,9724,12625,-510,0,0
-1522,-2030,-6755,8092,12432,-3157,0,0
-1872,-1796,-5007,4615,6416,-7464,0,0
-1665,1810,-1631,718,1873,-12733,0,0
-501,3248,910,4624,1255,-2590,0,0
-127,-3653,1234,2446,2569,721,0,0
383,-5064,388,740,3463,1296,0,0
772,-3256,-553,117,5647,989,0,0
972,-305,-1463,601,5957,1219,0,0
262,-110,-1300,721,2736,1061,0,0
-400,-865,-217,184,2163,891,0,0
-747,-186,829,8,3811,857,0,0
-867,1519,1196,201,5222,57,0,0
-932,2190,916,693,4985,-1064,0,0
-473,826,444,-495,4076,-4357,0,0
358,-783,-503,-694,3081,-1118,0,0
217,-282,-244,793,3744,139,0,0
173,-443,107,417,4137,199,0,0
170,-89,75,439,3716,-8,0,0
194,653,29,659,2558,-229,0,0
171,989,205,812,1796,-410,0,0
177,961,524,946,1844,-1240,0,0
670,1317,996,1496,3311,-2564,0,0
1479,2351,1693,3437,5310,-3294,0,0
1293,2072,2727,6971,7210,-5597,0,0
1390,-345,3545,9146,10419,-5646,0,0
2295,-2198,3736,9485,12245,-3101,0,0
2938,-2404,3377,7792,10804,-1127,0,0
2601,-1661,3395,5375,6629,-401,0,0
1891,-1072,4088,3764,3687,106,0,0
1904,-1363,4541,2740,2852,948,0,0
2421,-1978,4448,2565,3563,1782,0,0
2680,-2427,4151,1931,3768,1962,0,0
2851,-2965,3738,1223,3900,1428,0,0
3360,-2713,3261,937,4287,1362,0,0
3528,-511,3024,556,4138,2128,0,0
2630,2889,3211,-15,3247,1916,0,0
730,4834,4116,-739,977,960,0,0
-1694,4103,4934,-5203,-2144,-1996,0,0
-2877,-38,3281,-12975,-4929,-9585,0,0
-211,-3994,-1984,-12347,-4407,-12123,0,0
350,-3610,-3829,-4374,-3559,-3011,0,0
-1663,-701,-3192,-4370,-2244,-2176,0,0
-1866,1730,-2986,-3023,799,-1663,0,0
-999,837,-3396,-260,3230,-98,0,0
-694,-607,-4777,1986,4078,1131,0,0
-1546,-815,-5955,4214,4752,1767,0,0
-2762,170,-5197,4438,4633,1725,0,0
-3534,63,-3680,3585,3687,636,0,0
-3917,-487,-2715,3127,3139,214,0,0
-4189,-109,-2301,3170,3013,343,0,0
-4278,1260,-2079,4449,4132,-1067,0,0
-4002,2119,-2160,6195,7434,-3696,0,0
-3366,1950,-2760,6316,10983,-4537,0,0
-3306,1730,-3623,5435,11559,-4784,0,0
-2998,230,-3465,4207,9177,-5860,0,0
-2358,-952,-1831,1965,4803,-6423,0,0
-1075,801,-205,-2227,3554,-11183,0,0
57,1858,996,3088,1957,-1788,0,0
308,-2176,1171,2135,3110,301,0,0
687,-3207,467,562,3092,907,0,0
868,-2420,-121,-281,4140,1718,0,0
685,-306,-913,240,4407,1522,0,0
149,1537,-855,957,3829,475,0,0
-289,1732,-286,490,3413,-241,0,0
-560,1083,-3,510,3246,-354,0,0
-734,-399,247,963,3267,-109,0,0
-924,-2104,687,1248,3901,215,0,0
-1050,-2573,989,548,5208,-991,0,0
-356,-945,324,-2577,5128,-3272,0,0
285,1279,-858,-73,3175,-537,0,0
-69,-190,-562,910,3308,-736,0,0
26,-844,-393,326,3554,-204,0,0
-24,-279,-507,720,3874,-294,0,0
-75,-128,-661,546,3644,-1249,0,0
33,921,-658,256,2925,-2911,0,0
746,1910,54,1487,2472,-4511,0,0
1859,2773,1211,3359,3254,-5656,0,0
3027,3526,2477,5358,5643,-7048,0,0
3961,3444,3744,7931,8169,-5329,0,0
3722,1847,5167,9672,11261,-4912,0,0
3546,209,5568,8506,12005,-3291,0,0
3001,527,4665,7068,9797,-781,0,0
1465,-13,4089,4188,6240,767,0,0
285,-660,4050,2251,3143,-707,0,0
348,-137,4709,1852,1639,-81,0,0
611,-742,4885,1570,2581,989,0,0
542,-926,4573,1147,2680,1766,0,0
386,-1345,4386,652,2871,1231,0,0
562,-1683,4091,265,2815,1193,0,0
648,-653,3765,-2072,2753,1069,0,0
344,1130,3599,-394,2885,751,0,0
-482,2311,3490,-2360,1644,-1292,0,0
-646,159,2501,-9498,-1477,-7701,0,0
1721,-3184,-185,-12985,-5232,-8697,0,0
1281,-1960,-825,-7345,-7358,-1989,0,0
-635,-2498,-2268,-9757,-5741,-2556,0,0
-1354,-1356,-4355,-5092,-320,-986,0,0
-1535,264,-4722,-226,4982,202,0,0
-1500,1575,-5122,3682,6930,1165,0,0
-1627,1778,-5338,5426,5911,2476,0,0
-1831,1826,-4726,4626,4200,2445,0,0
-2326,667,-4144,3797,3383,1684,0,0
-3005,-278,-4031,3345,3160,813,0,0
-3474,-26,-3912,3334,3159,33,0,0
-3562,585,-3663,4407,3326,-1709,0,0
-2989,207,-3422,6129,5273,-2902,0,0
-2382,458,-3423,6654,8597,-2051,0,0
-2564,1618,-4129,6425,11069,-2701,0,0
-2403,1942,-4631,5856,11759,-4012,0,0
-1838,563,-3853,5056,9504,-3967,0,0
-1904,-1440,-1483,2108,3760,-12190,0,0
-2560,1563,590,1085,1925,-5442,0,0
-62,-596,1556,2429,1760,1056,0,0
301,-3613,615,562,1970,1474,0,0
454,-2429,-102,-174,2839,1245,0,0
616,-585,-905,447,3833,569,0,0