791,444,-170,-3921,2027,-2692,0,0
1633,721,-397,-3376,744,-3293,0,0
1261,744,-755,-2784,-157,-2802,0,0
1131,558,-1377,-3252,-44,-3095,0,0
479,815,-1572,-4231,1386,-4706,0,0
-453,1634,-1348,-4315,1886,-4241,0,0
653,2112,-1213,-3588,1812,-3477,0,0
2223,2112,-1347,-3251,272,-4070,0,0
1235,2171,-1450,-2825,-120,-3768,0,0
460,2115,-1526,-2321,277,-3200,0,0
622,1907,-1562,-1739,196,-2852,0,0
903,1586,-1649,-1776,567,-2486,0,0
1499,1451,-2163,-2530,253,-1942,0,0
1388,1497,-2457,-2412,164,-1786,0,0
769,1571,-2382,-2101,-585,-1760,0,0
-589,1698,-4016,-2077,-914,-2078,0,0
-2079,1818,-987,-1747,-1411,-2622,0,0
-2238,1848,172,-1344,-1880,-2496,0,0
-1189,1651,546,-435,-2135,-2516,0,0
-2816,1202,238,170,-2576,-2862,0,0
-932,663,58,724,-712,-3673,0,0
-293,198,78,1131,-820,-4047,0,0
-279,-183,163,1196,-545,-5196,0,0
486,-602,32,991,-857,-6192,0,0
632,-805,85,679,-2098,-5342,0,0
-950,-2944,116,211,-2924,-2741,0,0
-1900,-1485,-173,-1322,-1353,-159,0,0
7,-2856,-375,-3758,-1172,-606,0,0
1451,-4349,-513,-6652,443,-2430,0,0
2931,-5533,-51,-9992,-445,-2514,0,0
2098,-6205,674,-14176,-205,-3170,0,0
255,-5647,1170,-12130,567,-1957,0,0
-408,-6409,837,-10497,2381,-1640,0,0
539,-6754,192,-7129,1350,-3652,0,0
-608,-5570,701,-5650,-1111,-1376,0,0
-2328,-5024,1026,-7403,-188,-3027,0,0
-2341,-3734,787,-5743,-951,-6184,0,0
-3550,-3528,787,-2075,-1388,-5348,0,0
-3609,-89,995,-22,172,-5767,0,0
-1080,55,305,999,652,-7556,0,0
280,448,-930,1710,845,-5518,0,0
770,820,-1400,-443,1328,-2167,0,0
1192,617,-924,-7424,1385,-2885,0,0
1514,1741,20,-12578,1198,-3068,0,0
869,4045,1350,-13707,-1530,172,0,0
1142,5018,1559,-14211,-55,-513,0,0
1212,5817,966,-15215,-416,225,0,0
-1258,6333,1167,-10460,-672,462,0,0
-1723,5800,1780,-7058,286,584,0,0
-512,4813,1914,-4838,76,960,0,0
551,3894,1665,-4168,182,724,0,0
1406,3268,1287,-3949,400,149,0,0
2477,2913,576,-4093,-25,-264,0,0
1395,2778,-31,-2857,-997,838,0,0
496,2009,-186,-1481,-300,-25,0,0
2211,1293,-220,-411,-346,-1927,0,0
2537,1172,-22,-613,-2071,-1834,0,0
32,1141,127,-772,-2421,-2646,0,0
-1826,889,196,-242,-1939,-2863,0,0
-1164,443,234,166,-862,-3730,0,0
294,89,39,559,-1669,-5122,0,0
-295,-165,116,1152,-1522,-6520,0,0
97,-290,129,738,-910,-8183,0,0
930,-230,-53,890,-2123,-8473,0,0
43,-88,-136,312,-1933,-7507,0,0
-240,31,-237,389,-3183,-4743,0,0
-1247,-299,-375,92,-2076,-1043,0,0
280,-1460,-619,-1589,-2224,-811,0,0
169,-2892,-143,-3277,-388,305,0,0
2657,-4748,351,-8080,109,-1661,0,0
2939,-5248,663,-9443,-1393,425,0,0
-1594,-6116,612,-10985,2083,980,0,0
-2093,-6526,3,-7702,2207,-2186,0,0
-632,-5773,92,-3882,1877,-1979,0,0
-756,-5609,746,-8050,653,-782,0,0
-1934,-5280,1207,-7496,614,-2089,0,0
-1782,-4741,858,-6179,334,-3320,0,0
-2367,-3692,340,-4838,-1049,-3739,0,0
-3957,-2352,-350,-2062,-857,-4353,0,0
-4814,-1301,-1375,-474,296,-4733,0,0
-4009,-881,-1944,-298,4083,-5955,0,0
-812,-446,-2039,-1405,4721,-5533,0,0
935,506,-787,-7194,1173,-3948,0,0
1919,2177,1144,-10275,-229,-1818,0,0
2615,3368,2128,-13539,-647,-892,0,0
2164,5154,2338,-11066,-669,-728,0,0
1272,5659,2827,-11540,273,-84,0,0
2039,5406,2385,-12092,1468,-78,0,0
2937,5427,1121,-9114,1165,-176,0,0
1971,5239,1069,-7335,460,-2006,0,0
2561,4976,903,-8100,1003,-1846,0,0
2358,4934,-160,-8539,466,-190,0,0
-832,4340,-359,-7503,-663,-230,0,0
-1994,3839,-92,-4657,-297,423,0,0
-74,3270,-250,-2946,-1274,657,0,0
-202,2620,-533,-1707,-1696,-40,0,0
-325,1931,-422,-603,-2225,-570,0,0
-1143,1324,26,520,-1735,-1713,0,0
-1295,651,329,1480,-503,-3340,0,0
779,-10,179,2133,-1039,-5073,0,0
337,-317,-8,1516,-644,-6161,0,0
339,-517,5,1434,-922,-6666,0,0
279,-701,137,1145,-1982,-3900,0,0
-865,-1382,244,-110,-1587,-2147,0,0
444,-2198,158,-2244,-561,-2305,0,0
1345,-3015,226,-6368,-982,-2242,0,0
2558,-4039,668,-6862,-382,-3545,0,0
3126,-4789,1221,-8055,-1291,-1785,0,0
154,-5135,1895,-9504,-630,-2827,0,0
-917,-4823,1562,-7531,913,-829,0,0
-2633,-5910,-338,-6800,2523,-762,0,0
-1687,-6432,-1480,-5626,2969,-1399,0,0
1157,-6104,-291,-8268,1380,-510,0,0
2229,-4984,2100,-7044,-927,-2728,0,0
369,-3412,3213,-6552,-3843,-3727,0,0
-3057,-2024,2552,-3648,-3243,-4569,0,0
-3975,-1087,1128,-1250,-3034,-5648,0,0
-4325,-31,-196,417,-2811,-5642,0,0
-4619,427,-1024,779,-801,-5600,0,0
-3236,941,-1907,-773,2253,-3849,0,0
78,1325,-2245,-5826,3237,-2995,0,0
2958,2378,-1484,-14570,1642,-1959,0,0
633,4211,748,-17667,-515,210,0,0
-745,5615,3747,-15227,-731,-956,0,0
319,6328,5152,-13960,597,18,0,0
1455,6211,4349,-11601,22,-231,0,0
2132,5650,2956,-8284,-550,-1177,0,0
2357,4799,1812,-6170,-285,-597,0,0
2729,3977,536,-4590,-590,-323,0,0
1670,3403,-681,-4110,-42,357,0,0
879,3002,-1229,-4012,-135,1394,0,0
63,2568,-1267,-2486,75,1533,0,0
131,2223,-1160,-2173,-367,1555,0,0
323,1736,-729,-913,-674,598,0,0
461,1152,-81,847,-1534,-964,0,0
-143,683,244,568,-2026,-2354,0,0
-1828,420,120,188,-1101,-3310,0,0
-983,65,-11,1239,-327,-3871,0,0
-172,-319,134,1085,152,-5445,0,0
22,-416,146,1031,-459,-6087,0,0
-41,-393,119,774,-103,-7055,0,0
315,-177,31,1173,-798,-6969,0,0
-272,-11,88,681,-63,-6363,0,0
12,-100,128,757,-1273,-5598,0,0
-272,-326,156,676,-2062,-3358,0,0
-417,-906,-186,-120,-2667,-1961,0,0
-350,-1755,-458,-1453,-1781,-856,0,0
199,-2934,-429,-4101,-913,-971,0,0
226,-4459,-38,-6848,1254,-1585,0,0
2423,-5623,871,-12251,4049,-3919,0,0
3444,-5349,2496,-10857,335,-32,0,0
-1770,-5737,1836,-7536,-717,840,0,0
-2820,-6872,-514,-6390,3515,-2814,0,0
-1261,-6161,-813,-6316,740,-2660,0,0
-1887,-5889,-42,-8585,187,-2636,0,0
-2567,-4965,619,-7468,856,-5320,0,0
-3446,-2705,755,-3798,-932,-4270,0,0
-5887,-1134,302,-1906,-1536,-4234,0,0
-6199,124,-721,-385,1692,-5063,0,0
-4996,1094,-1305,1241,3131,-4930,0,0
-3133,1207,-1324,894,5713,-2693,0,0
1917,657,-774,-4603,3822,-4032,0,0
5140,1160,-13,-14566,456,-1900,0,0
4253,3269,1663,-14308,-2197,1394,0,0
3141,4190,2847,-10521,-2188,-257,0,0
1384,4886,2569,-10835,681,-81,0,0
-17,5174,2252,-10567,1008,12,0,0
7,5183,2253,-8021,503,-129,0,0
1304,4685,2442,-8335,864,-1829,0,0
2206,4623,1916,-7608,396,-1685,0,0
1071,4465,1148,-5857,330,-1195,0,0
197,3942,839,-5387,-93,61,0,0
-324,3218,611,-3093,-439,691,0,0
489,2452,224,-1448,-821,665,0,0
1159,1874,-284,-979,-503,361,0,0
1416,1528,-497,-1010,-1076,197,0,0
1486,1253,-378,-739,-1622,-814,0,0
270,1028,-160,124,-2501,-1137,0,0
-1230,680,88,386,-847,-2288,0,0
-523,324,6,332,-939,-2997,0,0
-77,74,106,435,-659,-4333,0,0
-204,11,136,635,-618,-5055,0,0
-212,19,10,842,214,-5998,0,0
313,36,-49,1280,66,-6567,0,0
326,97,105,1813,-565,-6394,0,0
-98,29,25,2198,-372,-7056,0,0
-294,-108,69,1566,-888,-6772,0,0
8,-213,49,1315,-1289,-6576,0,0
2,-238,66,812,-2848,-4782,0,0
-981,-485,-541,-46,-2308,-1000,0,0
-661,-1520,-1199,-261,-2508,-18,0,0
-686,-2894,-1527,-3014,-1393,330,0,0
547,-4358,-1672,-7989,447,-1812,0,0
2002,-5252,-637,-9929,-44,467,0,0
1657,-6405,730,-12499,2113,316,0,0
2406,-6203,1173,-10382,572,-931,0,0
-1788,-6036,69,-6124,3007,-659,0,0
-327,-6449,-874,-6894,2410,-394,0,0
1058,-6919,-2,-10348,946,-2528,0,0
-389,-5752,1142,-7873,-620,-5165,0,0
-3967,-3771,1391,-5820,-2303,-5047,0,0
-6078,-2074,805,-2873,72,-6123,0,0
-4194,-815,70,-640,1031,-8310,0,0
-2363,354,-336,743,2226,-7677,0,0
142,1058,-612,176,2952,-4777,0,0
1953,1183,-932,-5403,2189,-4569,0,0
2252,2327,-768,-16175,2642,-3482,0,0
1505,4524,1156,-23066,114,261,0,0
-641,7223,3543,-16489,-1511,1340,0,0
-1295,6995,5403,-14531,2112,237,0,0
722,6581,5161,-11361,1693,522,0,0
1692,5651,3702,-8598,135,648,0,0
1546,4794,2488,-5940,121,904,0,0
1348,3955,1697,-4499,-144,1254,0,0
1248,3002,1016,-3600,475,2078,0,0
3050,1961,568,-2312,-438,1776,0,0
4243,1231,283,-2334,-633,533,0,0
3476,937,-259,-1641,-1826,83,0,0
527,700,-520,-540,-1716,-1532,0,0
-742,600,-413,-63,-1810,-1877,0,0
-1427,469,-304,484,-1098,-2562,0,0
-1156,312,-301,-314,-465,-3131,0,0
-451,133,-140,-146,-1048,-3406,0,0
-433,-48,147,-1,-422,-4959,0,0
96,-61,78,841,-957,-5969,0,0
-483,-56,21,1083,398,-6494,0,0
404,-118,-203,960,-284,-7086,0,0
5,-182,-65,1098,-347,-7392,0,0
240,-238,-17,159,-1742,-6335,0,0
-833,-332,132,703,-2478,-3034,0,0
-330,-1208,-153,-16,-1369,-2815,0,0
621,-2075,-940,-2470,-1962,-1179,0,0
-570,-3078,-821,-4847,625,-767,0,0
2300,-4271,-313,-6867,-612,-2176,0,0
2147,-4942,689,-9318,-805,-768,0,0
-925,-5839,760,-11642,595,-261,0,0
-1446,-6128,-188,-9809,1959,-862,0,0
-833,-6065,-807,-5950,1498,-1186,0,0
-692,-6036,-514,-7921,1092,-1551,0,0
-1139,-5614,135,-8414,321,-1752,0,0
-2079,-4978,241,-6388,-233,-4505,0,0
-3402,-3464,23,-3270,16,-5307,0,0
-3421,-2058,-427,-717,30,-5907,0,0
-2993,-1214,-1158,279,1940,-6189,0,0
-1543,-564,-1548,-802,3485,-4977,0,0
69,182,-1291,-1879,1812,-3527,0,0
-1078,984,188,-4817,1051,-1857,0,0
600,1765,1401,-11705,1841,-2700,0,0
2112,3427,2335,-15945,-1119,1097,0,0
1169,4285,3360,-16245,-2272,-362,0,0
-1001,5672,4233,-11535,-1931,959,0,0
-1440,5394,5028,-7905,130,922,0,0
1461,4737,4153,-6771,416,67,0,0
2544,4340,2405,-5980,357,216,0,0
1542,3460,970,-6324,859,649,0,0
689,2387,276,-4620,1342,606,0,0
1076,1356,411,-3108,763,-519,0,0
1568,752,718,-2704,357,-2121,0,0
1320,845,882,-2042,130,-2304,0,0
846,773,914,-1940,45,-2884,0,0
1063,627,794,-1091,296,-3520,0,0
1476,533,385,-1043,-222,-3926,0,0
1033,593,-137,-552,-533,-3965,0,0
619,621,-530,-839,-330,-3376,0,0
648,609,-674,-808,-67,-2986,0,0
977,562,-766,-824,-726,-3120,0,0
400,685,-572,-865,-425,-2783,0,0
29,872,-2376,-1075,-548,-1978,0,0
217,947,-197,-1105,-958,-1792,0,0
90,888,-145,-863,-1008,-1917,0,0
-246,768,-84,-406,-1283,-1560,0,0
-2736,518,-23,1,-1136,-1956,0,0
-174,211,51,51,-804,-2643,0,0
515,-31,-39,-367,-1112,-3738,0,0
569,-21,-17,-448,-1250,-4795,0,0
174,89,4,-212,-1585,-5706,0,0
-502,212,33,-228,-1716,-6016,0,0
-1075,212,51,327,-931,-5989,0,0
-54,-45,-147,478,-651,-6726,0,0
270,-257,-250,-31,-1117,-6199,0,0
-701,-315,-353,-9,-1233,-6315,0,0
-1184,-318,-257,-795,-764,-5587,0,0
-130,-496,-163,-1052,-678,-7073,0,0
224,-384,-472,-1163,-1228,-6874,0,0
-684,-327,-301,-1077,-146,-5312,0,0
637,-702,497,-1588,653,-2879,0,0
1512,-1520,682,-3374,-264,-664,0,0
-134,-2177,831,-3473,-160,818,0,0
-1893,-3159,276,-4068,166,2416,0,0
-1372,-4690,-1075,-4564,686,2201,0,0
945,-6028,-1909,-4578,489,1288,0,0
1970,-7131,-1811,-7775,575,745,0,0
1885,-7309,-1298,-9215,581,-652,0,0
747,-6369,-482,-8088,-132,-3480,0,0
-1716,-5082,39,-6153,-239,-1912,0,0
-3679,-3760,331,-3606,-1415,-3396,0,0
-7082,-2382,-44,-2272,-1418,-3889,0,0
-9167,-1050,-1297,-1817,1987,-3586,0,0
-7744,-350,-2116,-3100,5530,-2547,0,0
-1072,-245,-1390,-10728,11771,-5594,0,0
7731,1749,1916,-13615,-2559,-1878,0,0
4639,3479,4238,-13595,-6463,1018,0,0
2813,4386,4192,-7797,-2489,1908,0,0
2417,4084,2576,-5725,-2357,648,0,0
1091,3706,1458,-6090,103,-791,0,0
837,3582,1215,-7415,875,-699,0,0
1268,3622,1625,-8858,1647,-2034,0,0
1701,4042,2261,-7389,862,-2701,0,0
1580,4137,2394,-6502,632,-2394,0,0
1076,3848,1901,-5073,236,-1700,0,0
-238,3310,1487,-3260,-330,-519,0,0
65,2540,1145,-2235,-20,-248,0,0
1661,1955,365,-1529,-233,72,0,0
2385,1442,-17,-1928,-877,-509,0,0
1975,1363,-321,-2051,-908,-336,0,0
1744,1328,-847,-1836,-1439,-438,0,0
1274,1215,-999,-825,-1785,-1342,0,0
54,1130,-787,-821,-1991,-1162,0,0
-1994,950,-346,432,-585,-1940,0,0
-1515,512,18,856,-614,-3202,0,0
-169,191,161,761,-255,-4486,0,0
-242,165,102,648,-1250,-4375,0,0
-1240,48,243,938,-570,-4418,0,0
-503,-271,301,584,-910,-4996,0,0
-8,-483,127,325,-1017,-5871,0,0
210,-647,53,719,-985,-7239,0,0
1420,-599,82,37,-2011,-8150,0,0
438,-208,-79,386,-2366,-8507,0,0
-441,176,-155,365,-1252,-7355,0,0
-338,375,-282,113,-1633,-6287,0,0
-277,390,-278,442,-1589,-4412,0,0
-497,139,-543,35,-2038,-2038,0,0
-727,-480,-384,-344,-1432,-633,0,0
-520,-1501,17,-3687,-1302,1756,0,0
-449,-2908,868,-6287,-1372,1284,0,0
-1290,-3889,1685,-7283,223,961,0,0
-2216,-5141,67,-7907,3130,398,0,0
-549,-6563,-2506,-8085,4283,-157,0,0
1744,-7920,-2970,-8848,3054,-915,0,0
1154,-8648,-1871,-10951,2430,166,0,0
625,-8530,-715,-11987,2299,-2703,0,0
469,-6543,648,-9078,-805,-6568,0,0
-3762,-3922,1707,-5153,-3668,-4749,0,0
-8204,-2241,1305,-2637,-1293,-6563,0,0
-7803,-1008,-446,-1135,3168,-8390,0,0
-3535,-41,-1844,-3712,4263,-7920,0,0
204,875,-1915,-7877,6771,-6712,0,0
3601,3047,694,-14120,2232,-2730,0,0
1901,5192,3760,-19354,-1944,545,0,0
-1707,6682,5958,-16181,542,1004,0,0
-1361,6308,7740,-16899,1246,925,0,0
650,5439,7017,-11899,1041,843,0,0
2813,4090,5043,-9075,801,116,0,0
3580,3254,3185,-7197,731,-2776,0,0
3882,2684,1837,-6439,648,-918,0,0
3754,2426,685,-5431,-44,-133,0,0
2196,2189,-34,-2817,-239,842,0,0
1679,1430,2,-2808,-521,330,0,0
1928,914,149,-431,-963,257,0,0
1090,789,-97,-526,-891,355,0,0
725,856,-515,-1043,-892,405,0,0
1050,793,-689,-550,-504,150,0,0
1253,621,-664,465,-2182,-474,0,0
-752,472,-246,-35,-1479,-2482,0,0
-1983,377,-146,150,-1273,-2932,0,0
-1981,-29,133,-201,9,-4599,0,0
11,-164,114,-19,-813,-4692,0,0
-105,-155,207,-193,-498,-5768,0,0
302,-31,64,101,-1023,-6097,0,0
32,182,-140,-62,-805,-5794,0,0
246,174,-93,600,-1337,-5730,0,0
25,110,63,691,-134,-6234,0,0
1103,110,-14,655,-1740,-6216,0,0
-267,166,7,858,-1578,-5615,0,0
-563,-32,-24,921,-1357,-5606,0,0
-292,-255,-58,938,-1384,-5820,0,0
-203,-291,-270,712,-1557,-5869,0,0
-705,-245,-572,276,-1211,-5215,0,0
-655,-324,-642,167,-656,-4846,0,0
-475,-427,-373,-433,-1285,-2612,0,0
-683,-681,120,-1451,-670,-550,0,0
537,-1481,811,-2719,-851,109,0,0
1970,-2994,1002,-5026,221,380,0,0
2658,-4781,813,-8053,-43,64,0,0
1073,-6155,996,-9456,641,-141,0,0
-577,-6878,511,-9310,1234,-135,0,0
-1541,-7041,-637,-8239,1472,-1166,0,0
-1619,-6825,-1441,-7910,1737,-427,0,0
-1380,-7090,-1340,-10620,1988,-1298,0,0
-1165,-6423,-408,-8574,916,-4427,0,0
-2388,-4339,852,-4384,-1112,-5929,0,0
-4569,-2114,1412,-2488,-1384,-6362,0,0
-4995,-719,399,-652,803,-7337,0,0
-3239,203,-503,348,2017,-6236,0,0
783,469,-837,-4645,2737,-4960,0,0
3681,1349,-659,-13029,792,-4021,0,0
1111,3585,1352,-16377,-940,-700,0,0
-59,5493,3216,-11016,-937,210,0,0
-111,5815,4089,-11049,926,186,0,0
5,5551,4171,-12163,897,-666,0,0
764,5218,3544,-10077,1130,139,0,0
2633,4478,2655,-9071,808,-826,0,0
3226,4202,1771,-7217,-33,-951,0,0
2003,3955,1100,-4850,-267,4,0,0
1806,3328,634,-3213,-139,738,0,0
1650,2586,137,-1938,-664,1110,0,0
1162,2006,-185,-1917,-681,1141,0,0
340,1704,-436,-1416,-766,1176,0,0
-29,1417,-611,-621,-1663,695,0,0
-595,906,-127,219,-1582,-755,0,0
-249,550,-68,-318,-1108,-2219,0,0
-447,421,-183,-550,-1107,-4023,0,0
-240,512,-56,-131,-709,-3985,0,0
-715,436,218,734,-641,-4445,0,0
-511,306,234,780,-152,-4741,0,0
-226,187,199,677,-645,-4906,0,0
-515,25,214,409,-347,-4657,0,0
-165,-334,246,1212,-332,-5671,0,0
553,-656,190,1020,-299,-7553,0,0
1027,-539,78,753,-1379,-8809,0,0
-15,-53,-89,707,-1439,-8503,0,0
-321,283,-381,507,-1213,-7470,0,0
-715,435,-355,667,-1783,-4867,0,0
-535,163,-557,422,-787,-3618,0,0
1522,-341,-823,186,-2036,-2408,0,0
81,-849,-567,-295,-2044,-161,0,0
-975,-2012,84,-2355,330,-461,0,0
1614,-3438,392,-5550,695,-962,0,0
870,-4477,668,-7763,1183,307,0,0
845,-5364,955,-8163,1466,-526,0,0
328,-5604,486,-6225,362,-6,0,0
-226,-6174,-537,-5221,-438,186,0,0
-750,-6463,-1289,-6813,1815,2162,0,0
-314,-7139,-1016,-10715,2687,803,0,0
460,-7063,226,-10231,1030,-2448,0,0
-1483,-5363,1144,-7485,-1260,-3938,0,0
-4505,-3503,913,-4231,-3081,-5681,0,0
-7803,-1998,-172,-2234,-2074,-7371,0,0
-8266,-376,-1272,-1979,3579,-6987,0,0
-2967,257,-2101,-5649,7545,-7672,0,0
3336,1933,-1091,-8540,4025,-4953,0,0
3361,3910,2157,-16369,-2007,-744,0,0
426,5679,4340,-12696,-1791,748,0,0
-351,5988,5915,-13603,913,264,0,0
734,5653,5789,-14769,489,-305,0,0
1532,5331,4334,-9895,-421,879,0,0
1697,4310,2982,-6734,144,335,0,0
2450,3241,1865,-6638,299,-911,0,0
2536,2807,846,-4941,-382,-500,0,0
1963,2480,215,-4192,-1199,-354,0,0
942,2207,-175,-2828,-1705,334,0,0
464,1747,-472,-1966,-1821,53,0,0
277,1584,-317,-2041,-1050,-112,0,0
649,1658,-134,-1397,-1874,863,0,0
-333,1404,92,-638,-1928,-102,0,0
-1043,911,111,-107,-1307,-444,0,0
-54,217,147,-24,-357,-1853,0,0
18,-126,77,-82,-607,-3593,0,0
634,-260,118,-403,-93,-5457,0,0
34,-52,61,-257,-1320,-5903,0,0
-1119,230,79,-503,53,-6022,0,0
-532,276,127,-261,-521,-5739,0,0
-293,219,91,-276,98,-5920,0,0
-292,99,6,62,370,-6894,0,0
475,60,-33,-24,356,-7753,0,0
449,204,67,687,-603,-7798,0,0
-199,328,138,612,-328,-6528,0,0
-349,270,35,504,-811,-5182,0,0
-800,36,121,311,-669,-4093,0,0
-118,-247,-150,-345,-1426,-3062,0,0
-116,-565,-337,-491,-1805,-1180,0,0
111,-1351,-310,-1575,-1243,-577,0,0
795,-2493,-96,-3651,-288,-1391,0,0
1492,-3445,321,-4812,-1497,-3174,0,0
38,-4188,318,-7331,-111,-3592,0,0
-1266,-4059,-150,-7974,963,-1737,0,0
-930,-4647,-1015,-6238,2484,-797,0,0
-483,-4849,-1785,-3731,1030,-430,0,0
-1278,-4314,-1897,-2153,1262,702,0,0
-1635,-4465,-1819,-4602,1525,420,0,0
-1287,-4989,-1438,-6585,1967,-1187,0,0
-570,-4837,-962,-6248,1092,-2342,0,0
-1545,-3770,-639,-4494,-209,-3112,0,0
-3297,-2478,-51,-2212,-438,-4657,0,0
-3756,-1315,319,-752,72,-5365,0,0
-3342,-520,-164,-1283,499,-4201,0,0
-2276,-473,-1447,-7428,4385,-6168,0,0
2270,1415,-1205,-12104,3292,-3788,0,0
2461,3250,1542,-13087,-1692,-1115,0,0
372,4112,3637,-10409,-1207,-1163,0,0
389,4617,4329,-9915,2655,-585,0,0
1307,4878,4395,-10807,1122,-3,0,0
1627,4804,3789,-9671,20,60,0,0
2406,4420,3107,-8184,1003,157,0,0
3251,4063,2221,-7189,736,-284,0,0
2597,3820,1295,-4935,-92,83,0,0
1412,3083,613,-4127,4,341,0,0
1977,2391,232,-1639,121,590,0,0
3829,1913,16,-1741,-1060,515,0,0
2946,1704,-392,-1764,-677,637,0,0
819,1435,-758,-1021,-1900,354,0,0
-969,1100,-486,-483,-1585,-474,0,0
-2058,680,-84,357,-1605,-1446,0,0
-1267,263,246,151,-1020,-3517,0,0
-522,131,125,57,-1370,-4757,0,0
-928,257,11,-36,-1191,-5059,0,0
-1758,226,265,190,-254,-5067,0,0
-606,4,292,481,-153,-5901,0,0
196,-92,197,620,-692,-6739,0,0
25,73,-35,638,-565,-6268,0,0
-171,77,-59,773,-11,-6615,0,0
531,-40,62,617,-832,-6555,0,0
-92,-72,103,568,-1351,-7029,0,0
-299,-30,-139,225,-2202,-5519,0,0
-1182,-221,-346,279,-2687,-2362,0,0
-236,-969,-714,-903,-1437,-1154,0,0
803,-1859,-550,-2920,-1818,-418,0,0
-647,-2872,257,-5465,-566,-170,0,0
-242,-4597,561,-7782,1272,-714,0,0
1224,-5877,211,-9447,1732,-1242,0,0
328,-6081,-113,-8526,2055,-1795,0,0
-2457,-5376,-577,-6005,2612,-638,0,0
-2688,-5356,-1742,-4082,4303,-797,0,0
-42,-5817,-2259,-6901,3289,-846,0,0
1837,-5710,-1104,-8103,912,-1799,0,0
971,-4272,1122,-4796,-1773,-3351,0,0
-2644,-2566,1930,-4836,-3604,-3968,0,0
-6402,-997,1091,-2287,-2705,-5457,0,0
-8109,310,-455,-59,497,-5669,0,0
-6581,1033,-1542,72,3601,-4034,0,0
-2185,622,-2701,-6247,9365,-4075,0,0
6634,1681,-1548,-13134,5588,-2169,0,0
7625,3940,1745,-16299,-5422,1396,0,0
1040,5325,3327,-12402,-3198,407,0,0
-2017,6001,4498,-9276,2188,1196,0,0
-446,5459,4418,-7011,-163,170,0,0
770,4206,3233,-7192,957,-1007,0,0
2240,3203,1930,-7240,1902,-1864,0,0
3092,2898,1088,-7247,1359,-2916,0,0
2373,3324,719,-6725,809,-1438,0,0
574,3453,695,-4926,359,-39,0,0
-132,3051,953,-3253,97,881,0,0
1512,2304,604,-1854,-213,922,0,0
2150,1888,-29,-1473,-675,1113,0,0
1718,1629,-617,-721,-908,662,0,0
938,1375,-764,-557,-1522,-223,0,0
-374,995,-353,-531,-1676,-947,0,0
-1031,547,39,751,-1115,-2785,0,0
-582,350,130,178,-1387,-3391,0,0
-800,243,18,355,-735,-4087,0,0
-785,88,181,514,-409,-4260,0,0
-573,-76,267,337,-167,-4783,0,0
4,-111,96,629,-876,-5737,0,0
-552,28,93,1017,-231,-6384,0,0
-685,265,-133,742,-365,-6124,0,0
-1147,351,-349,397,1786,-5002,0,0
1046,-204,-150,1353,956,-5520,0,0
1043,-614,141,1099,302,-6490,0,0
404,-579,127,1007,-144,-7778,0,0
-211,-251,164,198,-341,-7213,0,0
-586,27,102,13,-803,-6621,0,0
-457,136,94,219,-390,-6129,0,0
413,182,-257,36,-1100,-5383,0,0
352,143,-297,124,-1079,-2909,0,0
2085,-550,-59,-60,-1599,-1273,0,0
2840,-1654,77,-2186,-2523,744,0,0
1085,-2579,-10,-5628,-2685,2577,0,0
-2722,-3218,799,-5513,-1943,5378,0,0
-5508,-4929,-675,-8149,4366,3943,0,0
-2489,-6646,-4126,-7973,4137,704,0,0
1116,-7538,-4809,-9308,1756,70,0,0
1521,-7334,-2860,-10282,1967,-420,0,0
757,-6362,-599,-8629,1832,-1795,0,0
783,-5391,914,-8311,811,-3554,0,0
-17,-3950,1978,-6176,-653,-5125,0,0
-2595,-2376,1870,-3460,-1316,-6565,0,0
-4173,-912,1024,-1019,-800,-7156,0,0
-3218,64,107,-750,131,-5908,0,0
-623,16,-1333,-7646,4725,-8363,0,0
5037,2105,-2293,-17254,1823,-4185,0,0
2224,5151,-1246,-15433,-1655,-270,0,0
-2858,6416,1581,-13248,-35,140,0,0
-3265,6325,4214,-14677,3242,1246,0,0
-891,6117,4856,-11120,2228,1532,0,0
1271,5108,4199,-8756,1051,975,0,0
2744,4103,3301,-7793,1214,1017,0,0
2608,3363,2321,-5620,709,888,0,0
2421,2541,1503,-3928,-289,249,0,0
1965,1987,1029,-1886,-1215,-161,0,0
1249,1551,609,-1249,-1188,-384,0,0
507,1253,140,-643,-1937,-145,0,0
-386,967,-277,-375,-1466,-96,0,0
123,676,-191,-526,-831,-637,0,0
1203,576,51,-873,-1736,-636,0,0
336,531,316,-854,-2029,-974,0,0
-486,274,331,51,-1874,-1790,0,0
-542,-93,69,601,-1315,-2479,0,0
-735,-266,132,-98,-279,-3467,0,0
-585,-250,-145,-697,44,-4158,0,0
-964,-259,-89,-292,1027,-5630,0,0
-250,-128,-253,-368,1470,-6257,0,0
294,102,-124,-339,560,-6420,0,0
-136,392,75,-521,473,-5860,0,0
-135,489,137,-234,530,-6323,0,0
236,539,48,-75,231,-5679,0,0
236,508,83,142,105,-5877,0,0
224,419,126,831,-65,-5818,0,0
321,184,77,1886,-76,-6900,0,0
527,74,-82,1848,-917,-7372,0,0
-78,231,-468,948,-863,-7383,0,0
-271,443,-599,210,-1034,-5722,0,0
-497,445,-427,210,-1666,-3289,0,0
116,41,-412,139,-1447,-1425,0,0
1130,-662,-437,-745,-2321,-321,0,0
330,-1584,-133,-2120,-1818,-372,0,0
469,-2809,74,-4854,-649,-1236,0,0
553,-4168,89,-6991,284,-1534,0,0
281,-5074,7,-7506,2283,-2872,0,0
233,-5519,-492,-6652,2343,-420,0,0
-1346,-6088,-1395,-6130,4182,-448,0,0
17,-6792,-1947,-5757,3417,-9,0,0
1069,-7485,-1404,-8179,1943,108,0,0
1991,-7215,-400,-9450,1838,-1446,0,0
2191,-5691,861,-8133,-1966,-3586,0,0
-2525,-3342,1993,-5731,-5669,-4483,0,0
-7415,-1476,2078,-2534,-3302,-5972,0,0
-5438,-276,575,-214,-398,-8113,0,0
-1585,373,-1123,-593,-496,-6927,0,0
-116,358,-2593,-9983,2838,-8557,0,0
1246,3283,-1959,-16013,1692,-2116,0,0
-955,5653,1807,-14182,-2548,884,0,0
-3012,5492,5260,-13250,226,-28,0,0
-927,5240,6620,-13767,4630,333,0,0
2567,5306,5447,-11740,523,944,0,0
2730,4792,4027,-10453,-102,1065,0,0
2132,4233,3177,-8094,487,360,0,0
2073,3727,2255,-5533,-213,314,0,0
1526,3049,1349,-3836,-925,954,0,0
1278,2307,780,-2089,-864,1213,0,0
2122,1708,418,-1017,-1455,1414,0,0
2539,1330,-147,-1894,-1119,688,0,0
2530,1406,-618,-2283,-724,610,0,0
2343,1395,-723,-793,-3212,452,0,0
-1331,955,-371,792,-3488,-828,0,0
-3454,275,-137,773,-220,-3256,0,0
-1631,-45,-278,-26,-246,-3227,0,0
-917,-274,-131,405,-101,-4328,0,0
-585,-465,51,240,707,-5675,0,0
394,-399,-242,645,-20,-5908,0,0
286,-245,-361,244,591,-6981,0,0
988,-165,-183,47,210,-6669,0,0
343,16,28,127,-362,-6726,0,0
-31,115,142,446,47,-7402,0,0
339,317,131,944,-723,-7302,0,0
-361,554,36,1551,-414,-6783,0,0
-2504,465,92,1193,-176,-6229,0,0
-168,304,82,616,-754,-5703,0,0
-355,296,119,681,-1279,-5245,0,0
-621,374,-98,601,-2311,-2843,0,0
-950,53,-484,338,-2240,-566,0,0
-1742,-863,-247,-542,-1785,564,0,0
-796,-2223,771,-2813,-1293,-166,0,0
810,-3307,224,-5746,-1062,-2241,0,0
29,-4079,-843,-5629,473,-115,0,0
716,-5251,-1818,-8294,2167,-276,0,0
-92,-5752,-2428,-8636,3322,1435,0,0
-623,-6926,-2768,-8382,5386,-650,0,0
1742,-6914,-1967,-6676,3156,-934,0,0
2286,-6359,31,-7784,1405,-744,0,0
1579,-5534,1704,-8581,-6,-2585,0,0
287,-4365,2341,-7548,-2233,-5399,0,0
-3105,-2359,1991,-4615,-4116,-5875,0,0
-5304,-589,1070,-1560,-2941,-6723,0,0
-3153,390,-108,144,-2846,-6891,0,0
-2689,895,-1497,-832,-1140,-5234,0,0
-1688,821,-2544,-10081,4284,-6558,0,0
1930,3098,-1968,-15715,1476,-1514,0,0
-420,4946,892,-14086,-2362,569,0,0
-2764,5054,3681,-9957,1025,100,0,0
245,4719,4360,-9465,3289,-402,0,0
2747,4711,3245,-9887,167,-930,0,0
1598,4478,2353,-8863,223,-292,0,0
943,4069,2348,-6994,829,-18,0,0
1646,3684,2357,-5111,110,216,0,0
1508,3257,2041,-3335,-40,610,0,0
1593,2696,1328,-2810,-677,942,0,0
1179,2106,556,-1793,-1175,849,0,0
1546,1575,-118,-1875,-997,1140,0,0
1700,1155,-604,-1743,-1270,628,0,0
902,877,-625,-1233,-2473,-102,0,0
491,399,-154,-279,-1452,-2625,0,0
737,241,-287,-856,-2216,-3548,0,0
-708,253,-692,-35,-1551,-4870,0,0
-1180,327,-532,-338,-834,-5048,0,0
-919,357,-270,-62,-552,-4575,0,0
-554,236,-21,-412,-128,-5546,0,0
214,277,-61,246,-630,-5478,0,0
-75,257,12,654,-540,-5796,0,0
-256,248,49,736,-744,-5786,0,0
-308,65,328,1773,-320,-6429,0,0
-15,-191,236,1392,-1072,-6701,0,0
-119,-305,-16,751,-1536,-6739,0,0
-222,-398,-25,147,-2407,-5261,0,0
59,-545,-201,-316,-2487,-3034,0,0
571,-969,-656,-675,-3295,-1167,0,0
-454,-1805,-1102,-2411,-2126,630,0,0
-710,-3010,-1135,-5443,-226,1116,0,0
880,-4429,-919,-8309,436,-617,0,0
2076,-5441,-527,-10102,764,499,0,0
2859,-6714,-8,-13097,214,-1020,0,0
1304,-7002,397,-13416,1335,-1075,0,0
765,-6832,388,-10323,1365,-2786,0,0
732,-5796,1096,-6461,-813,-4112,0,0
-1808,-4295,2311,-5234,-2708,-5595,0,0
-3656,-2881,2023,-4499,-2275,-7173,0,0
-3922,-1434,456,-1777,-2092,-7100,0,0
-4760,-242,-906,-184,-169,-6534,0,0
-2637,646,-1637,181,1503,-5401,0,0
-703,1184,-1798,-421,2081,-3481,0,0
-54,1357,-1191,-2373,2677,-1957,0,0
681,1312,-224,-10578,3033,-2828,0,0
1165,2761,1545,-14982,1016,-1266,0,0
-390,4299,4303,-14425,-2038,-872,0,0
-881,4819,6119,-12551,517,-926,0,0
1733,4759,5637,-11107,863,-977,0,0
2908,4587,3737,-7890,-644,-1511,0,0
1576,3983,2473,-6104,240,-1159,0,0
2078,3107,1467,-4675,1263,-664,0,0
3875,2520,105,-3413,-263,-588,0,0
2786,2168,-712,-3224,-435,-575,0,0
1001,2106,-734,-2211,-146,399,0,0
1444,1929,-465,-1924,-270,-171,0,0
2279,1978,-462,-2756,-482,282,0,0
1229,1914,-767,-2570,-1202,242,0,0
-1377,1573,-705,21,-2119,627,0,0
-1752,652,-106,872,-843,-1071,0,0
-28,146,-39,164,-1703,-2136,0,0
-1006,-45,23,-103,-1107,-4080,0,0
-968,-112,208,86,-509,-3877,0,0
-894,-146,-70,484,-356,-4134,0,0
-900,-227,-122,168,558,-4324,0,0
311,-404,-319,205,455,-4876,0,0
710,-531,-210,-188,254,-6608,0,0
856,-496,242,-438,-495,-7703,0,0
826,-141,342,-618,-1477,-7785,0,0
193,251,59,-70,-1704,-7183,0,0
-305,306,-30,509,-798,-6588,0,0
321,132,-53,714,-1137,-6248,0,0
-350,127,-19,171,-1136,-6009,0,0
-510,124,-55,140,-1012,-5557,0,0
-227,95,-121,-59,-1392,-4820,0,0
-178,103,-292,-28,-2089,-4161,0,0
-809,48,-417,-150,-2315,-2211,0,0
-169,-399,-475,-503,-1474,-515,0,0
1869,-1165,-407,-1415,-1802,788,0,0
2004,-1950,-381,-3418,-689,1085,0,0
401,-3233,-494,-6247,1330,1370,0,0
1237,-5634,-193,-10442,2436,1037,0,0
3834,-7881,1155,-13616,2157,265,0,0
3525,-8202,2794,-13720,-212,-1265,0,0
-232,-6776,2867,-7853,-268,-2348,0,0
-3183,-6210,1704,-8367,1068,-2867,0,0
-3394,-5975,1883,-10066,-391,-7175,0,0
-2336,-3618,2368,-5966,-3018,-7386,0,0
-4143,-1089,2134,-1697,-4174,-6016,0,0
-3462,-257,754,696,-1079,-7542,0,0
-1413,520,-824,360,-1137,-6501,0,0
-2961,991,-2063,-3098,846,-3818,0,0
-1159,1080,-2340,-13068,6604,-5667,0,0
4599,3671,-692,-17044,2056,-912,0,0
2732,5962,1780,-15164,-4291,1810,0,0
-3585,6467,4041,-13337,-1196,250,0,0
-4869,6007,6568,-12435,5805,753,0,0
1240,5235,5799,-10849,553,1743,0,0
2953,4530,3656,-8361,-1146,1393,0,0
1946,3562,2326,-6747,662,681,0,0
359,2587,1468,-4554,-330,758,0,0
-982,1687,1361,-3048,-1039,944,0,0
-271,1135,1377,-1623,-688,457,0,0
313,720,1313,-374,-1780,397,0,0
-172,137,1077,-160,-1915,64,0,0
-683,-454,806,-393,-1074,-209,0,0
-689,-1106,636,-887,-361,-685,0,0
-459,-1821,193,-1957,27,-1006,0,0
-814,-2579,-559,-2765,435,-1543,0,0
-1985,1717,-18,656,-1186,-478,0,0
-2338,1031,598,1616,-1036,-1770,0,0
-1452,535,600,1507,-1489,-2825,0,0
-903,153,202,1782,-2263,-3565,0,0
-1066,-247,-21,1499,-1081,-3863,0,0
11,-641,-65,1720,-757,-5232,0,0
193,-837,-148,1583,-497,-5819,0,0
150,-983,-324,1429,-183,-7049,0,0
561,-1023,-274,898,-779,-7109,0,0
948,-983,-248,471,-1993,-6886,0,0
862,-883,-403,67,-3204,-5672,0,0
-138,-920,-691,-299,-2886,-4941,0,0
580,-1254,-1373,-905,-1675,-4348,0,0
837,-1625,-1426,-1615,-1669,-2058,0,0
-434,-2413,-796,-3159,50,-521,0,0
2006,-3542,12,-6364,159,-1090,0,0
2813,-4484,1211,-6586,560,772,0,0
3005,-5602,2054,-7883,53,-153,0,0
1815,-5526,2515,-5437,133,-664,0,0
598,-5197,2437,-3880,717,-928,0,0
-583,-4864,1825,-5029,272,-477,0,0
-1627,-4635,1061,-5763,333,-1321,0,0
-2260,-4179,770,-5676,586,-2866,0,0
-2293,-3240,1167,-4966,-360,-3837,0,0
-3005,-1756,2011,-3652,-2123,-4061,0,0
-4380,-401,2112,-1992,-1524,-4683,0,0
-3044,280,1304,-1240,-201,-4228,0,0
1313,-406,-339,-8339,1275,-5920,0,0
4176,993,-2251,-572,-1519,-3912,0,0
110,4514,-1699,-8783,-2352,3614,0,0
-428,3813,76,-5741,-1901,687,0,0
198,3604,-151,-7038,2552,-1094,0,0
-517,4038,-437,-7837,1016,-130,0,0
-966,3956,-20,-7009,-322,-623,0,0
-693,3638,533,-7204,1020,-1925,0,0
606,3655,822,-6310,1022,-3616,0,0
1392,3527,743,-5423,322,-1498,0,0
760,3274,839,-4143,-351,-1579,0,0
250,2937,1164,-2997,-366,-884,0,0
205,2467,1249,-1782,-731,-469,0,0
196,1963,1053,-861,-712,-443,0,0
909,1674,745,-1034,-723,-669,0,0
2057,1647,357,-2140,-1280,-521,0,0
1392,1630,62,-2016,-2447,-726,0,0
-231,1490,147,-1010,-2162,-1529,0,0
-870,1175,108,7,-1593,-2080,0,0
236,820,-81,227,-2117,-2872,0,0
-326,573,-64,-113,-1918,-3892,0,0
-882,523,-114,-60,-1869,-3608,0,0
-1385,428,-25,290,-1304,-3964,0,0
-574,135,137,572,-1420,-4722,0,0
116,46,-151,503,-1283,-5606,0,0
-466,30,-342,304,-294,-6128,0,0
-241,-69,-320,495,406,-6268,0,0
-9,-212,-37,683,-339,-6868,0,0
292,-286,173,364,-794,-6527,0,0
-3,-226,167,496,-2434,-5022,0,0
-1274,-286,42,-20,-2015,-2851,0,0
-1257,-906,-312,-608,-1671,-254,0,0
-444,-2154,-441,-2192,-190,-606,0,0
1768,-3457,-564,-4938,207,-2398,0,0
3214,-4292,-5,-6109,-1,-3106,0,0
3924,-4457,945,-7728,-2900,-2916,0,0
1136,-4670,1091,-8757,-118,-1533,0,0
862,-4703,757,-6025,-531,-1533,0,0
-360,-4429,1166,-2912,-583,-1124,0,0
-1382,-4319,1454,-3901,-2,-885,0,0
-2050,-4096,1110,-4737,-482,-1035,0,0
-3058,-3697,716,-4119,-145,-1778,0,0
-3362,-3097,317,-3658,-3,-2398,0,0
-3847,-2202,66,-2413,-332,-2810,0,0
-4175,-1278,-188,-1321,525,-3121,0,0
-3078,-437,-495,-858,559,-3164,0,0
-2863,-144,-949,-2512,415,-1894,0,0
-712,-681,-1673,-11171,5262,-4650,0,0
3939,1656,-816,-12919,1031,-2073,0,0
3379,3730,1274,-9154,-4804,145,0,0
58,3870,2252,-6707,-1354,-26,0,0
-1031,3581,2194,-6721,1947,-1320,0,0
-812,3573,2172,-6217,360,-1616,0,0
386,3385,1989,-7570,744,-1924,0,0
2534,3459,1609,-7905,901,-2198,0,0
3211,3746,1126,-6508,-627,-1753,0,0
1718,3664,783,-5534,-448,-1481,0,0
680,3302,442,-4107,-290,-1116,0,0
1223,2738,-26,-2423,-616,-1141,0,0
2088,2125,-703,-1946,-175,-1339,0,0
2065,1841,-1236,-1801,-920,-763,0,0
347,1879,-1165,-1649,-697,-382,0,0
-1047,1912,-333,-1596,-857,-85,0,0
-1246,1736,504,-1599,-996,-275,0,0
-1282,1464,698,-987,-1387,-831,0,0
-1254,1051,582,-14,-1057,-1192,0,0
-165,468,659,557,-704,-2193,0,0
819,185,703,547,-1468,-3721,0,0
119,221,387,250,-1765,-4274,0,0
-628,216,215,205,-1102,-5102,0,0
-245,273,22,619,-1238,-5194,0,0
185,223,-11,-211,-446,-5633,0,0
1116,111,-153,642,-1689,-5308,0,0
-238,-69,-27,942,-729,-5997,0,0
59,-268,34,743,-1217,-6856,0,0
133,-294,202,523,-1344,-7306,0,0
146,-101,22,450,-2489,-6402,0,0
-432,-7,-242,830,-2456,-4689,0,0
-580,-266,-747,534,-2278,-2928,0,0
-125,-710,-772,-462,-966,-2388,0,0
374,-1252,-649,-1107,-384,-3447,0,0
1269,-1591,-279,-1157,-907,-4643,0,0
2046,-1697,4,-1837,-1871,-5414,0,0
1595,-1690,-11,-2910,-2433,-3298,0,0
-146,-1941,309,-3757,-708,-1631,0,0
-162,-2895,475,-4261,173,192,0,0
-119,-3788,642,-3829,-358,717,0,0
-450,-3769,779,-2583,-793,1193,0,0
-306,-4032,462,-3098,-22,1603,0,0
336,-4641,-323,-5124,-44,1257,0,0
-59,-4922,-366,-5703,917,11,0,0
-573,-4793,41,-5055,370,-822,0,0
-2138,-4363,145,-4125,20,-1659,0,0
-4233,-3698,52,-3587,223,-2711,0,0
-7016,-2793,-207,-3713,377,-3008,0,0
-4786,-2417,-745,-9058,3374,-4779,0,0
119,-1293,-686,-11528,3886,-7693,0,0
3838,1073,870,-10447,-2330,-4800,0,0
1715,2890,1485,-8391,-3687,-605,0,0
265,3406,1183,-6971,-449,-767,0,0
1014,3459,1112,-5405,-554,-1381,0,0
622,3430,989,-5796,79,-942,0,0
1410,3478,902,-6665,916,-1233,0,0
2575,3799,643,-7432,416,-1710,0,0
2303,4189,534,-7706,-914,-1846,0,0
324,4322,690,-6934,-494,-1657,0,0
-1082,4024,767,-5871,82,-1330,0,0
-1081,3327,698,-3930,268,-1561,0,0
174,2648,674,-2282,5,-923,0,0
1159,2145,558,-1294,-339,-419,0,0
1554,1794,144,-1020,-250,-732,0,0
1448,1683,-185,-1379,-1276,-355,0,0
322,1618,-295,-1194,-1171,-608,0,0
-556,1478,-135,-1023,-1058,-377,0,0
-1425,1120,221,-166,-1254,1,0,0
-1508,393,727,363,-578,-1708,0,0
77,-33,773,141,-1187,-3531,0,0
586,24,500,39,-1880,-5109,0,0
-347,209,267,405,-1769,-5601,0,0
-898,240,7,150,-636,-5134,0,0
-296,29,-38,567,-683,-4853,0,0
344,-255,31,-60,-594,-5474,0,0
464,-299,31,431,-1136,-6027,0,0
111,-108,-123,-194,-664,-5980,0,0
-95,119,-81,257,-1071,-5760,0,0
-377,322,-178,502,-748,-4582,0,0
-785,255,-345,413,76,-4287,0,0
-602,-93,-142,164,577,-4294,0,0
224,-493,138,-11,-78,-7424,0,0
812,-617,175,-351,-1649,-5553,0,0
-2480,-525,-48,-101,-3134,-3485,0,0
-422,-849,-637,-413,-1768,-1996,0,0
1158,-1652,-1007,-1279,-936,-1710,0,0
1892,-2562,-873,-2981,-391,-3417,0,0
2157,-3102,-513,-3955,-745,-3613,0,0
967,-3364,-352,-6052,-2435,-2911,0,0
-289,-3423,166,-6532,-309,-529,0,0
1224,-4125,104,-6865,227,1123,0,0
1075,-4455,707,-5111,-570,-727,0,0
-584,-4014,1410,-2749,394,-244,0,0
-1226,-4091,1433,-4262,608,157,0,0
-1326,-4228,1109,-4911,-145,-778,0,0
-2492,-4201,557,-4889,-234,-1611,0,0
-3995,-3836,-131,-4307,463,-2457,0,0
-3411,-2966,-525,-2994,468,-3263,0,0
-2586,-1943,-601,-2229,-127,-3815,0,0
-3207,-1036,-801,-3518,-250,-2817,0,0
-2287,-989,-1795,-12896,3863,-4804,0,0
1026,1584,-1189,-11866,3456,-3711,0,0
2412,3712,1805,-8433,-1809,-2128,0,0
1093,4675,3370,-7064,-3064,-129,0,0
-1230,4864,3288,-6135,814,-399,0,0
-2099,4489,3731,-7605,2565,-689,0,0
-354,3638,3182,-7675,1506,-514,0,0
2876,2834,1900,-7095,1458,-1629,0,0
4285,2693,1109,-6364,1332,-1736,0,0
4242,2800,625,-5473,221,-1812,0,0
2979,2900,388,-3906,-258,-1574,0,0
2297,2814,164,-2947,-679,-891,0,0
1251,2580,-49,-1935,-207,-617,0,0
-27,2360,-193,-1829,-318,157,0,0
-673,2080,-211,-1732,-469,446,0,0
-584,1625,-310,-1187,-517,-304,0,0
738,1369,-102,-771,-1289,-1920,0,0
195,1293,385,-405,-2645,-1987,0,0
-942,1048,589,-192,-1739,-3333,0,0
-3328,873,209,-30,-1578,-3171,0,0
-908,475,-10,688,-783,-3453,0,0
-547,163,145,814,-812,-4106,0,0
-36,34,-41,287,-242,-4548,0,0
154,-80,-80,714,-895,-4739,0,0
410,-196,-108,430,152,-5321,0,0
892,-178,1,974,-1181,-5531,0,0
94,-70,-52,438,-700,-5339,0,0
12,-48,-114,720,-585,-5748,0,0
172,-137,-23,350,-550,-5992,0,0
113,-214,226,633,-1495,-6260,0,0
-220,-170,178,522,-1534,-6179,0,0
-582,-61,40,490,-2226,-5280,0,0
-1926,-26,-152,212,-2083,-2784,0,0
-2138,-480,-395,-125,-2002,-1626,0,0
-916,-1261,-1031,-995,-1569,-2315,0,0
983,-2144,-1567,-2385,-138,-2177,0,0
2483,-3182,-1374,-4814,-518,-1482,0,0
3075,-3932,-453,-6434,-401,-2530,0,0
1768,-3869,384,-6791,-701,-2139,0,0
-793,-4474,536,-7783,1881,-102,0,0
688,-5379,-10,-5772,922,-939,0,0
2255,-5016,413,-2910,511,-1215,0,0
879,-4472,1422,-4028,193,-43,0,0
212,-4268,1737,-4986,-369,-982,0,0
-428,-3950,1732,-4765,-729,-2533,0,0
-2034,-3139,1444,-3998,-1512,-3423,0,0
-4613,-2037,1140,-2411,-1518,-3820,0,0
-5348,-1255,421,-1483,-432,-4228,0,0
-4372,-869,-806,-4186,1255,-3899,0,0
-95,-263,-1943,-10698,4640,-6422,0,0
4812,1905,-1555,-15205,303,-3482,0,0
1318,4562,62,-10140,-3286,-480,0,0
-2975,5315,2109,-8290,-1106,483,0,0
-2870,4913,3584,-8961,2343,-3040,0,0
-440,4895,3952,-6995,2435,-124,0,0
2640,3933,2934,-6675,365,-922,0,0
3227,3299,1633,-6569,1184,-1345,0,0
3146,2915,705,-5542,1265,-1379,0,0
2543,2723,266,-3859,300,-922,0,0
1877,2465,137,-3042,395,-708,0,0
1352,2226,-38,-2044,164,-429,0,0
1375,1974,-306,-1775,-363,-501,0,0
658,1845,-743,-1927,-683,-831,0,0
-27,1783,-1010,-1637,-1163,-817,0,0
-538,1644,-1048,-745,-637,-1017,0,0
-23,1361,-722,-575,-1554,-860,0,0
-457,864,-20,518,-919,-2359,0,0
430,597,80,172,-1245,-2483,0,0
378,380,3,63,-1525,-3458,0,0
7,232,81,453,-1658,-3868,0,0
-459,113,51,425,-742,-4336,0,0
-120,11,-74,739,-1091,-4909,0,0
-217,-67,58,683,-696,-5514,0,0
-30,-46,-3,730,-1298,-5143,0,0
-178,-97,75,498,-419,-4620,0,0
1305,-486,256,610,-1790,-5741,0,0
914,-541,370,859,-2829,-6249,0,0
-427,-323,0,332,-1720,-6819,0,0
-444,-234,-74,145,-1506,-6332,0,0
-292,-212,12,-82,-1472,-5951,0,0
-409,-171,-158,-69,-1743,-4223,0,0
-605,-415,-210,-206,-848,-1990,0,0
624,-1067,148,-941,-1713,-1138,0,0
609,-1632,301,-1944,-1828,-759,0,0
-83,-2246,268,-3396,-1815,-490,0,0
63,-3101,236,-4804,-1036,-2080,0,0
2608,-4063,428,-6817,224,-1234,0,0
4737,-4938,974,-9091,-1382,907,0,0
2563,-5399,1690,-9775,-2246,-396,0,0
-447,-5498,1940,-6788,312,-866,0,0
-109,-5326,1531,-5181,-1380,-987,0,0
-3175,-4996,904,-6636,-1540,-1020,0,0
-7844,-4815,260,-6714,-305,-1852,0,0
-9269,-4047,-1168,-5425,1788,-2461,0,0
-6618,-2702,-2585,-2732,3878,-3464,0,0
-2368,-1508,-2586,-1085,4079,-5417,0,0
-577,-512,-1379,-1776,2846,-5718,0,0
-720,292,-624,-7212,6675,-5721,0,0
2165,1701,1029,-9768,2192,-2969,0,0
1171,2726,4155,-12704,-2416,-997,0,0
278,3435,5438,-10231,-145,-500,0,0
1634,3626,5265,-10795,529,-958,0,0
2115,3686,4648,-11427,-614,-1698,0,0
2705,3825,3971,-10356,-39,-1387,0,0
3704,3962,3045,-9453,-25,-663,0,0
3566,3965,1956,-7359,-753,-1327,0,0
2457,3793,1089,-5239,-630,-1163,0,0
1623,3293,443,-3838,-181,-812,0,0
1577,2723,-237,-2374,-363,-415,0,0
1540,2025,-710,-1340,-1214,-363,0,0
959,1595,-1049,-685,-753,-64,0,0
280,1395,-1265,-1013,-387,454,0,0
230,1200,-911,-715,90,164,0,0
852,957,-314,-693,-661,215,0,0
367,620,223,-311,-1343,-1336,0,0
-751,459,160,97,-1358,-1525,0,0
-1246,122,137,180,-1219,-2871,0,0
-919,-50,151,30,-377,-3215,0,0
120,-199,159,31,-672,-4517,0,0
583,-309,168,212,-761,-5351,0,0
701,-196,160,-178,-1211,-6435,0,0
142,134,100,-109,-2264,-5486,0,0
-900,186,21,-64,-932,-5761,0,0
-48,113,-9,457,-1614,-5456,0,0
-379,88,-123,278,-1055,-5715,0,0
-105,38,-110,651,-1138,-5977,0,0
-30,-36,30,435,-1125,-5754,0,0
-265,-174,115,384,-1354,-5749,0,0
-275,-372,155,133,-1048,-5780,0,0
-182,-440,68,-46,-1982,-4441,0,0
-1542,-548,-29,273,-1201,-1947,0,0
-1199,-1273,-52,-490,-1080,-485,0,0
-269,-2221,-349,-2201,-618,-467,0,0
301,-2927,-631,-4531,-1265,-2003,0,0
1429,-3505,-120,-5823,-492,-2122,0,0
3396,-4006,907,-8344,-1400,-1928,0,0
2512,-4201,1466,-8693,-1606,-147,0,0
-460,-4468,913,-7092,-653,-71,0,0
-3061,-4928,-542,-4388,2528,820,0,0
-452,-5808,-1315,-5437,2832,-517,0,0
665,-5847,-783,-7207,-4,-341,0,0
-1558,-5232,161,-6711,-85,-1862,0,0
-3531,-4113,502,-5153,-1029,-3455,0,0
-6536,-2607,233,-3044,-2266,-2979,0,0
-9469,-1422,-766,-1820,232,-2824,0,0
-8455,-749,-2180,-4579,5120,-2877,0,0
-1044,57,-2484,-9611,12931,-4777,0,0
8382,1674,467,-14635,2094,-3298,0,0
3791,4388,4255,-8615,-7239,-355,0,0
-3738,4612,6338,-7974,-1954,-2680,0,0
-4823,3844,8300,-11042,6552,-315,0,0
517,3326,7104,-10569,2317,-307,0,0
3092,2709,4316,-7851,-723,-834,0,0
3536,2092,2665,-6880,1755,-558,0,0
5035,1889,1279,-5624,1245,-538,0,0
4834,1955,566,-3104,10,129,0,0
3960,1675,513,-2171,66,89,0,0
3828,1611,102,-2045,-34,187,0,0
2806,1508,-351,-1538,-1323,-435,0,0
1463,1417,-2800,-2172,-943,-615,0,0
799,1357,-1088,-2479,-997,-689,0,0
323,1266,-951,-1679,-1510,-1525,0,0
-672,1299,-145,-1527,-1637,-2806,0,0
-1220,1287,317,-434,-1347,-3030,0,0
-399,959,297,-123,-1574,-4212,0,0
442,788,102,-475,-1975,-4281,0,0
-1053,811,-61,20,-1785,-3775,0,0
-1547,639,84,446,-833,-3268,0,0
-741,256,285,982,-1192,-3788,0,0
-295,27,90,594,-1579,-3852,0,0
-777,-232,-157,689,-676,-4760,0,0
-48,-571,-110,477,-446,-5391,0,0
691,-750,83,320,-416,-7406,0,0
1527,-611,92,143,-1254,-8041,0,0
1181,-242,-23,-182,-1780,-8074,0,0
364,196,126,-120,-3042,-6776,0,0
-768,433,127,-529,-2436,-5650,0,0
-584,335,-310,-215,-2072,-4198,0,0
-599,67,-112,-567,-1333,-2593,0,0
-1092,-271,409,-917,-1097,-1402,0,0
-443,-919,826,-1192,-423,-785,0,0
2279,-2335,1329,-2459,397,-1761,0,0
5263,-3557,1676,-5293,-557,-1353,0,0
3558,-3602,2663,-5698,-2142,-243,0,0
-2078,-3484,2381,-4218,-1654,321,0,0
-5295,-4124,179,-3593,946,713,0,0
-4995,-4789,-2284,-4101,2663,609,0,0
-3784,-5425,-3527,-5779,2259,1352,0,0
-2452,-6273,-3493,-8130,2111,-259,0,0
-381,-5744,-2186,-7183,1621,-1938,0,0
-448,-4346,-492,-5304,-329,-2019,0,0
-3558,-3252,461,-3708,-1866,-3032,0,0
-7509,-2435,-388,-2031,925,-4832,0,0
-5804,-1613,-2084,-5029,9911,-5410,0,0
4951,-256,-1387,-11513,8580,-6245,0,0
8324,2729,1879,-11762,-5434,-2972,0,0
729,4425,3487,-13590,-5640,-772,0,0
-4970,5299,5067,-12372,3668,-1494,0,0
-1568,5511,6536,-12715,1378,-369,0,0
2114,5055,4534,-8618,-2745,577,0,0
2658,3955,2773,-6097,110,530,0,0
3007,2921,1259,-6015,556,-8,0,0
2752,2405,355,-4686,-131,-332,0,0
2256,1986,188,-3634,301,-666,0,0
1994,1712,131,-3023,174,-1214,0,0
823,1498,335,-2395,-95,-1575,0,0
353,1271,786,-1591,286,-2107,0,0
1181,1086,918,-1032,-245,-2397,0,0
1480,979,864,-304,-546,-3055,0,0
1024,920,641,-449,-799,-2696,0,0
695,869,457,-562,-1147,-3323,0,0
288,1052,157,-642,-1434,-2500,0,0
-335,1065,-222,-764,-1247,-2269,0,0
-264,1002,-517,-934,-1458,-2249,0,0
-342,914,-504,-630,-783,-2556,0,0
184,878,-478,-597,-800,-2322,0,0
206,814,-246,-22,-888,-3070,0,0
-214,778,-7,431,-1321,-3228,0,0
-589,624,-161,840,-1238,-3237,0,0
-481,262,-340,1603,-1006,-3794,0,0
-152,9,-399,1079,-868,-3835,0,0
27,-225,-363,831,-747,-4540,0,0
162,-334,-200,1043,-678,-4609,0,0
25,-433,9,795,-712,-5452,0,0
274,-412,4,673,-1136,-6133,0,0
-80,-247,67,676,-1002,-6130,0,0
-126,-157,-177,697,-1664,-5472,0,0
-800,-257,-205,732,-1201,-4881,0,0
100,-479,-527,109,-1624,-3427,0,0
45,-954,-534,-378,-2779,-1294,0,0
-672,-1650,-697,-1070,-1596,-601,0,0
-490,-2308,-2816,-2640,-1446,-302,0,0
-569,-2933,-1088,-4476,-748,-206,0,0
-183,-3563,-1174,-5156,1095,-1045,0,0
1636,-4109,-1176,-6112,267,-2331,0,0
2547,-4622,-970,-7255,1030,-2415,0,0
3813,-5075,-489,-8942,-1403,-3010,0,0
2691,-4839,317,-11142,-771,-1840,0,0
1207,-4450,1146,-11584,-1420,-742,0,0
-105,-4298,1725,-11473,-168,-1315,0,0
-575,-3903,1887,-8590,-711,-2122,0,0
-1857,-2931,2094,-3388,-2325,-3253,0,0
-2519,-1917,2345,-1692,-1614,-3022,0,0
-1509,-1617,1797,-1908,-1904,-3753,0,0
-345,-1174,599,-884,-2238,-5625,0,0
-824,8,-315,-144,-2089,-7392,0,0
-2170,1063,-781,175,-1676,-3453,0,0
-2460,1442,-1134,-207,-500,-2286,0,0
-2631,1272,-1450,-2735,664,-1224,0,0
-1353,952,-1867,-12111,4360,-3732,0,0
1560,2925,-927,-16255,1887,-945,0,0
-184,4507,1590,-12886,-3154,-311,0,0
-1412,4911,4206,-9178,-2183,-1033,0,0
-91,4670,4818,-8498,1851,-1044,0,0
2949,4532,3669,-7140,-128,-1542,0,0
3205,4150,1771,-5919,-759,-1560,0,0
1996,3285,772,-5169,253,-1133,0,0
2252,2723,113,-3954,906,-2664,0,0
3223,2273,-502,-2413,69,-739,0,0
2645,1912,-858,-1667,-590,-794,0,0
1164,1705,-892,-1206,-845,-546,0,0
1,1579,-947,-1002,-832,-381,0,0
-538,1371,-652,-924,-408,-229,0,0
-829,1212,-165,-1254,-1099,-252,0,0
-1545,1008,459,-779,-1564,-625,0,0
-1763,666,725,-155,-1400,-2431,0,0
549,467,463,503,-1037,-3517,0,0
1286,374,103,529,-2711,-3170,0,0
-574,362,117,228,-1295,-3530,0,0
-1167,215,40,26,-914,-3747,0,0
-334,-38,16,437,-1046,-3706,0,0
-438,-236,11,274,-1284,-4265,0,0
-218,-302,-180,326,-500,-4745,0,0
43,-339,-143,-51,-348,-5695,0,0
-31,-231,57,244,-997,-5955,0,0
-428,-246,286,-110,-710,-6300,0,0
754,-290,273,-71,-2216,-7177,0,0
588,-130,178,-104,-2244,-7288,0,0
473,5,-315,177,-2164,-5966,0,0
-325,36,-324,166,-1200,-4512,0,0
-872,-176,-182,-221,-984,-2886,0,0
-1205,-569,143,-77,-1263,-1233,0,0
189,-1208,-67,-787,-784,-87,0,0
748,-1962,-224,-1954,-1671,114,0,0
-387,-2669,-424,-3845,-63,-458,0,0
867,-3452,-781,-6880,-304,-1407,0,0
2368,-4203,-540,-6160,-1352,-2255,0,0
3102,-4678,104,-8854,-1561,-2807,0,0
2513,-4604,716,-11108,-2744,-1571,0,0
-942,-4689,1304,-10451,-70,-1785,0,0
-195,-4651,1442,-10149,-476,-2665,0,0
-108,-4169,1288,-4632,39,-2567,0,0
-1139,-3533,941,-2475,-1163,-3707,0,0
-4370,-2157,1303,-2822,-2238,-2638,0,0
-6405,-1223,1491,-1494,-1022,-3188,0,0
-6438,-245,758,-1140,-705,-2818,0,0
-6709,532,45,-101,718,-2456,0,0
-5096,844,-687,797,2778,-2763,0,0
-2453,927,-1347,484,3641,-1549,0,0
527,128,-1994,-5040,6218,-1130,0,0
8112,75,-2102,-16224,6936,-1838,0,0
8745,2898,548,-11624,-4596,-279,0,0
834,4312,3302,-7271,-6376,42,0,0
-2936,3732,3931,-8123,2543,-658,0,0
-123,3884,4009,-8791,3654,-2820,0,0
1849,4142,3057,-7664,-164,-3485,0,0
1675,3789,2570,-8148,1124,-1887,0,0
2682,3645,1927,-7111,2486,-986,0,0
3375,3638,1113,-5544,163,-956,0,0
1548,3266,1016,-3621,44,-742,0,0
1145,2679,847,-2525,-308,-16,0,0
1199,2037,444,-732,-877,-75,0,0
1454,1430,-115,-259,-2101,-685,0,0
593,1116,-677,-201,-1396,-863,0,0
412,985,-1020,-570,-1176,-800,0,0
575,907,-849,-1306,-693,-603,0,0
52,733,-197,-1086,-1171,-451,0,0
-426,416,469,-224,-702,-1543,0,0
-300,113,305,976,-1026,-2304,0,0
450,-161,-46,625,-837,-3627,0,0
416,-155,-79,90,-1195,-4672,0,0
-205,97,82,-279,-1228,-4383,0,0
-884,145,108,259,-1353,-4486,0,0
-656,-102,142,732,-517,-5423,0,0
-250,-128,-53,656,-1006,-5651,0,0
-892,-5,-81,421,-376,-5450,0,0
-1083,-1,-71,180,-106,-4589,0,0
-575,-200,-90,235,206,-4836,0,0
463,-306,-11,200,-376,-5076,0,0
339,-198,-89,-105,16,-5389,0,0
443,22,-99,-4,-162,-5021,0,0
19,86,35,80,36,-5209,0,0
309,12,194,-5,-344,-5259,0,0
281,-25,226,373,-1177,-5526,0,0
108,-15,204,351,-1024,-5682,0,0
71,26,59,135,-1215,-5836,0,0
-167,176,-26,-26,-1195,-5722,0,0
-899,372,-152,241,-1783,-4673,0,0
-1464,341,-346,598,-1523,-3505,0,0
-854,85,-724,271,-1372,-1204,0,0
635,-524,-1006,-287,-1772,83,0,0
386,-1490,-847,-1144,-1179,-2080,0,0
1053,-2733,-584,-3750,-669,-3172,0,0
1798,-3349,-624,-4299,552,-3605,0,0
2122,-3914,-522,-6110,-590,-1842,0,0
116,-4557,197,-7526,-195,182,0,0
-975,-5403,-9,-6947,1659,589,0,0
-982,-5753,-1412,-5665,1899,-134,0,0
-2413,-5444,-2365,-5714,2487,321,0,0
-1089,-5181,-1059,-5102,1142,-2382,0,0
383,-4382,1278,-4330,-1654,-3072,0,0
-1369,-3215,2217,-4621,-1449,-4068,0,0
-5023,-1645,1090,-2857,-808,-3732,0,0
-4943,-834,-935,-1552,996,-4023,0,0
-2996,-530,-2122,-4375,2478,-3784,0,0
1321,-89,-2775,-12758,6491,-5513,0,0
5653,2121,-1580,-12070,-44,-3405,0,0
1635,3838,1375,-9186,-3807,-1695,0,0
-2737,4400,3249,-6492,-1146,-462,0,0
-3104,4197,4111,-7304,3613,-448,0,0
-579,3986,4116,-8174,2041,-377,0,0
516,3485,3375,-8659,566,-962,0,0
686,2873,3101,-7464,2162,-528,0,0
2762,2454,2803,-6224,1728,-807,0,0
3604,2412,2321,-4963,428,-1717,0,0
2930,2431,1869,-3466,-281,-1825,0,0
2210,2239,1447,-2519,-525,-1314,0,0
2169,1949,745,-1805,-994,-763,0,0
1713,1539,15,-604,-971,-1176,0,0
1215,1194,-673,-2368,-1172,-1384,0,0
553,1043,-1137,-379,-815,-1503,0,0
371,963,-1112,-420,-1034,-810,0,0
-257,834,-387,-561,-596,-669,0,0
-352,550,424,-321,-855,-787,0,0
313,122,720,241,-1535,-2501,0,0
618,2,198,203,-1540,-3462,0,0
-159,50,-150,25,-1306,-4247,0,0
-707,116,-337,267,-419,-3938,0,0
-814,56,-119,529,207,-4634,0,0
-68,95,-62,-60,-101,-4641,0,0
-59,211,-170,-512,20,-4619,0,0
190,171,30,213,-1288,-4395,0,0
-645,50,75,249,-260,-4867,0,0
-413,-73,-145,723,-647,-5000,0,0
-592,-248,-57,256,735,-5624,0,0
89,-274,-166,395,-248,-6139,0,0
-226,-162,115,588,-125,-6255,0,0
19,-56,-4,306,-776,-5957,0,0
276,-6,-9,800,-786,-5744,0,0
-47,89,-168,333,-951,-5133,0,0
-620,69,-154,367,-1070,-4264,0,0
-1044,-126,-204,227,-1367,-3013,0,0
-728,-532,-399,-43,-1451,-1773,0,0
-53,-1035,-676,-1059,-1316,-1397,0,0
-581,-1503,-526,-2115,-1308,-758,0,0
-1664,-1911,-533,-3329,-201,-209,0,0
-949,-2365,-1092,-4237,860,-516,0,0
1111,-3627,-1699,-5055,1975,-2744,0,0
2998,-4254,-1620,-7216,381,-3512,0,0
2396,-4596,-530,-8458,179,-2155,0,0
1308,-4933,-145,-10123,-84,-1501,0,0
267,-5521,-415,-11140,614,-2193,0,0
-220,-5478,-406,-8796,510,-3667,0,0
-564,-3778,198,-3672,-2288,-5206,0,0
-5369,-1892,276,-2052,-4082,-1551,0,0
-9126,-1632,-1319,-2769,-306,-1312,0,0
-7868,-930,-2602,-1996,3098,-2242,0,0
-4783,255,-2719,-711,4836,-2478,0,0
-1033,872,-2040,76,4879,-2697,0,0
1052,1062,-1342,-1319,2884,-734,0,0
1729,617,-897,-8178,4549,-1264,0,0
2982,1015,541,-12787,4755,-1681,0,0
2702,1874,4313,-12279,-2075,-3115,0,0
272,2888,7102,-11356,-2041,-3536,0,0
-766,3191,8554,-12575,4326,-1091,0,0
3979,3338,7607,-11795,422,-276,0,0
5261,3987,4598,-8448,-1292,-1605,0,0
2689,3607,2690,-6404,1311,-1392,0,0
2222,2775,1284,-4284,1332,-894,0,0
3323,2302,-35,-3042,726,-1047,0,0
4033,2138,-904,-2583,-103,-594,0,0
2724,2040,-1370,-2262,-1244,154,0,0
60,1992,-1292,-381,-82,870,0,0
990,1386,-668,-231,-179,438,0,0
1484,1004,-19,-199,-956,656,0,0
987,689,388,-141,-1626,513,0,0
-118,297,619,445,-2150,-722,0,0
-1481,-141,668,174,-1981,-1604,0,0
-1526,-567,364,26,-1222,-3762,0,0
-444,-624,-75,-214,-639,-4748,0,0
-247,-490,-192,32,-516,-5390,0,0
-133,-401,-201,-183,76,-5554,0,0
4,-264,-77,-185,-737,-5827,0,0
-342,-81,-63,-23,-769,-5346,0,0
-637,-19,-189,194,-1160,-4421,0,0
-521,-232,-276,-369,-93,-5026,0,0
765,-368,-206,-382,-759,-5312,0,0
646,-236,-107,-447,-805,-6001,0,0
-61,9,22,-71,-596,-5929,0,0
-526,160,-8,32,-476,-5353,0,0
-708,106,70,-327,-525,-5240,0,0
-421,-23,195,-349,-703,-5096,0,0
-65,-70,66,-290,-1507,-4962,0,0
-523,-71,-69,-251,-1607,-3550,0,0
-222,-297,-192,-590,-1432,-2698,0,0
528,-622,-287,-1115,-1791,-2282,0,0
-610,-1023,-278,-1444,-1222,-1192,0,0
-1148,-1698,-175,-2148,-28,-1861,0,0
-671,-2198,-343,-3307,158,-1340,0,0
-101,-3040,-618,-4395,1173,-2950,0,0
1805,-3326,-787,-6161,-213,-3216,0,0
617,-3622,-427,-7025,-750,-1288,0,0
-1044,-4601,-604,-9154,4,-524,0,0
-2174,-5485,-1440,-10477,985,-43,0,0
-1891,-5901,-2623,-9391,2644,-1642,0,0
-472,-5011,-2529,-5096,878,-2042,0,0
-865,-4143,-1197,-4045,-798,-1531,0,0
-1712,-3584,-378,-3785,-395,-3529,0,0
-2333,-2509,-596,-2729,55,-4732,0,0
-3528,-1151,-1230,-1173,166,-4853,0,0
-4500,45,-2030,-554,1449,-4061,0,0
-3967,597,-2518,-3240,2909,-1622,0,0
-919,615,-2017,-9321,1424,-2810,0,0
4212,1801,978,-12162,3533,-2055,0,0
3953,3329,5124,-13236,-5396,-1492,0,0
-1108,4538,6848,-9629,-1748,-1584,0,0
-2274,4202,8385,-12356,5544,-948,0,0
2131,3969,6956,-12289,675,-118,0,0
3372,3735,4327,-9341,-530,-959,0,0
2639,3137,2817,-7326,1222,-1331,0,0
3140,2622,1823,-4852,663,-1236,0,0
3882,2322,911,-3562,103,-1057,0,0
3740,2150,114,-2828,-336,-366,0,0
2789,1919,-680,-2194,-1050,-389,0,0
1004,1623,-1014,-546,-676,-325,0,0
321,1211,-1240,-634,-159,-306,0,0
903,957,-1237,-191,-191,-480,0,0
1156,753,-898,-116,-714,-314,0,0
696,477,-46,-18,-1095,-1105,0,0
-440,351,304,-155,-1056,-1577,0,0
-743,224,521,424,-1208,-3299,0,0
-1166,161,331,348,-1240,-3361,0,0
-1276,89,227,311,-487,-4550,0,0
-935,61,229,327,-726,-4122,0,0
-378,-96,195,233,-288,-4544,0,0
180,-236,25,482,-983,-6728,0,0
266,-393,-3,369,-508,-5552,0,0
279,-424,-4,670,-942,-6035,0,0
116,-352,-16,178,-317,-7053,0,0
305,-162,-17,-154,-850,-7180,0,0
345,88,25,-104,-1279,-6205,0,0
-452,253,46,1053,-1124,-5348,0,0
-982,265,-168,312,308,-4297,0,0
-673,79,-331,-104,272,-3475,0,0
-289,-234,-28,-297,55,-3248,0,0
138,-453,150,-372,-1674,-2418,0,0
-269,-761,60,-787,-1691,-2774,0,0
993,-1080,-293,-1189,-2314,-2555,0,0
1212,-1586,-563,-1683,-2162,-2141,0,0
2260,-2263,-606,-2818,-1168,-2703,0,0
2861,-2919,-334,-3879,-1633,-3062,0,0
2139,-3091,135,-4863,-2909,-2477,0,0
-2767,-3669,-436,-7146,-1304,326,0,0
-5511,-4529,-1182,-8785,2116,1030,0,0
-712,-5654,-1329,-9865,3157,851,0,0
3162,-6682,-820,-8214,1766,838,0,0
3823,-6898,-257,-6573,1318,-825,0,0
2201,-5832,736,-7612,-258,-1344,0,0
-314,-4420,1926,-6641,-2290,-4145,0,0
-3634,-2639,2664,-4498,-4145,-6037,0,0
-7233,-838,2240,-2971,-3044,-6083,0,0
-7777,443,979,-841,674,-6122,0,0
-4280,953,-113,-504,2623,-4082,0,0
1542,340,-2002,-10106,8957,-5565,0,0
9331,2683,-3034,-17200,1424,-1222,0,0
2441,5845,-743,-10683,-6040,-390,0,0
-3415,6299,3472,-9657,-4223,775,0,0
-6220,5370,6006,-11550,6213,929,0,0
-1012,4621,6193,-10892,4058,2286,0,0
3309,4033,3506,-7445,-1043,623,0,0
2259,3356,2461,-6455,-141,123,0,0
760,2426,2229,-5362,1324,-1039,0,0
1186,2020,2007,-4207,880,-981,0,0
2398,1865,1556,-3449,-155,-928,0,0
2164,1795,1034,-2241,-1341,-1594,0,0
494,1579,674,-1260,-993,-1687,0,0
940,1257,33,-759,-197,-1669,0,0
2332,959,-754,741,-1476,-1866,0,0
1120,791,-1365,687,-1283,-1850,0,0
406,780,-1244,-582,-296,-1680,0,0
647,703,-714,-302,-879,-1105,0,0
596,456,25,335,-1114,-1636,0,0
635,226,333,276,-1545,-2010,0,0
590,115,286,433,-1663,-2704,0,0
-316,120,126,477,-2292,-2902,0,0
-3472,69,-34,-24,-626,-3334,0,0
-841,-101,-82,308,-778,-3834,0,0
-378,-266,-240,274,626,-4409,0,0
-430,-349,-195,487,418,-4879,0,0
-273,-429,142,100,958,-5601,0,0
229,-376,369,96,-970,-6096,0,0
38,-2296,264,-51,-196,-6202,0,0
196,-63,-32,277,-928,-5754,0,0
-459,90,102,65,56,-5431,0,0
-23,117,14,155,-324,-4843,0,0
-226,72,34,304,285,-4844,0,0
128,-80,81,315,-106,-5073,0,0
303,-204,309,337,-308,-5375,0,0
219,-181,241,266,-1099,-5793,0,0
-197,-104,232,41,-1032,-5617,0,0
-188,-67,-29,10,-1410,-5314,0,0
255,-96,-339,-123,-1481,-5535,0,0
109,54,-761,-185,-1890,-4758,0,0
-425,257,-972,-606,-1434,-3567,0,0
-808,289,-1032,-562,-1196,-2031,0,0
-899,-15,-2824,-260,299,-1541,0,0
300,-493,-461,-572,486,-1708,0,0
1757,-1100,-33,-879,854,-2359,0,0
2451,-1657,15,-2080,-463,-1868,0,0
540,-2314,571,-2145,-802,-1334,0,0
103,-3506,800,-4472,499,-1057,0,0
1198,-4641,459,-5657,-48,-155,0,0
264,-5541,-17,-7080,204,-463,0,0
-536,-1277,-126,-1618,-1950,-2288,0,0
-1009,-1818,-193,-2441,-1696,-690,0,0
-2223,-2645,-449,-4175,-157,-720,0,0
-1648,-3467,-1300,-5583,1351,-2355,0,0
-119,-4264,-2109,-6955,1599,-3077,0,0
1088,-4446,-2014,-8685,1667,-3087,0,0
1798,-4713,-1345,-10426,1236,-819,0,0
910,-4950,-1203,-10698,781,-990,0,0
-466,-4526,-1104,-7945,924,-1885,0,0
-1010,-3930,-975,-3690,681,-3269,0,0
-2307,-3427,-942,-1887,911,-2361,0,0
-2358,-3074,-699,-2241,1144,-3024,0,0
-1601,-2384,-87,-1846,81,-3309,0,0
-1785,-1618,-37,-1722,284,-3504,0,0
-2229,-636,-101,-797,648,-3379,0,0
-2009,98,-80,-482,875,-2938,0,0
-1525,325,-114,-3283,1218,-1680,0,0
552,45,-262,-11592,40,-3738,0,0
3271,2054,515,-12567,849,-3021,0,0
2022,4153,2502,-9102,-2165,-1236,0,0
279,4573,3659,-10070,-1427,-91,0,0
-1546,4659,3973,-10518,1992,-588,0,0
-3448,4458,4142,-8479,1525,-665,0,0
36,3598,3889,-6602,353,-1489,0,0
1131,2979,3454,-4930,1293,-404,0,0
2665,2509,2495,-3840,1819,86,0,0
3733,2181,1385,-2654,650,-365,0,0
3305,1800,600,-2032,-73,-267,0,0
2196,1232,218,-734,-83,-639,0,0
2212,873,103,-383,173,-969,0,0
2760,763,-306,-1628,-304,-1001,0,0
2510,739,-746,-1639,-1365,-1314,0,0
1024,796,-891,-1579,-1362,-1399,0,0
-181,773,-722,-1496,-1043,-1535,0,0
-357,662,-249,-740,-1134,-2033,0,0
3,477,257,-325,-1720,-2526,0,0
90,267,454,-337,-1700,-3648,0,0
-199,141,375,50,-2066,-4426,0,0
-518,25,158,-145,-1369,-4831,0,0
-569,-43,-55,-171,-1645,-4809,0,0
-916,-218,-161,-136,-400,-5350,0,0
110,-361,-171,-17,-731,-5958,0,0
530,-372,-121,-403,-818,-6615,0,0
403,-226,-153,-365,-1215,-6776,0,0
-121,-50,-152,-495,-1044,-6696,0,0
-290,90,-158,-684,-1519,-5738,0,0
-1187,120,-88,-646,-1966,-3497,0,0
-1043,-254,-70,-888,-1451,-2621,0,0
69,-871,-98,-1502,-1992,-774,0,0
-846,-1886,50,-3366,-833,76,0,0
-664,-3084,83,-5616,202,-699,0,0
-21,-4356,-300,-7203,741,117,0,0
437,-6105,-819,-9920,1897,489,0,0
1464,-6975,-1163,-10826,1354,-669,0,0
459,-6645,-866,-7547,1613,-366,0,0
95,-6164,-512,-6479,470,-2531,0,0
-1758,-5153,261,-6778,-387,-3896,0,0
-4318,-4607,655,-6191,265,-3109,0,0
-4721,-3499,181,-4460,911,-4757,0,0
-4406,-1850,-238,-2232,101,-4358,0,0
-4739,-738,-736,-789,760,-3966,0,0
-3983,-198,-1581,-3035,2497,-3390,0,0
-993,141,-1745,-9208,7398,-5279,0,0
3881,2008,118,-10258,3075,-3064,0,0
4481,3873,2921,7,-3349,-615,0,0
1209,4659,3529,-10284,-2364,-217,0,0
-1953,4714,4311,-12519,3515,-1478,0,0
-1688,4862,4836,-12241,2954,-348,0,0
401,4230,4258,-10584,212,94,0,0
1673,3620,3668,-8584,698,714,0,0
2991,3251,3062,-7088,1634,385,0,0
4012,3219,2311,-5957,440,123,0,0
3269,3131,1482,-4161,-971,109,0,0
1404,2660,1070,-1956,-1156,302,0,0
759,1965,899,-862,-784,204,0,0
983,1360,507,-561,-171,536,0,0
2107,841,-53,-552,-1113,96,0,0
2257,543,-326,-810,-1521,-909,0,0
1343,332,-436,-715,-1838,-1362,0,0
-311,180,-243,-287,-1643,-2033,0,0
-930,-47,44,-33,-1304,-2954,0,0
-604,-282,191,84,-963,-3778,0,0
-33,-488,27,-851,-971,-4418,0,0
254,-627,-130,-619,-892,-6032,0,0
423,-575,-104,-478,-938,-6805,0,0
594,-365,-63,-799,-1296,-6863,0,0
5,-58,-211,-605,-1049,-6608,0,0
-236,116,-151,-519,-803,-6194,0,0
35,152,-90,-693,-917,-5744,0,0
103,181,-74,-887,-1302,-5063,0,0
-666,189,-27,-1011,-1855,-3339,0,0
-1911,-70,110,-1142,-1403,-1602,0,0
-1922,-626,538,-1988,-290,-1758,0,0
134,-1268,1093,-3265,225,-2263,0,0
2954,-1914,1299,-3511,-784,-2583,0,0
2830,-2886,1250,-3839,-1326,-900,0,0
-714,-3970,528,-4556,-1845,191,0,0
-4357,-4925,-1284,-4865,778,187,0,0
-4109,-5210,-3143,-4961,3191,22,0,0
-2386,-5389,-3814,-5476,1826,567,0,0
-1371,-7504,-3348,-6031,886,-65,0,0
-775,-4951,-2125,-5639,721,-1534,0,0
-920,-4112,-1026,-5339,719,-2438,0,0
-2195,-3133,-292,-4581,-46,-2374,0,0
-3453,-2654,-720,-7709,2009,-3647,0,0
-806,-1635,-938,-11536,4775,-6718,0,0
2270,873,1202,-10864,-421,-5412,0,0
628,3193,3292,-7690,-3498,-2337,0,0
-2270,4023,3930,-4234,-1789,-691,0,0
-3602,3670,4516,-3854,1434,-1207,0,0
-2562,3192,4885,-4662,1616,-778,0,0
-835,2456,4114,-6310,1577,-775,0,0
484,1868,2457,-7470,2527,-195,0,0
2115,1330,1037,-7952,3285,-661,0,0
3694,1296,594,-6186,2720,-2621,0,0
4353,1768,1121,-3126,2365,-3422,0,0
4858,2211,1421,-4017,2112,-2797,0,0
4698,2575,837,-3815,890,-2116,0,0
2643,2531,366,-2431,-153,-1870,0,0
252,2175,497,-1192,-38,-1560,0,0
-593,1762,478,-2560,519,-577,0,0
419,1248,518,-60,-247,-703,0,0
1126,927,421,111,-1261,-751,0,0
824,622,293,-378,-1250,-902,0,0
597,393,428,-805,-1024,-1415,0,0
771,210,566,-871,-1610,-1626,0,0
70,-30,673,-681,-1475,-2481,0,0
17,-221,526,-935,-1029,-3680,0,0
127,-182,297,-820,-1174,-4015,0,0
16,-94,126,-346,-1235,-3738,0,0
-2120,-102,23,-123,-934,-4284,0,0
122,-26,-140,-558,-998,-4337,0,0
-221,38,-127,-547,-754,-4831,0,0
-250,73,-104,-434,-763,-4618,0,0
-394,-40,-76,-439,-733,-4965,0,0
32,-188,98,-214,-739,-5540,0,0
402,-177,163,-317,-1280,-5665,0,0
158,-74,96,-387,-1483,-5910,0,0
-176,-45,-2056,-436,-1400,-5806,0,0
24,-103,-84,-574,-1477,-5943,0,0
146,-69,-206,-618,-1767,-5429,0,0
-238,-75,-320,-658,-1553,-5054,0,0
-204,-139,-427,-702,-1695,-4263,0,0
-188,-321,-577,-788,-1485,-3669,0,0
-55,-581,-857,-1358,-1557,-2374,0,0
-213,-1092,-925,-1892,-818,-3029,0,0
1331,-1602,-719,-2638,-549,-2756,0,0
455,-2205,-214,-3414,-949,135,0,0
-2179,-3044,214,-4617,-401,501,0,0
-2604,-3693,63,-4096,1299,50,0,0
-997,-4058,-573,-2995,1597,233,0,0
5,-4085,-899,-2634,471,579,0,0
-660,-4089,-895,-2826,325,394,0,0
-1263,-4084,-950,-3197,649,-247,0,0
-1426,-4078,-1198,-4486,1136,-640,0,0
-1226,-4052,-1532,-6474,1333,-1508,0,0
-1105,-3701,-1381,-10553,1534,-2674,0,0
-666,-2672,-511,-14863,391,-4777,0,0
-1916,-388,1146,-10066,-2003,-5397,0,0
-4870,1739,2204,-749,-3634,-3190,0,0
-6118,1508,1972,-1041,1004,-1688,0,0
-1749,1162,1618,-2333,3230,-654,0,0
3289,883,825,-4816,1630,-1590,0,0
4071,1215,-6,-8141,1663,-3365,0,0
2971,2192,310,-7246,1394,-2794,0,0
1715,2824,1743,-7268,1607,-2725,0,0
1223,3321,2584,-7573,2337,-1851,0,0
1870,3602,2171,-6964,1512,-1668,0,0
1355,3625,1576,-6261,1252,-1548,0,0
639,3367,1467,-5335,1531,-1005,0,0
1415,3045,1461,-4506,1281,-808,0,0
2467,2809,1302,-3823,325,-955,0,0
2045,2565,900,-2242,-719,-1028,0,0
1045,2004,693,-625,-582,-1677,0,0
507,1549,493,-357,-734,-1380,0,0
659,1202,194,-763,-731,-1250,0,0
526,1011,-88,-535,-1263,-1066,0,0
112,787,-254,-201,-858,-1165,0,0
158,456,-170,224,-912,-2009,0,0
399,184,108,-119,-1029,-2209,0,0
268,-24,336,-527,-1448,-2637,0,0
-122,-229,351,-565,-1184,-3285,0,0
113,-403,170,-282,-1161,-4108,0,0
172,-425,-20,-120,-1069,-4620,0,0
-234,-332,-121,-79,-672,-5282,0,0
-592,-173,-242,-313,-557,-5287,0,0
-486,-84,-189,-552,-403,-5480,0,0
-271,36,1,-593,-530,-5342,0,0
-498,21,252,-357,-600,-5517,0,0
-194,-44,210,-287,-885,-5743,0,0
-332,-63,-68,-228,-1238,-4685,0,0
-1621,-203,-511,-301,-1516,-2519,0,0
-2380,-559,-769,-463,-1752,-2516,0,0
-1896,-924,-784,-484,-760,-1744,0,0
-667,-1324,-945,-1313,-618,-742,0,0
7,-1867,-1084,-2452,447,-1461,0,0
794,-2199,-1013,-2680,693,-2536,0,0
1454,-2289,-662,-3465,1022,-3166,0,0
2249,-2495,-2288,-4716,1163,-4285,0,0
3980,-2767,-117,-6532,129,-5001,0,0
3509,-2748,520,-6905,-1191,-2645,0,0
-735,-3240,807,-9087,-867,-993,0,0
-2995,-3900,370,-9017,1508,-749,0,0
-89,-4302,-329,-7336,345,-2317,0,0
301,-3898,-78,-3249,-117,-1068,0,0
-570,-3752,402,-2255,25,-1375,0,0
-1250,-3376,721,-3070,-436,-1478,0,0
-1783,-2899,891,-2768,-396,-1988,0,0
-2063,-2301,770,-2393,-558,-3064,0,0
-3065,-1247,421,-1785,-766,-2909,0,0
-3784,-389,-10,-1450,-212,-2381,0,0
-2502,-272,-582,-4819,1811,-3286,0,0
1019,322,-1191,-10499,2435,-3957,0,0
2731,2139,-870,-11059,-42,-2774,0,0
1262,3766,244,-9248,-1587,-2028,0,0
-1089,4840,1538,-6463,-1630,362,0,0
-2541,4601,2346,-6408,502,-61,0,0
-2442,4295,2883,-7373,1784,-361,0,0
-1485,3833,2613,-7908,1465,-101,0,0
-1124,3166,2086,-6369,847,-222,0,0
-959,2320,2092,-5444,1475,-967,0,0
241,1782,2184,-4441,2201,-1305,0,0
2323,1609,2111,-3599,1796,-1419,0,0
3321,1606,1962,-3325,928,-1988,0,0
2196,1706,1882,-2546,402,-2208,0,0
1109,1556,1749,-1544,120,-2359,0,0
1267,1346,1077,-384,-45,-2568,0,0
1839,1055,40,-82,305,-2554,0,0
2622,731,-598,-11,-357,-2754,0,0
2555,517,-854,-180,-816,-2582,0,0
1672,369,-826,-449,-650,-2375,0,0
921,365,-556,-403,-1024,-1924,0,0
5,329,-113,-416,-901,-1732,0,0
-190,127,329,-169,-1041,-1910,0,0
212,-180,510,-64,-1358,-2412,0,0
570,-421,341,-234,-1216,-3207,0,0
708,-427,35,-801,-1408,-3088,0,0
187,-362,-22,-798,-1370,-3111,0,0
-55,-345,36,-635,-810,-3252,0,0
668,-423,73,-439,-1126,-3396,0,0
844,-485,205,-396,-1904,-3790,0,0
161,-506,149,-630,-1637,-4568,0,0
196,-439,-9,-553,-1979,-5368,0,0
-521,-239,-65,-1117,-1719,-5128,0,0
-993,-167,-1,-1097,-1166,-5519,0,0
-442,-158,79,-1451,-1070,-5459,0,0
-16,-121,212,-1438,-1497,-5495,0,0
140,-104,266,-1337,-1857,-5837,0,0
494,-42,50,-1628,-2367,-6047,0,0
-75,149,-180,-1613,-2612,-5072,0,0
-983,184,-326,-1869,-2461,-3986,0,0
-1430,18,-312,-1922,-2157,-2675,0,0
-867,-593,-278,-2115,-1550,-1790,0,0
-76,-1533,-99,-3203,-1106,-1348,0,0
-854,-2479,229,-4233,-577,247,0,0
-2111,-3672,91,-5661,630,909,0,0
-1444,-4647,-1159,-6190,1193,313,0,0
-1253,-5286,-2607,-5179,1874,-146,0,0
-373,-5549,-3013,-5234,1673,-908,0,0
685,-5234,-2189,-4951,951,-772,0,0
1532,-4636,-649,-4458,281,-830,0,0
1138,-4040,918,-5245,-696,-1628,0,0
-1813,-2939,1490,-4724,-2184,-2786,0,0
-6212,-1709,615,-3488,-914,-2169,0,0
-7178,-1496,-1109,-7819,2781,-2503,0,0
-2460,-738,-2118,-10502,6479,-5023,0,0
3771,1085,-667,-7773,2323,-4324,0,0
5864,2688,1883,-8386,-2606,-1353,0,0
2676,4058,2237,-5885,-2661,180,0,0
-1406,4485,2056,-4385,-671,-241,0,0
-4528,4476,2973,-4273,831,-548,0,0
-4010,3689,4070,-6423,3409,529,0,0
2877,2283,2625,-10751,3884,96,0,0
5480,2025,346,-6248,814,-2878,0,0
4352,2217,1005,-4010,-473,-3366,0,0
2587,2734,1460,-4742,765,-1630,0,0
1170,2776,804,-4069,60,-1834,0,0
-1025,2446,819,-2946,-279,-1771,0,0
-2145,1875,1134,-1864,280,-824,0,0
-1182,1247,1002,-687,793,-615,0,0
715,662,806,-649,918,-1206,0,0
2198,245,505,-1391,-567,-2406,0,0
2295,63,372,-1242,-1166,-3440,0,0
1417,187,188,-1167,-1468,-3323,0,0
324,442,-202,-1122,-1873,-2432,0,0
-1248,572,-591,-1563,-1287,-1286,0,0
-3168,312,-702,-1654,383,-1880,0,0
1261,-27,-454,-1674,454,-3395,0,0
3298,8,-62,-1619,-537,-4609,0,0
2716,349,41,-1278,-1822,-4620,0,0
636,649,-184,-608,-1831,-4665,0,0
-835,799,-396,-507,-999,-4405,0,0
-962,717,-285,7,-74,-3933,0,0
429,304,-284,-181,706,-3444,0,0
2475,-138,33,-340,-1723,-3619,0,0
825,-136,619,-476,-2266,-4560,0,0
-990,14,513,-553,-2178,-4950,0,0
-393,-89,354,-575,-2283,-5642,0,0
-118,-96,101,-791,-2455,-5633,0,0
-468,-84,-135,-886,-1743,-5323,0,0
-93,-122,-261,-972,-1788,-5492,0,0
-267,-97,-213,-891,-1601,-4471,0,0
-494,-228,-356,-724,-769,-3526,0,0
-250,-619,-475,-762,690,-2225,0,0
370,-1090,-326,-1042,88,-2247,0,0
74,-1292,344,-1262,-628,-1550,0,0
-785,-1369,949,-1307,-1534,-1237,0,0
-2331,-1411,996,-1391,-1326,-1056,0,0
-2486,-1476,299,-1737,-1391,-1109,0,0
-972,-1849,-634,-2810,-279,-1371,0,0
987,-2605,-969,-5115,-86,-1420,0,0
1884,-3647,-624,-8442,-107,-1042,0,0
245,-4528,-50,-11128,-190,725,0,0
-2312,-5642,-255,-13753,1584,117,0,0
-2693,-5553,-1293,-9534,1611,-1645,0,0
-2119,-4935,-1324,-4260,991,-1963,0,0
70,-4567,-140,-4436,577,-3007,0,0
1438,-3674,933,-4584,-558,-3482,0,0
-14,-2640,772,-4041,-1534,-3858,0,0
-3136,-1379,-196,-2593,-1650,-4687,0,0
-5147,77,-1295,-1511,-798,-4275,0,0
-5288,790,-1929,-2294,1003,-3317,0,0
-2178,677,-2505,-12185,5070,-3629,0,0
2271,2588,-737,-12434,2272,-1726,0,0
2161,4534,2878,-8508,-5022,-84,0,0
-450,4874,4173,-5939,-4018,-108,0,0
-3420,4528,4775,-6298,2886,-498,0,0
-2413,4091,4659,-7487,1431,418,0,0
720,3696,3354,-8233,-786,676,0,0
1212,3446,2591,-7456,-540,920,0,0
-184,2710,2365,-5211,-478,591,0,0
-1427,1446,2191,-3456,376,-446,0,0
-1213,187,1760,-1970,498,-1007,0,0
882,-588,1208,-1510,999,-1731,0,0
3156,-632,768,-2039,911,-2277,0,0
3485,-319,573,-1988,334,-2889,0,0
2321,-134,503,-2124,83,-3481,0,0
1072,-47,501,-2151,428,-4017,0,0
1140,-14,299,-2114,583,-4507,0,0
1792,82,62,-1470,181,-4788,0,0
1906,226,-144,-1558,-78,-4663,0,0
1547,484,-480,-2167,-19,-4513,0,0
1195,885,-645,-2341,-363,-3777,0,0
275,1169,-533,-2489,-309,-2963,0,0
-401,1287,-198,-1410,-128,-2682,0,0
125,1250,73,-973,-86,-2485,0,0
1226,1090,78,-240,-803,-2628,0,0
1649,927,-75,-723,-1759,-2063,0,0
466,759,-255,-437,-2209,-2405,0,0
-2207,627,-280,-191,-2708,-2542,0,0
-5641,646,222,-384,-566,-2184,0,0
-4570,446,368,-157,1596,-3370,0,0
-202,264,-411,194,2974,-4065,0,0
3522,145,-843,475,2344,-4838,0,0
3867,-39,-430,249,1319,-3803,0,0
3277,-233,-142,-75,-406,-3943,0,0
1794,-241,90,-512,-1730,-4789,0,0
-571,-147,417,-546,-1121,-5151,0,0
15,-182,554,-550,-1379,-5877,0,0
884,-95,367,-688,-2456,-6574,0,0
950,129,125,-943,-2464,-7384,0,0
1189,476,-174,-791,-3564,-6884,0,0
90,786,-443,-659,-3495,-5136,0,0
-1000,795,-716,-386,-2499,-3143,0,0
-1166,438,-670,-102,-1458,-2592,0,0
166,-9,-227,-454,-618,-1092,0,0
2270,-603,502,-1357,-1185,-378,0,0
2062,-1248,1308,-2837,-1223,-86,0,0
161,-2095,1762,-4404,-153,198,0,0
-1797,-3500,1090,-4024,959,0,0,0
-2624,-5288,-283,-3907,1999,63,0,0
-1020,-6712,-1189,-4979,2276,-59,0,0
967,-7388,-904,-6583,827,107,0,0
268,-7111,-153,-7151,-115,-400,0,0
-1849,-6088,309,-6642,57,-1488,0,0
-3057,-4783,486,-5921,264,-2175,0,0
-3815,-3514,793,-5805,-1143,-2266,0,0
-5516,-2711,773,-9346,-230,-3240,0,0
-4870,-1485,137,-10601,2907,-5613,0,0
-1097,113,449,-9300,2003,-6222,0,0
1853,1850,1500,-6002,-1270,-3774,0,0
898,3035,1846,-4267,-1721,-1096,0,0
-597,3300,1865,-4135,-326,-582,0,0
-1434,3336,2111,-4684,613,-1320,0,0
-2650,3478,2569,-6567,560,-1231,0,0
-4438,3090,2778,-7906,1582,641,0,0
-3731,1552,2426,-8931,3871,-225,0,0
1017,872,1851,-6346,1905,-2471,0,0
4524,1254,2409,-5063,1407,-2029,0,0
5689,2016,2914,-5106,909,-1358,0,0
4405,2564,2645,-4503,-358,-1739,0,0
2138,2539,2310,-3455,97,-1796,0,0
1589,1954,2031,-2269,292,-2163,0,0
2601,1613,1684,-760,-470,-2440,0,0
2873,1614,952,-226,-876,-1701,0,0
1259,1356,74,-695,-572,-665,0,0
-377,1074,-486,-1260,-978,-532,0,0
-1208,867,-650,-1443,-1120,-412,0,0
-1515,619,-809,-1298,-520,-1355,0,0
-494,391,-803,-211,328,-1906,0,0
652,28,-139,467,-815,-2644,0,0
967,-179,331,-18,-576,-4029,0,0
466,-274,471,-54,-341,-4524,0,0
-547,-339,317,-268,-805,-4466,0,0
-2654,-451,53,-298,-96,-4519,0,0
-2916,-665,-88,-641,2657,-5215,0,0
268,-755,-216,-604,1871,-6669,0,0
1244,-475,-53,-741,1329,-7134,0,0
529,-29,-52,-893,991,-7109,0,0
66,364,-68,-808,1000,-6503,0,0
-53,560,-18,-802,823,-5874,0,0
41,613,80,-725,365,-5377,0,0
50,593,16,-682,272,-4924,0,0
57,499,-173,-757,-708,-4032,0,0
-1470,146,-422,-556,-990,-1488,0,0
-2187,-933,-546,-792,-783,-732,0,0
-1974,-2308,-440,-2320,-1074,879,0,0
-1833,-3488,-738,-4605,-211,856,0,0
-268,-3694,-1542,-4171,331,248,0,0
778,-3366,-1928,-2322,162,770,0,0
179,-3371,-2080,-2629,8,951,0,0
-950,-3454,-2399,-3517,309,511,0,0
-1515,-3421,-2821,-4610,823,-451,0,0
-1480,-3185,-3010,-5301,998,-943,0,0
-1317,-2848,-2850,-4282,959,-1003,0,0
-755,-2717,-2492,-7606,402,-830,0,0
-811,-2750,-2402,-12629,1193,-1833,0,0
-878,-2203,-2439,-14266,2834,-3610,0,0
-362,-643,-1575,-7583,1826,-4884,0,0
1069,865,1056,-2877,-971,-3662,0,0
-725,1736,2470,-3162,-1904,-1485,0,0
-3444,2115,2675,-1864,35,-4,0,0
-2595,1627,2909,-1585,953,132,0,0
-1511,1068,2731,-3373,1656,-768,0,0
211,989,1560,-6614,2994,-2439,0,0
1635,1326,366,-6957,2138,-2562,0,0
1742,1289,905,-6785,496,-1593,0,0
2594,1689,1871,-6334,2042,-2104,0,0
2889,2254,1842,-6001,2499,-2633,0,0
2160,2629,1427,-6405,1645,-2643,0,0
1091,2807,1458,-5819,2035,-2159,0,0
1390,2783,1718,-4974,1426,-1561,0,0
1893,2598,1871,-3821,771,-1413,0,0
2079,2365,1794,-2766,436,-1729,0,0
1832,2148,1452,-1897,-398,-1749,0,0
1058,1765,1080,-840,-679,-1873,0,0
783,1381,663,-303,-816,-2013,0,0
676,1138,330,-471,-908,-1715,0,0
460,1022,254,-733,-763,-1185,0,0
988,892,468,-772,-1066,-1115,0,0
1511,536,677,209,-1880,-1432,0,0
1238,153,327,78,-1550,-2485,0,0
842,-29,-418,-217,-951,-3059,0,0
355,-135,-785,6,-1230,-2823,0,0
-404,-285,-532,34,-607,-3473,0,0
-300,-435,-100,30,-612,-4494,0,0
393,-563,256,-635,-971,-4974,0,0
636,-539,283,-707,-1461,-5427,0,0
92,-366,154,-493,-1511,-5378,0,0
-117,-323,47,-600,-1271,-5268,0,0
110,-198,192,-819,-1211,-6027,0,0
-155,63,321,-878,-1386,-5979,0,0
-164,225,196,-779,-1436,-5417,0,0
-82,341,-85,-712,-1501,-4885,0,0
-379,468,-127,-611,-1352,-4397,0,0
-735,583,-53,-413,-1408,-2945,0,0
-1582,541,38,183,-1086,-1842,0,0
-1747,302,104,679,-309,-1573,0,0
-559,-98,-32,775,304,-1816,0,0
751,-454,-341,496,275,-2916,0,0
1284,-464,-641,-149,321,-4218,0,0
-155,-199,-450,-767,-444,-4714,0,0
-100,-95,363,-820,-283,-6093,0,0
922,144,685,-1186,-2595,-7137,0,0
230,421,365,-1028,-3078,-6903,0,0
-525,329,179,-779,-2458,-4460,0,0
-1969,-283,389,-1274,-1173,-869,0,0
-2523,-1559,916,-2564,409,185,0,0
-638,-2559,1263,-4078,819,30,0,0
-824,-3485,762,-4837,685,1008,0,0
-743,-4537,-214,-4513,536,940,0,0
-72,-5233,-1069,-4206,0,1543,0,0
-1354,-5781,-2089,-5142,501,1070,0,0
-3161,-6168,-3507,-7067,830,1301,0,0
-4621,-6906,-4944,-11304,737,140,0,0
-5791,-5898,-5434,-9891,1930,-1762,0,0
-3904,-3900,-6504,-1983,2228,-1207,0,0
-1026,-3191,-2243,-10382,574,-1355,0,0
-768,-2193,-428,-9924,1767,-3981,0,0
-1216,-667,931,-6857,2360,-6429,0,0
-2184,1318,2101,-3837,845,-4610,0,0
1414,2531,3064,-6070,-1121,-1437,0,0
2227,3253,3423,-6668,-1169,357,0,0
2226,3684,3017,-8051,-686,-1220,0,0
-216,4142,3026,-9582,775,-1943,0,0
-1585,3964,3399,-9135,1764,-528,0,0
409,3144,3023,-8729,1855,636,0,0
3320,2812,2202,-7492,1041,875,0,0
3829,2790,1861,-5448,50,398,0,0
2547,2584,1691,-4399,-597,-686,0,0
1800,2243,1652,-3395,-233,-1610,0,0
2544,1908,1319,-2270,-628,-2151,0,0
3739,1623,714,-1789,-886,-3253,0,0
3407,1711,9,-1899,-1336,-2358,0,0
1176,1863,-369,-1953,-1094,-1541,0,0
-529,2023,-407,-1910,-832,-906,0,0
-304,1969,-83,-1602,-348,-313,0,0
748,1623,120,-307,-694,-35,0,0
362,1027,267,172,-1829,-574,0,0
-1106,449,360,29,-1427,-2564,0,0
-1127,89,-2088,-1102,-1092,-4010,0,0
-1063,-12,-171,-168,-1328,-4640,0,0
-724,-161,-72,-107,-776,-7136,0,0
112,-328,-28,-85,-1100,-5703,0,0
694,-346,11,-291,-1398,-5968,0,0
198,-196,-53,-270,-1580,-6087,0,0
8,1,-101,-395,-1296,-5715,0,0
-169,176,-170,-366,-1293,-4762,0,0
-386,177,-144,-213,-950,-4494,0,0
-311,52,-140,-369,-1308,-3867,0,0
-490,-2112,-251,-381,-1259,-3774,0,0
-753,-147,-455,-457,-1338,-3528,0,0
-895,-438,-535,-398,-1073,-3414,0,0
463,-904,-430,-1018,-875,-3167,0,0
2009,-1439,-332,-1462,-1318,-3248,0,0
2755,-2127,-387,-2642,-531,-2749,0,0
1946,-2823,-330,-3980,-1896,-1265,0,0
-1209,-3321,517,-5307,-587,-569,0,0
-1861,-3990,1179,-5012,1176,-341,0,0
452,-4387,1166,-3698,589,-1039,0,0
-376,-4059,1053,-3366,-240,-379,0,0
-2210,-3842,786,-3554,18,-76,0,0
-3074,-3873,252,-3721,134,-594,0,0
-2707,-3750,-265,-3648,580,-1377,0,0
-1823,-3262,-492,-3495,513,-1985,0,0
-1830,-2504,-565,-4416,-71,-1411,0,0
-2498,-2514,-1279,-10911,411,-1450,0,0
-2172,-1855,-1764,-13701,1702,-3819,0,0
-1442,226,-682,-7995,251,-5057,0,0
-798,1738,1438,-3740,-2286,-2530,0,0
-2105,2212,1882,-2482,-1514,-480,0,0
-2121,2081,1211,-1752,688,-92,0,0
193,1714,597,-2704,1398,-1307,0,0
1442,1533,131,-5813,1253,-2484,0,0
2288,1721,-266,-8556,1141,-3121,0,0
3024,2468,-108,-7455,1437,-2253,0,0
3188,3204,612,-7166,209,-2103,0,0
1507,3881,1166,-7196,-463,-2213,0,0
-401,4118,1638,-6805,275,-1549,0,0
-946,3845,2044,-5590,623,-888,0,0
-17,3276,2060,-4345,263,-882,0,0
1422,2735,1584,-3658,-302,-1258,0,0
1585,2414,950,-2772,-986,-1432,0,0
181,2083,616,-2187,-1286,-1247,0,0
-1868,1702,681,-1567,-971,-175,0,0
-2322,933,1070,-775,-17,4,0,0
542,57,1262,-353,-1068,-1881,0,0
1833,-369,975,-403,-819,-4228,0,0
2234,-222,273,-251,-1149,-5747,0,0
1756,354,-411,-361,-1636,-5776,0,0
507,1045,-762,-505,-900,-5126,0,0
-509,1539,-1104,-559,-691,-3417,0,0
-915,1494,-1262,-357,-146,-2047,0,0
-972,949,-818,33,337,-1190,0,0
-1102,101,323,311,33,-1245,0,0
-1084,-547,960,462,-677,-2591,0,0
-248,-875,627,468,-239,-5278,0,0
897,-675,173,-188,-671,-6391,0,0
831,-199,-94,-432,-875,-6506,0,0
56,166,-193,-336,-365,-5775,0,0
-315,232,-209,-112,62,-5251,0,0
-163,140,-21,170,92,-5010,0,0
-19,50,1,-65,-107,-7088,0,0
146,-3,39,-150,-238,-5506,0,0
77,39,-4,-100,-811,-5040,0,0
-485,92,77,70,-1530,-4023,0,0
-1213,-133,165,-214,-1168,-2166,0,0
-901,-899,-19,-716,-420,-1989,0,0
-183,-1821,-460,-2359,-371,-339,0,0
-844,-3143,-404,-4385,354,1208,0,0
556,-4612,-438,-6824,527,1528,0,0
1609,-5349,-576,-5950,628,756,0,0
1245,-5338,-443,-4674,-64,-4,0,0
-599,-5313,-585,-5221,-321,303,0,0
-1738,-5519,-1309,-6201,811,-283,0,0
-1791,-5512,-1966,-7056,1504,-2032,0,0
-2003,-4832,-1739,-6432,922,-3513,0,0
-2715,-3520,-912,-4040,-664,-3315,0,0
-3919,-2510,-508,-5381,-684,-2365,0,0
-3765,-1894,-990,-11018,2971,-4449,0,0
-237,67,-750,-9908,2779,-4595,0,0
2129,1685,795,-9428,-226,-3752,0,0
622,3362,2127,-6415,-1516,-1364,0,0
-1220,3683,3065,-5562,-939,-817,0,0
-2561,3718,3735,-5128,828,-781,0,0
-2044,3257,4115,-5572,2138,-39,0,0
2817,2452,3387,-7307,3325,1194,0,0
9331,1647,1065,-8305,566,-1791,0,0
9394,2160,-290,-6748,-1952,-4427,0,0
4759,2934,-460,-6352,-1648,-2160,0,0
714,3424,-1085,-5445,-1287,-1855,0,0
-1432,3516,-1148,-4746,-1103,-2343,0,0
-2826,3433,-494,-2984,-280,-1182,0,0
-1942,2758,-220,-1104,715,-388,0,0
360,1922,-447,400,1710,-966,0,0
3088,1352,-1302,-991,-460,-743,0,0
1483,1022,-1650,-1638,-690,-462,0,0
-790,914,-1021,-583,-412,-465,0,0
-1662,682,692,-245,-1252,-805,0,0
-989,218,1558,-168,-1630,-1996,0,0
896,-62,1323,-250,-2408,-3569,0,0
1959,-153,767,-213,-2593,-4255,0,0
1370,-91,664,-179,-3326,-4312,0,0
-121,114,198,206,-3126,-4012,0,0
-1710,84,-375,146,-1712,-4337,0,0
-2246,-89,-721,229,-973,-5093,0,0
-1680,-95,-1086,124,-581,-6305,0,0
-1374,116,-800,164,-686,-5389,0,0
-875,129,-125,17,-350,-4705,0,0
-3,81,83,-95,-452,-4882,0,0
42,101,-10,72,-563,-4606,0,0
190,58,4,58,-394,-4712,0,0
-5,176,115,-343,-1133,-4306,0,0
-937,310,-51,0,-781,-3824,0,0
-587,355,-247,-39,-519,-2979,0,0
-674,357,-248,170,-326,-1692,0,0
-1052,142,59,-39,863,-1757,0,0
-44,-212,65,980,2033,-4361,0,0
2888,-293,8,761,1241,-7418,0,0
2376,123,-32,600,-2405,-6837,0,0
-315,182,-257,874,-3150,-4751,0,0
-1841,-389,-615,731,-2531,-1010,0,0
-1369,-2008,-538,-1638,415,848,0,0
2509,-3831,152,-5546,550,441,0,0
3702,-4436,1418,-6762,-1347,1176,0,0
1407,-4226,2419,-5445,-1166,1025,0,0
-1230,-4301,1720,-4413,687,582,0,0
-2265,-5093,-1,-5076,1284,311,0,0
-2569,-6086,-1416,-6880,1225,211,0,0
-2855,-6654,-2149,-8741,1136,-42,0,0
-1756,-6351,-1930,-7605,858,-1198,0,0
-1363,-5300,-1250,-6049,-1666,-2941,0,0
-5082,-3487,-1247,-5761,-2426,-2263,0,0
-6830,-2728,-2083,-11134,1339,-4476,0,0
-4469,-802,-1662,-10994,6786,-6135,0,0
1539,1406,1062,-7804,3382,-3795,0,0
4729,2920,3394,-6754,-2120,-1033,0,0
2795,3675,3511,-6774,-2120,86,0,0
105,4258,3123,-6444,-74,-949,0,0
-1659,4572,3663,-6598,1418,-1006,0,0
11,4004,3468,-8330,1614,-16,0,0
1614,2992,1999,-9677,2052,19,0,0
2604,2509,787,-8277,1054,-1197,0,0
2351,2676,583,-6163,-510,-1553,0,0
1938,2688,912,-5566,82,-2200,0,0
1977,2890,1148,-4508,-1149,-1819,0,0
1233,2854,1171,-3121,-1589,-1887,0,0
510,2586,869,-1735,-705,-2116,0,0
1344,2124,180,-1289,-1212,-1623,0,0
1328,1606,-471,-649,-335,-1400,0,0
2244,1297,-732,-419,-705,-896,0,0
2608,1027,-329,-52,-1056,-1450,0,0
2772,834,65,-752,-1843,-1431,0,0
2758,594,-283,-1152,-2509,-2223,0,0
642,534,-620,-332,-2012,-1293,0,0
-1680,346,-287,266,-2112,-1589,0,0
-3847,150,223,210,-1791,-2430,0,0
-2674,-36,304,104,-60,-3897,0,0
309,-59,-124,-86,-972,-4056,0,0
340,83,-223,-5,-1014,-4149,0,0
-426,195,107,-156,-948,-4156,0,0
-390,77,418,41,-1135,-4130,0,0
215,-150,470,149,-1478,-4902,0,0
362,-222,251,285,-1749,-5111,0,0
628,-141,93,-26,-1928,-5325,0,0
352,42,50,16,-2179,-4846,0,0
-186,146,151,-164,-1715,-4658,0,0
-283,100,196,-38,-1723,-4445,0,0
-97,-36,206,-127,-1670,-4761,0,0
209,-80,166,-304,-2187,-5462,0,0
79,90,145,-355,-2521,-5140,0,0
-72,231,-42,-492,-2926,-4779,0,0
-324,293,-234,-383,-3163,-3987,0,0
-1017,334,-316,-234,-3505,-2945,0,0
-1979,373,-221,-73,-2796,-1964,0,0
-2471,310,300,-792,-2037,-1083,0,0
-2701,243,523,-1589,-1449,-588,0,0
-2006,205,121,-1704,-348,-128,0,0
-1337,-2168,-899,-1084,620,859,0,0
438,-1520,-2190,-1283,1733,60,0,0
1986,-3462,-2912,-2251,3180,-2550,0,0
4154,-5389,-1739,-6218,2687,-4062,0,0
4635,-6180,256,-10727,211,-3115,0,0
2354,-6402,1644,-13305,-1173,-2547,0,0
-1316,-6148,1533,-10776,-126,-2283,0,0
-3352,-5700,558,-6949,1530,-1925,0,0
-2146,-5205,316,-4774,637,-3188,0,0
-2311,-4269,624,-3867,-1360,-4353,0,0
-4272,-3020,618,-3158,-588,-3605,0,0
-4002,-2153,60,-3692,156,-5209,0,0
-3493,-799,-155,-1903,-145,-6473,0,0
-3167,416,75,-547,655,-5006,0,0
-1905,381,-349,-3675,2738,-2983,0,0
3932,270,-1516,-14811,7713,-5068,0,0
8368,3772,-1908,-16248,-1392,-3528,0,0
-1119,6715,192,-9584,-5747,142,0,0
-8072,6466,4183,-8199,-1980,827,0,0
-7578,4723,7204,-9825,6745,1781,0,0
1537,3302,6490,-10700,3244,1555,0,0
6064,3048,3375,-6359,-951,480,0,0
4802,1922,1928,-3943,203,-626,0,0
3858,1264,1187,-4597,370,-1778,0,0
3515,1503,512,-3507,237,-1469,0,0
2698,1730,219,-1599,-1608,-480,0,0
805,1535,289,-578,-1881,-580,0,0
-159,1348,465,-129,-1103,-1665,0,0
676,1251,540,-533,-778,-2266,0,0
1006,1278,338,-1220,-1952,-2377,0,0
-185,1244,-96,-1705,-1725,-2269,0,0
-1578,1060,-313,-316,-945,-1714,0,0
-1613,595,-86,564,-520,-2169,0,0
-1272,129,-15,743,-118,-3168,0,0
-1792,-33,-271,143,244,-4295,0,0
-2353,113,-40,687,707,-3923,0,0
-798,-115,284,1331,677,-4250,0,0
1323,-333,260,484,-80,-4561,0,0
1147,-318,11,84,-724,-5001,0,0
472,-287,-69,279,-29,-4566,0,0
740,-424,118,-155,37,-4318,0,0
11,-436,288,208,1209,-5404,0,0
-283,-374,407,197,1056,-6025,0,0
267,-222,340,-501,1,-6014,0,0
528,22,216,-590,-1168,-5727,0,0
457,281,39,-360,-1858,-4796,0,0
-40,325,-130,-108,-1935,-2944,0,0
-1151,-158,-145,-453,-1196,-536,0,0
-2625,-1218,337,-1460,-545,-91,0,0
-3397,-2363,468,-2760,812,-688,0,0
-1766,-3107,-369,-4735,676,-1281,0,0
-2678,-3837,-1572,-5770,491,1867,0,0
-460,-5171,-4982,-8899,1562,125,0,0
1783,-5131,-4860,-7289,1248,-360,0,0
2844,-5287,-3385,-7087,894,-920,0,0
2739,-5172,-1857,-5914,1528,-3729,0,0
1874,-4053,-464,-3588,-215,-5343,0,0
-2723,-2443,337,-2788,-2818,-3274,0,0
-7212,-1629,-511,-4136,-925,-2154,0,0
-6611,-1270,-1143,-9967,6009,-3419,0,0
-860,568,112,-11099,6897,-3392,0,0
3498,2115,1872,-12422,-1366,-3338,0,0
-275,3979,3101,-7608,-2959,-1661,0,0
-3058,4201,4409,-4963,-395,-2856,0,0
-2739,3397,5272,-5839,2096,-293,0,0
702,2549,4518,-5691,2206,-420,0,0
3881,2071,2481,-6765,2043,-1745,0,0
4213,2099,870,-7676,2201,-1995,0,0
3631,2334,324,-6755,2006,-1682,0,0
2813,2787,790,-4878,1031,-1395,0,0
1611,2945,1393,-3666,226,-1097,0,0
302,2680,1761,-2202,75,-656,0,0
75,2061,1631,-1635,-53,-515,0,0
959,1458,1059,-998,175,-959,0,0
2162,1147,223,-1514,-122,-1424,0,0
2707,1012,-126,-1525,-968,-2497,0,0
1167,1097,-103,-1212,-2180,-2352,0,0
-877,1040,429,-750,-1330,-2504,0,0
-812,775,441,-1027,-1276,-2404,0,0
-12,535,122,-156,-1483,-2730,0,0
88,417,-280,-227,-1071,-3337,0,0
555,330,-511,-318,-560,-3957,0,0
812,257,-285,563,-1777,-3210,0,0
-618,4,-354,784,148,-3990,0,0
-326,-187,-512,1072,55,-4532,0,0
-243,-363,-215,-6,353,-5350,0,0
318,-295,125,56,-424,-5625,0,0
-14,-138,282,72,-673,-5730,0,0
-369,-43,59,247,-932,-5074,0,0
-866,-94,-74,45,-1018,-4521,0,0
-819,-217,-131,-343,-699,-4910,0,0
-13,-380,-153,-325,-1323,-4664,0,0
126,-581,-527,-503,-1045,-4873,0,0
46,-765,-902,-900,-1190,-3568,0,0
-649,-1277,-706,-1323,-427,-2530,0,0
-403,-1996,-315,-2778,-576,-1204,0,0
-1722,-2907,-85,-4245,-359,676,0,0
-2778,-3933,-739,-5939,927,1059,0,0
-1661,-4624,-2188,-6024,2002,498,0,0
725,-4705,-3155,-4658,1531,-804,0,0
1013,-4384,-2751,-4165,285,64,0,0
-2240,-4342,-1960,-4410,442,-88,0,0
-294,-4151,-1150,-3740,780,-1054,0,0
2,-3836,-342,-3626,343,-2109,0,0
-963,-3315,83,-5155,-71,-2582,0,0
-2497,-2913,-431,-10887,2040,-3798,0,0
-268,-1379,-1096,-9727,1408,-5787,0,0
910,149,-337,-10731,-1253,-4734,0,0
-887,2113,370,-6655,-1807,-2211,0,0
-3327,3065,1024,-2821,-975,-333,0,0
-3515,2539,1863,-4037,1290,-1078,0,0
-1609,2306,2247,-4496,2368,-1606,0,0
158,2250,2120,-5780,1538,-2667,0,0
126,2426,2196,-6889,1946,-2322,0,0
610,2722,2422,-7671,3229,-1673,0,0
1555,2925,2679,-7686,2096,-2235,0,0
1074,3029,3103,-6492,1346,-1677,0,0
810,2741,3273,-5023,1655,-970,0,0
2117,2249,2856,-3626,1505,-663,0,0
3891,1801,1981,-2811,667,-791,0,0
3930,1644,974,-2001,165,-1310,0,0
3137,1666,232,-2077,871,-2369,0,0
2987,2099,498,-2353,-370,-1470,0,0
2949,2111,872,-1892,-2016,-501,0,0
1202,1543,798,-842,-2551,680,0,0
-346,542,269,-969,-2383,-681,0,0
-1717,8,-121,-702,-2077,-1623,0,0
-1252,-264,-250,-7,-1530,-2511,0,0
-5,-392,-188,551,-2328,-3791,0,0
-635,-329,-214,0,-1315,-4512,0,0
-608,-302,-462,-172,-264,-5681,0,0
-141,-167,-573,168,-393,-5251,0,0
-30,-193,-413,159,289,-5460,0,0
640,-142,-226,90,-368,-5205,0,0
306,-8,-90,67,-493,-5722,0,0
-380,273,-44,98,-852,-5420,0,0
-650,388,-18,83,-303,-5391,0,0
-121,450,32,25,-743,-4813,0,0
-220,426,82,267,-615,-5064,0,0
-11,436,97,206,-1335,-4747,0,0
-753,485,43,342,-1631,-4455,0,0
-1711,586,159,561,-1710,-3015,0,0
-1668,482,71,620,-109,-1940,0,0
-593,275,-258,690,296,-2144,0,0
-434,4,-471,1074,1379,-2853,0,0
740,-344,-563,770,1716,-4201,0,0
2022,-603,-257,283,766,-6413,0,0
3171,-531,259,-273,-1267,-6270,0,0
2630,-435,505,-452,-3598,-3190,0,0
-210,-893,917,-1070,-2514,-718,0,0
-1148,-1779,1697,-2729,-1317,452,0,0
-1410,-3067,1616,-4243,639,756,0,0
-1205,-4106,378,-5183,813,609,0,0
-1762,-4432,-698,-3797,-48,840,0,0
-2647,-4746,-1461,-3563,205,416,0,0
-3206,-4957,-2372,-4376,707,205,0,0
-3080,-5106,-3264,-5717,1080,63,0,0
-2226,-5076,-3984,-7245,1418,-1090,0,0
-1722,-4270,-4019,-6480,1403,-1129,0,0
-2119,-3704,-3122,-7628,1058,-1487,0,0
-2468,-3150,-1587,-12197,1513,-3863,0,0
-2802,-1589,208,-12307,1204,-4906,0,0
-3102,15,2274,-8015,482,-4334,0,0
-1862,930,3518,-4834,-324,-3691,0,0
36,1454,3727,-3412,43,-2299,0,0
1760,1713,3401,-2756,-89,-1503,0,0
2174,1856,2922,-2534,-12,-1311,0,0
1358,1950,2548,-2778,833,-997,0,0
1791,1831,1984,-4266,2353,-466,0,0
2726,1381,723,-7013,3542,-1352,0,0
3221,1442,-221,-6170,2972,-2934,0,0
3495,1953,316,-6224,1360,-4186,0,0
2799,2760,965,-6674,1125,-3411,0,0
2340,3237,976,-6070,621,-3390,0,0
2043,3380,1027,-5526,501,-2591,0,0
1961,3272,970,-6656,-398,-1411,0,0
1226,2983,757,-2924,27,-1396,0,0
734,2851,278,-2012,-891,-1333,0,0
-292,2684,-106,-1576,54,-1211,0,0
-712,2459,-601,-840,-1667,-775,0,0
-1324,1917,-971,-773,-281,-1725,0,0
-872,1234,-754,232,-792,-2511,0,0
-867,585,532,796,-1450,-2629,0,0
-293,110,1055,896,-2797,-2924,0,0
-50,-221,538,796,-1488,-4157,0,0
949,-419,59,1115,-1782,-5284,0,0
458,-439,59,618,-782,-5259,0,0
-1123,-286,133,737,-1159,-5826,0,0
-2984,8,85,945,1520,-5860,0,0
-1739,151,-119,580,462,-4814,0,0
-858,118,40,646,1013,-4451,0,0
652,58,-207,486,183,-4171,0,0
749,-188,-287,565,-365,-2705,0,0
1289,-916,-437,-3,54,-709,0,0
3765,-2264,-529,-1091,-182,-645,0,0
2665,-3451,606,-3910,-2276,310,0,0
-284,-4402,1478,-7359,-985,2073,0,0
-2304,-5440,1290,-9026,834,629,0,0
-638,-5799,655,-6826,1131,-146,0,0
-159,-6006,-419,-5282,1244,-344,0,0
-233,-6263,-1090,-6795,1213,-396,0,0
-746,-6136,-782,-8062,644,-1899,0,0
-2025,-5178,354,-7432,-224,-3203,0,0
-3639,-3745,1055,-5467,-787,-2991,0,0
-5270,-2320,842,-3592,-921,-1723,0,0
-6683,-1850,-254,-5786,1111,-1715,0,0
-3679,-1447,-1685,-9180,6501,-6020,0,0
3642,361,-2066,-11673,3986,-5603,0,0
4495,2812,-270,-8088,-2671,-2248,0,0
-2352,4248,1941,-5456,-2765,40,0,0
-3126,4164,3089,-5827,66,-51,0,0
-2822,3979,3879,-6447,3494,-676,0,0
336,3868,3355,-8186,2856,-593,0,0
3305,3363,2048,-10301,1833,-576,0,0
5197,3376,1106,-9025,628,-1599,0,0
4363,3752,1357,-7397,158,-1894,0,0
2844,4080,1282,-5385,-392,-1689,0,0
1426,3792,657,-3909,-974,-2121,0,0
70,3246,308,-2890,-377,-961,0,0
22,2731,-26,-2347,-355,-286,0,0
-139,2482,-402,-2504,-40,42,0,0
-225,2270,-584,-2415,-490,489,0,0
-519,1879,-459,-701,-1099,533,0,0
-1493,1135,115,454,-1077,-867,0,0
-862,454,615,333,-584,-2266,0,0
-34,14,389,595,-2064,-2706,0,0
-234,-313,113,967,-123,-3974,0,0
88,-505,36,772,-92,-4749,0,0
632,-540,170,-98,218,-5795,0,0
240,-176,84,109,-1116,-5600,0,0
-640,42,-151,418,455,-5238,0,0
-318,53,-121,367,-153,-6704,0,0
-368,19,-29,283,638,-4868,0,0
73,-19,105,326,-142,-5095,0,0
125,-27,133,-25,-149,-5420,0,0
14,17,51,221,-684,-6032,0,0
76,84,-106,176,-955,-6280,0,0
126,176,-272,7,-1479,-5881,0,0
220,179,-511,-407,-1353,-4120,0,0
81,-2408,-219,-687,-1310,-1651,0,0
-418,-1483,249,-1273,-1180,-284,0,0
-794,-2661,370,-2501,-54,407,0,0
-1259,-3713,18,-3651,252,1003,0,0
-1399,-4628,-1169,-4636,740,995,0,0
-236,-4964,-2593,-4550,1616,-820,0,0
1109,-4376,-2853,-3718,682,-738,0,0
165,-4096,-2333,-3617,184,110,0,0
-781,-4026,-1688,-3678,464,-663,0,0
-1188,-3689,-997,-3888,360,-1383,0,0
-2237,-3213,-478,-4432,47,-1398,0,0
-4134,-2785,-570,-5739,622,-653,0,0
-4391,-2732,-1281,-11894,3509,-1838,0,0
-794,-1952,-1617,-13956,3909,-4144,0,0
2263,-623,-95,-10344,-339,-5303,0,0
609,1244,2271,-3644,-3661,-3373,0,0
-4054,1816,2276,-2043,-2825,-1409,0,0
-5520,1650,1705,-1529,1759,-201,0,0
-1493,1143,1877,-1620,2148,-41,0,0
1241,793,1590,-3289,952,-543,0,0
1525,645,731,-7441,2419,-1714,0,0
2997,1308,-531,-7867,3255,-1853,0,0
3210,1942,-76,-4857,1566,-1766,0,0
2159,2374,2053,-7075,1277,-2070,0,0
840,2780,3183,-8388,1350,-1996,0,0
38,2904,3334,-7299,1161,-1708,0,0
-653,2685,3291,-6168,1611,-1499,0,0
-236,2397,3131,-5204,1343,-879,0,0
242,2109,3204,-4104,448,-397,0,0
-593,1715,3830,-3659,121,-468,0,0
-1687,1331,4673,-3240,377,-369,0,0
-1367,932,4814,-2463,535,-386,0,0
-110,571,4286,-1787,244,-270,0,0
1064,289,3478,-1268,-103,-838,0,0
1772,261,2403,-473,-949,-1062,0,0
1127,133,1003,507,-1557,-1376,0,0
-1021,-2424,-993,1018,-1862,-1422,0,0
-2662,-835,-3538,287,-1097,-2342,0,0
-3205,-1018,-6385,-1300,-849,-877,0,0
-4453,-1688,-8685,-4877,3332,-90,0,0
-2746,-2547,-8609,-7472,8453,-3747,0,0
-1258,-2539,-7042,-9127,2993,-2558,0,0
-277,-2125,-4931,-8125,5197,-766,0,0
1396,-1939,-3412,-6145,6056,-898,0,0
2261,-1743,-2065,-4211,3457,-758,0,0
1960,-1525,-980,-3513,1787,-1122,0,0
1167,-1064,-256,-3341,1717,-1474,0,0
293,-434,218,-3709,1575,-901,0,0
-84,-2352,807,-4353,1758,-378,0,0
501,-153,1409,-5045,989,-583,0,0
946,206,1683,-4585,659,411,0,0
2967,240,883,-4338,-749,614,0,0
2444,94,50,-4302,-1311,805,0,0
-94,-187,94,-4676,776,404,0,0
-803,-220,231,-4470,1572,51,0,0
-454,-202,197,-4163,1942,-85,0,0
-54,-264,334,-4081,1920,-410,0,0
436,-270,606,-3965,2154,-408,0,0
900,-202,900,-3512,2156,-1004,0,0
903,-66,1107,-2958,1635,-1229,0,0
379,177,1265,-2608,1914,-1226,0,0
1232,579,1084,-3513,1458,-894,0,0
4299,816,835,-3980,1926,-312,0,0
5661,495,645,-3068,1109,251,0,0
