536,268,-128,4032,-1084,-123,0,0
760,310,150,4192,-989,-534,0,0
900,379,297,4214,-499,-1406,0,0
844,630,220,4557,-910,-4499,0,0
-573,-200,27,4520,-2604,-4794,0,0
-2033,-1250,305,3733,-798,-2198,0,0
-3216,-1734,588,3836,-2423,-2318,0,0
-2138,-2189,859,3454,-1203,-3515,0,0
-794,-2803,1331,4393,-2408,-3276,0,0
-1409,-3212,1509,4907,-2310,-2529,0,0
-2127,-3432,1207,4949,-2152,-2412,0,0
-2527,-3431,791,4612,-1969,-2782,0,0
-2527,-3498,317,4277,-1316,-2180,0,0
-1480,-3407,7,3419,-755,-999,0,0
261,-2820,8,2504,-591,-1147,0,0
1384,-2112,361,1807,-404,-1557,0,0
1612,-1496,580,649,-431,-1442,0,0
440,-820,431,-127,-286,-1513,0,0
-443,-175,285,-281,318,-1676,0,0
-143,338,265,-34,1152,-1400,0,0
443,718,235,453,853,153,0,0
668,2001,67,1772,1167,-782,0,0
1393,2972,-668,4443,742,-1923,0,0
541,3948,-1436,7807,-982,-3179,0,0
645,4557,-2241,12189,-1020,-2808,0,0
2350,5168,-2601,14554,-4027,-4985,0,0
2129,4304,-3177,14053,-2857,-1662,0,0
951,4290,-3609,10709,-2327,-3862,0,0
1076,3714,-2969,5537,405,-4334,0,0
67,2268,-2496,4281,-2132,-1536,0,0
3885,1760,-2953,3311,-3686,-1815,0,0
3773,1474,-3033,2457,-6687,-2715,0,0
918,1203,-2375,267,-8565,-4156,0,0
-738,470,-1306,-1091,-6893,-3687,0,0
145,-335,588,-133,-6759,-4627,0,0
-483,-1159,1821,752,-6855,-4728,0,0
-2459,-1967,2589,2749,-5183,-4080,0,0
-2900,-3000,3235,4921,-4954,-3629,0,0
-3766,-4018,3412,7270,-3328,-2965,0,0
-3432,-4901,3586,8598,-2485,-3044,0,0
-4548,-5653,3272,11516,-2526,-3379,0,0
-4495,-8024,2022,12823,-1380,-3390,0,0
-1709,-5877,1196,12256,-1547,-3768,0,0
382,-5328,846,8861,-526,-1675,0,0
2432,-3579,1237,4125,256,-3242,0,0
838,-2634,1502,2765,659,-3216,0,0
-1238,-1268,702,-864,3763,486,0,0
356,-15,448,-1766,3338,-1113,0,0
1231,1012,2,-574,1960,-1028,0,0
212,2135,-766,2594,2164,-375,0,0
528,3149,-1138,5132,2012,370,0,0
1083,4560,-1758,9619,626,-1195,0,0
728,5760,-2598,13430,1583,-2473,0,0
2090,5747,-2688,15842,-415,-5526,0,0
3298,4315,-2940,15801,-3388,-3185,0,0
3180,3954,-3229,13567,-3389,-3900,0,0
2307,3517,-3407,8067,-4118,-3007,0,0
694,3923,-3423,3881,-3160,-3890,0,0
2476,3087,-3230,1489,-3742,-3068,0,0
2771,2114,-2209,827,-7538,-4688,0,0
-713,1263,-1648,1098,-7095,-5957,0,0
-503,55,-480,-166,-5468,-4691,0,0
684,-994,1218,-373,-5879,-3797,0,0
-611,-1629,2118,1063,-5364,-3864,0,0
-1642,-2079,2529,2412,-4528,-3974,0,0
-2045,-2823,2952,4570,-3724,-3500,0,0
-2536,-3636,3466,6673,-2822,-3972,0,0
-2724,-4559,3451,9679,-2225,-4317,0,0
-3395,-5419,3106,11229,-1420,-3795,0,0
-3545,-5900,2001,12019,-704,-2509,0,0
-1541,-5907,1092,8182,-290,-549,0,0
-70,-4904,866,7253,-594,484,0,0
2109,-2960,970,2970,-59,-61,0,0
637,-1058,1555,1191,49,-2024,0,0
-1961,-353,965,972,2435,-2850,0,0
-510,-357,501,-509,2191,-1633,0,0
467,332,532,106,1806,-1678,0,0
418,1532,112,1787,1924,-2892,0,0
123,2585,-442,4184,1315,-4285,0,0
78,3152,-986,5647,1558,-1379,0,0
158,4257,-1275,8081,128,-3896,0,0
496,4880,-1580,11341,-87,-2056,0,0
1726,4637,-1560,12869,-983,-5403,0,0
2876,3720,-1457,11390,-2727,-3283,0,0
5146,2921,-1701,6446,-3469,-4521,0,0
3584,2129,-2277,2471,-3584,-2373,0,0
2004,2504,-2494,986,-2310,-914,0,0
1430,2712,-3128,1756,-992,-1516,0,0
814,2421,-3528,2220,-3644,-1504,0,0
-66,2478,-2772,1771,-4207,-3409,0,0
1823,1385,-793,1006,-5697,-3375,0,0
1496,643,705,-266,-7602,-6208,0,0
-808,-378,1307,-116,-6544,-5831,0,0
-1785,-1587,2367,2436,-6273,-5580,0,0
-2551,-2842,3261,5513,-5754,-6809,0,0
-3207,-4808,3987,10091,-3519,-5297,0,0
-3980,-6107,4306,13548,-3019,-3247,0,0
-3648,-6151,3033,13266,-2098,-1694,0,0
-700,-5578,2307,9983,-1308,-728,0,0
1034,-4356,2244,7980,-1027,-858,0,0
914,-2485,1857,5109,-1091,-2463,0,0
-137,-1355,1293,4250,220,-1751,0,0
-1721,-660,634,2925,1681,-1968,0,0
-561,-151,193,1065,1458,-1837,0,0
82,595,-118,1688,1324,-1820,0,0
-100,1405,-527,3894,826,-1643,0,0
-1518,2579,-1011,6147,1570,-2536,0,0
-57,3162,-1262,7681,1011,-744,0,0
1991,4040,-1705,11729,-1555,-1058,0,0
2206,5173,-2366,13680,-1247,-3393,0,0
1474,5207,-3022,11409,-1579,-2750,0,0
990,4709,-3405,7996,-2055,-1522,0,0
3165,4600,-3198,5159,-1264,-3295,0,0
4806,3458,-3140,3874,-4591,-2948,0,0
2243,2706,-3662,3558,-4560,-2705,0,0
2937,2073,-2996,2326,-5657,-2454,0,0
2632,1364,-1744,582,-7678,-3158,0,0
247,649,-790,-137,-6879,-2629,0,0
-96,173,175,256,-6763,-3756,0,0
-562,-630,1658,1459,-6790,-2734,0,0
-1684,-1194,2593,2740,-4881,-3171,0,0
-2291,-2125,3522,4784,-3706,-2953,0,0
-3089,-2933,4023,8787,-3281,-2706,0,0
-3581,-3876,4028,16578,-2915,-2723,0,0
-3177,-4224,4156,15335,-1973,-2206,0,0
-3309,-4503,4054,13575,-477,-3437,0,0
-2480,-5304,3483,11691,-884,-2382,0,0
-2193,-5343,2575,8321,-1266,-1164,0,0
-2623,-4453,1370,6735,-775,-1492,0,0
-1476,-3566,575,4885,-552,-478,0,0
-1417,-2249,416,2441,360,-254,0,0
-763,-1180,-143,1185,1275,371,0,0
578,130,-271,710,723,799,0,0
355,1724,-552,2529,1721,-291,0,0
238,2817,-800,5080,1708,-585,0,0
715,3830,-831,7472,751,-803,0,0
-107,4834,-901,12455,34,-1554,0,0
1795,5573,-1204,14674,-1369,-2840,0,0
2867,5631,-1992,12159,-2950,-5093,0,0
2655,5101,-3011,7257,-3599,-1504,0,0
4961,5345,-2846,4192,-641,-2631,0,0
5986,3467,-3458,4552,-4113,-2183,0,0
2684,2481,-4504,5423,-6058,-2404,0,0
2619,2552,-3497,3947,-8605,-3930,0,0
2120,1660,-2142,262,-9637,-4307,0,0
511,518,-105,-3056,-8977,-4243,0,0
-932,-449,1750,439,-5747,-3493,0,0
-1470,-1272,2696,1841,-4483,-3148,0,0
-1995,-1834,3146,3814,-4358,-3704,0,0
-2456,-2694,3525,6447,-3517,-3677,0,0
-3118,-3744,3864,10820,-3850,-3911,0,0
-4175,-4627,3843,16059,-3449,-3599,0,0
-4346,-5170,3431,14852,-2277,-2854,0,0
-3666,-5555,2889,13885,-1160,-2638,0,0
-2231,-5534,1942,10761,-790,-2501,0,0
-2184,-4929,1618,7178,-1333,-875,0,0
-192,-3848,1254,5328,-36,-85,0,0
69,-2748,783,2163,877,675,0,0
490,-1293,370,157,2174,1416,0,0
192,561,-168,-346,1831,-406,0,0
-467,1829,-704,905,1536,-751,0,0
-1415,2997,-795,3361,1205,-1982,0,0
-1742,3267,-879,5857,2154,-749,0,0
1209,3887,-583,8542,-817,-1157,0,0
1391,4482,-661,13842,-1738,-4384,0,0
3470,4212,-1264,13340,-1760,56,0,0
3946,5421,-2472,11075,-2791,-4022,0,0
2881,5054,-3427,7196,-794,-4110,0,0
2532,3817,-4013,5860,-2196,20,0,0
3594,3964,-4262,6084,-3621,-2344,0,0
4226,2800,-3567,5309,-5192,-3282,0,0
3509,1968,-2661,3211,-7337,-2589,0,0
1584,1564,-2649,-280,-9783,-4096,0,0
96,683,-1235,-139,-8173,-3672,0,0
426,-118,918,433,-8360,-3466,0,0
-1878,-997,2302,2226,-6970,-2913,0,0
-3133,-1808,3200,4579,-4828,-3269,0,0
-2928,-2910,3954,7227,-4352,-3059,0,0
-3603,-4067,4404,12085,-3224,-4400,0,0
-3409,-5452,4959,19108,-2649,-3276,0,0
-3726,-6196,4356,15050,-2227,-498,0,0
-4653,-5855,2857,14636,-909,-2003,0,0
-1655,-5977,1668,10121,-850,-1258,0,0
-128,-5148,1856,5771,-808,-138,0,0
-661,-3582,1604,4222,106,-235,0,0
-418,-2464,1388,1409,1251,640,0,0
552,-1309,1197,-765,1359,998,0,0
140,174,150,-82,1693,649,0,0
-17,1886,-780,1642,1013,58,0,0
-793,3726,-1267,5058,1836,-925,0,0
-2558,5245,-1345,8498,2409,-2799,0,0
-3269,5570,-1244,10442,4599,-546,0,0
1201,5626,-1331,15007,979,-1198,0,0
3733,5565,-1591,16317,-2741,-92,0,0
3312,6505,-1184,15297,-2166,-2387,0,0
4469,5594,-1869,12036,-2284,-2007,0,0
4897,4664,-3037,7509,-2972,-3298,0,0
3438,4134,-3607,6089,-2717,-4602,0,0
3497,2822,-3468,4425,-8518,-4143,0,0
801,2477,-2805,798,-8858,-6476,0,0
679,1207,-1668,-1530,-7046,-4208,0,0
800,-30,414,-31,-7219,-3487,0,0
-591,-675,1686,1306,-4622,-3224,0,0
-883,-1323,2545,1517,-3392,-2430,0,0
-1479,-1790,2996,2334,-3400,-1982,0,0
-2241,-2234,2988,3592,-2911,-1981,0,0
-2512,-2543,3064,4919,-3262,-2335,0,0
-3436,-3144,2672,11259,-4571,-3589,0,0
-3993,-3856,1881,17845,-3932,-2933,0,0
-3062,-5004,2736,15594,-745,-2129,0,0
-1356,-5813,4568,15147,-1360,-3019,0,0
-2704,-6027,3926,10994,-779,-2022,0,0
-3154,-6035,2472,7868,-1358,-1265,0,0
-3242,-5328,1507,6047,-817,-74,0,0
-2603,-4036,902,3439,-420,129,0,0
-3584,-3122,598,1570,613,831,0,0
506,-2083,499,-194,685,2036,0,0
1201,-526,295,-743,1722,2430,0,0
1449,1388,-165,254,1734,1537,0,0
377,3387,-1016,3686,1686,856,0,0
662,5277,-1470,6892,304,561,0,0
-357,7032,-1750,12558,1029,-618,0,0
397,7637,-1713,16467,155,-222,0,0
981,7808,-3632,20195,-723,-2338,0,0
3495,7053,-1391,19737,-764,-1284,0,0
4741,6198,-1925,18653,-2063,-1738,0,0
4566,5307,-3150,13605,-1704,-2525,0,0
5216,3920,-4063,6072,-3253,-2429,0,0
5089,3010,-3437,2807,-4529,-2836,0,0
4249,1594,-2982,4331,-9198,-2117,0,0
1813,1269,-2983,1571,-11420,-3819,0,0
-109,817,-1567,-197,-9069,-3408,0,0
-296,-56,1237,602,-6690,-2772,0,0
-777,-906,2866,1809,-5909,-3173,0,0
-2549,-1565,3125,3054,-4600,-3195,0,0
-3149,-2517,3340,5779,-3974,-2844,0,0
-3495,-3461,3387,7862,-4008,-3421,0,0
-3839,-4638,3300,11816,-3418,-3609,0,0
-4093,-6108,3533,16869,-1611,-2969,0,0
-2927,-7680,4061,20898,-1302,-433,0,0
-2186,-8106,4015,15292,-574,97,0,0
-1465,-7414,3226,12467,-145,266,0,0
-72,-6023,2210,7839,-162,487,0,0
72,-4071,1785,3453,1279,-100,0,0
81,-2398,1409,1838,2444,834,0,0
-83,-3288,806,-236,2880,1965,0,0
755,406,225,-1034,2876,1572,0,0
176,2271,-3088,2039,2217,384,0,0
499,3654,-1949,5314,1317,1262,0,0
790,5432,-2473,10181,544,557,0,0
752,6787,-2883,14904,-169,1096,0,0
800,7972,-2970,19254,-1086,-756,0,0
928,8036,-2953,20984,-1337,-69,0,0
2463,7455,-2738,21761,-1119,-412,0,0
4283,6297,-2568,17419,-17,-1884,0,0
5427,3984,-3159,11259,-1617,-2387,0,0
4870,2064,-3795,3715,-4969,-2022,0,0
4641,1384,-2220,2364,-4253,-2053,0,0
5186,189,-818,3048,-12181,-2121,0,0
-1022,348,-1753,-900,-12909,-2388,0,0
-2096,-77,-8,196,-7005,-2045,0,0
-581,-933,3081,1814,-5037,-2026,0,0
-1687,-1559,4274,3537,-3681,-1683,0,0
-3273,-2069,4367,4728,-3282,-2245,0,0
-4139,-2878,3884,6541,-1988,-2683,0,0
-3101,-3973,3494,8884,-2371,-3033,0,0
-3335,-5121,3359,9796,-1552,-2290,0,0
-2855,-6049,3293,10283,-827,-1368,0,0
-2348,-6281,3123,11782,-1294,-1650,0,0
-2721,-6187,2176,10495,-333,-1191,0,0
-992,-5782,1497,6720,-796,303,0,0
416,-4128,1338,5220,-358,759,0,0
629,-1677,1367,1435,789,-840,0,0
-409,-223,803,638,1913,-812,0,0
-779,809,54,-52,2071,-356,0,0
379,1485,-315,759,2221,396,0,0
1702,2645,-919,3401,892,-136,0,0
1515,3591,-1658,8344,1362,482,0,0
1616,5187,-2236,12709,-314,263,0,0
180,6889,-2966,16393,325,-1639,0,0
661,6898,-3400,19711,-428,1105,0,0
3339,6757,-3494,20980,-654,-264,0,0
6742,5777,-3717,18771,-2256,-267,0,0
5019,4403,-4654,14934,-4088,-1620,0,0
3893,3210,-4443,6953,-3803,-1618,0,0
4780,2300,-2652,853,-6375,-3158,0,0
3424,1033,-2257,492,-8733,-3518,0,0
-77,-218,-1722,2336,-9733,-890,0,0
-1545,-125,-688,1880,-8396,-1589,0,0
-658,-344,1567,1175,-6739,-2061,0,0
-926,-858,3383,2309,-4369,-1599,0,0
-2782,-1538,3957,3426,-3539,-1785,0,0
-4268,-2444,4198,4611,-2917,-1723,0,0
-4030,-3370,4173,5962,-2565,-2276,0,0
-3960,-4414,3975,7319,-2668,-2429,0,0
-4083,-5391,3305,8890,-1754,-1926,0,0
-3441,-5833,2621,11142,-2042,-1326,0,0
-3546,-5716,1615,13120,-1370,-1222,0,0
-1181,-5162,1074,10644,-673,-786,0,0
1761,-4111,1591,7313,-1298,-391,0,0
1271,-2184,2361,4674,-482,-2579,0,0
-683,-1119,1912,4096,33,-3013,0,0
-1784,-864,1288,2633,1783,-854,0,0
339,-548,690,689,1670,434,0,0
1599,420,-179,2035,678,-661,0,0
1040,1622,-750,3465,1722,-441,0,0
36,3097,-1348,5312,2277,-1415,0,0
-117,3921,-2066,8106,888,-40,0,0
-487,4954,-2637,11462,738,-412,0,0
548,5557,-2904,14300,655,275,0,0
3289,5499,-3079,16011,-1459,737,0,0
4558,5621,-2986,16784,-1768,-324,0,0
4873,5250,-3068,17031,-2711,-2192,0,0
2833,3364,-3388,10060,-4908,-3050,0,0
1624,2359,-2180,2804,-2971,-3020,0,0
3337,1409,-232,195,-5378,-5714,0,0
541,357,-17,-3584,-6311,-5778,0,0
-1771,33,-1188,-1198,-6574,-3374,0,0
-1651,-147,-1087,2454,-7905,-5018,0,0
-842,-1413,1076,2326,-6273,-2649,0,0
-722,-2402,3301,3097,-5253,-1603,0,0
-2186,-2918,4138,4572,-3216,-2393,0,0
-2486,-3777,4169,6710,-2448,-1633,0,0
-2625,-4278,4217,7613,-1757,-1026,0,0
-2610,-4472,4011,7052,-1336,-1106,0,0
-3029,-4552,3521,6447,-1643,-1537,0,0
-4123,-4533,2471,9218,-2059,-2474,0,0
-3133,-4236,1247,7958,-849,-1657,0,0
-1021,-3384,1196,4586,-992,-1323,0,0
-1325,-1682,773,4272,-734,-4474,0,0
-1511,-1149,104,3556,374,-4967,0,0
-2184,-1182,-887,2811,144,-1659,0,0
-1509,-771,-1227,1756,1426,-1586,0,0
1429,-664,-590,730,1042,-868,0,0
2354,341,83,135,955,-419,0,0
1386,1683,-199,1278,827,-1504,0,0
42,2570,-901,3796,1212,-1486,0,0
265,3239,-1217,5811,1829,550,0,0
2115,4162,-1580,9355,2078,669,0,0
3279,4591,-2221,12504,-1133,52,0,0
2167,5055,-2675,14893,-861,-490,0,0
3207,5448,-3179,17173,-1588,1992,0,0
2537,6003,-3591,19804,-5070,-535,0,0
197,5624,-3393,14808,-3343,-3274,0,0
625,4343,-2960,7632,-1132,-5008,0,0
3047,2608,-2740,2750,-1089,-2431,0,0
5826,1487,-2382,2219,-7456,-3834,0,0
1615,979,-2199,403,-8676,-6539,0,0
-1344,243,-1945,75,-7076,-4787,0,0
-1112,-612,-283,336,-6370,-3020,0,0
-490,-1410,1620,1157,-3899,-2219,0,0
819,-2073,2755,1717,-3049,-1483,0,0
1021,-2158,3437,2071,-3351,-1233,0,0
-787,-2043,3817,2972,-2877,-1229,0,0
-1895,-2148,3750,3404,-2282,-652,0,0
-2645,-2252,3746,4981,-2164,-1082,0,0
-3137,-2696,3519,10076,-3575,-1275,0,0
-2859,-2889,2928,11727,-4053,-2328,0,0
-3187,-3203,2742,13361,-2848,-2401,0,0
-3808,-3723,2663,12744,-2102,-3366,0,0
-1046,-3878,2629,11160,-2593,-3780,0,0
-1271,-3887,2314,8815,-1683,-1636,0,0
-1162,-3261,2275,5889,18,-1593,0,0
-144,-2926,2468,3086,252,-713,0,0
271,-2166,2192,902,583,342,0,0
386,-3376,1428,597,1914,784,0,0
1483,-484,329,841,2476,1379,0,0
847,934,-1244,2477,1282,960,0,0
-722,2659,-2706,5240,913,-793,0,0
-1903,4048,-3313,7660,233,-700,0,0
-2481,5250,-3123,10029,668,-830,0,0
-986,5781,-3108,13783,740,24,0,0
2459,6142,-3231,17709,-1581,-46,0,0
4181,6219,-3345,18136,-1460,901,0,0
5478,5956,-3558,18192,-2562,1345,0,0
6303,4733,-4268,13855,-3496,-1104,0,0
4721,2872,-4755,5711,-4661,-2322,0,0
3905,2142,-3477,2195,-4068,-2981,0,0
3379,901,-3098,2806,-8384,-4027,0,0
251,-288,-3048,2659,-11868,-1833,0,0
-2475,-419,-1691,1308,-9085,-2796,0,0
-1707,-1007,814,1063,-5713,-2581,0,0
692,-1641,3277,1601,-5265,-1234,0,0
-469,-1815,4181,2598,-4442,-728,0,0
-2440,-2099,4335,4144,-2794,-426,0,0
-2756,-2387,4271,5182,-2328,-957,0,0
-2857,-2849,3978,6540,-1821,-1725,0,0
-2506,-3334,3903,10066,-3347,-2073,0,0
-3481,-3685,3988,15268,-2357,-2051,0,0
-3567,-6336,3512,13686,-912,-3023,0,0
-2044,-4925,3311,14271,-554,-3416,0,0
-983,-5075,2927,11992,-1686,-2579,0,0
-2312,-4329,1798,9399,-496,-3160,0,0
-1814,-3960,1222,6656,933,-3232,0,0
24,-3449,1208,2643,2888,1220,0,0
899,-2309,578,45,1170,1349,0,0
-370,-780,-421,-342,1894,2883,0,0
-315,1291,-651,1108,2733,3588,0,0
903,3110,-641,3862,3008,2753,0,0
2066,4095,-1015,7756,251,1279,0,0
260,5346,-2165,11812,1940,191,0,0
1443,5967,-2600,15942,-212,354,0,0
2288,6687,-2984,18013,-670,-1322,0,0
2208,6205,-3636,19669,-1614,402,0,0
3606,5688,-4062,19541,-1888,-851,0,0
4339,4353,-4334,13681,-2977,-2712,0,0
3595,2905,-3965,6613,-3666,-1506,0,0
3244,2154,-2623,3015,-6749,-3965,0,0
2914,1244,-2049,981,-8380,-4913,0,0
1569,281,-1611,-913,-11169,-3826,0,0
-1063,-347,-1067,702,-9532,-2757,0,0
-763,-947,1428,1502,-7499,-2320,0,0
-954,-1647,3405,3324,-5471,-1622,0,0
-1830,-2240,4261,4877,-3628,-1597,0,0
-2480,-3015,4634,6661,-2697,-900,0,0
-3000,-3701,4550,8201,-1668,-947,0,0
-2673,-4237,4148,8887,-1848,-1025,0,0
-3030,-4451,3731,12920,-1388,-1654,0,0
-2756,-4532,3261,13185,-1037,-1678,0,0
-1133,-4349,3189,8388,-487,-1584,0,0
94,-3752,3408,7790,-611,-4055,0,0
-542,-3494,2774,6645,-1421,-4206,0,0
-2006,-3389,1846,4970,-163,-1996,0,0
-1798,-3116,1093,3308,1286,-903,0,0
-924,-2422,265,1015,1151,-272,0,0
406,-1356,-245,-999,1426,536,0,0
649,-20,-421,-1080,2046,171,0,0
843,1111,-677,-47,666,640,0,0
-48,2469,-1336,2677,1129,-321,0,0
523,3357,-1889,6221,1317,315,0,0
739,4600,-2107,10318,-167,-1801,0,0
-437,5244,-2210,13886,603,-1978,0,0
1716,5059,-2305,15594,-741,-4734,0,0
1656,4035,-3240,16304,-3695,-2851,0,0
1528,4345,-3561,14662,-2425,-2603,0,0
3723,4572,-3687,11938,-2256,-3492,0,0
5174,3248,-4445,7292,-4237,-2988,0,0
5296,2054,-3893,1666,-6982,-4328,0,0
3890,731,-2813,-1424,-14611,-3679,0,0
-1466,585,-2072,-1848,1159,-3359,0,0
-980,-71,22,857,-8971,-2889,0,0
414,-1153,3294,1672,-7206,-2471,0,0
-1741,-1576,4421,2981,-4959,-2238,0,0
-3362,-2010,4314,4508,-4175,-2504,0,0
-3875,-3172,4344,8084,-3514,-2555,0,0
-2714,-4275,4336,11066,-3105,-2934,0,0
-2396,-5178,4413,11906,-3673,-2912,0,0
-3586,-5477,4192,12296,-2620,-2287,0,0
-3042,-5319,3397,9203,-652,-1191,0,0
-513,-6688,3134,5599,-386,-461,0,0
890,-3263,2614,4606,-250,-1391,0,0
148,-1822,1711,2866,738,-2835,0,0
-434,-800,860,879,1639,-2184,0,0
-1666,-394,-363,-552,2693,-1829,0,0
852,-184,-762,-671,2573,-777,0,0
1905,1076,-941,468,1013,-1052,0,0
18,2616,-1799,2460,1914,-1851,0,0
-281,3381,-2722,4680,2000,-1609,0,0
830,3822,-3236,8022,1331,-526,0,0
1937,4214,-3372,10460,1189,-2484,0,0
3494,3451,-3187,12384,-395,4,0,0
3543,3425,-3242,16205,-1642,-724,0,0
2545,3748,-4454,18594,-2909,-750,0,0
1786,3994,-6145,18692,-3824,-822,0,0
2177,4075,-6787,14134,-4001,-1943,0,0
1893,3436,-5536,7870,-4106,-2104,0,0
2591,2345,-3445,3100,-6621,-4300,0,0
-2144,1504,-2721,-155,-10066,-5494,0,0
-798,737,-3404,2160,-13627,-5589,0,0
-1210,-484,-509,1177,-11485,-5059,0,0
-1452,-1859,3253,2018,-9403,-3218,0,0
-2180,-2730,4665,4905,-6443,-2165,0,0
-3182,-3340,4812,7841,-4880,-1298,0,0
-4350,-4007,4661,10514,-3509,-1151,0,0
-4525,-4717,4378,12465,-2075,-1465,0,0
-3382,-5258,3729,13760,-1467,-1497,0,0
-3034,-5703,2847,15618,-751,-1709,0,0
-1040,-6002,2288,11580,-183,-1057,0,0
998,-5407,2821,9356,-663,-556,0,0
325,-4107,2651,7089,-276,-1657,0,0
-1989,-3087,1574,3888,-239,-1533,0,0
-2929,-2535,538,2210,1957,-131,0,0
-674,-2207,-218,-256,2096,922,0,0
923,-1064,-360,-2248,1145,918,0,0
1495,170,-327,-1392,1704,1745,0,0
717,1852,-508,513,152,1053,0,0
-1117,3407,-727,2999,495,82,0,0
-1668,4648,-898,6861,3269,-1993,0,0
855,4757,-1061,10210,2240,-450,0,0
1261,5397,-1755,12518,961,-4214,0,0
3629,4973,-2267,14772,1552,-983,0,0
6565,4321,-3430,18432,-3290,1180,0,0
4565,4229,-5034,18468,-3677,-304,0,0
4284,3583,-5715,15944,-4901,-1113,0,0
1748,3306,-5205,9694,-3883,-3408,0,0
3525,2215,-4171,5131,-5057,-1767,0,0
1074,1251,-3275,2482,-7642,-2136,0,0
390,849,-2622,1088,-8185,-2662,0,0
1021,567,-2018,-485,-11526,-4109,0,0
-529,-229,-399,-215,-9168,-2485,0,0
-401,-910,2294,942,-6828,-1731,0,0
-678,-1341,4047,2203,-5238,-1602,0,0
-2119,-1651,4432,3448,-4001,-1221,0,0
-2826,-2054,4495,5756,-3949,-2078,0,0
-2987,-2742,4731,8385,-3927,-3305,0,0
-3271,-3693,4913,12915,-4428,-3828,0,0
-4671,-4443,4494,16772,-3860,-3829,0,0
-4862,-5453,3538,13722,-1544,-2635,0,0
-2736,-5820,2773,12353,-1540,-2139,0,0
-861,-7448,1920,9172,-1732,-1551,0,0
-884,-4465,1541,5938,-28,-985,0,0
476,-3342,1624,3844,1003,236,0,0
984,-1984,1380,552,1446,771,0,0
848,-795,869,-1195,2266,648,0,0
1279,289,267,-516,1988,-73,0,0
826,1410,-703,964,1964,585,0,0
648,3021,-1661,2944,1667,-725,0,0
1156,3826,-2719,5579,1505,-346,0,0
374,4538,-3642,9571,527,-2681,0,0
115,4507,-3978,12309,1331,-32,0,0
1810,4797,-3537,14562,-1676,584,0,0
-23,5378,-3194,16451,-2674,914,0,0
-4013,6417,-2687,17803,-2609,1169,0,0
-3027,7131,-1603,17485,407,167,0,0
2386,6381,-1182,13508,-347,-1957,0,0
5228,4641,-1682,8137,-744,-3726,0,0
6221,2861,-1864,4378,-2311,-4642,0,0
3803,1899,-1516,1370,-6899,-8627,0,0
-233,950,-2414,-56,-6974,-8404,0,0
-657,-538,-1827,888,-6345,-5063,0,0
-277,-1767,180,1033,-4957,-3880,0,0
-417,-2501,1473,1743,-4443,-2760,0,0
-1651,-2736,1885,2321,-3960,-1473,0,0
-3362,-2646,1613,3149,-3665,-806,0,0
-4036,-2774,995,4312,-1790,-1062,0,0
-2632,-3701,1163,7743,-1207,-1026,0,0
-829,-4484,2016,16653,-1698,-2025,0,0
176,-5404,2733,16920,-480,-2396,0,0
1476,-6268,4387,15549,-2,-4000,0,0
539,-7013,5494,16452,-1691,-2870,0,0
-1886,-6785,3982,12755,-1552,-1062,0,0
-2876,-6205,2278,10096,-579,461,0,0
-2160,-5266,1398,6927,896,2434,0,0
-151,-3647,942,1844,627,2705,0,0
354,-2301,1008,131,1891,3021,0,0
1766,-700,1024,-1633,2715,2672,0,0
1852,922,361,-1204,2587,2429,0,0
613,2686,-1029,1902,1457,1526,0,0
250,4148,-2117,5862,2212,1238,0,0
-330,5582,-2905,11208,1004,-1154,0,0
-2551,6276,-3175,13903,3553,-816,0,0
1513,5939,-2750,17644,-189,2977,0,0
3505,6415,-3423,21104,-3099,-49,0,0
2561,6503,-3431,19803,-4254,153,0,0
1872,6054,-3235,18399,-4346,332,0,0
3535,5425,-3537,15406,-2901,-1480,0,0
5017,4468,-4087,10298,-3813,-3138,0,0
4513,3105,-3451,4848,-5018,-3508,0,0
2954,1895,-1464,1965,-4333,-4339,0,0
2028,649,6,793,-4770,-4084,0,0
1019,-222,196,-247,-5160,-2770,0,0
-55,-499,237,45,-5520,-2795,0,0
-1286,-817,819,519,-4578,-2210,0,0
-1613,-1352,1909,1443,-3631,-1081,0,0
-1153,-1695,2870,2195,-3518,-1019,0,0
-959,-1885,3475,2728,-3166,-1321,0,0
-1357,-1930,3836,3994,-4082,-3364,0,0
-3715,-2347,3698,7810,-5321,-7328,0,0
-7606,-4738,2972,15025,-3482,-5527,0,0
-6933,-6710,1760,18329,-674,-1367,0,0
-2648,-7470,493,16243,-173,-1000,0,0
615,-7367,323,14480,-1816,-218,0,0
936,-6295,502,9873,-923,282,0,0
872,-4885,1078,6599,348,1074,0,0
1457,-3376,1552,3048,1903,1410,0,0
1595,-2014,2051,-554,2119,1003,0,0
1280,-517,1707,-2008,3259,225,0,0
502,863,464,-3432,2914,-83,0,0
-733,2140,-609,741,2804,-466,0,0
-504,3100,-1289,3397,2211,-38,0,0
-464,4031,-1812,6611,2413,-890,0,0
1319,4319,-1949,8631,1616,1198,0,0
2306,5043,-2223,12890,166,-92,0,0
1336,5487,-2497,15292,-211,645,0,0
-66,5892,-2438,17226,-746,-989,0,0
439,6018,-2637,16937,-1027,-2664,0,0
1427,5880,-2441,15604,-1660,-4289,0,0
3139,4263,-1859,11867,-1349,-2565,0,0
3866,2532,-1642,6947,-3607,-2778,0,0
3244,1620,-1441,1804,-4236,-3247,0,0
2601,1567,-1081,-1043,-4078,-4710,0,0
2184,192,-830,-2082,-4169,-3529,0,0
1135,-273,-222,-1498,-7736,-2713,0,0
-1576,-493,359,1546,-5822,-3005,0,0
-1409,-1077,1734,1556,-3309,-1988,0,0
-594,-1672,3131,2122,-2612,-1456,0,0
-759,-1941,3718,3076,-2646,-1044,0,0
-1534,-1853,3597,3514,-2411,-3592,0,0
-2252,-2020,3091,4316,-2396,-2396,0,0
-3117,-2600,2491,7722,-3651,-3898,0,0
-3523,-3529,2338,14151,-3536,-3536,0,0
-2696,-3929,2522,11018,-2260,-3887,0,0
-1846,-4695,3066,10364,-2403,-3765,0,0
-2025,-5223,2611,9339,-1960,-1655,0,0
-2268,-5043,1611,8432,-1337,-444,0,0
-517,-4302,1037,5460,-138,788,0,0
336,-2796,997,2974,-341,85,0,0
-136,-1792,922,666,950,-49,0,0
-270,-730,715,-245,1320,-1141,0,0
346,117,411,-907,1976,-1580,0,0
1383,890,61,-68,1709,-2384,0,0
1139,1438,-785,750,1499,-1919,0,0
406,2094,-1858,1989,581,-861,0,0
856,2652,-2444,4057,831,572,0,0
1325,3458,-2791,7518,-312,317,0,0
1364,4229,-3037,11134,-203,492,0,0
1181,5018,-3437,14470,-1119,-1017,0,0
62,5068,-3841,16242,-1151,902,0,0
398,5476,-3723,17277,-1315,-1232,0,0
1845,5073,-3036,16568,-1167,-1307,0,0
2548,3995,-2749,13213,-3383,-2026,0,0
1864,2706,-2741,6988,-2569,-3531,0,0
5103,1370,-2178,2151,-4260,-1663,0,0
4741,873,-1672,-216,-8728,-4198,0,0
1099,471,-2340,-1645,-8831,-4259,0,0
-1241,212,-1017,-474,-7256,-3296,0,0
-2282,-565,975,644,-5546,-2916,0,0
-2065,-1420,2135,1193,-3330,-2070,0,0
-1211,-2160,2877,2042,-2288,-1312,0,0
-1129,-2488,3278,2494,-1881,-844,0,0
-1775,-2452,3203,2562,-1397,-952,0,0
-1565,-2374,2859,2895,-1600,-1679,0,0
-1784,-2565,2512,4836,-2561,-2916,0,0
-2050,-2944,2322,9852,-4516,-2711,0,0
-3262,-2737,2020,9455,-3569,-3394,0,0
-2981,-3399,1932,11931,-2219,-3248,0,0
-1004,-3985,2264,11708,-2104,-2383,0,0
-655,-3849,2495,10225,-1871,-3076,0,0
-1133,-3666,2579,7800,-599,-2501,0,0
-1225,-3281,2487,5326,202,-521,0,0
-1035,-2589,2194,2075,916,-332,0,0
820,-1963,1716,-73,2938,1538,0,0
1708,-480,509,-232,1340,1404,0,0
1632,1059,-989,2954,3046,2306,0,0
2092,3029,-2071,7047,2581,746,0,0
206,4296,-2913,9877,2052,-2568,0,0
988,5010,-3733,13023,857,892,0,0
2849,5337,-4820,15744,-330,1162,0,0
4594,4807,-5317,18639,-2345,974,0,0
3788,4308,-5465,17641,-2353,2,0,0
2651,3821,-5266,17641,-1874,872,0,0
2775,3260,-5118,14335,-2872,-443,0,0
3246,2227,-5239,8300,-3974,-1261,0,0
4155,1356,-3976,2772,-6042,-1122,0,0
3329,749,-1506,1180,-4326,-2278,0,0
2972,-68,-2424,780,-6476,-1190,0,0
-461,-239,-897,-457,-8199,-450,0,0
-1968,-309,-408,189,-6966,-65,0,0
-1960,-461,1096,518,-5181,-777,0,0
-1606,-802,2629,1490,-4060,-744,0,0
-1871,-1131,3522,2173,-3389,-599,0,0
-2207,-1415,3796,3132,-3679,-977,0,0
-2880,-1933,3363,4567,-3644,-893,0,0
-4076,-2595,3234,8222,-2871,-2308,0,0
-3293,-3659,3737,11873,-2226,-2590,0,0
-3171,-4637,4711,14112,-1652,-1464,0,0
-2588,-4971,4677,14966,-1686,-786,0,0
-1233,-4698,4011,12658,-1258,-1286,0,0
-1886,-4291,3246,10466,-1423,-2207,0,0
-2303,-3898,2297,7794,-104,-826,0,0
-1280,-3141,1736,5452,1097,-189,0,0
157,-2467,1346,3331,786,-134,0,0
892,-1473,1021,960,1333,742,0,0
1318,-302,779,329,2513,630,0,0
793,597,154,1790,2452,351,0,0
-690,2026,-1200,3737,2507,506,0,0
-1845,3561,-2522,6873,3448,-149,0,0
308,4395,-3105,10449,1416,996,0,0
4068,4884,-3580,13185,-1608,1519,0,0
5077,5014,-4188,15510,-3426,598,0,0
3513,4740,-4786,16245,-3166,-39,0,0
1940,4508,-4840,14519,-2551,595,0,0
1207,4597,-4486,13945,-1876,-1035,0,0
1463,3876,-4160,12537,-1157,-1213,0,0
3200,2863,-3825,9514,-1832,-917,0,0
3535,2335,-3367,5541,-3197,-4243,0,0
527,1442,-2463,1409,-2238,-6063,0,0
-2428,-34,-646,-358,-2716,-3580,0,0
-1481,-788,352,863,-3855,-2191,0,0
-467,-1201,-136,-383,-9490,-4139,0,0
-2556,-1758,277,942,-7741,-2270,0,0
-2462,-2434,2147,4218,-5622,-1662,0,0
-1146,-3208,3825,5868,-3035,-1857,0,0
502,-3972,5561,7810,-1602,-1099,0,0
899,-3912,6288,9492,-2457,-1644,0,0
-1222,-3731,6135,9592,-2254,-1953,0,0
-3338,-4030,5202,8902,-1446,-1224,0,0
-4050,-4361,3638,10181,-1976,-750,0,0
-3594,-4397,2064,7289,-1112,-13,0,0
-2444,-3889,1306,7119,-1430,514,0,0
-818,-2810,827,5569,-784,420,0,0
-101,-1414,908,3591,-732,-920,0,0
-397,-344,970,2433,400,-1494,0,0
-734,185,508,1009,2916,-927,0,0
-317,595,-707,857,1354,966,0,0
412,1690,-1841,3866,3841,1891,0,0
2377,2786,-3392,7481,3128,3103,0,0
1654,4178,-3635,11543,1735,2719,0,0
1873,5221,-3045,14963,1721,2229,0,0
1444,5733,-3143,18276,-1908,1405,0,0
-192,5932,-3696,18673,-2119,-120,0,0
-233,5885,-4030,17890,-1958,375,0,0
1229,6004,-3855,15371,-1717,-1010,0,0
1868,5047,-3330,11288,-315,-2923,0,0
2792,2939,-2446,6148,-781,-2651,0,0
3133,1525,-3816,3020,-1769,-2487,0,0
2458,782,-1109,1898,-1340,-2687,0,0
2486,81,98,851,-1473,-2761,0,0
2129,-514,1105,663,-2660,-2122,0,0
229,-781,1287,494,-2836,-1650,0,0
-1494,-1062,1340,454,-1512,-1195,0,0
-1002,-1429,1588,1142,-1268,-948,0,0
-40,-1677,1836,1471,-1605,-778,0,0
-106,-1788,1992,1575,-1539,-338,0,0
-776,-1811,2254,1733,-1270,-111,0,0
-1227,-1855,2545,1836,-1059,-117,0,0
-1426,-1959,2724,2876,-1116,-27,0,0
-1186,-2110,2718,9983,-2011,631,0,0
187,-1962,2449,17832,-2889,2393,0,0
1019,-1377,2351,11430,-3454,1232,0,0
1991,38,4960,11455,730,-636,0,0
4984,846,6696,10693,-28,208,0,0
3317,2370,6445,8023,-4701,2565,0,0
-1767,3674,6138,8054,-987,642,0,0
-917,2441,4747,9863,4013,-316,0,0
-1217,-2062,1751,2036,-1589,-2005,0,0
-1589,-2456,1568,5895,-1976,-2043,0,0
-2248,-3082,1433,11236,-1817,-2334,0,0
-2984,-3479,1219,11756,-1783,-2897,0,0
-2995,-4180,1227,12968,-184,-1919,0,0
-1070,-4884,1577,10772,84,-1503,0,0
1275,-5076,1945,8796,-798,-976,0,0
1481,-4627,2406,6925,-1479,-1298,0,0
-232,-3907,2652,5969,-1038,-1395,0,0
-1248,-3425,2520,4394,94,-317,0,0
-827,-2321,2169,1610,1200,988,0,0
281,-624,1148,1041,1554,-129,0,0
318,770,-208,2388,1028,-499,0,0
-260,2368,-1153,3409,201,-1049,0,0
-1462,3429,-1517,5861,458,99,0,0
-1400,4481,-3288,8850,-411,1082,0,0
-1613,5872,-1089,12335,-474,-823,0,0
48,6282,-986,13151,-581,-2078,0,0
3987,5683,-721,9813,1514,-3346,0,0
7948,3609,-1501,6752,-5984,-1878,0,0
3576,3623,-2664,2903,-6861,-4479,0,0
3173,2737,-1251,1551,-1161,-4232,0,0
5300,1018,-28,1482,-2587,-3636,0,0
2769,334,-315,797,-2616,-3262,0,0
490,299,-1477,-977,-3751,-2777,0,0
-537,215,-2960,-603,-4329,-3546,0,0
-1328,-523,-2608,731,-5631,-3747,0,0
-3432,-1386,-846,1757,-4440,-3289,0,0
-3154,-2368,734,4011,-3179,-1812,0,0
-2342,-3043,2141,10578,-2028,-502,0,0
-658,-3462,3299,13593,-909,-320,0,0
965,-4072,4677,14072,-1977,-2657,0,0
-1093,-4378,5395,13760,-1403,-2856,0,0
-3824,-4379,4189,9964,-986,-2274,0,0
-4703,-4495,2599,7698,-285,-1233,0,0
-3656,-4418,1437,5621,871,-206,0,0
-1597,-3843,842,4075,598,258,0,0
181,-3166,593,2796,221,-256,0,0
408,-2702,560,2095,-257,204,0,0
696,-1709,43,1085,1138,1824,0,0
1243,-217,-374,1271,648,1587,0,0
469,1629,-1272,2799,998,1588,0,0
-108,3509,-1800,5997,880,692,0,0
579,5057,-1521,10273,448,-990,0,0
664,5635,-1529,13499,-874,-1814,0,0
69,6052,-1865,14673,-1376,-2622,0,0
1376,5880,-1921,14992,-263,-2592,0,0
3851,5178,-2745,10895,-3941,-1771,0,0
3121,5223,-3843,8116,-3071,-5221,0,0
3765,3832,-3328,3205,-2106,-3342,0,0
5688,2338,-1471,2636,-3709,-4136,0,0
4091,501,-1087,3103,-6081,-3846,0,0
740,-212,-1320,327,-5720,-4719,0,0
-114,-926,-739,-706,-5889,-3234,0,0
-488,-1399,228,-117,-6025,-1796,0,0
-875,-1626,1230,101,-5084,-1425,0,0
-1290,-1758,2299,1012,-3895,-1361,0,0
-1779,-1951,3041,2616,-2825,-942,0,0
-1404,-2012,3068,7151,-2784,-1305,0,0
-359,-1351,2652,11196,-2722,-3076,0,0
-2273,-1519,2472,12437,-2830,-4931,0,0
-5184,-2902,2451,13557,112,-3742,0,0
-3361,-4481,2491,13651,822,-1907,0,0
-947,-5143,2414,12533,-234,-1282,0,0
-94,-4851,2492,9440,146,-1589,0,0
1306,-4275,2535,5324,1231,-2448,0,0
826,-3168,2300,1609,89,-641,0,0
-2059,-2260,1424,1239,121,-580,0,0
-1522,-1886,904,681,1215,701,0,0
-1086,-1209,626,291,1318,393,0,0
-263,-672,65,383,1613,785,0,0
856,204,-403,1030,572,892,0,0
-65,1696,-989,2035,876,222,0,0
-627,3200,-1471,4899,944,-488,0,0
-1245,4670,-1456,7915,317,-1810,0,0
-1169,5455,-1267,11281,1593,345,0,0
1803,6262,-1364,15585,-1940,569,0,0
3191,6759,-1632,17649,-2527,-3213,0,0
4525,6090,-2105,12873,-3000,-2769,0,0
4417,5578,-3076,7360,-2804,-4498,0,0
4378,3847,-3373,5050,-3739,-1955,0,0
3850,2518,-2601,5121,-4267,-2008,0,0
3019,2094,-2031,3478,-4386,-3426,0,0
2339,1595,-2022,466,-6165,-4425,0,0
294,682,-1544,-153,-5937,-3936,0,0
-187,-63,-579,194,-5666,-3999,0,0
-766,-802,518,690,-4937,-3759,0,0
-1466,-1489,1361,1373,-4505,-2966,0,0
-1874,-2167,1870,3430,-3515,-2550,0,0
-1806,-3132,2741,9157,-2864,-2053,0,0
-1658,-3639,3654,12271,-2234,-1260,0,0
-2355,-3686,3939,13340,-2387,-1816,0,0
-3495,-4282,3997,15398,-1411,-1543,0,0
-3408,-4878,3420,14878,-860,-1579,0,0
-2045,-5038,2537,13126,-715,-1243,0,0
-971,-4799,2320,10033,-180,-1763,0,0
-697,-4518,2489,6866,123,-1293,0,0
-942,-3769,2319,3741,127,-750,0,0
-896,-2913,1630,1513,1626,357,0,0
332,-2038,892,55,930,594,0,0
178,-863,-14,509,2012,1565,0,0
614,661,-1032,1637,1385,2465,0,0
60,2407,-1322,3457,1233,1324,0,0
220,3647,-1233,5694,1174,255,0,0
-119,4655,-1407,8480,388,-480,0,0
-850,5662,-1779,11304,-2,-1493,0,0
195,6115,-2024,15511,-1344,-2343,0,0
1675,5779,-1824,15395,-2386,-3637,0,0
2600,4506,-1829,11679,-2530,-2334,0,0
3621,3918,-1965,7765,-2025,-2095,0,0
5333,3317,-2234,3715,-2389,-2954,0,0
5017,2228,-2170,1814,-4524,-2891,0,0
2511,1218,-2066,2851,-4122,-4224,0,0
1509,490,-2129,296,-5190,-3210,0,0
1559,349,-2001,-1928,-7004,-2875,0,0
713,75,-949,-1411,-6869,-2823,0,0
-66,-330,418,-511,-5944,-2581,0,0
-1240,-801,1464,595,-4657,-1880,0,0
-1633,-1275,2450,1862,-3269,-1287,0,0
-2019,-1706,2982,5077,-2858,-1872,0,0
-2527,-2184,2889,11872,-2201,-2176,0,0
-1907,-2096,2758,12464,-1753,-3539,0,0
-2125,-3017,2796,15018,-1415,-3312,0,0
-2630,-4169,2896,14937,-1023,-2825,0,0
-2452,-5101,2983,13617,-415,-1462,0,0
-820,-5358,3361,10897,-568,-3064,0,0
-664,-5068,3604,8381,-624,-725,0,0
-2640,-4568,3302,5763,362,937,0,0
517,-3089,2821,1714,1275,1618,0,0
-517,-1528,1817,213,1911,111,0,0
-967,-569,254,519,3608,451,0,0
720,510,-925,1426,2782,1332,0,0
622,1990,-2020,2964,1756,747,0,0
343,3114,-2618,5754,1338,-148,0,0
359,3977,-3067,8496,322,654,0,0
120,5265,-3427,11980,-1012,104,0,0
-543,6200,-3842,16204,-1345,-29,0,0
260,6529,-4057,18111,-2061,777,0,0
1292,6928,-3631,16452,-1869,-809,0,0
3838,6371,-2267,10737,-54,-2172,0,0
6011,4450,-1803,6637,-3895,-4394,0,0
2011,2984,-3192,2500,-5447,-3885,0,0
1261,2192,-2762,2925,-4193,-3201,0,0
1438,1539,-1405,3223,-6775,-5466,0,0
-404,820,-1643,792,-6523,-5020,0,0
-606,-429,-134,275,-5253,-2972,0,0
287,-1209,1468,1226,-3985,-2776,0,0
3,-1614,2289,1989,-2542,-2358,0,0
-698,-2019,2780,2629,-1979,-1741,0,0
-1446,-2622,3211,6241,-1845,-1593,0,0
-1661,-3207,3612,12198,-1633,-847,0,0
-1661,-3252,3339,12903,-2110,-1214,0,0
-2137,-3711,3204,15088,-1172,-1006,0,0
-1726,-4453,3507,14760,-1292,-499,0,0
-1559,-4639,3663,13513,-1747,-925,0,0
-2267,-4615,3585,10992,-1118,-1381,0,0
-2786,-4774,3441,8523,-494,164,0,0
-2571,-4399,3149,6028,-322,220,0,0
-2001,-3741,2533,2913,1124,1269,0,0
-256,-2428,1768,226,1488,1072,0,0
250,-1317,661,243,2243,1032,0,0
1525,-2,-426,1152,1822,1445,0,0
1048,1568,-1245,2321,2191,1370,0,0
1252,2878,-1609,4203,1482,1122,0,0
1430,3906,-2420,8586,850,1401,0,0
1472,5263,-3423,13322,-948,1849,0,0
-135,7011,-4148,17458,-1258,-1207,0,0
-653,7102,-3945,18234,-1320,276,0,0
409,6637,-3019,17700,-1969,-823,0,0
2533,5640,-2054,13449,99,-2560,0,0
7330,3663,-2022,8386,-1905,-1536,0,0
8012,2157,-2870,2659,-9573,-2628,0,0
2685,1292,-1993,1360,-6207,-3228,0,0
2922,410,-854,1462,-8089,-2698,0,0
579,212,-996,-1127,-9940,-3670,0,0
-2447,-248,-271,-866,-5787,-2942,0,0
-2475,-883,1007,637,-3580,-1249,0,0
-2328,-1243,1772,1479,-3078,-639,0,0
-2729,-1562,2069,2051,-2500,-1249,0,0
-2502,-2097,2362,3339,-1797,-1924,0,0
-1827,-2741,2633,7183,-1602,-2309,0,0
-1699,-3469,2700,14195,-2046,-1386,0,0
-1780,-3502,2309,12328,-2362,-1151,0,0
-1468,-3668,2962,13057,-867,-2202,0,0
-480,-4249,3703,12766,-1044,-1882,0,0
-1418,-4253,3436,11325,-1723,-1297,0,0
-2633,-4044,2914,9031,-561,-1271,0,0
-1881,-3951,2594,6501,-228,-606,0,0
-804,-3850,2325,4637,-543,-53,0,0
358,-3360,2287,2108,-426,895,0,0
1269,-2091,2645,1064,462,325,0,0
344,-1186,2070,-43,2582,171,0,0
-104,-344,366,-726,1958,201,0,0
62,600,-1251,1074,984,760,0,0
367,1906,-2238,3029,1201,-282,0,0
265,3281,-3028,4867,106,-644,0,0
-1334,4780,-3563,7137,-145,-2490,0,0
-2523,5647,-3542,10142,940,-686,0,0
-900,6250,-3044,14371,-946,550,0,0
375,6366,-2602,16082,-893,-672,0,0
3402,5430,-1910,16063,-839,720,0,0
5118,4915,-1596,15325,-1572,586,0,0
5894,4190,-2022,9986,-2513,-2248,0,0
4789,2644,-2592,2027,-2871,-2198,0,0
2523,2128,-2188,642,-4350,-2361,0,0
175,1432,-2325,3006,-4660,-3213,0,0
1127,1324,-2695,1707,-8247,-3359,0,0
646,1329,-2316,348,-7912,-4828,0,0
932,53,-449,195,-5538,-2497,0,0
1211,-794,1559,450,-5526,-2942,0,0
-408,-1369,2597,1677,-3849,-1589,0,0
-3208,-1659,3085,2636,-2013,-1087,0,0
-990,-1859,3538,5511,-2309,-1032,0,0
-1514,-1852,3537,13753,-3187,-1355,0,0
-4604,-2075,2697,15760,-2985,-2651,0,0
-6687,-3837,2528,17555,-315,-1455,0,0
-3971,-5912,3204,17472,-547,338,0,0
-1609,-6775,3794,15857,-794,641,0,0
-856,-6644,4048,11155,-441,79,0,0
232,-6044,3957,8382,-389,597,0,0
988,-4960,3933,5174,-540,1752,0,0
339,-3184,3787,2681,564,1418,0,0
-776,-1674,3023,450,2457,638,0,0
-2015,-784,1444,-637,2763,596,0,0
-1434,-41,23,-646,2175,994,0,0
207,824,-797,368,2167,878,0,0
1174,1576,-1539,1379,1659,532,0,0
1877,2119,-2285,2948,1774,633,0,0
2494,2508,-3211,5831,1491,852,0,0
2131,3251,-4431,10067,1594,788,0,0
1579,4445,-5660,14330,247,-327,0,0
456,5678,-6041,17802,-297,-141,0,0
-75,6330,-5550,20403,-1626,489,0,0
-875,6416,-5218,21635,-1634,-2328,0,0
-253,6193,-4495,18670,-650,-616,0,0
1651,5447,-3622,13650,-1509,-1930,0,0
3074,4170,-3309,7250,-2198,-3101,0,0
4384,2993,-2594,3038,-4798,-4002,0,0
2509,1669,-1723,1401,-6176,-4521,0,0
896,767,-1188,772,-6331,-4633,0,0
579,-98,-303,937,-6579,-3820,0,0
-139,-935,819,1057,-5556,-2318,0,0
-352,-1514,2177,1705,-3729,-1480,0,0
-273,-1883,3264,2439,-2709,-963,0,0
-482,-2005,3726,2915,-2388,-740,0,0
-1109,-1930,3821,3822,-2150,-1146,0,0
-2104,-2141,3593,9730,-2524,-2085,0,0
-2708,-2748,3505,17813,-2619,-2410,0,0
-3340,-3695,3498,17143,-1754,-1123,0,0
-2790,-4723,4507,15220,-759,-2730,0,0
-2825,-6034,5059,15693,-744,-984,0,0
-2895,-6352,4294,12199,-1160,83,0,0
-2734,-6091,3242,9253,-639,445,0,0
-2252,-5758,2572,7156,-541,724,0,0
-799,-5072,2419,4138,-96,1726,0,0
91,-4014,2795,2833,-66,1002,0,0
103,-3303,2525,1807,3546,3208,0,0
2970,-1451,1763,-1666,4009,3969,0,0
155,1006,-267,-271,2883,2023,0,0
-285,2794,-2401,1884,2082,765,0,0
822,4266,-3359,5703,622,-600,0,0
1739,5227,-3740,10083,-1626,-328,0,0
749,6327,-3538,14379,-1585,-1724,0,0
905,6921,-3928,16737,-2636,-3147,0,0
1990,7345,-4414,19175,-3468,-2756,0,0
2994,7317,-4917,21384,-4646,-1315,0,0
2965,6475,-4842,18535,-4318,-2938,0,0
4513,4749,-3574,11930,-2797,-2336,0,0
6685,2687,-2502,6107,-3201,-2222,0,0
7517,1066,-1842,1080,-5847,-2594,0,0
3517,222,-1780,-1225,-7536,-2023,0,0
-3056,224,-2722,626,-7112,-1518,0,0
-1021,104,-1550,256,-6429,-860,0,0
190,-345,601,-273,-5757,-806,0,0
-220,-635,2114,487,-4854,-747,0,0
-1284,-678,2734,1228,-3857,-1019,0,0
-2267,-966,2832,2014,-3045,-1160,0,0
-2479,-1319,3038,3445,-3328,-1191,0,0
-3008,-1846,3216,8235,-3873,-1767,0,0
-3934,-2393,3457,16210,-4128,-1732,0,0
-4775,-2920,3264,15011,-2930,-3121,0,0
-4618,-4707,3877,16844,-105,-2290,0,0
-2032,-6233,4167,16003,-999,-1479,0,0
-1413,-6473,3956,13915,-1993,-567,0,0
-1609,-5937,3281,10331,-509,66,0,0
-277,-5068,2754,7315,655,794,0,0
638,-3649,2416,3209,565,1254,0,0
-443,-2062,1512,672,2278,871,0,0
-44,-1247,623,-617,2433,558,0,0
81,-387,99,-981,2270,1043,0,0
-294,1055,-468,-311,2238,747,0,0
-189,2394,-957,1298,1387,-209,0,0
-126,3050,-1604,3914,1122,828,0,0
746,4032,-2029,7634,-872,-179,0,0
7,5062,-2471,10909,-169,-301,0,0
-331,6185,-2262,13910,-3319,-4785,0,0
-4160,6064,-1498,15322,-715,-3295,0,0
170,5076,-9,14867,-2244,-1171,0,0
5175,4659,-372,10311,-2793,-4679,0,0
6320,3249,-1601,4582,-2016,-2025,0,0
6341,3010,-2741,2998,-3387,-1795,0,0
4855,2490,-3770,2824,-5099,-4692,0,0
2607,1386,-4080,1273,-7252,-3181,0,0
1699,1103,-2890,530,-7518,-3711,0,0
828,291,-1090,205,-6280,-3011,0,0
364,-275,601,259,-5237,-2329,0,0
-185,-606,1686,688,-3558,-1838,0,0
-438,-812,2306,1209,-2713,-1804,0,0
-1007,-1139,2513,5144,-3157,-2077,0,0
-2185,-1765,2451,12460,-3180,-1928,0,0
-4111,-2361,2291,13566,-3191,-3379,0,0
-5222,-4108,3278,17796,-601,-562,0,0
-3200,-5574,4149,15937,-275,-492,0,0
-1600,-6170,4257,13202,-897,-912,0,0
-1628,-6111,3669,10243,-370,-607,0,0
-1938,-5502,2894,7982,-667,-759,0,0
-2018,-4882,2141,6527,-179,109,0,0
-1859,-4196,1489,3581,833,2172,0,0
-945,-2748,788,723,1044,2576,0,0
-285,-1192,523,-559,2027,2388,0,0
142,389,-354,-830,2824,2774,0,0
214,1947,-1349,1879,1609,2032,0,0
1017,3450,-1620,4435,507,1739,0,0
2135,4841,-1904,8392,324,1227,0,0
3648,5394,-2214,13406,-1637,1180,0,0
3414,6478,-3260,18987,-2867,114,0,0
3078,7288,-4609,20444,-2357,-1756,0,0
3869,6290,-5347,20863,-2476,725,0,0
5039,5253,-5675,18428,-3717,-947,0,0
5326,3615,-5420,10794,-3394,-996,0,0
5686,2127,-4461,4819,-6857,-2276,0,0
4308,791,-3834,2190,-9351,-2172,0,0
2265,-308,-2546,2283,-10929,561,0,0
913,-273,-905,897,-11129,-141,0,0
-79,-201,1460,-258,-8508,-748,0,0
-1380,-523,3203,277,-5567,-50,0,0
-3047,-880,3738,2006,-3619,107,0,0
-3161,-1076,3751,2793,-2370,75,0,0
-2640,-1100,3717,3482,-2228,-853,0,0
-2590,-1549,3426,6554,-3097,-1729,0,0
-3235,-2153,3133,13012,-3712,-1231,0,0
-4440,-2353,2819,15287,-3758,-2266,0,0
-4536,-3424,3144,16272,-1997,-1710,0,0
-3688,-4744,3688,15954,-1184,-601,0,0
-2738,-5416,3262,13407,-1342,-262,0,0
-840,-5029,3247,9854,-346,-210,0,0
761,-3968,3656,6484,-252,-623,0,0
63,-3071,3691,3496,-1034,-1539,0,0
-1689,-2307,2938,1073,169,-1077,0,0
-1546,-1761,1799,-82,1347,-445,0,0
-432,-1152,1063,-514,1217,-263,0,0
48,-346,351,-291,1076,-322,0,0
163,244,-275,-82,1247,-78,0,0
327,743,-808,601,1345,-361,0,0
528,1288,-1589,1720,840,434,0,0
595,2286,-2283,3919,666,219,0,0
515,3243,-3067,6978,108,598,0,0
655,4833,-3384,10000,-378,-437,0,0
722,5731,-3556,14363,-367,-691,0,0
1557,5894,-3424,17166,-2403,288,0,0
2650,6483,-3314,19367,-1831,-1858,0,0
3359,5382,-3743,15554,-3574,-1736,0,0
3217,4175,-4117,9009,-4811,-2504,0,0
6422,2672,-3266,3521,-7733,-3171,0,0
4930,1575,-2521,2322,-7623,-4425,0,0
2184,911,-2454,-153,-9816,-3577,0,0
-754,448,-1929,-1051,-9425,-3353,0,0
-1754,-292,-131,450,-7237,-2972,0,0
-1496,-1131,1941,1542,-5231,-2208,0,0
-1517,-1752,3268,2474,-3340,-1705,0,0
-2016,-2135,3727,3420,-2496,-1919,0,0
-2667,-2664,3613,6257,-2297,-2174,0,0
-3157,-3352,3134,12655,-1910,-1821,0,0
-2658,-3449,2321,13368,-2020,-2240,0,0
-2101,-3969,2160,14597,-1210,-2075,0,0
-1310,-4682,2731,14604,-426,-1539,0,0
-262,-4906,2984,13023,-1306,-908,0,0
15,-4452,3424,9383,-909,-603,0,0
-262,-3561,3586,6719,628,-60,0,0
-714,-2435,2659,1437,2039,359,0,0
-2348,-1566,1171,-69,422,-292,0,0
-1285,-907,395,-261,1728,250,0,0
1053,-228,290,-866,2195,924,0,0
1234,450,-152,105,1624,573,0,0
443,1234,-928,1543,1464,91,0,0
178,1999,-1870,2643,1924,911,0,0
1459,2813,-2676,5932,881,757,0,0
2546,3566,-3613,10494,637,975,0,0
3027,4377,-4339,13292,-386,654,0,0
1751,4847,-4339,14527,-820,332,0,0
-202,5022,-3859,18068,-900,166,0,0
-102,5069,-3631,18704,-1006,-1049,0,0
2560,4740,-4125,15190,-972,-1937,0,0
4765,3666,-5011,9183,-1439,-2009,0,0
5745,2197,-5103,4785,-4695,-939,0,0
4598,1065,-4010,2920,-6421,-1949,0,0
3169,-97,-2821,2592,-7853,-1988,0,0
712,-646,-2481,1458,-8986,-290,0,0
-675,-671,-1359,-55,-8642,-44,0,0
-333,-711,997,668,-6066,112,0,0
-379,-741,2480,1488,-5045,182,0,0
-1392,-681,3282,2339,-3743,114,0,0
-1991,-744,3872,4223,-2806,-650,0,0
-2412,-1256,4620,10322,-3427,-1944,0,0
-3903,-2209,5424,16724,-2050,-1989,0,0
-4504,-3605,5910,18339,-1602,-1438,0,0
-4747,-5068,5973,18897,-734,-921,0,0
-4451,-6194,5259,16734,-634,-220,0,0
-3975,-6346,3674,14233,-1205,141,0,0
-3158,-6213,2356,11425,-436,496,0,0
-2071,-5851,1837,7793,-93,997,0,0
-330,-4780,1746,3945,663,2599,0,0
627,-3012,1849,1538,1282,2316,0,0
919,-1437,1402,32,3240,2550,0,0
2077,368,339,-446,3351,2225,0,0
1760,2088,-1180,1960,2032,660,0,0
1806,3613,-2670,4818,1635,463,0,0
1043,5162,-4042,9363,347,356,0,0
-672,6374,-4741,14090,137,-680,0,0
-570,6806,-4438,16307,532,-424,0,0
2275,6058,-3614,17124,-293,354,0,0
3989,5093,-3297,18617,-1139,1357,0,0
4825,4960,-3703,18558,-2150,499,0,0
3539,4252,-4866,13997,-4961,-1940,0,0
1798,3593,-4552,7744,-3653,-971,0,0
4231,2986,-2993,4655,-3375,-3295,0,0
4343,1407,-2424,2252,-9420,-2204,0,0
-183,1284,-3144,115,-10001,-4028,0,0
-854,960,-2319,-292,-6514,-4211,0,0
327,-154,-49,136,-6607,-2735,0,0
-897,-849,1590,1227,-5263,-1681,0,0
-1854,-1225,2322,1743,-3467,-1433,0,0
-1718,-1619,2778,2574,-2932,-1299,0,0
-1424,-2039,3199,4330,-2767,-1728,0,0
-1709,-2692,3574,9259,-3258,-2277,0,0
-2395,-3401,4008,14294,-2209,-2078,0,0
-3195,-4475,4432,16005,-1739,-1876,0,0
-3161,-5787,4937,18956,-1434,-785,0,0
-2845,-6499,5047,17809,-1069,-359,0,0
-2560,-6686,4244,14744,-1406,520,0,0
-2134,-6128,3350,11067,-618,584,0,0
-657,-5364,3112,6909,721,1915,0,0
1669,-3439,3305,2185,1824,2012,0,0
570,-1523,2514,572,3111,1413,0,0
60,190,355,-14,4177,2287,0,0
-349,2204,-1626,2697,3187,1079,0,0
714,3548,-2699,5912,1933,735,0,0
861,4705,-3364,8974,154,1033,0,0
207,5888,-3752,12362,227,508,0,0
689,6279,-3724,15014,-325,-2296,0,0
1350,5865,-3618,16090,-1288,816,0,0
2048,5776,-3543,16853,-1185,976,0,0
2478,5590,-3639,15456,-1472,71,0,0
2342,5066,-3599,13815,-1550,-15,0,0
2383,4389,-3366,10226,-869,-537,0,0
2887,3445,-2886,6771,-1366,-1021,0,0
2192,2810,-2271,4473,-1892,-2835,0,0
1843,1991,-1520,2033,-1208,-3960,0,0
2101,824,-581,-672,-2503,-4007,0,0
1014,-252,-343,23,-4989,-3067,0,0
-1055,-630,-494,1182,-5370,-2890,0,0
-1338,-1112,247,923,-4696,-1969,0,0
-670,-1703,1672,1516,-3978,-1505,0,0
-755,-2207,2718,2829,-3328,-1314,0,0
-1006,-2573,3326,4059,-2814,-1276,0,0
-997,-2776,3631,5224,-2643,-2229,0,0
-1417,-3244,3769,7520,-2215,-2917,0,0
-1959,-3992,3892,12216,-2606,-3733,0,0
-3200,-5018,3913,13977,-1982,-2189,0,0
-3422,-5462,3650,15726,-1523,-2572,0,0
-2392,-5914,3596,15069,-1138,-2573,0,0
-2755,-6044,3012,14521,-1280,-2135,0,0
-2284,-6014,1797,11283,-427,-524,0,0
-751,-5538,1689,8310,74,609,0,0
1185,-4190,2181,2527,2033,2824,0,0
1419,-1954,2402,-775,3082,1419,0,0
863,-516,1154,-1939,4524,1545,0,0
700,1242,-782,-141,3386,1220,0,0
-31,2749,-2012,2869,2844,890,0,0
623,3662,-2418,6254,2799,1044,0,0
1610,4208,-3048,9311,943,1324,0,0
2466,4843,-3651,12678,180,1578,0,0
2605,5590,-4154,15889,-1091,437,0,0
2236,5915,-4559,18352,-1893,69,0,0
794,5864,-4844,17692,-2280,-869,0,0
-1263,5755,-4416,15280,-1466,-2238,0,0
-525,5427,-3519,14131,599,-717,0,0
4503,4113,-3291,10792,-364,-1154,0,0
8074,2376,-3408,6313,-3429,-1178,0,0
5246,1714,-2839,3160,-5545,-1699,0,0
1331,1288,-1502,2127,-4383,-3672,0,0
655,63,-412,262,-6749,-1908,0,0
-2159,-351,311,215,-6750,-1496,0,0
-2465,-2760,1255,1495,-3986,-2051,0,0
-1192,-1349,2404,2000,-3430,-1575,0,0
-1367,-1689,2984,2348,-2591,-1023,0,0
-1910,-2051,3425,2914,-1891,-823,0,0
-2292,-2546,3767,3714,-1248,-500,0,0
-1952,-2809,3834,4969,-861,-711,0,0
-1975,-3118,3775,9620,-1742,-1429,0,0
-2878,-3402,3027,10865,-1602,28,0,0
-2671,-3544,2141,10986,-1469,620,0,0
-1319,-3588,2051,10792,-1198,686,0,0
427,-3354,2802,9861,-712,628,0,0
1663,-2891,4411,10580,-1145,673,0,0
496,-1629,6042,10864,58,836,0,0
-1015,1,5843,9150,102,770,0,0
-4766,1364,4423,6427,706,1616,0,0
