-1833,485,-171,-4174,857,-438,0,0
-1183,396,-108,-4158,1079,-351,0,0
-591,300,-210,-4005,1034,-381,0,0
-401,235,-395,-3753,986,-409,0,0
-368,180,-621,-3764,1036,-362,0,0
-329,132,-819,-4087,1109,-455,0,0
-772,102,-819,-4166,1038,-475,0,0
-1583,81,-592,-4106,1127,-279,0,0
-1806,54,-252,-4034,1456,-179,0,0
-1403,-25,70,-3948,1584,-97,0,0
-782,-136,286,-3951,1643,-118,0,0
-265,-185,425,-3926,1709,-273,0,0
-61,-204,523,-3919,1611,-346,0,0
-25,-196,577,-3882,1587,-304,0,0
112,-175,570,-3820,1502,-227,0,0
352,-146,516,-3812,1398,-202,0,0
628,-111,412,-3833,1280,-198,0,0
857,-85,278,-3890,1208,-254,0,0
933,-64,175,-3904,1119,-384,0,0
824,-47,102,-3910,987,-438,0,0
639,-46,33,-3967,966,-443,0,0
480,-40,-46,-3965,936,-465,0,0
329,-42,-140,-3873,907,-487,0,0
209,-52,-268,-3874,953,-488,0,0
216,-49,-435,-3971,1012,-486,0,0
319,-47,-588,-4039,972,-504,0,0
181,-79,-680,-4245,1006,-549,0,0
-211,-218,-703,-3973,1936,-1041,0,0
900,-161,-570,-3765,3516,-2473,0,0
2210,399,77,-4055,4327,-3019,0,0
2717,1037,1000,-4973,4236,-3584,0,0
2534,1748,1933,-5531,3430,-3033,0,0
2173,2321,2481,-5790,2648,-2270,0,0
1043,2562,2696,-5002,2029,-1259,0,0
-431,2328,2819,-4024,1688,-999,0,0
-1678,1828,3191,-3114,1967,-424,0,0
-813,1085,3536,-2288,1738,-1028,0,0
666,1008,3665,-1223,888,-1071,0,0
610,1103,3787,-720,195,-896,0,0
864,1204,3635,-867,-155,-458,0,0
794,1228,3250,-976,-203,-361,0,0
417,1142,2801,-898,85,-327,0,0
317,979,2136,-398,576,-781,0,0
60,381,1511,727,1892,-2253,0,0
956,-114,1118,1966,2436,-3170,0,0
1062,-513,826,2099,2226,-4376,0,0
354,-207,820,2467,1894,-4095,0,0
643,33,705,3067,2166,-4461,0,0
766,80,454,3500,2206,-5553,0,0
812,10,134,4093,1855,-6247,0,0
201,13,-140,3147,1140,-4846,0,0
273,-404,-1022,2983,-644,-4593,0,0
728,-1077,-2430,1504,-385,-3082,0,0
-510,-2179,-3893,-2074,451,-797,0,0
-1821,-3920,-5383,-6160,372,-1191,0,0
-2175,-4672,-6820,-10831,1088,-962,0,0
-2974,-4495,-8022,-14293,1847,-230,0,0
-3196,-3200,-8567,-17300,3163,938,0,0
-4913,-3551,-6553,-10728,2365,314,0,0
-5990,-3393,-4795,-5561,4046,712,0,0
-2449,-1903,-5596,-6461,8653,-56,0,0
-1342,-1481,-4591,-3013,5587,-1995,0,0
-2345,-1107,-2183,-2461,6491,-1074,0,0
-1031,-457,-1137,-1014,5513,-1166,0,0
-1017,-217,-605,329,4767,-1644,0,0
-349,163,164,608,4092,-1105,0,0
548,657,788,5,3530,-457,0,0
390,609,1612,-934,2776,-375,0,0
797,346,2716,-3836,3840,-503,0,0
1654,186,4069,-8207,3985,-81,0,0
3020,254,5753,-12267,4670,685,0,0
4988,940,6561,-13166,4473,1311,0,0
4120,1524,6897,-11190,4209,421,0,0
2679,1946,6558,-9732,4250,-169,0,0
1758,2100,5669,-7418,3480,-745,0,0
997,2030,4733,-5742,2751,-1280,0,0
341,1853,3490,-4317,1790,-800,0,0
-587,1130,2454,-3176,1663,-1192,0,0
-500,574,1999,-2193,2108,-1509,0,0
-383,178,1669,-1642,2679,-1833,0,0
125,12,1666,-338,2905,-1962,0,0
1005,2,1395,1170,2456,-2415,0,0
1059,99,859,1919,2057,-2469,0,0
617,60,138,1664,1954,-2992,0,0
381,-33,-724,1661,1776,-2851,0,0
514,-263,-1805,126,1428,-3042,0,0
446,-352,-2751,-1639,859,-1466,0,0
-373,-1102,-3769,-3429,1117,-2377,0,0
294,-1205,-4594,-5357,820,-1397,0,0
-739,-1776,-5471,-7985,1303,-595,0,0
-186,-2297,-6457,-10721,1225,-980,0,0
-256,-2630,-6302,-12211,1804,15,0,0
-248,-3176,-5220,-12071,2113,-637,0,0
-817,-3549,-4078,-11274,1949,-817,0,0
-1803,-3239,-4111,-9829,3547,-1212,0,0
-3049,-2531,-4562,-5331,4002,-792,0,0
-4080,-2254,-3612,-1600,4557,-2741,0,0
-1901,-1265,-2165,566,4976,-3189,0,0
668,206,-1917,-607,5250,-2455,0,0
-221,842,-1746,-862,4533,-2275,0,0
-3784,786,37,-809,5008,-1121,0,0
-2635,745,1229,-568,5724,740,0,0
500,530,1771,-1400,3447,457,0,0
790,418,2827,-3716,2347,-35,0,0
621,409,3688,-8016,3173,-444,0,0
2404,487,4586,-11201,2023,-1013,0,0
2533,434,5991,-11309,1751,-599,0,0
1934,280,6799,-11127,3078,119,0,0
2601,512,6742,-10522,3735,-498,0,0
2607,1002,6206,-8963,3595,-436,0,0
1304,1053,5483,-7359,3323,-870,0,0
970,1120,4726,-5695,2711,-729,0,0
1026,970,3957,-4517,1984,-1158,0,0
590,717,3360,-3478,1490,-1377,0,0
11,195,2896,-1988,1589,-1685,0,0
653,-174,2254,-778,1602,-2563,0,0
574,-192,1684,306,1788,-2706,0,0
398,-170,1220,921,2003,-2739,0,0
739,-31,692,1242,1848,-3076,0,0
457,156,407,1134,2144,-2980,0,0
51,240,376,1411,1979,-2585,0,0
467,138,177,1706,1993,-2684,0,0
723,24,-69,1275,1836,-2830,0,0
243,17,-197,896,1586,-2763,0,0
585,41,-588,455,861,-2309,0,0
1038,-178,-1568,-336,-8,-1262,0,0
-368,-1029,-2763,-1702,153,-635,0,0
-1489,-2106,-4120,-4291,439,-563,0,0
-2053,-2770,-5731,-7407,192,135,0,0
-2977,-3014,-7612,-11430,170,1060,0,0
-2931,-2491,-9456,-16138,1622,15,0,0
-108,-2042,-9129,-14882,3655,-95,0,0
750,-3304,-5311,-14805,571,-1046,0,0
-196,-3380,-3521,-12660,2597,-1582,0,0
-2410,-2700,-3249,-9049,3802,-846,0,0
-4314,-1914,-3084,-6243,3632,-1736,0,0
-4137,-1227,-2544,-1794,4035,-1635,0,0
-3639,-905,-1384,1815,5703,-1901,0,0
-721,-2064,-866,1062,5687,-1621,0,0
1051,506,57,-645,3665,-1238,0,0
-209,619,1203,-781,3006,-814,0,0
-1352,575,1958,-667,2952,-80,0,0
-464,456,2548,-989,2695,161,0,0
983,329,3045,-2310,2737,713,0,0
2057,290,3686,-5702,3196,678,0,0
2625,261,4294,-10769,3869,-133,0,0
3000,4,5221,-11164,3337,-858,0,0
2997,388,6620,-11631,4203,-1051,0,0
2524,1063,7127,-10990,4585,-1154,0,0
2102,1607,6774,-9336,4486,-1420,0,0
2377,2201,5788,-7457,3654,-839,0,0
1734,2159,4650,-5323,2571,-474,0,0
383,1664,3623,-3837,1449,-356,0,0
-586,1062,2674,-2453,783,-378,0,0
-553,427,1808,-1258,693,-1173,0,0
-205,11,1140,-297,1439,-1408,0,0
411,-176,621,-105,2062,-2388,0,0
-243,-148,617,702,2743,-2484,0,0
-183,-104,520,1141,2861,-2413,0,0
351,18,451,1701,2989,-2473,0,0
545,-117,251,1987,2963,-2574,0,0
1412,-193,-18,1745,2571,-3114,0,0
913,-58,-150,1459,2476,-3366,0,0
-77,64,-159,1501,2780,-2825,0,0
124,-42,-102,1490,2973,-2773,0,0
585,-13,-59,1485,2528,-2981,0,0
311,-28,-160,1443,2238,-2728,0,0
-359,-197,-451,1215,1441,-1219,0,0
-3640,-1135,-1280,59,490,344,0,0
-848,-2258,-2688,-2842,-504,-219,0,0
-369,-2450,-4086,-6027,-740,681,0,0
-1630,-2800,-5459,-9162,908,1731,0,0
-2445,-3115,-6704,-13513,2024,699,0,0
-3780,-2642,-7289,-16810,2932,816,0,0
-3631,-1818,-7724,-17237,4708,627,0,0
-1287,-1134,-7508,-14642,5554,-100,0,0
-2593,-1827,-5546,-8405,5248,-372,0,0
-3638,-2261,-3241,-3781,5149,-1492,0,0
-2163,-1389,-2382,-60,5069,-646,0,0
-1400,-503,-1997,719,5700,-1641,0,0
-619,591,-1805,-647,5974,-1955,0,0
-567,672,-696,-569,5381,-1525,0,0
-1842,411,1141,-2488,4966,-577,0,0
-614,312,2252,-771,4433,-173,0,0
1512,314,2873,-2087,3233,-58,0,0
1858,352,3761,-5193,3486,-593,0,0
2106,662,4820,-11316,4585,-958,0,0
2093,801,5796,-14052,4024,-756,0,0
1985,971,7022,-13147,4525,-494,0,0
2353,1562,7351,-12342,4214,-342,0,0
2374,2228,6867,-9951,3372,284,0,0
1666,2327,5905,-8293,2414,91,0,0
133,1929,4923,-5835,1521,346,0,0
-769,917,4053,-4231,1053,-591,0,0
-460,184,3296,-2489,794,-904,0,0
542,-516,2308,-799,1227,-2252,0,0
1681,-273,1434,549,1222,-2630,0,0
-27,-67,746,1049,2131,-2710,0,0
-210,-12,464,978,2690,-2536,0,0
476,22,398,1459,2452,-2224,0,0
471,3,158,1330,2186,-2461,0,0
441,54,-12,1528,2184,-2404,0,0
-49,-100,-134,1582,2419,-2771,0,0
-1,-24,-158,1253,1997,-2404,0,0
209,224,-637,1501,362,-2296,0,0
1118,253,-2178,671,-544,-2246,0,0
485,-175,-4144,-2021,-638,-1424,0,0
-1885,-900,-5737,-5993,374,-1346,0,0
-2048,-1076,-6496,-9028,758,-141,0,0
-1132,-1401,-6688,-11035,1460,-7,0,0
432,-4064,-6580,-12805,1236,-328,0,0
370,-2782,-6034,-13266,1196,52,0,0
-226,-3006,-5631,-15162,2161,-131,0,0
-824,-2655,-5916,-15413,3635,-744,0,0
-2646,-2473,-5346,-10314,4077,-1290,0,0
-2794,-2224,-3988,-5335,5852,-1999,0,0
-1317,-1683,-3080,-1460,5046,-2857,0,0
-2012,-786,-1877,1757,5951,-3209,0,0
-1552,577,-1137,742,6655,-1881,0,0
-457,940,-188,-891,5611,-1218,0,0
-736,703,1349,-813,4333,-564,0,0
-263,592,2354,-795,3543,352,0,0
420,463,3021,-1828,2696,262,0,0
1109,447,3696,-4583,2694,-224,0,0
1447,498,4403,-10324,3357,-497,0,0
2273,250,5105,-12550,3236,-1192,0,0
3214,612,6243,-11833,3286,-1417,0,0
1820,1144,6852,-11687,3379,-560,0,0
1354,1516,6411,-9995,3357,-191,0,0
2008,1906,5500,-8766,2828,-555,0,0
505,2024,4621,-6657,2018,5,0,0
-673,1388,3765,-4883,1506,-592,0,0
-572,622,3023,-3014,1121,-1124,0,0
233,-62,2376,-2084,1583,-1947,0,0
1119,-147,1824,-1128,2018,-2261,0,0
127,-198,1401,-314,2726,-2430,0,0
-141,-86,1502,713,3154,-2220,0,0
648,-36,1328,1031,2714,-2724,0,0
1285,127,1050,1024,1892,-2397,0,0
499,187,749,1440,1347,-2261,0,0
83,71,21,1034,801,-2542,0,0
1986,25,-1416,259,-616,-1757,0,0
2620,-568,-3398,-1610,-1128,-836,0,0
-247,-1777,-5017,-5039,-362,-895,0,0
-4099,-2513,-6182,-8828,73,-404,0,0
-3772,-2096,-7519,-13175,2379,-1052,0,0
721,-1623,-7622,-13843,1976,-209,0,0
921,-2490,-6675,-15131,2198,-898,0,0
-1949,-2864,-5959,-14068,2695,-1144,0,0
-4980,-2333,-5401,-11163,5156,-282,0,0
-3532,-1470,-5430,-6490,6820,198,0,0
-3682,-1172,-4199,-2145,6112,-780,0,0
-3083,-472,-2302,77,7872,-633,0,0
53,162,-1475,886,6876,-548,0,0
-71,383,43,-2440,5871,-102,0,0
-732,257,1221,-364,5071,312,0,0
317,45,2279,-654,4293,862,0,0
1830,-75,3059,-1683,3582,987,0,0
2326,-150,4141,-5203,3371,737,0,0
2990,-216,5295,-11197,4565,133,0,0
3773,-298,6159,-13216,4508,198,0,0
3100,-227,7348,-13059,5735,-129,0,0
3323,558,7574,-11799,5506,336,0,0
3589,1620,6732,-9204,4198,146,0,0
1604,2077,5597,-7107,2735,4,0,0
-508,1717,4453,-4912,1612,179,0,0
-666,1086,3038,-3526,1009,-553,0,0
8,329,1928,-2610,814,-1339,0,0
310,-237,1615,-1439,1343,-2192,0,0
768,-346,1355,81,2045,-2553,0,0
405,-239,928,1154,2336,-2507,0,0
202,-86,566,1426,2468,-2689,0,0
783,112,-85,1307,1739,-2517,0,0
755,75,-939,1011,1353,-2479,0,0
518,-52,-1939,-106,1322,-3012,0,0
-78,-118,-2815,-1115,1712,-3153,0,0
356,-2,-3567,-2521,2245,-3877,0,0
-995,158,-3441,-4421,2303,-2064,0,0
-2502,-34,-3119,-7616,2566,56,0,0
-1088,-683,-3934,-6353,2650,-308,0,0
1047,-1218,-5198,-7751,2280,261,0,0
-878,-1864,-6063,-10251,2371,634,0,0
-2444,-1532,-6401,-12249,3026,613,0,0
-1619,-761,-6380,-12500,3134,966,0,0
-1085,-1195,-6277,-9337,4028,-475,0,0
-755,-1585,-5194,-4247,3623,-572,0,0
-1967,-1677,-3857,-3123,4732,-1692,0,0
-1644,-1088,-2895,-755,6588,-3140,0,0
45,-20,-2123,243,6844,-2724,0,0
-136,614,-917,-189,5999,-2330,0,0
-1141,769,634,-30,5245,-878,0,0
-248,760,1892,-395,4151,247,0,0
1288,743,2787,-1781,3047,487,0,0
993,736,3530,-5093,2933,673,0,0
777,651,4198,-11382,4173,136,0,0
2165,23,4951,-11862,3202,-541,0,0
3535,-208,6366,-12226,2950,-939,0,0
3085,560,6915,-12022,3041,-569,0,0
575,779,6263,-10737,3601,-660,0,0
799,973,5689,-9024,3393,-489,0,0
1652,1482,5025,-6770,2104,-698,0,0
501,1552,4059,-5022,1041,-795,0,0
-62,1007,2944,-3282,517,-813,0,0
342,459,1842,-2519,261,-1140,0,0
61,55,1245,-1132,1155,-1506,0,0
452,-141,692,-536,1868,-2046,0,0
-407,31,510,48,2517,-1632,0,0
-862,-31,353,409,3157,-1897,0,0
-214,35,243,566,3317,-1726,0,0
-241,-28,184,699,3533,-1763,0,0
-91,-34,146,655,3604,-2162,0,0
44,84,201,948,3636,-1797,0,0
10,-41,173,704,3521,-2114,0,0
258,57,213,954,3296,-1756,0,0
291,-6,130,759,3213,-1839,0,0
422,14,84,490,3067,-1979,0,0
906,180,27,817,2829,-2049,0,0
1423,213,-216,983,2274,-2277,0,0
1695,146,-762,894,1619,-2091,0,0
1684,-199,-1625,-301,922,-2143,0,0
861,-567,-2444,-1920,286,-1759,0,0
-582,-1074,-3249,-3365,404,-1262,0,0
-718,-1486,-4006,-5236,517,-698,0,0
-1064,-1785,-4446,-8001,326,-264,0,0
-2238,-2217,-5196,-11075,866,312,0,0
-1436,-2536,-6537,-12063,1824,-451,0,0
622,-2464,-6629,-12116,1651,-3,0,0
223,-3003,-5319,-13693,1383,-523,0,0
-2204,-3040,-4230,-14433,2219,-2121,0,0
-3983,-1757,-4138,-10246,3709,-1412,0,0
-4915,-2968,-4375,-4165,5207,-168,0,0
-4427,-822,-2792,-993,6042,-2021,0,0
69,-213,-1518,1534,6973,-2003,0,0
3374,454,-888,530,4753,-1312,0,0
1257,835,20,-696,4278,-1291,0,0
-832,971,1152,-569,4312,-594,0,0
-209,920,2261,-789,3583,231,0,0
352,815,3148,-1757,2838,551,0,0
599,771,3837,-3814,2806,595,0,0
795,842,4573,-9661,3490,499,0,0
1440,94,5326,-13700,3715,-757,0,0
3214,-38,5984,-12379,2871,-1377,0,0
1586,632,6699,-11694,3140,-1383,0,0
-554,809,6586,-9702,3123,-1364,0,0
20,937,6069,-7929,2971,-843,0,0
1261,1196,5064,-6519,2168,-457,0,0
1310,1122,3866,-4105,1226,-422,0,0
548,704,2754,-2973,914,-981,0,0
441,313,1883,-1639,1149,-1074,0,0
1351,-80,1085,-817,1474,-2132,0,0
1114,-41,621,22,1651,-1628,0,0
-208,-147,301,363,2248,-1871,0,0
-566,-64,125,792,2835,-1778,0,0
-145,-97,-14,923,3219,-2036,0,0
731,8,-68,739,3197,-2320,0,0
687,71,-137,933,3082,-2287,0,0
-128,-23,-172,719,3002,-2604,0,0
-252,67,-115,889,2959,-2370,0,0
786,220,-344,551,2526,-2467,0,0
996,358,-630,184,1984,-2259,0,0
-2272,213,-893,-363,1533,-1943,0,0
-619,150,-1197,-970,903,-1162,0,0
-284,-327,-1818,-1804,782,-1063,0,0
307,-856,-2689,-2894,728,-558,0,0
-62,-1562,-3756,-5127,1135,-801,0,0
-1166,-2061,-4835,-8517,1554,-617,0,0
-2167,-2293,-5914,-11067,2649,-414,0,0
-817,-2045,-6650,-11783,2814,-587,0,0
259,-1968,-6183,-11484,2458,158,0,0
-937,-2374,-5425,-11277,2089,-1094,0,0
-3070,-2258,-4122,-10940,2727,-954,0,0
-2035,-1842,-3254,-9381,3289,-1012,0,0
-114,-1258,-3045,-5565,3579,-1892,0,0
154,-974,-2233,-891,3124,-3057,0,0
-1125,-673,-921,2061,3337,-3385,0,0
-1123,327,-606,1359,4486,-2561,0,0
6,1334,-929,-603,4043,-1294,0,0
-396,1384,54,-891,3112,-588,0,0
-1408,1040,2008,-931,3087,146,0,0
-452,781,3008,-1746,3712,878,0,0
891,542,3438,-4422,3264,872,0,0
697,387,4307,-9843,4278,400,0,0
1865,-159,5092,-11113,3810,-989,0,0
2634,-59,6407,-10426,3670,-1334,0,0
1761,330,7043,-10230,4418,-977,0,0
2223,834,6397,-8500,4114,-800,0,0
2705,1584,5367,-7815,3566,-403,0,0
1746,1900,4197,-6481,2680,-526,0,0
601,1689,3255,-4732,1775,-411,0,0
363,1102,2501,-3381,1047,-474,0,0
271,550,2067,-2511,669,-978,0,0
166,-25,1580,-1008,835,-1606,0,0
655,-250,800,354,916,-1645,0,0
284,-277,-3,595,1998,-2438,0,0
-113,-173,-426,254,3023,-2830,0,0
-403,-98,-272,409,3582,-2779,0,0
-59,54,-137,456,3347,-2734,0,0
-162,112,-83,743,3277,-2497,0,0
-188,-58,-157,810,3321,-2614,0,0
333,45,-124,597,3300,-2379,0,0
244,65,-103,347,3158,-2421,0,0
-163,5,77,449,3189,-2248,0,0
-18,16,170,519,3123,-2334,0,0
167,-13,150,437,3003,-2453,0,0
-53,-15,146,611,2959,-2319,0,0
-177,-26,75,590,3050,-2657,0,0
176,-1,-14,497,2816,-2726,0,0
513,183,-154,631,2019,-2532,0,0
602,297,-810,540,928,-2109,0,0
323,92,-2170,-553,-5,-1178,0,0
-78,-519,-3796,-2958,98,-1105,0,0
-567,-1061,-4661,-5629,221,-1049,0,0
-512,-1491,-4748,-8082,84,-272,0,0
-294,-2044,-4683,-9605,-286,237,0,0
-1401,-2556,-5149,-11422,613,5,0,0
-1334,-2647,-5969,-13191,1698,-332,0,0
-1694,-2406,-6247,-13989,2985,681,0,0
-2140,-2720,-5576,-13997,4050,-479,0,0
-787,-2595,-4208,-11567,3281,-2087,0,0
-484,-2185,-2671,-5653,3477,-1469,0,0
-1085,-1876,-1645,-1593,2888,-3080,0,0
-2130,-1224,-1172,2017,4934,-3952,0,0
807,425,-1499,903,5428,-3374,0,0
2865,1609,-2020,-1449,2383,-2275,0,0
523,1407,-682,-872,1367,-61,0,0
-843,989,979,-628,729,1070,0,0
-786,735,888,-69,1778,120,0,0
-1323,778,670,-1370,2190,-127,0,0
-2231,755,1306,-4040,2897,-358,0,0
-789,538,2725,-7932,3678,-1569,0,0
2045,728,4029,-10720,1696,-1388,0,0
2072,875,5664,-11228,1535,-850,0,0
2036,1001,6551,-12734,1758,-429,0,0
2013,1270,6532,-10950,1714,-327,0,0
668,1522,6188,-9088,2044,-285,0,0
-154,1359,5450,-7683,1989,-434,0,0
100,1125,4715,-5987,1748,-420,0,0
553,700,3795,-4957,1450,-987,0,0
1075,422,2913,-3349,1025,-1040,0,0
1097,141,2189,-2258,1186,-1506,0,0
986,56,1520,-1146,1364,-1423,0,0
163,72,943,-841,2099,-1779,0,0
-361,77,677,-578,2572,-1921,0,0
-167,97,550,74,2877,-2022,0,0
-77,-5,414,487,3065,-2165,0,0
359,76,313,728,3108,-2046,0,0
627,78,105,912,3133,-2306,0,0
393,58,43,658,3082,-2133,0,0
-125,42,161,713,3196,-2085,0,0
27,-37,177,663,3079,-2310,0,0
450,-39,167,593,2902,-2115,0,0
272,-18,178,573,2816,-2248,0,0
25,-8,212,735,2802,-2380,0,0
318,17,186,606,2807,-2277,0,0
492,-3,170,618,2827,-2509,0,0
280,48,136,788,2683,-2590,0,0
-171,5,24,869,2768,-2679,0,0
-232,-77,-115,688,2896,-2794,0,0
141,2,-200,477,2764,-2679,0,0
210,44,-390,207,1800,-2152,0,0
283,-170,-1097,-289,587,-1260,0,0
1212,-960,-2399,-1769,636,-802,0,0
1959,-1995,-3460,-4004,675,-429,0,0
928,-2852,-3922,-6789,793,-14,0,0
-2110,-3104,-4298,-9269,1071,231,0,0
-5189,-2749,-5451,-10545,1699,562,0,0
-5818,-1952,-6799,-12690,1669,1177,0,0
-3969,-1349,-7326,-14374,1929,868,0,0
-3960,-1425,-6455,-14690,2290,280,0,0
-944,-1670,-5097,-12379,2795,-724,0,0
-1112,-1444,-4028,-8510,3777,-520,0,0
-1197,-1077,-3768,-3969,6151,-2033,0,0
-681,-738,-2601,885,6493,-2990,0,0
-92,30,-749,1079,6427,-2293,0,0
121,805,366,-481,5066,-1590,0,0
-950,976,1563,-783,3619,-834,0,0
-1392,829,2640,-887,3143,38,0,0
-421,643,3276,-1756,2734,655,0,0
863,464,3768,-3337,2441,968,0,0
1783,445,4269,-7756,2830,978,0,0
1557,266,4623,-12401,3215,628,0,0
2552,-412,4960,-9410,2968,-564,0,0
4074,18,5919,-9235,2347,-363,0,0
2894,747,6251,-9445,2859,-633,0,0
1853,1207,5663,-7735,2543,-937,0,0
1003,1501,4862,-6415,2604,-594,0,0
1363,1626,3862,-5404,2528,-695,0,0
1550,1467,3119,-3686,1886,-1044,0,0
955,894,2551,-2558,1462,-1272,0,0
833,391,2000,-923,1346,-1428,0,0
890,26,1266,-113,1655,-2194,0,0
1050,26,691,853,2014,-2341,0,0
272,-46,265,850,2445,-3100,0,0
-77,34,10,889,2594,-2777,0,0
-182,56,-124,807,2680,-2698,0,0
-448,54,-167,681,2596,-2677,0,0
-482,48,-197,683,2748,-2702,0,0
-309,65,-174,452,2768,-2757,0,0
-280,88,-118,476,2882,-2626,0,0
-308,135,-31,566,2765,-2553,0,0
-840,83,51,547,3033,-2439,0,0
-961,32,57,572,3322,-2467,0,0
-908,-5,92,737,3126,-2436,0,0
-876,54,58,759,3049,-2053,0,0
-510,50,-76,664,3221,-1883,0,0
181,61,-180,377,2945,-1855,0,0
258,94,-133,336,3131,-2063,0,0
186,118,-26,563,3143,-2104,0,0
493,149,33,849,3097,-2001,0,0
1279,166,-156,855,2638,-2161,0,0
1852,123,-587,489,1838,-2278,0,0
1247,-68,-1161,-566,1376,-2029,0,0
15,-239,-1845,-2050,561,-661,0,0
-1642,-811,-2910,-4051,540,-102,0,0
-2410,-1525,-4235,-6415,960,76,0,0
-1980,-1836,-5644,-9363,1655,1020,0,0
-2056,-2237,-6838,-11986,2521,433,0,0
-2825,-2250,-7338,-12528,2869,-174,0,0
-2252,-1605,-6698,-12390,2495,43,0,0
-1899,-1196,-5749,-13759,3405,-269,0,0
-1564,-1083,-4993,-11497,3178,5,0,0
-1686,-865,-4044,-7042,3856,4,0,0
-1509,-812,-3344,-1646,5066,-1690,0,0
-1115,-512,-2248,1797,6013,-2413,0,0
667,516,-1633,-6,6235,-1724,0,0
444,737,-483,-1031,5310,-1677,0,0
-853,711,1224,-184,4489,-2936,0,0
-8,814,2327,-644,3797,-82,0,0
760,847,3051,-1797,3078,99,0,0
1089,951,3813,-5165,3297,537,0,0
1688,1059,4483,-10945,3826,801,0,0
2617,428,5176,-12508,3457,-218,0,0
4137,574,6276,-11798,2516,-502,0,0
2885,1435,6937,-11323,2891,-895,0,0
1143,1906,6249,-9215,2585,-1131,0,0
577,1969,5382,-7429,2317,-1114,0,0
773,2121,4559,-6164,1924,-505,0,0
667,1975,3625,-4558,1283,-431,0,0
75,1403,2833,-3349,1091,-434,0,0
100,574,2193,-2113,1232,-878,0,0
559,69,1628,-916,1509,-1627,0,0
678,46,1127,771,1995,-1566,0,0
748,-93,362,1339,2266,-2786,0,0
38,46,30,1738,2555,-2401,0,0
-457,28,-174,1434,2866,-2586,0,0
79,84,-344,879,3056,-2311,0,0
-109,-5,-234,908,3019,-1988,0,0
-212,-123,-96,859,2945,-2296,0,0
84,-45,-34,925,2935,-2125,0,0
-9,-115,23,911,2947,-2478,0,0
-12,-110,87,873,2939,-2255,0,0
105,-151,55,838,2853,-2394,0,0
101,-166,60,746,2832,-2671,0,0
401,-78,-3,714,2645,-2518,0,0
686,-38,-219,508,2189,-2683,0,0
812,4,-689,12,1283,-2412,0,0
486,-92,-1683,-1196,333,-1148,0,0
-1102,-588,-3044,-3367,67,-222,0,0
-2470,-1166,-4643,-6732,518,-11,0,0
-2464,-1588,-6510,-9815,501,518,0,0
-2483,-2007,-7951,-12679,1631,103,0,0
-971,-1647,-8022,-13074,2539,-669,0,0
-447,-1614,-6541,-12302,769,0,0,0
-2795,-1853,-5165,-14357,2012,-1024,0,0
-2769,-1016,-4931,-13243,3758,-808,0,0
-2126,-277,-4766,-8881,3890,-15,0,0
-2525,-147,-4017,-3909,4817,-676,0,0
-2689,-226,-2328,934,6201,-865,0,0
-49,313,-1295,2215,5918,-52,0,0
788,664,-416,-34,5202,327,0,0
-874,501,774,-1089,4906,541,0,0
-393,192,1715,-822,4421,929,0,0
1420,-41,2373,-1203,3831,1285,0,0
2070,-141,3008,-2367,3191,1093,0,0
2415,11,4002,-6266,3727,503,0,0
2708,226,5078,-12945,3761,-154,0,0
2806,-120,6323,-13739,2818,-1434,0,0
3021,334,7382,-13059,3196,-1070,0,0
2344,1156,7326,-11629,3094,-582,0,0
2198,1872,6383,-9530,2628,-496,0,0
1886,2325,5061,-7631,1808,-196,0,0
110,1999,3874,-5224,1289,-443,0,0
-318,1476,3006,-3328,857,-470,0,0
55,695,1877,-2016,780,-770,0,0
583,52,998,-1076,1331,-1563,0,0
866,-217,225,-190,2074,-2240,0,0
200,-293,-301,493,2816,-2242,0,0
-65,-181,-385,395,3410,-2200,0,0
574,-53,-394,654,3185,-2288,0,0
198,55,-379,373,2809,-2715,0,0
-504,228,-269,236,3145,-2121,0,0
-199,141,-288,242,3246,-2238,0,0
13,142,-149,175,3245,-2084,0,0
-51,160,-27,195,3319,-1983,0,0
-144,94,24,131,3164,-2182,0,0
-305,12,116,365,3154,-2019,0,0
96,-14,31,319,3130,-2181,0,0
294,-8,-12,165,3126,-2171,0,0
79,-54,45,251,3101,-2065,0,0
-70,-56,125,241,3063,-2287,0,0
36,-51,135,245,2913,-2151,0,0
209,0,74,116,2582,-1974,0,0
142,84,-134,-2416,1861,-1537,0,0
-137,-76,-630,-1214,1194,-1098,0,0
386,-308,-1439,-1933,957,-1298,0,0
968,-404,-2390,-2987,996,-1570,0,0
-1066,-548,-3217,-5007,1587,-1377,0,0
-3509,-931,-4490,-6995,2633,299,0,0
-2635,-1327,-6073,-8303,2468,197,0,0
-1564,-1399,-6951,-9979,1692,-389,0,0
-974,-1472,-7153,-11601,2147,-601,0,0
645,-1451,-6590,-12431,2215,-870,0,0
764,-1838,-4858,-12586,1224,-1006,0,0
-1030,-1882,-3327,-10777,2070,-1615,0,0
-2447,-1216,-3158,-5657,3966,-1500,0,0
-3456,-703,-2768,104,5922,-1906,0,0
-1474,-133,-1027,1735,5650,-2434,0,0
1287,586,154,758,4063,-1396,0,0
642,952,646,-228,2998,-871,0,0
-939,1098,1008,-519,3606,-440,0,0
-571,1048,1660,-1171,3776,326,0,0
454,847,2631,-1891,3231,526,0,0
1189,776,3698,-4617,3054,162,0,0
1699,842,4518,-10965,3113,119,0,0
2050,136,5079,-11121,2263,-768,0,0
2549,-43,5815,-9338,2093,-1050,0,0
1811,361,5994,-9723,2929,-490,0,0
617,474,5515,-8262,3082,-1293,0,0
982,728,4971,-6854,3118,-1291,0,0
2121,1235,4137,-5236,2447,-1637,0,0
1154,1368,3215,-4205,1885,-2006,0,0
270,1156,2518,-2839,1623,-1266,0,0
571,878,1774,-2270,1217,-1512,0,0
202,622,1369,-1350,1580,-1457,0,0
454,370,989,-948,1668,-1818,0,0
547,530,719,-356,1959,-1480,0,0
-604,331,593,397,2572,-1729,0,0
-151,224,194,1106,2777,-2135,0,0
365,277,-259,1282,3019,-2159,0,0
16,110,-526,786,3370,-2597,0,0
320,111,-524,604,3273,-2413,0,0
565,93,-515,284,3036,-2553,0,0
451,112,-452,-2,2627,-2259,0,0
737,13,-582,-200,2190,-1903,0,0
1309,-242,-964,-658,1327,-1177,0,0
648,-866,-1390,-1168,977,-132,0,0
790,-1845,-2008,-2491,869,77,0,0
1716,-2800,-2331,-4048,781,67,0,0
399,-3608,-2477,-5566,984,-30,0,0
-1440,-4121,-3282,-7162,739,-335,0,0
-3049,-3820,-4660,-9516,1001,-96,0,0
-3408,-3080,-6366,-13602,1670,-383,0,0
-782,-2719,-6968,-14913,3231,-843,0,0
2211,-3730,-4332,-11779,760,-1620,0,0
-612,-4193,-758,-9874,505,-1887,0,0
-2882,-3127,-280,-7575,3515,-1274,0,0
-2468,-1869,-1140,-3945,3028,-2242,0,0
-1783,-1043,-856,-578,1894,-3154,0,0
-2464,-405,114,818,2319,-2713,0,0
-1959,74,811,1012,2796,-2695,0,0
-1132,799,1261,174,1984,-1943,0,0
-1852,1386,1493,-591,2100,-781,0,0
-2029,1365,1901,-786,2581,-420,0,0
-727,973,2668,-1427,3204,-267,0,0
1044,695,3523,-3964,4164,508,0,0
1865,477,4548,-8491,5884,279,0,0
3109,472,4872,-10914,6592,366,0,0
3312,631,5599,-9839,5972,-577,0,0
3633,1409,5865,-9266,5305,-768,0,0
3132,2160,5062,-7784,4503,-225,0,0
1816,2240,4219,-6222,2871,-874,0,0
347,2096,3304,-4803,1706,236,0,0
-446,1323,2066,-3135,881,-136,0,0
-202,697,1235,-2299,677,-342,0,0
48,169,794,-2036,1009,-1353,0,0
-321,-63,593,-1422,1942,-2167,0,0
-290,-186,838,-620,3057,-2926,0,0
6,-4,866,417,2924,-2332,0,0
-604,-265,559,1035,3494,-2738,0,0
795,-67,270,1006,3209,-2600,0,0
356,69,19,955,2874,-2265,0,0
-197,7,-163,490,2909,-2335,0,0
-179,134,-234,538,2780,-1954,0,0
-151,194,-405,129,2441,-1771,0,0
-2280,211,-623,-431,1808,-1483,0,0
273,54,-1118,-1102,1052,-1354,0,0
931,-282,-1823,-2025,366,-968,0,0
340,-805,-2433,-3269,223,-859,0,0
-313,-1189,-3046,-4846,355,-240,0,0
-741,-1532,-4086,-6850,1112,-1631,0,0
-425,-1700,-5293,-8550,1494,-1146,0,0
825,-2001,-6590,-10501,2021,-3507,0,0
1529,-2118,-6901,-12589,1036,-1784,0,0
523,-2729,-6644,-13382,1869,-2219,0,0
288,-2848,-4421,-12304,-93,-1196,0,0
-1735,-2591,-2927,-9915,18,-487,0,0
-2826,-2119,-3423,-5793,3812,-581,0,0
-2241,-1873,-3789,-2688,4594,-1420,0,0
-1911,-1595,-2189,-466,4777,-2524,0,0
-711,-862,-707,659,5199,-2486,0,0
-190,-116,119,297,4091,-1601,0,0
-1386,263,732,-331,3871,-1185,0,0
-1257,300,1696,-898,3790,-673,0,0
57,181,2749,-1564,3514,-166,0,0
844,177,3996,-3697,3100,-214,0,0
1228,166,5037,-7725,3901,37,0,0
2402,116,5608,-14028,4998,-287,0,0
4236,-41,6364,-12796,3876,-962,0,0
4196,723,6917,-11748,3902,-511,0,0
2236,1355,6102,-9931,3734,-524,0,0
1459,1802,5145,-8221,3099,-363,0,0
2139,2325,4115,-6521,2261,256,0,0
1635,2200,2774,-5026,1286,-206,0,0
212,1546,1953,-3430,1123,57,0,0
240,572,1782,-2589,1410,-906,0,0
615,24,1780,-1558,1571,-1501,0,0
971,-281,1570,-424,1707,-2146,0,0
1368,-213,1010,465,1760,-2743,0,0
1501,-127,401,441,1434,-3666,0,0
509,182,188,451,1856,-3325,0,0
663,162,-54,781,2090,-2732,0,0
1078,-66,-299,518,1986,-2904,0,0
420,-38,-218,388,2201,-3328,0,0
-489,52,-22,566,2330,-3178,0,0
-293,48,30,621,2269,-3363,0,0
217,196,2,714,2426,-3105,0,0
1232,102,-130,556,1937,-3496,0,0
846,78,16,368,1925,-3539,0,0
518,52,146,508,1646,-3554,0,0
379,54,53,518,1413,-3740,0,0
510,50,-46,653,1572,-3458,0,0
626,-13,-35,537,1596,-3450,0,0
182,-32,84,507,1587,-3481,0,0
4,-63,119,677,1264,-3511,0,0
71,6,36,534,1177,-3810,0,0
-47,33,8,563,1410,-3493,0,0
63,-29,-53,557,1440,-3589,0,0
-69,-7,-67,489,1524,-3609,0,0
-184,-25,-59,476,1561,-3519,0,0
-207,-44,-90,561,1524,-3568,0,0
-141,-56,-101,492,1534,-3667,0,0
-80,-6,-76,462,1557,-3697,0,0
-192,24,-65,453,1507,-3381,0,0
-132,49,-145,202,1211,-3035,0,0
84,125,-454,-320,474,-1873,0,0
-355,-272,-1092,-1247,-299,176,0,0
-1173,-1443,-2146,-3325,-429,779,0,0
-2413,-2720,-3259,-6339,-353,11,0,0
-4497,-3278,-4429,-9054,-539,217,0,0
-6143,-2974,-6383,-12927,683,547,0,0
-4977,-1722,-8681,-17189,3134,21,0,0
-335,-912,-8955,-16941,4254,563,0,0
2203,-2526,-6581,-16268,2609,-1980,0,0
-215,-2954,-4318,-11799,2484,-2784,0,0
-3560,-2016,-3855,-6892,5236,-2848,0,0
-4781,-1075,-3850,-1397,6686,-2236,0,0
-3472,66,-2321,2044,9173,-2008,0,0
-41,926,-478,-398,6834,-817,0,0
921,979,851,-1067,4605,-368,0,0
-401,813,2004,-764,3799,5,0,0
-440,633,3119,-1409,3249,242,0,0
556,450,4387,-2904,3283,776,0,0
2302,198,5674,-6849,4204,774,0,0
3943,144,6602,-11106,4396,347,0,0
4755,258,6721,-12332,5196,-776,0,0
4620,1189,6321,-10754,4922,-1851,0,0
1504,2124,5817,-10296,5201,-1783,0,0
451,2457,5413,-8725,4453,-1219,0,0
1297,2633,4863,-6919,2649,-955,0,0
679,2388,3847,-4886,1385,-926,0,0
-151,1669,2883,-3628,571,-1555,0,0
-453,713,2243,-2100,1032,-1720,0,0
1852,226,1459,-786,693,-2699,0,0
41,357,822,772,1138,-2934,0,0
-70,459,154,1697,1874,-1681,0,0
1101,43,-409,1504,2286,-1594,0,0
1787,-406,-605,596,2054,-2395,0,0
561,-311,-386,650,2194,-2877,0,0
210,-167,-401,762,2168,-2943,0,0
589,-130,-468,852,1646,-2831,0,0
508,-265,-605,603,1532,-2574,0,0
641,-420,-892,-46,925,-1684,0,0
961,-703,-1377,-2872,170,-1609,0,0
1093,-1097,-1913,-1319,-181,-781,0,0
-307,-1815,-2651,-3145,-259,-404,0,0
-1860,-2688,-3635,-5669,58,-581,0,0
-2490,-3213,-4545,-8202,432,-1707,0,0
-987,-3177,-5391,-10686,832,-1785,0,0
143,-3562,-5787,-12870,455,-1102,0,0
-772,-3857,-5402,-12557,436,-1377,0,0
-2776,-3560,-4500,-12808,1167,-1510,0,0
-2878,-2881,-3945,-13313,2186,-1863,0,0
-1583,-2126,-3669,-9920,2446,-1326,0,0
-1957,-1687,-3167,-4447,1855,-920,0,0
-3471,-1358,-2545,-1582,3616,-1535,0,0
-2681,-865,-2213,-221,5125,-2081,0,0
-299,-269,-1532,308,4407,-1876,0,0
884,197,-505,98,3852,-1224,0,0
31,493,458,-236,3895,-886,0,0
-814,533,1188,-15,4407,-503,0,0
-273,450,2262,-992,4273,55,0,0
1594,464,3328,-3793,4140,-40,0,0
2752,813,4256,-9635,4471,-892,0,0
2750,1230,6023,-15809,3950,-1139,0,0
3033,1248,7478,-14275,3330,-603,0,0
3061,1618,7819,-13178,3742,-368,0,0
2293,2149,7050,-11245,3499,-406,0,0
1121,2494,6204,-9055,3046,-83,0,0
884,2430,5208,-6969,2006,79,0,0
-94,1932,4105,-5032,1353,390,0,0
606,1209,3377,-3460,861,16,0,0
1186,466,2432,-1852,604,-900,0,0
1048,-9,1410,-26,888,-1952,0,0
1336,-104,596,638,1456,-2415,0,0
1042,-57,177,968,1988,-2506,0,0
406,-26,8,998,2371,-2525,0,0
1028,-61,-171,1473,2174,-2448,0,0
610,-205,-293,1053,2241,-2791,0,0
133,-241,-254,1111,2182,-3072,0,0
-130,-192,-356,985,2200,-3360,0,0
-126,-148,-393,674,2247,-2876,0,0
206,-167,-546,152,1887,-2301,0,0
80,-382,-1027,-617,1468,-1202,0,0
-293,-1081,-1686,-1611,1241,-453,0,0
-638,-2155,-2443,-3288,1193,-650,0,0
-1401,-3209,-3509,-5658,1082,-737,0,0
-2138,-3529,-4799,-8367,1319,-366,0,0
-2886,-3462,-6153,-11012,1248,97,0,0
-3428,-3108,-7573,-14829,2269,22,0,0
-1129,-2648,-7787,-15373,2502,-269,0,0
-427,-2832,-5646,-14397,2641,-617,0,0
-2102,-2966,-3901,-9840,4244,-1150,0,0
-2900,-2488,-3325,-4958,3998,-1522,0,0
-3807,-1857,-2356,-556,3637,-1754,0,0
-2687,-1044,-1863,1325,5459,-2339,0,0
181,-77,-2071,-125,4788,-2342,0,0
-725,229,-945,-1055,4818,-2251,0,0
-2042,398,828,-351,5145,-1394,0,0
-919,496,2133,-417,4650,-361,0,0
781,470,3358,-1752,3750,-277,0,0
1379,544,4635,-4879,3629,165,0,0
2504,629,5756,-10168,5269,422,0,0
5259,839,6415,-15563,5838,168,0,0
5175,1596,7114,-14295,4779,84,0,0
3317,2410,6919,-12202,4793,-618,0,0
2114,2990,5806,-9703,3642,-702,0,0
78,2961,4940,-7888,2843,-382,0,0
-370,2724,3874,-5913,1618,86,0,0
-546,2004,2974,-4334,1223,107,0,0
-1028,675,2740,-3242,1771,-577,0,0
484,-247,2050,-848,1517,-1586,0,0
607,-348,1005,421,1394,-2562,0,0
419,-54,354,943,1971,-2193,0,0
886,-20,-8,887,2774,-1935,0,0
1884,-168,-159,659,2424,-1818,0,0
1243,-218,-201,659,2407,-2122,0,0
689,-230,-264,603,2351,-2614,0,0
-62,-123,-203,766,2517,-2505,0,0
-242,-118,-169,788,2782,-3170,0,0
-69,0,-135,624,2828,-3080,0,0
82,-14,-110,598,2752,-2978,0,0
90,-59,-64,541,2681,-3016,0,0
229,31,-65,594,2617,-2595,0,0
125,17,-89,477,2411,-2864,0,0
-249,38,-56,446,2528,-2685,0,0
-80,21,-74,350,2372,-2720,0,0
216,66,-148,409,2215,-2627,0,0
42,35,-205,261,2312,-2362,0,0
-76,15,-214,114,2167,-2109,0,0
-371,-30,-424,26,1438,-982,0,0
-812,-260,-1178,-551,686,279,0,0
-855,-864,-2517,-2808,548,530,0,0
-784,-1918,-3988,-6155,511,619,0,0
-1596,-3120,-5504,-10030,-134,-357,0,0
-3894,-3295,-7147,-13942,600,-473,0,0
-3583,-2320,-8619,-16679,1283,-440,0,0
-3544,-1406,-8591,-15390,2312,-602,0,0
-1419,-1777,-6073,-13230,1528,-1060,0,0
-1279,-1658,-3986,-12928,1794,-102,0,0
-376,-1033,-3881,-8776,3450,547,0,0
-918,-662,-4060,-4501,3370,-970,0,0
-2926,-857,-2536,-1459,4465,-2482,0,0
-2309,-391,-1053,1095,4758,-1604,0,0
133,341,-543,1878,4674,-904,0,0
731,778,-131,-131,3946,-826,0,0
-768,737,809,-1067,3355,116,0,0
-937,496,1798,-779,2918,739,0,0
141,262,2461,-1207,2426,699,0,0
825,121,2981,-2951,2532,596,0,0
1498,146,3789,-7003,3594,158,0,0
2624,149,5032,-13188,4006,-748,0,0
4159,186,6552,-13771,3054,-955,0,0
3632,1074,7732,-14248,3610,-1349,0,0
1478,1863,7182,-12536,3868,-704,0,0
1473,2162,6635,-9619,3256,-720,0,0
2316,2685,5381,-8060,2644,-273,0,0
1506,2869,3977,-6206,1706,-109,0,0
-477,2360,3137,-4542,1184,106,0,0
-813,1327,2645,-2862,1231,-260,0,0
466,357,2017,-849,1233,-315,0,0
1969,-422,1041,51,1241,-2000,0,0
2206,-341,344,852,1143,-2208,0,0
427,-273,-35,1070,2256,-2173,0,0
861,-320,-409,1154,2395,-2564,0,0
1162,-263,-557,957,2211,-2865,0,0
520,-250,-515,500,2238,-3359,0,0
-42,-2144,-342,416,2426,-3338,0,0
174,-32,-162,623,2354,-2730,0,0
315,-120,-68,569,2212,-2885,0,0
-140,-24,29,386,2130,-2955,0,0
-208,47,50,613,1923,-2844,0,0
80,19,-121,363,1642,-2701,0,0
448,-5,-408,-15,1140,-1708,0,0
557,-304,-999,-646,389,-1275,0,0
124,-893,-1911,-2011,-195,104,0,0
-1770,-2046,-3328,-5900,-1180,1680,0,0
-3195,-3089,-4978,-8695,-462,775,0,0
-3884,-3036,-6294,-11553,-255,815,0,0
-4424,-2421,-8375,-17035,1896,133,0,0
-1443,-1733,-9177,-16743,3438,-713,0,0
-326,-2483,-6746,-16227,1240,-1059,0,0
-994,-2609,-4480,-15374,2392,-1984,0,0
-1277,-1615,-3936,-8769,3759,-470,0,0
-2949,-883,-3878,-4817,3701,-1233,0,0
-3398,-341,-2972,-2094,5748,-1753,0,0
-1469,-210,-1276,818,5271,-1812,0,0
183,282,-410,1570,5556,-1229,0,0
597,816,98,-237,4659,-774,0,0
203,920,1101,-1340,3554,-479,0,0
-427,756,2369,-1211,3081,100,0,0
258,619,3256,-1496,2956,472,0,0
1504,522,4198,-3537,2810,712,0,0
2352,406,5374,-8001,3247,167,0,0
3221,407,6153,-12825,4067,-408,0,0
3513,452,6293,-12382,3907,-1426,0,0
3315,1235,6315,-10671,4103,-1579,0,0
1282,2005,6021,-10907,4721,-1194,0,0
87,2075,5562,-8736,3979,-537,0,0
1247,2045,5019,-6877,3153,-402,0,0
1834,2130,3958,-4854,1673,-470,0,0
400,1627,2925,-3224,1264,-1145,0,0
-165,890,2254,-2102,1586,-1832,0,0
375,438,1724,-1323,1389,-2989,0,0
56,393,1141,393,1537,-2061,0,0
1380,243,325,775,2026,-1667,0,0
1206,-220,-7,1162,1968,-1718,0,0
825,-457,-141,968,2019,-2387,0,0
281,-254,-96,656,2079,-2665,0,0
244,-140,-141,728,2021,-2920,0,0
602,-40,-229,894,1783,-2907,0,0
665,26,-322,786,1991,-2838,0,0
429,38,-289,662,1821,-2567,0,0
288,-5,-314,511,1438,-2142,0,0
324,-214,-633,5,780,-1881,0,0
-86,-434,-1107,-819,252,-1013,0,0
-452,-930,-1813,-1801,367,-945,0,0
-701,-1475,-2657,-3266,373,-1628,0,0
-964,-1830,-3592,-5614,778,-1590,0,0
-1354,-2467,-4841,-8543,301,14,0,0
-2336,-3207,-6555,-11877,672,-605,0,0
-989,-2914,-7711,-13442,1634,-1946,0,0
374,-2598,-7208,-13516,1011,-897,0,0
-474,-3141,-5408,-13875,922,-807,0,0
-2121,-3224,-3786,-14035,1600,-1606,0,0
-3152,-2518,-3693,-9322,3736,-312,0,0
-2643,-1921,-4185,-4430,4853,-668,0,0
-2716,-1750,-2627,-839,4226,-2471,0,0
-2153,-1198,-845,407,4932,-1964,0,0
180,-530,-450,88,3836,-1458,0,0
597,-174,-20,1,3250,-2165,0,0
-511,225,720,-196,3126,-1657,0,0
-879,452,1648,-332,3267,-1370,0,0
-25,725,2486,-1452,3722,-1166,0,0
1845,1108,3328,-4714,3591,-1039,0,0
3212,1517,4390,-10699,4336,-1203,0,0
4158,1630,5812,-14508,3476,-1554,0,0
3878,2096,6903,-12603,3245,-1097,0,0
2479,2746,6927,-12154,4068,-480,0,0
2239,2966,5746,-10437,3990,-579,0,0
1176,3054,4872,-8856,3219,-241,0,0
-460,2689,4244,-6937,2289,256,0,0
-1425,1644,3642,-5026,1182,-1038,0,0
-1674,727,3427,-3900,811,-2066,0,0
-250,575,2950,-2340,200,-3148,0,0
451,309,2085,-555,773,-3102,0,0
1962,212,992,282,806,-2401,0,0
1527,271,188,1303,1712,-1690,0,0
287,159,-18,1165,2615,-1766,0,0
251,-3,65,1258,2469,-2125,0,0
372,-175,56,963,1996,-3025,0,0
-18,-4,-40,1042,2091,-2925,0,0
-365,6,-124,965,2397,-2671,0,0
148,-57,-199,781,2275,-2863,0,0
353,-74,-242,793,2222,-2892,0,0
262,-97,-176,671,2380,-2963,0,0
229,-64,-91,868,2289,-2636,0,0
70,-69,-112,833,2331,-2733,0,0
-95,-27,-82,616,2337,-2825,0,0
-90,50,-109,415,1690,-2513,0,0
-333,43,-413,368,938,-1822,0,0
-438,-278,-1109,-216,55,-999,0,0
-183,-757,-2315,-1125,-761,-615,0,0
107,-1417,-3858,-2984,-727,-477,0,0
71,-2057,-5147,-5690,-523,-1331,0,0
568,-2167,-5706,-7951,-559,-1414,0,0
-304,-2377,-5549,-10225,-905,-736,0,0
-1532,-2766,-5426,-12562,-181,-3256,0,0
-904,-2973,-5382,-13500,344,-1225,0,0
248,-3045,-5212,-13637,146,-1111,0,0
-239,-3054,-4909,-13212,-122,-926,0,0
-2115,-2687,-4575,-11906,859,-947,0,0
-3249,-2049,-3916,-9234,2740,-680,0,0
-2520,-1671,-2702,-5425,3962,-1328,0,0
-1232,-1486,-1361,-1710,3809,-2192,0,0
-1391,-1111,-438,1388,4374,-3009,0,0
-1269,-221,134,1366,4336,-2507,0,0
-440,425,802,-316,3212,-1528,0,0
-376,582,1547,-1192,2862,-876,0,0
215,577,2192,-1201,2795,-628,0,0
1660,710,2739,-1492,2413,-593,0,0
2347,902,3352,-3118,2522,-250,0,0
3564,1259,3957,-7836,3008,48,0,0
4390,1393,4768,-12543,2953,-458,0,0
3504,1407,5686,-12180,2119,-849,0,0
1635,1599,6214,-9653,3099,-292,0,0
2242,1990,5488,-8980,3740,-354,0,0
1797,2681,4551,-7763,3002,-801,0,0
-741,2615,4535,-7261,3399,-1492,0,0
-488,2572,4308,-5709,1884,-1580,0,0
-1751,2014,3696,-3936,1297,-1845,0,0
-712,1061,2927,-2613,1327,-2097,0,0
1458,329,2100,-1586,994,-2233,0,0
626,139,1519,-810,1678,-2789,0,0
925,293,982,863,1765,-1949,0,0
2252,147,210,1472,1571,-1476,0,0
1342,-212,-194,1169,1873,-1848,0,0
234,-218,-254,816,2032,-2606,0,0
-200,-57,-241,749,2279,-2743,0,0
148,-100,-241,790,2199,-2870,0,0
359,-74,-257,959,2286,-3024,0,0
135,-91,-282,829,2358,-2891,0,0
142,-123,-267,659,2489,-2865,0,0
235,-79,-219,563,2411,-3119,0,0
-22,-89,-158,580,2277,-2930,0,0
10,-198,-132,370,2337,-2818,0,0
130,-220,-17,404,2581,-2954,0,0
163,-156,149,601,2549,-3089,0,0
-51,34,231,999,2260,-3210,0,0
-304,145,89,1199,1321,-2813,0,0
179,61,-721,1082,101,-2043,0,0
540,-437,-2099,-39,-270,-1034,0,0
313,-1317,-3391,-1686,-289,-1225,0,0
897,-2125,-4405,-4152,-205,-955,0,0
1438,-2636,-4645,-6455,-1735,-126,0,0
259,-2679,-4192,-7746,-3117,937,0,0
-3206,-2927,-4275,-11016,-2801,1845,0,0
-5710,-3267,-5514,-15298,-141,304,0,0
-2496,-2997,-6795,-15694,1469,-1272,0,0
1042,-3012,-6594,-15672,-368,-1201,0,0
290,-3173,-5370,-14610,-81,-320,0,0
-1448,-2903,-4152,-11034,1402,-811,0,0
-3749,-2297,-2917,-7058,3669,-1348,0,0
-3104,-3496,-1843,-3976,4743,-1633,0,0
-1175,-1013,-720,-836,4122,-1998,0,0
-451,-806,143,1279,4590,-3045,0,0
558,-17,418,1253,4211,-2606,0,0
1172,798,760,-18,2981,-3432,0,0
185,1122,1325,-867,3148,-703,0,0
16,1110,2389,-1741,3298,-10,0,0
910,983,3400,-3087,3267,389,0,0
712,916,4776,-6378,3579,470,0,0
857,559,6141,-10916,4729,301,0,0
2775,104,6794,-13481,5170,-501,0,0
4690,572,7136,-12000,4586,-1314,0,0
4440,2161,7042,-11062,4767,-1596,0,0
2201,3301,6094,-9892,4738,-1279,0,0
1075,3296,5270,-8100,3893,-1366,0,0
473,2649,4559,-5552,2553,-667,0,0
-266,1665,3710,-3659,1432,-1185,0,0
245,696,2859,-1819,458,-1316,0,0
1015,-63,1882,-160,334,-1845,0,0
1697,-276,732,571,565,-2953,0,0
343,-5,156,990,1487,-2318,0,0
419,-56,-108,1091,2075,-2043,0,0
1053,-270,-248,1095,1678,-2074,0,0
403,-402,-257,1118,1605,-2785,0,0
-302,-215,-192,1120,1891,-3120,0,0
-169,-129,-205,1335,1799,-2848,0,0
-10,-239,-297,1229,1650,-2772,0,0
91,-346,-427,1211,1552,-2470,0,0
475,-543,-715,451,1209,-2277,0,0
1037,-550,-915,-43,946,-1810,0,0
1048,-796,-1153,-179,338,-1049,0,0
804,-1232,-1592,-1115,36,-862,0,0
985,-1836,-2135,-2575,150,-784,0,0
-500,-2482,-2626,-5172,-759,-1694,0,0
-2761,-3099,-3322,-7070,-131,-677,0,0
-3287,-3774,-4537,-9195,6,-466,0,0
-3089,-3812,-6042,-12188,547,175,0,0
-1855,-3403,-7236,-14541,699,224,0,0
-620,-3198,-7180,-15431,-20,410,0,0
-1331,-3512,-5936,-15231,-575,17,0,0
-2482,-3330,-4842,-13598,181,-285,0,0
-2693,-2485,-4322,-9592,2283,-241,0,0
-2795,-1830,-3261,-5974,3552,-1167,0,0
-2086,-1450,-1430,-3257,3896,-2436,0,0
-1959,-1043,384,-705,2931,-2090,0,0
-2806,-714,1284,1156,3628,-1822,0,0
-1341,-150,1141,1037,3690,-1748,0,0
776,374,1092,-230,2528,-1008,0,0
734,554,1740,-1248,1932,-616,0,0
-29,585,2671,-1817,2047,-468,0,0
408,465,3667,-2423,2449,136,0,0
2115,228,4861,-4408,3042,748,0,0
3266,34,6052,-8243,4872,1177,0,0
4605,-222,6277,-11614,6244,549,0,0
5580,90,6146,-10637,5526,-985,0,0
4419,1266,5850,-9896,5721,-1509,0,0
1896,2179,5125,-9269,5136,-1143,0,0
943,2433,4793,-7637,3954,-1297,0,0
1547,2525,4195,-5913,2636,-1174,0,0
1502,2634,3038,-4624,1165,-1203,0,0
-478,2053,2131,-3421,872,-991,0,0
-913,1009,1553,-2429,890,-2199,0,0
422,591,845,-432,1031,-1462,0,0
1976,-1,-82,377,1670,-1465,0,0
2076,-524,-441,825,2120,-2187,0,0
1049,-469,-426,614,2258,-2566,0,0
-2096,-186,-266,101,2351,-3131,0,0
-326,-33,-21,398,2162,-3337,0,0
-171,10,62,759,2181,-3183,0,0
-55,-83,53,484,2239,-3460,0,0
-272,-36,159,427,2214,-2949,0,0
-350,173,164,487,2464,-2880,0,0
-260,191,94,440,2313,-2894,0,0
-279,64,60,657,2280,-2958,0,0
-97,-79,-70,693,2393,-3047,0,0
106,-58,-110,468,2438,-2843,0,0
-733,-47,23,668,2636,-2753,0,0
-1518,-99,196,743,2588,-2504,0,0
-3128,10,119,689,2061,-2237,0,0
-294,133,-192,437,1671,-2040,0,0
406,336,-673,34,849,-1324,0,0
447,492,-1550,-1062,-78,-331,0,0
-1572,123,-2661,-2500,-960,-32,0,0
-3393,-505,-4147,-4632,-349,-701,0,0
-2246,-2840,-5855,-8165,-283,-1125,0,0
-690,-1072,-6836,-11493,-305,-955,0,0
222,-1510,-7104,-13346,400,-438,0,0
1131,-1952,-7251,-15723,259,-657,0,0
623,-2348,-6837,-17925,416,-605,0,0
-1286,-2401,-6101,-17624,1156,336,0,0
-2604,-2146,-5768,-13361,2112,648,0,0
-2606,-1754,-5128,-7681,3514,-755,0,0
-2442,-1352,-3928,-3248,6119,-2007,0,0
-991,-881,-2547,29,7900,-2857,0,0
2217,8,-1224,407,6894,-2566,0,0
3011,630,25,-85,4963,-2336,0,0
361,1183,1006,-773,3841,-1408,0,0
-1026,1310,1994,-1223,3705,-317,0,0
269,1138,2797,-1556,2895,324,0,0
655,1037,3432,-2726,2318,298,0,0
-178,1016,4343,-5316,2338,346,0,0
-451,604,5736,-11580,4700,706,0,0
2981,-132,6238,-16140,4120,-66,0,0
4758,460,6705,-14156,3145,-654,0,0
2840,1832,6828,-13866,3715,-288,0,0
1079,2589,6015,-11908,2938,-805,0,0
197,2819,5724,-9785,2624,-279,0,0
-276,2654,5155,-6958,705,-395,0,0
-2906,1585,3978,-3120,206,-380,0,0
-1225,283,2349,-2180,416,-1221,0,0
1403,23,752,-1267,532,-395,0,0
2701,-142,-441,-492,1805,-963,0,0
2414,-58,-876,-471,2487,-1661,0,0
635,-18,-720,-347,2849,-1722,0,0
138,67,-610,-51,2952,-1840,0,0
239,55,-688,257,3352,-2093,0,0
577,-4,-758,-71,3314,-2456,0,0
632,78,-655,-29,3405,-2353,0,0
258,66,-511,-337,3311,-2478,0,0
-112,106,-216,-384,3093,-2331,0,0
-235,13,-43,-385,3007,-2387,0,0
-74,13,114,-372,2800,-2360,0,0
-107,35,219,-521,2665,-2350,0,0
-323,179,351,-589,2841,-1935,0,0
-871,164,576,-668,3470,-2310,0,0
-1224,19,912,-258,3440,-1953,0,0
-479,-212,965,314,3598,-1844,0,0
318,-235,857,276,3464,-1971,0,0
35,-75,938,352,2494,-2081,0,0
387,243,389,360,1149,-2458,0,0
-216,457,-464,-722,179,-2062,0,0
-813,299,-1275,-1296,-491,-1273,0,0
288,6,-2413,-2161,-439,-399,0,0
324,-605,-3349,-4099,131,-410,0,0
732,-1198,-4093,-6528,1196,-1106,0,0
1986,-1525,-4801,-8947,1082,-1120,0,0
1304,-2377,-5668,-10837,1170,-2368,0,0
389,-2968,-6188,-11278,1214,-1800,0,0
-449,-3078,-5966,-12086,923,-933,0,0
-1882,-2876,-5316,-12536,1148,-838,0,0
-2320,-2487,-4617,-12732,837,401,0,0
-2405,-2240,-4163,-11282,725,697,0,0
-2028,-1930,-3939,-8130,2637,-658,0,0
-283,-1549,-3466,-4969,3605,-1710,0,0
-1237,-1568,-1734,-1327,3324,-2483,0,0
-2317,-1274,-326,1038,4810,-3368,0,0
37,-271,-330,1155,4406,-2665,0,0
438,505,279,-238,2974,-1771,0,0
-885,746,1573,-1036,2963,-1020,0,0
-900,681,2502,-1107,2858,-260,0,0
73,451,3495,-1633,2650,215,0,0
1720,104,4476,-3411,3195,841,0,0
3146,-45,5316,-8059,4709,645,0,0
4710,128,5412,-11838,5546,370,0,0
4872,603,5457,-12472,5321,-167,0,0
4585,1771,5696,-12366,5077,-536,0,0
3193,2858,5031,-10923,4113,-551,0,0
1536,3145,4547,-9830,3528,-771,0,0
817,3231,3918,-8050,2348,-142,0,0
-1004,2344,3436,-5793,1678,-866,0,0
-1310,1226,3335,-3656,1112,-2800,0,0
-71,392,2687,-2177,747,-1559,0,0
-444,287,1682,-618,505,-2517,0,0
61,550,675,572,1500,-1371,0,0
2313,347,-124,24,1386,-1627,0,0
1451,-94,-144,28,1607,-1717,0,0
734,-255,-58,315,2020,-2215,0,0
154,-252,-80,138,2334,-2541,0,0
179,-263,-61,425,2256,-2614,0,0
286,-189,-163,616,2361,-2968,0,0
308,-58,-293,568,2548,-2644,0,0
281,-241,-355,146,2417,-3054,0,0
163,-182,-275,30,2575,-2894,0,0
57,-171,-192,278,2540,-2965,0,0
-1,-120,-149,80,2655,-3244,0,0
20,-2,-144,182,2635,-3094,0,0
-133,-26,-51,46,2632,-3194,0,0
-40,56,29,73,2627,-3014,0,0
-79,34,76,111,2358,-2964,0,0
-75,45,146,118,2321,-2935,0,0
124,135,235,247,2141,-2639,0,0
-24,186,311,164,2013,-2319,0,0
-258,147,252,343,2093,-2478,0,0
-363,57,147,123,2272,-2756,0,0
-317,53,82,276,2496,-2946,0,0
33,54,-10,538,2856,-3329,0,0
192,84,98,322,3043,-3177,0,0
183,163,314,548,3019,-3129,0,0
282,307,314,674,2497,-2828,0,0
443,272,-78,1022,1780,-2420,0,0
955,-354,-1105,340,1161,-2720,0,0
1404,-1055,-2311,-1941,652,-1113,0,0
514,-2234,-3350,-5039,-303,-475,0,0
-1855,-3083,-4000,-7246,-224,-269,0,0
-3298,-3096,-4771,-10207,-273,639,0,0
-4567,-2867,-6275,-14039,1164,379,0,0
-3125,-2379,-7814,-15123,2390,-562,0,0
-951,-2244,-7134,-15086,2637,488,0,0
-2903,-2772,-5239,-13861,2625,-1281,0,0
-4073,-1818,-4618,-10088,4844,-471,0,0
-4613,-1026,-4390,-5077,5890,457,0,0
-3464,-658,-3423,-1608,6055,-1535,0,0
-1170,-211,-1998,1872,7703,-1375,0,0
844,480,-853,129,6488,-369,0,0
1082,703,397,-1069,4933,-573,0,0
217,565,1531,-625,4088,-189,0,0
707,475,2449,-859,3286,246,0,0
1751,449,3320,-2253,2820,446,0,0
2569,462,4403,-4987,3397,855,0,0
3776,526,5390,-10213,4474,655,0,0
4382,607,6068,-13956,4689,474,0,0
4518,1067,6411,-13403,4434,-680,0,0
3975,2244,5959,-12291,3928,-628,0,0
1604,2705,5117,-10187,3105,-1099,0,0
126,2839,4660,-8231,2626,-551,0,0
469,2458,3985,-6183,1558,-551,0,0
88,1828,3260,-4168,829,-174,0,0
-236,855,2829,-2652,1190,-1379,0,0
980,254,2509,-1055,936,-1971,0,0
-296,475,1723,-355,1006,-3119,0,0
232,822,946,812,1499,-1519,0,0
1880,357,180,483,1366,-1150,0,0
1808,-53,-210,331,1727,-1853,0,0
627,-286,-239,666,1898,-2493,0,0
257,-159,-247,700,2298,-2794,0,0
425,-164,-253,812,2279,-3048,0,0
411,-164,-222,928,2245,-3242,0,0
170,-111,-171,816,2387,-3482,0,0
-18,-113,-123,696,2273,-3318,0,0
88,-40,-71,750,2484,-3467,0,0
111,-36,-36,698,2273,-3506,0,0
202,-8,5,746,2205,-3312,0,0
7,-15,56,832,2143,-3567,0,0
-213,70,109,797,2250,-3003,0,0
-153,39,93,727,2214,-3305,0,0
-82,94,46,678,1893,-3313,0,0
505,93,-270,652,1657,-2558,0,0
899,-285,-926,-133,1307,-2364,0,0
796,-905,-1713,-1457,1174,-1236,0,0
415,-1993,-2411,-3236,670,-1626,0,0
611,-2833,-3084,-5858,159,-2513,0,0
267,-3706,-3819,-9282,29,-1581,0,0
-2331,-4575,-4626,-12741,668,-61,0,0
-3871,-4878,-6131,-14254,2202,-540,0,0
-3171,-4334,-7210,-12994,2890,-2064,0,0
-3554,-3937,-6642,-9461,4341,54,0,0
-5674,-3438,-4782,-6088,4669,-1590,0,0
-4213,-2261,-3872,-3118,5243,-957,0,0
-1043,-1274,-3710,-1925,6512,-2351,0,0
-65,-486,-3266,-1631,7199,-3098,0,0
-1323,-5,-1031,-228,9058,-2130,0,0
277,457,1009,-178,6770,-1274,0,0
610,607,2899,-2568,4178,-647,0,0
-1,556,4649,-5915,4027,-613,0,0
1190,593,6038,-10325,4412,-345,0,0
4637,555,6887,-14015,4646,-243,0,0
6720,1244,7039,-14418,4388,323,0,0
4023,2133,6761,-12730,4930,49,0,0
2942,2945,5986,-10738,4463,-650,0,0
1314,3333,5428,-8705,4043,-368,0,0
377,3056,4561,-7012,2819,-92,0,0
-63,2462,3555,-4044,1248,-42,0,0
204,1240,2724,-2512,1053,-906,0,0
1499,469,1785,-1709,487,-1419,0,0
-45,-14,1015,-874,1209,-3235,0,0
862,176,464,474,1320,-2078,0,0
2596,-11,-165,612,1515,-1895,0,0
2302,-431,-317,935,1786,-1984,0,0
649,-548,-179,724,1638,-3074,0,0
-342,-127,-110,652,1703,-3262,0,0
-495,-13,-106,701,1978,-3286,0,0
-378,-33,-16,636,2197,-3711,0,0
-371,97,89,891,2289,-3497,0,0
-167,54,93,676,1998,-3336,0,0
66,110,100,797,1979,-3235,0,0
-28,157,43,765,1716,-2929,0,0
-152,144,-105,734,1406,-2516,0,0
-84,-66,-500,559,904,-2285,0,0
-120,-501,-3320,408,49,-1148,0,0
-426,-1692,-2503,-963,525,-753,0,0
-713,-3117,-3528,-3712,1321,-497,0,0
444,-3739,-3823,-6086,1096,1314,0,0
2636,-3960,-3595,-7398,-953,2230,0,0
541,-4126,-3808,-9942,-2220,1022,0,0
-4593,-3903,-4679,-13582,622,301,0,0
-5431,-3656,-5029,-14123,1867,-270,0,0
-4565,-3378,-4718,-14447,875,-524,0,0
-3506,-2855,-4705,-13954,1904,96,0,0
-1590,-2215,-4589,-10837,3199,-57,0,0
-267,-1769,-3696,-6772,2616,-1542,0,0
-2493,-1354,-2342,-3934,1712,-1747,0,0
-5238,-939,-1208,-1172,3851,-1184,0,0
-3349,-567,-848,1246,5740,-3904,0,0
115,184,-505,1322,4897,-1597,0,0
1039,606,475,-120,3832,-1022,0,0
556,790,1448,-913,3180,-431,0,0
-79,788,2144,-3120,3089,228,0,0
283,677,2905,-2303,2834,286,0,0
1259,674,3918,-5369,3099,209,0,0
2269,465,5165,-9566,3336,437,0,0
2964,155,6430,-12835,4204,242,0,0
4376,450,6857,-11810,3985,174,0,0
3319,1226,7139,-12023,4714,-318,0,0
3118,1920,6691,-10381,4636,-1030,0,0
2759,2735,5883,-8641,3611,-3096,0,0
1171,2999,4895,-6467,2753,-1096,0,0
850,2620,3796,-4819,1869,-1173,0,0
-224,1651,3341,-2751,1284,-923,0,0
392,766,2782,-1529,1047,-2124,0,0
526,576,1875,417,878,-1863,0,0
1494,200,929,1362,1100,-1713,0,0
1744,-100,233,1608,1012,-1909,0,0
703,-341,-152,1890,1389,-2255,0,0
-82,-214,-351,1279,1951,-2801,0,0
-404,-172,-286,1503,2220,-2757,0,0
-294,-270,-201,1280,2056,-3258,0,0
-358,-144,-118,1475,2124,-2967,0,0
-99,-129,-194,1392,2027,-3270,0,0
229,4,-307,1529,1882,-3019,0,0
321,59,-495,1686,1715,-2919,0,0
190,-43,-817,1429,1395,-2893,0,0
-7,-220,-1276,859,952,-2023,0,0
341,-550,-2265,330,-257,-617,0,0
43,-1395,-4072,-2022,-1119,421,0,0
-626,-2556,-6392,-6739,-1231,218,0,0
-667,-3004,-7563,-10840,-171,-1178,0,0
-679,-2873,-7808,-8876,-1708,82,0,0
-3179,-3037,-3613,-10230,-2336,256,0,0
-3279,-2797,-4456,-14770,980,-377,0,0
-915,-2599,-5658,-13085,2840,-1008,0,0
-3232,-2339,-5615,-12441,1216,-1432,0,0
-2190,-1683,-5184,-12719,1930,-34,0,0
-1688,-1297,-4347,-9929,2828,654,0,0
-1995,-1382,-2851,-5113,2494,-558,0,0
-3336,-1146,-1589,-1812,2930,-1643,0,0
-3670,-818,-889,586,5181,-1119,0,0
95,-169,-1129,1101,5958,-1339,0,0
3282,421,-521,64,4206,-1919,0,0
2163,734,935,-1231,2650,-1472,0,0
-537,992,1777,-1120,3020,-305,0,0
-940,980,2427,-1213,3341,218,0,0
825,949,3111,-3661,3120,285,0,0
2095,1152,3825,-8257,2937,572,0,0
2679,960,4858,-12555,2956,14,0,0
3489,934,6398,-12507,2287,-13,0,0
2910,1168,7652,-13474,3093,-389,0,0
2883,1809,7484,-12071,3230,-399,0,0
2021,2346,6952,-9405,2946,-936,0,0
552,2389,6038,-7426,2686,-422,0,0
454,1898,4937,-5309,1971,-965,0,0
630,1620,4049,-3897,1201,-918,0,0
128,1045,3412,-2289,1072,-1489,0,0
12,478,2708,-1068,878,-2467,0,0
281,427,1898,1093,625,-1694,0,0
1564,58,899,1597,983,-1225,0,0
2001,-260,176,1426,1213,-1574,0,0
444,-343,-169,1679,1585,-2448,0,0
-170,-75,-417,1500,2151,-2767,0,0
100,-106,-499,1943,2445,-3072,0,0
4,-284,-435,1716,2335,-3590,0,0
117,-158,-440,1581,2483,-3280,0,0
317,-40,-450,1225,2560,-3146,0,0
-35,-22,-241,1596,2396,-2745,0,0
-143,-44,-115,1355,2277,-3001,0,0
-382,58,-14,1460,2219,-2827,0,0
-269,49,-46,1494,2240,-2778,0,0
-170,12,-112,1352,2071,-2672,0,0
-353,35,-325,1211,1486,-1784,0,0
-323,-11,-1048,939,548,-524,0,0
109,-621,-2483,-224,-66,-639,0,0
-365,-1300,-3938,-2325,441,-1065,0,0
272,-1865,-4985,-4960,1237,-1911,0,0
1315,-2715,-5761,-7677,-191,-565,0,0
-456,-3871,-6298,-10749,-1624,-15,0,0
-3846,-3814,-6408,-12580,499,-1168,0,0
-4248,-2841,-5993,-13225,1010,-1580,0,0
-2974,-1984,-5294,-12936,1036,-1017,0,0
-963,-1409,-4871,-12252,2044,-255,0,0
981,-1335,-4344,-11226,2250,858,0,0
1522,-1623,-3589,-6912,1611,-275,0,0
-48,-1721,-2570,-2887,643,-1684,0,0
-3981,-1164,-1641,-1653,952,-2231,0,0
-6838,-140,-1258,-691,2507,-1346,0,0
-5998,825,-1462,557,3788,-127,0,0
-3387,1174,-1049,1063,4516,220,0,0
-1005,1145,36,203,4966,61,0,0
2034,1126,1033,-3253,4020,1405,0,0
2017,601,2571,-8586,154,1115,0,0
-224,-889,4551,-7084,-1010,-3144,0,0
835,-1485,5402,-7372,248,-1078,0,0
2884,-1397,5601,-7613,1222,-624,0,0
3417,-425,5657,-7381,-480,-1996,0,0
616,63,5406,-7185,1012,-951,0,0
26,-299,4331,-9337,3570,-1228,0,0
2943,43,3378,-7704,2570,-1070,0,0
2901,570,3396,-6545,1553,-1033,0,0
1710,926,3627,-6225,1673,-1098,0,0
1160,1176,3353,-5347,1265,-887,0,0
47,1073,2985,-4126,907,-1101,0,0
-547,687,2537,-2856,1006,-1253,0,0
-60,471,2115,-2192,1146,-1450,0,0
210,284,1981,-1449,1767,-1736,0,0
300,237,1762,-1482,1839,-1949,0,0
37,164,1807,-578,2065,-1913,0,0
-129,145,1524,33,2019,-2388,0,0
-515,230,1251,495,2318,-2032,0,0
34,97,883,927,2600,-1962,0,0
480,24,507,777,2585,-2264,0,0
74,86,447,885,2732,-2042,0,0
220,126,341,874,2735,-2113,0,0
257,129,244,825,2690,-2122,0,0
162,33,134,1081,2516,-2142,0,0
171,-88,46,953,2455,-2320,0,0
81,-89,93,1102,2239,-2241,0,0
69,-115,144,1176,1803,-2185,0,0
-12,-70,284,945,1717,-1890,0,0
195,-33,457,732,1550,-1720,0,0
438,-36,593,513,1645,-1400,0,0
56,-24,647,554,1872,-1222,0,0
162,-110,699,906,2157,-1504,0,0
966,-144,514,772,2040,-1957,0,0
313,-102,235,821,2351,-2856,0,0
117,-2,-142,958,2737,-3158,0,0
640,37,-381,911,3079,-3105,0,0
634,-45,-258,983,3337,-3146,0,0
479,-41,32,1227,3185,-3243,0,0
532,-11,139,1408,2687,-3386,0,0
501,20,31,1535,2573,-4028,0,0
186,149,-126,1764,2623,-4166,0,0
-254,207,-306,1199,2769,-3796,0,0
84,41,-629,670,2038,-3251,0,0
688,-391,-1482,251,244,-2422,0,0
243,-1269,-2869,-1480,425,-1133,0,0
-805,-2449,-4265,-5205,116,-577,0,0
-2333,-2961,-5502,-8710,53,-799,0,0
-3443,-2788,-6753,-11982,181,583,0,0
-4444,-2410,-8658,-17845,1758,340,0,0
-1491,-1821,-9216,-16719,4774,-377,0,0
-113,-2691,-5894,-12819,991,-39,0,0
-872,-2660,-4088,-11237,4016,-641,0,0
-1241,-2286,-4080,-7593,5229,-1037,0,0
-4445,-1943,-3210,-3638,3754,-998,0,0
-5253,-1343,-2308,-457,6194,-998,0,0
-2628,-744,-1292,1751,7391,-1119,0,0
869,-2112,-129,136,5741,-911,0,0
1649,125,962,-800,4469,-1334,0,0
111,209,2187,-1058,3899,-811,0,0
184,157,3250,-1751,3590,-386,0,0
1575,232,4249,-4445,3302,19,0,0
2397,459,5163,-8622,4141,317,0,0
3940,468,5429,-11878,4640,556,0,0
4775,708,5584,-11282,4417,967,0,0
4631,1279,5775,-10354,4330,720,0,0
3398,1763,5506,-9281,3867,308,0,0
2297,2001,5028,-7855,3507,-218,0,0
1374,2092,4556,-6506,2721,-431,0,0
319,1885,4023,-4594,2010,-895,0,0
-79,1465,3556,-2979,1462,-1498,0,0
-147,916,3089,-1860,1492,-2048,0,0
399,667,2292,-881,971,-3179,0,0
-498,650,1594,835,1838,-2175,0,0
1349,508,895,1227,1692,-1689,0,0
1593,208,375,1415,1636,-1853,0,0
911,-83,84,1150,1705,-2238,0,0
163,-27,-5,1363,1952,-2551,0,0
90,-6,-41,1325,2117,-2588,0,0
330,-10,-35,1352,1905,-2640,0,0
-109,-4,23,1297,2080,-2826,0,0
-291,-27,84,1352,2021,-2568,0,0
-27,-16,-6,1436,2027,-2825,0,0
195,34,-53,1332,2102,-2920,0,0
184,90,-50,1603,1950,-2681,0,0
-64,11,-104,1558,1930,-2906,0,0
18,28,-185,1523,1827,-2771,0,0
120,72,-350,1439,1626,-2695,0,0
311,91,-670,1063,1265,-2356,0,0
930,-79,-1394,512,-548,-757,0,0
2055,-919,-3175,-689,-2127,151,0,0
1348,-2515,-5188,-3800,-1300,-329,0,0
-1532,-3457,-6289,-8106,-1464,-1369,0,0
-3888,-3365,-6829,-11452,-998,-197,0,0
-3958,-3149,-7247,-13557,67,80,0,0
-465,-2803,-6565,-14267,650,-344,0,0
2434,-3276,-5431,-15193,-49,-1263,0,0
1142,-3708,-4763,-15816,936,-1388,0,0
-1846,-3481,-4493,-13926,2154,-1090,0,0
-2937,-2758,-4043,-9778,2674,-547,0,0
-3098,-2291,-3223,-4411,4560,-986,0,0
-3290,-1985,-1906,-1180,5000,-2156,0,0
-1355,-1351,-730,956,5522,-2273,0,0
766,-567,37,650,4388,-2646,0,0
451,78,1087,-490,4022,-2719,0,0
-415,550,1892,-956,3514,-1962,0,0
-296,831,2668,-1349,2966,-986,0,0
329,1016,3327,-2501,2718,-354,0,0
850,1226,4110,-5880,3053,80,0,0
1611,1247,5007,-9793,3471,761,0,0
2701,654,5753,-12420,4267,1215,0,0
4614,343,6546,-11028,3689,1239,0,0
4410,757,7117,-10599,4613,1254,0,0
3715,1244,6632,-8895,4370,355,0,0
3182,1773,6003,-6961,3623,-506,0,0
1214,2101,4984,-5586,3163,-420,0,0
-296,1794,3932,-3686,2277,-1649,0,0
271,1409,3489,-2694,1318,-1650,0,0
482,1205,2588,-2048,1406,-2211,0,0
-446,795,1987,-419,1661,-3016,0,0
1223,427,1116,1332,1200,-1268,0,0
1835,35,216,1788,1437,-1940,0,0
1111,-198,-125,1948,1560,-2376,0,0
502,-108,-257,1790,1811,-2614,0,0
-220,-43,-238,1753,2198,-2664,0,0
-50,-51,-239,1757,1966,-2781,0,0
321,55,-288,1592,2260,-3144,0,0
117,37,-198,1705,2143,-2897,0,0
-58,57,-139,1835,2150,-2786,0,0
-161,84,-144,1650,2112,-2567,0,0
-37,17,-212,1440,1946,-2587,0,0
173,-11,-339,1196,1749,-2550,0,0
372,-139,-573,821,1227,-1941,0,0
493,-466,-1190,-142,492,-1439,0,0
-827,-1025,-2023,-1545,396,-259,0,0
-3345,-2020,-2962,-2706,504,607,0,0
-3688,-2296,-4798,-5183,1297,585,0,0
-2122,-1917,-7019,-9013,1473,9,0,0
-2031,-1539,-8483,-11950,520,611,0,0
-2528,-1174,-9257,-16272,1373,-106,0,0
-1559,-1225,-8535,-14110,2349,-1004,0,0
-380,-1829,-5714,-11447,453,-1169,0,0
-1088,-1796,-3504,-11800,524,-491,0,0
-1844,-1277,-3065,-9663,2161,1353,0,0
-1701,-986,-3339,-5827,2944,5,0,0
-513,-653,-3270,-3102,3011,-1631,0,0
-1122,-924,-1571,-523,2867,-1527,0,0
-2067,-761,-134,657,3852,-2029,0,0
-592,-60,263,907,4874,-1519,0,0
442,464,832,-410,3312,-919,0,0
-420,605,1754,-844,3050,-492,0,0
-606,470,2573,-1007,3361,204,0,0
443,238,3561,-2282,2969,298,0,0
1204,57,4952,-5202,3544,441,0,0
2671,-178,5828,-8882,4673,1268,0,0
4530,-502,6221,-12484,5963,836,0,0
5356,-151,6713,-11948,5556,704,0,0
4242,965,7141,-10698,5871,13,0,0
3274,2234,6739,-8873,5113,-727,0,0
1784,2832,6124,-7751,4321,-450,0,0
1138,2869,5073,-5645,2810,-495,0,0
1422,2583,3995,-4246,1899,-882,0,0
152,1849,3035,-2901,911,-1918,0,0
-1191,877,2258,-466,1181,-2431,0,0
1072,173,1348,1861,907,-369,0,0
2137,-2464,419,1920,1491,-1744,0,0
729,-681,195,2322,1591,-2336,0,0
-576,-453,156,2075,1801,-2796,0,0
-329,9,87,1954,2134,-3030,0,0
181,248,65,1988,1987,-2499,0,0
-170,44,122,2049,2004,-2695,0,0
-2120,-151,66,1895,1816,-2830,0,0
420,-76,-220,1728,1480,-2778,0,0
701,20,-873,1492,1095,-2519,0,0
782,-359,-1837,665,476,-1549,0,0
729,-1302,-3225,-1033,613,-764,0,0
259,-2834,-4821,-4231,1023,-1608,0,0
-1300,-3438,-5662,-8358,2637,-3506,0,0
-3060,-2967,-5915,-9066,2417,-2135,0,0
-4730,-2404,-7555,-11577,2107,-1442,0,0
-5950,-1313,-9250,-15555,2695,-375,0,0
-2872,-196,-8718,-13468,3423,772,0,0
-228,-873,-4961,-9590,-18,653,0,0
224,-1410,-3489,-7160,2682,581,0,0
560,-1466,-4336,-4303,4037,-583,0,0
-3176,-1328,-4292,-1454,4960,-771,0,0
-3791,-1062,-3115,1306,8561,-1194,0,0
323,-102,-1486,-1495,9372,-153,0,0
2933,-39,159,-1253,7560,-1357,0,0
892,166,2281,-462,5193,-1273,0,0
267,345,4100,-2226,3836,-461,0,0
2012,552,5440,-6592,3716,-34,0,0
3776,754,6474,-12747,4314,600,0,0
5810,546,6497,-14613,4669,625,0,0
5539,1508,6662,-13315,4407,478,0,0
2667,2688,7299,-10833,4295,162,0,0
2242,3153,7064,-8843,4197,390,0,0
3303,3281,6111,-6959,3414,-107,0,0
2156,3534,4735,-5119,2632,161,0,0
808,3130,3344,-3324,1115,-250,0,0
-734,1849,2595,-2486,1029,-1648,0,0
-798,677,1753,381,685,-1809,0,0
1538,140,772,1679,1092,-1871,0,0
1510,-4,-51,2103,1220,-2201,0,0
0,-421,-434,2328,1787,-2660,0,0
-212,-336,-487,1697,2285,-2972,0,0
-11,-92,-420,1880,2426,-3010,0,0
12,28,-282,1809,2378,-2856,0,0
-4,26,-160,1910,2370,-2701,0,0
-197,-120,-92,1765,2303,-2887,0,0
-214,-97,-54,1651,2300,-3009,0,0
-121,-81,-78,1716,2183,-3092,0,0
-172,-84,-272,1671,1916,-3096,0,0
-7,-121,-758,1823,1894,-2672,0,0
65,-340,-1579,933,1708,-2229,0,0
-144,-803,-2662,-863,1469,-895,0,0
-277,-1937,-4061,-3533,792,413,0,0
-996,-3260,-5638,-6928,-75,-391,0,0
-3006,-3556,-7204,-11848,-184,530,0,0
-3442,-2874,-8577,-16707,533,463,0,0
-2410,-2243,-8004,-15921,1943,232,0,0
-2907,-2579,-5813,-13710,2786,-1110,0,0
-2903,-2084,-5353,-7745,4360,-291,0,0
-4520,-1294,-5145,-4167,4561,242,0,0
-5928,-165,-4122,-1409,4271,-381,0,0
-4183,1131,-2790,-872,5072,-53,0,0
-1425,1851,-1901,-1855,4787,891,0,0
-1038,1607,-866,-2069,4724,884,0,0
-1367,923,504,-3581,5926,1698,0,0
629,-145,1949,-7436,3477,1034,0,0
2477,-1169,3810,-7472,-937,-823,0,0
3040,-1269,5006,-4695,-2268,-1258,0,0
2688,-410,4705,-5133,-2819,-630,0,0
489,75,3529,-6288,-2406,-415,0,0
-927,19,2746,-8615,-2122,-825,0,0
-1569,-289,2408,-7377,-562,-879,0,0
-186,-822,2424,-3734,907,-721,0,0
1819,-774,2645,-4088,412,-181,0,0
2451,-580,2673,-5407,569,79,0,0
2158,-403,2248,-6129,711,-714,0,0
1607,-175,1831,-4508,202,-727,0,0
247,-282,1734,-2870,68,-522,0,0
-825,-571,1464,-3034,579,-379,0,0
-326,-792,703,-3392,991,-295,0,0
751,-898,-275,-3317,1112,-380,0,0
1292,-1012,-1060,-3204,857,-547,0,0
1448,-1118,-1597,-3606,906,-758,0,0
1894,-1085,-1962,-4343,1009,-846,0,0
2396,-985,-2080,-4863,754,-1013,0,0
2290,-913,-1865,-4911,196,-1169,0,0
746,-802,-1434,-4716,-401,-1492,0,0
-2835,-317,-645,-4719,1180,-2615,0,0
-5649,245,50,-4387,1706,-968,0,0
-3367,536,-172,-3885,1892,-761,0,0
-1000,720,-631,-3457,1478,-456,0,0
114,673,-937,-3688,1158,-178,0,0
647,536,-1024,-4298,1212,-270,0,0
1052,408,-788,-4492,1069,-421,0,0
1039,289,-241,-4320,609,-514,0,0
387,248,392,-4224,342,-546,0,0
-456,220,849,-4183,567,-431,0,0
-980,94,1088,-4063,807,-294,0,0
-923,-68,1134,-3993,983,-257,0,0
-343,-208,1028,-3963,1031,-288,0,0
347,-308,851,-3985,934,-378,0,0
789,-368,688,-4037,792,-466,0,0
949,-399,587,-4086,729,-538,0,0
991,-423,542,-4171,677,-621,0,0
1003,-431,513,-4146,635,-745,0,0
967,-392,480,-4043,579,-805,0,0
773,-327,383,-3977,536,-789,0,0
437,-263,172,-3906,599,-780,0,0
137,-189,-125,-3888,684,-775,0,0
-46,-111,-428,-3916,750,-774,0,0
-72,-44,-682,-3980,802,-758,0,0
-37,9,-856,-4114,772,-745,0,0
-102,48,-916,-4204,755,-719,0,0
-207,70,-864,-4210,749,-672,0,0
-299,81,-758,-4351,600,-668,0,0
-865,85,-589,-4497,1096,-1018,0,0
-1257,146,-85,-4073,2584,-1391,0,0
-577,284,854,-3861,3646,-2256,0,0
208,646,1761,-4168,4130,-1906,0,0
476,914,2512,-4381,3860,-1568,0,0
91,966,3240,-4027,3674,-1227,0,0
521,925,3557,-3526,3118,-823,0,0
516,895,3724,-2624,2273,-441,0,0
367,703,3753,-1740,1782,-391,0,0
961,650,3848,-1618,1490,-171,0,0
1393,712,3965,-2032,1580,-2184,0,0
1298,742,3711,-2055,1919,-553,0,0
947,770,3306,-1397,2241,-1305,0,0
964,746,2529,-926,2562,-2348,0,0
392,727,1862,-396,2886,-2384,0,0
1434,514,1380,214,2644,-2924,0,0
1056,555,1323,715,2752,-2663,0,0
946,573,1180,1889,2400,-2612,0,0
1719,386,752,2554,1602,-2994,0,0
1313,143,154,2810,1140,-2920,0,0
-165,-260,-547,1836,1382,-3071,0,0
-705,-667,-1689,309,1130,-2384,0,0
-292,-1392,-3364,-1902,1209,-1973,0,0
-17,-2522,-4836,-4248,1445,-1451,0,0
-235,-3769,-6072,-7485,-45,385,0,0
-1495,-4487,-7757,-13141,-190,1014,0,0
-2087,-4065,-9395,-18625,1382,-603,0,0
-1901,-3433,-8695,-18126,4207,-455,0,0
-2951,-3937,-4984,-14380,1343,-1938,0,0
-2971,-3238,-3951,-9991,2631,-855,0,0
-3668,-2371,-4246,-5779,5918,-24,0,0
-3629,-1605,-4503,-1108,5745,-1480,0,0
-2531,-788,-2832,-718,7121,-2154,0,0
-240,-66,-1287,-1234,7249,-1351,0,0
818,207,-170,-105,5810,-3968,0,0
354,535,922,62,4623,-1134,0,0
20,748,1902,-1015,3306,-216,0,0
-27,648,2828,-2190,3162,-18,0,0
691,510,4075,-5205,3325,-461,0,0
2573,648,5262,-10844,4218,-814,0,0
3483,957,6457,-15003,3902,-257,0,0
3410,1093,7388,-12698,3827,-488,0,0
3364,1693,7116,-12328,4557,24,0,0
1965,2147,6477,-10387,3882,-302,0,0
1046,2402,5877,-8651,3522,-682,0,0
636,2430,4927,-6752,2246,-294,0,0
-57,1947,4005,-4320,1078,-948,0,0
-229,1126,3106,-2416,782,-1279,0,0
728,409,2169,-881,843,-1794,0,0
1741,155,1180,-137,938,-2502,0,0
-3,300,749,372,2088,-2116,0,0
-61,233,730,1292,2445,-1767,0,0
1181,74,596,1541,1989,-2042,0,0
850,16,394,1711,1733,-2433,0,0
428,42,264,1550,1677,-2547,0,0
411,162,13,1423,282,-1988,0,0
139,3,-978,1397,-1066,-872,0,0
656,-629,-2556,-141,-1161,-483,0,0
818,-1797,-4058,-2119,-1292,-833,0,0
1022,-2763,-5480,-5952,-316,-1493,0,0
1309,-3408,-6184,-9558,-379,-1117,0,0
2005,-4138,-6307,-12198,-1141,-957,0,0
708,-4553,-5640,-13462,-870,-1754,0,0
-2099,-4549,-4567,-14707,624,-1710,0,0
-2187,-4507,-4079,-14983,1585,-1582,0,0
-921,-4171,-4094,-13662,2481,-1301,0,0
-357,-3767,-3915,-10558,3182,-1672,0,0
-1461,-3323,-2907,-6070,2929,-2611,0,0
-4756,-2633,-1897,-1869,4486,-3099,0,0
-5295,-1647,-1235,1257,6575,-3286,0,0
-1436,-593,-403,813,6071,-2952,0,0
954,55,616,-578,4086,-2342,0,0
-499,322,1767,-1078,3284,-1410,0,0
-1131,380,2649,-1120,3042,-817,0,0
107,374,3429,-2408,2862,-246,0,0
1432,501,4228,-5581,3175,193,0,0
2470,563,5033,-9697,4211,863,0,0
3915,328,5552,-12500,4967,528,0,0
5144,772,6035,-11997,4674,788,0,0
4197,1369,6434,-10751,4809,249,0,0
3338,1909,6231,-8985,4269,-702,0,0
3015,2491,5634,-7296,3458,-557,0,0
1308,2642,4562,-5550,2710,-1163,0,0
9,2293,3618,-3785,1908,-1546,0,0
-212,1705,2909,-2086,1166,-1092,0,0
524,1162,1854,-653,813,-1680,0,0
766,775,867,41,1195,-1787,0,0
333,453,533,499,1930,-1744,0,0
645,130,338,1246,1844,-1779,0,0
1066,29,99,1512,1762,-1971,0,0
782,-18,-59,1374,1986,-2641,0,0
170,48,-20,1334,2085,-2731,0,0
-169,-12,59,1363,1944,-2814,0,0
-153,-45,-20,1476,1958,-2930,0,0
-22,-69,-84,1517,2110,-3009,0,0
142,-35,-155,1408,2073,-2886,0,0
162,49,-167,1320,2174,-2752,0,0
-60,5,-78,1093,1961,-2540,0,0
-130,-15,-42,933,1283,-2251,0,0
-173,-111,-320,504,358,-1585,0,0
-615,-399,-1032,26,-732,-346,0,0
-943,-881,-2307,-1095,-785,177,0,0
-1212,-1689,-3741,-3859,268,-105,0,0
-1386,-2351,-5140,-7253,352,-377,0,0
-2750,-2432,-6617,-11541,148,634,0,0
-3764,-1945,-8583,-16327,1538,675,0,0
-1386,-1316,-9664,-17754,2893,-174,0,0
884,-2316,-7705,-16864,1996,-262,0,0
-270,-3270,-4994,-15630,3224,-1755,0,0
-2026,-2701,-4096,-9508,3801,-691,0,0
-3834,-1853,-3557,-5379,4934,-738,0,0
-2932,-1148,-3448,-1219,6980,-1430,0,0
-3074,-876,-1669,986,6510,-1476,0,0
-1561,-348,69,222,6715,-823,0,0
1479,-31,921,-347,4912,-1189,0,0
1353,199,2059,-761,3412,-1131,0,0
78,332,3012,-1543,3106,-641,0,0
429,490,3858,-4285,3205,-45,0,0
1686,629,4717,-8082,3341,345,0,0
2254,413,5667,-10671,3806,478,0,0
3591,306,6180,-11463,4763,1109,0,0
5262,610,6371,-11872,5021,763,0,0
4316,1277,6646,-10803,5023,-166,0,0
3040,1929,6575,-8765,4621,-214,0,0
2634,2314,6046,-6564,3470,-916,0,0
2249,2575,4794,-4163,1865,-1125,0,0
493,2285,3465,-2470,1044,-1506,0,0
-609,1611,2465,-2001,1139,-2301,0,0
-822,1053,2046,-255,1832,-1737,0,0
1195,364,1332,1045,1282,-1287,0,0
1756,-51,646,1339,977,-1950,0,0
882,-192,308,1682,1114,-2165,0,0
462,-56,20,1549,1507,-2396,0,0
118,-22,-22,1802,1573,-2218,0,0
92,-131,-41,1777,1464,-2722,0,0
21,-21,-139,1606,1462,-2684,0,0
-57,-36,-215,1534,1479,-2541,0,0
-47,-159,-296,1609,1332,-2599,0,0
-112,-421,-491,1290,927,-2422,0,0
93,-550,-1091,724,-74,-1679,0,0
12,-898,-2185,-166,-344,-538,0,0
-187,-1678,-3546,-1665,-762,794,0,0
106,-3011,-5260,-5433,-723,434,0,0
166,-3628,-6839,-10714,-1240,-1661,0,0
547,-3629,-7631,-14767,-1877,-1115,0,0
-1676,-4213,-7230,-15763,-1347,-942,0,0
-4241,-4124,-6942,-18323,499,-2263,0,0
-2999,-3156,-6973,-16926,2683,-1470,0,0
-399,-2659,-5747,-12732,2297,-807,0,0
-404,-2419,-4121,-9325,1990,-845,0,0
-2674,-2122,-3231,-5390,3388,-603,0,0
-4122,-1795,-2950,-2043,5957,-768,0,0
-3072,-1385,-1980,577,7027,-1631,0,0
122,-777,-595,549,7718,-1403,0,0
2684,-202,760,-1060,5156,-1337,0,0
1216,140,1883,-1074,3450,-1607,0,0
-692,272,2846,-1279,3407,-736,0,0
675,382,3558,-3306,3620,-255,0,0
1870,558,4484,-6990,3352,-162,0,0
1716,692,6191,-12041,4096,52,0,0
2178,466,7326,-14899,5481,433,0,0
4454,916,7402,-15046,4774,311,0,0
4566,1739,7529,-12948,4148,-218,0,0
2668,2288,6784,-9808,3494,-594,0,0
1607,2494,5612,-7585,2905,-1082,0,0
673,2639,4194,-5579,1810,-362,0,0
-351,1835,3072,-3254,1356,-1021,0,0
234,1090,2316,-2350,978,-645,0,0
238,601,1613,-852,1264,-1294,0,0
1103,56,944,540,1471,-1810,0,0
1865,-172,373,1262,1317,-1463,0,0
1142,-339,169,1357,1826,-2117,0,0
987,-281,99,1512,1702,-2156,0,0
26,-209,0,1324,2021,-2960,0,0
-626,-46,173,1232,2403,-2962,0,0
-18,68,163,1541,2214,-3072,0,0
266,44,41,1568,1881,-3219,0,0
-57,17,-77,1483,1674,-2686,0,0
-238,42,-536,1457,616,-2050,0,0
160,-227,-1627,801,-297,-1290,0,0
42,-819,-3058,-1328,-941,-763,0,0
-567,-1475,-4497,-4032,-685,-880,0,0
279,-2056,-5592,-7013,-525,-811,0,0
1346,-2441,-6005,-8926,-1633,-2269,0,0
1039,-2717,-5503,-9576,-1237,-1715,0,0
-28,-3238,-5005,-11557,-932,-1285,0,0
-834,-3635,-4958,-13790,-400,-1620,0,0
-1333,-3696,-5156,-14829,780,-1015,0,0
-2239,-3467,-5182,-15171,1645,-831,0,0
-3030,-2877,-4689,-11699,2461,-794,0,0
-3615,-2316,-3882,-6462,3283,-617,0,0
-3496,-1748,-3435,-2492,4854,-1395,0,0
-2076,-1111,-2949,513,6573,-1644,0,0
-572,-534,-1764,-299,7081,-1466,0,0
-68,-223,-117,-622,6039,-1103,0,0
158,-107,1261,-95,4985,-756,0,0
529,-21,2302,-673,3942,-327,0,0
909,-42,3437,-2187,3675,263,0,0
1116,-2080,4976,-6080,3873,564,0,0
1379,-468,6722,-11370,5521,1133,0,0
4362,-925,7470,-15450,6476,1645,0,0
6416,-318,7517,-15171,6595,1830,0,0
2938,2504,6385,-11151,4443,37,0,0
1870,3005,5432,-8390,2811,-526,0,0
1322,3275,3709,-5879,784,253,0,0
-58,2456,2546,-4443,1207,-106,0,0
114,1306,2492,-2937,1180,-769,0,0
-132,446,2064,-844,1103,-931,0,0
509,36,1259,447,1031,-1331,0,0
497,-74,716,1358,1150,-1181,0,0
385,-300,283,1382,1935,-1957,0,0
241,-69,109,1020,2349,-2233,0,0
572,-68,116,1443,2533,-2254,0,0
1217,-254,68,1518,1719,-2763,0,0
-167,-63,-27,1120,2008,-2726,0,0
-61,-18,-43,832,2386,-2498,0,0
604,-53,76,882,1967,-2156,0,0
228,-112,125,1042,1602,-2219,0,0
-349,-137,53,919,1352,-2086,0,0
-228,-150,-437,767,499,-1305,0,0
345,-601,-1542,4,-236,-855,0,0
1205,-1399,-3081,-1471,-683,-1054,0,0
1894,-2324,-4601,-4052,-99,-880,0,0
-763,-3464,-5443,-8319,-314,-473,0,0
-3904,-3902,-6501,-13513,-299,-114,0,0
-4301,-2925,-7391,-15019,377,-759,0,0
-4691,-1898,-7048,-15049,1270,-526,0,0
-4725,-1329,-6321,-14859,2237,-716,0,0
-2340,-629,-5916,-15449,2350,-306,0,0
-268,-306,-5490,-12727,2883,628,0,0
205,-557,-4626,-6703,2268,116,0,0
-1322,-862,-3301,-2905,3228,-620,0,0
-1829,-757,-2499,-817,5056,-990,0,0
-623,-326,-1763,978,5468,-957,0,0
818,89,-923,734,5889,-1203,0,0
1245,379,159,-413,5886,-657,0,0
1132,484,1359,-841,5063,-107,0,0
360,420,2817,-1579,4393,256,0,0
-97,125,4392,-3308,4342,877,0,0
605,-286,6221,-7899,5573,868,0,0
2472,-732,7939,-13656,6693,986,0,0
4825,-1053,8870,-16078,7674,536,0,0
6194,76,8831,-13814,6943,12,0,0
5014,2082,7603,-11658,6835,-291,0,0
3637,3425,5718,-10218,5473,-601,0,0
2511,3460,4204,-7555,3315,0,0,0
1094,2834,2510,-5409,1668,73,0,0
-990,1775,1855,-3618,1265,-759,0,0
-1429,447,1578,-1710,1374,-1348,0,0
1535,-136,806,526,985,-1241,0,0
1779,-344,135,1168,1162,-2064,0,0
393,-298,-65,1047,1932,-2053,0,0
211,-141,11,1226,2360,-2502,0,0
518,-50,-129,1339,1836,-2642,0,0
-51,-44,-253,1160,1946,-2631,0,0
-182,-66,-327,1012,2243,-2863,0,0
76,12,-350,846,2181,-2478,0,0
78,-45,-301,816,2346,-2649,0,0
-130,-77,-201,760,2271,-2602,0,0
-261,-46,-154,835,2380,-2613,0,0
-155,-85,-146,814,2558,-2853,0,0
-123,-50,-100,792,2550,-2718,0,0
-188,-72,-112,929,2705,-2947,0,0
-107,-90,-67,834,2784,-2928,0,0
-11,-21,10,850,2601,-2926,0,0
-86,53,51,818,2298,-2688,0,0
-97,80,-69,686,1673,-2026,0,0
112,-176,-614,198,875,-1568,0,0
849,-558,-1717,-427,19,-1561,0,0
1753,-1139,-3105,-2002,284,-601,0,0
-209,-2210,-3989,-5267,120,-682,0,0
-3045,-2873,-4670,-8207,409,-375,0,0
-3440,-2654,-5701,-11151,612,102,0,0
-2780,-2176,-6640,-13532,1480,-2184,0,0
-1461,-2124,-6883,-14029,1535,-1046,0,0
-1579,-2097,-6225,-14945,1489,-877,0,0
-2521,-1919,-5512,-13928,2112,-757,0,0
-3231,-1378,-4898,-10343,2140,-297,0,0
-3470,-706,-4627,-5347,3565,234,0,0
-2519,-143,-4706,-749,6459,-183,0,0
-919,310,-3711,-18,8568,282,0,0
-844,394,-1744,-1559,11530,1102,0,0
122,74,539,-133,10254,818,0,0
1739,5,2973,-1214,6557,570,0,0
2285,-139,4716,-4755,4226,532,0,0
1864,-339,6401,-8819,4919,847,0,0
4851,-470,7551,-14956,5178,1016,0,0
7539,278,8219,-16154,4318,1364,0,0
5891,1810,8068,-13799,5193,649,0,0
3834,3083,6704,-12709,5575,583,0,0
1281,3381,5732,-10218,4668,719,0,0
842,3469,4957,-7716,2737,669,0,0
-27,3004,3944,-5073,1373,322,0,0
-184,1857,2933,-3923,332,-1232,0,0
-997,1028,2436,-1717,1247,-1532,0,0
1698,252,1528,403,714,117,0,0
2086,-418,335,826,1171,-1006,0,0
908,-776,21,2609,1722,-2554,0,0
746,-298,-204,1860,1842,-3431,0,0
-325,62,-368,1681,2396,-2525,0,0
46,-93,-370,1004,2646,-2788,0,0
25,-58,-323,1335,2404,-2836,0,0
-314,-190,-328,1239,2693,-2843,0,0
-3,-107,-282,1113,2960,-3217,0,0
45,71,-263,1355,2790,-2998,0,0
27,1,-220,1117,2605,-2660,0,0
-305,-41,-226,675,2458,-2140,0,0
-765,-104,-433,-33,1592,-1610,0,0
-579,-238,-1043,-908,874,-1164,0,0
-467,-640,-2158,-1892,908,-271,0,0
-385,-1591,-3607,-3492,1260,-172,0,0
-1109,-2550,-5154,-6633,1047,-120,0,0
-3021,-2810,-7138,-11220,1058,329,0,0
-2994,-2266,-9280,-15949,2652,-1030,0,0
-44,-1718,-8495,-14928,3237,559,0,0
-1855,-3020,-4659,-13403,350,-986,0,0
-3233,-2478,-3689,-9766,2221,-1039,0,0
-4429,-1318,-4074,-6268,3717,552,0,0
-4198,-250,-4695,-2377,4505,-11,0,0
-2898,582,-4213,-64,5472,-236,0,0
-2625,768,-2295,-200,5492,-260,0,0
-1504,985,-856,-827,5428,297,0,0
-640,987,118,-1628,5198,806,0,0
207,504,1383,-4529,5392,447,0,0
2758,-30,3344,-8447,1379,66,0,0
2245,-561,5494,-8573,-663,-864,0,0
1991,-421,5953,-7555,556,-364,0,0
2863,36,5331,-8309,1956,-344,0,0
3686,927,5079,-11938,2738,-1134,0,0
2772,1702,4909,-11968,2550,-725,0,0
1066,1847,5318,-8850,1774,-1166,0,0
169,1904,5759,-8227,1462,-851,0,0
99,1738,5189,-6542,1257,-314,0,0
681,1305,4231,-5007,961,-3064,0,0
805,1204,3477,-3544,445,-641,0,0
360,1065,2817,-2010,612,-995,0,0
-50,872,2337,-1584,894,-1019,0,0
-278,243,2115,-257,1212,-759,0,0
844,-120,1629,355,1210,-1449,0,0
529,-127,1230,907,1309,-1492,0,0
200,-343,808,1392,1671,-2246,0,0
660,-386,422,1430,1957,-2336,0,0
552,-379,239,1560,2187,-2535,0,0
915,-365,37,1475,2185,-2930,0,0
664,-191,-40,1130,2010,-2971,0,0
-105,10,-45,956,2178,-3026,0,0
-256,92,12,924,2225,-2878,0,0
451,91,-36,1172,1977,-2948,0,0
465,17,-163,1135,1730,-2940,0,0
121,-30,-195,1103,1713,-2684,0,0
339,-57,-322,1000,1730,-2770,0,0
319,-38,-282,814,1629,-2435,0,0
0,-100,-177,933,1750,-2382,0,0
-54,-173,-155,931,1866,-2652,0,0
-207,-170,-113,662,1925,-2426,0,0
-328,-246,-140,773,2074,-2873,0,0
-546,-140,-100,719,2033,-2661,0,0
-404,-78,65,571,1879,-2344,0,0
121,16,159,287,1793,-2107,0,0
231,43,-52,253,1789,-1770,0,0
309,-94,-135,300,2239,-2236,0,0
498,-102,-63,474,2068,-2495,0,0
379,-221,-178,613,2029,-3034,0,0
-19,-222,-295,638,2298,-3227,0,0
-197,-217,-308,763,2779,-3647,0,0
114,-180,-326,815,3128,-3995,0,0
-135,-156,-204,552,3149,-4015,0,0
-353,-83,83,826,3164,-4138,0,0
-98,59,207,740,2991,-4283,0,0
-187,160,163,1005,2816,-3759,0,0
-187,163,-5,1040,3071,-3661,0,0
-136,26,-228,528,2992,-3459,0,0
-351,-333,-578,-43,2247,-2907,0,0
-366,-812,-1290,-3176,837,-1073,0,0
-396,-2181,-2589,-3638,768,-500,0,0
-266,-3341,-3891,-6232,506,-18,0,0
-1570,-3831,-5038,-8941,150,1277,0,0
-3083,-3282,-6530,-12272,697,728,0,0
-3156,-2244,-7965,-14988,2258,-412,0,0
-1888,-2139,-7369,-14038,2753,-330,0,0
-2522,-2965,-4509,-13508,1484,-1407,0,0
-2849,-2498,-3286,-9170,2480,-281,0,0
-2705,-1874,-3465,-4635,4093,-273,0,0
-2509,-1080,-4124,-2025,3877,-1634,0,0
-2702,-578,-3198,1025,5519,-1288,0,0
-1135,-102,-1831,-337,6096,-840,0,0
243,215,-667,-966,5673,-932,0,0
-424,216,675,-212,5489,-897,0,0
-576,248,2010,-850,4241,-333,0,0
450,266,3423,-3698,3735,-377,0,0
1348,328,4948,-7790,3500,-678,0,0
2353,189,6638,-12818,4559,-610,0,0
4626,352,7436,-13847,4365,-611,0,0
4482,1248,7631,-11980,4566,-53,0,0
3559,2054,6914,-10787,5060,-38,0,0
3269,2674,5639,-9238,4639,-219,0,0
1241,2727,4808,-7634,3936,-241,0,0
1056,2776,3931,-5825,2243,-122,0,0
-219,2305,3105,-3852,1249,-566,0,0
-746,1074,2524,-2768,1086,-1284,0,0
654,243,1883,-1477,122,-1576,0,0
453,-115,1111,-162,630,-1670,0,0
347,-312,549,678,1716,-1777,0,0
546,-372,243,1007,2096,-2418,0,0
663,-232,136,1501,1804,-2445,0,0
606,-113,-35,1221,1944,-2764,0,0
251,-13,-167,1108,2023,-2866,0,0
79,-64,-230,1070,2238,-2986,0,0
334,-23,-313,928,2324,-2865,0,0
215,-5,-276,984,2396,-2987,0,0
377,21,-249,969,2194,-2845,0,0
636,22,-362,945,1967,-2531,0,0
864,-59,-523,471,1834,-2659,0,0
832,-250,-521,142,1389,-2119,0,0
906,-548,-718,-123,960,-1676,0,0
1004,-827,-1116,-917,873,-797,0,0
723,-1494,-1421,-2259,693,-523,0,0
389,-2487,-1927,-4586,139,-2603,0,0
-96,-2622,-2972,-6078,-1011,-3605,0,0
-3941,-3101,-4792,-8410,-1432,-520,0,0
-7006,-3616,-7768,-15155,184,-57,0,0
-6114,-2135,-9914,-18668,2851,-1623,0,0
-1893,-675,-9109,-14363,2983,94,0,0
-600,-1714,-5447,-12252,-310,-66,0,0
-1147,-1645,-3990,-11200,2731,-262,0,0
-1301,-1332,-4399,-6360,4208,616,0,0
-2406,-1519,-3980,-2557,4983,-605,0,0
-2314,-1355,-2462,112,5952,-1492,0,0
-822,-699,-1071,602,6342,-606,0,0
601,-351,-109,-68,4964,-590,0,0
92,-267,959,-394,4644,-601,0,0
-254,-320,2003,-679,4225,-636,0,0
356,-260,3111,-2188,3687,-567,0,0
1830,-60,4259,-5845,3680,-48,0,0
2755,62,5992,-12809,4578,-89,0,0
4527,-332,7580,-15759,5188,353,0,0
6630,341,8565,-13867,6021,1099,0,0
4817,1565,8560,-12573,6780,743,0,0
4218,2551,7076,-9673,5515,58,0,0
3162,3279,5265,-7115,3470,63,0,0
1061,3185,3275,-5689,2170,-197,0,0
-987,2500,2229,-5231,1974,-406,0,0
-1745,1186,2587,-2909,1343,-900,0,0
1758,272,1653,-562,64,-1680,0,0
2310,-43,232,568,121,-1596,0,0
190,-278,-453,600,1591,-1833,0,0
-551,-166,-519,646,2438,-1850,0,0
311,-269,-117,451,2295,-2461,0,0
855,-273,115,709,2029,-3043,0,0
591,-2112,50,966,2022,-2892,0,0
148,28,72,1115,2225,-2671,0,0
161,-78,48,952,2132,-2716,0,0
164,-82,-82,883,1731,-2700,0,0
-171,-107,-249,807,1875,-2827,0,0
-303,-233,-346,753,2246,-2744,0,0
-44,-289,-421,792,2640,-3419,0,0
-131,-239,-340,721,2966,-3464,0,0
180,-120,-146,768,3031,-3345,0,0
361,6,-65,501,2334,-3259,0,0
528,18,-178,57,1253,-2470,0,0
778,-499,-723,-766,543,-462,0,0
966,-2183,-1560,-3918,861,1357,0,0
2648,-4256,-1739,-6361,1193,220,0,0
1563,-5678,-1502,-7295,1904,-596,0,0
-2145,-5992,-2236,-8454,1512,-1078,0,0
-4485,-4962,-3730,-9784,1118,-683,0,0
-5976,-3180,-5066,-11630,1696,461,0,0
-5565,-2375,-6593,-15506,1662,1545,0,0
-4762,-2726,-7195,-16648,2677,1762,0,0
-3070,-3373,-5256,-10509,3783,-1104,0,0
-1138,-2911,-2686,-4016,4361,-1987,0,0
-938,-2101,-1748,219,5634,-2896,0,0
-1659,-875,-1705,558,5638,-3778,0,0
-1722,177,-706,-514,5169,-2906,0,0
-2091,385,1099,-594,5102,-2041,0,0
-809,470,2404,-889,4137,-1172,0,0
702,572,3296,-1978,3629,-984,0,0
1171,754,4396,-5105,3836,-842,0,0
2009,1113,5485,-9701,4487,-510,0,0
2997,1298,6426,-12652,5572,101,0,0
5679,1561,6710,-12938,5767,856,0,0
5177,2263,6752,-11683,5669,-63,0,0
3772,3111,6152,-10410,5435,-449,0,0
2636,3461,5583,-7944,4011,-478,0,0
1586,3360,4606,-5614,2557,-679,0,0
530,2923,3212,-3637,840,-1150,0,0
-1055,1827,2432,-2038,432,-1473,0,0
-379,894,1618,-1440,569,-3181,0,0
21,661,1074,380,905,-1948,0,0
1835,133,277,974,1394,-1579,0,0
1383,-324,-38,1111,1420,-1876,0,0
-294,-532,82,1675,1782,-2436,0,0
-505,-257,-7,1548,1668,-3108,0,0
-464,68,-118,1429,1863,-2940,0,0
-300,7,-143,1254,2066,-3123,0,0
-215,61,-119,1205,2173,-2866,0,0
-148,-32,-110,1160,2116,-2968,0,0
-151,-2,-95,1265,2116,-2983,0,0
-153,29,-203,1457,2123,-2786,0,0
-242,-23,-204,1230,2372,-3048,0,0
-23,35,-109,1116,2410,-2987,0,0
61,90,-109,946,2161,-2724,0,0
-38,9,-138,1158,2266,-2737,0,0
63,-55,-164,1039,2267,-2902,0,0
-14,11,-104,1298,2420,-2869,0,0
-58,34,13,1212,2580,-2757,0,0
-41,74,195,910,2173,-2368,0,0
-173,113,101,678,1408,-1918,0,0
-438,-20,-395,315,848,-1153,0,0
-684,-581,-1293,-251,-513,-254,0,0
-415,-1729,-3016,-2131,-526,-559,0,0
959,-2703,-4876,-5695,386,-868,0,0
2029,-3547,-5794,-9425,369,-850,0,0
22,-4507,-6504,-13242,-780,531,0,0
-3355,-4629,-8056,-18028,442,-1000,0,0
-3710,-3425,-8505,-17305,2815,-1380,0,0
-2457,-3271,-6097,-15256,1107,-1072,0,0
-2029,-2953,-4272,-14483,2946,-601,0,0
-1588,-2520,-4311,-6864,3923,33,0,0
-3699,-2241,-3718,-3084,4651,-1638,0,0
-3136,-1609,-2975,803,7625,-2217,0,0
-687,-738,-1504,721,7114,-1967,0,0
1302,-125,-25,-511,7005,-2372,0,0
1841,265,1131,-719,5007,-2093,0,0
1001,676,2365,-1353,3945,-1037,0,0
778,886,3640,-3152,3461,-499,0,0
927,1055,5123,-6348,3919,-109,0,0
1758,1012,6908,-11419,5946,614,0,0
4552,952,8385,-16196,7166,89,0,0
5802,1655,8381,-14315,6916,-208,0,0
3966,2577,7696,-12047,6801,-85,0,0
2524,2997,6400,-9477,4911,-470,0,0
1460,2959,4919,-7033,3173,267,0,0
3279,2755,2922,-5042,1263,-369,0,0
921,2145,1597,-4056,367,-743,0,0
-3283,1194,1699,-2517,1414,-2193,0,0
-780,651,1583,-430,1475,-1778,0,0
1730,236,892,1053,864,-637,0,0
1067,-418,329,1312,1113,-1735,0,0
754,-480,64,1408,1575,-2170,0,0
523,-226,-106,1278,1763,-2732,0,0
241,-124,-273,1399,1729,-2853,0,0
337,-107,-382,1325,1856,-2892,0,0
-104,-94,-329,909,2299,-2928,0,0
-114,-108,-279,781,2387,-2844,0,0
40,-53,-211,1088,2314,-3133,0,0
44,-11,-153,1042,2239,-2916,0,0
71,-12,-210,809,2035,-2824,0,0
-90,5,-270,631,1944,-2517,0,0
-409,5,-437,292,1370,-1852,0,0
-849,-45,-859,-217,753,-1070,0,0
-830,-558,-1648,-912,176,-539,0,0
-275,-1668,-2984,-2671,-66,-405,0,0
-543,-2713,-4481,-6191,139,-592,0,0
-2201,-3289,-5747,-9277,268,261,0,0
-3360,-2963,-7341,-13514,342,514,0,0
-3353,-1832,-8737,-16603,1337,146,0,0
-2257,-1401,-8453,-15385,1633,53,0,0
-2523,-1993,-6019,-15010,350,227,0,0
-2797,-1856,-4585,-14683,1861,1113,0,0
-883,-1373,-4798,-8520,3379,333,0,0
286,-1038,-4395,-3907,3579,-994,0,0
-1749,-1195,-2768,-1363,6308,-2173,0,0
-2350,-745,-1224,669,8075,-2105,0,0
105,24,-32,300,6481,-1739,0,0
798,392,1499,-447,4737,-1001,0,0
375,495,2663,-1198,3997,-336,0,0
942,509,3581,-2291,3473,55,0,0
1584,580,4644,-4445,3477,408,0,0
2189,541,6064,-8552,4345,533,0,0
3626,439,7170,-12568,5177,753,0,0
4953,348,7209,-13008,5586,276,0,0
5243,1119,6743,-11853,5806,-284,0,0
3435,2072,6320,-10702,5706,-532,0,0
3000,2850,5443,-8193,4269,-565,0,0
1636,3240,4369,-5900,2931,-707,0,0
522,3011,3077,-4407,2263,-688,0,0
655,2443,2320,-3114,1526,-1021,0,0
-849,1436,2035,-1759,1459,-1874,0,0
-103,669,1435,190,1089,-997,0,0
1185,30,494,733,1203,-1438,0,0
1141,-240,69,959,1686,-1563,0,0
551,-292,42,1169,2028,-1797,0,0
270,-169,-58,1304,1857,-2288,0,0
-327,-60,-38,1320,2069,-2407,0,0
-341,-68,8,1203,2328,-2825,0,0
-218,66,14,1013,2254,-2689,0,0
-435,3,16,1367,2289,-2706,0,0
-508,-51,-11,1309,2380,-2707,0,0
-271,19,-74,1497,2485,-2556,0,0
-292,-71,-26,1393,2658,-2884,0,0
-163,-49,26,1577,2364,-2593,0,0
130,44,-82,1435,2171,-2630,0,0
77,51,-252,1278,2009,-2512,0,0
117,-26,-616,1107,1795,-2015,0,0
647,-292,-1371,79,1759,-1462,0,0
1030,-895,-2069,-2013,1757,-1543,0,0
2226,-1802,-2480,-3674,1997,-1668,0,0
1021,-3118,-2845,-5917,2269,-1550,0,0
-3215,-4123,-3367,-7939,2950,-478,0,0
-5017,-3833,-5261,-9683,2982,208,0,0
-5167,-2626,-7774,-13802,2942,1295,0,0
-5640,-1798,-9954,-17135,3610,844,0,0
-3580,-1224,-9367,-10164,5759,1259,0,0
-5584,-1845,-4888,-4051,2970,-1360,0,0
-4312,-2608,-3258,-2192,5841,-688,0,0
261,551,-3154,-1171,5719,-400,0,0
1972,980,-2541,-1410,3643,-1571,0,0
-1392,1048,-979,-2481,4668,-1475,0,0
-2732,903,655,-5161,5991,237,0,0
-222,286,2501,-9211,3481,-129,0,0
586,-526,4848,-6378,403,-324,0,0
