-459,-1695,-784,206,-75,419,0,0
-1,-1136,-778,-117,-272,1261,0,0
589,1194,-147,-87,-1068,1514,0,0
509,1846,525,760,-936,695,0,0
-37,404,492,299,-436,574,0,0
-412,-110,205,-294,-575,229,0,0
-533,-6,88,-407,-350,-331,0,0
-409,162,80,-544,-267,-599,0,0
-183,168,56,-537,-424,-824,0,0
119,-157,72,-286,330,-1066,0,0
454,-420,252,-536,131,-572,0,0
472,424,521,-751,-876,174,0,0
-475,942,732,219,-121,45,0,0
-1699,1644,1110,737,2272,-127,0,0
-2070,2918,1564,2024,6566,-1321,0,0
-2530,3908,1925,2372,7099,-908,0,0
-3763,5531,268,2636,8020,-1019,0,0
-5167,5251,-2550,4700,11452,-3842,0,0
-4858,6472,-4435,9656,16226,-8317,0,0
-2490,5490,-3847,16579,13433,-13584,0,0
804,4101,-2776,20134,6177,-13272,0,0
2144,-3405,2534,12924,10374,-10070,0,0
3941,-4580,3565,11358,13608,-5365,0,0
4753,-5937,3638,7526,15302,-1808,0,0
5178,-5945,2227,3009,11961,608,0,0
4408,-4599,557,195,6775,3187,0,0
2662,-2689,-399,-747,1375,3662,0,0
1510,-2062,-454,-813,-104,3375,0,0
1512,-1306,-649,-371,1183,3312,0,0
1338,-1183,-738,443,1681,3447,0,0
1152,-526,-631,-473,-21,4727,0,0
697,963,75,44,-1591,4219,0,0
-354,256,408,324,-760,3607,0,0
-1131,-193,300,-187,42,3141,0,0
-1528,416,238,-310,194,2403,0,0
-1736,1145,431,-283,355,2114,0,0
-2038,1513,497,-353,488,1930,0,0
-2470,1575,197,-161,1144,1169,0,0
-2779,1747,-146,284,2083,954,0,0
-3523,1871,-390,1407,4329,203,0,0
-4656,2232,-265,1763,7916,-891,0,0
-5689,3189,-443,3039,13165,-3296,0,0
-5497,2558,-1944,5792,11236,-4753,0,0
-5022,48,-2650,2970,9939,-4915,0,0
-3378,1524,-3640,2589,9973,-6262,0,0
-1388,2225,-907,4064,8626,-8056,0,0
308,467,-214,5478,9592,-6658,0,0
1497,-1671,614,4490,11298,-5909,0,0
2825,-2089,1268,3255,12006,-5337,0,0
3881,-2161,1581,3844,12683,-5535,0,0
4592,-2408,1498,3692,12465,-5097,0,0
5062,-2314,1268,3623,11921,-3851,0,0
5212,-2077,935,2862,10829,-2894,0,0
5151,-1520,650,740,7497,-569,0,0
4097,-1585,369,16,3052,1183,0,0
2598,-2459,-465,-955,-40,2584,0,0
2080,-2231,-1261,-281,621,3837,0,0
2062,-756,-1133,339,1926,5197,0,0
1622,478,-341,-347,655,6128,0,0
676,1238,375,-474,-939,5346,0,0
-467,962,452,-179,-333,4268,0,0
-1389,488,63,-281,431,3292,0,0
-1868,645,126,-306,1104,2316,0,0
-2209,708,295,-752,1165,1904,0,0
-2371,1290,210,-526,1179,1592,0,0
-2546,1828,33,-252,1145,1181,0,0
-2927,1846,-647,-44,1808,681,0,0
-3627,1216,-1457,1334,3514,243,0,0
-4875,563,-1601,1223,8903,250,0,0
-5963,1787,-1067,1818,13789,-359,0,0
-6449,2635,-1179,5049,15672,-2188,0,0
-6282,501,-2172,3842,12891,-2950,0,0
-5075,449,-1716,1333,11796,-3006,0,0
-2934,2655,-806,2089,11085,-4546,0,0
-1042,2392,-441,3271,9404,-6294,0,0
668,27,60,2750,9020,-4817,0,0
2366,-797,1036,3782,10820,-3863,0,0
3735,-1704,2049,5104,12066,-3916,0,0
4755,-3499,2818,5389,13737,-2728,0,0
5668,-3249,3001,4869,13931,-1569,0,0
5934,-2530,3029,4417,11627,-1524,0,0
5670,-3152,2385,1200,6934,-112,0,0
4980,-2486,1081,-1577,1028,1745,0,0
3732,-2734,-340,214,869,1936,0,0
2939,-3819,-2197,1063,3325,4214,0,0
2306,-2024,-2705,950,3729,5374,0,0
1412,-253,-1359,1461,1693,4419,0,0
981,-765,-301,738,-526,4650,0,0
534,-1148,128,-678,-411,3893,0,0
235,0,228,-375,-78,2473,0,0
-250,304,147,-793,408,1793,0,0
-815,418,-329,-2407,1518,692,0,0
-1304,1386,-558,-6017,1842,386,0,0
-1639,4045,-1161,-6717,3581,745,0,0
-2432,4892,-2321,-1794,9278,-5033,0,0
-2132,3657,-3839,2367,14201,-5506,0,0
-1734,2292,-4402,7668,9358,-1294,0,0
-4202,-413,-4994,7941,8348,819,0,0
-6540,-1093,-4363,8433,7531,85,0,0
-7035,326,-3169,7771,5089,-5105,0,0
-6193,413,-1962,5021,4360,-5787,0,0
-3980,185,-335,4735,7668,-8263,0,0
-908,1523,1167,74,11440,-10047,0,0
1071,596,1773,-2570,12367,-6745,0,0
2649,-905,1221,-4884,13446,-3226,0,0
3904,84,486,-4651,13077,-3711,0,0
4358,1063,301,-322,12260,-3622,0,0
4119,-234,58,2746,11072,-3229,0,0
4096,-731,165,4207,8593,-3126,0,0
4230,-199,1549,6008,4811,-783,0,0
3666,-1626,2894,4243,2409,1659,0,0
3147,-2580,3149,1543,3452,1615,0,0
3132,-2920,2712,-617,5282,2464,0,0
3285,-1320,2074,-2656,3626,4581,0,0
2776,719,2257,-2008,1820,3892,0,0
1812,221,1975,-2766,1370,4093,0,0
1056,-184,1156,-2741,299,4336,0,0
265,-54,712,-2988,-247,3721,0,0
-412,117,387,-2264,42,3559,0,0
-1292,-612,-168,-1375,322,3434,0,0
-2134,-844,-563,-1006,742,3273,0,0
-3089,41,-510,-702,1367,3036,0,0
-4385,1282,-335,240,3128,1305,0,0
-6058,2019,-25,522,7339,-241,0,0
-7556,1758,-414,3194,17278,-2924,0,0
-8014,-29,-1734,2240,16117,-3399,0,0
-7046,-571,-1581,-649,12459,-3526,0,0
-5165,1141,-512,128,10708,-3508,0,0
-3739,1654,-2600,953,9405,-5202,0,0
-2283,989,-742,676,5042,-5432,0,0
-900,361,-337,1101,5300,-5471,0,0
767,-401,194,2443,6696,-5346,0,0
2411,-1487,927,3039,9891,-4599,0,0
3966,-2286,1755,4075,13916,-4267,0,0
5360,-2828,2440,4248,16613,-2801,0,0
6244,-2934,2644,4269,16778,-1964,0,0
6436,-2732,2661,3818,14803,-1327,0,0
5874,-2131,2507,2267,11145,-767,0,0
4854,-3608,1790,123,6246,326,0,0
3234,-2063,165,-2110,1571,475,0,0
1914,-1964,-1667,-1290,325,1253,0,0
1141,-2895,-2736,321,2139,2377,0,0
1013,-1799,-2521,1086,3132,3231,0,0
1478,-189,-1120,1587,898,3751,0,0
1262,-102,-318,299,-580,4060,0,0
472,348,-56,181,-1342,4023,0,0
-480,229,39,-540,-858,3775,0,0
-1147,313,132,-83,207,3110,0,0
-1735,79,-118,-942,259,3841,0,0
-2325,714,-355,-561,877,3966,0,0
-3091,1291,-571,-682,2194,3029,0,0
-3601,2073,-840,-135,3161,1240,0,0
-4188,2526,-857,1236,3851,-250,0,0
-5242,1826,-542,1116,9039,-1802,0,0
-5849,1449,-245,2650,14173,-2290,0,0
-5734,352,-999,2733,11838,-3555,0,0
-4526,711,-1191,1076,10910,-3379,0,0
-3598,918,-1077,1008,11416,-5072,0,0
-2323,819,-876,1302,10110,-6123,0,0
-964,-508,-665,646,8560,-4259,0,0
342,-522,-478,872,9457,-3514,0,0
1471,-479,103,2422,9442,-3608,0,0
2233,-2054,603,2477,9414,-2381,0,0
3266,-1640,1551,3608,10647,-2713,0,0
4076,-1359,2299,3389,11101,-4142,0,0
4705,-1579,2691,2455,11430,-4461,0,0
5012,-2005,2321,1466,11073,-3665,0,0
5095,-1240,1448,910,9010,-1988,0,0
4513,-900,465,-631,5149,79,0,0
3448,-1690,-447,-222,1662,1153,0,0
2449,-3703,-1731,477,1436,2688,0,0
2399,-2898,-2396,736,2732,5032,0,0
2558,293,-1300,1684,688,5628,0,0
1581,404,-43,881,-94,5053,0,0
654,-18,148,200,-435,5248,0,0
-296,78,142,-445,-224,4399,0,0
-908,435,475,104,557,3851,0,0
-1306,353,516,-108,674,3970,0,0
-1980,795,787,-186,651,3847,0,0
-2961,1921,520,-1180,1730,2495,0,0
-3912,2752,-11,-561,3239,716,0,0
-5252,2298,-923,-331,9698,386,0,0
-7024,2298,-1906,2179,16979,-2631,0,0
-7623,1486,-2783,3018,16215,-3058,0,0
-6778,721,-2707,2217,14137,-2103,0,0
-5471,1089,-2113,1582,11142,-3863,0,0
-4212,970,-1467,362,8432,-4503,0,0
-2581,1593,-1308,1919,5708,-5785,0,0
-1005,205,-1487,2426,4500,-6208,0,0
808,-868,-754,2759,6768,-4913,0,0
3005,-843,1018,3135,10635,-3245,0,0
4774,-1120,2507,2862,15317,-2421,0,0
5959,-1415,3400,2536,18084,-1786,0,0
6630,-1340,3599,1552,18040,-1208,0,0
6507,-917,2889,790,14956,-1325,0,0
5401,-2103,1587,710,11029,-473,0,0
4082,-3112,221,-957,7030,853,0,0
3172,-1563,-257,-1397,3194,666,0,0
2537,-289,-328,-1018,825,1069,0,0
1968,-913,-875,518,424,1539,0,0
1452,-2286,-3704,596,1127,3417,0,0
1297,-1104,-1252,806,297,3992,0,0
852,-347,-278,476,-802,4041,0,0
198,-32,-47,51,-1272,4134,0,0
-490,452,-49,414,-1004,3088,0,0
-1154,80,217,299,-329,2604,0,0
-1449,352,557,49,446,2622,0,0
-1773,906,641,-25,970,2192,0,0
-2200,1198,490,-304,1337,1826,0,0
-2524,1649,203,-327,2005,1283,0,0
-3032,1713,-64,-81,3599,1341,0,0
-4319,1394,-116,604,8158,459,0,0
-5902,1534,-204,1850,14520,-1199,0,0
-6769,846,-1025,2466,14057,-2916,0,0
-6124,339,-1607,1166,12138,-1862,0,0
-4939,2011,-1265,1582,12457,-2271,0,0
-3634,2539,-1148,1678,9110,-3106,0,0
-2623,1357,-770,790,6665,-3453,0,0
-1599,75,-610,994,6441,-3992,0,0
-297,-830,-700,758,7760,-4038,0,0
1449,-724,-324,768,9190,-4447,0,0
3371,-905,403,1456,11382,-3525,0,0
5127,-817,1080,2126,13856,-2320,0,0
6162,-781,1637,1952,14826,-2197,0,0
6470,-1026,2011,1546,14994,-1264,0,0
6196,-957,1520,1093,12607,-605,0,0
5311,-1717,693,742,9047,541,0,0
4027,-2078,7,-660,4801,1723,0,0
2883,-1044,-146,-1358,1258,1554,0,0
2266,-574,-217,-202,-238,1145,0,0
2143,-1400,-751,-86,1146,2376,0,0
2396,-531,-751,421,1483,3826,0,0
1954,-19,-211,281,403,4636,0,0
1169,228,176,82,-1113,5626,0,0
14,526,485,-176,-865,5474,0,0
-1227,444,307,-254,115,4215,0,0
-1938,703,373,-389,722,3264,0,0
-2427,932,492,-510,1291,2720,0,0
-2868,1136,295,-480,1938,1835,0,0
-3116,1753,-52,-399,3337,1620,0,0
-3784,1947,-468,970,6406,2099,0,0
-5771,2036,-647,2133,15947,1987,0,0
-8085,2737,-1141,4873,22100,-1919,0,0
-9158,-634,-2504,3531,15814,-1974,0,0
-8482,-1516,-1633,1493,13427,98,0,0
-6134,1532,-723,-475,10917,-2517,0,0
-3585,4649,-584,347,8007,-5099,0,0
-2001,3729,-1142,1481,4514,-6955,0,0
-522,1524,-1726,2371,1554,-5670,0,0
793,-466,-1429,2915,2878,-4344,0,0
2441,-1277,-134,2515,6725,-3134,0,0
4415,-1231,1500,2261,11986,-1649,0,0
6071,-897,2963,3481,17440,-514,0,0
6989,-1384,3962,4011,20659,-444,0,0
7197,-1975,4015,3167,20546,290,0,0
6774,-1663,3335,2278,17262,-84,0,0
5896,-1961,2151,565,13146,112,0,0
4575,-2777,782,-423,8578,407,0,0
3026,-3067,-360,-1452,5509,797,0,0
2125,-1099,-955,-1791,2280,2082,0,0
1292,258,-939,-253,-1012,2138,0,0
319,-1047,-983,-316,-848,1553,0,0
328,-1157,-1079,-306,204,2320,0,0
397,-158,-718,73,-63,2504,0,0
205,141,-399,118,-618,2040,0,0
47,357,-35,275,-905,2110,0,0
-447,163,-91,158,-624,2220,0,0
-966,363,-60,283,-302,1763,0,0
-1371,611,129,229,26,1844,0,0
-1877,452,146,-13,594,1502,0,0
-2066,612,118,-370,738,1191,0,0
-2187,968,-56,-324,1385,777,0,0
-2334,1389,-213,-70,3107,1278,0,0
-3137,2090,-269,567,7101,1289,0,0
-4993,1812,-260,1603,11795,-575,0,0
-6119,1307,-763,1907,12352,-1821,0,0
-5921,846,-1417,2718,10798,-1075,0,0
-5339,249,-1643,1734,10614,-1451,0,0
-3906,1898,-1321,695,10465,-2025,0,0
-2410,3294,-975,1792,8611,-3410,0,0
-1395,1475,-805,1464,6067,-4125,0,0
-258,-568,-383,862,6923,-3166,0,0
1176,-899,122,1565,9521,-3054,0,0
2570,-990,530,1893,9577,-3403,0,0
3587,-2147,902,2283,11555,-2964,0,0
4597,-2474,947,3125,13539,-2054,0,0
5489,-2317,953,2032,13961,-1668,0,0
6161,-1037,1357,1030,13770,-850,0,0
6012,-315,1296,1441,11615,-803,0,0
5067,-1417,739,566,8342,333,0,0
3746,-2420,92,-955,4253,1803,0,0
2777,-1334,-320,-1238,869,2630,0,0
2113,-1038,-683,651,-402,2589,0,0
1974,-1517,-914,186,1375,3946,0,0
2130,125,-172,125,238,5136,0,0
1332,952,440,-231,-885,3874,0,0
449,690,499,279,-809,3004,0,0
-329,-287,107,-297,-748,3067,0,0
-871,-92,252,-887,-481,2657,0,0
-1271,412,361,-150,-31,1963,0,0
-1503,261,331,-411,277,2396,0,0
-1853,696,218,-540,658,2187,0,0
-2389,1137,-23,-439,2082,1956,0,0
-3218,1780,-252,181,3982,1967,0,0
-4902,1507,-235,746,8944,543,0,0
-6409,1622,-86,1651,14660,-1933,0,0
-6381,998,-738,2694,12848,-1696,0,0
-5912,467,-1216,1213,12580,-1870,0,0
-4919,2487,-819,1191,11609,-3334,0,0
-3868,2605,-883,1988,9571,-4397,0,0
-2736,1236,-1408,1702,7689,-4290,0,0
-1359,685,-1691,1355,6768,-4567,0,0
328,101,-1246,1436,7924,-3756,0,0
2131,255,-33,1854,9748,-2236,0,0
3352,-121,1493,1636,11074,-2458,0,0
4251,-767,2542,1664,12659,-2942,0,0
4943,-1620,2648,2302,13615,-3024,0,0
5301,-2578,1993,1015,13738,-1934,0,0
5690,-1476,1365,550,12380,-911,0,0
5555,-410,925,615,9922,-463,0,0
4693,-891,534,292,6088,791,0,0
3118,-2265,34,-822,2877,1318,0,0
2242,-1734,-336,-1410,437,2240,0,0
1989,-939,-465,-83,125,3199,0,0
1812,-623,-657,198,1494,3964,0,0
1576,143,-142,-419,339,5173,0,0
980,706,503,-867,-676,5492,0,0
-23,1214,697,-413,-351,4481,0,0
-1215,744,207,-648,317,3755,0,0
-1978,706,-138,-718,703,3215,0,0
-2438,1170,-55,-633,1088,2381,0,0
-2790,1542,-180,-539,1576,1561,0,0
-2984,1963,-476,-72,2223,1040,0,0
-3423,1960,-1017,1109,4534,450,0,0
-4400,2262,-1414,1934,9605,-2144,0,0
-5474,2913,-1777,2583,14066,-980,0,0
-5924,2501,-2836,4197,14393,-2265,0,0
-5647,742,-3977,4034,10333,-1801,0,0
-5320,-961,-3499,1227,8676,-2162,0,0
-3890,390,-2037,-294,7852,-2208,0,0
-1837,3068,-983,923,6352,-3415,0,0
-288,2400,-605,2431,5516,-4353,0,0
701,-347,-426,2672,7001,-3753,0,0
1896,-1652,330,2479,10542,-2618,0,0
3433,-1761,1598,2363,12583,-1867,0,0
4714,-1966,2698,2247,14092,-896,0,0
5458,-2014,3255,2876,15360,-957,0,0
5745,-2643,3242,2874,15555,-1350,0,0
5639,-3212,2498,1292,14221,-628,0,0
5196,-2825,1231,338,11462,-821,0,0
4590,-2523,80,-20,8667,-405,0,0
3918,-1562,-692,-1463,4889,1986,0,0
2972,-201,-691,-97,219,2820,0,0
1730,-1188,-833,162,-423,3060,0,0
1326,-3416,-941,304,918,4021,0,0
928,-906,-559,74,-241,3784,0,0
807,269,82,59,-862,3004,0,0
436,639,399,141,-546,2642,0,0
-125,577,135,-211,-360,2430,0,0
-394,938,259,128,-167,2110,0,0
-783,759,529,-462,-30,2581,0,0
-1270,1220,424,-633,40,2106,0,0
-1686,1777,109,-330,-99,1298,0,0
-2157,1619,-439,-315,509,1011,0,0
-2756,1661,-869,375,2427,519,0,0
-3792,1844,-901,514,6464,-25,0,0
-4858,2787,-645,1300,11117,-1210,0,0
-5510,2313,-1851,3061,13450,-2602,0,0
-5645,606,-3356,2410,11321,-1467,0,0
-5704,-224,-3194,1333,10985,-987,0,0
-5105,654,-2420,1290,10335,-1050,0,0
-4200,2003,-1966,1523,9129,-2410,0,0
-3092,1839,-2007,1951,7482,-3168,0,0
-2198,247,-1979,1933,5928,-4658,0,0
-831,-1200,-1365,933,6948,-4680,0,0
1846,-489,251,1463,9846,-3902,0,0
4281,-170,2153,1713,12935,-3356,0,0
5682,-1041,3328,2494,16378,-3029,0,0
6463,-2118,3208,2324,18116,-1694,0,0
6852,-1731,2647,2355,17609,-985,0,0
6691,-1461,2315,2101,15984,131,0,0
6201,-1966,1765,677,12111,1801,0,0
3038,-2516,386,-1654,2494,2983,0,0
1711,-2054,-433,-1703,-582,3508,0,0
1176,-1916,-921,-512,-491,4195,0,0
926,-951,-829,-606,1068,4076,0,0
801,438,-132,-68,149,2908,0,0
357,91,19,-314,-502,2804,0,0
-81,323,-215,-149,-854,2711,0,0
-619,439,-211,22,-577,2311,0,0
-1044,505,11,295,-158,2108,0,0
-1354,625,211,473,-34,1787,0,0
-1690,900,269,201,-62,1522,0,0
-2028,1400,220,158,2,1121,0,0
-2513,1433,-24,38,627,550,0,0
-2976,1609,-138,-60,3344,889,0,0
-3754,2493,2,330,8567,392,0,0
-5290,1637,-419,2106,13267,-2193,0,0
-6076,141,-1788,1062,11022,-1558,0,0
-5860,-94,-2167,410,11335,-85,0,0
-5152,1467,-1811,991,11149,-559,0,0
-4469,2633,-1678,1514,10511,-2146,0,0
-3803,1825,-1596,1541,9712,-3270,0,0
-2821,-269,-1769,2069,8906,-5124,0,0
-857,-1264,-1465,428,8897,-4303,0,0
2085,278,121,1113,9945,-3168,0,0
4138,413,2027,1247,11401,-2644,0,0
5222,-547,2934,2243,13124,-2740,0,0
5680,-2198,2721,2276,14706,-1812,0,0
5954,-2461,1925,521,14506,-701,0,0
6158,-1057,1456,580,12566,-478,0,0
5869,-469,1264,411,10417,280,0,0
4974,-884,960,-15,6422,1424,0,0
3308,-1955,389,-1288,2594,2313,0,0
1931,-1541,-147,-1194,331,2315,0,0
1155,-1308,-669,-1068,-269,2751,0,0
1213,-534,-756,77,985,3005,0,0
1199,2,-339,-159,561,3900,0,0
731,363,129,-585,-422,3766,0,0
19,774,217,-509,-689,2966,0,0
-762,753,-125,-345,-588,2214,0,0
-1226,464,-211,-327,-220,1830,0,0
-1566,381,-65,-429,93,1270,0,0
-1726,456,-61,-70,212,931,0,0
-1900,638,-265,-183,567,775,0,0
-2128,1278,-489,-17,1761,835,0,0
-3033,1618,-333,-134,4250,879,0,0
-4570,1153,-338,669,8211,-948,0,0
-5693,269,-809,697,11712,-1596,0,0
-5793,107,-1340,1085,9916,-566,0,0
-5560,381,-1450,1356,10793,-865,0,0
-5167,791,-1272,829,10332,-3023,0,0
-4263,1168,-1094,-212,9284,-3202,0,0
-2884,1958,-1494,1489,8461,-3323,0,0
-1544,871,-2062,2181,6985,-3945,0,0
-201,-881,-1356,1037,7336,-3041,0,0
1623,-401,386,922,10339,-1464,0,0
3419,618,1741,1574,10412,-1082,0,0
4224,51,2498,1883,10711,-1270,0,0
4155,-1892,2491,1900,12350,-1322,0,0
4219,-2399,1906,613,12559,-1293,0,0
4618,-1202,1744,673,11502,-1745,0,0
4558,-1973,1447,339,11175,-2638,0,0
4600,-2310,491,-642,9900,-1593,0,0
4443,-1535,-154,-181,7080,-866,0,0
3998,-1323,-556,-333,3666,1533,0,0
3012,-1715,-1085,657,-137,3671,0,0
2079,-1831,-1656,591,503,4339,0,0
1895,-253,-1221,1032,1687,4438,0,0
1532,752,-283,836,-411,4536,0,0
818,727,266,579,-1276,3371,0,0
170,379,341,115,-771,2956,0,0
-453,335,227,-101,-656,2506,0,0
-937,432,217,-29,-623,1539,0,0
-1192,374,274,-493,-321,1101,0,0
-1367,670,270,-537,-169,621,0,0
-1826,564,174,-562,-315,505,0,0
-2770,990,315,-1071,1897,379,0,0
-4157,1469,334,-659,4957,-1327,0,0
-5489,1506,-136,-361,10380,-3448,0,0
-5822,938,-1076,913,10567,-5180,0,0
-4947,197,-1644,-489,10030,-3070,0,0
-3658,1910,-1910,444,8688,-1825,0,0
-2919,2222,-1823,1299,6109,-814,0,0
-2714,993,-1284,1221,4859,-200,0,0
-2617,-107,-846,843,5143,49,0,0
-2630,-136,-518,867,5378,-106,0,0
-2668,421,-512,177,5560,-660,0,0
-2491,473,-732,181,5313,-3143,0,0
-1566,-646,-870,-174,6822,-4944,0,0
384,-1343,-688,-1009,8570,-5960,0,0
3075,-586,-152,326,11934,-4653,0,0
5355,-69,915,2517,15054,-3099,0,0
6135,-1270,1796,2070,16302,-1910,0,0
6316,-1528,1822,802,15152,-335,0,0
6072,-605,1668,678,13597,-738,0,0
5485,-1226,1277,-908,11003,-744,0,0
5150,-767,996,-1569,8759,-459,0,0
4318,-972,726,-1318,6289,-213,0,0
3114,-1581,-62,-2008,3443,970,0,0
2119,-813,-615,-1790,774,2128,0,0
1384,152,-735,4,-1313,2328,0,0
1010,-1064,-2181,1287,2560,570,0,0
762,-1095,-2094,1564,2689,231,0,0
647,-1038,-1802,1197,2748,7,0,0
506,-414,-1302,931,1853,-325,0,0
336,223,-697,788,1066,-567,0,0
75,3,-195,1045,1160,-1044,0,0
116,-498,340,1307,1667,-1019,0,0
207,-1048,879,2177,2131,-1563,0,0
462,-2474,1164,2264,3222,-2053,0,0
1108,-3603,1314,3748,5538,-2298,0,0
1589,-5036,969,4115,9892,-2892,0,0
2346,-4755,355,3193,13434,-3401,0,0
3243,-3392,378,3433,15976,-4907,0,0
4382,-2152,784,1841,15713,-5946,0,0
5349,-1256,1027,500,13587,-5256,0,0
5555,-883,872,868,11231,-4141,0,0
4893,-1601,325,-210,8781,-1642,0,0
4000,-848,54,-627,5460,522,0,0
2547,-1153,170,-843,2609,772,0,0
1251,-1277,-178,-2046,203,1731,0,0
112,-547,-305,-1427,-1145,1239,0,0
-500,-259,-310,-478,-927,1921,0,0
-697,35,-253,-579,-738,2959,0,0
-867,565,-52,-40,-337,2763,0,0
-1012,347,214,-49,320,3111,0,0
-1263,1257,521,-466,414,3438,0,0
-1891,2051,447,428,996,2255,0,0
-2714,1044,185,869,1700,1479,0,0
-3321,272,-60,46,2483,1325,0,0
-3563,962,-251,-130,2522,745,0,0
-3747,1439,-641,29,2510,215,0,0
-4076,1148,-1210,390,3023,-119,0,0
-4457,598,-1595,306,5662,116,0,0
-4365,1654,-1646,704,10822,133,0,0
-3866,2873,-1089,2679,11123,-454,0,0
-3745,752,-574,1743,8765,-1863,0,0
-3136,45,-35,-404,6680,-2480,0,0
-1717,1346,17,418,5041,-2154,0,0
-547,1361,-197,524,4899,-2477,0,0
135,95,-141,492,7952,-2405,0,0
703,-1152,-230,94,9252,-1657,0,0
1518,-1685,-292,1426,9865,-1761,0,0
2493,-2220,6,1077,12844,-468,0,0
3577,-962,682,836,11401,-1284,0,0
4245,-696,1403,1229,11945,-3446,0,0
4825,-1391,1495,1690,13310,-3169,0,0
5114,-2010,890,1312,13241,-2123,0,0
5436,-1246,298,280,11459,-575,0,0
5368,-83,307,272,7302,983,0,0
3985,-477,130,-1220,2954,3055,0,0
2625,-569,-165,-173,-1087,3373,0,0
2202,-1020,-340,-110,357,3877,0,0
2062,-761,130,-717,1085,4818,0,0
1383,109,407,-791,209,4034,0,0
622,497,224,-737,-529,3534,0,0
-25,333,97,-684,-475,3151,0,0
-615,173,41,-867,-27,2368,0,0
-892,408,88,-524,161,1823,0,0
-1065,692,31,-650,26,1924,0,0
-1360,1108,-134,-336,22,1357,0,0
-1740,910,-290,210,450,899,0,0
-2362,600,-474,200,1900,1298,0,0
-3714,667,-312,586,5040,-49,0,0
-7008,1156,-242,912,11592,-1229,0,0
-5701,1767,-720,2126,12939,-1987,0,0
-5640,1335,-1430,2256,10543,-2632,0,0
-5035,1549,-1399,2140,9348,-2814,0,0
-4125,2353,-1221,2350,8324,-2954,0,0
-3343,2131,-1443,2572,7328,-3697,0,0
-2563,1249,-1807,2609,6555,-4378,0,0
-1515,-76,-1747,2776,7983,-5271,0,0
380,-692,-738,1863,10320,-4598,0,0
2608,-373,887,1944,12314,-4837,0,0
4180,-1682,1793,2675,14134,-5313,0,0
5507,-2976,1542,2623,16441,-3844,0,0
6793,-2130,1447,2901,17505,-2101,0,0
7309,-1566,1866,2692,16680,-799,0,0
6857,-1681,1556,1399,12592,1436,0,0
5143,-2037,716,158,7410,2845,0,0
2981,-2097,-269,-1835,2176,3928,0,0
1796,-543,-499,-1080,-768,3596,0,0
1387,-574,-360,-240,136,3305,0,0
1160,-835,-398,-106,1234,3233,0,0
1124,-72,-142,-272,-170,4379,0,0
662,871,202,-346,-1180,4277,0,0
-165,981,581,-236,-814,3523,0,0
-1098,620,508,-613,-123,3032,0,0
-1626,783,295,-570,448,2285,0,0
-2030,1021,78,-739,621,1591,0,0
-2323,1133,-119,-677,810,997,0,0
-2520,1215,-435,-474,1145,107,0,0
-2649,1051,-858,-98,1569,-784,0,0
-3001,595,-1144,399,3542,-1090,0,0
-3553,334,-1188,764,7358,-476,0,0
-4353,1095,-708,1555,11236,-698,0,0
-4929,1207,-683,2392,10944,-2385,0,0
-4743,268,-666,1936,8711,-2189,0,0
-4243,219,-309,609,9245,-2563,0,0
-3183,1867,-251,307,8665,-4217,0,0
-1863,2446,-777,2249,8078,-4766,0,0
-956,407,-1385,2255,7770,-4859,0,0
61,-1108,-1064,916,8801,-3889,0,0
1547,-463,25,1726,9469,-2539,0,0
2548,-890,781,1865,9459,-2275,0,0
3172,-1414,1132,1270,9814,-3076,0,0
3774,-1457,1272,948,10822,-3676,0,0
4490,-1391,1142,1132,11746,-3436,0,0
5116,-1019,907,1032,12041,-3252,0,0
5411,-517,845,846,10626,-2248,0,0
4882,-1047,657,274,7065,-486,0,0
3770,-1398,178,-499,2931,1154,0,0
2675,-1311,-175,-779,281,1958,0,0
2045,-1091,-745,16,366,2566,0,0
1901,-821,-964,251,1214,3880,0,0
1608,-8,-335,401,507,4242,0,0
846,-85,271,-466,-387,4083,0,0
143,162,232,-477,-800,3664,0,0
-546,63,-37,-428,-688,3011,0,0
-1126,146,166,-792,-334,2485,0,0
-1495,403,236,-627,94,1906,0,0
-1753,415,-34,-604,184,1601,0,0
-1961,542,-204,-609,478,1439,0,0
-2282,830,-305,-249,1453,986,0,0
-2904,945,-369,697,3191,-259,0,0
-3814,506,46,379,5386,-1233,0,0
-4400,1028,582,878,10284,-1337,0,0
-4912,1246,292,2715,11412,-3396,0,0
-4956,-34,-481,1256,9832,-2393,0,0
-4660,1080,-491,407,10019,-2294,0,0
-4075,2287,-659,1245,9523,-3167,0,0
-3281,2234,-1217,1424,9248,-3042,0,0
-2426,1789,-1441,2014,9343,-3670,0,0
-1667,332,-1127,815,9107,-3598,0,0
-366,-214,-555,578,8104,-2856,0,0
1130,-624,51,1037,8166,-2805,0,0
2334,-1423,702,986,9288,-2816,0,0
3412,-1503,1080,946,10726,-3509,0,0
4572,-1282,1152,1282,11759,-3448,0,0
5472,-1193,1212,1445,13239,-3283,0,0
6010,-1238,1158,1263,13647,-2188,0,0
5936,-1797,846,1339,11407,-888,0,0
5083,-2639,152,-413,7286,1065,0,0
4162,-1533,-355,-1057,2576,2813,0,0
3168,-1086,-910,505,80,3382,0,0
2420,-2070,-1494,1168,1694,4411,0,0
1982,-1088,-1289,904,1227,5653,0,0
1519,456,-332,1259,-742,5026,0,0
720,328,249,551,-1149,4763,0,0
-244,189,304,196,-728,3483,0,0
-941,153,420,-2672,-535,2483,0,0
-1146,621,458,-557,-401,1812,0,0
-1419,261,234,-622,-43,1796,0,0
-1746,477,-14,-790,528,1851,0,0
-2206,755,-158,-200,1314,1559,0,0
-2980,945,-218,477,3048,1559,0,0
-4529,517,363,466,7104,-151,0,0
-5791,697,870,555,11173,-1267,0,0
-6343,412,482,1291,11823,-2669,0,0
-5736,436,242,267,11424,-1774,0,0
-4805,2402,514,1238,11162,-3184,0,0
-4005,2534,209,1288,9866,-2868,0,0
-3316,2353,-315,1547,8670,-3197,0,0
-2602,1222,-759,997,8036,-3904,0,0
-1452,224,-612,441,8251,-3692,0,0
-43,-587,-210,688,9772,-3398,0,0
1407,-1322,8,-85,9743,-3132,0,0
2824,-1060,232,216,9840,-3767,0,0
3884,-1798,139,1064,11640,-3640,0,0
5003,-1780,-182,1082,12848,-2788,0,0
5970,-827,5,1372,13860,-2435,0,0
6449,-413,292,1232,13346,-1292,0,0
6171,-905,332,1071,10516,497,0,0
4935,-1759,128,147,6816,1613,0,0
3556,-1341,-59,-951,2687,3010,0,0
2328,-410,-336,-170,-624,3134,0,0
1566,-972,-700,315,213,3054,0,0
1408,-946,-662,302,1280,3964,0,0
1284,-15,-146,-48,-109,4231,0,0
679,493,251,-367,-928,3159,0,0
63,589,304,-142,-937,2691,0,0
-573,277,161,-431,-627,2604,0,0
-1094,256,117,-324,-256,1783,0,0
-1332,240,207,-314,-196,1718,0,0
-1583,314,160,-429,-1,1549,0,0
-1800,569,78,-277,603,1262,0,0
-2284,736,-61,-203,1657,1226,0,0
-3104,1198,-48,-147,3224,1218,0,0
-4653,1224,262,333,6761,-206,0,0
-6012,214,167,555,12944,-1711,0,0
-5988,17,-189,1150,10618,-2097,0,0
-5186,219,-151,-616,10827,-1932,0,0
-4097,2667,70,454,10591,-2528,0,0
-3664,2506,-455,1428,9612,-3378,0,0
-3104,1304,-978,671,9101,-3320,0,0
-1907,1308,-785,476,9406,-3829,0,0
-2424,883,-279,625,9903,-3247,0,0
734,-764,6,262,9025,-2261,0,0
1669,-1930,245,-199,8627,-1698,0,0
2660,-1854,629,168,9693,-2412,0,0
3617,-1863,688,312,10493,-3536,0,0
4796,-1576,451,200,11447,-3821,0,0
5758,-1026,108,416,12574,-3100,0,0
6161,-736,-105,804,12602,-1484,0,0
5982,-637,-144,782,9938,739,0,0
4850,-966,-18,-90,5735,1793,0,0
2337,-992,-546,-437,-253,2789,0,0
2043,-1333,-1005,336,1035,3904,0,0
1912,-742,-1110,796,1325,5183,0,0
1457,642,-218,522,-544,5210,0,0
581,1031,374,224,-1427,4222,0,0
-323,570,252,31,-1212,2956,0,0
-939,173,220,-492,-974,2165,0,0
-1165,560,485,-459,-390,1266,0,0
-1360,484,303,-478,-215,881,0,0
-1740,142,-165,-294,-35,466,0,0
-1961,130,-332,-77,493,643,0,0
-2522,483,-160,272,2054,657,0,0
-3624,987,407,-123,5039,-690,0,0
-4339,1229,705,238,8666,-905,0,0
-4914,606,161,650,10426,-1476,0,0
-5072,270,-177,-301,9567,-1674,0,0
-4973,781,28,-889,10206,-2589,0,0
-4364,1899,-201,292,10178,-2770,0,0
-3904,1347,-739,898,10673,-5000,0,0
-2966,263,-1034,652,10267,-4497,0,0
-1468,596,-867,1511,9946,-4922,0,0
15,-657,-386,841,9836,-3554,0,0
1519,-340,313,-466,9240,-2696,0,0
2531,96,774,-130,8898,-4468,0,0
3188,-1703,517,-134,9590,-4697,0,0
4138,-2323,-12,-152,10787,-4348,0,0
5307,-1390,-345,204,11732,-3550,0,0
6218,145,-316,456,11621,-1772,0,0
6210,165,57,1603,9972,-267,0,0
5033,-1365,100,79,7121,1869,0,0
3437,-1276,129,-356,3198,2678,0,0
1648,-3416,-7,-1255,116,2630,0,0
958,-305,-242,-1554,-588,2456,0,0
972,481,-125,-327,35,1676,0,0
1033,-225,-242,-241,395,2336,0,0
940,30,-249,-533,-358,3139,0,0
354,410,-141,-35,-845,2778,0,0
-353,84,-104,-36,-801,2925,0,0
-995,101,20,-185,-559,2416,0,0
-1376,158,258,-52,102,1800,0,0
-1582,247,311,-261,649,1596,0,0
-1827,504,175,-30,871,843,0,0
-2151,477,32,348,1469,861,0,0
-3230,612,229,-198,2697,396,0,0
-4366,1002,503,-204,6431,-977,0,0
-5117,1159,470,702,11432,-1484,0,0
-5460,1107,-84,807,9725,-1779,0,0
-5013,763,-212,687,8586,-1613,0,0
-4310,1242,107,-23,8918,-1347,0,0
-3668,2652,43,399,8413,-2130,0,0
-3278,2192,-509,834,8282,-2519,0,0
-2876,1013,-972,336,8314,-3478,0,0
-1754,671,-958,-203,7842,-3858,0,0
-57,331,-609,173,8885,-3092,0,0
1766,246,5,599,10510,-1876,0,0
2902,-75,770,536,9028,-1327,0,0
3243,-1063,1139,1215,8626,-1591,0,0
3334,-2571,1123,1177,10623,-1355,0,0
3859,-2118,996,483,10958,-1749,0,0
4461,-1604,978,547,11095,-3553,0,0
4958,-2064,625,-865,11269,-2947,0,0
5273,-1312,42,-243,10402,-2132,0,0
4940,-1636,-592,32,7756,-480,0,0
4056,-1653,-957,-322,4464,1422,0,0
2925,-1451,-976,-142,1542,2603,0,0
2291,-974,-1505,1272,12,4130,0,0
1728,-1004,-1329,1460,894,4284,0,0
1520,-34,-576,741,505,5291,0,0
1081,1366,149,666,-1338,4653,0,0
187,1129,390,687,-1389,3340,0,0
-760,467,290,193,-1100,2981,0,0
-1454,390,391,-135,-582,2657,0,0
-1859,562,448,-177,93,2141,0,0
-2127,614,285,98,720,1704,0,0
-2379,672,236,119,1502,1595,0,0
-2794,1222,105,-299,3052,1955,0,0
-3600,2431,142,184,5051,1891,0,0
-5559,1575,259,647,11350,-2034,0,0
-6757,-747,-311,-832,12246,-2774,0,0
-6270,-380,-733,-526,10770,-1970,0,0
-4956,1439,-509,283,11387,-2380,0,0
-3792,3048,-569,277,10274,-2648,0,0
-2870,3049,-1135,2028,8606,-2853,0,0
-2413,863,-1541,1755,8148,-3649,0,0
-1370,-845,-1102,247,8185,-2837,0,0
526,-179,106,463,9301,-2179,0,0
2119,-180,958,989,9470,-1946,0,0
2998,-1113,1324,89,10053,-2106,0,0
3577,-1897,1381,68,11199,-3327,0,0
4345,-2407,824,-802,11886,-3038,0,0
5472,-1060,313,-463,12256,-2190,0,0
6198,-2248,178,126,12195,-2126,0,0
6283,-497,286,446,10727,-954,0,0
5453,-1416,260,4,7840,796,0,0
4143,-1598,-68,-412,4209,2012,0,0
1612,-483,-477,341,-715,2433,0,0
821,-1631,-793,119,157,3497,0,0
710,-894,-454,6,223,3297,0,0
607,-236,-91,-420,-783,2963,0,0
219,510,94,-178,-1094,2572,0,0
-410,372,-150,418,-708,1854,0,0
-860,-193,-63,133,-488,2088,0,0
-1248,-12,268,-72,-241,2140,0,0
-1510,354,448,445,290,1758,0,0
-1765,264,452,-185,567,2248,0,0
-2139,871,349,-380,1011,1965,0,0
-7352,741,-83,-317,11356,-1213,0,0
-6135,350,-567,-722,12191,-1346,0,0
-5924,553,-841,-2704,11081,-2086,0,0
-5245,1340,-585,-293,12353,-2364,0,0
-4884,1337,-677,-78,12321,-4287,0,0
-3789,1185,-1233,1190,10841,-3252,0,0
-2547,314,-1195,1778,9310,-2789,0,0
-1030,-622,-121,65,8588,-1485,0,0
762,-130,1071,-508,9106,-1250,0,0
1848,-396,1439,-1672,8487,-2530,0,0
2516,-1091,979,-1184,8803,-4064,0,0
3113,-2346,19,-849,10786,-4223,0,0
4438,-1798,-652,-823,12544,-4297,0,0
6482,203,-405,280,14073,-3333,0,0
7693,510,176,1032,14851,-1156,0,0
7709,180,576,981,12675,1367,0,0
6196,-708,671,-260,8087,3331,0,0
3748,-1401,276,-1063,1993,4509,0,0
1971,-1258,-31,-586,-685,3850,0,0
1180,-1769,-358,-400,-102,3980,0,0
949,-1112,-291,-81,362,4143,0,0
571,-180,57,-65,-204,3535,0,0
194,626,256,-770,-687,3431,0,0
-397,1004,176,54,-776,2549,0,0
-1148,131,-86,-417,-595,2447,0,0
-1499,493,-70,-392,-94,2047,0,0
-1753,624,79,334,329,1445,0,0
-1983,365,150,-223,352,1875,0,0
-2388,1038,162,-231,903,1600,0,0
-3149,1167,7,403,2731,1414,0,0
-4480,1041,-98,38,6196,1211,0,0
-5821,918,-91,560,11523,-582,0,0
-6645,165,-383,312,12105,-1005,0,0
-6218,388,-654,-317,10798,-1241,0,0
-5097,1260,-410,-304,9967,-1925,0,0
-4295,1557,-126,-366,10107,-2564,0,0
-3266,2177,-457,402,9553,-2546,0,0
-2504,1505,-1296,530,8239,-2878,0,0
-1798,-235,-1416,-300,7445,-2762,0,0
-86,-1062,-581,-466,8946,-1936,0,0
2331,-590,336,413,10795,-1176,0,0
3860,-865,1067,-170,11057,-1271,0,0
4458,-1515,1275,339,11505,-1735,0,0
4864,-2174,937,-195,12496,-1582,0,0
5537,-1374,384,-655,13136,-2207,0,0
6418,-161,173,-440,13219,-2329,0,0
6818,-313,188,238,11919,-962,0,0
6504,-945,200,62,9571,1427,0,0
5278,-893,163,-171,6058,3083,0,0
3170,-1284,-32,-189,1936,3550,0,0
1474,-1158,-290,-542,-663,3483,0,0
582,-1234,-360,-642,-597,3286,0,0
376,-429,-197,-221,86,3206,0,0
138,82,55,-268,-68,2658,0,0
9,217,-2,-620,-736,2668,0,0
-337,636,7,-308,-1030,2622,0,0
-925,554,-37,-27,-596,2304,0,0
-1397,561,31,56,-37,1863,0,0
-2260,544,12,-335,680,1230,0,0
-2534,701,-207,-5,842,634,0,0
-2976,519,-251,-222,1612,893,0,0
-3838,584,-19,-606,4889,443,0,0
-4657,1538,272,339,9973,-678,0,0
-5803,345,-183,97,11199,-2286,0,0
-5554,-71,-760,-525,9525,-2111,0,0
-4918,55,-479,-1196,9342,-2413,0,0
-3988,1358,-388,-1273,8938,-1635,0,0
-3105,2555,-935,1042,9180,-2551,0,0
-2756,589,-1553,103,8630,-2127,0,0
-1570,400,-937,-136,7654,-1950,0,0
113,-281,233,-508,8473,-1521,0,0
1604,-686,869,-1016,8945,-638,0,0
2402,-545,1113,-716,9056,-1442,0,0
2679,-1141,938,-206,9330,-2691,0,0
3253,-1964,599,-123,10380,-3522,0,0
4561,-1121,412,-452,11308,-3977,0,0
5857,-303,504,-128,12134,-4323,0,0
6763,-458,411,8,13083,-2239,0,0
7202,-11,530,247,11478,594,0,0
6053,-825,732,-35,8430,1947,0,0
4040,-1929,386,-796,4145,2717,0,0
2180,-1842,-207,-1861,157,2652,0,0
1182,-1035,-514,-1725,-469,2615,0,0
666,-197,-605,69,-272,2627,0,0
124,-377,-634,-173,-47,2438,0,0
-111,-199,-380,212,-247,2148,0,0
-333,-59,-302,-229,-566,2234,0,0
-617,420,-239,159,-793,1478,0,0
-876,237,-119,795,-714,1542,0,0
-1113,56,106,522,-354,1864,0,0
-1413,505,415,541,-313,1759,0,0
-1782,740,582,115,114,1972,0,0
-2176,1192,540,-238,633,1815,0,0
-2808,-663,-1154,-835,5669,-1048,0,0
-1100,-219,-198,-1316,5994,-1297,0,0
1004,475,447,-1240,8809,-1390,0,0
2504,199,915,-1233,10365,-1401,0,0
3255,-1066,910,-985,10367,-1593,0,0
4060,-1962,619,68,11789,-2077,0,0
4878,-1955,524,-457,13869,-2450,0,0
5939,-807,390,-162,14026,-2220,0,0
6666,-1235,95,-475,14386,-1923,0,0
7274,-865,-43,-928,13606,-329,0,0
7122,-296,72,-246,11272,1594,0,0
5922,-2336,-58,-590,7462,3351,0,0
3921,-172,-137,-520,2784,3687,0,0
1838,-732,-501,-1326,-523,4288,0,0
631,-386,-299,-112,-1474,2996,0,0
-140,-1476,-318,-435,-149,3078,0,0
-145,-736,-316,61,94,2714,0,0
-237,83,27,123,-607,2860,0,0
-542,934,416,157,-521,2009,0,0
-876,695,357,338,-580,1458,0,0
-1146,344,381,-414,-349,2272,0,0
-1515,1043,412,-362,310,1781,0,0
-2034,1074,201,-306,550,1396,0,0
-2607,636,-197,-520,542,1182,0,0
-3051,400,-460,-776,1383,1109,0,0
-3490,930,-541,-478,3341,1554,0,0
-4690,578,-184,-434,7267,917,0,0
-5970,423,-186,-749,13138,-1058,0,0
-6480,-418,-654,-788,10353,-2920,0,0
-6018,-1324,-991,-2954,9748,-887,0,0
-4349,2720,-829,-741,9357,-2080,0,0
-3252,2552,-1235,1160,8319,-1874,0,0
-2695,87,-1283,795,8180,-557,0,0
-1950,-1503,-347,-767,8377,-995,0,0
-475,-1232,579,-2252,9165,-407,0,0
1351,268,936,-2236,9937,-1159,0,0
2337,-760,841,-2203,8687,-2083,0,0
2888,-2362,215,-1550,9289,-1649,0,0
3772,-1405,-256,-742,11355,-3133,0,0
4784,-1092,-350,-878,13051,-3665,0,0
6174,-503,-572,-1388,13994,-2923,0,0
7508,312,-363,-816,14145,-1744,0,0
7603,43,-239,-607,12452,833,0,0
6657,-211,-336,-820,9530,3457,0,0
4781,-2,-364,-898,4628,4137,0,0
2632,-806,-414,-637,168,3366,0,0
1113,-1433,-521,-1667,-1268,3436,0,0
136,-623,-328,-310,-650,1586,0,0
-352,-879,-502,-580,-256,2633,0,0
-260,-46,-450,801,-153,1878,0,0
-489,-701,-189,268,-768,2309,0,0
-738,59,-27,243,-900,1919,0,0
-906,589,122,921,-524,1357,0,0
-1055,689,495,601,-270,1819,0,0
-1335,1059,758,393,45,1741,0,0
-1891,1133,747,522,338,1538,0,0
-2499,629,553,-18,1028,1874,0,0
-2965,1275,396,78,2606,1844,0,0
-4050,1622,517,409,7389,2977,0,0
-6670,892,947,665,17225,918,0,0
-8483,-515,697,-1152,17184,-2558,0,0
-7269,317,-83,-1805,14726,-2745,0,0
-5195,2681,-670,-780,9954,-4855,0,0
-3800,2006,-801,-166,5475,-4867,0,0
-2359,1332,-812,-41,3254,-3056,0,0
-1131,1065,-721,561,2856,-3677,0,0
