-100,168,-498,-130,3674,-350,0,0
-134,556,-309,-697,3724,-161,0,0
-370,805,-276,-1078,4683,-164,0,0
-571,987,-435,-1050,5211,-403,0,0
-527,762,-566,-648,3937,-683,0,0
-375,93,-632,-523,3543,-507,0,0
-321,-228,-595,-318,3895,-581,0,0
-241,-462,-425,79,3851,-891,0,0
-77,-724,-98,87,3417,-964,0,0
89,-478,265,497,3114,-1134,0,0
342,-548,499,1159,3119,-1420,0,0
707,-1074,780,1224,2692,-1550,0,0
1029,-954,1243,1324,2863,-1314,0,0
1391,-1435,1628,1637,4318,-1357,0,0
1840,-1811,1970,808,4854,-1223,0,0
2044,-961,2405,1101,5065,-1907,0,0
2250,-1096,2660,567,5111,-1531,0,0
2138,-637,2324,-1006,3882,-642,0,0
1737,-19,1436,-1195,3989,-443,0,0
1377,-14,83,-5202,4760,5203,0,0
-135,-675,-1237,-4064,6406,4484,0,0
-2210,-519,-2189,-2205,8166,889,0,0
-3585,329,-3006,-1326,8785,-1067,0,0
-3763,1970,-3607,-168,10102,-1076,0,0
-3352,3918,-3996,1418,9207,-4040,0,0
-2546,2758,-4156,2245,5883,-2609,0,0
-3656,257,-3524,2113,3001,-2309,0,0
-1020,625,-2119,2449,1927,-1463,0,0
-762,1740,-828,3010,1181,-1496,0,0
-245,429,260,2553,1129,-1441,0,0
380,-1265,1006,2039,1241,-163,0,0
546,-2275,1287,1392,1608,-183,0,0
786,-1275,1661,1815,3451,-3033,0,0
1371,-223,2362,3386,4369,-5436,0,0
2218,-321,3020,6570,7216,-6250,0,0
3344,-1929,3287,8828,12531,-4836,0,0
4835,-2190,5467,6585,16079,-3698,0,0
5966,-3555,6367,1640,16618,-1514,0,0
5823,-2444,5002,-1966,12861,735,0,0
4338,-2125,3215,-4769,9467,4086,0,0
1848,-1584,1916,-6433,4860,6919,0,0
-749,-1450,236,-4615,4925,3865,0,0
-2946,-414,-1309,-1594,6656,104,0,0
-4681,559,-2172,515,8623,-4393,0,0
-5128,2023,-2409,2184,11024,-5313,0,0
-4884,975,-2254,428,9727,-5030,0,0
-4645,3522,-2155,-237,10130,-2680,0,0
-3771,6647,-3246,3940,10506,-3416,0,0
-2210,5000,-4047,6293,5138,-2404,0,0
-747,4726,-3457,5772,1872,60,0,0
-740,4195,-1545,3968,-2530,-2108,0,0
-443,-418,-554,2989,-804,-2042,0,0
347,-1234,-844,2032,957,266,0,0
278,370,-176,2676,-597,-1021,0,0
260,1,1038,2632,232,-730,0,0
381,-743,2163,2571,537,-102,0,0
534,-1495,2835,3347,-506,-787,0,0
842,-2100,3144,4653,-725,-1799,0,0
1477,-2387,3538,5909,2486,-3623,0,0
2909,-2889,4624,7274,10960,-5219,0,0
3816,-3645,5360,5028,11294,-6320,0,0
4742,-3421,5799,3583,8986,-5296,0,0
5541,-3757,4785,2564,6872,-3052,0,0
5339,-3039,2858,1482,5715,-2447,0,0
4229,-1771,1460,809,4059,-1929,0,0
2812,-383,789,-395,1710,-1575,0,0
1226,454,615,-601,-282,-2450,0,0
-712,-101,392,-1381,-507,-2603,0,0
-2566,-526,-551,-1531,762,-2979,0,0
-4275,94,-1770,-1696,3620,-4368,0,0
-5245,1251,-2443,149,5326,-5502,0,0
-5788,-839,-2955,-532,8910,-5780,0,0
-5694,186,-3482,-1614,10506,-2797,0,0
-5298,4056,-4121,1158,6862,-2107,0,0
-4394,5070,-4097,2620,3381,-2748,0,0
-2547,3111,-3963,4858,3010,-4028,0,0
-1301,2017,-3788,3787,1886,-2231,0,0
-634,3386,-2583,5734,556,-1936,0,0
-200,-985,-1267,3999,-1176,-1620,0,0
46,-1026,-396,4039,-131,-1063,0,0
319,-447,617,5433,121,-1657,0,0
706,-862,1930,4950,479,-1946,0,0
1394,-1212,3259,4616,1966,-2504,0,0
2503,-1738,4447,3789,6183,-3396,0,0
3500,-1789,5211,3193,10584,-3913,0,0
3462,-1956,5321,2070,9427,-5747,0,0
3788,-2215,4442,1622,7629,-5715,0,0
4163,-2360,3443,298,6576,-5693,0,0
4439,-1641,2640,-181,4983,-3511,0,0
3686,-1618,1569,-764,3119,-2096,0,0
2451,-638,684,-699,1648,-1818,0,0
1181,-276,497,-888,57,-2576,0,0
236,-2104,476,-755,-599,-3299,0,0
-408,-340,89,-1297,-178,-3185,0,0
-1385,244,-453,-1400,-296,-4084,0,0
-2501,180,-1120,-1365,1280,-4703,0,0
-3044,448,-1960,-1822,3430,-6912,0,0
-3274,1053,-2863,-1053,5288,-4787,0,0
-3537,1426,-3331,-408,7656,-2364,0,0
-4183,415,-3575,242,8403,-3151,0,0
-4725,690,-3379,-809,5910,-2432,0,0
-4248,3430,-3439,1928,4462,-2263,0,0
-3025,3622,-3692,3733,2853,-3436,0,0
-1648,2211,-3412,3654,2301,-1950,0,0
-992,1212,-2727,4204,972,-1903,0,0
-658,808,-1869,4439,9,-1509,0,0
-347,695,-686,5129,-394,-1499,0,0
6,-385,494,5118,-223,-1774,0,0
474,-829,1690,4727,413,-1630,0,0
1037,-1286,2758,4559,1232,-2598,0,0
1911,-1826,3640,3761,5984,-3397,0,0
2671,-1855,4326,2734,10361,-4186,0,0
2646,-2081,4805,1924,9303,-5904,0,0
3413,-2303,4347,1174,8533,-5378,0,0
4097,-2088,3312,304,7306,-5406,0,0
4270,-1470,2992,313,5767,-3614,0,0
3956,-2026,2472,-379,3491,-1751,0,0
3161,-1399,1472,-980,1827,-1102,0,0
2062,-530,934,-722,957,-911,0,0
784,-481,714,-1662,-265,-2057,0,0
-284,433,508,-1123,-305,-3437,0,0
-1130,-432,-43,-2306,106,-4641,0,0
-1593,31,-768,-2545,825,-5603,0,0
-1778,1031,-1690,-1580,2655,-4309,0,0
-2349,1481,-2247,-546,3781,-4398,0,0
-2980,1504,-2555,27,6114,-3917,0,0
-3539,2084,-3227,1381,7699,-2930,0,0
-4033,1785,-3951,1922,6821,-3052,0,0
-4237,2443,-3961,1253,3912,-1910,0,0
-3359,3054,-4319,3763,2383,-3491,0,0
-1653,2425,-4473,3489,2055,-1865,0,0
-791,1588,-3597,4575,1418,-2245,0,0
-438,463,-2239,3397,797,-1222,0,0
-238,786,-1335,3937,-286,-983,0,0
-50,-372,-457,3437,-561,-978,0,0
114,-452,431,3988,-340,-613,0,0
359,-1167,1222,4392,-29,-1239,0,0
765,-1461,2153,4509,2696,-2010,0,0
1293,-2222,2997,3610,8495,-3886,0,0
1512,-1912,4061,2185,9596,-5763,0,0
2250,-1956,4903,1866,9545,-5274,0,0
3406,-1847,4512,335,9299,-5018,0,0
3939,-1092,4453,951,7310,-5005,0,0
4326,-2498,3813,-496,5843,-2696,0,0
4021,-1547,2493,-663,3866,-2611,0,0
3122,-557,1477,-704,2320,-1474,0,0
1958,-491,1112,-536,1064,-1428,0,0
955,-750,816,-974,-127,-2359,0,0
180,-265,572,-463,-622,-3128,0,0
-231,-566,96,-518,-552,-4138,0,0
-368,-21,-156,-317,-456,-4136,0,0
-517,-138,-335,-441,-208,-3793,0,0
-830,145,-765,-871,589,-3643,0,0
-1291,671,-1240,-1098,1843,-3147,0,0
-1932,1100,-1562,-929,2534,-3081,0,0
-2738,660,-2175,-747,3637,-4584,0,0
-3322,640,-2964,-986,6400,-3881,0,0
-3875,2427,-3775,947,9363,-4045,0,0
-6240,3473,-4070,1723,10023,-3155,0,0
-3621,4036,-4548,2616,7731,-2394,0,0
-2092,3050,-5155,4442,3642,-1711,0,0
-1444,632,-5009,3785,605,-2947,0,0
-835,883,-3752,3129,1460,-1728,0,0
-157,1497,-2522,4609,1934,-823,0,0
31,404,-1786,3947,636,-1016,0,0
-27,-108,-703,3477,-222,-420,0,0
46,-186,413,3650,-821,-453,0,0
313,-589,1284,3917,-767,-542,0,0
502,-1184,1980,3974,65,-332,0,0
726,-1934,2361,3932,3535,-1024,0,0
1080,-2333,2421,3427,10333,-3237,0,0
1314,-2509,3033,1923,10338,-5212,0,0
2236,-2613,4552,1032,10887,-6306,0,0
3735,-1984,5525,641,11244,-4779,0,0
4316,-2378,5172,-186,8655,-3689,0,0
4369,-2279,3902,-482,6724,-2910,0,0
3917,-1750,2646,-1045,4652,-1960,0,0
3177,-947,1673,-862,3360,-2141,0,0
2588,-1029,1229,-1441,2086,-1654,0,0
1856,-811,768,-1361,841,-1512,0,0
1035,-397,316,-1360,-36,-2159,0,0
279,312,200,-389,-814,-3030,0,0
-83,-460,56,-563,-745,-4053,0,0
-142,0,-80,-469,-615,-4137,0,0
-312,129,-282,-551,-157,-3765,0,0
-619,493,-560,-1118,564,-3173,0,0
-1101,1269,-840,-1425,1048,-2825,0,0
-1819,1214,-1380,-1195,1790,-3504,0,0
-2444,1144,-2156,-1536,3270,-4462,0,0
-2612,1706,-3064,-941,4697,-4075,0,0
-2657,3616,-3847,1215,6973,-2466,0,0
-2733,4200,-4576,3261,9973,-2577,0,0
-2859,2646,-4893,3090,8949,-2873,0,0
-2379,2506,-4695,2642,5994,-1105,0,0
-1356,1796,-4982,5162,2247,-2938,0,0
-280,-771,-4591,2641,1307,-1211,0,0
10,1019,-3685,3003,2141,11,0,0
-99,1393,-2594,4475,918,-254,0,0
-397,96,-1422,3918,-138,419,0,0
-609,-111,-322,3964,-410,386,0,0
-628,-2464,700,3675,-477,-303,0,0
-445,-879,1380,3760,-297,-540,0,0
-94,-1749,1917,3819,1604,-966,0,0
440,-2410,2269,3881,8653,-2616,0,0
957,-3223,2877,2732,12061,-4375,0,0
1536,-3147,4255,1565,10235,-4912,0,0
2956,-3227,5133,459,10195,-4150,0,0
4075,-2199,4927,110,9063,-3571,0,0
4266,-2386,4342,420,7215,-2777,0,0
4069,-3052,3032,-258,5592,-2259,0,0
3622,-2077,1770,-103,3917,-2251,0,0
2995,-1665,897,-179,3236,-1706,0,0
2364,-1239,463,-517,2211,-1425,0,0
1614,-684,383,-763,738,-1404,0,0
732,-206,382,-860,-116,-2224,0,0
147,-170,322,-750,-581,-3444,0,0
-140,-202,60,-656,-563,-3985,0,0
-335,54,-197,-568,-265,-4046,0,0
-628,468,-288,-785,-125,-4231,0,0
-951,582,-514,-1129,743,-4300,0,0
-1150,982,-857,-3728,1866,-3779,0,0
-1455,1670,-1115,-1405,2589,-3936,0,0
-1753,1661,-1687,-945,3317,-3800,0,0
-2303,2152,-2607,960,4181,-5116,0,0
-2379,2145,-3128,942,7114,-2813,0,0
-2729,3909,-3860,3645,9112,-2975,0,0
-2777,1646,-4207,2443,6381,-1774,0,0
-3074,1524,-4012,647,3412,-1323,0,0
-2269,4527,-4209,2142,1521,-1266,0,0
-657,4741,-4578,3247,1241,-1011,0,0
499,2301,-4033,4468,2290,-612,0,0
463,-160,-3087,4542,1850,102,0,0
65,-359,-1550,4593,175,166,0,0
-54,-477,-45,4987,-560,-48,0,0
78,-982,1021,5422,-823,342,0,0
300,-1970,1905,5532,188,328,0,0
508,-2775,2544,5632,4627,-403,0,0
907,-3780,3194,3348,11015,-2722,0,0
1215,-3315,4395,1673,9673,-4917,0,0
2464,-3553,5297,743,10021,-3901,0,0
3616,-2995,4969,-289,9319,-4076,0,0
3881,-1842,4308,45,7777,-3780,0,0
3901,-2352,3225,272,5840,-3558,0,0
3779,-2704,1697,-616,4448,-2929,0,0
3205,-1059,928,11,3008,-1836,0,0
2395,-1045,601,-441,1977,-1942,0,0
1566,-513,704,-616,445,-2003,0,0
782,-376,677,-733,-213,-3024,0,0
324,-358,365,-1005,-643,-3587,0,0
105,98,95,-354,-779,-3966,0,0
46,-266,-171,-389,-705,-4141,0,0
-47,208,-147,-27,-708,-3926,0,0
-148,27,-118,-106,-402,-3697,0,0
-379,181,-183,-442,-536,-3352,0,0
-2904,558,-494,-892,203,-2879,0,0
-1356,1151,-879,-1448,1273,-2484,0,0
-2075,2306,-1393,-1610,2269,-3377,0,0
-2438,3754,-2310,-843,4175,-3260,0,0
-2367,4084,-3448,1644,5067,-5064,0,0
-1827,2890,-4091,1602,6579,-3476,0,0
-1349,2469,-4192,3718,8078,-2792,0,0
-1627,1084,-4169,2331,8278,-2368,0,0
-1827,1897,-3983,3061,7242,-2324,0,0
-1216,372,-4403,2755,3922,-1848,0,0
-620,1593,-4562,2933,1974,-756,0,0
-312,2041,-3744,3485,300,-364,0,0
-2088,1896,-2453,3881,887,-50,0,0
108,863,-1493,4047,787,234,0,0
-102,145,-664,4189,-417,296,0,0
-145,-415,271,4111,-595,409,0,0
-92,-954,1188,4353,-71,29,0,0
46,-1809,2019,4620,594,-202,0,0
364,-2592,2557,4907,4753,-1442,0,0
914,-3416,2964,3595,9327,-3181,0,0
1357,-3799,3734,1894,9376,-4409,0,0
2226,-3497,4304,680,9085,-3796,0,0
3042,-2226,4182,396,9136,-3958,0,0
3448,-2131,3753,-135,7484,-3164,0,0
3451,-1782,3077,-183,6066,-3101,0,0
3288,-1371,2206,-320,4809,-3032,0,0
2725,-866,1606,-557,3566,-2247,0,0
1928,-1179,1367,-443,2411,-2414,0,0
1051,-1640,1103,-1253,693,-2871,0,0
325,-647,814,-1017,261,-3199,0,0
53,-722,374,-1049,-68,-3969,0,0
27,-154,164,-859,-274,-3966,0,0
143,80,46,-231,-272,-3825,0,0
288,-209,-63,-269,-325,-3401,0,0
348,29,-19,45,-173,-3085,0,0
380,-118,-49,-244,-210,-2743,0,0
222,375,-138,-615,-207,-2648,0,0
-175,1419,-382,-863,-34,-2833,0,0
-694,2230,-754,-954,817,-3131,0,0
-1138,2184,-1110,-425,1873,-3866,0,0
-1600,1345,-1674,-640,2995,-4643,0,0
-1826,2160,-1890,359,4433,-4032,0,0
-1936,1564,-2565,1483,5476,-4475,0,0
-2109,3103,-3491,2306,8045,-1906,0,0
-2209,2527,-4275,3889,9391,-3268,0,0
-2633,467,-4860,1261,7872,-1505,0,0
-2667,2133,-5036,2695,5579,-338,0,0
-2186,1032,-5330,3681,1940,-1938,0,0
-1545,1090,-4587,3965,1999,-974,0,0
-1145,930,-3160,5522,2503,-1940,0,0
-933,-100,-1801,5044,1060,-1727,0,0
-741,-176,-322,4314,-285,-1677,0,0
-370,-94,980,3718,-361,-1966,0,0
135,-147,1968,3388,-342,-1464,0,0
609,-500,2622,3532,-137,-1126,0,0
1036,-1255,3083,3949,1322,-1489,0,0
1521,-2361,3168,4883,7669,-2891,0,0
2181,-3605,2845,4130,12101,-4941,0,0
2724,-3778,3178,2759,10159,-5668,0,0
3921,-3586,3514,1405,9925,-4109,0,0
4595,-2474,3332,997,8647,-3688,0,0
4675,-2685,2808,424,7208,-1781,0,0
3972,-1711,2005,-340,4877,-1083,0,0
2647,-772,1264,-822,2700,-757,0,0
1296,-306,805,-771,1640,-804,0,0
555,-1705,695,-1896,761,-2141,0,0
188,-791,696,-1952,238,-3061,0,0
-8,-611,531,-1394,-48,-4204,0,0
-18,-1052,282,-1485,-247,-4411,0,0
112,-353,258,-861,-187,-4125,0,0
226,-390,114,-847,-192,-3651,0,0
155,7,62,-801,-165,-3488,0,0
26,2,-22,-1306,-80,-3421,0,0
-124,534,-220,-1879,263,-3341,0,0
-511,1062,-450,-2295,763,-3887,0,0
-891,1397,-847,-2927,1403,-3748,0,0
-1152,3795,-1183,-1544,2264,-3818,0,0
-1365,4086,-1642,707,2531,-5095,0,0
-1205,2943,-2012,1907,2703,-5001,0,0
-796,2149,-1988,3028,3228,-4198,0,0
-944,2537,-2014,1152,5828,-1090,0,0
-1535,3211,-2638,2754,7184,-920,0,0
-2195,744,-4128,1871,6899,-3088,0,0
-2259,1177,-5051,957,5551,173,0,0
-2059,2678,-5343,2474,2847,-888,0,0
-1251,1538,-5306,3048,2470,-947,0,0
-698,683,-4745,4347,1648,-1030,0,0
-619,545,-3407,6208,2266,-1550,0,0
-548,-916,-1659,6196,1057,-1379,0,0
-430,-1275,112,5447,-455,-1762,0,0
-18,-1309,1593,4711,-421,-1704,0,0
500,-1408,2565,4069,146,-1144,0,0
944,-1783,3260,4381,2075,-1341,0,0
1565,-2631,3373,4353,8741,-2745,0,0
2069,-3348,3326,3727,12113,-4954,0,0
2997,-4469,3789,1864,10420,-5518,0,0
4447,-3170,3991,447,10182,-3858,0,0
4816,-2191,3554,956,8546,-3438,0,0
4424,-3554,2418,368,6833,-1621,0,0
3498,-3210,1409,-476,4402,-1126,0,0
2291,-1956,801,-1331,2622,-549,0,0
1129,-589,630,-1746,1444,-1519,0,0
568,-476,655,-2010,207,-2543,0,0
100,-158,501,-1735,-127,-3803,0,0
-14,-201,183,-1156,-79,-4394,0,0
173,-618,31,-1475,-268,-3868,0,0
259,670,119,-720,-286,-3606,0,0
257,172,-2,-377,-358,-3232,0,0
120,-161,-129,-716,-302,-3102,0,0
36,107,-134,-414,-163,-3396,0,0
-121,-90,-217,-3328,-33,-3316,0,0
-455,846,-312,-1785,422,-3339,0,0
-863,1990,-552,-2487,1224,-2612,0,0
-1320,3365,-1000,-1383,2517,-3215,0,0
-1651,4122,-1512,-887,3088,-3099,0,0
-1783,4241,-2049,1840,3225,-5517,0,0
-1341,2417,-2569,1230,4581,-4467,0,0
-866,4249,-2847,2838,6429,-2221,0,0
-618,3619,-3730,3670,8015,-1724,0,0
-996,1491,-4399,2407,8664,-1032,0,0
-1218,1955,-4660,1743,6759,-441,0,0
-605,3248,-4927,3659,3748,-431,0,0
171,638,-5089,4204,1537,-603,0,0
171,-67,-4119,3690,1337,-177,0,0
42,1002,-2807,4741,1928,-52,0,0
-112,-6,-1701,4361,443,-54,0,0
-375,-462,-520,4210,-853,10,0,0
-307,-872,461,3965,-577,-202,0,0
-143,-1205,1274,3714,-211,-239,0,0
69,-1845,2110,3930,245,-405,0,0
410,-2480,2891,3410,3298,-558,0,0
742,-2735,3104,4242,8453,-1759,0,0
1135,-4533,3000,3303,10216,-3719,0,0
2001,-4102,3712,2711,10350,-4590,0,0
3291,-3196,4409,1663,10582,-4031,0,0
3820,-2144,4321,1357,9108,-3233,0,0
3649,-3140,3807,1086,6748,-2515,0,0
3397,-4540,2701,-455,5014,-2270,0,0
3076,-2667,1431,-1292,3796,-1346,0,0
2419,-538,725,-553,2823,-1271,0,0
1752,-1100,241,-1467,1212,-1328,0,0
846,-76,316,-1698,382,-1992,0,0
248,-50,433,-877,-5,-3319,0,0
-36,-611,172,-1724,-174,-3798,0,0
-231,546,150,-779,-47,-4336,0,0
-201,-155,-20,-1345,30,-4494,0,0
-309,690,-230,-1361,107,-4367,0,0
-495,916,-436,-1218,662,-3573,0,0
-612,1003,-739,-1995,1072,-2516,0,0
-923,2737,-1186,-1261,1757,-2160,0,0
-1371,3359,-1707,-267,2305,-2533,0,0
-1616,3441,-2082,613,2928,-2895,0,0
-1459,3082,-2483,2306,4061,-3987,0,0
-1166,1276,-2871,1911,4457,-4090,0,0
-1120,1551,-2732,2848,4900,-3937,0,0
-862,1722,-2804,2483,6091,-2413,0,0
-2896,3056,-2966,2603,8184,-919,0,0
-1142,1547,-3688,2651,8347,-212,0,0
-1826,-202,-4548,1764,5756,-432,0,0
-1984,298,-4453,2201,1752,-1206,0,0
-1527,697,-3807,2438,-270,-1821,0,0
-882,1326,-2913,2967,695,-1748,0,0
-210,1324,-2266,4047,1795,-1628,0,0
38,122,-1546,3807,427,-1193,0,0
-86,-262,-327,3586,-559,-828,0,0
21,-410,746,3519,-529,-698,0,0
245,-561,1433,3070,-489,-308,0,0
433,-882,2185,3444,615,-416,0,0
712,-2040,2473,3191,5565,-642,0,0
1011,-2913,2405,3663,9964,-2383,0,0
1279,-3597,3145,2242,9548,-3525,0,0
2021,-2854,4447,2360,9465,-3691,0,0
2956,-2963,4456,1465,9606,-3379,0,0
3403,-2227,3799,1562,8336,-3413,0,0
3435,-2919,3140,740,6700,-3287,0,0
3412,-2337,2573,-72,4878,-2813,0,0
3189,-2105,1905,-136,3966,-2644,0,0
2852,-2518,1263,-789,3481,-1618,0,0
2254,-2383,718,-1080,2273,-1460,0,0
1514,-1723,415,-1946,663,-1317,0,0
681,248,474,-1228,-294,-2279,0,0
246,8,270,-1323,-488,-2880,0,0
-171,194,117,-1190,-477,-3758,0,0
-300,597,122,-1036,-283,-4386,0,0
-325,605,-5,-797,-310,-4831,0,0
-400,253,-183,-978,-253,-4641,0,0
-486,421,-326,-990,156,-4279,0,0
-563,890,-548,-1481,604,-3480,0,0
-738,1662,-2776,-824,789,-3187,0,0
-948,822,-1107,-1268,956,-3051,0,0
-1223,2414,-1479,-771,2151,-3193,0,0
-1326,3929,-1858,833,2909,-3167,0,0
-1159,3728,-2202,1216,3484,-2591,0,0
-930,3317,-2491,2323,4410,-2732,0,0
-878,1499,-3015,2500,4829,-3201,0,0
-1008,789,-3065,2449,5862,-3387,0,0
-1191,1136,-3127,3417,7803,-2635,0,0
-1656,-131,-3642,2701,8018,-2064,0,0
-1801,1094,-3853,1951,5463,-763,0,0
-1512,2791,-4122,3196,1448,-1668,0,0
-712,2241,-3867,2979,245,-760,0,0
-84,1678,-3125,3220,1186,-695,0,0
54,1607,-2129,3761,840,-833,0,0
-7,181,-1095,3924,-93,-756,0,0
24,-813,-174,3286,-460,-581,0,0
173,-543,714,3378,-533,-433,0,0
313,-843,1540,3347,-375,-126,0,0
392,-1180,2291,3718,439,114,0,0
579,-2227,2827,4217,4382,-441,0,0
742,-3234,2982,4055,8584,-1883,0,0
837,-3585,3560,3708,9452,-4092,0,0
1727,-3115,4439,2676,9881,-4885,0,0
2791,-2868,4673,2264,9705,-4624,0,0
3483,-3371,3884,459,8566,-3330,0,0
3296,-1532,2835,-135,6442,-2482,0,0
2419,-1088,1883,-365,4095,-2570,0,0
1714,-2006,1000,-1491,3411,-2230,0,0
1341,-1761,766,-1565,2359,-2177,0,0
966,-2139,656,-2042,925,-2325,0,0
360,-736,388,-1423,418,-3116,0,0
159,262,145,-371,201,-3500,0,0
226,-266,71,-542,-11,-3717,0,0
234,241,192,-277,-74,-3523,0,0
221,28,85,-192,-81,-3304,0,0
161,165,-9,-123,-27,-3337,0,0
95,399,35,172,-97,-3293,0,0
36,105,-55,-129,-59,-3269,0,0
-177,618,-139,-567,168,-3281,0,0
-545,1370,-267,-1155,630,-3493,0,0
-896,1827,-557,-1628,1606,-3882,0,0
-1169,2136,-1234,-1514,2596,-4532,0,0
-1170,3344,-1832,-735,3477,-4269,0,0
-897,4156,-2253,1160,3954,-4719,0,0
-549,4397,-2625,2039,4787,-2603,0,0
-214,2926,-3027,4701,5890,-2663,0,0
-406,951,-3468,1963,8147,-1083,0,0
-774,2417,-3778,2333,9120,206,0,0
-847,2033,-4438,2886,6124,-7,0,0
-940,576,-4757,4022,2701,-1477,0,0
-571,-245,-4169,3593,1105,-361,0,0
-353,515,-3135,3770,474,-820,0,0
-150,999,-2306,4210,948,-409,0,0
76,883,-1550,4596,388,-26,0,0
54,-14,-741,4760,-693,-250,0,0
-62,-1025,322,3987,-599,92,0,0
-85,-1241,1373,3378,-293,-123,0,0
79,-3392,2162,3230,114,-182,0,0
320,-1661,2618,3492,3133,-341,0,0
777,-2568,2508,4171,9083,-2137,0,0
1061,-4111,2445,3734,9402,-4342,0,0
1941,-4860,3365,2147,9779,-6328,0,0
2888,-2916,4040,865,9826,-4127,0,0
3396,-2599,3947,903,8621,-3750,0,0
3710,-3550,2878,-502,6864,-2506,0,0
3395,-2126,1793,-609,5075,-2875,0,0
2833,-1103,1266,-1132,3456,-1604,0,0
1946,-127,1208,-1130,1905,-1565,0,0
1090,-838,1150,-1552,677,-1970,0,0
409,-3104,926,-1707,341,-2422,0,0
57,-560,490,-1503,279,-3064,0,0
12,39,134,-1047,337,-3366,0,0
2,344,2,-537,143,-3413,0,0
-19,438,-34,-128,-92,-3312,0,0
15,331,-80,169,-220,-3387,0,0
58,287,-83,276,-287,-3336,0,0
80,409,-9,389,-93,-3052,0,0
0,415,-21,163,209,-2986,0,0
-256,585,-46,-390,435,-2981,0,0
-670,795,-220,-799,1088,-3289,0,0
-1049,445,-588,-1676,2170,-3157,0,0
-1497,1116,-1162,-1720,3321,-3108,0,0
-2003,2525,-1921,-1476,4661,-2792,0,0
-2260,3166,-2757,-451,6216,-3592,0,0
-2167,2929,-3668,-51,7839,-2517,0,0
-2388,2166,-3973,2101,8575,-4918,0,0
-2488,476,-3741,974,12033,-2667,0,0
-2093,3917,-4491,4598,13378,-966,0,0
-1460,4629,-5848,5782,7717,-815,0,0
-1034,3296,-5093,5065,1592,161,0,0
-551,2116,-3416,5028,-610,165,0,0
-100,1212,-2449,4929,303,-225,0,0
163,709,-1632,5021,443,15,0,0
52,-100,-448,3980,-275,-298,0,0
-188,-307,688,2883,-423,-257,0,0
-171,-429,1378,2090,-544,-38,0,0
54,-490,1710,1901,-485,80,0,0
274,-858,1783,2453,320,332,0,0
492,-1953,1755,3806,4425,-330,0,0
986,-4010,1768,4176,10709,-2320,0,0
1500,-5393,2700,3063,10838,-4355,0,0
2604,-5167,4434,962,11031,-4619,0,0
3657,-2470,5038,-269,10342,-3439,0,0
3953,-782,4610,209,9835,-2903,0,0
3928,-1481,3640,-163,8448,-2357,0,0
3645,-1746,2622,-211,6365,-2378,0,0
3074,-1178,1971,-1248,4302,-1899,0,0
2262,-615,1680,-912,2752,-2100,0,0
1462,-1535,1355,-1853,1131,-1455,0,0
625,-1098,831,-1782,288,-2450,0,0
146,-540,403,-1118,-19,-3022,0,0
-40,-468,86,-975,-153,-3366,0,0
-18,123,86,-275,-149,-3903,0,0
164,-386,91,-172,-325,-3392,0,0
164,-124,-43,-61,-308,-3173,0,0
172,262,-66,293,-373,-3089,0,0
175,5,17,170,-492,-2774,0,0
57,170,114,-19,-542,-2706,0,0
-200,505,43,-547,120,-2687,0,0
-773,851,-2272,-1250,1453,-3566,0,0
-1431,792,-506,-1699,2452,-5117,0,0
-1655,1177,-1003,-2044,3242,-5428,0,0
-1583,2745,-1693,-599,3068,-6255,0,0
-1431,4051,-2125,226,4167,-3608,0,0
-1250,5312,-2591,3586,7317,-896,0,0
-1643,1759,-4130,2731,8467,-1609,0,0
-2344,1134,-5552,2294,8051,-1225,0,0
-2348,1016,-5817,2399,4299,-2783,0,0
-1664,1952,-5004,1679,2129,-1399,0,0
-749,4237,-4116,3423,2118,-684,0,0
-32,3251,-3278,4388,1883,-102,0,0
227,1300,-2510,5551,1786,1284,0,0
24,-272,-1636,5749,-19,921,0,0
-348,-736,-145,5339,-981,464,0,0
-416,-1161,1222,4317,-630,343,0,0
-175,-1158,2034,3878,80,137,0,0
50,-1954,2642,4055,2519,128,0,0
419,-3031,2869,3775,9842,-1451,0,0
691,-3400,3219,3103,11659,-3746,0,0
1262,-4919,4230,2131,9389,-4172,0,0
2829,-4058,4635,77,9826,-3944,0,0
3609,-1419,4702,1249,8472,-4771,0,0
4049,-2851,3905,698,7189,-3533,0,0
4105,-3397,2516,253,5403,-2960,0,0
3663,-2685,1399,-56,3869,-1666,0,0
2659,-1780,654,-703,2622,-1020,0,0
1486,-351,524,-785,1355,-1322,0,0
512,-81,678,-998,142,-2169,0,0
-104,-143,459,-1180,-373,-3226,0,0
-343,331,218,-2992,-392,-3748,0,0
-266,-146,-41,-355,-407,-4368,0,0
-42,-270,-39,-190,-335,-3832,0,0
125,-284,-19,151,-234,-3435,0,0
184,-302,-37,37,-282,-3092,0,0
131,-58,59,64,-310,-2707,0,0
-10,-122,-2056,-348,-359,-2588,0,0
-303,310,-190,-723,-108,-2638,0,0
-799,872,-443,-1335,735,-2609,0,0
-1465,1865,-810,-1569,1795,-3631,0,0
-1958,2974,-1409,-1569,3149,-4507,0,0
-2122,3392,-2182,633,4488,-6176,0,0
-1981,1748,-3119,1310,6209,-5904,0,0
-2112,2416,-3482,2391,8050,-4812,0,0
-2087,3132,-3136,2665,7956,-2214,0,0
-2125,3785,-2915,1662,6697,-1583,0,0
-1330,4195,-3959,1510,4958,183,0,0
-217,2106,-5446,3546,2960,-334,0,0
113,-784,-5796,3063,1258,-1680,0,0
82,147,-4501,3044,2193,-270,0,0
79,934,-3221,5715,2461,-987,0,0
232,-483,-2302,5217,779,-324,0,0
98,-286,-793,4915,-615,-93,0,0
42,-485,718,4256,-498,-510,0,0
172,-998,1770,3543,-76,-343,0,0
401,-1462,2595,3367,462,-817,0,0
773,-2146,3199,3649,5130,-1519,0,0
1305,-2979,3130,3330,9960,-2933,0,0
1706,-3257,3470,2511,10960,-4971,0,0
2649,-2732,4513,1295,11025,-4338,0,0
3412,-2143,4986,691,10385,-4465,0,0
3830,-2138,4470,219,9191,-3632,0,0
3647,-2947,3226,-364,6450,-3648,0,0
3080,-3605,1746,-840,4888,-3335,0,0
2497,-3943,781,-1867,3608,-2214,0,0
1949,-2902,420,-2579,2375,-1449,0,0
1443,-226,412,-2572,1180,-1307,0,0
826,1060,425,-1483,22,-1849,0,0
327,42,179,-1487,-148,-2462,0,0
159,259,64,-1087,-110,-2795,0,0
234,127,-66,-619,-197,-2953,0,0
301,95,-140,-634,-386,-2742,0,0
216,634,-159,-123,-425,-2832,0,0
156,407,-238,-226,-515,-2690,0,0
25,838,-173,-83,-371,-2556,0,0
-162,719,-132,-167,-351,-2347,0,0
-569,476,-308,-937,-135,-2140,0,0
-1256,1364,-544,-1335,1153,-1999,0,0
-2070,2495,-949,-1335,2977,-3112,0,0
-2545,4606,-1413,-119,4482,-3478,0,0
-2615,4878,-2045,3547,5529,-6742,0,0
-1761,2870,-2235,2906,5875,-4616,0,0
-1284,3788,-2044,3907,6397,-5210,0,0
-835,1334,-2593,1742,7425,-3384,0,0
-983,1797,-3664,1414,8583,-1744,0,0
-841,3448,-4658,2626,6516,-906,0,0
-322,2891,-4875,4091,3548,-1124,0,0
397,1164,-4575,4000,1522,-419,0,0
657,762,-3599,3783,259,-328,0,0
645,996,-2229,3737,154,-317,0,0
622,1174,-1054,3656,212,199,0,0
648,283,-359,3940,-337,725,0,0
538,-1000,115,3306,-881,1020,0,0
376,-1202,910,3583,-1032,1276,0,0
361,-2197,1557,3460,-216,1077,0,0
302,-2316,1858,3847,3011,596,0,0
481,-3006,1958,4323,9660,-2340,0,0
759,-4372,2772,2518,10399,-5194,0,0
1946,-4260,4301,503,10509,-5427,0,0
3380,-1997,4914,-652,10829,-5939,0,0
3893,-689,4731,-216,9349,-5420,0,0
3942,-1970,3541,-938,6861,-3454,0,0
3593,-1442,2014,-2896,4893,-2732,0,0
3040,-740,1221,-690,4112,-1546,0,0
2163,-978,939,-887,2160,-1283,0,0
1159,-1490,766,-1577,733,-1756,0,0
382,-906,657,-1212,36,-2895,0,0
163,-957,329,-969,35,-3567,0,0
232,-433,116,-840,-208,-3675,0,0
362,40,104,-236,-470,-3517,0,0
449,-365,114,-266,-663,-3098,0,0
363,-121,88,-102,-609,-2864,0,0
300,-123,34,-14,-602,-2728,0,0
243,-95,52,-147,-616,-2714,0,0
127,186,111,-124,-644,-2647,0,0
-87,171,140,-337,-667,-2850,0,0
-316,208,89,-681,-566,-3196,0,0
-518,525,-71,-935,-136,-3741,0,0
-607,955,-312,-1184,392,-4278,0,0
-713,1616,-528,-1224,1008,-3998,0,0
-1013,2310,-821,-612,1638,-3916,0,0
-1492,2091,-1314,-47,2252,-4778,0,0
-1639,1717,-1778,95,3222,-4374,0,0
-1865,2147,-2316,2083,3987,-5986,0,0
-1847,540,-2850,1330,5990,-3871,0,0
-2100,2369,-3484,2542,7735,-3453,0,0
-2416,2223,-3734,1655,8108,-2775,0,0
-2412,2426,-3510,787,5930,-1284,0,0
-1828,3611,-3675,1838,2845,-1811,0,0
-725,2775,-3796,2597,1051,-1185,0,0
65,1605,-3654,2736,1284,-362,0,0
333,1872,-3298,3331,1744,-238,0,0
454,1367,-2579,4222,1062,406,0,0
370,-164,-1818,4391,-302,706,0,0
155,-592,-794,5001,-792,405,0,0
83,-1212,386,4733,-582,328,0,0
125,-1307,1537,4709,626,-225,0,0
450,-2211,2298,4151,4572,-1090,0,0
946,-3030,2617,3923,8915,-2566,0,0
1499,-4433,3214,2364,10561,-3831,0,0
2287,-4192,4231,504,11147,-4709,0,0
3322,-2517,4848,47,10626,-4505,0,0
3970,-2200,4422,-148,9257,-4657,0,0
4127,-2127,3440,-465,7642,-3932,0,0
3920,-1554,2263,-472,5394,-3050,0,0
3344,-1259,1269,-723,4193,-2515,0,0
2554,-1013,943,-1188,2642,-1150,0,0
1583,-1099,940,-1639,990,-1693,0,0
880,-944,814,-2100,-2,-1904,0,0
335,-143,519,-1375,-286,-2798,0,0
256,-698,131,-1166,-472,-3150,0,0
252,48,16,-779,-443,-3047,0,0
253,375,82,-179,-506,-2974,0,0
191,-86,40,-424,-664,-2863,0,0
81,167,80,-38,-605,-3193,0,0
87,-392,38,-333,-599,-3202,0,0
77,86,64,-496,-531,-3108,0,0
29,308,120,-427,-533,-3109,0,0
-110,28,41,-1165,-489,-2713,0,0
-452,754,-244,-1730,-10,-2461,0,0
-1119,960,-780,-2129,918,-3338,0,0
-1870,1513,-1297,-2135,1979,-4708,0,0
-2132,2993,-1668,-1055,3414,-5548,0,0
-1765,4318,-2160,528,3970,-4831,0,0
-1361,4404,-2833,1387,4893,-3533,0,0
-1130,3717,-3520,2457,8589,-1601,0,0
-1514,-278,-4601,2853,10171,-2745,0,0
-2784,-1250,-5239,604,8992,-1724,0,0
-2969,2956,-4965,3020,6584,-1547,0,0
-2020,4002,-4938,3573,3075,-979,0,0
-805,3110,-4642,4500,1748,-2808,0,0
105,2233,-3952,4822,2302,-460,0,0
505,1347,-2938,5225,1522,-5,0,0
393,-318,-1910,4759,-192,528,0,0
115,-465,-643,4493,-748,614,0,0
-47,-377,696,4403,-499,353,0,0
-72,-840,1682,4635,-8,632,0,0
31,-1931,2453,4771,2083,19,0,0
437,-2923,2776,5160,8824,-1980,0,0
1281,-4880,3345,4088,12411,-4266,0,0
2496,-4964,4883,1381,13678,-4673,0,0
3762,-3546,5835,288,13500,-4391,0,0
4427,-2683,5129,-311,11731,-3395,0,0
4361,-2208,4069,-120,9246,-3043,0,0
4102,-3201,2751,-688,6843,-2131,0,0
3590,-2812,1714,-1230,4686,-1467,0,0
2832,-1829,1074,-1870,2949,-767,0,0
1820,-367,978,-1562,1107,-924,0,0
915,-721,881,-1937,118,-1390,0,0
384,-691,532,-1834,-239,-2225,0,0
160,-423,195,-1649,-296,-2635,0,0
95,79,-23,-1207,-436,-2900,0,0
102,347,-14,-602,-581,-3138,0,0
84,-9,-106,-522,-788,-2924,0,0
-20,52,-210,-456,-716,-3144,0,0
-45,279,-171,-210,-700,-3309,0,0
-74,342,-133,-455,-675,-3346,0,0
-157,857,-31,-390,-633,-3770,0,0
-200,743,1,-383,-535,-3839,0,0
-246,438,-99,-872,-492,-3600,0,0
-486,1010,-264,-1313,-83,-3508,0,0
-744,1502,-565,-1568,991,-3353,0,0
-976,2026,-939,-1698,2178,-2788,0,0
-1270,2806,-1449,-807,3131,-3000,0,0
-1597,2965,-2166,-344,4094,-2786,0,0
-1980,3582,-2919,1451,4893,-3840,0,0
-1845,2937,-3770,2495,6487,-4209,0,0
-1508,2864,-4053,2919,9005,-1904,0,0
-1603,4022,-4334,3984,10820,-1393,0,0
-1259,2913,-4763,3442,9637,410,0,0
-1121,2537,-5049,2863,6037,136,0,0
-733,1607,-4948,3061,2298,-442,0,0
-110,500,-4536,3035,1429,-77,0,0
96,758,-3890,3822,1803,-592,0,0
203,719,-2898,4710,1704,-147,0,0
137,343,-1730,5108,379,-167,0,0
-19,-142,-2456,5532,-672,-430,0,0
7,-1123,846,4946,-740,115,0,0
75,-1166,1735,4491,-83,145,0,0
343,-1629,2230,5140,2780,198,0,0
1130,-3801,2367,5101,9817,-1198,0,0
2268,-6428,2931,4135,13339,-3312,0,0
3791,-7475,4441,235,14695,-2763,0,0
4955,-3417,5121,-1132,12988,-2815,0,0
5060,-356,4776,51,11808,-2874,0,0
4722,-1248,4009,99,10166,-2438,0,0
4340,-2015,3057,-289,7429,-1147,0,0
3516,-2105,2245,-808,4689,-1128,0,0
2586,-1481,1640,-1450,2737,-1126,0,0
1495,-862,1341,-1461,1075,-1291,0,0
669,-1507,890,-2058,265,-1855,0,0
242,-800,427,-1873,-6,-2755,0,0
126,-207,24,-1377,-205,-2940,0,0
149,-140,-216,-926,-348,-3129,0,0
139,117,-216,-482,-476,-3253,0,0
129,-25,-211,-214,-542,-3184,0,0
125,-76,-227,-169,-552,-3238,0,0
106,158,-176,-68,-603,-3233,0,0
76,198,-154,-120,-591,-3206,0,0
-9,378,-130,-176,-629,-3368,0,0
-119,449,-68,-160,-590,-3417,0,0
-169,303,-104,-405,-447,-3507,0,0
-244,668,-202,-730,-239,-3440,0,0
-391,1288,-360,-1305,494,-3134,0,0
-518,1953,-524,-1793,1810,-2712,0,0
-688,3160,-1079,-1676,2799,-1961,0,0
-1290,4843,-2128,-323,3874,-2309,0,0
-1883,5576,-3194,1255,5380,-2996,0,0
-1667,2859,-4404,4228,7444,-4842,0,0
-1172,-1583,-5239,2433,10477,-3449,0,0
-1863,1222,-4993,2298,12188,-2332,0,0
-2002,3895,-5111,3125,10819,-794,0,0
-1196,4503,-5707,3633,8050,721,0,0
-114,4033,-5940,4801,3848,247,0,0
680,1266,-5092,4790,1291,242,0,0
799,408,-3718,4630,1392,473,0,0
699,1155,-2561,5793,1314,544,0,0
628,-33,-1516,5690,21,653,0,0
279,-656,-141,4393,-568,716,0,0
-62,-231,1162,3877,-315,709,0,0
-95,-812,1904,3159,184,741,0,0
-34,-1317,2285,3122,1490,663,0,0
303,-2737,2406,3834,6449,-262,0,0
1172,-5196,2652,3914,12043,-2470,0,0
2096,-6697,4172,1446,13631,-3257,0,0
3167,-4743,5844,-257,13948,-3461,0,0
4069,-1876,5828,-159,13135,-3252,0,0
4279,-1865,4783,-568,11368,-2949,0,0
4080,-1637,3635,-819,8407,-1923,0,0
3465,-1706,2744,-704,5934,-2124,0,0
2845,-2114,1894,-1643,3711,-1405,0,0
1997,-948,1421,-1405,2074,-1466,0,0
1250,-1028,1084,-1572,860,-1582,0,0
784,-1153,653,-1449,341,-2006,0,0
585,-701,258,-1219,154,-2162,0,0
423,129,39,-671,-66,-2327,0,0
259,118,72,-284,-203,-2573,0,0
137,-256,-30,-228,-409,-2783,0,0
26,-101,-118,33,-497,-3131,0,0
69,-267,-104,16,-459,-3197,0,0
104,62,-55,52,-441,-3250,0,0
81,205,31,79,-403,-3079,0,0
-45,-13,44,-2392,-286,-3109,0,0
-164,212,-21,-877,-132,-3251,0,0
-349,754,-316,-1217,330,-3539,0,0
-718,1634,-749,-1579,958,-4124,0,0
-972,2229,-1077,-1505,1965,-4487,0,0
-1238,2274,-1531,-839,2789,-5154,0,0
-1646,1830,-2224,-546,4154,-5277,0,0
-1826,3556,-3056,1249,7700,-3548,0,0
-1968,4466,-3856,2850,9901,-3160,0,0
-2033,3448,-4533,2589,10022,-1530,0,0
-1593,3926,-5135,2552,8438,-45,0,0
-834,4266,-5401,3277,4678,-625,0,0
16,2105,-5192,3883,1883,-175,0,0
635,597,-4640,3548,1886,26,0,0
899,1247,-3912,3817,2266,565,0,0
988,1610,-3068,5272,1889,697,0,0
867,382,-1957,5313,621,1185,0,0
441,-407,-770,4868,-415,1059,0,0
49,-625,454,3822,-738,957,0,0
-191,-325,1456,3045,-566,911,0,0
-330,-423,2026,2738,809,836,0,0
-819,770,-177,-1537,-337,-4354,0,0
-1567,510,-574,-1817,699,-5048,0,0
-2003,1027,-1084,-1289,2394,-4988,0,0
-2365,1422,-1682,-1257,3341,-4403,0,0
-2765,3090,-2332,185,5767,-3480,0,0
-3232,3728,-3475,1715,7874,-2122,0,0
-3705,3187,-4456,1875,9816,-2291,0,0
-3320,4035,-4934,3383,6404,-3225,0,0
-1803,3025,-4320,4646,2247,-1641,0,0
-1030,716,-4120,4385,616,-1381,0,0
-803,32,-3818,3571,2488,-817,0,0
-641,294,-3035,4435,1653,-1233,0,0
-461,-287,-1751,4067,-79,-1597,0,0
-212,-239,-2608,3418,-416,-774,0,0
96,-432,163,2987,-601,-575,0,0
282,-702,774,2226,-806,-322,0,0
364,-804,1435,2714,-487,-618,0,0
556,-1367,1968,3341,1490,-1869,0,0
1057,-1988,2166,5032,8263,-4147,0,0
1667,-3054,2584,3745,9421,-6110,0,0
2571,-2596,3974,3105,9668,-6007,0,0
3875,-2857,4537,1758,10050,-4943,0,0
4275,-2238,4201,1730,8701,-4231,0,0
4258,-3114,3157,428,7028,-3183,0,0
3918,-1817,1914,-205,5292,-2808,0,0
3335,-1532,1145,-378,3922,-2131,0,0
2338,-600,831,-1407,2028,-1144,0,0
1315,-582,941,-1067,564,-1774,0,0
502,-960,834,-2259,-126,-2560,0,0
151,182,591,-1213,-243,-3743,0,0
15,-222,161,-1381,-622,-4115,0,0
-117,237,91,-761,-535,-4240,0,0
-34,-168,-37,-983,-459,-4136,0,0
-90,370,-211,-1063,-356,-3830,0,0
-391,663,-560,-1384,239,-3380,0,0
-839,1188,-882,-2600,1321,-2401,0,0
-1440,3200,-1253,-1916,2267,-2194,0,0
-2295,3543,-2067,-774,3296,-4010,0,0
-2496,3499,-2882,239,5856,-3218,0,0
-2339,4461,-3861,5430,8033,-6304,0,0
-2315,316,-4273,4120,8471,-3379,0,0
-2264,1257,-4007,3362,7460,-1625,0,0
-1880,2430,-3882,3070,3159,-834,0,0
-1710,1601,-4007,1895,355,-27,0,0
-1341,1344,-3940,1594,1194,-72,0,0
-1009,1197,-3692,2627,1626,-664,0,0
-951,625,-3051,3321,1593,-716,0,0
-797,460,-2036,4338,1134,-903,0,0
-646,-44,-824,4427,-296,-1460,0,0
-424,-138,451,4646,-871,-1639,0,0
33,-313,1465,4907,-563,-1642,0,0
414,-668,2386,5886,1527,-1324,0,0
1103,-2224,2771,5775,8805,-2062,0,0
1610,-3115,3278,4727,10881,-3880,0,0
2172,-4353,4386,3257,10369,-4249,0,0
3536,-4215,4488,1826,10753,-4071,0,0
4276,-3441,3910,1731,9393,-3097,0,0
4240,-3933,2960,763,7650,-2542,0,0
3899,-2976,1718,-413,6094,-2330,0,0
3210,-1191,890,-251,4282,-2378,0,0
2336,-598,635,-1170,2734,-1514,0,0
1303,-296,858,-952,816,-1800,0,0
550,-1272,645,-2257,7,-2441,0,0
239,-113,454,-1286,0,-3417,0,0
347,-399,227,-1339,-325,-3342,0,0
386,90,159,-561,-406,-3153,0,0
366,-150,112,-551,-520,-2755,0,0
265,146,66,-2432,-528,-2852,0,0
172,104,24,-468,-608,-2999,0,0
45,168,-91,-974,-440,-3298,0,0
-148,706,-205,-1039,-220,-3485,0,0
-528,397,-509,-1939,120,-3984,0,0
-978,1455,-681,-2532,1228,-3686,0,0
-1401,3600,-1268,-1726,2320,-2948,0,0
-1921,4920,-2058,837,3410,-4055,0,0
-2240,2554,-2898,1100,7198,-3134,0,0
-2785,2805,-3539,2883,10313,-2402,0,0
-3286,907,-4419,2100,10136,-1283,0,0
-3499,2016,-5191,2590,6156,-1359,0,0
-2655,3366,-5193,3777,2866,-1185,0,0
-1295,3964,-4614,4887,2956,-267,0,0
-612,2850,-3908,5333,2803,-430,0,0
-466,1263,-2870,4356,1491,-12,0,0
-419,1238,-1772,4588,435,-356,0,0
-318,289,-898,4575,-392,-545,0,0
-258,-355,56,4390,-870,-419,0,0
-89,-510,1123,4744,-653,-464,0,0
103,-776,2162,4819,264,-380,0,0
435,-2130,2935,5615,4745,-888,0,0
1225,-3868,3020,6057,11512,-2554,0,0
2121,-5283,3872,4811,13462,-4253,0,0
3366,-4291,5161,2996,12625,-4551,0,0
4374,-3592,5002,2013,10826,-3693,0,0
4568,-4155,3796,1341,8863,-2798,0,0
4313,-3977,2284,-504,6888,-1755,0,0
3488,-2037,1189,-450,4546,-1465,0,0
2224,-1548,549,-1733,2163,-540,0,0
1040,-696,661,-1410,809,-1677,0,0
504,-979,687,-2286,10,-2215,0,0
265,-588,514,-1609,-59,-3065,0,0
245,-797,244,-1641,-167,-3162,0,0
256,-117,105,-791,-482,-3077,0,0
270,-415,30,-912,-527,-2849,0,0
252,3,28,-2656,-447,-2768,0,0
204,-24,72,-720,-552,-2911,0,0
183,69,88,-736,-688,-3270,0,0
170,-224,127,-1198,-675,-3295,0,0
129,77,47,-1172,-749,-3295,0,0
-46,144,-118,-1326,-846,-2635,0,0
-536,781,-239,-1224,-621,-1895,0,0
-1467,1126,-500,-1590,947,-2997,0,0
-2285,2223,-784,-2710,2291,-4133,0,0
-2611,4506,-1276,-2049,4470,-4762,0,0
-2561,7074,-1962,645,6474,-3270,0,0
-2812,6637,-2998,3222,9153,-3593,0,0
-2541,4089,-4162,3337,11150,-554,0,0
-1933,1766,-5202,4277,8316,-498,0,0
-1625,202,-5519,3400,3361,-182,0,0
-1344,1353,-5164,4373,1915,-190,0,0
-829,818,-4379,3578,2452,-360,0,0
-758,2139,-3299,4425,2037,-391,0,0
-670,1719,-2186,4767,1200,-777,0,0
-605,548,-1084,4012,185,-925,0,0
-446,266,-148,4157,-716,-889,0,0
-157,-220,713,3992,-1002,-1233,0,0
226,-391,1505,4614,-322,-867,0,0
702,-1447,2047,5377,2266,-887,0,0
1363,-2187,2364,5454,9177,-1470,0,0
1741,-3275,3112,5127,10315,-3583,0,0
2688,-4006,4475,3418,11729,-3999,0,0
3726,-3048,5205,3040,12447,-3627,0,0
4066,-3065,4558,1710,10045,-3074,0,0
4176,-2971,3634,1138,8481,-2876,0,0
4081,-2941,2520,66,6557,-2192,0,0
3594,-2034,1503,-449,4368,-1538,0,0
2315,-1607,953,-1563,2184,-2688,0,0
891,-1083,782,-1302,468,-1948,0,0
261,-1664,583,-2453,-282,-2733,0,0
22,84,497,-1392,-283,-3732,0,0
77,-514,225,-3088,-609,-4018,0,0
136,-297,166,-881,-579,-3546,0,0
237,158,114,-296,-494,-3129,0,0
253,85,-18,-271,-546,-2854,0,0
201,200,27,21,-565,-2630,0,0
161,-121,110,-265,-697,-2777,0,0
127,111,202,-537,-720,-2893,0,0
68,110,131,-1047,-744,-3233,0,0
-120,385,-108,-1859,-578,-3538,0,0
-547,1278,-433,-1688,-38,-4202,0,0
-939,787,-828,-2082,753,-4006,0,0
-1511,1689,-1103,-2230,2020,-2617,0,0
-2378,3434,-1608,102,3677,-4947,0,0
-2624,4188,-2034,1152,6298,-2456,0,0
-2768,4342,-3148,3613,8507,-3054,0,0
-2694,2889,-4489,2480,8923,-1335,0,0
-2505,4424,-4824,3184,7187,-938,0,0
-1484,4118,-4768,2912,3711,-621,0,0
-273,3439,-4775,2367,2945,105,0,0
441,2307,-4838,3162,3248,424,0,0
674,920,-4537,5507,3035,-12,0,0
429,-383,-3154,6472,891,-211,0,0
-6,-669,-1310,6843,-490,-217,0,0
73,-1133,210,6496,-468,-36,0,0
181,-1523,1558,5694,35,216,0,0
332,-2435,2811,5288,1259,-564,0,0
1001,-3451,3496,5207,6681,-1828,0,0
2121,-4831,3836,4690,11688,-4000,0,0
3312,-6496,4391,2607,12627,-5405,0,0
4583,-3128,4930,1387,12384,-5085,0,0
5255,-2670,4341,223,10772,-3892,0,0
5058,-1973,3147,-115,8313,-2151,0,0
4103,-1916,2071,-577,5648,-1603,0,0
3025,-1004,1224,-1216,3172,-885,0,0
1596,-613,1017,-1188,474,-1535,0,0
563,-1126,1012,-1976,-263,-2827,0,0
138,-480,718,-1483,-484,-3712,0,0
41,-863,238,-1522,-687,-3976,0,0
59,226,163,-892,-522,-3642,0,0
190,-66,86,-274,-672,-3329,0,0
229,-357,3,-333,-712,-2935,0,0
246,98,41,71,-675,-2819,0,0
268,-56,72,-142,-874,-2856,0,0
244,52,168,-285,-915,-2827,0,0
168,-259,160,-832,-1023,-3092,0,0
-43,140,18,-2196,-1162,-2720,0,0
-503,651,-590,-2392,-897,-3309,0,0
-1147,-447,-1274,-3462,234,-3820,0,0
-1548,1000,-1462,-2584,1539,-3854,0,0
-1928,1874,-1855,-1407,2607,-3540,0,0
-2513,3068,-2249,-153,3990,-3512,0,0
-2643,4354,-2636,1239,5949,-2674,0,0
-2705,4677,-3020,2692,7857,-3743,0,0
-2590,1641,-3877,1943,9399,-3117,0,0
-2725,862,-6712,1248,9828,-1757,0,0
-2830,2106,-5185,2782,7011,-1170,0,0
-2221,1601,-5455,4364,4103,-228,0,0
-1276,2389,-5049,5225,2440,32,0,0
-965,2115,-3537,6222,1201,-857,0,0
-961,1073,-1670,5586,996,-919,0,0
-794,1134,-319,5128,-20,-1030,0,0
-504,224,512,4631,-741,-956,0,0
-223,-594,1365,3951,-321,-721,0,0
74,-1261,2270,4330,236,-807,0,0
432,-2709,2976,5341,2480,-1061,0,0
1228,-3636,3385,6362,8904,-2324,0,0
2166,-4647,3699,5948,11993,-3588,0,0
3124,-4659,4357,3159,11577,-3949,0,0
4013,-3244,4652,2210,11136,-3660,0,0
4574,-4127,3708,370,9997,-2375,0,0
4363,-3223,2511,-321,7574,-1939,0,0
3537,-2384,1354,-1880,5454,-981,0,0
2264,-469,878,-1188,2811,-1631,0,0
1271,-1750,744,-2259,1034,-1864,0,0
591,-1018,787,-2063,179,-3153,0,0
287,-1016,558,-2301,-44,-3549,0,0
152,310,320,-1683,-188,-3634,0,0
162,593,103,-934,-371,-3640,0,0
109,191,-2144,-743,-339,-3301,0,0
144,25,-107,-405,-240,-3178,0,0
186,64,-91,-231,-301,-3114,0,0
202,-40,21,-98,-385,-3095,0,0
292,-127,115,-401,-494,-3014,0,0
327,4,169,-467,-464,-3072,0,0
254,-59,103,-1427,-357,-3164,0,0
-8,588,-115,-2064,-351,-3922,0,0
-495,1003,-476,-2689,-178,-4932,0,0
-849,1674,-765,-2706,956,-5295,0,0
-1072,2582,-1094,-1668,2169,-4410,0,0
-1408,3009,-1631,334,3001,-3954,0,0
-1706,1749,-2103,678,4211,-3104,0,0
-2316,2113,-2671,2007,5973,-2551,0,0
-2858,1888,-3424,2127,7719,-1639,0,0
-3160,3376,-3916,2476,7263,-805,0,0
-2856,3223,-4339,3007,4907,-1514,0,0
-2050,1605,-4413,2508,2236,-1278,0,0
-1287,1812,-4164,2996,1718,-624,0,0
-860,1244,-3633,4051,1980,-1318,0,0
-555,639,-2970,4204,1203,-537,0,0
-531,823,-1833,4922,-229,-1168,0,0
-475,86,-408,5206,-866,-1281,0,0
-180,-457,765,5406,-734,-1017,0,0
205,-930,1796,5958,57,-991,0,0
581,-2489,2455,5944,4791,-1437,0,0
1131,-2959,2983,5159,8943,-3250,0,0
1720,-3295,3929,4755,10377,-4565,0,0
2706,-4337,4585,2368,11284,-4332,0,0
3470,-2952,4641,2105,9944,-3792,0,0
3997,-3717,3820,1049,8581,-2906,0,0
3859,-2964,2349,-122,6563,-2352,0,0
3204,-2403,1199,-138,4586,-2198,0,0
2336,-1772,339,-1836,2983,-1413,0,0
1231,640,502,-689,1643,-2290,0,0
501,-1131,582,-1513,520,-2869,0,0
108,-649,576,-1492,114,-3779,0,0
109,-130,408,-941,4,-3869,0,0
232,19,211,-616,-229,-3851,0,0
326,40,227,-224,-383,-3172,0,0
347,-171,129,-287,-334,-2591,0,0
322,69,55,-406,-254,-2262,0,0
207,343,-10,-665,-205,-2466,0,0
90,415,-184,-1004,-140,-3053,0,0
-133,635,-443,-1253,143,-4025,0,0
-403,582,-728,-1385,519,-5015,0,0
-629,690,-1050,-1747,1508,-5032,0,0
-910,2157,-1487,-1533,2527,-3767,0,0
-1344,4996,-1961,516,3811,-3525,0,0
-1204,6474,-2623,3975,5202,-2524,0,0
-1023,4286,-3193,6147,5674,-2735,0,0
-1579,589,-3401,1741,6057,-2181,0,0
-1804,165,-3989,1149,5655,-877,0,0
-1676,35,-4702,1417,3207,195,0,0
-1579,435,-4969,1996,2567,-187,0,0
-1520,816,-4784,2668,2236,-778,0,0
-1195,1272,-4189,4511,2251,-911,0,0
-916,978,-3143,4767,1641,-1120,0,0
-779,720,-1649,4887,398,-1547,0,0
-525,327,-131,5064,-669,-1537,0,0
-101,-170,1116,5395,-501,-1469,0,0
303,-873,2214,5457,582,-671,0,0
637,-1793,3086,6082,4729,-405,0,0
980,-3043,3533,5925,9287,-2364,0,0
1599,-4458,4227,4810,11798,-3351,0,0
2567,-4153,5138,2999,11705,-3565,0,0
3289,-3415,5062,2974,10646,-4330,0,0
3948,-4909,3754,991,9023,-3177,0,0
4088,-3766,2240,-252,6800,-2816,0,0
3376,-2505,1074,-1131,4702,-1990,0,0
2273,-1764,600,-1410,2358,-1004,0,0
1122,-1290,544,-1979,901,-1555,0,0
467,-834,576,-1702,263,-2664,0,0
249,-999,332,-2041,-209,-3013,0,0
330,-135,258,-1206,-443,-3515,0,0
465,-194,192,-903,-665,-2979,0,0
474,-115,68,-401,-710,-2884,0,0
416,-400,-42,-301,-693,-2469,0,0
292,-133,8,-2080,-715,-2562,0,0
147,-239,67,-276,-746,-2669,0,0
78,-187,59,-636,-636,-2968,0,0
58,30,33,-1277,-633,-3098,0,0
-91,619,-83,-1441,-523,-3304,0,0
-372,501,-368,-1949,-117,-3836,0,0
-871,992,-642,-2481,424,-5041,0,0
-1192,2136,-883,-2518,1431,-5152,0,0
-1484,4058,-1078,-248,2413,-5222,0,0
-1872,3652,-1556,2067,2872,-6037,0,0
-1893,3346,-1632,2135,4338,-3850,0,0
-2052,3195,-1743,2373,6053,-1438,0,0
-2437,1785,-3093,-135,7346,-389,0,0
-2178,3926,-4423,301,6072,-61,0,0
-1326,4945,-5233,1098,4510,-97,0,0
-527,4592,-5614,3161,3633,-553,0,0
359,1653,-5737,4506,3728,62,0,0
713,162,-4996,6282,4668,-723,0,0
671,276,-3353,6723,1793,64,0,0
92,676,-1169,6743,-705,-91,0,0
-138,-336,709,5386,-788,150,0,0
-92,-927,1974,4690,-562,272,0,0
106,-1694,2825,4604,-96,-67,0,0
402,-2951,3489,5863,3932,-963,0,0
1156,-4249,3480,5565,9694,-2722,0,0
1692,-3913,3848,5444,10397,-5216,0,0
3137,-5194,4549,2765,11500,-4922,0,0
4127,-3327,4582,1833,10909,-4703,0,0
4640,-3683,3486,-33,9033,-2701,0,0
4244,-2537,2123,-701,6554,-2906,0,0
3352,-1901,1218,-1729,4324,-1435,0,0
2145,-1019,898,-1903,2058,-1439,0,0
1019,-1423,864,-2755,312,-1607,0,0
224,-535,614,-2386,-176,-2712,0,0
-27,-121,76,-1873,-368,-3470,0,0
-64,210,-103,-1206,-562,-3575,0,0
36,42,-86,-733,-365,-3354,0,0
93,132,-56,-317,-458,-3151,0,0
58,-78,-36,-154,-611,-2945,0,0
20,-144,-39,-214,-613,-3184,0,0
67,-29,33,-266,-624,-3301,0,0
121,-37,97,-453,-600,-3296,0,0
110,110,138,-608,-435,-3358,0,0
6,118,106,-1393,-232,-3528,0,0
-245,485,-39,-2515,267,-4580,0,0
-405,1013,-268,-3680,276,-4657,0,0
-745,1661,-830,-3148,839,-4361,0,0
-1433,2419,-1700,-1610,2344,-3601,0,0
-1886,2857,-2283,201,3948,-4352,0,0
-1937,3363,-2530,802,5169,-3416,0,0
-1924,2853,-2849,2797,6103,-5111,0,0
-1727,137,-3686,410,7244,-2295,0,0
-2149,4850,-4694,2237,7856,338,0,0
-1398,5596,-5894,4082,5371,1344,0,0
-1008,1840,-6108,3633,2712,154,0,0
-959,1998,-4481,4187,2752,312,0,0
-741,2754,-2722,5589,1696,-430,0,0
-351,240,-2129,6055,-316,-581,0,0
-122,-1077,-1383,5355,-857,2,0,0
-128,-910,26,5928,-742,-602,0,0
-35,-2254,1471,5319,-207,-97,0,0
230,-3096,2759,5215,893,-232,0,0
737,-3821,3430,5506,6026,-1126,0,0
1453,-4699,3508,5756,11499,-3789,0,0
2489,-8088,3795,3939,11308,-6296,0,0
4301,-5104,4278,743,12027,-5306,0,0
5334,-2671,3891,-384,10407,-4081,0,0
5268,-1814,2861,-830,7913,-1969,0,0
4269,-1585,1741,-857,5554,-1405,0,0
2997,-931,929,-1481,3224,-633,0,0
1603,-222,860,-1499,844,-1135,0,0
529,-1132,1029,-2329,-105,-2394,0,0
22,-667,923,-2007,-401,-3488,0,0
-76,-784,304,-1952,-618,-3916,0,0
-56,-26,73,-1154,-569,-4081,0,0
59,-175,82,-722,-487,-3490,0,0
112,-118,50,-497,-444,-3330,0,0
150,-30,101,-252,-553,-3168,0,0
153,-130,76,-448,-643,-3106,0,0
211,-12,103,-447,-616,-3176,0,0
296,-91,120,-713,-664,-3008,0,0
292,50,58,-1077,-738,-2663,0,0
111,281,-91,-1410,-792,-2477,0,0
-316,365,-303,-2410,-674,-2410,0,0
-992,1720,-625,-2549,30,-2617,0,0
-1745,2583,-1109,-1445,1605,-4382,0,0
-2351,2828,-1642,-1551,4020,-4310,0,0
-2731,3811,-2338,109,6335,-5293,0,0
-2680,4466,-3073,819,8826,-3057,0,0
-2428,4755,-3954,3436,11258,-2050,0,0
-2424,1363,-5215,2861,9659,-1710,0,0
-2927,-250,-5395,2573,6277,-2221,0,0
-2346,1848,-5179,3515,4418,-399,0,0
-1423,6765,-4525,5241,2880,457,0,0
-577,6033,-3339,6442,1704,-408,0,0
258,-158,-2579,5277,792,111,0,0
447,-1046,-1934,4709,-152,-393,0,0
504,-400,-920,5547,-828,-445,0,0
554,-1525,316,5123,-651,181,0,0
445,-1101,1793,5578,-38,255,0,0
489,-3992,2947,5578,1380,-32,0,0
901,-2803,3600,5649,8102,-1041,0,0
1378,-3643,4308,5063,12248,-3383,0,0
1805,-4812,5319,3319,12146,-4083,0,0
3124,-4612,5518,1870,11483,-3916,0,0
4129,-4109,4668,843,10249,-3534,0,0
4333,-3605,3437,-217,8361,-2568,0,0
3938,-2909,2257,-1431,5872,-2397,0,0
3147,-1363,1142,-1810,3758,-1974,0,0
2089,-800,583,-1864,2370,-1474,0,0
1005,-702,444,-1874,879,-2099,0,0
339,-628,365,-1891,-131,-2445,0,0
91,-706,-36,-1333,-467,-3236,0,0
121,-433,-176,-784,-582,-3194,0,0
186,-202,-118,-293,-572,-3093,0,0
200,-140,-91,-178,-490,-3176,0,0
183,-118,-6,-180,-553,-3164,0,0
210,-158,39,-376,-593,-3077,0,0
170,100,99,-117,-748,-2964,0,0
-36,-423,153,-444,-822,-2897,0,0
-196,-440,165,-902,-604,-2936,0,0
-300,-112,32,-1416,-373,-2695,0,0
-681,496,-278,-2075,72,-2792,0,0
-1270,1484,-606,-2648,1403,-3336,0,0
-1730,2482,-953,-2605,2815,-4198,0,0
-2001,2955,-1619,-2176,3952,-4598,0,0
-2193,4219,-2265,-340,4891,-4781,0,0
-2146,3710,-2823,871,6845,-3439,0,0
-2193,4394,-3677,3307,9202,-2728,0,0
-2150,3256,-4525,4300,9247,-1883,0,0
-2300,2252,-4811,2920,8813,-101,0,0
-2111,3273,-5338,3580,6963,489,0,0
-1784,496,-5913,5018,3009,-1900,0,0
-1339,-1918,-4981,3675,1028,-1626,0,0
-1025,2166,-2933,4364,1371,-1457,0,0
-667,2282,-1744,5206,1039,-1693,0,0
-422,-549,-1047,3784,180,-812,0,0
-323,-342,-93,3374,-621,-1041,0,0
-139,-27,875,3788,-725,-1294,0,0
176,-525,1595,4208,-316,-678,0,0
538,-1280,2283,5999,2006,-3568,0,0
1284,-3351,2889,6979,7861,-2811,0,0
2596,-4448,4302,5930,13398,-5381,0,0
4007,-3898,6131,4023,15625,-5938,0,0
5476,-4089,6112,2275,14635,-3502,0,0
6050,-4049,4283,1065,11457,-1358,0,0
5176,-3130,2719,80,7723,47,0,0
3512,-1818,1745,-919,4950,-450,0,0
2065,-1314,1048,-1656,2511,-880,0,0
1016,-1024,620,-2226,1154,-1781,0,0
319,-220,611,-1951,280,-2711,0,0
-40,-198,371,-1912,37,-3830,0,0
-120,171,257,-894,-232,-4541,0,0
-2,-483,99,-890,-490,-4421,0,0
136,-190,10,-441,-398,-4013,0,0
243,-170,23,-205,-454,-3448,0,0
280,-292,7,-357,-499,-3086,0,0
291,-86,20,-286,-525,-3014,0,0
287,-323,32,-752,-560,-2954,0,0
164,5,-58,-1291,-494,-2965,0,0
-126,588,-305,-1760,-418,-2736,0,0
-756,1361,-649,-2409,15,-2488,0,0
-1472,3522,-958,-2424,2148,-1560,0,0
-2125,7090,-1358,-763,4534,-996,0,0
-2565,7213,-2261,2707,5723,-2488,0,0
-2353,1969,-3932,3128,7118,-3630,0,0
-4080,1833,-4547,4823,9580,-4112,0,0
-1468,747,-4499,4261,9877,-3265,0,0
-1222,946,-4771,3093,9230,-1092,0,0
-855,3462,-5031,3647,5926,1270,0,0
-158,3602,-5384,3885,2523,1915,0,0
-39,1637,-4914,3655,1112,949,0,0
-759,1542,-3011,4171,213,-419,0,0
-1078,1243,-1195,4359,792,-424,0,0
-837,-147,-535,4065,275,-404,0,0
-500,-74,-117,4492,-803,-551,0,0
-271,-720,836,4964,-904,-3096,0,0
-104,-1451,1920,5224,-385,-1031,0,0
291,-2672,2692,5991,3273,-664,0,0
1032,-3768,2886,6121,8589,-1702,0,0
1781,-4349,3477,5665,10190,-2626,0,0
2692,-4589,4544,3947,11374,-3029,0,0
3774,-3673,4940,3341,11807,-2696,0,0
4216,-3925,4416,2140,10335,-2498,0,0
4391,-4000,3328,772,8527,-2472,0,0
4028,-3118,2065,-323,6275,-1925,0,0
3171,-2188,1256,-969,3884,-1417,0,0
1963,-989,969,-1640,1959,-1461,0,0
836,-951,848,-1871,350,-2093,0,0
117,-1021,456,-2333,-171,-3268,0,0
-90,106,254,-1518,-291,-4079,0,0
57,-108,9,-981,-451,-4035,0,0
277,-146,43,-2688,-430,-3519,0,0
297,-67,91,-330,-484,-3119,0,0
235,-284,8,-500,-554,-2993,0,0
198,-86,2,-373,-716,-3059,0,0
169,-346,-51,-701,-685,-3021,0,0
116,-164,-107,-814,-619,-3112,0,0
7,-106,-2240,-1284,-565,-3126,0,0
-208,557,-360,-1631,-315,-3180,0,0
-519,1411,-519,-2149,472,-3253,0,0
-880,2873,-631,-2450,1706,-2532,0,0
-3360,5340,-1002,-938,3638,-1861,0,0
-1580,5518,-1656,2580,3998,-3149,0,0
-2194,1571,-3030,1834,4826,-3510,0,0
-2856,3176,-3523,4083,7683,-3828,0,0
-2653,1596,-4152,4863,8891,-4446,0,0
-2329,825,-4422,3228,7856,-2795,0,0
-2046,1695,-4430,3309,5033,-2432,0,0
-1067,1949,-4316,2584,2742,-406,0,0
-303,4086,-4244,3228,1282,0,0,0
289,3382,-3794,3958,1019,-106,0,0
536,669,-3086,3531,1305,-66,0,0
375,302,-2180,3558,429,48,0,0
142,426,-933,4967,-434,-369,0,0
111,-260,233,4757,-694,153,0,0
146,-793,1301,6062,-821,335,0,0
292,-2199,2356,5784,625,90,0,0
584,-2966,3262,5983,6197,-721,0,0
1175,-4021,3806,4869,9838,-2780,0,0
1985,-3846,4597,3314,12555,-3749,0,0
2973,-3106,5074,2093,12240,-4592,0,0
3747,-2761,4992,901,11070,-4668,0,0
4217,-2683,4219,-274,9054,-3498,0,0
3934,-2280,2909,-1155,6384,-2636,0,0
2983,-2229,1619,-1505,3599,-1994,0,0
1859,-1679,932,-1855,2307,-1736,0,0
852,-855,707,-1709,692,-2197,0,0
93,-368,446,-1295,147,-3245,0,0
-64,-338,229,-756,-104,-3827,0,0
63,-203,127,-417,-312,-3908,0,0
185,-74,144,-68,-324,-3500,0,0
244,-2232,62,-137,-223,-3005,0,0
251,33,89,128,-297,-2930,0,0
202,-111,129,-73,-415,-2721,0,0
122,109,121,76,-442,-2990,0,0
81,-37,132,-114,-430,-3327,0,0
34,112,143,-449,-328,-3531,0,0
-57,185,6,-1053,-204,-3587,0,0
-402,868,-323,-1640,166,-3798,0,0
-1015,1302,-698,-1901,1157,-4507,0,0
-1585,1769,-1040,-1726,1820,-5164,0,0
-2118,2308,-1276,273,2330,-7937,0,0
-1711,619,-1390,1461,4084,-6311,0,0
-1448,1633,-1330,1136,5860,-2015,0,0
-1843,4547,-1840,1415,8011,640,0,0
-2779,4691,-3809,2060,6968,-44,0,0
-2409,2513,-5756,1452,5981,-111,0,0
-1784,2470,-6141,1724,4915,-1137,0,0
-1115,3600,-5646,3389,3622,-2000,0,0
-135,2884,-4866,4545,2821,-1129,0,0
303,1776,-3895,5609,2481,-1537,0,0
665,707,-2546,6184,1802,-118,0,0
572,99,-1050,6071,-435,242,0,0
343,-563,602,6328,-879,324,0,0
327,-1957,2006,4813,-215,777,0,0
406,-1668,3237,5121,788,-104,0,0
737,-2207,3969,5275,5026,-1481,0,0
1251,-2655,4555,5280,9905,-4190,0,0
2033,-3949,5114,3717,12189,-4938,0,0
2939,-3796,5227,1922,10711,-6784,0,0
3649,-3319,4632,1258,9656,-4502,0,0
4101,-3437,3368,-163,8000,-3320,0,0
3834,-2402,2137,-523,5789,-3726,0,0
3253,-2182,1149,-1743,3889,-2513,0,0
2261,-264,856,-1676,1816,-1601,0,0
1121,-1193,908,-2025,595,-2009,0,0
154,-711,794,-2475,-435,-2395,0,0
-276,78,431,-1210,-322,-4181,0,0
-115,-661,79,-1506,-690,-4372,0,0
12,295,216,-656,-644,-3912,0,0
249,-258,94,-665,-610,-3399,0,0
323,53,20,-336,-553,-2994,0,0
314,-137,10,-425,-672,-2599,0,0
262,45,-10,-567,-745,-2501,0,0
205,125,27,-552,-682,-2600,0,0
151,75,-15,-3120,-750,-2649,0,0
-1,697,-133,-1202,-613,-3316,0,0
-350,587,-338,-1505,-637,-4886,0,0
-648,429,-629,-1866,-84,-5435,0,0
-825,1014,-961,-2233,1131,-4611,0,0
-1008,2693,-1168,-1620,1739,-2541,0,0
-1524,3880,-1814,-60,2877,-2006,0,0
-2435,3158,-2621,1395,4179,-3942,0,0
-2944,1244,-3391,1365,7699,-2884,0,0
-3189,2830,-4291,2625,10248,-2146,0,0
-3187,4529,-4849,2679,9296,-1100,0,0
-2612,3746,-5131,2178,7850,-444,0,0
-1709,2498,-5647,3040,4508,-2227,0,0
-630,994,-5530,3213,2346,-1625,0,0
1,2385,-4512,4525,2883,-819,0,0
415,2181,-3293,6985,2832,-524,0,0
448,-497,-1917,6243,298,241,0,0
126,-123,-127,5784,-890,395,0,0
125,-344,1254,5195,-932,708,0,0
217,-917,2154,5063,-166,1008,0,0
299,-2103,2862,4892,1931,263,0,0
494,-2651,3253,5568,7033,-2256,0,0
1477,-4317,3791,5169,12421,-4822,0,0
2776,-4520,4807,2991,13619,-6341,0,0
4217,-4407,5393,2042,13372,-5592,0,0
5284,-4445,4235,-96,11077,-2250,0,0
4783,-3833,2699,606,9686,-1533,0,0
3743,-4675,1401,-1571,6721,419,0,0
2647,-1190,1088,-3151,3989,-192,0,0
1625,1789,1572,-2742,1254,-1244,0,0
678,314,1060,-3037,75,-2430,0,0
104,274,232,-1753,222,-3152,0,0
53,-298,30,-1108,1,-3751,0,0
94,-34,188,-1063,-330,-3514,0,0
169,100,11,-527,-423,-3417,0,0
210,-63,-253,-457,-387,-2999,0,0
178,220,-201,65,-311,-3001,0,0
136,-120,-74,-260,-334,-2996,0,0
91,126,27,-269,-287,-3172,0,0
77,-74,41,-534,-322,-3252,0,0
2,192,41,-939,-226,-3350,0,0
-86,971,-99,-1563,79,-3484,0,0
-255,2044,-2432,-1454,273,-3663,0,0
-694,2127,-739,-1483,1134,-3410,0,0
-1361,1609,-1287,-622,2448,-3945,0,0
-1979,802,-1706,-300,4266,-3544,0,0
-2555,1927,-1718,590,5729,-5074,0,0
-2645,2609,-2447,472,7735,-3411,0,0
-2897,2930,-3520,2439,9295,-3908,0,0
-2911,521,-4205,664,8749,-1529,0,0
-2980,3339,-4619,1367,7147,-538,0,0
-2367,4707,-5047,3084,4223,-1602,0,0
-1107,4651,-4659,3867,1816,-85,0,0
-83,5197,-3647,4818,1957,820,0,0
376,3161,-2695,5874,2005,689,0,0
322,-54,-1779,5431,432,910,0,0
95,-727,-633,5337,-1158,703,0,0
-114,-728,680,4703,-964,682,0,0
-276,-832,1862,4345,-136,844,0,0
-265,-1656,2659,4140,1015,822,0,0
-20,-2969,3110,4577,5735,339,0,0
412,-4605,3288,5192,9897,-2170,0,0
1475,-5843,4104,3671,12824,-3779,0,0
2672,-4283,5093,1998,11901,-4847,0,0
3756,-3616,4870,1513,10890,-4698,0,0
4384,-3863,3545,-160,9068,-3386,0,0
4144,-2286,2303,-518,6685,-2579,0,0
3352,-1285,1347,-1035,4575,-1610,0,0
2171,-454,875,-1497,2625,-1294,0,0
994,-456,854,-1495,999,-1774,0,0
357,-1163,569,-1918,75,-2566,0,0
124,-360,220,-1166,-155,-3081,0,0
177,-338,-3,-427,-205,-3338,0,0
290,-248,7,-216,-295,-3127,0,0
268,-284,50,-22,-371,-2991,0,0
252,-443,-17,-204,-372,-2991,0,0
276,-101,-6,-61,-373,-3047,0,0
239,-62,48,-88,-420,-3138,0,0
175,30,96,-157,-410,-3422,0,0
146,-44,140,-243,-389,-3740,0,0
168,-334,119,-705,-427,-3914,0,0
213,-32,2,-1121,-425,-3819,0,0
72,699,-255,-1524,-363,-3589,0,0
-434,1645,-611,-1765,-32,-3777,0,0
-916,2139,-842,-3432,928,-4311,0,0
-1229,1296,-1340,-1440,1989,-4544,0,0
-1714,2033,-2274,-833,3459,-4242,0,0
-2084,3324,-3019,1639,5149,-5555,0,0
-1711,3215,-3382,1526,7581,-2115,0,0
-1744,4041,-3726,3149,9222,-1613,0,0
-2127,374,-6808,1850,8130,-817,0,0
-2814,262,-5283,988,4688,120,0,0
-2753,1119,-5107,1772,3343,-2856,0,0
-2200,1732,-4642,2214,3582,-1209,0,0
-1348,2940,-4080,4986,4006,-1316,0,0
-585,1542,-3399,5767,2357,-1471,0,0
-352,145,-2101,6785,168,-1306,0,0
-148,-1140,-521,6086,-326,-953,0,0
33,-441,1043,5401,-386,-527,0,0
173,-439,2379,5024,245,-19,0,0
314,-1614,3324,4596,2186,-29,0,0
829,-3000,3603,4731,8657,-1477,0,0
1590,-4347,3787,4352,11571,-3604,0,0
2725,-5218,4623,2288,12698,-4068,0,0
3793,-2974,5242,2067,11771,-4855,0,0
4661,-3301,4763,1585,10768,-3985,0,0
4839,-3050,3252,235,8541,-2761,0,0
4243,-2043,2017,-155,6013,-2086,0,0
3269,-1559,1122,-1067,3538,-1207,0,0
1990,-672,883,-1374,1293,-1285,0,0
901,-879,917,-1629,76,-1763,0,0
277,-983,590,-1715,-270,-2756,0,0
-76,-101,227,-1301,-531,-3142,0,0
-145,15,68,-555,-516,-3767,0,0
-7,-351,41,-705,-561,-3529,0,0
34,41,29,-161,-654,-3523,0,0
95,-213,-35,-119,-709,-3278,0,0
106,54,-32,-16,-688,-3310,0,0
125,27,-5,15,-670,-3405,0,0
133,-52,92,-191,-705,-3374,0,0
114,-12,147,-2296,-719,-3447,0,0
47,-42,148,-658,-701,-3717,0,0
-36,360,97,-851,-587,-4035,0,0
-250,435,-229,-2166,-741,-4210,0,0
-680,1602,-875,-2996,-182,-5120,0,0
-652,1085,-1662,-2295,1201,-4726,0,0
-702,855,-2226,-1167,2516,-3243,0,0
-1276,2430,-2437,169,3456,-2066,0,0
-1919,3451,-2529,1187,4648,-1922,0,0
-2202,4057,-2654,1683,6298,-927,0,0
-2699,3022,-3488,3746,7721,-4140,0,0
-2942,-1211,-4524,1085,9352,-2724,0,0
-2836,1360,-5239,1110,10675,-1973,0,0
-2268,3415,-6326,2901,7489,-1604,0,0
-1344,3390,-6347,4246,3015,85,0,0
-399,3876,-5053,5526,2892,491,0,0
-290,2907,-3122,6305,2110,-181,0,0
-341,436,-1653,5563,803,-31,0,0
-155,4,-603,4901,-323,-277,0,0
71,49,396,4688,-800,189,0,0
7,-237,1460,3802,-277,1008,0,0
-127,-435,2333,4356,331,1177,0,0
-39,-2245,2804,4869,2345,1240,0,0
465,-4338,3061,6407,10495,-1281,0,0
1332,-6180,3771,5517,12817,-4308,0,0
2770,-6163,5386,2122,14364,-4158,0,0
4172,-3930,5947,483,12806,-3969,0,0
4751,-2663,5169,324,11571,-2766,0,0
4593,-2495,3845,-365,8487,-1940,0,0
3897,-2487,2543,-1006,5751,-1712,0,0
2920,-1911,1470,-2078,3301,-930,0,0
1709,-82,1236,-1892,1721,-1385,0,0
801,-480,1121,-2048,590,-1895,0,0
235,-707,666,-2205,29,-2593,0,0
-7,-242,264,-1292,-199,-3336,0,0
-24,-668,-28,-1011,-394,-3494,0,0
-38,-48,-104,-518,-430,-3598,0,0
46,43,-180,-131,-381,-3597,0,0
132,-7,-202,-90,-463,-3449,0,0
110,-67,-82,37,-572,-3487,0,0
65,-221,-10,-171,-596,-3577,0,0
67,-46,31,-180,-594,-3748,0,0
38,-73,50,-343,-592,-3863,0,0
-10,89,81,-502,-535,-4059,0,0
-13,141,71,-469,-631,-4353,0,0
-48,-68,22,-664,-605,-4465,0,0
-45,-11,-38,-832,-470,-4484,0,0
-26,305,-196,-1265,-391,-4247,0,0
-227,1004,-519,-1631,-70,-4198,0,0
-499,953,-839,-2342,861,-3671,0,0
-817,1465,-1096,-2199,1764,-3623,0,0
-1274,1758,-1684,-1635,2810,-4031,0,0
-1670,2575,-2320,-836,3958,-2916,0,0
-2251,4379,-3168,1447,6354,-2748,0,0
-2471,5954,-4149,2775,9282,-1218,0,0
-1967,4349,-5118,3900,9496,-980,0,0
