-274,-683,-796,1010,3515,-2033,0,0
40,-2006,-848,1395,3229,-3199,0,0
775,-2600,-698,1209,3142,-6472,0,0
1853,-2228,-543,1762,5583,-6032,0,0
3391,-2505,-744,1310,7424,-5831,0,0
5083,-1371,184,-851,8309,-4323,0,0
6295,148,1536,-3864,10135,-4137,0,0
7084,1104,1462,-1909,9065,-2214,0,0
7058,1116,746,-357,8363,-269,0,0
6093,-529,-315,-837,5640,2969,0,0
3583,-462,-527,-216,1195,3232,0,0
1528,-508,109,-757,-1292,783,0,0
430,-1003,-2288,-611,-1204,-2516,0,0
-40,-490,-563,-1965,-1915,-1848,0,0
-1107,1369,68,-825,-1407,-2093,0,0
-2679,-166,307,-759,1193,-3141,0,0
-3761,-924,522,-1294,4771,-1012,0,0
-5232,-914,582,-2154,9477,-1760,0,0
-6307,304,456,-2125,10119,628,0,0
-7389,1896,161,-1582,13075,-641,0,0
-7833,2431,-1001,-1911,11746,-3632,0,0
-6943,4842,-2833,2228,8239,-3623,0,0
-5050,1106,-3775,3435,7905,-5882,0,0
-3557,-2593,-1993,471,3314,-4497,0,0
-2589,-570,-382,1245,742,-5596,0,0
-1189,1024,-719,2731,1007,-5480,0,0
-178,284,-1243,3982,820,-5163,0,0
860,-1196,-1082,2202,341,-3971,0,0
1744,-541,344,1880,1260,-5026,0,0
3001,-183,1470,2102,3508,-7064,0,0
5064,-638,1928,1959,6590,-6064,0,0
6785,-1205,1988,1976,12655,-6627,0,0
8117,-2075,1184,-217,22577,-5759,0,0
8588,-537,1223,-4594,21777,-4031,0,0
8718,969,1941,-4055,14037,-3096,0,0
7780,-1283,218,-2466,9041,4197,0,0
3607,-754,-1318,-2693,911,4016,0,0
896,248,-513,-1252,-704,-2037,0,0
241,-768,-901,-2056,-1640,-3268,0,0
-637,-793,-399,-3877,-1370,-2880,0,0
-1682,1177,596,-1199,1300,-926,0,0
-3437,131,-140,-1019,3240,-692,0,0
-4720,147,144,-642,4621,209,0,0
-5685,1229,1183,-748,6119,2139,0,0
-6728,1877,689,-392,7392,1087,0,0
-7191,1632,-691,-63,6371,-80,0,0
-6769,1772,-1972,-293,9882,975,0,0
-6586,1692,-3008,216,13764,-3114,0,0
-5749,895,-3141,781,3962,-5926,0,0
-3783,1141,-1961,1587,1826,-6997,0,0
-1702,1411,-1618,2406,3637,-8035,0,0
-6,1086,-1548,4018,1148,-6981,0,0
1595,126,-527,4590,1730,-6175,0,0
3049,383,1159,5452,3614,-6925,0,0
4883,-254,2367,4720,8231,-7159,0,0
6927,-174,3588,3333,13933,-9496,0,0
9552,-2218,4395,340,25534,-5425,0,0
9602,-1596,3446,-3754,20985,-3231,0,0
8385,-311,1591,-4238,14328,1078,0,0
5944,677,230,-3446,7481,2951,0,0
2914,-552,190,-2748,850,1679,0,0
1061,-726,-527,-2556,-1617,-601,0,0
-321,-875,-575,-2778,-2022,-3688,0,0
-1091,-449,-263,-2703,773,-3799,0,0
-2010,-394,96,-1975,1605,-1700,0,0
-3513,-804,202,-2443,3994,-341,0,0
-5022,779,573,-253,7984,566,0,0
-6440,465,615,-616,8394,546,0,0
-6888,822,684,-372,6531,823,0,0
-7194,2023,-152,850,8318,911,0,0
-7425,1784,-1635,1118,13189,-2915,0,0
-6884,-545,-2376,-800,7702,-5800,0,0
-4682,2363,-1365,-683,3450,-4561,0,0
-2884,3987,-926,3933,2324,-8797,0,0
-963,-230,-1296,1694,1197,-7477,0,0
668,-344,-1152,3684,1488,-6879,0,0
2292,264,-56,4287,2425,-6895,0,0
3981,260,1516,4671,4080,-6431,0,0
5913,-647,2717,3792,9153,-5717,0,0
7381,-906,3529,1884,11937,-5739,0,0
8740,-2473,3464,1197,19616,-5490,0,0
8703,-2789,1536,-3126,16633,-2641,0,0
7615,-669,352,-2215,11910,142,0,0
5412,-794,-1462,-2418,7676,2977,0,0
1827,204,-3136,-3186,652,622,0,0
509,62,158,-2649,-25,-3917,0,0
526,-635,-609,-3110,-1020,-4317,0,0
-192,858,-64,-2810,-1230,-3792,0,0
-1316,826,447,-1280,-16,-3297,0,0
-2307,-419,178,-711,2295,-556,0,0
-3855,-295,295,-1123,5878,521,0,0
-5412,1809,844,-457,8613,1147,0,0
-6959,2173,625,-1027,9819,1055,0,0
-7496,1664,-613,-1183,9901,140,0,0
-7655,749,-2190,-243,8710,-129,0,0
-7139,297,-2711,-226,12403,-3976,0,0
-5761,-921,-1746,663,6961,-7211,0,0
-3506,953,-995,-102,2211,-6976,0,0
-1832,1975,-1026,3427,1832,-11172,0,0
568,-247,-1302,2435,1374,-8402,0,0
2414,-66,-742,3825,2616,-7003,0,0
4137,619,637,4162,3974,-5351,0,0
5539,782,2249,3304,6638,-3875,0,0
6475,-9,2865,2365,10151,-4698,0,0
7495,-1294,2761,-84,12017,-3498,0,0
7802,-1655,1640,-2497,15895,-3773,0,0
7205,-123,400,-3098,12615,-2775,0,0
6492,-163,54,-2169,9204,154,0,0
4134,-1031,-2624,-2598,3411,1626,0,0
1113,21,-347,-2883,-1499,-2013,0,0
344,-296,-379,-2686,-1344,-5005,0,0
154,421,-406,-2143,-1329,-4193,0,0
-721,176,123,-1111,-529,-2704,0,0
-1975,-1356,-71,-1633,421,-2311,0,0
-2820,-1087,88,-876,3881,-451,0,0
-4280,-572,1046,-2055,7009,-982,0,0
-5358,1445,1575,-2569,7556,303,0,0
-6301,2377,366,376,11483,114,0,0
-7401,-2616,-1292,-547,8234,-2132,0,0
-7084,-915,-946,-720,5767,-110,0,0
-6402,-758,-340,-801,10323,-3684,0,0
-5585,348,-254,-1363,4867,-5936,0,0
-3787,1391,-842,635,1870,-7608,0,0
-1828,638,-1070,-89,1167,-7453,0,0
-209,1749,-714,2053,1342,-6997,0,0
1288,932,-615,2749,1064,-5969,0,0
2540,679,226,3552,2728,-6473,0,0
4217,124,1281,2933,5391,-6571,0,0
6187,584,2598,1008,10844,-7777,0,0
8049,-610,3380,-769,15737,-7783,0,0
9611,-3728,2275,-2486,20413,-4021,0,0
8631,305,981,-2533,13557,99,0,0
5988,100,-98,-2373,8927,865,0,0
3610,-795,-805,-2805,4640,1147,0,0
1644,-426,-431,-1931,270,-1045,0,0
466,-207,-400,-1825,-1488,-3318,0,0
-346,-466,56,-2429,-709,-3954,0,0
-1208,-129,130,-2174,834,-3800,0,0
-2116,-875,185,-1421,1775,-3056,0,0
-2924,-1408,755,-816,4431,-146,0,0
-4417,-5,1350,-902,7629,1095,0,0
-6548,1374,1212,-822,8484,124,0,0
-7259,629,512,-280,5175,-449,0,0
-6734,-756,-97,-610,6063,-543,0,0
-6383,-162,35,-449,10056,-2567,0,0
-5804,1380,26,-335,7969,-4859,0,0
-4227,2292,-260,-161,2044,-6639,0,0
-2498,1570,-298,775,566,-8221,0,0
-853,-701,-640,137,788,-8226,0,0
881,-85,-1099,482,1702,-6665,0,0
2457,567,-761,2357,2828,-7726,0,0
4464,-12,167,2193,4968,-6244,0,0
6536,687,1393,1101,9055,-5983,0,0
7861,430,2463,412,14862,-7847,0,0
9066,-1230,1571,-1429,18125,-3667,0,0
8223,-420,384,-1401,12116,-1518,0,0
6523,-1091,-333,-1740,10922,394,0,0
4280,-1218,-1122,-1769,5614,1261,0,0
1707,-1303,-649,-2929,-1335,846,0,0
73,25,-370,-3226,-1787,-2690,0,0
-466,123,-215,-2888,-314,-3764,0,0
-1168,130,290,-2921,-353,-2821,0,0
-2153,147,442,-1677,1435,-2545,0,0
-3262,-920,84,-1216,4399,-436,0,0
-4741,-98,717,-938,8019,311,0,0
-5967,292,1643,-1447,7576,-491,0,0
-6384,1789,1751,-1808,7218,216,0,0
-6714,3094,-156,281,8128,-2111,0,0
-6395,356,-1875,773,8729,-2286,0,0
-6041,-1786,-1222,412,6988,-4169,0,0
-4425,-473,78,-1430,3001,-3729,0,0
-3097,2559,-61,895,1378,-7777,0,0
-1556,-47,-1010,202,883,-7413,0,0
75,149,-1186,392,1415,-6004,0,0
1655,828,-489,2022,1524,-5856,0,0
2909,331,288,2144,2437,-5483,0,0
4168,205,768,2693,5012,-7186,0,0
5993,-1152,1121,329,11670,-7961,0,0
8178,-481,1764,-1714,19420,-6824,0,0
8973,565,2140,-2455,17877,-4172,0,0
8197,69,1367,-2270,12510,-961,0,0
6424,-299,-467,-2006,8676,2977,0,0
3026,-35,-557,-1759,2487,1589,0,0
833,-1216,27,-3070,-342,-1127,0,0
-95,-132,-163,-2940,848,-3050,0,0
-865,298,25,-3027,1433,-2610,0,0
-2110,651,142,-1267,2656,-1098,0,0
-3629,-709,-40,-522,5296,351,0,0
-5451,-1358,277,-1383,9401,1617,0,0
-7471,-97,1019,-1566,11235,1575,0,0
-8464,25,670,-743,7955,-597,0,0
-7680,-996,-244,-1581,7924,-838,0,0
-6989,1001,133,-279,10929,-4683,0,0
-5411,2304,363,1421,7681,-6574,0,0
-3585,2153,-534,1934,1310,-8774,0,0
-1790,343,-341,1001,378,-10756,0,0
644,-312,-277,1118,3342,-11070,0,0
3591,-274,-134,723,5702,-10667,0,0
6576,739,1397,1483,8637,-6631,0,0
8309,404,1881,1225,13099,-5252,0,0
9437,429,1830,382,14003,-2025,0,0
9308,-248,1851,-425,15685,-954,0,0
8271,-881,167,-1013,14383,1102,0,0
5664,-682,-558,-1329,5791,2874,0,0
2560,-1269,-234,-2794,1274,493,0,0
857,-564,92,-3519,-764,-3922,0,0
116,-76,-341,-2632,-1496,-4521,0,0
-604,522,-303,-2499,-449,-4404,0,0
-1657,327,448,-1977,947,-3593,0,0
-2606,-397,-5,-1268,3700,-238,0,0
-4217,-902,113,-514,6311,732,0,0
-5976,-85,1230,-643,7913,1515,0,0
-7500,1807,1220,-1194,10323,231,0,0
-7626,1812,-729,143,7391,-321,0,0
-7191,-371,-1676,1478,10159,-3121,0,0
-6278,-2706,-577,-1157,9340,-4039,0,0
-4864,238,1011,-1354,3348,-5567,0,0
-3169,2534,305,621,974,-7702,0,0
-1875,-660,-1188,240,1678,-10723,0,0
425,-750,-1308,-987,1542,-8351,0,0
2620,1581,-812,2133,2735,-8008,0,0
4415,104,-540,2205,5548,-7405,0,0
6141,693,288,1328,8836,-5570,0,0
7954,1414,1956,27,16682,-6130,0,0
9146,1667,2789,-915,20968,-3140,0,0
7768,1526,2380,-1433,12484,-1558,0,0
5535,-1419,1335,-2739,6932,1855,0,0
3121,-1792,114,-3965,4237,-364,0,0
2305,-747,-190,-3604,1968,-2266,0,0
1526,163,-125,-1881,40,-1271,0,0
-372,-776,-352,-2553,-342,-2453,0,0
-1641,-897,-100,-2364,1658,-1431,0,0
-2777,173,363,654,4393,752,0,0
-5158,-1387,609,-1924,7874,175,0,0
-6693,770,1003,-2632,8031,1167,0,0
-7287,1520,266,1067,5543,1155,0,0
-7520,-670,-1015,-567,8425,118,0,0
-6955,-374,-721,-515,12644,335,0,0
-7074,1755,13,404,12790,-3837,0,0
-5756,1277,-207,332,3584,-6283,0,0
-4030,382,-2216,-438,1727,-8176,0,0
-2191,-1233,-113,-685,3120,-11873,0,0
164,-587,-1111,-198,1817,-11640,0,0
3339,328,-1149,2276,3998,-9540,0,0
5930,608,363,2900,8125,-7178,0,0
8137,1196,1642,2067,12891,-6239,0,0
9608,815,2934,1886,18398,-6748,0,0
10259,-2163,2268,1049,24075,-2988,0,0
9057,-1790,252,566,17884,-1233,0,0
7506,-2321,-1129,-624,11980,3238,0,0
4430,-572,-2100,-2000,4175,3751,0,0
1354,-348,-484,-3092,-2341,1158,0,0
184,1027,475,-3029,-1375,-3520,0,0
-645,-77,263,-3583,-1521,-3505,0,0
-1584,-708,216,-4346,-592,-3833,0,0
-2002,-332,-53,-1784,1573,-1786,0,0
-3222,-2114,-34,-1306,4188,784,0,0
-4692,-213,1296,-1473,6930,1585,0,0
-5946,2909,2343,1278,8452,1005,0,0
-7209,1792,1312,596,8861,564,0,0
-7585,1381,-201,-501,8193,177,0,0
-7120,3596,-1086,438,10049,-302,0,0
-6853,2291,-2051,1445,11348,-5267,0,0
-5411,243,-2494,89,6024,-8394,0,0
-2952,1760,-1998,2415,1203,-11324,0,0
-272,-651,-1502,2370,1362,-10305,0,0
2050,-399,-1480,3735,3020,-7583,0,0
3699,265,-85,4626,4844,-6374,0,0
5717,1007,1951,3704,8222,-4902,0,0
7338,1193,3695,1100,12120,-5074,0,0
8438,-253,4690,-228,17406,-6376,0,0
9133,-2143,2951,-3543,18305,-2745,0,0
7674,-194,908,-1236,12597,-2014,0,0
5678,-2852,-830,-2500,8074,2522,0,0
2903,547,-963,-2738,1920,906,0,0
771,20,195,-2040,-700,-2235,0,0
-212,-389,-25,-2949,-737,-2778,0,0
-917,1244,627,-1447,531,-2799,0,0
-2105,183,513,-1092,3492,-1599,0,0
-3747,-810,534,-792,5528,-528,0,0
-5011,-207,1053,-760,5952,1546,0,0
-6734,2270,871,-1033,8225,520,0,0
-7428,2906,-676,-2200,6653,-1076,0,0
-6570,1451,-2270,206,6742,-660,0,0
-6049,568,-2012,902,8067,-2743,0,0
-5183,-9,-1433,1010,8612,-4475,0,0
-3643,1728,-1693,1191,2923,-6402,0,0
-2129,1212,-858,1754,-695,-7965,0,0
-251,-267,-354,2363,504,-7449,0,0
1243,-804,-1084,3188,1374,-7080,0,0
2641,-38,-654,3062,2235,-5301,0,0
4018,611,983,3704,5442,-6526,0,0
5532,147,2232,2367,8708,-7296,0,0
7753,-348,3032,-65,20504,-8268,0,0
8893,36,3184,-1825,19858,-4731,0,0
7969,-296,2392,-2340,14523,-2546,0,0
6422,-485,-7,-3133,9412,1535,0,0
4201,-613,-531,-853,4344,2157,0,0
1615,-1933,-188,-3124,-847,950,0,0
-222,213,127,-1941,-1233,-3150,0,0
-819,-477,16,-2193,744,-3379,0,0
-1761,-273,-80,-1771,1633,-3849,0,0
-2508,-999,-61,-695,2693,-1820,0,0
-3471,-1718,197,-854,5081,1058,0,0
-5411,-216,977,-401,7774,1447,0,0
-7402,270,904,-1164,8785,772,0,0
-7715,725,659,-1001,7152,458,0,0
-6803,814,-79,-608,6966,-312,0,0
-6381,1671,-491,-317,8699,-2237,0,0
-5450,731,-596,430,9982,-5963,0,0
-3773,-97,-1144,-1298,2580,-5674,0,0
-2233,2266,-458,1077,-62,-7857,0,0
-602,407,-419,1798,814,-8411,0,0
976,-196,-1487,3083,1108,-7714,0,0
2609,-255,-969,2784,2125,-6022,0,0
4087,1544,964,2289,4713,-5557,0,0
5636,2169,2342,2246,9630,-7419,0,0
7717,379,3137,454,22168,-7506,0,0
8091,836,3549,-3592,21196,-5936,0,0
7991,-581,3918,-842,16189,-3537,0,0
7734,-2874,1402,-3130,11814,2919,0,0
4784,554,-129,-1720,4854,3823,0,0
1258,-755,617,-3185,-9,-144,0,0
3,-242,312,-3569,455,-2670,0,0
-565,-1118,-476,-3772,1400,-2974,0,0
-1541,-466,-138,-3536,2273,-1550,0,0
-2913,808,-395,-800,4660,-101,0,0
-4655,-1035,-590,-648,7205,1101,0,0
-6422,1062,566,-415,7133,438,0,0
-6844,2893,-528,1168,5191,-1599,0,0
-6118,90,-2029,657,4959,-1079,0,0
-5712,-299,-1318,6,6902,524,0,0
-5841,920,-940,1177,8376,-2236,0,0
-5438,821,-1465,1072,5462,-4447,0,0
-4088,1296,-1795,1113,2312,-7289,0,0
-2123,1118,-1008,1506,1581,-9402,0,0
387,578,-628,1657,1241,-7020,0,0
2062,1077,-67,3080,1676,-6056,0,0
3432,614,996,3477,4917,-6227,0,0
5060,971,2226,3548,8283,-7698,0,0
7027,-536,3518,3019,14983,-8806,0,0
9114,-2291,3447,-214,24189,-5592,0,0
8950,-717,2974,-2856,19366,-2720,0,0
7454,-869,1952,-2570,12480,561,0,0
5828,744,755,-1751,8158,1573,0,0
2864,-1171,346,-2720,1247,2515,0,0
188,-686,6,-4099,-1862,371,0,0
-909,478,432,-2207,300,-2367,0,0
-1704,-939,99,-3133,1557,-2014,0,0
-2862,-43,-273,-1991,3951,-789,0,0
-4017,-341,-320,-630,7202,-2056,0,0
-5382,-160,133,-535,8453,1447,0,0
-7209,1435,417,430,10447,1342,0,0
-8120,1311,-825,-635,9049,315,0,0
-8022,1976,-2261,621,9894,-419,0,0
-7504,135,-2530,933,12076,-3870,0,0
-6106,-520,-1128,237,9006,-6208,0,0
-3864,3539,-697,1430,1632,-7198,0,0
-1999,1960,-292,4424,1201,-10439,0,0
-145,-2483,-749,1695,1630,-8211,0,0
1742,609,-511,4093,1889,-8032,0,0
3767,616,851,4990,4816,-7112,0,0
5810,729,2683,4099,9041,-6180,0,0
7509,208,4134,2827,14722,-6827,0,0
9055,-1648,4542,1032,23644,-5000,0,0
9313,-1451,3510,-866,22974,-2797,0,0
8192,-1043,2475,-942,15426,-1154,0,0
6670,-1433,229,-2196,9561,3702,0,0
3406,-742,-555,-1372,1917,3300,0,0
622,-1194,58,-2677,-2006,200,0,0
-544,304,-34,-2090,694,-2118,0,0
-1673,-956,-312,-2727,717,-2765,0,0
-2631,-529,-36,-2001,2038,-1776,0,0
-3895,-1080,-653,-876,5421,-535,0,0
-5397,-1742,-360,-1436,8758,1736,0,0
-6983,541,1025,367,10800,1468,0,0
-7995,351,830,-467,9995,37,0,0
-7830,381,-479,-1499,8643,-448,0,0
-7170,2599,-502,447,9809,-1318,0,0
-6229,1738,-287,1993,10601,-5099,0,0
-4889,-251,-1080,938,4039,-6882,0,0
-3379,266,-863,871,1427,-9873,0,0
-1114,597,-241,1436,2456,-11668,0,0
1822,786,-489,2014,3405,-10352,0,0
4429,385,687,3866,5894,-8552,0,0
6742,-943,1595,3248,10013,-5236,0,0
8372,-281,1970,2293,14457,-5245,0,0
9698,-649,3155,1853,20118,-4514,0,0
10186,-1506,2757,-96,21217,-1397,0,0
8418,-1288,795,-274,13460,1624,0,0
5467,-443,-847,-1629,8084,2806,0,0
2699,-226,-577,-2018,2365,811,0,0
885,-1197,-306,-4147,-369,-593,0,0
-562,173,-136,-2854,-731,-3718,0,0
-1251,-2920,149,-3132,159,-3213,0,0
-2288,-673,-156,-2471,2597,-1529,0,0
-3412,-484,-215,-1145,6115,-442,0,0
-4832,-277,605,-663,7796,777,0,0
-6573,1632,1171,385,7611,1847,0,0
-7707,2730,-369,769,9076,-686,0,0
-7339,1595,-2224,88,8453,-255,0,0
-6880,1734,-1595,1356,10096,-2621,0,0
-5961,330,-1162,599,9263,-5454,0,0
-4200,2170,-1546,1085,2725,-6620,0,0
-2428,2602,-1328,4079,341,-10244,0,0
-16,-584,-949,3483,2094,-7751,0,0
1755,154,-146,5042,2492,-7599,0,0
3663,237,1488,6103,4280,-6118,0,0
5471,681,3866,4946,8284,-5835,0,0
6846,-161,5195,2219,12688,-7086,0,0
8211,-1962,5122,1209,17861,-4596,0,0
8351,-1956,2480,-984,15836,113,0,0
5943,-537,962,-774,11101,-63,0,0
4048,-1270,903,-1936,7318,-2749,0,0
3401,-1838,42,-2686,3145,274,0,0
1076,-606,-508,-1795,-694,-2335,0,0
-272,-163,35,-1707,-577,-4202,0,0
-733,428,141,-711,849,-3616,0,0
-1705,-571,141,-305,2718,-1590,0,0
-3271,-895,316,-1078,5296,779,0,0
-5425,510,217,-1584,7317,1774,0,0
-6907,1478,-44,-1293,9669,1292,0,0
-7650,22,-1438,-1250,7135,-343,0,0
-7509,-305,-2318,-125,8563,573,0,0
-7487,963,-1744,1265,13023,-3565,0,0
-6078,1306,-1329,1873,8201,-5630,0,0
-4243,1509,-1386,1214,1745,-7065,0,0
-2498,936,-298,1737,628,-9137,0,0
-376,-380,-970,2926,1794,-10805,0,0
2079,-792,-1104,4100,3274,-9675,0,0
4478,960,661,6439,5890,-8763,0,0
6769,-497,1962,4098,10202,-5995,0,0
8731,229,3779,426,18229,-5212,0,0
9551,469,4475,-3032,21774,-4519,0,0
8944,-282,2934,-1994,17664,-1785,0,0
7384,-2172,859,-1749,12318,2704,0,0
4720,-355,281,-1909,5015,2644,0,0
1552,-1119,-210,-3075,-706,236,0,0
-143,101,-515,-1991,-1641,-3603,0,0
-619,436,-208,-1058,484,-4943,0,0
-1376,-715,-270,-1807,1029,-4472,0,0
-2089,-736,-541,-927,2030,-1559,0,0
-3422,-3128,-425,-280,4826,162,0,0
-5221,-1570,171,-1237,7647,988,0,0
-6653,-541,587,-378,8606,850,0,0
-6921,-1172,233,-765,5731,343,0,0
-6153,-38,325,-957,7220,1756,0,0
-6812,2072,306,267,12709,-2321,0,0
-6713,1295,-776,-808,7653,-5474,0,0
-4600,1816,-698,1248,1242,-8250,0,0
-2347,-799,-521,-873,2197,-8432,0,0
-605,935,-987,532,1788,-8184,0,0
1188,751,-1123,3813,1816,-8818,0,0
3240,-300,-175,3027,3972,-7275,0,0
5275,1010,1474,3213,8180,-8342,0,0
7291,84,2186,146,12780,-7641,0,0
9681,643,3139,-407,21335,-5639,0,0
9842,30,2460,-2719,20374,-319,0,0
7178,1791,1974,-1913,11860,-188,0,0
4953,-421,1128,-3365,7162,-411,0,0
3218,-50,125,-3453,1815,713,0,0
1045,-286,302,-1785,-1038,-2336,0,0
-238,-1155,-465,-2805,-424,-2867,0,0
-1082,-70,-337,-1213,902,-2581,0,0
-2146,-809,269,-1657,3110,-1115,0,0
-3705,28,-146,-1339,5170,660,0,0
-5407,615,-517,-711,7207,2494,0,0
-6893,1480,-284,-968,8176,1844,0,0
-7680,1667,-1671,56,6703,-321,0,0
-7320,76,-3078,-66,8014,-652,0,0
-6746,-78,-2265,687,11410,-2658,0,0
-5643,78,-1812,1774,8728,-6463,0,0
-3950,829,-1892,1559,1262,-7644,0,0
-1999,1226,-550,3690,794,-10404,0,0
562,-1184,-741,2997,2356,-8884,0,0
2668,202,94,4389,4252,-8777,0,0
4655,-153,1605,4169,6337,-8311,0,0
7119,85,2858,1429,12684,-8341,0,0
9654,-77,4030,-620,22652,-7234,0,0
10695,-831,3187,-2526,23353,-1847,0,0
8766,-1051,1066,-1913,15058,2621,0,0
5117,90,-450,-1633,6469,2478,0,0
2628,-718,92,-1937,1814,946,0,0
690,-807,-491,-2688,-596,-1631,0,0
-2776,-556,-293,-2105,-160,-5124,0,0
-795,-504,239,-2821,-21,-5320,0,0
-1263,198,-76,-3624,546,-3244,0,0
-2131,-956,-344,-673,3614,-65,0,0
-3537,-987,454,-1150,6100,3364,0,0
-5882,1522,1007,-503,8724,3689,0,0
-8021,1132,20,-392,7895,-308,0,0
-7876,-896,-1353,-1007,5750,361,0,0
-6861,977,-3440,-1170,7611,1004,0,0
-6549,3309,-1307,993,12844,-2553,0,0
-5672,545,-2401,1640,11191,-6661,0,0
-4449,234,-2442,1175,-176,-11632,0,0
-1061,452,-708,4137,2349,-14224,0,0
2422,-911,-679,3007,4569,-9402,0,0
4754,695,1354,4848,6570,-7507,0,0
6743,-146,2751,2714,9806,-5767,0,0
8527,232,3533,841,13138,-4904,0,0
9861,-909,3771,-252,18807,-3469,0,0
9138,-502,1891,-2498,17178,51,0,0
6237,972,429,-2285,9515,156,0,0
3459,140,167,-3106,4675,-707,0,0
1672,-262,327,-3305,1313,-1226,0,0
271,-495,154,-2475,695,-1836,0,0
-1598,-907,-133,-3188,1401,-2367,0,0
-2715,144,-217,-1756,4244,-1088,0,0
-3948,-700,-271,-415,7690,-650,0,0
-5468,618,492,-3184,8801,1248,0,0
-7082,2204,-279,520,8730,-377,0,0
-7723,-727,-2139,-833,6812,60,0,0
-7576,861,-1973,446,8916,-45,0,0
-7059,1395,-1326,1422,12296,-3477,0,0
-5837,-249,-1177,1655,7769,-5957,0,0
-4091,923,-3192,295,1280,-8238,0,0
-2158,1578,-616,3321,1971,-13210,0,0
944,-1033,-1156,1996,2677,-9962,0,0
3523,607,357,4026,3953,-8275,0,0
5556,-365,1539,4064,7808,-6922,0,0
7705,421,2466,3062,13505,-6279,0,0
9185,-150,3703,1048,16998,-4896,0,0
10122,-610,3331,-1921,20832,-2221,0,0
8913,-144,1990,-1457,16171,329,0,0
6162,-1064,224,-2480,9079,2415,0,0
3262,-431,130,-2090,3302,196,0,0
1773,-1010,-147,-3072,154,104,0,0
-341,380,-9,-1764,-1618,-2554,0,0
-1952,-802,104,-2352,918,-3714,0,0
-2652,-862,-271,-2472,3687,-2067,0,0
-3596,250,25,-824,5762,-807,0,0
-4911,788,441,-358,8402,360,0,0
-6427,761,59,239,7404,1018,0,0
-7457,1388,-1283,-437,8059,653,0,0
-7492,1442,-2572,614,8543,-820,0,0
-6924,-209,-2110,762,11398,-2457,0,0
-6309,-13,-1029,542,8369,-6341,0,0
-4194,478,-1168,1035,2533,-7346,0,0
-2454,928,-1001,1704,779,-10246,0,0
-190,-306,-732,2192,1723,-10638,0,0
2469,541,-875,3368,3941,-9703,0,0
5126,556,818,5232,7939,-9090,0,0
7892,502,3400,2274,14219,-6679,0,0
9635,1570,5374,689,17913,-5749,0,0
10186,-580,4839,-554,18987,-1356,0,0
8210,-1449,1544,-1118,12634,2850,0,0
4818,-554,221,-1125,8158,2828,0,0
1793,-1173,456,-2761,3794,-780,0,0
310,-953,-201,-4216,-901,-3689,0,0
-95,-2144,111,-1504,-292,-6851,0,0
-305,-1417,-279,-2528,1638,-5059,0,0
-993,-476,-398,-1750,2534,-2734,0,0
-1895,-553,373,-376,3712,-300,0,0
-3752,-355,723,-559,5491,1732,0,0
-5907,1243,245,-83,7376,2334,0,0
-7145,1615,-631,336,7032,663,0,0
-7102,915,-1350,434,6419,89,0,0
-6941,353,-1563,344,9159,-169,0,0
-7374,244,-1511,727,12755,-3588,0,0
-5843,-1537,-1591,-701,6274,-4765,0,0
-3964,950,-181,-1348,1005,-7580,0,0
-2043,2645,411,2328,828,-11792,0,0
335,-559,-1330,4183,1774,-12593,0,0
2892,-904,-1241,3299,3062,-9182,0,0
5051,749,342,4822,8360,-10220,0,0
7897,-508,1338,718,15560,-7340,0,0
10430,1403,3467,-2469,24742,-4527,0,0
10206,2015,3627,-3243,21983,-1730,0,0
7859,587,1690,-2044,11842,1528,0,0
4948,-206,1026,-1741,6879,1644,0,0
2466,-957,447,-3399,3531,857,0,0
230,16,-119,-2526,1391,-1141,0,0
-1407,-916,-208,-2588,1556,-2978,0,0
-2221,-986,-249,-3290,4126,-1939,0,0
-3172,142,-417,-712,6712,-1113,0,0
-4491,-575,-18,-1236,8319,358,0,0
-5884,2473,255,878,6977,1929,0,0
-7243,-2100,-2103,16,7538,691,0,0
-7533,-349,-1239,284,11519,224,0,0
-7441,427,-1128,138,9912,-5963,0,0
-5174,1178,-809,-1164,4148,-7622,0,0
-2783,1750,-512,977,1612,-11537,0,0
-307,258,-976,2201,798,-11207,0,0
1988,304,-1018,5505,2705,-10266,0,0
4483,-300,543,5736,5927,-8515,0,0
6912,-81,2105,4273,12389,-8584,0,0
9525,166,3271,-263,19118,-6489,0,0
11220,224,4547,-1287,24890,-4073,0,0
9935,-1919,1743,-1902,18510,570,0,0
6461,-1153,-727,-1350,11191,3873,0,0
2825,957,-376,-2504,5270,933,0,0
1200,325,147,-2644,2378,-2059,0,0
103,-977,-165,-2909,509,-2710,0,0
-1175,-1145,319,-2710,586,-3855,0,0
-2026,-1433,-327,-1906,3458,-986,0,0
-3474,-1192,-238,-371,6844,340,0,0
-5391,-1252,886,-1489,8484,1645,0,0
-6602,1268,1008,32,7510,2336,0,0
-7462,546,-527,-7,5599,-1232,0,0
-7007,-141,-1089,-1214,6558,1392,0,0
-7011,2236,-316,-48,13163,-521,0,0
-6724,1136,-542,767,10640,-4280,0,0
-5643,26,-1616,277,3064,-7392,0,0
-3605,-340,-465,380,2219,-10684,0,0
-643,486,-93,-14,2953,-10167,0,0
1684,1897,-340,2756,1730,-9349,0,0
3847,378,461,4981,4189,-7425,0,0
5744,-567,1168,4203,7943,-6588,0,0
7915,278,2477,1432,16895,-6379,0,0
9716,1507,4673,-279,21775,-5966,0,0
10357,-494,4849,-716,23856,-3125,0,0
8654,-1280,2269,-1145,13649,566,0,0
5813,-1019,562,-1416,8140,612,0,0
3231,-510,-833,-3026,3318,848,0,0
1373,16,-352,-971,307,-512,0,0
-462,-1824,-363,-2085,-527,-1372,0,0
-1915,-1267,-358,-2762,729,-2501,0,0
-2419,-388,-82,-1008,4019,-1299,0,0
-3731,-973,378,-532,5379,358,0,0
-5688,75,465,-1368,7519,1853,0,0
-7315,1960,-190,103,10556,1068,0,0
-8127,-254,-1076,-217,7760,-706,0,0
-7497,-755,-973,-1279,7821,535,0,0
-7349,1638,-1097,-116,12789,-588,0,0
-6997,1432,-1702,1392,12921,-7976,0,0
-5202,1487,-1559,689,1784,-7807,0,0
-3023,2283,-173,3075,1629,-13514,0,0
202,-1120,-1096,3593,3281,-12889,0,0
3403,36,-110,3849,4348,-9124,0,0
5922,1521,2345,5159,7125,-7422,0,0
7885,-510,2909,3170,11506,-4891,0,0
9282,-501,3993,2236,16481,-4554,0,0
10026,-924,3717,-433,22280,-2834,0,0
8815,8,2110,-1792,17101,-1377,0,0
6356,-1479,431,-2558,10257,850,0,0
3392,-792,-535,-3184,3795,1622,0,0
1163,-452,135,-2560,282,-425,0,0
-908,-1088,28,-3207,-536,-2979,0,0
-2037,-1260,189,-3896,1064,-4907,0,0
-1841,-475,-95,-3164,3075,-2630,0,0
-2712,-218,-259,-667,4295,-1215,0,0
-3935,-1571,414,-755,7509,1248,0,0
-5270,-86,1153,-1025,10097,2510,0,0
-7226,1925,1030,1077,9318,-212,0,0
-7990,1097,-297,306,6776,-1422,0,0
-7196,-110,-1001,-235,7516,32,0,0
-7029,1112,-276,-362,12125,-2521,0,0
-6443,1975,-1132,426,9133,-8701,0,0
-3974,1731,-1514,855,1094,-12560,0,0
-234,1520,-44,2740,1876,-13664,0,0
3025,-197,-159,4097,3698,-9854,0,0
5606,-118,1390,3886,6474,-5334,0,0
7163,-122,2476,2881,10681,-4776,0,0
8296,-279,2926,1245,13363,-2761,0,0
8673,269,3290,-428,14051,-3253,0,0
8554,-304,2361,-1567,15124,-2149,0,0
7153,-1259,1117,86,11668,193,0,0
4422,-1936,-128,-1565,5597,1258,0,0
1892,-149,-134,-1635,1530,-838,0,0
913,-343,-313,-2219,183,-1052,0,0
-726,-879,-468,-2971,-1026,-1965,0,0
-2307,-995,396,-3364,1685,-3565,0,0
-2787,545,603,-2350,4581,-2287,0,0
-4171,984,465,-1336,7909,-2318,0,0
-5197,1242,320,-140,9512,-1617,0,0
-5213,1172,-1192,2579,4610,208,0,0
-5803,645,-1857,506,5149,1042,0,0
-6078,1948,-924,-197,6003,2035,0,0
-6712,1499,-1681,-731,9571,-1220,0,0
-6868,1046,-2594,298,9917,-5361,0,0
-4801,402,-2314,1080,3985,-7562,0,0
-2388,1307,-1135,1056,1711,-8471,0,0
-338,1684,-808,4173,1637,-8940,0,0
1536,-289,-897,5115,1885,-7426,0,0
3303,-745,484,6014,3803,-6730,0,0
4740,-1116,1258,4669,6579,-6861,0,0
7129,-361,2409,1153,15255,-7133,0,0
9246,1136,4346,-1448,22809,-5881,0,0
9478,-22,4114,-3470,22684,-2446,0,0
7401,-231,2238,-2725,12337,697,0,0
4795,-2328,357,-3477,6752,2558,0,0
2670,-515,16,-3470,2631,679,0,0
1001,630,450,-1991,1492,-756,0,0
-1036,-788,-162,-3321,1066,-1285,0,0
-2136,155,-341,-3556,3107,-670,0,0
-2818,557,-49,-898,6352,1044,0,0
-4714,-939,457,-1052,8217,1762,0,0
-6528,-43,297,-552,9217,21,0,0
-7442,269,-1000,-2296,7321,250,0,0
-7818,1503,-2141,1266,8065,-401,0,0
-8187,1161,-2518,1668,11932,-1940,0,0
-7225,843,-2126,1307,10397,-4520,0,0
-5237,1607,-1389,1718,3567,-7676,0,0
-2985,1085,17,1121,1595,-9907,0,0
-643,965,-372,2650,1951,-11686,0,0
2039,-462,-609,4328,2803,-8924,0,0
4399,-242,783,6208,6446,-7530,0,0
6421,-786,1930,5933,12529,-7038,0,0
8823,-224,3727,697,23141,-6404,0,0
10546,624,5961,-2238,25893,-4231,0,0
9723,-1896,3464,-4367,19451,355,0,0
7527,-297,582,-2201,13571,2728,0,0
4838,-834,451,-1455,7933,2577,0,0
2101,-1289,-64,-3018,-16,530,0,0
357,-11,12,-2216,-947,-2616,0,0
-843,-939,-609,-2949,654,-2852,0,0
-1907,-291,-684,-2246,3003,-1159,0,0
-3032,37,-295,-683,4757,675,0,0
-4995,-163,-36,-1133,6583,1177,0,0
-6163,752,-356,108,6083,2255,0,0
-6880,1036,-1237,323,5895,1097,0,0
-7159,687,-1784,316,7801,1000,0,0
-7241,175,-1577,-796,10026,1000,0,0
-7145,4,-525,30,10901,-2479,0,0
-5745,-740,-925,522,8480,-4187,0,0
-4651,-181,-1123,-961,3650,-9425,0,0
-2132,2836,-105,2822,2007,-15219,0,0
1563,1401,-1099,7267,2526,-14982,0,0
5200,48,925,6116,6641,-8490,0,0
7541,77,3214,5491,12722,-7919,0,0
9557,-1138,3826,1537,19615,-5643,0,0
10551,-1555,4522,-320,26735,-3495,0,0
9329,-1113,2139,-1833,20796,-831,0,0
6934,118,299,-1712,11586,153,0,0
4417,-1420,-874,-2660,5421,3215,0,0
1985,-213,143,-2631,285,2035,0,0
-423,-73,273,-2215,-976,-785,0,0
-2216,-1506,317,-2984,1261,-819,0,0
-3118,-681,947,-2077,5918,668,0,0
-5111,-145,346,-1689,9262,562,0,0
-6763,367,-348,-2486,11854,3165,0,0
-8318,2527,-793,-380,10243,1922,0,0
-7277,-1179,-1489,2874,15253,-6586,0,0
-6003,-1063,-1287,-2306,2468,-6140,0,0
-3718,1691,132,3447,2201,-12659,0,0
-729,-436,-939,3514,3375,-13185,0,0
2467,-460,-581,2984,3718,-10598,0,0
5507,1444,1985,6644,7504,-8840,0,0
7767,-418,3205,5709,12119,-4046,0,0
8722,486,4326,2411,14302,-1416,0,0
8773,-1117,4410,735,18267,-1989,0,0
8703,-3237,2297,-2990,19386,-759,0,0
7830,-384,682,-2665,14804,-519,0,0
5172,-1602,-477,-2748,7179,987,0,0
2512,-845,-543,-4466,331,54,0,0
955,687,17,-2341,-327,-2068,0,0
-874,-1044,-25,-2207,-1441,-2500,0,0
-2329,-1657,-84,-2532,802,-1090,0,0
-3331,-994,-207,-1454,5489,493,0,0
-4399,-284,499,-1897,9340,3352,0,0
-6571,2370,834,-1187,12223,3148,0,0
-8371,2207,-7,-251,11150,917,0,0
-9009,236,-2009,-113,11029,-934,0,0
-8023,-646,-2401,-270,12280,-1959,0,0
-7350,2876,-1254,2706,16579,-10690,0,0
-4422,2180,-2260,5346,2529,-17456,0,0
229,-670,-715,4059,1124,-14815,0,0
4107,-800,969,4437,6747,-10310,0,0
6575,-2127,1384,2647,10927,-7054,0,0
8988,-1101,2401,402,15954,-4277,0,0
10085,-159,2507,-989,15299,-806,0,0
9950,375,704,-2239,14487,2487,0,0
9008,1948,270,-1640,13516,2929,0,0
7028,668,526,-1694,9784,4466,0,0
3563,-2029,-598,-3769,2388,5091,0,0
332,81,-418,-3133,-5496,-1905,0,0
-277,-1181,-18,-2069,-3241,-5009,0,0
-946,-1845,-381,-2838,-2031,-4836,0,0
-1804,266,39,-2500,393,-4476,0,0
-2654,1,-444,-926,1848,-2301,0,0
-3913,-1805,46,-2872,4722,29,0,0
-5485,-745,1257,-1423,9401,1581,0,0
-7028,694,1540,-721,11463,-276,0,0
-7110,-583,1168,-1890,8375,-320,0,0
-7085,830,814,-267,6218,-932,0,0
-7386,608,-410,-1005,7149,-2437,0,0
-6687,243,-908,833,10953,-10006,0,0
-4323,-1953,-1872,-2718,7360,-23119,0,0
2461,2417,-1067,-1895,5406,-20658,0,0
8992,3029,1473,993,18340,-11504,0,0
11523,1108,1257,-1011,21517,-1886,0,0
11827,2345,2057,-431,18545,3676,0,0
8504,-1764,4460,-3136,21298,-5295,0,0
7871,-945,1503,-5803,12448,4838,0,0
3644,-2192,-1357,-1769,2096,12244,0,0
-967,-3540,-3329,-2348,-2887,18091,0,0
-3970,-615,-848,-734,-607,14890,0,0
-6563,-7,693,-71,2093,13487,0,0
-8506,1218,626,-1310,17312,5946,0,0
-9287,611,-898,-187,18155,1188,0,0
-8576,-512,-1362,95,19880,828,0,0
-8522,1101,-1250,1021,17083,-7854,0,0
-6819,2286,-1563,709,4668,-11442,0,0
-3598,2932,-2498,9048,3282,-22315,0,0
1911,-1498,-1627,5425,4299,-14291,0,0
5537,1608,2180,5936,5991,-7697,0,0
7358,-809,2793,3549,10001,-3682,0,0
8458,-793,2844,214,14655,-2084,0,0
8753,1070,3843,-522,18002,-4696,0,0
9212,-57,3416,87,21247,-1835,0,0
7809,-1665,1731,-2602,13680,6015,0,0
3310,-989,1637,-4683,6501,5743,0,0
69,313,-543,-6019,1534,7164,0,0
-2761,-153,-1399,-3069,292,3200,0,0
-4463,-1903,-786,-250,6053,212,0,0
-5965,-113,-1774,3124,11954,-10933,0,0
-4285,-406,-803,2403,10848,-19479,0,0
418,31,1970,-1384,13294,-20915,0,0
4231,-34,1241,-2538,13738,-15002,0,0
6322,691,1519,-3758,11773,109,0,0
4137,188,-5,-1279,2215,16791,0,0
-1366,-1983,-717,-5842,-3451,18209,0,0
-4921,1226,1052,-1647,-3792,14590,0,0
-6664,1115,-749,-3730,8299,10929,0,0
-8200,-133,-1631,-4549,19760,4017,0,0
-9460,1577,-2566,492,20233,782,0,0
-8506,837,-3341,5078,18829,-3889,0,0
-7435,1832,-3139,3634,7790,-11177,0,0
-4351,3321,-2242,13585,5447,-17970,0,0
-141,-485,-1241,10009,2836,-17932,0,0
4955,1216,3877,7197,11018,-12995,0,0
8688,-915,5536,1819,21480,-8263,0,0
11197,-663,6101,-1636,27110,-4468,0,0
12221,-420,6229,-2041,26313,-2219,0,0
11172,-2749,2557,-1612,21287,3422,0,0
7514,-1128,282,-915,11338,5685,0,0
2891,-1404,-120,-1478,3069,4638,0,0
98,-1738,-781,-3408,-2023,1944,0,0
-774,1066,50,-1998,-1689,-1358,0,0
-1290,425,523,-1061,421,-1696,0,0
-2125,-1364,119,-1319,1922,904,0,0
-3306,-1307,270,-1281,3444,3830,0,0
-4949,-690,580,-1979,6876,4565,0,0
-6641,638,500,-1284,9175,1605,0,0
-7314,1381,-28,-1483,12077,2043,0,0
-7981,1445,-619,848,13442,-19,0,0
-7999,1111,-1650,13,13873,-1843,0,0
-6899,1609,-787,-979,11600,-547,0,0
-6748,2610,-1139,995,10245,-7564,0,0
-4638,1697,-1964,-121,1864,-8733,0,0
-2018,1393,-902,3295,1987,-11091,0,0
553,-1420,-1121,2478,2834,-8614,0,0
2613,323,-108,4616,4381,-8128,0,0
4927,335,1598,5448,6761,-6792,0,0
7211,-434,2766,2279,11169,-5483,0,0
9018,-139,3684,-867,15797,-5279,0,0
9980,-507,3148,-2811,20314,-2920,0,0
8361,-18,414,-2680,16910,-915,0,0
6055,153,-167,-1809,9336,636,0,0
3992,-323,144,-2678,3880,940,0,0
2571,278,318,-2114,244,1666,0,0
214,-561,425,-1913,-1195,693,0,0
-1999,-1173,395,-1595,1079,397,0,0
-3806,-1459,515,-1576,5233,1282,0,0
-5620,-1336,581,-1975,10680,1379,0,0
-7039,-647,974,-2035,15041,395,0,0
-7869,280,1528,-3953,11249,-330,0,0
-7195,3983,1351,6,13893,-3929,0,0
-6926,4842,-1488,3818,8629,-7133,0,0
-5429,1443,-2494,4018,4502,-5773,0,0
-3665,-323,-1303,1034,3685,-7067,0,0
-2138,974,-1244,1804,1982,-9608,0,0
-99,578,-1476,2360,1688,-9559,0,0
2449,466,-429,1308,2558,-6586,0,0
4418,731,1420,2927,4402,-5348,0,0
5915,-2544,1807,2188,6686,-3494,0,0
6886,-163,2016,1384,8744,-2380,0,0
7370,-420,2205,955,10432,-2201,0,0
7450,-496,1703,-1385,13748,-3062,0,0
6780,404,893,-1961,13963,-4064,0,0
4987,241,312,-2467,6646,-1620,0,0
3460,-342,657,-2515,2106,-1094,0,0
2297,-740,281,-2620,-857,-222,0,0
819,-594,-311,-1631,-1546,-70,0,0
-1231,-884,-218,-1732,-616,-310,0,0
-2982,-685,554,-2234,2657,34,0,0
-4078,-42,756,-841,7579,913,0,0
-5707,-1369,663,-1542,13108,92,0,0
-7205,-1035,1579,-1408,11700,147,0,0
-7597,1459,1596,-95,11609,698,0,0
-8426,2779,-583,-211,11464,-3850,0,0
-7342,2420,-1214,1269,10958,-3285,0,0
-6120,700,-661,1856,7646,-7548,0,0
-4226,-359,-929,-307,982,-9756,0,0
-1871,847,-1125,1709,2254,-12335,0,0
694,405,-1309,2354,3723,-12071,0,0
3682,467,-563,3209,5387,-10100,0,0
6674,-425,736,1552,10075,-6666,0,0
8880,674,2094,727,14268,-3590,0,0
9819,1076,3130,-299,16741,-2537,0,0
9913,58,2886,-953,17596,-169,0,0
8390,-952,535,-845,14534,2781,0,0
4359,-115,-656,-1997,6294,2974,0,0
1555,-259,102,-3795,1595,-755,0,0
691,-93,-78,-3750,-115,-1690,0,0
-2792,-106,-6,-2537,242,-3555,0,0
-1779,-876,338,-2078,2383,-3696,0,0
-2357,-829,102,-1266,4177,-1070,0,0
-3684,-407,360,-410,7345,213,0,0
-5530,114,521,-1055,9931,645,0,0
-7041,1238,220,-278,8581,772,0,0
-7468,1381,-373,921,7303,-193,0,0
-6970,100,-1160,-628,7644,-630,0,0
-6489,1937,-1259,-7,10122,-1630,0,0
-6322,2594,-1967,1259,9689,-5971,0,0
-4507,1343,-2596,1095,3104,-7922,0,0
-2290,1681,-1255,4110,1570,-13097,0,0
889,-1004,-871,4581,3769,-10981,0,0
3762,75,-190,3511,5293,-7752,0,0
6182,823,2384,5124,11793,-7249,0,0
8261,-857,3256,1022,13813,-3880,0,0
9828,753,4960,-96,18472,-3744,0,0
10055,-239,5424,-845,21211,-1508,0,0
7860,-1817,1619,-1924,12991,594,0,0
5228,-1192,-1207,-2486,7506,1985,0,0
2954,-372,-2920,-2602,2399,856,0,0
1288,-121,-167,-2657,-1119,392,0,0
-688,-541,-13,-2344,-1214,-1607,0,0
-2123,-1238,249,-2807,1282,-1976,0,0
-2772,-145,138,-1508,4529,-605,0,0
-4051,117,225,13,7860,162,0,0
-5956,-522,552,-2424,10668,1023,0,0
-7697,211,507,-51,10596,1308,0,0
-8335,168,167,874,10277,-762,0,0
-7960,20,-307,-1175,9525,-1164,0,0
-7207,2066,-496,1159,12132,-4766,0,0
-5813,1324,-666,1591,6896,-10641,0,0
-2740,1807,-2624,21,357,-10498,0,0
-205,2916,-34,3888,1603,-12770,0,0
2386,-731,-631,3426,4240,-9202,0,0
4727,-408,-115,2562,6737,-7249,0,0
6987,746,2301,2733,11564,-6169,0,0
8668,344,3511,686,15832,-4459,0,0
9634,314,3923,232,17732,-2263,0,0
9208,-1367,2714,-838,16174,278,0,0
7145,-1322,750,-504,9503,3301,0,0
3482,-1527,-11,-1598,3866,1884,0,0
1292,-476,-275,-3533,-121,579,0,0
-180,1346,192,-2665,-1258,-2604,0,0
-1396,-416,298,-2072,539,-4626,0,0
-2284,-2056,266,-2619,2635,-3582,0,0
-3244,-1628,52,-2106,5065,-932,0,0
-4645,-416,79,-833,8273,-13,0,0
-5924,-81,161,-875,8652,272,0,0
-6077,1725,369,390,6688,2268,0,0
-7043,1655,-118,2161,5963,-1678,0,0
-6736,-1380,-525,-153,7816,1301,0,0
-6913,1625,-817,-511,10858,-4098,0,0
-5682,3092,-1635,1273,4789,-7735,0,0
-3361,1430,-1269,1101,2441,-9481,0,0
-968,438,-299,1701,2386,-11095,0,0
1617,71,-485,3785,3441,-9575,0,0
3989,-593,47,4381,5505,-8193,0,0
6551,-596,1976,2637,11336,-6807,0,0
8737,690,3341,336,15664,-6212,0,0
10383,317,4426,937,22089,-3717,0,0
9549,-2144,2393,-732,17621,883,0,0
6561,-1150,-135,-1302,8552,2881,0,0
3614,-544,-612,-2339,4400,469,0,0
2131,-461,-818,-3542,1139,-8,0,0
361,360,-450,-2410,-1545,-2235,0,0
-877,29,361,-1997,-318,-3910,0,0
-1577,-636,-142,-1772,1631,-2913,0,0
-2407,-933,-326,-603,3786,-295,0,0
-4080,-995,450,-1131,7220,1568,0,0
-6405,459,679,-2353,9475,1384,0,0
-7554,1642,295,194,7062,453,0,0
-7426,-385,-932,536,5943,-407,0,0
-6221,-1363,-1118,107,7766,741,0,0
-6584,2058,-173,-44,11814,-1915,0,0
-6150,3204,-741,2747,7464,-7183,0,0
-4157,167,-1764,422,1173,-9302,0,0
-1719,1055,-493,1389,2106,-10938,0,0
1032,820,-243,3490,2765,-9928,0,0
3332,104,16,4052,3894,-7466,0,0
5343,406,1924,3933,7877,-6318,0,0
7238,745,3560,1994,13636,-6157,0,0
8475,1132,4875,717,19763,-5494,0,0
8358,-893,4638,-1059,18943,-3453,0,0
7186,-2081,1563,-1884,11617,-815,0,0
5852,-1169,-158,-890,7912,901,0,0
3707,-55,-417,-1316,4173,2458,0,0
1253,-342,-199,-1184,-452,1246,0,0
-623,-943,234,-2109,-574,-633,0,0
-1883,-196,421,-2295,1677,-2309,0,0
-2577,-1171,58,-1098,3889,-2190,0,0
-3711,-2695,141,-1950,6115,442,0,0
-5614,-1381,750,-1829,11659,588,0,0
-7022,21,565,-1527,10577,386,0,0
-7221,1938,249,433,6690,99,0,0
-7237,1340,-590,486,6013,-1389,0,0
-6756,160,-1045,-985,9600,-1948,0,0
-6181,1431,-968,737,11182,-6621,0,0
-4302,864,-1398,1119,3070,-10088,0,0
-1633,909,-721,663,369,-10166,0,0
817,1453,-21,3126,2031,-9530,0,0
3032,-603,-103,3727,3818,-7604,0,0
5003,176,1040,4721,7323,-7455,0,0
7077,446,2599,3138,10673,-6207,0,0
8857,398,4627,1340,18454,-5551,0,0
9423,334,5133,457,21787,-3028,0,0
8312,-1360,3469,-2,14837,-1154,0,0
6675,-2690,510,-1301,8562,1123,0,0
4011,-1665,-1357,-1432,4517,2803,0,0
1142,-1183,-990,-2217,-900,1450,0,0
-646,-46,-96,-2386,-2033,-1662,0,0
-1865,-315,63,-2453,750,-3523,0,0
-2373,-1016,274,-2442,3517,-3034,0,0
-2929,7,428,-946,5528,-824,0,0
-4414,-236,245,-387,8413,346,0,0
-6145,-275,194,-1494,10347,502,0,0
-7171,623,449,-602,7615,636,0,0
-7643,1131,8,810,6445,-439,0,0
-6787,-419,-1271,-370,8561,-914,0,0
-6582,839,-1257,373,10937,-3610,0,0
-5722,1989,-941,2090,7312,-9183,0,0
-2807,973,-1180,262,1088,-9885,0,0
-514,2036,109,2354,559,-10263,0,0
1595,61,-77,3266,1469,-8128,0,0
3519,-550,-270,2469,3373,-5785,0,0
5065,1450,1612,3590,6367,-5913,0,0
6631,901,3003,2909,11839,-7042,0,0
8147,88,4105,757,18338,-5732,0,0
7968,-546,4240,-570,18416,-3821,0,0
6909,-1752,1616,-2221,12390,-2767,0,0
6428,-1233,-267,-1372,9677,-531,0,0
4943,-593,-796,-1061,5855,2231,0,0
1914,390,-408,-1422,-163,1470,0,0
-199,-96,119,-1777,-1267,-1538,0,0
-1204,-1084,74,-2675,-173,-3028,0,0
-2000,-1014,-138,-1666,1605,-2423,0,0
-2997,-2128,-499,-1386,3986,337,0,0
-4477,-2196,36,-2601,8744,3147,0,0
-6776,75,483,-1587,13392,2780,0,0
-8669,780,336,-144,9193,1356,0,0
-8376,-633,690,-950,6898,-505,0,0
-6992,780,1266,-606,9720,-1794,0,0
-6712,2773,-35,1034,14732,-5350,0,0
-5863,-209,-3185,-96,8321,-11180,0,0
-2778,2453,-1920,-791,-637,-8982,0,0
329,4028,914,5326,2220,-10838,0,0
2750,-1361,172,3864,3232,-7747,0,0
4606,398,1407,5818,4258,-6272,0,0
6539,256,3367,5485,7907,-5915,0,0
8092,-136,4589,3739,12992,-5560,0,0
8589,-1137,5009,2017,18870,-4121,0,0
6960,-623,3362,-397,14599,-3102,0,0
5747,-1864,965,-376,10424,-1809,0,0
5099,-2997,-1150,-1673,8114,327,0,0
3123,89,-960,-2342,3548,1648,0,0
763,509,122,-2320,216,-957,0,0
-639,-407,-131,-2377,-269,-2867,0,0
-1405,-918,181,-1884,1373,-4063,0,0
-2116,-1331,170,-1425,2980,-2444,0,0
-3092,-1686,-424,-1324,4608,-386,0,0
-4316,-1190,227,-663,7930,755,0,0
-6191,-206,1102,89,10752,1030,0,0
-7398,34,1256,-41,8747,1359,0,0
-7706,779,1009,-297,7716,-917,0,0
-6803,1085,465,-166,7087,-3212,0,0
-6214,1648,-628,195,10116,-3544,0,0
-5250,1512,-1307,1729,8739,-9467,0,0
-2767,958,-601,-1112,597,-10172,0,0
88,2791,703,2163,301,-10529,0,0
2508,259,546,2882,2552,-8124,0,0
4351,499,835,3489,4954,-5648,0,0
5959,1375,2504,4318,7481,-6033,0,0
7546,343,4259,3025,10311,-5000,0,0
8004,-678,5304,3004,16118,-4304,0,0
7082,-2233,3550,992,13928,-2275,0,0
5877,-2037,881,793,9787,-1301,0,0
4898,-1944,-2904,-338,9214,-1132,0,0
3127,-105,-917,-1507,4296,-89,0,0
853,-563,143,-2269,-831,-1107,0,0
-323,-682,90,-2410,225,-2381,0,0
-1180,-1334,-515,-1775,871,-2700,0,0
-1990,-2099,-255,-959,2263,-719,0,0
-3375,-1330,249,-1058,4469,1585,0,0
-5404,-743,330,-1245,9357,808,0,0
-6874,-140,556,-2646,11296,745,0,0
-7100,1559,1101,-1105,10224,1280,0,0
-7136,1738,-61,632,8120,-1524,0,0
-6784,841,-1675,-686,7738,-1839,0,0
-6678,1384,-1845,1321,9929,-6742,0,0
-4798,924,-1777,1683,5635,-9955,0,0
-1946,2286,-1105,1981,841,-11435,0,0
1009,2311,315,3866,1774,-8897,0,0
3121,388,1168,5114,4689,-7225,0,0
5087,-257,2609,4763,6811,-5725,0,0
6752,306,4387,3843,10885,-5377,0,0
7962,-284,5135,943,15311,-4672,0,0
7795,-303,4923,684,16789,-3367,0,0
6644,-2509,2375,606,12992,-1295,0,0
5500,-2879,-111,-715,7794,559,0,0
3976,-1337,-1156,-851,5350,927,0,0
1935,210,-709,-1374,314,831,0,0
-132,-327,456,-2318,-1323,-1942,0,0
-1108,-657,229,-2925,273,-4212,0,0
-1497,-1132,-292,-2412,1556,-3750,0,0
-2132,-1541,-115,-1794,3071,-2067,0,0
-3131,-2074,30,-1388,5220,-236,0,0
-4244,-2579,560,209,8963,1909,0,0
-6260,-777,1051,-649,9067,2741,0,0
-7802,2994,991,805,8366,1364,0,0
-7901,3436,105,196,7208,-1027,0,0
-6735,2403,-653,179,8620,-832,0,0
-6728,2261,-2026,951,13003,-5013,0,0
-5626,-186,-3290,1028,7800,-8575,0,0
-2986,407,-1687,-214,-165,-9120,0,0
-6,2727,458,2301,827,-8827,0,0
1729,257,69,3593,1776,-7717,0,0
3100,-98,-205,4935,2812,-5061,0,0
4342,905,1386,6105,5565,-5179,0,0
5928,-426,3090,4261,13079,-5473,0,0
7366,-1319,4476,852,20097,-4667,0,0
7880,-459,5477,-939,20248,-4672,0,0
7775,-2001,3967,-1300,16735,-2923,0,0
7106,-2835,530,-2493,11972,389,0,0
4703,-556,-1028,-1680,7195,1879,0,0
1822,-495,-543,-2156,2010,1820,0,0
-199,-142,78,-3182,-45,-962,0,0
-1084,-598,-296,-3611,801,-2117,0,0
-1664,-102,-233,-2093,2505,-726,0,0
-2620,-601,145,43,5672,1070,0,0
-4567,-470,20,-2127,10825,3550,0,0
-7049,2094,-712,-449,10420,1191,0,0
-7756,1107,-1263,646,7572,92,0,0
-7449,-1566,-1072,-159,7884,-417,0,0
-6939,-249,-425,-606,10000,-992,0,0
-7169,2921,-684,2054,11559,-5723,0,0
-5444,686,-1745,2259,5740,-10525,0,0
-2410,851,-853,185,322,-10310,0,0
443,2782,777,2892,660,-8817,0,0
2204,146,357,2938,1716,-6030,0,0
3321,-439,254,4431,3940,-5248,0,0
4769,757,1704,5481,6690,-5169,0,0
6473,1621,4065,5490,12504,-6224,0,0
7917,251,6060,2857,22859,-5136,0,0
7673,-821,7570,-464,21564,-3960,0,0
5686,-2813,4840,-293,9321,-4139,0,0
5904,-4849,268,344,8176,710,0,0
4498,-2123,-2076,-92,5911,2292,0,0
1639,-616,-1474,-592,2432,1793,0,0
-669,-632,-228,-2165,702,-802,0,0
-1699,-1267,-389,-3103,735,-1895,0,0
-2340,-1753,-679,-2097,2440,-745,0,0
-3505,-1669,-130,-1630,5788,1036,0,0
-5156,-4,235,-2210,10322,2436,0,0
-7141,1918,-413,-1075,12109,780,0,0
-7802,957,-537,-461,9074,-433,0,0
-7551,-580,90,950,6170,-715,0,0
-7184,-1243,54,-507,9800,-1303,0,0
-7117,1063,-660,832,13165,-4723,0,0
-5909,-523,-1828,-308,7043,-8682,0,0
-2929,2317,-654,-1514,-466,-8705,0,0
-165,3803,1164,3921,1096,-10828,0,0
1719,-712,-763,3137,1418,-8554,0,0
3489,1265,-472,5728,3301,-7195,0,0
5456,2262,2473,6887,7703,-6483,0,0
7057,310,4554,4718,16376,-6057,0,0
8468,-2759,6154,1676,26593,-4410,0,0
8636,-2656,5376,-1019,21733,-3229,0,0
7867,-2141,2746,-457,12651,-1847,0,0
6470,-4768,-1617,-157,10968,1926,0,0
3456,-1793,-3919,-1616,6263,4880,0,0
758,2130,-1525,-750,820,1096,0,0
-574,-406,519,-2541,-1698,-1117,0,0
-1518,-1408,350,-4744,804,-1593,0,0
-2359,441,414,-1993,3602,-1496,0,0
-3117,-1428,536,-735,5948,-1365,0,0
-3966,-2100,967,-1221,7781,788,0,0
-5225,290,933,638,10778,2354,0,0
-7387,1356,667,1660,10119,1117,0,0
-8549,1505,102,1124,9001,-1270,0,0
-7600,1153,-746,-1350,7256,-343,0,0
-6870,3596,-703,1009,10967,-3488,0,0
-5904,2937,-730,4457,10410,-11006,0,0
-3046,-1595,-1980,299,1733,-13836,0,0
723,2663,253,3982,1068,-14578,0,0
4286,1567,1698,6405,6060,-10314,0,0
6760,-1038,2360,5036,10332,-6857,0,0
8764,-638,4077,4088,14380,-4961,0,0
9727,-1425,5229,1815,19817,-3493,0,0
9247,-2674,3691,-1327,17407,-1694,0,0
7968,-2398,112,-431,14150,-142,0,0
5620,-1137,-1739,-2712,8451,1269,0,0
3469,-746,-1101,-407,3259,1869,0,0
1505,-1564,-74,-2153,-1512,1297,0,0
-607,-140,380,-3190,-2543,-1436,0,0
-1917,-1,274,-2783,-260,-3366,0,0
-2595,-819,-56,-1760,1792,-2233,0,0
-3332,-1711,376,-855,4397,-744,0,0
-4063,-1646,1358,-2086,8695,2604,0,0
-6451,1916,662,-1415,13538,3932,0,0
-8840,2770,-709,-638,12141,846,0,0
-9142,32,-408,1013,9341,-727,0,0
-7734,-1789,376,-1763,9729,-1185,0,0
-6847,1549,353,299,13536,-3565,0,0
-6714,-1027,-697,980,12355,-9083,0,0
-4375,-637,-1047,-4252,655,-7794,0,0
-1326,6624,634,2938,-699,-11018,0,0
648,412,-600,4840,932,-10979,0,0
2382,-1810,-2452,2257,3509,-5815,0,0
4187,2659,251,6502,8116,-8020,0,0
6626,1509,2912,4028,13891,-6631,0,0
9222,852,6238,859,26687,-5463,0,0
9754,249,7540,-2890,27144,-3756,0,0
8147,-1681,3840,-977,16540,-2789,0,0
7722,-4138,-22,-169,14583,858,0,0
6068,-2224,-1270,-1255,8682,2496,0,0
3572,442,-610,-1405,1765,2354,0,0
1249,-175,-11,-1694,-2025,1483,0,0
-450,-1178,363,-2245,-1282,443,0,0
-1979,-957,212,-1750,1103,477,0,0
-3462,-773,-305,-1397,3748,1145,0,0
-4937,-1096,261,-2038,8140,2476,0,0
-6848,611,611,-1853,14243,3581,0,0
-8987,1274,-737,-646,13702,609,0,0
-9071,-1497,-728,842,10088,-798,0,0
-7815,-2883,1443,-1467,11670,-1084,0,0
-7298,3288,2363,2048,14236,-5092,0,0
-6651,275,-347,1093,8944,-11596,0,0
-3802,-121,-888,-4137,373,-11899,0,0
-173,4759,668,3185,-113,-14455,0,0
2522,425,-1089,4463,3092,-11056,0,0
4584,813,-930,4847,6836,-6807,0,0
6346,3481,2077,5472,10306,-5816,0,0
7898,856,4623,2990,18949,-5659,0,0
9016,-2599,6269,-826,24793,-2089,0,0
8239,-2299,3978,-3004,17066,-1948,0,0
7385,-1892,630,-516,13770,-1097,0,0
6237,-2288,-446,-88,9764,710,0,0
3884,-758,-499,-1001,2531,2647,0,0
938,340,-268,-532,-1340,841,0,0
-898,-1285,-174,-1222,-608,-852,0,0
-2044,-1858,-59,-1511,1110,-954,0,0
-3055,-1528,126,-2379,3468,864,0,0
-4566,-138,-249,-3318,6660,3513,0,0
-6515,-634,-478,-767,12883,1830,0,0
-7893,-1975,707,-2849,13542,3045,0,0
-8234,1794,1399,-2275,11620,1468,0,0
-7788,2754,10,1004,11006,-2544,0,0
-7823,-707,-398,1044,13316,-5026,0,0
-6695,-612,-516,741,10421,-9234,0,0
-4013,1249,-872,-623,650,-12493,0,0
-623,3716,163,2647,-83,-11958,0,0
2024,1959,-300,4409,3251,-9989,0,0
4198,546,875,5812,6551,-7572,0,0
6282,908,3290,6616,10574,-6669,0,0
7973,-17,4943,4270,17035,-5964,0,0
9004,-1526,6240,604,22902,-2999,0,0
8232,-2017,4912,-1750,18613,-2279,0,0
7258,-2197,1421,-609,12469,-1079,0,0
6280,-2365,-237,-571,8645,268,0,0
4526,-1674,-1225,-1475,4356,2197,0,0
2152,-599,-1040,-1393,-191,2109,0,0
-69,-1019,-123,-1116,-1898,241,0,0
-1474,-1776,-202,-1770,59,-974,0,0
-2614,-1216,195,-1083,2013,-954,0,0
-3721,-401,545,-1048,3913,615,0,0
-5209,-413,639,-2097,8556,1196,0,0
-6595,-646,312,-1486,13704,2236,0,0
-8287,-517,48,-1092,13880,1509,0,0
-8416,-686,1272,405,11235,-950,0,0
-7536,911,2082,-380,11130,-2475,0,0
-7775,4293,596,2758,13238,-7389,0,0
-6769,305,-2715,1813,8516,-13283,0,0
-3207,467,-1465,-2936,83,-11673,0,0
653,5038,985,4210,1872,-13982,0,0
3753,-788,-111,4071,4508,-9129,0,0
5887,21,856,2797,7769,-5039,0,0
7231,1611,3176,4467,12351,-5977,0,0
8548,-806,3877,1498,16906,-3646,0,0
9207,-693,5303,-297,21575,-3454,0,0
8690,-906,3938,-1496,16226,-1875,0,0
7028,-2095,987,-813,8579,-531,0,0
4676,-3239,-2284,-1097,7899,2669,0,0
1559,-209,-2263,-1815,1910,2854,0,0
-217,133,-38,-2126,-2578,-1034,0,0
-980,-1760,224,-3966,-1346,-2552,0,0
-1561,-740,214,-3281,1162,-2212,0,0
-2410,20,106,-740,2740,-2570,0,0
-3005,-2482,576,-782,4716,-739,0,0
-4037,-1752,1412,-1619,7738,2058,0,0
-6118,771,1012,-383,12191,1723,0,0
-7840,970,695,62,11021,1258,0,0
-8693,724,824,1146,9054,-431,0,0
-7587,-265,534,-1590,9324,-2031,0,0
-6536,2269,521,-1528,10816,-1480,0,0
-6258,5255,-87,2723,11250,-7334,0,0
-4059,815,-1389,984,3546,-13065,0,0
-892,959,-857,3366,-753,-15679,0,0
2700,600,-550,6470,2540,-12048,0,0
5773,679,1502,7374,7458,-7237,0,0
7453,253,3469,6493,11313,-5352,0,0
8793,-300,4767,2597,20455,-3466,0,0
8069,-1556,5287,-806,21867,-3791,0,0
7032,-3897,2229,-1943,16734,-2453,0,0
6814,-2986,-484,-1264,11991,-543,0,0
6030,-1713,-1834,-891,8562,1902,0,0
3512,490,-1841,-636,2249,3689,0,0
685,346,-220,-796,-1430,1475,0,0
-956,-1117,649,-2595,-684,-975,0,0
-2022,-893,284,-2918,920,-2103,0,0
-2796,506,175,-1232,2766,-1513,0,0
-3498,-535,508,-1205,5193,82,0,0
-4489,-429,476,-2173,8898,3792,0,0
-6989,584,-469,-523,13506,1406,0,0
-8263,-32,-312,-1216,12125,298,0,0
-7617,-2280,1193,-208,10382,511,0,0
-7027,1540,1423,687,11249,-2122,0,0
-7124,1200,72,2013,12264,-5522,0,0
-6432,-445,-997,470,7332,-8061,0,0
-3762,2666,-669,-835,420,-9675,0,0
-927,4812,336,4228,-23,-11741,0,0
1132,366,-737,4055,1731,-9426,0,0
2498,-2,-1378,5654,4276,-8247,0,0
4543,44,774,4493,7259,-6264,0,0
7057,642,3966,1502,17054,-5714,0,0
8922,-725,5233,50,26714,-4871,0,0
9857,-3576,3806,-1410,26220,-1377,0,0
9378,-759,1955,-874,17581,-401,0,0
7907,-660,728,206,12687,982,0,0
5725,-2061,-722,-818,7635,3719,0,0
3079,-73,-755,-1707,1704,3729,0,0
553,791,343,-1033,-1953,1606,0,0
-1076,-1729,197,-2090,-686,1174,0,0
-2532,-1442,-76,-2417,1911,1974,0,0
-4088,-35,155,-1152,4978,1011,0,0
-5026,-607,918,-1733,9072,2037,0,0
-6720,827,916,-1714,13696,1964,0,0
-8239,1755,-581,-393,14425,312,0,0
-8213,-850,-575,779,12388,-859,0,0
-7875,-263,1145,-630,10595,-3008,0,0
-7419,2903,259,2935,9869,-8613,0,0
-5664,282,-1857,1773,6422,-13840,0,0
-2016,2700,-792,1759,399,-15256,0,0
2236,3402,752,7933,3811,-15084,0,0
6006,-870,1975,6683,9168,-8629,0,0
8652,1359,5243,5669,13927,-5276,0,0
9106,548,6905,3949,18411,-3978,0,0
7712,-3465,5764,1257,17605,-1911,0,0
6361,-4978,1695,534,13851,-905,0,0
5799,-3280,-1552,506,11579,-94,0,0
4916,-2071,-1849,206,7065,731,0,0
3368,-1315,-1538,-433,1375,2417,0,0
1252,-485,-678,-822,-2092,2703,0,0
-859,-266,151,-1186,-2751,-430,0,0
-2077,-970,207,-1642,-556,-1871,0,0
-3062,-710,65,-1420,2159,-866,0,0
-3864,-634,434,-1787,4689,-308,0,0
-4543,101,272,-3109,7095,1941,0,0
-6294,141,-744,-1917,11530,2227,0,0
-7785,-1786,-39,-2156,14482,1444,0,0
-7940,-1740,2066,-1537,16103,1322,0,0
-7354,1454,1831,-2031,14676,-1274,0,0
-7125,3274,-549,709,11771,-7070,0,0
-5971,2557,-1166,3222,5306,-10927,0,0
-2839,1769,-553,2498,4180,-12319,0,0
-116,1251,-674,3597,1173,-13432,0,0
2999,-609,-476,3132,3185,-8639,0,0
5848,640,1770,4612,9929,-7222,0,0
8143,417,4503,6540,13572,-5692,0,0
9595,-1436,6638,5169,15535,-3805,0,0
9676,-3291,6044,1457,15661,-1135,0,0
8049,-2417,1842,1736,13720,-253,0,0
5978,-2534,-1670,338,10410,993,0,0
3447,-2388,-2890,-1076,6196,683,0,0
1618,-1913,-1672,-3081,-232,2722,0,0
211,300,262,-3197,-2162,130,0,0
-1316,-201,637,-1701,268,-2668,0,0
-2412,-2506,135,-2107,1296,-1881,0,0
-3044,-1809,530,-2836,3302,-1758,0,0
-3673,445,724,-2143,5248,-763,0,0
-4659,730,265,-1032,8489,529,0,0
-8176,352,258,-684,11957,1069,0,0
-7302,1309,642,-351,12738,1697,0,0
-8236,2157,559,512,10137,-331,0,0
-7878,1176,-728,-556,9528,-3055,0,0
-7520,2577,-2185,2478,11170,-6889,0,0
-5965,1219,-2846,5198,7666,-14464,0,0
-1939,484,-1711,3764,2200,-17307,0,0
2950,1461,825,7285,5463,-14232,0,0
7070,281,3291,5636,13006,-8302,0,0
9346,2054,6498,4755,17281,-5546,0,0
10051,-989,8438,2228,24340,-3592,0,0
9436,-3270,6643,-1053,18241,-271,0,0
7671,-4014,1875,1038,11765,-719,0,0
6305,-4286,-2368,1149,9925,2877,0,0
3229,-2995,-3682,431,5587,4338,0,0
289,-712,-1905,-2505,-3297,3152,0,0
-1447,660,901,-1326,-3832,-2370,0,0
-1829,-2652,1012,-3317,-143,-3765,0,0
-2324,-1419,577,-2770,1773,-3116,0,0
-3023,-125,548,-951,2797,-2354,0,0
-3639,-483,874,-2174,3916,537,0,0
-4799,641,428,-769,8474,3117,0,0
-6812,-802,-185,-1011,14620,2587,0,0
-8263,-1318,1269,-843,14110,2403,0,0
-8182,661,2629,-1103,12757,1175,0,0
-7614,3273,1661,-1075,11750,-2430,0,0
-7811,3569,-1107,2741,13056,-10390,0,0
-6042,419,-3494,1007,6758,-19530,0,0
-468,3038,-1416,3926,1409,-17509,0,0
4778,1178,1334,7420,7102,-11136,0,0
7674,-1257,2298,5843,13750,-5906,0,0
9460,768,4768,5537,18213,-4922,0,0
10710,-1611,6805,1528,23591,-2457,0,0
9747,-2309,5667,-1680,16174,-844,0,0
7657,-2939,200,-271,11886,-785,0,0
5748,-3301,-3734,-140,11768,3958,0,0
3185,-1878,-3127,-219,3762,4422,0,0
1191,308,-408,-1990,-4597,3828,0,0
-1203,232,1634,-3568,-3611,-128,0,0
-2160,-2300,1005,-3046,208,-2042,0,0
-2631,-1063,1134,-2211,2621,-1867,0,0
-3502,510,1209,-1581,4224,-1508,0,0
-4339,407,539,-1205,5600,-247,0,0
-5308,191,66,-740,9440,923,0,0
-6283,988,378,-1578,14614,3935,0,0
-8391,3763,241,-261,16271,1738,0,0
-8955,3258,-934,-39,12357,-2273,0,0
-7054,252,-1868,997,10799,-3807,0,0
-6058,1343,-1883,3031,10262,-7969,0,0
-4506,870,-1879,2518,5943,-10348,0,0
-2126,1673,-1396,4946,-268,-14927,0,0
1780,532,-452,7481,3022,-13515,0,0
5194,-1041,941,6936,8942,-9018,0,0
7886,372,3618,5162,13247,-5670,0,0
9478,63,5985,1731,21851,-4289,0,0
9608,-1555,6031,-822,23270,-2053,0,0
8305,-2839,2951,-1105,16167,-1274,0,0
7118,-2509,-627,-626,10820,902,0,0
5097,-1856,-1505,-762,7099,2782,0,0
2929,-1125,-1322,-921,2043,3276,0,0
859,-467,-252,-1486,-1726,1646,0,0
-853,-658,722,-1946,-1468,-1215,0,0
-1974,-561,365,-2415,730,-2401,0,0
-2777,770,-261,-982,2039,-1081,0,0
-3492,-144,-101,-374,3565,-1267,0,0
-3878,-1590,246,-1681,6098,-46,0,0
-4946,240,-210,-2423,9648,3792,0,0
-7180,1170,-1054,-606,13857,1691,0,0
-8369,-994,-113,-770,12298,-750,0,0
-7444,-1317,1783,-909,10230,-511,0,0
-7066,1894,847,-395,10271,-5645,0,0
-6458,2696,-1621,1480,8380,-12474,0,0
-3660,910,-2058,1318,3102,-16561,0,0
1393,2940,-121,5990,3672,-15768,0,0
5714,170,1761,6707,7457,-9515,0,0
8750,1469,4793,6317,12840,-4740,0,0
9243,443,7425,3581,17221,-4009,0,0
7550,-3234,5456,-297,14054,-2045,0,0
6411,-3412,1341,1000,13350,-999,0,0
6049,-3686,-1586,-98,11125,297,0,0
4830,-1505,-2373,-221,7536,1353,0,0
2086,-608,-852,-1804,227,3032,0,0
-40,-515,4,-3237,-1590,470,0,0
-1212,-435,-431,-2633,-1030,-1677,0,0
-1790,-897,597,-2256,1390,-1388,0,0
-2749,-34,901,-1680,3566,-963,0,0
-3784,-979,545,-1481,5306,-1545,0,0
-4339,-2487,636,-3070,6477,-141,0,0
-5000,-665,848,-1853,10211,2425,0,0
-6559,1250,542,-417,13635,1782,0,0
-8123,1917,302,549,13823,-187,0,0
-8019,1542,100,-354,13560,-691,0,0
-7693,3273,-261,2846,11944,-5358,0,0
-6856,1742,-2193,3292,6423,-14265,0,0
-3483,1290,-2392,714,2232,-15803,0,0
1382,3057,235,5980,3375,-12172,0,0
4655,-1379,1665,4495,6304,-6758,0,0
6452,-160,2730,4298,9518,-4724,0,0
7837,936,4849,4660,13990,-5470,0,0
9509,-2383,6116,964,20027,-3327,0,0
9426,-2789,5080,149,16471,-1825,0,0
7663,-2785,1541,674,11546,-759,0,0
5742,-2141,-1647,11,8222,964,0,0
3465,-1120,-2383,-253,5561,2167,0,0
1260,-994,-1655,-1827,680,3876,0,0
-730,312,-417,-2392,-1002,1362,0,0
-2043,-555,385,-2683,291,-538,0,0
-2995,-996,501,-2799,2242,-420,0,0
-4051,-579,152,-1351,4229,-438,0,0
-4841,-1587,206,-1925,7318,860,0,0
-6028,-784,320,-2881,11729,1969,0,0
-7557,-36,294,-298,15800,1426,0,0
-8366,-2216,829,-1776,15325,643,0,0
-7556,-1439,1855,-1800,14480,-120,0,0
-7050,3298,1575,-54,13606,-5919,0,0
-6318,4502,-1083,3198,6891,-15278,0,0
-3160,-391,-2278,14,1151,-17634,0,0
1816,1171,-771,2862,5626,-14950,0,0
6236,788,1072,4605,10093,-9465,0,0
9168,1468,3419,2838,14307,-3986,0,0
9958,2260,5797,1675,18505,-3145,0,0
9450,-2229,5278,-2687,16978,-518,0,0
7876,-3345,554,-2751,13388,156,0,0
6700,-1529,-2374,-495,13607,1041,0,0
5376,-498,-1251,-566,5817,2273,0,0
3335,-435,-50,-983,-151,2438,0,0
1458,-790,363,-1486,-2597,2561,0,0
-277,-105,1230,-1373,-2448,995,0,0
-1793,-432,1404,-990,-1012,-544,0,0
