107,-26,-25,3698,213,-1301,0,0
88,-26,-23,3704,205,-1288,0,0
71,-21,-23,3671,198,-1270,0,0
71,-9,-23,3707,194,-1262,0,0
83,8,-11,3682,178,-1282,0,0
74,18,-7,3676,172,-1290,0,0
58,21,-16,3695,171,-1312,0,0
59,23,2,3697,172,-1315,0,0
55,23,13,3685,151,-1325,0,0
32,20,15,3685,169,-1339,0,0
37,15,27,3684,158,-1342,0,0
23,7,34,3675,164,-1337,0,0
10,2,32,3675,183,-1332,0,0
19,2,31,3688,194,-1331,0,0
23,3,28,3684,188,-1337,0,0
5,-1,17,3665,191,-1327,0,0
-1,0,7,3659,185,-1318,0,0
-19,17,4,3675,151,-1386,0,0
-47,35,-10,3653,140,-1560,0,0
-41,0,17,3757,-16,-1869,0,0
-180,-123,112,3860,-154,-2609,0,0
-439,-319,125,3701,-129,-3816,0,0
-514,-650,42,3909,109,-4685,0,0
-664,-3280,137,4283,542,-4743,0,0
-761,-1889,86,3981,1425,-4159,0,0
-42,-2380,-227,3851,1512,-3494,0,0
359,-2629,-565,3663,1204,-2802,0,0
416,-2731,-854,3151,958,-2336,0,0
611,-2776,-831,3259,633,-2093,0,0
942,-2740,-533,3004,695,-2016,0,0
1471,-2579,-433,2565,281,-2169,0,0
1321,-2389,-331,2450,-48,-2162,0,0
900,-2147,-316,1620,-25,-2806,0,0
993,-1973,-165,1182,-56,-3149,0,0
1205,-1803,62,592,-223,-3185,0,0
1299,-1598,134,181,-718,-2883,0,0
1024,-1427,151,86,-1082,-2732,0,0
587,-1199,220,-541,-1088,-2598,0,0
417,-992,205,-810,-1208,-2654,0,0
430,-776,124,-1165,-1392,-2860,0,0
250,-608,238,-1207,-1254,-2745,0,0
281,-386,139,-1613,-1218,-3026,0,0
381,-169,49,-1717,-1433,-3524,0,0
294,-25,1,-1802,-1434,-3961,0,0
134,85,-127,-1933,-1724,-4364,0,0
124,129,-125,-1820,-1940,-4843,0,0
-197,180,-95,-1813,-2126,-4758,0,0
-640,243,-269,-1626,-1434,-4764,0,0
-1362,270,-658,-653,-1006,-3524,0,0
-4411,710,-1082,-27,-1022,-1759,0,0
-5872,1789,-1236,-886,-17,-3419,0,0
-839,2203,314,-469,603,-4589,0,0
4943,2645,1674,2364,-2064,-4214,0,0
4971,3490,1415,5348,-3517,-3893,0,0
2849,4219,18,7255,-3058,-3483,0,0
262,4811,-1081,9403,-411,-1377,0,0
-47,5397,-1177,9469,849,-2366,0,0
-2333,5500,-196,4481,1508,-3142,0,0
-3227,4902,814,2133,3353,-4587,0,0
-1294,3215,774,1888,-595,-2223,0,0
-4055,2920,266,2149,-77,-2651,0,0
-4843,2708,-166,730,872,-3223,0,0
-3064,2072,-177,1610,1698,-3431,0,0
-299,1233,-196,1159,1347,-3881,0,0
1421,572,-291,-410,622,-3723,0,0
1907,-90,-437,-587,-1401,-3133,0,0
223,-645,-318,-13,-1337,-2287,0,0
-170,-945,318,7138,1276,-2096,0,0
3178,-1314,989,16581,359,-838,0,0
4216,-1861,517,12940,-2116,305,0,0
1540,-1643,-477,5464,-3186,-563,0,0
-575,-1482,-620,4826,396,-911,0,0
1347,-1677,-311,3252,-132,-1613,0,0
1581,-2083,-321,2218,-1226,-2098,0,0
-404,-2423,-228,3316,-1039,-2063,0,0
-1496,-2630,-11,5042,375,-1986,0,0
-359,-2707,-28,4350,517,-1765,0,0
291,-2633,-110,3695,-497,-1800,0,0
-676,-2478,-268,3679,-539,-2325,0,0
-877,-2319,-523,2779,247,-2316,0,0
251,-2185,-452,2776,-172,-2614,0,0
930,-2127,-341,2599,-97,-2958,0,0
1583,-2217,-472,2092,-492,-2662,0,0
1883,-2287,-392,1859,-496,-2389,0,0
2027,-2262,-75,2204,-951,-2046,0,0
1422,-1976,237,1766,-1499,-2400,0,0
258,-1637,184,214,-1604,-2727,0,0
-163,-1378,173,-96,-1161,-2775,0,0
521,-1086,363,-403,-1279,-3277,0,0
970,-868,301,-517,-1771,-3120,0,0
782,-744,187,-638,-1931,-2939,0,0
19,-607,205,-1018,-1724,-3028,0,0
-124,-395,187,-1246,-1695,-2980,0,0
-14,-226,112,-1319,-2034,-3126,0,0
-95,-49,145,-1258,-1883,-3574,0,0
429,157,147,-1540,-2063,-4151,0,0
780,264,165,-1610,-2079,-4403,0,0
851,274,95,-1535,-2355,-4667,0,0
484,234,-13,-1381,-2830,-4936,0,0
49,231,-23,-1300,-2953,-4977,0,0
78,212,47,-1358,-2889,-4901,0,0
25,123,245,-1240,-2794,-4055,0,0
-1233,277,319,-776,-2203,-3966,0,0
-3669,433,260,-649,-1648,-2805,0,0
-6914,828,224,-320,786,200,0,0
-4062,1877,-46,1066,2078,-1504,0,0
1597,2753,426,3213,-1313,-3466,0,0
2936,3403,1075,4636,-3431,-2206,0,0
2777,4427,769,6108,-1687,-3201,0,0
5161,5172,66,10411,-3641,-2519,0,0
3649,5444,-764,12537,-3221,-3231,0,0
-405,5252,-1613,7968,-339,-5380,0,0
-1131,4124,-2188,1084,-1920,-3850,0,0
-3434,3197,-1737,-1541,-2420,-2687,0,0
-5125,2571,71,1966,-428,-2683,0,0
-4314,2138,1009,1571,1209,-2709,0,0
-1897,1546,1347,1134,1395,-3682,0,0
-742,601,1325,1064,-508,-3103,0,0
-2675,115,915,-270,322,-2309,0,0
-2310,-277,611,-188,1426,-2302,0,0
-610,-751,254,673,726,-1341,0,0
254,-1041,95,5511,585,-50,0,0
1057,-885,-122,14432,640,819,0,0
2569,-624,-1343,14014,-1445,301,0,0
1807,-675,-2107,5869,-5070,-143,0,0
-2583,-567,-1890,2594,-2190,-761,0,0
208,-718,-1085,1279,-1225,-1472,0,0
2380,-1100,-346,1613,-2745,-1640,0,0
1279,-1405,-212,2478,-1779,-1547,0,0
1177,-1446,-196,5004,-588,-1955,0,0
1423,-1490,127,5644,-1102,-1832,0,0
28,-1472,193,3522,-944,-1580,0,0
-992,-1351,-55,3254,-199,-1698,0,0
-786,-1292,-408,3330,101,-2061,0,0
-133,-1233,-385,3165,120,-2559,0,0
434,-1310,-236,3173,230,-2643,0,0
688,-1415,-306,3412,-59,-2790,0,0
514,-1581,-393,3637,-243,-2903,0,0
386,-1762,-480,3711,-218,-3074,0,0
633,-1920,-686,3982,-179,-3255,0,0
891,-2116,-849,3318,-513,-3418,0,0
834,-2264,-903,2489,-752,-3135,0,0
890,-2281,-705,2185,-853,-2861,0,0
1207,-2246,-309,1979,-1094,-2669,0,0
1186,-2080,18,1483,-1214,-2601,0,0
1029,-1862,181,861,-1464,-2401,0,0
755,-1571,300,344,-1079,-2372,0,0
1045,-1339,429,174,-1503,-2283,0,0
574,-1061,484,60,-1410,-2308,0,0
194,-672,390,-230,-1519,-2688,0,0
131,-353,317,-658,-1331,-3333,0,0
552,-274,260,-693,-1708,-3604,0,0
658,-327,186,-759,-2021,-4036,0,0
611,-422,198,-639,-2375,-4139,0,0
236,-403,217,-787,-2581,-4058,0,0
-47,-290,290,-1019,-2189,-3617,0,0
-6,-118,204,-1290,-2260,-3894,0,0
116,60,96,-1278,-2329,-4225,0,0
535,189,-28,-1133,-2666,-4384,0,0
677,204,-71,-1238,-3166,-4521,0,0
334,137,41,-1349,-3334,-4043,0,0
-418,197,188,-1023,-3006,-2975,0,0
-2311,578,314,-494,-2958,-967,0,0
-4204,1384,135,201,-1902,-2079,0,0
-982,1859,524,1054,-2673,-3143,0,0
-239,2275,1311,2563,-2837,-3076,0,0
-1459,2814,1341,3859,-391,-3208,0,0
-1056,3494,999,4967,1817,-5495,0,0
779,3686,417,5775,1775,-5522,0,0
-290,3928,273,8404,-496,-1541,0,0
-3503,4416,321,7479,856,-2371,0,0
-3991,4282,729,2386,1094,-3321,0,0
-899,3850,1095,659,268,-2202,0,0
663,3008,1042,1815,-1605,-2642,0,0
-521,2240,1045,864,-641,-3421,0,0
-787,1680,719,622,1466,-2797,0,0
1519,1316,-27,1215,1041,-2607,0,0
3006,1061,-164,543,-9,-2536,0,0
2660,708,-25,-140,316,-2630,0,0
2137,239,-165,1161,48,-2003,0,0
2113,-294,656,7719,188,-1559,0,0
2344,-790,1981,13156,2045,-99,0,0
4488,-1087,1001,10488,621,-209,0,0
2676,-1366,-513,4638,-659,345,0,0
-1938,-1361,-446,3498,-698,983,0,0
-351,-1092,-72,2424,-570,-449,0,0
731,-1120,95,2525,-1593,-481,0,0
156,-1110,239,3330,-1527,-171,0,0
-440,-985,235,3818,-1085,-481,0,0
-522,-829,351,4410,-814,-1019,0,0
-519,-788,207,3917,-991,-1579,0,0
-686,-896,27,3817,-1215,-2413,0,0
-737,-1191,-173,3786,-1025,-3155,0,0
-499,-1527,-114,3685,-1018,-3427,0,0
-236,-1864,-4,3818,-593,-3568,0,0
-79,-2148,-119,3423,-750,-3423,0,0
-192,-2307,-123,3564,-496,-3034,0,0
43,-2433,-136,2986,-314,-2819,0,0
339,-2468,-207,2605,-463,-2591,0,0
438,-2412,-178,2500,-428,-2231,0,0
493,-2268,-130,2413,-607,-2238,0,0
237,-2075,-118,1928,-634,-2453,0,0
369,-1875,-138,1365,-870,-2512,0,0
375,-1619,46,1125,-1046,-2890,0,0
463,-1445,182,909,-992,-3187,0,0
587,-1286,162,489,-1027,-3221,0,0
1166,-1098,128,353,-1271,-3493,0,0
1076,-1054,235,-113,-2167,-3293,0,0
200,-946,349,-157,-1541,-3124,0,0
281,-757,380,-524,-1534,-3133,0,0
58,-541,349,-817,-1654,-3250,0,0
-89,-368,336,-938,-1306,-3300,0,0
-13,-192,227,-1043,-1452,-3555,0,0
-93,-14,162,-858,-1373,-3963,0,0
320,156,31,-968,-1613,-4469,0,0
552,221,-41,-968,-2056,-4743,0,0
346,212,-35,-1031,-2303,-5074,0,0
23,123,-47,-990,-2407,-5095,0,0
-189,20,-25,-1078,-2516,-4873,0,0
-668,-48,97,-1264,-2954,-4442,0,0
-1430,15,322,-794,-3077,-4264,0,0
-1905,221,698,-534,-3467,-3915,0,0
-2086,457,1249,139,-2705,-2832,0,0
-1679,987,1695,443,-2034,-2065,0,0
-914,1736,1853,1603,-1029,-2990,0,0
984,2396,1730,2437,-23,-4692,0,0
2082,2804,1537,4016,-2472,-4859,0,0
-1415,2967,1897,4932,-119,-5342,0,0
-1536,3073,1961,5461,1992,-3382,0,0
-515,3729,1452,5503,1340,-915,0,0
-486,4153,1086,2520,1619,-1727,0,0
94,3667,1684,1387,2956,-99,0,0
3000,3533,992,1814,1335,-118,0,0
3307,3323,14,1657,-756,-1216,0,0
1194,2946,-648,1120,-818,-2076,0,0
-1018,2524,-807,1457,-1026,-2779,0,0
-2521,1997,-579,1214,112,-3388,0,0
-1700,1437,-565,9,766,-4576,0,0
665,509,-448,1801,548,-4572,0,0
3194,-329,-163,8555,1054,-4172,0,0
6598,-1476,153,13975,-1664,-3276,0,0
5609,-2890,598,12794,-3940,-3185,0,0
1011,-3299,578,7299,-2505,-1508,0,0
-2172,-3252,152,5008,-152,207,0,0
-1203,-3081,-113,3741,-178,-30,0,0
-14,-2814,300,3500,-13,-643,0,0
419,-2503,399,4047,28,-736,0,0
261,-2161,126,3516,-768,-991,0,0
-493,-1823,-178,2801,-787,-1971,0,0
-597,-1644,-342,2460,-657,-2275,0,0
-242,-1438,-219,2266,-630,-2993,0,0
122,-1390,-97,2020,-341,-3444,0,0
424,-1434,-262,1786,-756,-2940,0,0
225,-1405,-322,1522,-715,-3045,0,0
257,-1440,-310,1217,-456,-3051,0,0
511,-1464,-365,934,-669,-2808,0,0
673,-1487,-341,785,-895,-2413,0,0
520,-1399,-228,686,-875,-2370,0,0
428,-1160,-215,258,-969,-2700,0,0
447,-952,-132,175,-1082,-2894,0,0
469,-730,-32,39,-1136,-3194,0,0
814,-507,-78,-237,-1214,-3741,0,0
1142,-510,-22,73,-2127,-3948,0,0
512,-625,85,-57,-1949,-3886,0,0
95,-629,134,-242,-1910,-3701,0,0
-102,-533,119,-444,-1795,-3817,0,0
-114,-488,143,-522,-1650,-3650,0,0
127,-390,150,-594,-1602,-3634,0,0
386,-220,87,-681,-1899,-3770,0,0
312,-76,6,-906,-2236,-4112,0,0
164,-56,98,-893,-2118,-3850,0,0
174,60,77,-819,-2033,-4215,0,0
219,110,27,-651,-2172,-4230,0,0
313,159,-3,-715,-2373,-4656,0,0
245,84,-41,-794,-2821,-4682,0,0
103,16,30,-867,-3048,-4694,0,0
88,-40,225,-980,-3750,-4617,0,0
-26,4,439,-823,-3875,-4533,0,0
976,92,826,-499,-4834,-3598,0,0
702,405,1464,-60,-5010,-2327,0,0
-794,970,1999,633,-3038,-1867,0,0
-1073,1551,2082,872,-1496,-2081,0,0
-394,2096,1712,1159,-802,-2824,0,0
638,2600,1017,2076,-470,-4145,0,0
1432,2885,210,3888,-1160,-3036,0,0
-68,3533,-816,5505,133,-1608,0,0
-440,4562,-1556,6732,104,-3401,0,0
-1691,4495,-1092,5378,-1647,-4865,0,0
-4538,3646,36,2003,-1833,-2563,0,0
-6544,2929,1678,945,-65,-1913,0,0
-5672,1850,2846,1956,1782,-815,0,0
-4301,1560,2737,1573,3097,-2400,0,0
-1564,1923,1539,669,3420,-566,0,0
1584,2181,528,1080,2805,-231,0,0
2837,2401,-524,1062,1191,-573,0,0
2051,2602,-1306,419,58,-2081,0,0
958,1848,-1154,2741,-467,-4161,0,0
-389,276,-228,10468,1928,-3703,0,0
1732,-782,-23,14270,1942,-1416,0,0
6656,-3320,-195,9307,-109,-2366,0,0
8426,-1647,-33,3391,-3005,-1385,0,0
2541,-1572,331,4185,-953,-1051,0,0
327,-1742,401,3778,-297,-1068,0,0
523,-1943,531,2911,209,-1293,0,0
900,-2008,558,3458,-9,-1550,0,0
671,-2021,388,4216,-272,-1825,0,0
183,-2024,45,3927,-357,-2127,0,0
-249,-1965,-302,2942,-692,-2442,0,0
-278,-1977,-405,3105,-242,-2597,0,0
337,-2008,-449,2908,-384,-2848,0,0
594,-2031,-480,2480,-787,-2662,0,0
228,-2006,-509,2506,-595,-2436,0,0
379,-1890,-690,2168,-698,-2877,0,0
383,-1892,-575,2105,-990,-2720,0,0
143,-1838,-546,1619,-860,-2744,0,0
346,-1711,-337,1329,-979,-2853,0,0
477,-1529,-163,1060,-908,-3003,0,0
614,-1382,-62,821,-1106,-3164,0,0
549,-1238,20,573,-702,-3206,0,0
1122,-1058,-1,362,-1202,-3361,0,0
1082,-975,108,206,-1586,-3334,0,0
720,-859,108,80,-1738,-3533,0,0
649,-748,51,-264,-1893,-3500,0,0
737,-2664,156,-521,-2061,-3402,0,0
720,-486,271,-554,-2196,-3368,0,0
340,-377,247,-710,-2102,-3215,0,0
2,-233,104,-806,-2164,-3321,0,0
-160,-37,43,-944,-2066,-3636,0,0
131,111,-24,-1031,-2394,-3931,0,0
175,183,32,-880,-2539,-4381,0,0
-18,179,102,-1006,-2559,-4265,0,0
-232,289,49,-1138,-2207,-4940,0,0
307,180,89,-941,-2550,-4862,0,0
111,65,146,-833,-2823,-4572,0,0
-594,-11,168,-796,-2983,-4127,0,0
-1741,-70,238,-163,-3954,-2826,0,0
-5037,117,649,353,-3897,-751,0,0
-7907,941,930,-35,-1439,-1169,0,0
-5144,1601,1775,943,830,-3096,0,0
1614,1777,2790,3629,2364,-3661,0,0
6366,2464,2552,3722,-306,-3476,0,0
5280,3275,1392,4982,-2190,-4178,0,0
1505,3797,612,7716,-1461,-2387,0,0
-1067,4548,297,8827,1023,-6346,0,0
-330,4117,151,7326,-84,-4500,0,0
-2095,3813,126,3086,20,-2246,0,0
-4011,3568,958,410,945,-1369,0,0
-3424,2987,1581,809,3498,-1081,0,0
92,2613,741,816,2010,-2949,0,0
1225,2138,-29,85,149,-3589,0,0
567,1353,-504,747,369,-3087,0,0
424,764,-782,244,129,-3073,0,0
1218,303,-743,-315,541,-3368,0,0
2787,-354,-403,807,-633,-2959,0,0
3394,-990,208,5989,-746,-2432,0,0
3416,-1316,965,15400,-1054,-1555,0,0
2103,-1820,748,12393,-30,-494,0,0
1861,-1578,-192,6405,-2704,-292,0,0
-788,-1451,-341,3526,-1634,30,0,0
-508,-1314,-2,2003,-735,-889,0,0
735,-1289,184,1837,-1089,-2151,0,0
758,-1555,394,3421,-1042,-2407,0,0
337,-1911,372,4302,-662,-2485,0,0
-173,-2146,199,3709,-588,-2349,0,0
-724,-2204,-97,3558,8,-1643,0,0
-918,-1999,-469,2848,-621,-842,0,0
-1100,-1521,-500,2817,257,-1732,0,0
-155,-1257,-533,2598,-335,-2894,0,0
44,-1374,-543,2863,-727,-3328,0,0
2,-1699,-621,2572,-770,-3926,0,0
135,-1916,-554,2297,-837,-3914,0,0
458,-2030,-409,2120,-389,-3440,0,0
955,-2009,-316,1717,-803,-3011,0,0
850,-1847,-133,1323,-543,-2975,0,0
1107,-1642,-2,1085,-939,-3178,0,0
1138,-1414,163,744,-587,-2884,0,0
1788,-1034,199,579,-619,-2993,0,0
1834,-828,148,320,-1407,-2814,0,0
661,-662,-26,107,-1620,-3524,0,0
-434,-752,-143,-74,-2355,-3619,0,0
-1224,-843,-127,-453,-1898,-3720,0,0
-679,-872,330,-654,-1781,-3090,0,0
-474,-682,536,-809,-1253,-2869,0,0
-240,-424,386,-806,-1294,-2977,0,0
-67,-96,284,-756,-982,-3212,0,0
247,213,62,-824,-1174,-3608,0,0
431,452,-128,-900,-1439,-4387,0,0
540,491,-64,-952,-1697,-6832,0,0
626,449,55,-931,-2036,-5131,0,0
143,332,176,-872,-2004,-5266,0,0
-265,183,199,-791,-1704,-5090,0,0
-302,85,176,-775,-1834,-4495,0,0
-316,140,182,-558,-1913,-3794,0,0
-851,360,367,-565,-2020,-2604,0,0
-2376,848,659,2,-1892,-460,0,0
-3644,1615,897,1398,-1422,654,0,0
-4426,2656,1263,3503,-33,686,0,0
-2784,3705,1649,6184,925,-1089,0,0
229,4340,2022,7728,484,-3086,0,0
3792,4710,1673,8313,-954,-4442,0,0
5037,5136,1222,12950,-2911,-3271,0,0
3641,5370,430,13760,-1347,-2855,0,0
3308,5043,-471,11890,-1819,-3216,0,0
1829,4044,-1491,7476,-1391,-4770,0,0
803,2716,-1998,2379,-2616,-5675,0,0
-2647,1694,-1491,-2247,-3118,-4018,0,0
-4476,968,-685,-517,223,-3800,0,0
-1749,367,-513,1052,123,-4832,0,0
123,-402,-384,-170,-604,-3992,0,0
327,-911,5,-729,-747,-2857,0,0
168,-1211,309,-572,-490,-2122,0,0
484,-1488,425,-103,244,-1661,0,0
1334,-1830,560,598,118,-1099,0,0
1769,-1997,1366,5397,-399,-1863,0,0
1356,-1996,2647,17601,-1042,-2805,0,0
-1478,-2634,1880,13950,-1029,80,0,0
-2428,-2142,-1533,5275,-3602,107,0,0
-1564,-1847,-2091,3424,-1526,-968,0,0
1991,-1823,-599,2707,-1039,-1883,0,0
2760,-3928,464,3170,-2606,-2879,0,0
-397,-2155,278,3503,-1645,-2525,0,0
-1549,-2348,-85,3366,-667,-2283,0,0
-1204,-2311,-102,2815,-483,-2362,0,0
-888,-2145,-219,2512,-291,-2378,0,0
-569,-1905,-570,2160,-306,-3032,0,0
-137,-1869,-799,2292,-433,-3380,0,0
73,-1961,-762,2025,-670,-3121,0,0
346,-2014,-671,1291,-328,-2969,0,0
624,-1914,-281,1361,-275,-2723,0,0
639,-1678,6,1103,-122,-2589,0,0
658,-1342,96,667,-392,-2638,0,0
831,-1090,169,505,-661,-2821,0,0
798,-976,249,449,-1109,-2882,0,0
725,-807,254,170,-829,-2934,0,0
1109,-702,194,-44,-1489,-2609,0,0
673,-400,150,-549,-1476,-2937,0,0
262,-207,174,-812,-1342,-3105,0,0
71,-111,130,-876,-1143,-3458,0,0
295,-85,224,-461,-1112,-3553,0,0
329,36,64,-477,-1560,-3893,0,0
-255,111,-55,-640,-1492,-4362,0,0
-123,190,-127,-937,-1570,-4833,0,0
294,186,-160,-760,-2021,-4929,0,0
288,167,-141,-747,-1930,-4983,0,0
449,155,-93,-884,-2108,-4814,0,0
651,154,-49,-838,-2043,-4888,0,0
1113,68,-26,-797,-2700,-4875,0,0
662,-72,89,-638,-2957,-4749,0,0
-257,-202,314,-521,-2641,-3910,0,0
-1274,-76,339,-722,-1778,-3444,0,0
-1534,172,313,-667,-1423,-2738,0,0
-1485,530,328,-159,-1189,-2337,0,0
-1479,814,297,939,-723,-1403,0,0
-156,1357,-72,2062,-619,-419,0,0
706,2308,-385,2435,-2219,222,0,0
-459,3689,-532,4853,-1826,-1942,0,0
-455,4793,-268,7305,-853,-3686,0,0
1384,5359,-329,10123,-141,-4790,0,0
3962,4941,-1055,10985,-3469,-3806,0,0
1209,4693,-1472,10532,-3065,-3219,0,0
-1982,4817,-1189,9722,-580,-5763,0,0
-1507,4154,-983,4666,-30,-6317,0,0
-517,2834,-570,-179,-2197,-4604,0,0
-2882,1769,58,-1053,-1922,-1768,0,0
-3278,1536,228,493,186,-3774,0,0
-1576,830,154,-4,479,-4504,0,0
-99,-65,174,-429,18,-3634,0,0
215,-774,71,-1017,-611,-2349,0,0
174,-1185,207,-603,-280,-1933,0,0
300,-1547,416,265,-248,-1672,0,0
315,-1816,795,4077,7,-2167,0,0
446,-1976,1440,13962,-1793,-3057,0,0
-2622,-2477,852,14240,-1225,-797,0,0
-2582,-1998,-1570,7322,-2671,-1831,0,0
-511,-1835,-2018,4710,-1749,-2201,0,0
1626,-2194,-1038,3908,-1517,-1753,0,0
1954,-2433,-382,3647,-2575,-2518,0,0
46,-2664,-450,4068,-1705,-2354,0,0
-1002,-2762,-631,4204,-844,-1892,0,0
-588,-2637,-745,3066,-465,-2035,0,0
40,-2373,-819,2470,-661,-2497,0,0
376,-2127,-2736,2338,-556,-3534,0,0
628,-2227,-355,2467,-849,-3656,0,0
113,-2366,-127,2398,-496,-3011,0,0
-88,-2278,-354,1687,-453,-2491,0,0
-189,-2010,-497,1060,-297,-2175,0,0
559,-1787,-413,990,239,-1718,0,0
2029,-1385,-416,521,-470,-1260,0,0
2243,-890,-358,32,-1347,-1580,0,0
1577,-475,-450,-608,-1749,-2446,0,0
786,-376,-342,-702,-2537,-3365,0,0
-369,-515,-109,-658,-1874,-3625,0,0
49,-451,40,-748,-1463,-3935,0,0
582,-356,319,-1105,-1799,-3844,0,0
-286,-254,392,-982,-1308,-3725,0,0
-609,-268,243,-775,-1034,-3218,0,0
-679,-172,91,-882,-989,-3083,0,0
-828,8,0,-1074,-996,-2927,0,0
-919,202,-157,-1053,-1029,-3181,0,0
-1296,394,-239,-875,-1147,-3621,0,0
-1399,718,-375,-935,-156,-4826,0,0
574,763,-433,-962,-956,-5759,0,0
1072,555,-187,-859,-1837,-6419,0,0
558,212,-79,-802,-2287,-6152,0,0
-298,-65,94,-537,-1986,-5664,0,0
-1182,-193,182,-495,-1941,-4989,0,0
-3224,-131,190,-50,-2237,-4346,0,0
-6150,59,-21,600,-955,-2916,0,0
-5137,322,-65,433,595,-1880,0,0
-830,555,1037,536,72,-1173,0,0
1310,1465,2387,1718,332,-1093,0,0
2296,2664,2712,4148,476,-946,0,0
2081,3844,2476,7250,-83,-1434,0,0
951,4765,2072,10778,476,-3186,0,0
302,5132,1554,12645,-283,-2895,0,0
-563,5904,1776,13341,851,-3437,0,0
-159,6047,2722,10795,598,-3926,0,0
588,5226,2526,4539,2571,-6736,0,0
1209,3408,1362,-257,-395,-6297,0,0
-2792,1790,361,110,-80,-5463,0,0
-4388,750,530,1372,2177,-4417,0,0
-2122,16,866,330,3257,-3562,0,0
1115,-366,917,-723,2891,-2892,0,0
3017,-807,183,-667,947,-2325,0,0
1844,-1353,-359,8,49,-1439,0,0
288,-1704,-281,1106,615,-350,0,0
691,-1823,-63,6572,1209,-192,0,0
1751,-1793,-399,14254,714,75,0,0
2670,-2033,-1479,12614,-3846,-121,0,0
155,-2205,-1622,7402,-4611,-1099,0,0
-1106,-2302,-1189,4712,-1268,-1128,0,0
883,-2358,-759,4045,-2123,-1731,0,0
719,-2564,-567,3793,-1952,-1834,0,0
212,-2682,-499,4344,-903,-1652,0,0
507,-2660,-492,4464,-858,-1883,0,0
490,-2517,-388,3923,-741,-2392,0,0
316,-2465,-540,3187,-794,-2191,0,0
-50,-2297,-477,3034,-550,-2213,0,0
58,-2074,-458,2377,-203,-2599,0,0
500,-3952,-456,2070,-577,-2247,0,0
636,-1735,-385,1806,-778,-2238,0,0
502,-1570,-369,1295,-1003,-2361,0,0
359,-1353,-274,1122,-831,-2264,0,0
675,-1146,-212,771,-1225,-2791,0,0
458,-1008,-133,263,-1126,-3156,0,0
745,-885,23,357,-1025,-3475,0,0
1078,-885,148,507,-858,-3354,0,0
1198,-795,154,489,-1569,-3457,0,0
152,-890,215,440,-1774,-3227,0,0
-1044,-869,209,26,-1025,-3175,0,0
-1056,-609,41,-809,-834,-3292,0,0
-99,-2536,52,-622,-612,-3471,0,0
1135,-415,163,-489,-1246,-3519,0,0
809,-337,199,-436,-1847,-3369,0,0
-113,-213,176,-859,-1521,-3189,0,0
-462,-12,126,-1002,-1160,-3347,0,0
-162,228,56,-1006,-1089,-3771,0,0
155,455,-1,-823,-1252,-4385,0,0
571,557,-116,-676,-1623,-5222,0,0
680,454,-123,-633,-2239,-5706,0,0
102,227,-65,-695,-2633,-5456,0,0
-851,-9,-178,-666,-2337,-5269,0,0
-1324,-190,-83,-638,-2269,-4943,0,0
-1188,-107,363,-761,-2027,-4000,0,0
-992,123,646,-264,-1674,-2962,0,0
-1476,472,874,352,-1622,-1374,0,0
-2169,1231,1182,1080,-750,-210,0,0
-1398,2306,1366,2505,-112,-524,0,0
548,3349,1399,4559,21,-1211,0,0
2471,4315,1117,6887,-941,-2338,0,0
4076,4820,263,8667,-1854,-2542,0,0
4364,5322,-741,12077,-2978,-1715,0,0
3302,5118,-1682,13008,-4875,-2112,0,0
-3145,4958,-2238,12260,-1780,-3777,0,0
-6435,4427,-1336,7672,2122,-3862,0,0
-3098,3776,-249,1897,720,-3625,0,0
-2313,3108,159,-401,-139,-4583,0,0
-1547,2376,674,-82,548,-5624,0,0
405,1419,1171,279,-346,-5384,0,0
-114,432,1532,-49,-504,-4460,0,0
-1161,-176,1518,-318,1019,-4259,0,0
-324,-1024,911,310,1625,-3853,0,0
556,-1866,49,721,724,-2451,0,0
257,-2297,-337,2588,793,-1385,0,0
1095,-2195,1,11121,1277,-2460,0,0
101,-2723,384,17050,-960,-582,0,0
-4089,-3120,-2110,11427,-1964,315,0,0
-2558,-2500,-4127,9225,-2027,-1711,0,0
1450,-2821,-3126,4792,-2506,-1296,0,0
3514,-2880,-1649,3151,-3012,-1032,0,0
2355,-2861,-972,3999,-2269,-1393,0,0
1096,-2763,-732,4455,-1065,-1854,0,0
1048,-2591,-580,3687,-585,-1790,0,0
1124,-2339,-431,2724,-760,-2065,0,0
769,-2095,-417,2083,-409,-2337,0,0
925,-1828,-383,1774,-551,-2812,0,0
968,-1688,-101,1652,-678,-2888,0,0
1030,-1615,69,1426,-728,-2989,0,0
757,-1646,106,1255,-1017,-2546,0,0
48,-1595,120,1339,-754,-1873,0,0
-341,-1393,99,925,-809,-2169,0,0
-277,-1168,-81,389,-768,-2161,0,0
362,-894,-68,43,-1082,-2061,0,0
642,-563,-30,9,-1295,-2428,0,0
828,-289,-105,-388,-1898,-3317,0,0
877,-243,151,-255,-2168,-3602,0,0
133,-256,442,-221,-2267,-3607,0,0
-680,-192,512,-407,-1584,-3819,0,0
-297,-181,599,-510,-1288,-4039,0,0
-458,-209,517,-466,-1231,-3666,0,0
-790,-108,310,-533,-748,-3558,0,0
-703,111,161,-824,-635,-3561,0,0
-373,371,-28,-903,-544,-4102,0,0
635,537,-167,-979,-1032,-4600,0,0
1080,532,-225,-593,-1831,-5089,0,0
711,383,-27,-578,-2366,-4911,0,0
-445,281,87,-610,-2124,-4356,0,0
-1089,250,170,-287,-1276,-4035,0,0
-594,324,240,-311,-1142,-4135,0,0
-212,456,196,-447,-1238,-4249,0,0
-313,608,226,-44,-993,-4316,0,0
-306,788,223,597,-1012,-4275,0,0
-1009,984,179,1083,-1483,-2653,0,0
-3926,1501,236,1831,-874,-529,0,0
-4592,2346,469,3194,723,27,0,0
-2846,3139,1355,5426,407,473,0,0
-2441,4249,2186,8155,1462,-1373,0,0
767,4830,2618,10479,885,-2567,0,0
3260,4858,2596,12100,-2700,-3308,0,0
1163,4748,2500,12520,-2454,-3324,0,0
558,4448,2163,11732,-455,-4294,0,0
2691,3563,1376,8982,-676,-3548,0,0
1944,2503,381,4247,-1666,-2527,0,0
-2582,2087,-20,-264,-199,-2591,0,0
-3201,2012,337,-1395,1178,-3427,0,0
-351,1313,1126,-740,1349,-4437,0,0
1372,486,2333,253,729,-3501,0,0
1169,203,2993,587,953,-2545,0,0
-233,-93,2346,246,1605,-3537,0,0
-1162,-1100,878,-79,1311,-3218,0,0
-2483,-2040,-425,691,484,-1913,0,0
-4086,-2397,-1164,4528,1502,-1489,0,0
-3563,-2074,-1735,14299,2768,-2096,0,0
-3338,-1893,-2830,17288,239,-2157,0,0
-4092,-1360,-5405,11258,-2198,-5509,0,0
16,-1380,-6480,9036,-642,-4267,0,0
6003,-2580,-4947,8301,-2367,-1308,0,0
6618,-3733,-2513,5507,-4768,-2430,0,0
1516,-3784,-1472,5199,-2125,-2314,0,0
-760,-3401,-3704,4828,-121,-340,0,0
753,-2877,-1238,3064,-524,51,0,0
1119,-2245,-725,1618,-942,-730,0,0
579,-1697,-416,1073,-190,-1418,0,0
1191,-1311,-362,1047,-282,-1887,0,0
1185,-1095,-321,595,-687,-1988,0,0
343,-899,-205,174,-725,-2246,0,0
-287,-729,-44,-79,-238,-2399,0,0
285,-519,-43,-80,138,-2464,0,0
1691,-263,-99,-96,-282,-2749,0,0
2406,-166,-46,63,-1402,-3194,0,0
1264,-221,201,-223,-1746,-3164,0,0
-47,-100,244,-453,-1021,-3419,0,0
247,26,174,-729,-947,-3678,0,0
802,59,249,-742,-1188,-3540,0,0
788,90,399,-397,-1607,-3302,0,0
58,273,476,-273,-1304,-3839,0,0
37,381,378,-431,-1258,-4278,0,0
329,320,219,-662,-1270,-4602,0,0
224,175,153,-616,-1570,-4675,0,0
-172,108,104,-456,-1480,-4662,0,0
-100,90,40,-246,-1597,-4416,0,0
-290,126,-118,-191,-1704,-4298,0,0
-365,246,-272,-264,-1645,-4333,0,0
53,365,-2376,-146,-2079,-4814,0,0
141,372,-282,-275,-2567,-5138,0,0
-86,298,-90,-222,-2692,-5564,0,0
-363,220,142,-181,-2441,-5817,0,0
-526,61,194,249,-2091,-6167,0,0
-816,-192,196,156,-1982,-5757,0,0
-2143,-400,84,268,-1299,-4545,0,0
-3930,-414,-136,166,-780,-2380,0,0
-3698,-25,-104,316,686,-611,0,0
605,1162,592,773,43,219,0,0
2888,2802,986,3477,-1495,-1572,0,0
3928,3584,640,6149,-3569,-3672,0,0
3537,3790,89,7542,-4044,-3030,0,0
1950,4506,-103,9338,-2527,-2259,0,0
523,5260,-452,10533,-843,-2758,0,0
-126,5590,-489,6430,1496,-2430,0,0
-2464,5761,-125,2883,1377,-2745,0,0
-1145,4836,-226,2831,-157,-2422,0,0
-3360,3679,-616,3126,-1260,-3215,0,0
-6369,2852,-716,1325,21,-3596,0,0
-6121,1937,109,1247,1647,-3609,0,0
-3015,1173,777,740,1890,-3977,0,0
-436,734,1541,-791,2059,-4588,0,0
1766,154,2021,-499,1958,-4316,0,0
2445,-665,1390,1635,834,-3407,0,0
1436,-1428,539,10861,787,-3689,0,0
-1737,-2489,-1262,17473,-2710,-1686,0,0
-8146,-3430,-4752,11416,-2077,-1430,0,0
-6672,-2401,-6694,11007,1011,-3156,0,0
4391,-2307,-5228,9752,-1271,-244,0,0
7842,-3415,-3104,7081,-2960,124,0,0
5171,-3930,-1291,5720,-3228,-1683,0,0
477,-3761,-958,5211,-1152,-889,0,0
-544,-3210,-1267,4206,-49,175,0,0
898,-2836,-1327,2372,-182,-385,0,0
1648,-2554,-893,2188,-839,-945,0,0
957,-2143,-356,1677,-741,-1021,0,0
346,-1577,-425,1005,-384,-1363,0,0
493,-1152,-352,391,-739,-1950,0,0
331,-840,-71,-148,-673,-1730,0,0
261,-400,39,-42,-133,-1625,0,0
1192,-92,67,278,-458,-2017,0,0
1300,55,-86,-2152,-1312,-2773,0,0
678,89,-178,-183,-1902,-3454,0,0
38,156,12,-317,-1775,-4012,0,0
483,225,283,44,-1566,-4715,0,0
879,118,382,177,-1897,-4846,0,0
303,-78,459,323,-1812,-4786,0,0
-685,-280,508,580,-1254,-3545,0,0
-1220,-141,198,-316,-620,-3461,0,0
-555,174,-56,-804,-852,-4064,0,0
345,429,71,-310,-1008,-4819,0,0
434,435,84,198,-1362,-5380,0,0
-290,241,-75,367,-1328,-5476,0,0
-522,165,-173,54,-1045,-5646,0,0
43,73,-95,143,-1416,-5433,0,0
-139,-43,22,-4,-1386,-5020,0,0
-471,-56,18,30,-1036,-4717,0,0
-331,-91,57,-66,-875,-4231,0,0
-353,-108,98,-183,-795,-3834,0,0
-517,-45,125,-43,-549,-3635,0,0
-673,98,68,137,-339,-2903,0,0
-1580,353,-131,372,-559,-1637,0,0
-3500,925,-267,814,-371,-44,0,0
-981,1930,331,2113,454,-980,0,0
2523,2673,1234,3470,-1340,-1317,0,0
2491,3380,1108,5707,-1959,-965,0,0
1668,4156,649,7397,-2518,-1332,0,0
199,4826,324,9296,-2519,-953,0,0
-573,5429,395,12794,-1923,-1663,0,0
-167,5508,477,13815,-1043,-2239,0,0
466,5308,449,13200,-319,-3822,0,0
1963,4172,38,9524,-1087,-4939,0,0
1200,2377,-810,4227,-2811,-4131,0,0
-2416,1161,-1511,-584,-2160,-3288,0,0
-3719,812,-1776,-1732,-1062,-4287,0,0
-2610,344,-350,-1098,-809,-5482,0,0
-1678,-581,1530,-572,1089,-4565,0,0
389,-1265,2337,-423,1359,-2701,0,0
1510,-1272,2131,-660,1000,-2264,0,0
2384,-1504,2408,652,949,-2659,0,0
2978,-1957,2566,1739,303,-2522,0,0
1300,-2379,1834,4393,107,-2329,0,0
-1116,-2629,518,12569,-1349,-3067,0,0
-6144,-3046,-1299,15280,-2247,-1272,0,0
-9241,-2473,-4102,11998,-930,-3039,0,0
-4217,-1795,-5330,6702,60,-5123,0,0
3333,-1938,-4016,6946,-3149,-4025,0,0
4459,-3115,-2597,4904,-5138,-3059,0,0
782,-3573,-1887,4014,-3522,-3037,0,0
-1265,-3512,-1909,3958,-1256,-1534,0,0
-310,-3118,-1584,2781,-645,-99,0,0
1121,-2380,-922,1487,-665,-103,0,0
1631,-1720,-458,583,-444,-456,0,0
1485,-3064,-446,268,-523,-719,0,0
1255,-339,-314,185,-1097,-1847,0,0
385,71,-132,-280,-839,-3417,0,0
641,33,34,-138,-387,-4390,0,0
1314,-218,249,-54,-685,-4173,0,0
1314,-337,65,-235,-337,-3379,0,0
1261,-303,-20,-125,-824,-2500,0,0
-150,-102,-85,-335,-746,-2513,0,0
-865,14,-248,-766,-631,-2401,0,0
-676,232,-146,-486,-659,-2933,0,0
-65,414,19,-42,-601,-3814,0,0
441,476,146,97,-1083,-4225,0,0
247,448,229,313,-884,-4488,0,0
19,393,190,187,-1018,-4723,0,0
-61,260,261,224,-981,-4606,0,0
-289,213,339,395,-877,-4846,0,0
-591,252,230,306,-616,-4815,0,0
-136,350,196,247,-361,-5200,0,0
427,350,180,453,-669,-5672,0,0
511,277,81,449,-824,-5919,0,0
692,250,46,439,-1105,-6095,0,0
932,243,128,585,-2070,-6252,0,0
700,180,281,907,-2763,-5768,0,0
-11,35,453,1181,-2994,-3607,0,0
-1367,421,610,1281,-2020,-2469,0,0
-659,1059,821,1621,-1467,-1379,0,0
78,1934,862,2610,-1104,-875,0,0
1110,3077,627,4730,-585,-1873,0,0
3366,3832,121,6971,-789,-1668,0,0
4787,4126,-1076,9262,-1297,-579,0,0
3572,3900,-2282,9049,-2709,-563,0,0
-468,3885,-2652,6586,-1817,-1315,0,0
-3697,4178,-2196,3865,-1111,-1749,0,0
-4906,4281,-1148,2520,-169,-2340,0,0
-3848,3791,-17,2313,-151,-1930,0,0
-2641,3332,560,1945,-459,-2560,0,0
-1685,2670,722,1281,-99,-3832,0,0
-922,1757,709,1182,-763,-4494,0,0
-1417,881,516,245,-1027,-4416,0,0
-1591,108,851,1416,-361,-4736,0,0
-371,-921,1408,6529,1437,-5428,0,0
2084,-2149,961,16455,742,-4133,0,0
186,-4635,-1383,12587,-3635,-1202,0,0
-2582,-5279,-3430,6896,-4175,891,0,0
-4102,-4368,-4014,7445,-2235,793,0,0
-1847,-3710,-3382,5246,-2162,1125,0,0
1509,-3301,-2166,3965,-2339,912,0,0
1285,-2713,-1068,4732,-2539,957,0,0
102,-1855,-555,3929,-1922,335,0,0
-1236,-911,-196,2838,-1177,398,0,0
-2259,8,33,2233,-318,383,0,0
-1926,895,68,1891,337,-60,0,0
-303,1522,292,2562,784,-893,0,0
757,1764,514,3360,656,-1456,0,0
583,1896,604,4115,817,-1668,0,0
547,1976,630,4549,1173,-2308,0,0
873,1884,435,4513,1153,-2625,0,0
887,1658,14,4254,339,-2874,0,0
-333,1368,-328,4142,118,-2479,0,0
-1275,1217,-416,4180,849,-2191,0,0
-683,1121,-303,3930,1299,-1771,0,0
736,1069,-247,3898,886,-1614,0,0
557,702,-65,3773,-573,-2363,0,0
-1221,81,136,3707,461,-872,0,0
-1054,-165,410,4047,1003,-195,0,0
-695,-155,433,4186,842,-546,0,0
-386,-167,214,3845,821,-765,0,0
39,-174,-27,3318,649,-589,0,0
320,-43,-188,3595,656,-525,0,0
685,66,-122,4004,677,-673,0,0
866,40,46,3951,655,-759,0,0
1180,-2534,-448,2245,-105,-3016,0,0
1760,-2295,-359,1231,-257,-3550,0,0
2376,-2233,-31,1184,-900,-3209,0,0
2287,-2109,313,1058,-1061,-2784,0,0
1691,-1988,685,763,-1787,-2476,0,0
373,-1752,661,221,-1268,-2308,0,0
64,-1381,548,-374,-1309,-2382,0,0
-212,-1012,485,-854,-1244,-2418,0,0
-40,-605,265,-1141,-1284,-2675,0,0
313,-187,11,-1392,-1766,-3215,0,0
491,197,-204,-1813,-2140,-4057,0,0
909,504,-286,-1974,-2784,-5206,0,0
1485,557,-282,-1745,-4331,-5731,0,0
1134,437,28,-1242,-5034,-4826,0,0
474,449,565,-545,-4314,-3051,0,0
-895,795,682,-329,-3337,-1569,0,0
-3313,1469,482,301,-1894,112,0,0
-4784,2484,356,2161,15,743,0,0
-2630,3787,358,4325,2440,-2285,0,0
2612,4170,234,5660,376,-4498,0,0
2749,4373,-719,6907,-783,-5190,0,0
2310,4364,-1561,9602,-2955,-3797,0,0
-1803,4379,-599,8736,-2981,-1549,0,0
-5372,4621,1161,4482,2680,-3046,0,0
-2664,4868,1078,-627,5402,-4913,0,0
2786,3409,1564,2527,397,-2212,0,0
1063,2811,627,2770,-1643,-2084,0,0
-3016,2550,-529,1220,-218,-4587,0,0
-3160,1498,-966,1824,799,-4849,0,0
-1049,743,-1377,22,309,-4092,0,0
1373,213,-1101,-1091,-170,-3249,0,0
2622,-468,-717,-325,-1041,-3808,0,0
2132,-979,-109,3843,-1582,-646,0,0
1161,-1328,1355,14517,867,1297,0,0
49,-1386,1322,10333,2551,3351,0,0
980,124,14,6794,-3831,890,0,0
-1880,114,-199,6264,-911,86,0,0
956,-115,458,4070,-1124,-2293,0,0
2436,-668,438,3170,-3455,-4116,0,0
-196,-1629,298,3532,-2268,-2628,0,0
-978,-2147,545,4357,-368,-2055,0,0
-182,-2454,438,4976,-217,-2270,0,0
-268,-2752,134,5776,-403,-2169,0,0
-743,-2895,-298,5451,-303,-2450,0,0
-347,-2968,-636,4725,-296,-3224,0,0
53,-3194,-700,4219,-450,-2727,0,0
90,-3185,-733,3433,-196,-2427,0,0
84,-3023,-788,2789,-106,-1938,0,0
-264,-2749,-1102,2046,165,-1262,0,0
23,-2413,-1315,1397,52,-1247,0,0
37,-2000,-1284,698,-280,-1621,0,0
499,-1798,-1071,637,-34,-2009,0,0
1760,-1794,-500,941,-1120,-2172,0,0
1149,-1602,97,648,-1463,-2180,0,0
519,-1238,308,118,-1144,-2305,0,0
586,-964,294,-382,-1542,-2525,0,0
265,-732,347,-742,-1152,-2422,0,0
668,-383,296,-981,-1117,-2920,0,0
1040,-156,238,-981,-1585,-3287,0,0
563,-28,151,-1004,-1442,-3448,0,0
342,102,-121,-1105,-1332,-3801,0,0
628,243,-309,-1037,-2028,-4449,0,0
657,282,-257,-1124,-2626,-5069,0,0
390,293,-249,-1036,-3036,-5558,0,0
643,251,-107,-899,-3476,-5976,0,0
675,119,128,-1048,-4088,-5807,0,0
-145,16,256,-1002,-3828,-5445,0,0
-501,-44,455,-611,-3518,-4411,0,0
-867,170,637,-303,-2796,-2785,0,0
-1260,718,703,12,-1046,-2191,0,0
-281,1262,560,258,-484,-1633,0,0
140,1862,134,933,-1281,-1622,0,0
-631,2566,-225,2742,-2430,-1400,0,0
-1664,3503,-179,5104,-1529,-2106,0,0
-665,4480,130,7524,-739,-734,0,0
-469,5606,207,11111,-1137,-719,0,0
-2913,6364,562,11744,-1013,-899,0,0
-4786,6435,2132,8647,4299,-2820,0,0
1144,5232,1522,1543,4002,-6565,0,0
3268,3347,-1498,1333,-2809,-7544,0,0
-1909,2123,-1833,2867,-1508,-4376,0,0
-2297,1982,-116,1120,1802,-5236,0,0
2139,1397,752,-307,1556,-5229,0,0
4645,279,267,-427,-1291,-4655,0,0
2260,-751,23,68,-1437,-3343,0,0
-243,-1212,287,2141,-189,-2625,0,0
-130,-1628,1771,12341,-367,-2963,0,0
-2536,-2912,3158,15038,3267,1422,0,0
-1118,-2389,42,8984,-19,801,0,0
77,-1658,-2110,7556,-5168,-632,0,0
-1051,-2395,-1528,2776,-862,-161,0,0
2602,-2086,-325,1923,-2417,-2184,0,0
1359,-2151,-19,3383,-2109,-1799,0,0
-610,-2294,-118,4678,169,-1607,0,0
506,-2317,-431,4356,672,-2451,0,0
1440,-2279,-354,4134,-561,-2880,0,0
780,-2272,-393,3462,-799,-3291,0,0
178,-2279,-425,3010,-710,-3497,0,0
-222,-2304,-268,2652,-347,-3287,0,0
3,-2308,-439,2218,112,-2671,0,0
331,-2145,-560,1384,-568,-1987,0,0
-113,-1863,-518,615,-155,-1906,0,0
57,-1697,-555,494,-472,-1988,0,0
32,-1677,-351,1065,-776,-1965,0,0
40,-1580,-225,992,-395,-2338,0,0
730,-1389,-301,458,-753,-2569,0,0
1778,-1133,-280,489,-697,-3468,0,0
3087,-1074,-18,-162,-2545,-3519,0,0
1468,-1004,476,-533,-2424,-2836,0,0
23,-842,587,-679,-1557,-2522,0,0
-689,-513,513,-1094,-1021,-2765,0,0
-379,-217,232,-1356,-716,-3077,0,0
545,-63,80,-1115,-1552,-3555,0,0
666,-7,10,-1337,-2037,-3867,0,0
481,2,-83,-1389,-2820,-3844,0,0
-171,73,-31,-1254,-2145,-6560,0,0
102,75,49,-1310,-2558,-4338,0,0
161,220,186,-1315,-2434,-4869,0,0
402,219,27,-1516,-2990,-4822,0,0
-19,231,56,-3472,-3280,-4608,0,0
-388,311,243,-1318,-3261,-4115,0,0
-1207,506,301,-891,-3941,-2870,0,0
-2730,840,733,13,-2783,-1297,0,0
-2695,1560,1137,856,-1351,-972,0,0
-1689,2571,1475,2807,-177,-1276,0,0
67,3621,1468,5194,562,-2081,0,0
1929,4448,841,6995,-156,-3635,0,0
1413,4999,128,8659,-675,-2839,0,0
2005,5431,-437,10915,-152,-5493,0,0
2259,4826,-379,9623,-4312,-3070,0,0
-4487,4913,779,5564,-742,-1529,0,0
-6849,5169,1569,877,5897,-2931,0,0
423,3796,749,1557,3044,-4479,0,0
2203,2326,-512,1316,-3127,-4061,0,0
-2400,1588,-691,316,-1053,-4477,0,0
-2879,794,-324,651,2464,-4122,0,0
929,220,-802,-232,1208,-3889,0,0
2684,-440,-857,64,-633,-2842,0,0
2146,-825,-172,3049,-653,-1697,0,0
2267,-873,777,10300,369,-2333,0,0
2872,-1549,1236,10969,1408,-1034,0,0
4001,-1952,579,9800,-1831,-1087,0,0
1291,-2458,257,7543,-2870,-1371,0,0
-1015,-2817,227,4642,-1001,-760,0,0
-614,-2770,117,4106,-1219,-1257,0,0
-525,-2802,136,4262,-1076,-1450,0,0
-241,-2858,108,4710,-1000,-1473,0,0
-343,-2813,-56,4540,-1073,-1445,0,0
-513,-2571,-268,3786,-763,-2032,0,0
-431,-2344,-418,2970,-757,-2231,0,0
-192,-2057,-442,2682,-265,-2768,0,0
499,-1972,-537,1944,-803,-2896,0,0
380,-1846,-554,1529,-918,-2925,0,0
-443,-1769,-609,1445,-420,-2960,0,0
-332,-1645,-614,1390,103,-2768,0,0
902,-1439,-477,1116,-404,-2916,0,0
1358,-1371,-212,645,-1453,-2870,0,0
764,-1366,-17,283,-1345,-2813,0,0
416,-1354,19,127,-1105,-2467,0,0
591,-1263,102,-85,-1019,-2267,0,0
643,-1115,166,-228,-1359,-1843,0,0
392,-805,156,-423,-814,-1977,0,0
920,-439,36,-704,-1278,-1997,0,0
693,-153,90,-483,-1806,-2880,0,0
-183,-109,160,-623,-1569,-3265,0,0
-919,171,74,-603,-675,-3359,0,0
-532,391,-44,-703,-403,-3968,0,0
-325,396,-123,-750,-972,-4531,0,0
228,284,-226,-854,-1648,-5077,0,0
788,73,-157,-687,-2742,-5581,0,0
469,-194,48,-601,-2708,-5262,0,0
313,-322,216,-445,-2518,-4760,0,0
93,-265,232,-597,-2341,-4528,0,0
179,-113,229,-702,-2380,-4949,0,0
627,-90,292,-838,-2832,-5260,0,0
460,-133,426,-961,-3068,-7064,0,0
-86,-61,488,-1090,-2351,-5765,0,0
-445,-171,113,-895,-1728,-6535,0,0
-263,-534,-33,-837,-2151,-4904,0,0
-386,-554,287,-2728,-1711,-3702,0,0
1,-189,357,-796,-2217,-2115,0,0
357,500,464,-525,-1833,-671,0,0
738,1430,339,-27,-2207,-1164,0,0
1100,2293,-270,-433,-2049,-5422,0,0
2118,2032,-1299,1363,-2253,-5085,0,0
559,2138,-1737,4649,-43,1268,0,0
362,3871,-2194,5436,522,25,0,0
534,4292,-2109,4064,-237,-2567,0,0
-946,3846,-2136,1719,-121,-1227,0,0
-1838,3734,-1504,2012,-649,-468,0,0
-2662,3489,-774,2511,-384,-1111,0,0
-3940,3376,-468,1789,-756,-1339,0,0
-5887,3456,-139,2212,10,-1548,0,0
-5804,3249,254,4011,1117,-2965,0,0
-2965,2317,597,2963,1813,-3456,0,0
808,1718,202,305,925,-2827,0,0
3281,1290,148,5425,5,-4724,0,0
5283,199,1043,13699,-1856,-4658,0,0
1960,-1363,1903,11746,-2876,-1474,0,0
-2317,-2152,705,6761,-1751,-763,0,0
-1775,-2385,46,4673,-312,-482,0,0
-585,-2326,98,3771,-473,-235,0,0
77,-2159,-22,2986,-644,-936,0,0
-64,-2079,-146,3289,-657,-1286,0,0
-447,-2026,-98,3972,-47,-1561,0,0
-208,-1957,-143,4102,107,-2372,0,0
-74,-1913,-108,4010,-314,-2961,0,0
-217,-1942,-326,3945,237,-3299,0,0
132,-2127,-799,3337,-387,-3479,0,0
72,-2267,-1043,2684,-403,-3158,0,0
401,-2330,-1016,2432,-270,-2720,0,0
617,-2246,-977,1935,-323,-2498,0,0
778,-2166,-984,1922,-523,-2557,0,0
891,-2158,-721,2068,-734,-2383,0,0
1005,-2040,-406,1519,-989,-2566,0,0
651,-1878,-104,856,-1235,-2806,0,0
828,-1817,138,839,-954,-2554,0,0
777,-1669,342,590,-1012,-2215,0,0
523,-1339,372,809,-627,-1637,0,0
216,-652,231,-383,-1354,-1650,0,0
132,29,-124,-944,-772,-3255,0,0
1552,10,-216,-717,-2524,-4109,0,0
925,-246,148,-811,-2734,-4552,0,0
-134,-384,333,-761,-1918,-3880,0,0
-400,-276,174,-950,-1461,-3651,0,0
-557,-173,139,-1015,-1354,-3402,0,0
-280,-31,-3,-1126,-1178,-3495,0,0
560,149,-81,-1226,-1911,-4054,0,0
560,242,-25,-1031,-2209,-4386,0,0
163,344,49,-1113,-2205,-4762,0,0
-169,378,58,-874,-2002,-5207,0,0
19,325,-44,-962,-2228,-5704,0,0
308,168,-1,-1114,-2984,-5095,0,0
11,121,222,-834,-3116,-4070,0,0
74,284,527,-412,-3015,-3085,0,0
-172,558,706,53,-3353,-1650,0,0
-1575,1124,570,385,-2601,-1180,0,0
-2274,1647,519,1964,-1780,-1279,0,0
-3721,2358,884,3597,-878,-482,0,0
-4897,3449,1456,5591,1377,-1858,0,0
-2556,3946,2161,6913,1734,-409,0,0
-962,5169,2561,10363,3511,-2053,0,0
2771,5401,2723,12422,-82,-3501,0,0
-123,5139,2617,10471,-60,-3552,0,0
-1223,4690,2089,5428,1338,-4484,0,0
-1153,4012,1705,1157,531,-4634,0,0
-1803,2968,1095,586,1507,-5075,0,0
-2640,1550,763,1102,1708,-6768,0,0
-2935,581,776,1291,3640,-3691,0,0
-70,86,365,-89,3643,-3812,0,0
2713,-638,-194,-253,2041,-3078,0,0
3382,-1343,-404,1197,549,-1792,0,0
2905,-1817,-18,6334,221,-678,0,0
2500,-1754,597,13770,731,-421,0,0
2610,-1898,-242,10248,-145,-1849,0,0
1939,-2361,-1491,6110,-3339,-1167,0,0
-458,-2888,-1679,4726,-1534,110,0,0
539,-2841,-1139,3827,-2067,-1009,0,0
585,-2798,-577,4720,-1707,-1740,0,0
163,-2732,-672,5598,-1123,-2303,0,0
28,-2810,-1060,4655,-1563,-3242,0,0
-494,-2946,-715,3896,-1446,-3180,0,0
-1058,-2789,-303,3472,-273,-3128,0,0
-605,-2670,-358,2496,639,-2772,0,0
483,-2511,-493,1954,470,-2098,0,0
1072,-2216,-612,1271,407,-2061,0,0
1609,-1991,-752,1248,257,-2537,0,0
2294,-1988,-906,1361,-415,-2501,0,0
2196,-1949,-604,799,-2015,-1825,0,0
382,-1527,169,225,-1850,-1953,0,0
13,-1153,493,148,-214,-2070,0,0
1653,-888,528,-215,-1462,-2050,0,0
931,-914,567,-422,-2412,-2313,0,0
-1479,-918,225,-644,-1384,-2339,0,0
-1793,-712,-219,-1215,-787,-2079,0,0
-643,-184,-2,-3368,-649,-2506,0,0
580,245,275,-882,-676,-3243,0,0
846,416,76,-678,-1075,-3443,0,0
337,448,-162,-768,-986,-4270,0,0
297,407,-235,-916,-1511,-4997,0,0
161,326,-200,-1068,-2300,-5645,0,0
-619,118,-17,-1230,-2024,-5234,0,0
-649,101,129,-1250,-1495,-4791,0,0
-315,264,180,-1095,-1400,-4825,0,0
-82,365,66,-911,-1187,-5011,0,0
296,300,-65,-883,-1479,-5253,0,0
-53,146,-75,-772,-1763,-4975,0,0
-467,-61,169,264,-2063,-3098,0,0
-1840,204,470,-350,-2520,-992,0,0
-1738,1395,393,-871,-1421,-2240,0,0
724,2156,1236,1779,-2383,-2209,0,0
-105,2733,1404,3602,-1557,-1306,0,0
-819,3465,1177,5190,-610,-1916,0,0
-42,4171,1005,6789,227,-2366,0,0
2680,4902,810,8927,-119,-1858,0,0
4589,5285,290,11285,-1744,-3229,0,0
2916,5317,-672,11831,-1718,-3372,0,0
1904,4851,-1835,9533,-1628,-5268,0,0
672,3436,-2369,3361,-4900,-4376,0,0
-3686,2828,-2127,117,-2757,-4573,0,0
-3504,2056,-919,-328,-417,-4475,0,0
-525,1122,-691,957,368,-4038,0,0
1168,321,-1060,790,-1281,-3834,0,0
468,-383,-637,-763,-2663,-3403,0,0
-1499,-1003,167,-1272,-1754,-2724,0,0
-2181,-1571,743,-64,262,-1422,0,0
-53,-1888,1391,5729,872,-786,0,0
1146,-1698,2315,14404,522,-2840,0,0
322,-1779,1207,11374,-575,-662,0,0
-450,-1661,-912,6770,-3436,-1401,0,0
-1032,-2159,-1091,5004,-728,-298,0,0
1470,-2220,-570,3309,-1743,-1680,0,0
1052,-2364,-267,3097,-2436,-2090,0,0
-792,-2413,-188,4201,-1324,-2144,0,0
-691,-2469,-280,4933,-130,-2889,0,0
190,-2573,-421,4037,-810,-2951,0,0
-271,-2514,-592,3118,-1016,-3229,0,0
-725,-2459,-853,2601,109,-3307,0,0
459,-2412,-840,2180,100,-2999,0,0
1377,-2347,-521,1980,-389,-2804,0,0
1014,-2271,-323,1771,-535,-2538,0,0
468,-2181,-244,2011,-376,-2200,0,0
-138,-2002,-253,1763,-677,-2105,0,0
-264,-1767,-260,1229,-621,-2043,0,0
202,-1531,-133,967,-1148,-2049,0,0
-235,-1269,38,611,-1226,-1977,0,0
-233,-996,5,177,-531,-2391,0,0
954,-827,-43,-194,-1380,-2480,0,0
833,-550,54,-553,-1198,-2794,0,0
840,-300,128,-1141,-1207,-2856,0,0
606,-76,116,-1330,-1251,-3504,0,0
593,-18,142,-813,-1370,-3871,0,0
259,-5,236,-641,-1492,-4008,0,0
-274,34,152,-1102,-1241,-4270,0,0
-163,48,85,-910,-1398,-4252,0,0
23,125,73,-1142,-1385,-4393,0,0
232,146,22,-1099,-1707,-4318,0,0
112,192,72,-1004,-1761,-4603,0,0
-15,167,81,-1069,-1909,-4648,0,0
-298,173,125,-1084,-1928,-4278,0,0
-403,318,268,-906,-1745,-3998,0,0
-413,571,331,-685,-1721,-3551,0,0
-1003,957,375,-473,-1404,-3154,0,0
-2406,1360,432,753,-1145,-1675,0,0
-3986,2097,632,2331,430,-597,0,0
-1699,3024,1081,4152,662,-279,0,0
1086,4101,1323,5828,550,-2470,0,0
5077,4533,585,5808,-2397,-4120,0,0
3640,4612,318,8753,-4768,-1208,0,0
490,5040,100,12288,-2127,-1772,0,0
809,5207,-340,12230,-1285,-3344,0,0
1853,5052,-801,11194,-2153,-3537,0,0
-166,4169,-990,7265,-1305,-5046,0,0
-1599,2818,-1316,-594,-1228,-5384,0,0
-1370,1701,-1289,-1752,-1112,-4860,0,0
-1384,689,-916,989,-1036,-4603,0,0
-1796,296,-14,400,-333,-4437,0,0
-914,-169,585,-770,1010,-3455,0,0
1148,-809,404,-818,8,-2648,0,0
1390,-1531,76,42,-697,-1790,0,0
346,-1974,180,1479,-491,-397,0,0
-331,-1802,1052,8211,-404,236,0,0
-2390,-1551,1736,14755,2508,512,0,0
-616,-1241,-317,11388,-493,-151,0,0
983,-1506,-1950,7078,-6358,-570,0,0
-775,-1959,-1291,2391,-1951,370,0,0
1465,-1421,-109,889,-2888,-1311,0,0
602,-1529,234,2321,-2035,-1249,0,0
-696,-1670,354,4458,-944,-1023,0,0
-821,-1656,196,4542,-497,-1678,0,0
-704,-1618,1,3972,-670,-2291,0,0
-925,-1521,-201,3820,-364,-3097,0,0
-853,-1568,-281,3447,-516,-3704,0,0
-695,-1762,-190,3053,-124,-3792,0,0
-315,-1925,-223,2904,-41,-3595,0,0
-362,-1936,-311,2528,-197,-3453,0,0
-668,-1863,-399,2242,791,-3050,0,0
86,-1669,-535,1639,610,-3137,0,0
402,-1484,-474,1237,500,-3274,0,0
553,-1404,-528,955,477,-3204,0,0
599,-1301,-639,546,127,-3192,0,0
535,-1290,-720,570,70,-2998,0,0
474,-1276,-676,398,-285,-2664,0,0
243,-1166,-698,-67,-242,-2620,0,0
385,-1086,-653,120,-363,-2346,0,0
693,-937,-548,131,-426,-2523,0,0
1389,-756,-511,59,-393,-2805,0,0
2808,-595,-422,480,-1361,-2730,0,0
2552,-565,-141,335,-2750,-2969,0,0
732,-490,211,405,-2259,-3342,0,0
49,-360,411,-47,-2215,-3872,0,0
-359,-339,472,-307,-1891,-4247,0,0
-357,-429,540,-291,-1759,-3905,0,0
-499,-410,401,-524,-1437,-3478,0,0
-318,-298,206,-637,-1085,-3670,0,0
-461,-183,-11,-874,-1247,-3340,0,0
-705,-46,-187,-1166,-854,-3587,0,0
-421,4,-235,-955,-918,-3822,0,0
41,141,-340,-965,-1499,-4602,0,0
332,190,-260,-1125,-2094,-5165,0,0
356,162,-154,-1156,-2479,-5650,0,0
458,18,-47,-1042,-3018,-5945,0,0
264,-44,270,-935,-3594,-5842,0,0
-1201,22,754,-479,-2740,-4227,0,0
-3306,350,763,-212,-368,-2137,0,0
-1774,962,461,66,1107,-1314,0,0
235,1750,472,1026,-251,-301,0,0
359,2907,276,3081,-135,-1298,0,0
1099,3902,185,5013,-540,-2030,0,0
3382,4539,-263,6711,-1239,-4496,0,0
3445,4476,-842,8173,-4033,-1802,0,0
-599,5184,-1266,10256,-1326,-3007,0,0
-676,5042,-912,7406,-1552,-3772,0,0
-610,4881,-97,4545,-183,-4583,0,0
1230,3964,-53,1350,-1089,-4383,0,0
583,2727,-588,775,-3382,-3072,0,0
-2393,1798,-599,985,-2820,-2784,0,0
-4185,1148,-262,434,-1093,-2297,0,0
-3963,832,176,-496,-369,-2151,0,0
-1709,582,940,164,1131,-2452,0,0
1672,247,1516,2815,597,-2211,0,0
3452,-119,1857,9134,-299,-1346,0,0
2010,-792,993,13212,-7,14,0,0
315,-1628,-1016,7922,-4052,110,0,0
-2668,-1878,-1784,2007,-3132,487,0,0
-1690,-1598,-1041,1781,-724,251,0,0
1190,-1470,-199,2601,-1613,-276,0,0
1101,-1601,-127,3913,-1671,-702,0,0
-155,-1739,-297,5460,-1786,-478,0,0
-1130,-1569,-348,5042,-1595,-885,0,0
-1538,-1387,-457,3360,-1542,-1811,0,0
-1475,-1396,-473,3624,-1294,-2677,0,0
-970,-1642,-526,4680,-575,-3309,0,0
-221,-1939,-550,4611,-869,-3976,0,0
-441,-2218,-533,3771,-485,-4175,0,0
-610,-2411,-587,3388,860,-3448,0,0
192,-2494,-636,3195,1278,-2993,0,0
619,-2583,-751,2946,948,-2654,0,0
623,-2618,-1032,2681,667,-2409,0,0
920,-2700,-1030,2736,-134,-1989,0,0
679,-2619,-819,2377,-390,-1819,0,0
829,-2331,-804,1620,-458,-1523,0,0
1340,-1881,-635,951,-1230,-1521,0,0
1292,-1365,-331,-58,-1207,-1952,0,0
1934,-953,-82,-201,-1186,-2290,0,0
1984,-782,147,-68,-2056,-2798,0,0
706,-628,66,-355,-1563,-3395,0,0
283,-2504,48,-851,-1794,-3523,0,0
-312,-397,203,-796,-1688,-3334,0,0
-593,-312,174,-1027,-1414,-3316,0,0
-968,-72,79,-1188,-1631,-3537,0,0
-1595,139,2,-953,-709,-3802,0,0
-278,261,-166,-1091,-981,-4358,0,0
386,271,-114,-883,-1660,-4987,0,0
398,214,-72,-892,-1772,-5235,0,0
177,117,101,-742,-1847,-4759,0,0
-186,103,199,-906,-1325,-4596,0,0
-352,81,141,-675,-1213,-4492,0,0
-301,125,95,-877,-987,-4663,0,0
86,116,-7,-843,-1531,-4447,0,0
-133,152,63,-608,-1600,-4210,0,0
-570,268,308,-460,-1397,-3496,0,0
-1774,496,500,-155,-1163,-2290,0,0
-2678,1009,551,53,350,-874,0,0
-502,1839,526,1099,863,-326,0,0
1585,2743,520,2995,-451,-699,0,0
1631,3554,115,4938,-1922,-1539,0,0
-246,4281,-22,6958,-2060,-530,0,0
-129,5211,-77,10413,139,-1757,0,0
3389,5439,-158,11419,-3603,-1182,0,0
2652,5553,-383,13192,-3521,-1881,0,0
1491,5512,-1108,13449,-4071,-4267,0,0
-903,4328,-1940,9976,-3517,-5212,0,0
-2973,3009,-1690,2614,460,-5657,0,0
-587,2378,-869,-1188,-911,-6243,0,0
-769,1243,-410,-3125,-1266,-5453,0,0
-2815,163,239,-719,1426,-4471,0,0
-489,-415,948,-131,2013,-3931,0,0
2253,-849,1091,-374,1027,-2934,0,0
2881,-1312,691,310,-108,-2093,0,0
1862,-1805,644,1785,-893,-1591,0,0
-132,-2171,1494,7704,-711,-680,0,0
-2575,-2065,1654,15842,1791,676,0,0
-2462,-2274,-790,12171,-2322,306,0,0
-1712,-2503,-2525,6497,-4868,617,0,0
76,-2190,-1790,3386,-1778,-16,0,0
3095,-1869,-724,2461,-2147,-1535,0,0
1899,-1990,-588,2021,-2517,-1842,0,0
-691,-1918,33,3147,-1178,-1746,0,0
-1377,-1710,535,4124,620,-2320,0,0
-230,-1611,632,3945,619,-2504,0,0
452,-1451,569,3375,-62,-2909,0,0
122,-1442,298,3032,-413,-3294,0,0
-354,-1590,122,2842,-128,-3133,0,0
-391,-1594,-166,2689,-56,-3564,0,0
-256,-1620,-465,2365,-339,-3639,0,0
-117,-1628,-486,2305,-93,-4002,0,0
656,-1710,-317,1887,-344,-4644,0,0
1135,-1893,-52,1770,-612,-4450,0,0
1094,-2076,169,1366,-559,-3614,0,0
1094,-2042,129,915,-461,-3186,0,0
1163,-2034,195,793,-616,-2248,0,0
1121,-1835,265,151,-386,-1645,0,0
1730,-1503,252,-27,-498,-1240,0,0
2104,-1201,335,-200,-1512,-1050,0,0
1205,-916,486,-294,-1801,-1007,0,0
320,-576,538,-527,-1534,-1026,0,0
-258,-228,299,-924,-1633,-550,0,0
-1413,334,2,-1025,-1326,-756,0,0
-1203,1174,-322,-236,-1062,-3122,0,0
973,1607,-348,468,-2524,-5344,0,0
1133,1218,-279,31,-3809,-6732,0,0
-42,436,-20,-487,-3718,-7330,0,0
-595,-220,268,-480,-2541,-6312,0,0
-730,-677,413,-318,-1749,-4920,0,0
-897,-809,372,-668,-1233,-3789,0,0
-876,-710,148,-608,-1081,-3303,0,0
-844,-426,-135,-907,-1166,-3057,0,0
-506,-144,-269,-902,-1567,-3218,0,0
-797,39,-280,-908,-1925,-3024,0,0
-1513,310,-268,-765,-1231,-3673,0,0
-377,527,-146,-954,-1216,-4145,0,0
1030,647,70,-729,-1723,-4523,0,0
1272,590,176,-415,-2087,-4885,0,0
223,443,218,-235,-2245,-4856,0,0
-2143,392,269,12,-1731,-4532,0,0
-4478,543,2,49,-395,-3594,0,0
-4116,685,-26,10,207,-2292,0,0
-2448,992,538,561,452,-1839,0,0
-512,1513,1232,1740,-145,-1002,0,0
188,2475,1676,3293,53,-105,0,0
1613,3560,1880,5595,69,-1000,0,0
3715,4353,2036,7249,100,-1838,0,0
5786,4931,1316,9484,-2371,-2045,0,0
4182,5113,-26,10542,-5234,-1938,0,0
-249,5278,-561,12757,-3371,-1854,0,0
-650,5292,-503,13528,-261,-3269,0,0
2028,4398,-1036,10000,-1616,-4552,0,0
364,2638,-1930,2282,-4284,-5525,0,0
-3755,1362,-2237,-5027,-3505,-5404,0,0
-4775,263,-77,-352,-1131,-4203,0,0
-3827,-149,1554,1007,1517,-4116,0,0
-780,-541,2356,170,3101,-3636,0,0
2185,-741,1691,-781,1875,-1682,0,0
2488,-1065,946,299,253,-846,0,0
370,-1483,250,870,536,-442,0,0
-680,-1633,-433,2076,1444,260,0,0
773,-1435,-452,9936,1098,-118,0,0
1033,-1500,-818,13916,-1097,1759,0,0
-303,-1526,-1823,9462,-6700,2043,0,0
-3679,-1352,-1895,5028,-5017,1037,0,0
-1924,-1099,-1497,3006,-2942,376,0,0
908,-694,-404,2561,-3669,-372,0,0
1230,-533,308,2850,-1594,-1030,0,0
1700,-484,491,3393,-1548,-1554,0,0
967,-610,446,3971,-1495,-2275,0,0
-429,-1040,414,4491,-870,-2886,0,0
-1265,-1641,218,4380,-122,-2809,0,0
-1463,-2082,-237,4409,158,-2837,0,0
-1444,-2441,-877,3896,20,-2948,0,0
-1487,-2564,-1308,3684,176,-3125,0,0
-932,-2512,-1366,3452,761,-3159,0,0
198,-2363,-1058,3074,700,-3430,0,0
559,-2210,-663,2859,667,-3399,0,0
511,-2114,-550,2796,816,-3167,0,0
689,-2060,-640,2640,599,-2656,0,0
947,-1999,-708,2561,163,-2415,0,0
1320,-1902,-760,2168,-490,-2374,0,0
1667,-1797,-646,1688,-1070,-2224,0,0
1868,-1602,-342,1036,-1185,-2005,0,0
2330,-1308,-62,727,-1346,-1995,0,0
2014,-1076,235,146,-2088,-1932,0,0
745,-830,410,-164,-1327,-2098,0,0
794,-573,290,-471,-1284,-2477,0,0
892,-411,186,-473,-1543,-2802,0,0
719,-351,82,-530,-1680,-3171,0,0
512,-333,-59,-886,-2218,-3063,0,0
-10,-201,27,-1005,-2174,-3076,0,0
-158,-26,104,-1394,-2072,-2997,0,0
-687,142,76,-1207,-1879,-3137,0,0
-898,304,-91,-329,-1766,-4295,0,0
-108,414,-270,-409,-2660,-5222,0,0
27,340,-345,-838,-3078,-5696,0,0
142,208,-228,-1010,-3313,-7832,0,0
126,106,171,-841,-3012,-5587,0,0
-2224,-14,240,-794,-2302,-5110,0,0
-245,-91,188,-895,-1981,-4493,0,0
-718,-126,169,-753,-1951,-4017,0,0
-2660,32,-43,-1016,-1497,-2386,0,0
-4078,489,-287,-863,84,-1494,0,0
-2194,787,-222,-104,241,-1484,0,0
-697,1257,304,931,-866,-406,0,0
-852,2200,613,2579,-109,-486,0,0
-494,3145,762,4244,-250,-500,0,0
-609,4043,618,6457,-452,-79,0,0
-637,5054,1164,9359,-1711,-242,0,0
513,5904,1774,12145,-2152,-3615,0,0
455,5864,1905,13434,-3363,-2804,0,0
-125,5433,1614,14186,-1855,-4076,0,0
1400,4388,953,11338,-1080,-4953,0,0
1974,3135,153,7424,-1608,-4345,0,0
-1478,2324,520,843,418,-3264,0,0
-3152,2304,1540,-2013,3913,-2587,0,0
1076,1789,1166,-148,1575,-4966,0,0
1816,682,1027,693,-768,-5050,0,0
-763,-185,1235,141,1095,-4121,0,0
-1408,-911,453,-111,2181,-3692,0,0
-180,-1672,-266,417,1636,-3454,0,0
350,-2463,-723,961,632,-2523,0,0
-93,-3009,-842,3681,-81,-1396,0,0
-713,-2630,-737,14486,383,-1947,0,0
-2059,-3044,-1503,18869,-675,-3170,0,0
-3064,-3533,-3124,10982,-3857,-2826,0,0
-1684,-3130,-4241,6148,-3853,-1413,0,0
1632,-2712,-2966,4970,-2125,116,0,0
4463,-2449,-548,2924,-2741,-611,0,0
3371,-2292,445,2781,-2554,-1529,0,0
-98,-2130,-146,2963,-1269,-1169,0,0
-725,-1949,-73,3151,-526,-1151,0,0
471,-1605,124,2131,-488,-1893,0,0
1193,-1287,325,1596,-900,-3033,0,0
754,-1181,414,1427,-599,-3401,0,0
210,-1022,368,787,11,-3331,0,0
-677,-612,955,597,1221,-2741,0,0
-1858,-429,992,850,2370,-3218,0,0
-1763,-639,-840,401,454,-3348,0,0
-378,-946,-1666,697,-1181,-3132,0,0
1259,-986,-905,311,-2556,-3643,0,0
2049,-890,-165,127,-2385,-3938,0,0
2969,-816,303,535,-2719,-3627,0,0
3077,-706,960,729,-1954,-3123,0,0
4053,-371,1588,632,-1505,-3734,0,0
2862,-426,1804,1170,-1956,-3715,0,0
-914,-706,918,482,-1308,-3583,0,0
-3121,-849,174,-484,-513,-3055,0,0
-2525,-739,0,-979,-97,-2528,0,0
-1118,-399,-23,-899,-861,-2606,0,0
-1312,-31,-142,-1022,-1663,-2441,0,0
-1811,333,43,-963,-1123,-2627,0,0
-486,617,198,-849,-352,-3389,0,0
995,713,-55,-537,-1385,-4450,0,0
779,684,-142,-591,-1496,-5134,0,0
848,605,-59,-800,-2249,-5464,0,0
517,493,343,-660,-2586,-5746,0,0
-162,375,724,-410,-2469,-5428,0,0
-452,324,726,-117,-1606,-5476,0,0
-267,206,457,2,-1275,-5635,0,0
-40,57,90,-241,-945,-5446,0,0
136,-46,-16,-185,-1055,-5267,0,0
49,-128,-49,-180,-915,-4653,0,0
-152,-144,-196,-118,-1187,-3602,0,0
-791,21,-209,-230,-1492,-2306,0,0
-1454,517,-54,-510,-1166,-2129,0,0
1010,1084,252,18,-1062,-3096,0,0
3296,1259,281,257,-2699,-2412,0,0
1778,1375,103,722,-2991,-285,0,0
-5,2047,76,2436,-1344,-95,0,0
750,2762,-6,4047,-1191,-1305,0,0
1416,3293,-413,5722,-2152,-1253,0,0
1242,3847,-1013,7930,-3766,-1510,0,0
326,4271,-1465,10990,-1264,-1234,0,0
1863,4517,-2261,12324,-2229,-1324,0,0
1310,4478,-2470,10646,-3938,-2773,0,0
-1145,3930,-2149,4165,-2009,-4613,0,0
-1897,3366,-1699,-250,-2905,-3922,0,0
-2840,2582,-937,-124,-1748,-4014,0,0
-2146,1691,-45,1433,-406,-4837,0,0
-948,1018,146,766,-602,-5110,0,0
-213,184,249,-181,-737,-4702,0,0
-69,-608,592,-141,-640,-3572,0,0
-383,-1263,699,307,-338,-2326,0,0
-388,-1631,813,2986,-132,-1297,0,0
-71,-1516,1465,14911,-174,-571,0,0
-2369,-2666,140,12685,1207,2727,0,0
-10,-1761,-2229,5965,-5026,2327,0,0
-1380,-2808,-1713,4464,-4245,737,0,0
-629,-750,-287,3075,-1414,904,0,0
1647,-556,-53,2239,-2802,-1075,0,0
172,-813,-406,2378,-2481,-1580,0,0
-1343,-980,-290,3469,-1050,-1299,0,0
-636,-944,-87,4959,-176,-1967,0,0
231,-1092,-253,4754,-652,-3068,0,0
-137,-1468,-541,4139,-634,-3372,0,0
-414,-1847,-686,4196,-103,-3577,0,0
-113,-2168,-775,4005,314,-3815,0,0
424,-2418,-759,4240,200,-3761,0,0
577,-2614,-831,4106,469,-3556,0,0
895,-2699,-876,4052,440,-3398,0,0
1049,-2736,-825,4004,409,-3210,0,0
1228,-2746,-881,3240,130,-2731,0,0
1191,-2536,-891,2305,-247,-2232,0,0
1469,-2174,-681,1380,-117,-2271,0,0
2214,-1946,-351,636,-854,-1808,0,0
1929,-1770,245,303,-1309,-1272,0,0
1382,-1520,634,182,-1204,-991,0,0
521,-1141,714,-262,-1609,-744,0,0
-615,-765,577,-632,-950,-536,0,0
-405,-282,242,-683,-807,-714,0,0
665,276,31,-393,-1086,-1667,0,0
1612,641,-160,-166,-1855,-2914,0,0
2011,718,-428,-429,-2612,-4019,0,0
1805,589,-2320,-346,-3222,-4410,0,0
823,370,-26,-31,-3655,-4768,0,0
-699,145,-110,49,-3383,-4302,0,0
-1547,120,-200,-93,-2776,-4095,0,0
-1345,172,-249,-104,-2470,-4172,0,0
-855,187,-269,-219,-2756,-4516,0,0
-672,169,-66,-2368,-2575,-4851,0,0
-367,27,68,-365,-2714,-4968,0,0
-396,-155,248,-74,-2144,-4325,0,0
44,-129,377,-82,-1713,-3870,0,0
297,43,249,-134,-1521,-3699,0,0
272,190,79,79,-1387,-3097,0,0
-195,396,-58,212,-1455,-2265,0,0
-825,663,-273,292,-1132,-2013,0,0
-996,941,-425,399,-1208,-1437,0,0
-1707,1446,-373,1405,-950,-946,0,0
-2221,2194,-285,2600,-689,-985,0,0
-1266,2932,-253,4150,-849,-1167,0,0
-201,3679,31,6593,-1759,-1654,0,0
375,4187,337,8305,-2028,-1783,0,0
225,4685,524,10204,-1922,-1522,0,0
853,4983,263,11398,-2645,-2043,0,0
1202,5001,127,12473,-2413,-1467,0,0
2154,4948,47,12689,-908,-2271,0,0
4333,4145,-522,10153,-1027,-3650,0,0
4625,2475,-1504,5537,-4213,-3435,0,0
-356,1363,-1460,-322,-4578,-1538,0,0
-3386,1821,-960,-3117,-1543,-1393,0,0
-1530,2155,166,383,-1827,-4455,0,0
-606,1316,1073,1226,-2024,-5179,0,0
-989,156,1522,467,-1735,-3729,0,0
-2049,-729,1501,-157,-948,-2434,0,0
-2821,-1431,1119,-206,86,-1965,0,0
-2456,-2154,775,680,1021,-814,0,0
-618,-2344,758,5088,1431,-454,0,0
-250,-2236,563,14066,121,-477,0,0
-2644,-2629,-3784,15168,-1072,1855,0,0
-2912,-2245,-3526,7199,-5448,1730,0,0
-1847,-1621,-3067,5325,-4691,-313,0,0
1855,-1767,-2036,3049,-6947,-1300,0,0
2032,-1904,-454,2284,-5074,-1482,0,0
1046,-1953,379,2940,-1739,-1330,0,0
1258,-1688,699,4413,-1164,-1777,0,0
379,-1569,662,4684,-1022,-2133,0,0
-750,-1585,480,4274,-443,-2737,0,0
-998,-1871,48,4118,-143,-3302,0,0
-1080,-2211,-628,3693,340,-3743,0,0
-255,-2519,-1013,3597,126,-4358,0,0
382,-2759,-1002,3335,-485,-4431,0,0
822,-2860,-915,3037,-443,-4328,0,0
1099,-2916,-732,2485,-827,-3468,0,0
874,-2660,-366,1826,-699,-2836,0,0
973,-2294,81,1138,-839,-2188,0,0
557,-1995,448,977,-1010,-1153,0,0
-653,-1838,771,1010,-968,312,0,0
-1762,-1229,541,-152,158,134,0,0
-314,-499,94,-1138,-403,-1109,0,0
822,-180,-43,-1356,-1069,-1764,0,0
1320,-118,61,-892,-1349,-2445,0,0
1437,79,247,-712,-1441,-2832,0,0
816,204,298,-91,-1902,-2223,0,0
-1456,431,138,-155,-991,-1523,0,0
-1642,1048,-177,-645,-351,-3596,0,0
-191,1316,-27,-487,-866,-5638,0,0
1011,984,134,-281,-1547,-7582,0,0
804,232,358,-287,-1966,-7306,0,0
212,-387,284,-299,-994,-5718,0,0
696,-582,119,-442,-1121,-4647,0,0
729,-659,135,-271,-1430,-3830,0,0
363,-510,-12,-472,-1647,-2953,0,0
301,-177,-111,-522,-1715,-3064,0,0
311,70,42,-306,-1923,-3809,0,0
222,182,-70,-498,-2192,-4677,0,0
124,194,-158,-481,-2427,-5211,0,0
188,240,-79,-652,-2864,-5324,0,0
-85,283,148,-452,-3136,-5357,0,0
-898,161,273,-83,-2075,-4706,0,0
-663,240,129,-143,-1232,-4115,0,0
331,445,96,305,-1338,-2802,0,0
1184,912,-125,1299,-635,-1771,0,0
2925,1470,-844,2615,-1818,-2444,0,0
3326,1334,-1871,4509,-5122,-2162,0,0
1002,1605,-2301,3861,-5218,-403,0,0
-749,3086,-1930,4019,-2298,-239,0,0
-1433,4430,-566,6326,-1531,-1045,0,0
-3707,5435,279,8966,1709,-1495,0,0
-4171,6176,483,9476,3708,-3519,0,0
-4976,5532,-36,5839,2470,-5263,0,0
-6084,3782,-517,992,2303,-3522,0,0
-4142,2696,-117,519,2939,-3686,0,0
-1450,2200,60,210,2457,-5444,0,0
738,1312,260,200,-512,-5631,0,0
374,188,184,788,-1123,-4318,0,0
220,-363,-319,181,-399,-3490,0,0
1922,-747,71,852,-702,-1904,0,0
3891,-958,757,7346,-1530,-1831,0,0
4341,-1285,1113,1189,-1059,-605,0,0
3232,-2076,610,9567,-805,2488,0,0
980,-1290,-150,2534,-2100,2154,0,0
-938,-707,-77,3159,-307,816,0,0
-2624,-633,231,2025,-1074,499,0,0
-1125,-567,63,1669,-1339,-204,0,0
-1648,-562,-179,2485,-826,-584,0,0
-1020,-540,-93,3840,-821,-1745,0,0
-791,-712,48,4434,-912,-2551,0,0
-1011,-1011,-313,4232,-798,-3252,0,0
-888,-1433,-692,4516,-495,-3495,0,0
-403,-1790,-868,3870,-52,-3875,0,0
282,-2007,-784,3094,-77,-3830,0,0
286,-2122,-731,3012,151,-3165,0,0
362,-2086,-711,3007,349,-3188,0,0
772,-2161,-580,3295,480,-3352,0,0
863,-2298,-478,3475,197,-3472,0,0
757,-2478,-593,3444,-21,-3342,0,0
642,-2595,-675,3006,-195,-2767,0,0
725,-2484,-595,2457,-468,-2350,0,0
1030,-2132,-451,1485,-551,-2262,0,0
1793,-1735,-210,984,-1010,-2213,0,0
1846,-1413,102,686,-1217,-2101,0,0
2158,-1049,132,369,-1278,-2271,0,0
2331,-834,304,267,-1751,-1797,0,0
2474,-547,432,707,-1067,-994,0,0
2282,-53,256,126,-2402,-3448,0,0
35,105,-269,-118,-3023,-2386,0,0
-709,92,-697,-447,-3746,-3271,0,0
-336,78,-233,-366,-4388,-4172,0,0
-1613,59,335,-29,-4119,-4385,0,0
-3411,8,318,-198,-2486,-4353,0,0
-4738,-64,179,-320,-1347,-3866,0,0
-5251,-2,83,-490,781,-3347,0,0
-2474,152,-125,-380,2117,-3339,0,0
1038,274,-179,-275,422,-4369,0,0
1888,327,-51,-184,-432,-4663,0,0
1798,395,-179,12,-1106,-5171,0,0
1549,399,-51,64,-1860,-5265,0,0
1432,458,107,345,-2067,-4590,0,0
816,609,329,731,-2377,-2930,0,0
-1524,1047,701,1565,-722,-631,0,0
-2145,1779,593,1753,696,-482,0,0
-387,2584,137,3132,224,-1153,0,0
1274,3309,136,5116,-1078,-1720,0,0
2190,4012,-134,6896,-2082,-2621,0,0
2442,4542,-414,9070,-3566,-2514,0,0
2103,4787,-735,10969,-2960,-2707,0,0
2405,4640,-1042,12267,-2445,-2431,0,0
1403,4182,-1376,9842,-2013,-2945,0,0
-956,3573,-1355,2415,-1258,-4207,0,0
-2432,3220,-982,-1567,-960,-4428,0,0
-3381,2119,179,1209,-1021,-2451,0,0
-4672,1617,-341,-7,-61,-2724,0,0
-3853,1082,-469,96,741,-3974,0,0
-2043,129,-506,421,1278,-3680,0,0
32,-479,-965,-534,1086,-3214,0,0
2003,-1000,-875,-61,-650,-2840,0,0
1823,-1481,221,3038,-1899,-2593,0,0
731,-1868,1763,13035,-2072,-1810,0,0
-2376,-2659,1000,15211,1684,443,0,0
1180,-2681,-1873,7853,-2498,1386,0,0
1144,-2291,-1556,4961,-3904,1390,0,0
-358,-1944,-562,3738,-1446,935,0,0
415,-1577,-258,2252,-1660,-691,0,0
-194,-1602,-278,2551,-1704,-851,0,0
-1119,-1627,-166,3709,-1033,-944,0,0
-752,-1456,-252,4149,-173,-1794,0,0
60,-1232,-287,3409,-622,-2614,0,0
-6,-1145,-354,2771,-731,-3400,0,0
-103,-1290,-372,3235,-86,-3838,0,0
327,-1538,-407,3249,89,-4113,0,0
680,-1769,-491,3022,-224,-4169,0,0
517,-1950,-538,2721,35,-4003,0,0
502,-1979,-575,2091,416,-3796,0,0
416,-1925,-530,1588,315,-2957,0,0
-173,-1733,-387,1146,944,-2358,0,0
121,-1644,-321,1379,834,-1984,0,0
513,-1577,-481,1804,-360,-2005,0,0
683,-1517,-504,2101,-885,-2311,0,0
1627,-1436,-442,1190,-1533,-2214,0,0
2585,-1273,-190,484,-2201,-1980,0,0
3077,-1139,284,551,-3363,-1148,0,0
2109,-699,805,204,-3994,-1198,0,0
-298,-156,1132,278,-2625,-2085,0,0
-1687,183,895,202,-359,-3607,0,0
-938,227,546,-529,477,-4749,0,0
231,218,474,-584,-16,-4921,0,0
564,52,-37,-416,-682,-5063,0,0
380,-169,-507,-595,-2270,-3849,0,0
-827,-16,-402,-518,-2264,-3247,0,0
-108,108,-158,-489,-1588,-3428,0,0
451,43,54,-343,-2193,-4018,0,0
-441,2,52,-275,-1214,-4558,0,0
-114,28,-219,-439,-1034,-5014,0,0
288,0,-365,-484,-1933,-4933,0,0
231,-49,-307,-241,-2193,-5219,0,0
240,-48,-238,-332,-2863,-5263,0,0
272,13,-14,-661,-3227,-4550,0,0
273,75,209,-507,-3062,-4062,0,0
-317,168,433,-56,-2207,-3129,0,0
-509,382,334,-200,-1326,-3381,0,0
-541,504,345,-125,-1217,-3297,0,0
-620,693,285,552,-335,-2890,0,0
-73,905,-23,1068,-602,-2183,0,0
-924,1452,-249,1634,-746,-1008,0,0
-1766,2326,-557,2915,158,-686,0,0
-241,3283,-735,4279,-435,-679,0,0
313,3978,-227,6700,-2620,-1293,0,0
-473,4330,-63,7308,-1052,-2324,0,0
2498,4609,-397,8511,-2834,-2768,0,0
3317,4676,-543,10963,-4951,-1671,0,0
1165,4888,-1014,12342,-1961,-2618,0,0
642,4340,-1276,9662,-1469,-4683,0,0
-245,2812,-1662,4727,-2527,-4403,0,0
-3454,1589,-1913,-641,-4176,-2512,0,0
-7117,1434,-1073,-2557,-1695,-1827,0,0
-5860,1116,567,-60,2275,-3347,0,0
-1309,117,1281,503,3311,-3421,0,0
2984,-539,1312,-444,1202,-2511,0,0
3789,-665,1132,-791,-662,-2778,0,0
2122,-1029,1399,108,-1175,-2776,0,0
133,-1552,1726,4021,-1677,-2316,0,0
-3575,-1862,1695,14395,-1607,-804,0,0
-9084,-2398,-912,13577,1714,844,0,0
-5427,-1577,-4336,7212,-91,-1917,0,0
132,-1284,-4227,6074,-2137,-1884,0,0
2628,-1718,-3022,4602,-3253,-1713,0,0
2763,-2014,-2076,3665,-3670,-2427,0,0
708,-2030,-1488,3159,-2663,-2320,0,0
-90,-1790,-949,3168,-333,-1686,0,0
1742,-1379,-178,3123,49,-1937,0,0
2159,-1131,205,3095,-506,-2870,0,0
1068,-1205,52,3033,343,-3853,0,0
1028,-1425,-81,2796,470,-3974,0,0
1008,-1561,-56,2315,321,-3943,0,0
949,-1676,-183,1910,342,-3710,0,0
968,-1792,-286,1933,14,-3415,0,0
700,-1865,-300,1686,-21,-2917,0,0
443,-1873,-423,1190,-63,-2320,0,0
224,-1755,-389,1049,-295,-1756,0,0
277,-1321,-453,227,-663,-1912,0,0
780,-869,-367,-329,-1508,-2440,0,0
691,-773,-81,-294,-2645,-2864,0,0
-544,-796,329,5,-2522,-2631,0,0
-842,-533,677,272,-763,-3049,0,0
688,-274,781,354,-507,-3454,0,0
991,-218,531,75,-422,-3596,0,0
903,-230,207,-288,-347,-3420,0,0
953,-135,32,-391,-821,-3211,0,0
824,52,-78,-2224,-1338,-3422,0,0
678,238,-123,-87,-1755,-3707,0,0
513,332,-112,-396,-1937,-3946,0,0
579,352,-119,-329,-2212,-4243,0,0
488,359,-126,-106,-2522,-4447,0,0
289,372,-136,32,-2838,-5036,0,0
-945,335,-106,73,-2958,-4801,0,0
-1749,361,-250,-94,-1884,-5283,0,0
-494,244,-165,362,-2142,-5859,0,0
257,92,-40,334,-3004,-6061,0,0
-563,-98,11,398,-3329,-5883,0,0
-1057,-212,338,676,-2587,-5307,0,0
-215,-156,667,532,-2092,-4657,0,0
1208,88,789,711,-2358,-4089,0,0
1970,404,974,1300,-2948,-2912,0,0
915,937,844,1280,-2881,-2029,0,0
-824,1623,501,1345,-1920,-554,0,0
-1651,2630,230,2914,-145,1229,0,0
-21,4027,198,5268,1696,717,0,0
2433,4830,173,5341,1319,-1414,0,0
1471,4171,-649,2554,-1577,-2227,0,0
-3284,3334,-792,1515,-566,-1289,0,0
-4778,3020,-436,1679,1950,-1766,0,0
-2779,2718,-264,1224,946,-2210,0,0
-1918,2262,-101,643,-375,-2515,0,0
-3177,1719,59,1696,84,-1757,0,0
-4221,1465,141,8011,1965,-1492,0,0
-4055,1570,324,16826,5151,-3178,0,0
-2607,1323,104,9723,2187,-3841,0,0
-3094,2110,-2200,-1154,233,-2994,0,0
-1456,1967,-2924,-321,-323,-4066,0,0
1501,-254,275,1385,-1462,-3399,0,0
1822,-1705,1003,4884,3009,-309,0,0
4627,-1861,768,9495,3534,705,0,0
6383,-1321,94,4779,409,524,0,0
4457,-693,-973,1918,-1757,-578,0,0
972,-482,-1057,2742,-770,-621,0,0
-756,-397,-557,3456,535,47,0,0
-373,-173,-87,3928,796,-22,0,0
185,-35,0,3949,501,-802,0,0
-119,-78,-73,3810,-22,-935,0,0
-845,-59,-148,3796,334,-828,0,0
-794,26,-289,3646,355,-900,0,0
-533,129,-284,3909,270,-1047,0,0
-237,197,-214,3958,412,-1059,0,0
63,235,-219,3777,296,-1128,0,0
115,251,-256,3796,325,-1159,0,0
-68,262,-217,3690,359,-1026,0,0
-325,296,-51,3713,502,-805,0,0
-443,350,235,3716,549,-624,0,0
-526,395,478,3506,642,-568,0,0
-539,410,632,3697,829,-640,0,0
-410,348,670,3731,998,-865,0,0
