12,-11,-81,-669,50,-4107,0,0
34,-61,-72,-711,39,-4046,0,0
39,-81,-33,-648,71,-4018,0,0
2,-200,-2,-744,140,-4007,0,0
-18,-98,48,-797,106,-4084,0,0
-31,-65,79,-912,66,-4190,0,0
-47,-123,43,-1028,61,-4263,0,0
-77,-132,-15,-1003,146,-4398,0,0
-63,-152,-9,-995,167,-4492,0,0
-19,-149,20,-1078,114,-4444,0,0
21,-103,3,-1072,108,-4365,0,0
41,-77,-32,-993,129,-4266,0,0
58,-19,-15,-907,179,-4033,0,0
46,120,63,-811,270,-3786,0,0
-39,220,150,-823,275,-3649,0,0
-203,127,186,-1006,212,-3729,0,0
-446,62,139,-1139,410,-4249,0,0
-591,-12,77,-1263,618,-4865,0,0
-597,-117,39,-1347,430,-5453,0,0
-494,-269,-28,-1406,422,-5680,0,0
-247,-171,-149,-1300,521,-5574,0,0
-7,26,-255,-988,542,-5286,0,0
191,-4,-243,-810,376,-4700,0,0
309,-120,-160,-845,56,-4161,0,0
466,-235,-138,-1021,-267,-3337,0,0
683,-97,-231,-809,-177,-2151,0,0
822,175,-267,-323,49,-1319,0,0
791,23,-120,-236,6,-1150,0,0
640,-365,18,-602,-315,-1352,0,0
451,-509,44,-940,-477,-1847,0,0
338,-544,-78,-976,-182,-1931,0,0
305,-336,-254,-804,47,-1575,0,0
208,71,-301,-629,35,-1570,0,0
-201,430,-172,-837,-216,-2745,0,0
-663,348,68,-1129,-692,-5597,0,0
-543,-327,-103,-2082,-734,-7004,0,0
-84,104,-375,-2003,-495,-7180,0,0
275,266,-130,-1386,-100,-6615,0,0
462,-198,125,-2012,-564,-5382,0,0
267,-14,47,-2130,-444,-5094,0,0
134,394,-55,-1442,41,-4504,0,0
-15,302,155,-735,-233,-4473,0,0
-300,-525,414,-1350,-427,-4735,0,0
-441,-399,484,-1620,-817,-5773,0,0
-588,-475,278,-1899,-529,-7302,0,0
-446,-603,19,-2545,873,-7717,0,0
92,-253,316,-2719,1711,-5636,0,0
134,403,544,-3076,1872,-2721,0,0
-971,1253,305,-3501,2394,-649,0,0
-2619,2508,-415,-1891,3953,-388,0,0
-4125,1011,-1118,-1387,6637,-548,0,0
-5345,796,-1719,-1243,8509,154,0,0
-5674,3103,-2566,-167,8274,-552,0,0
-4704,5549,-3328,1480,6210,-31,0,0
-3088,6240,-3669,5064,2825,-1386,0,0
-2602,2379,-3746,4063,1532,678,0,0
-3404,1719,-3576,4303,5914,-721,0,0
-3183,1340,-3130,5307,3874,-2216,0,0
-2462,646,-1525,5836,122,-4619,0,0
-1567,-264,55,5605,-874,-6148,0,0
-269,-1043,813,3796,-966,-5420,0,0
1024,211,1713,2699,-25,-3788,0,0
1704,269,2544,2395,1142,-3045,0,0
2158,-1737,2885,2325,1831,-3198,0,0
2642,-4028,2850,3399,6467,-5213,0,0
3358,-6051,1831,2663,10609,-5428,0,0
4543,-5029,1871,1638,9977,-4237,0,0
4998,-2995,1637,1076,10959,-3507,0,0
5061,-1523,1421,818,9116,-3090,0,0
4503,-1064,1547,-280,6076,-2394,0,0
3505,-1055,1478,-864,2982,-2075,0,0
2177,-1396,767,-1337,2741,-1164,0,0
1362,-880,147,-1833,1771,-989,0,0
718,-348,-235,-1828,924,-1952,0,0
343,-530,-500,-1601,452,-3118,0,0
220,-697,-578,-1715,550,-3798,0,0
390,50,-585,-1624,349,-3547,0,0
397,590,-416,-1361,78,-3848,0,0
244,357,-249,-1300,-129,-4129,0,0
-5,-238,-58,-1021,91,-4370,0,0
-156,-562,119,-1397,181,-4221,0,0
-191,49,346,-1677,209,-4595,0,0
-349,313,633,-2019,203,-5545,0,0
-667,-145,700,-3084,799,-5940,0,0
-884,77,371,-3671,1397,-5514,0,0
-1219,261,26,-3221,2349,-4338,0,0
-1693,392,-297,-2808,2762,-2914,0,0
-2496,500,-470,-1869,3987,-4054,0,0
-2912,-591,-746,-3293,5380,-2031,0,0
-3196,2351,-911,-1456,5787,-2483,0,0
-3531,2064,-1422,56,6671,-2362,0,0
-3896,1208,-1783,413,6812,-1379,0,0
-4018,2807,-1546,1358,5831,-1288,0,0
-3683,2978,-1846,2630,4054,-1819,0,0
-3021,3013,-1798,2829,932,-1152,0,0
-2711,4653,-1735,3612,1557,-434,0,0
-2849,2731,-2032,3978,2471,-3219,0,0
-2809,-1214,-1505,2653,98,-4305,0,0
-1997,-1936,-585,808,-320,-4194,0,0
-698,676,-435,2227,-160,-5115,0,0
312,1117,161,2181,712,-3587,0,0
1064,651,1233,674,540,-3009,0,0
1853,175,1773,849,162,-3104,0,0
2524,-1099,2019,2101,1846,-2995,0,0
2859,-2540,2122,2860,7443,-3029,0,0
2973,-2282,2142,2990,9789,-2786,0,0
2736,-1976,2687,2929,8056,-3446,0,0
2580,-3585,2842,2403,7168,-4039,0,0
3138,-3863,2395,905,7857,-2112,0,0
3376,-1355,2115,-102,5889,-2392,0,0
3056,-1082,1799,-407,3752,-2334,0,0
2449,-2126,876,-1243,3104,-1161,0,0
1867,-1442,79,-1380,2439,-1138,0,0
1358,-856,-81,-1299,1979,-2157,0,0
1024,-1104,-332,-1242,2158,-2662,0,0
918,-749,-589,-1411,1625,-2881,0,0
748,-246,-415,-1118,725,-3902,0,0
601,-406,-276,-1310,344,-4406,0,0
578,-548,-404,-1423,445,-3983,0,0
579,61,-391,-1317,408,-3054,0,0
335,300,-147,-1250,468,-3024,0,0
16,-133,37,-1771,620,-2969,0,0
-298,616,355,-1858,588,-3952,0,0
-653,615,529,-1933,365,-6092,0,0
-819,-552,358,-2365,902,-7611,0,0
-667,-641,183,-2778,1122,-8009,0,0
-366,272,69,-2557,1322,-6502,0,0
-320,1255,56,-1847,2285,-3442,0,0
-998,1177,-26,-1130,2987,-1926,0,0
-1867,34,-269,-2279,3641,-574,0,0
-2921,1765,-711,-2062,4841,-177,0,0
-4051,1766,-1528,-715,7541,-1701,0,0
-4877,666,-2036,-1273,9106,13,0,0
-4939,3030,-2163,677,9124,-1788,0,0
-4084,4253,-2407,2081,7275,-801,0,0
-3527,6083,-2711,5245,7755,-1071,0,0
-2748,3961,-3801,6161,1001,-1418,0,0
-2807,2044,-3153,3240,1726,-991,0,0
-2487,2203,-2159,4601,2200,-3881,0,0
-1593,-1183,-1475,5231,-338,-6144,0,0
-441,-1827,-423,4294,-20,-5732,0,0
713,531,927,3316,370,-3682,0,0
1309,527,1920,1319,871,-1761,0,0
1677,42,2559,875,903,-1395,0,0
2157,-778,3043,1911,1449,-1827,0,0
2770,-2826,3012,2473,3962,-2370,0,0
3095,-3295,2518,3355,8537,-3371,0,0
3187,-2950,2328,3170,9658,-3578,0,0
3172,-2817,2929,2017,6178,-4212,0,0
3129,-3528,2714,1243,7162,-3445,0,0
3382,-2491,1937,267,6409,-2217,0,0
3188,-3088,1750,151,4648,-2395,0,0
2574,-1992,1198,-1030,2632,-1434,0,0
1646,-1673,308,-1256,2636,-2069,0,0
1164,-1307,-26,-987,2427,-2496,0,0
987,-1266,35,-1416,1459,-3247,0,0
932,-1039,-173,-1810,498,-3454,0,0
765,-350,-260,-1720,487,-3486,0,0
658,130,-252,-1416,467,-2975,0,0
463,290,-240,-3264,630,-2456,0,0
-79,166,-83,-1527,929,-2895,0,0
-481,257,416,-1858,922,-3894,0,0
-724,108,746,-2487,855,-5628,0,0
-945,-206,526,-2978,1029,-8308,0,0
-762,-426,210,-3313,1305,-8721,0,0
-383,-117,-2120,-2977,1934,-7083,0,0
-142,-50,-119,-2757,2317,-4454,0,0
-496,792,-312,-2549,2490,-1605,0,0
-1441,2422,-795,-1532,3659,-832,0,0
-2625,1909,-1235,-1213,5145,-716,0,0
-3852,874,-1800,-1241,7007,-303,0,0
-4724,1019,-2204,-334,8552,-621,0,0
-4913,1574,-2379,678,8561,-903,0,0
-4391,3115,-2204,2086,7153,-1416,0,0
-3889,4442,-2223,3744,5513,-1851,0,0
-3158,3577,-2827,3502,82,-1158,0,0
-2976,3063,-2988,2630,3292,-964,0,0
-2609,2638,-2911,4812,2933,-4236,0,0
-1873,-1509,-2233,5381,86,-6250,0,0
-710,-1175,-975,3839,-629,-4618,0,0
400,1384,373,4381,394,-4130,0,0
900,-355,1501,1313,569,-2604,0,0
1499,-706,2015,431,38,-2343,0,0
2327,-630,2104,1781,1927,-2892,0,0
2995,-1584,2352,2840,6861,-3318,0,0
3246,-1999,2596,3334,10256,-3218,0,0
3112,-1436,3124,2648,8907,-3605,0,0
3089,-2711,3931,1978,7086,-4093,0,0
3545,-3872,3401,466,7233,-1916,0,0
3723,-1685,2753,546,6232,-2055,0,0
3281,-1784,2150,255,5349,-1814,0,0
2721,-2337,1267,-1043,3612,-741,0,0
1790,-2052,516,-982,3655,-1455,0,0
1081,-2517,29,-2097,3105,-1567,0,0
809,-1179,-103,-2415,1721,-2447,0,0
622,-569,-359,-2483,1711,-2533,0,0
353,348,-421,-2289,1479,-3055,0,0
153,1129,-332,-1512,1197,-4201,0,0
58,282,-236,-1012,1091,-4858,0,0
-65,-260,161,-1374,932,-5093,0,0
-258,132,286,-1609,526,-5767,0,0
-497,-242,221,-1761,758,-6737,0,0
-542,-599,213,-2581,1267,-6870,0,0
-466,6,37,-2936,1787,-5497,0,0
-558,737,-133,-2899,1924,-2806,0,0
-1125,1772,-293,-2538,2775,-1542,0,0
-2006,2056,-901,-1874,4204,-803,0,0
-3116,806,-1596,-1060,5757,-1671,0,0
-4019,-1320,-1852,-1868,7565,-505,0,0
-4564,864,-1616,-1655,8989,-91,0,0
-4689,3304,-2066,368,9879,-928,0,0
-4242,3654,-2730,1685,8104,-1568,0,0
-3798,4058,-2926,2986,6897,-1508,0,0
-3281,3630,-3329,5140,4342,-2762,0,0
-2444,2320,-2898,3630,-21,-344,0,0
-2342,3767,-1358,4163,2705,-2732,0,0
-1784,-648,-1570,5130,-42,-6475,0,0
-931,-3079,-1034,2290,114,-4602,0,0
325,1169,263,4436,-82,-5309,0,0
1172,112,1371,3704,22,-4252,0,0
1793,-919,2179,2643,1165,-2290,0,0
2469,-1387,2574,3148,1529,-2508,0,0
3251,-2748,3072,3003,3982,-2752,0,0
3657,-3125,3237,2514,9308,-2237,0,0
3799,-1908,3022,2365,10377,-2669,0,0
3637,-1883,3221,1778,8692,-3770,0,0
3754,-3332,3084,-230,8106,-2801,0,0
4045,-1982,2542,-1393,5916,-1725,0,0
3372,-1073,1560,-937,5873,-1807,0,0
2404,-1675,648,-1454,3981,-1469,0,0
1631,-1709,258,-1724,2764,-1733,0,0
1111,-1951,112,-1810,2659,-2342,0,0
942,-1279,120,-2573,1896,-2904,0,0
795,9,-76,-2385,406,-3543,0,0
443,77,-404,-1765,763,-3662,0,0
249,248,-195,-1291,973,-4039,0,0
140,497,45,-1413,778,-4322,0,0
-86,260,282,-1554,502,-4598,0,0
-450,-218,436,-2203,231,-5583,0,0
-699,-523,79,-2793,636,-6313,0,0
-566,-100,-183,-2822,1813,-5270,0,0
-518,1491,22,-2565,1990,-3363,0,0
-1087,1475,29,-2051,2387,-2617,0,0
-2219,-576,-630,-2479,3784,-903,0,0
-3201,110,-1020,-2414,5066,-448,0,0
-4168,1476,-1404,-1960,8169,-807,0,0
-4892,1456,-1893,-1237,9555,-1653,0,0
-5337,861,-2213,-1616,11003,-739,0,0
-5149,2967,-2608,496,10756,-1449,0,0
-4385,3419,-2933,2268,9334,-2172,0,0
-3733,4654,-2604,3658,7442,-1731,0,0
-2663,4616,-2752,5694,228,-3155,0,0
-1926,2389,-2058,4036,-1530,-2221,0,0
-1541,3526,-1323,6777,3096,-4299,0,0
-623,-695,-491,7496,-1061,-7389,0,0
499,-3540,1164,899,112,-2413,0,0
1387,2115,1370,2239,597,-1668,0,0
1514,1719,1896,3083,645,-2018,0,0
1609,-1349,2380,2275,1483,-764,0,0
2018,-2203,2933,2364,2482,-805,0,0
2457,-2463,3580,2325,5940,-2127,0,0
2819,-2172,4020,1966,8801,-2602,0,0
2688,-1592,4088,1880,9101,-2679,0,0
2110,-2781,3708,1755,6144,-5498,0,0
2588,-5104,2996,-265,5984,-2584,0,0
3170,-2685,2193,-1133,5220,-2062,0,0
2955,-1973,1315,-535,5063,-1896,0,0
2368,-2179,443,-1342,3134,-994,0,0
1847,-1122,424,-1244,1960,-1714,0,0
1300,-1696,180,-1553,2091,-1723,0,0
877,-1004,-130,-1881,1668,-1867,0,0
498,-177,-195,-1798,1441,-2534,0,0
268,95,-208,-1864,720,-2744,0,0
-114,208,-213,-2035,575,-4402,0,0
-260,7,-238,-2236,591,-4463,0,0
-377,916,-352,-1692,824,-7048,0,0
-499,937,-221,-1014,990,-6104,0,0
-662,-474,229,-1824,946,-6987,0,0
-671,-923,380,-3403,1130,-8562,0,0
-228,-315,89,-3947,1854,-6963,0,0
103,1281,-130,-3330,2299,-3437,0,0
-252,2515,-107,-2137,1985,-3056,0,0
-1088,1643,-950,-1984,2813,-1235,0,0
-2161,2245,-1885,-1235,4443,-329,0,0
-3268,1346,-2208,-414,6230,-1706,0,0
-4064,-1274,-2394,-1824,7933,-246,0,0
-4775,-248,-2458,-1815,9889,-673,0,0
-4966,1332,-2726,-1143,9958,-134,0,0
-4733,4108,-3181,1140,9797,73,0,0
-3936,5467,-3355,4104,6537,-1452,0,0
-3113,3876,-2928,5633,2691,-2859,0,0
-2291,1151,-2943,5312,855,-2198,0,0
-1779,2027,-2327,5826,1684,-4129,0,0
-1085,841,-829,7982,42,-7419,0,0
104,-3328,368,3578,374,-5014,0,0
1340,-2056,1223,2777,357,-2961,0,0
1853,992,2045,3647,648,-2025,0,0
2154,-1350,2657,2424,2168,-866,0,0
2517,-1983,3216,2554,3489,-1079,0,0
2980,-3185,3485,2369,7039,-2337,0,0
3474,-3110,3369,1820,9767,-2326,0,0
3339,-1969,3403,1610,8530,-3356,0,0
3277,-3910,3315,852,7238,-4542,0,0
3805,-3812,2345,-1668,6922,-1590,0,0
3809,-857,1665,-1002,6160,-2285,0,0
3235,-716,1058,-1425,4487,-1273,0,0
2314,-946,575,-1632,2644,-1442,0,0
1493,-1511,101,-1765,2582,-769,0,0
797,-1004,-99,-1982,1577,-1379,0,0
313,-605,-37,-2151,1150,-3256,0,0
199,-474,-79,-2526,769,-3540,0,0
72,29,-205,-1898,741,-3774,0,0
-21,309,80,-1300,1211,-4609,0,0
103,524,596,-1233,901,-4336,0,0
-183,226,773,-1956,402,-5999,0,0
-452,-396,601,-2557,627,-8152,0,0
-218,-1101,286,-3463,832,-8423,0,0
112,-449,-200,-3455,1123,-7908,0,0
451,194,-330,-2936,1687,-5329,0,0
362,1130,-207,-2299,1981,-2214,0,0
-200,2169,-155,-2021,2498,-621,0,0
-1141,3634,-433,-2176,3309,254,0,0
-2352,3260,-1316,-1305,4197,-452,0,0
-3668,408,-2333,-1419,6788,574,0,0
-4832,131,-2628,-1810,9220,568,0,0
-5459,1318,-2921,-846,11713,691,0,0
-5268,3768,-3413,3029,12064,-1024,0,0
-4521,3650,-3681,5398,10771,-2527,0,0
-3740,2476,-4346,6342,5943,-4670,0,0
-2431,2580,-3406,4707,-2264,-3671,0,0
-1633,5172,-1753,6064,1532,-2951,0,0
-660,3185,-1632,9909,1134,-6820,0,0
108,-3638,148,5900,-865,-5247,0,0
965,-2894,1659,2182,299,-2956,0,0
2039,217,1789,2525,800,-2272,0,0
2542,95,2395,3003,1948,-1613,0,0
2972,-1406,3176,3072,3852,-1347,0,0
3516,-2367,3789,2744,7998,-1502,0,0
3550,-1238,4040,2188,9577,-1609,0,0
2773,-510,4278,2353,8535,-2909,0,0
2159,-2769,3948,1493,7218,-3538,0,0
2263,-3516,3427,-519,5469,-2806,0,0
2408,-3297,2751,-1412,4536,-2130,0,0
2040,-3712,1360,-1864,3876,-1042,0,0
1529,-2346,480,-2075,2139,-480,0,0
1002,-1438,328,-1717,1606,-1610,0,0
449,-2202,-219,-2150,2439,-1294,0,0
290,-558,-407,-2349,1370,-1205,0,0
-8,974,-259,-1717,927,-3106,0,0
-124,912,-325,-1307,632,-4009,0,0
-120,440,-249,-657,884,-5249,0,0
65,-85,-13,-3088,879,-5294,0,0
232,654,214,-1022,961,-5385,0,0
60,-218,361,-1615,1373,-6454,0,0
-36,-742,470,-3168,1266,-6586,0,0
-166,382,405,-3239,2119,-6351,0,0
-264,601,268,-3456,2526,-4568,0,0
-798,1424,38,-3202,2415,-2582,0,0
-1841,1284,-716,-1906,3275,-2695,0,0
-2816,-771,-1621,-2102,4539,-1180,0,0
-3680,-244,-1941,-2239,5971,-883,0,0
-4250,1033,-2106,-1871,8320,-326,0,0
-4525,2722,-2600,-1620,9903,662,0,0
-4640,4088,-3290,-791,11961,271,0,0
-4523,3459,-3785,-272,11685,759,0,0
-4342,4043,-4249,2137,11532,353,0,0
-3677,4544,-4022,6591,7284,-2743,0,0
-2595,2187,-2517,9399,-1558,-4884,0,0
-1755,330,-850,6653,-1722,-3251,0,0
-1025,3371,-301,9519,2304,-5840,0,0
-274,-104,1230,7645,396,-6177,0,0
637,-3548,3350,-132,840,-1165,0,0
1587,445,3098,135,1668,-631,0,0
1784,1749,2974,2041,1930,-602,0,0
1526,-919,3368,2604,3048,-451,0,0
1696,-3833,3471,2747,4395,-871,0,0
2366,-5042,3755,2867,7728,-3258,0,0
3072,-5118,3527,1351,10992,-2825,0,0
2490,-1310,2821,1054,12022,-2597,0,0
1309,570,2830,2397,7436,-6756,0,0
1454,-3562,2719,-171,5253,-3529,0,0
2106,-3375,2506,-2780,1940,-2330,0,0
2047,-617,1991,-2059,789,-1780,0,0
1504,-1095,991,-972,1138,-1417,0,0
1001,-2192,140,-695,1384,-456,0,0
643,-1863,-129,-733,1233,-567,0,0
399,-1383,-179,-835,858,-851,0,0
212,-881,-146,-561,996,-716,0,0
85,-738,16,-523,1332,-1202,0,0
38,-918,142,-1116,1216,-1756,0,0
93,-616,8,-1645,843,-1646,0,0
-3,558,-74,-1391,910,-2520,0,0
-51,399,5,-874,415,-4170,0,0
-61,-518,-2224,-1312,904,-4216,0,0
5,545,-325,-1132,887,-4462,0,0
200,1133,-192,-482,1003,-4702,0,0
125,-257,-126,-1079,1391,-5272,0,0
265,-503,42,-2093,1190,-4736,0,0
362,246,-109,-2336,1056,-4117,0,0
148,1124,-382,-3288,1210,-4112,0,0
-265,1000,-189,-382,965,-4259,0,0
-1090,-815,54,-1235,1394,-6184,0,0
-1752,-2200,44,-3691,3064,-7736,0,0
-1582,-827,34,-5310,4255,-5084,0,0
-1674,2113,-51,-4417,4347,-2234,0,0
-2225,3217,-839,-3016,5295,-1523,0,0
-2517,4110,-2323,-1076,7193,667,0,0
-3210,4874,-3257,806,8825,406,0,0
-3983,2153,-3699,281,10446,-88,0,0
-4809,908,-3822,-477,12196,306,0,0
-4852,1446,-3931,544,11836,-284,0,0
-4352,1844,-3629,2157,10261,-1294,0,0
-3360,3293,-2749,5433,5772,-4632,0,0
-1916,2017,-2215,6378,505,-5174,0,0
-792,2762,-692,5132,-2466,-4173,0,0
-148,4208,621,6438,-270,-3132,0,0
100,-200,201,6076,509,-3354,0,0
413,-3032,1422,1167,705,-845,0,0
832,-592,2684,-514,979,-314,0,0
1180,-240,2235,355,94,-1123,0,0
1383,-1041,2036,904,774,-833,0,0
1710,-1055,2232,1688,1723,-802,0,0
1931,-1170,2653,2673,5244,-2364,0,0
1793,-1924,3065,2848,9943,-2942,0,0
1282,-2259,2947,3038,12662,-3101,0,0
819,-2702,2314,2445,11998,-4335,0,0
1527,-3459,2712,829,8022,-3944,0,0
2677,-3443,3454,-1107,4146,-2038,0,0
2916,-1957,3411,-1131,2471,-1601,0,0
2631,-1289,2851,-369,2540,-1305,0,0
2278,-1535,2040,-49,2312,-714,0,0
1748,-1560,1246,79,2393,-644,0,0
1189,-959,714,156,1991,-642,0,0
405,-743,431,121,1411,-1558,0,0
-153,-1703,236,-330,639,-2039,0,0
-444,-2263,74,-989,160,-2099,0,0
-562,-2006,-242,-1405,179,-2316,0,0
-493,-1199,-554,-1710,56,-2293,0,0
-407,205,-663,-1401,991,-2595,0,0
-280,93,-767,-1106,1415,-2812,0,0
-210,-313,-725,-1297,1906,-2685,0,0
-154,344,-551,-1226,1732,-3187,0,0
-26,214,-348,-1160,740,-3582,0,0
32,-242,-131,-1079,1240,-4161,0,0
198,-172,-101,-1105,1258,-4337,0,0
429,161,-118,-1116,854,-3878,0,0
328,103,-233,-1137,1336,-3690,0,0
128,307,-205,-1199,1265,-3864,0,0
38,576,-6,-1174,963,-4200,0,0
-83,135,20,-1168,1109,-4554,0,0
-90,-345,-48,-1298,988,-4592,0,0
-26,-459,-72,-1429,872,-4622,0,0
6,-330,-118,-1424,987,-4431,0,0
53,91,-92,-1085,1078,-4218,0,0
86,-25,0,-1021,969,-3594,0,0
-159,19,50,-1403,1278,-3556,0,0
-518,281,129,-1835,1254,-3975,0,0
-925,-34,178,-2458,2077,-5319,0,0
-1032,-651,114,-3613,2673,-7443,0,0
-717,-396,2,-6408,2488,-9544,0,0
-14,-601,-422,-4281,2168,-9101,0,0
744,97,-1003,-2900,2895,-6018,0,0
1185,2393,-1027,-625,3057,-2391,0,0
902,3716,-513,349,2727,51,0,0
-499,4855,-77,148,3592,2212,0,0
-2547,4380,-365,-771,5306,1507,0,0
-4275,2228,-1714,-2466,7169,1131,0,0
-5247,3092,-3525,-1313,9934,625,0,0
-4627,2918,-5112,2427,10312,-2901,0,0
-2933,2819,-4797,3136,8002,-802,0,0
-1578,5641,-4457,6175,6393,-196,0,0
-746,2976,-5034,6560,487,723,0,0
-1467,534,-3871,6712,2017,-2093,0,0
-1576,-20,-1039,6250,849,-3973,0,0
-1036,-1336,768,4566,-887,-4976,0,0
66,-1809,937,2215,-646,-3679,0,0
1035,608,983,2356,-331,-1939,0,0
1326,1351,1512,2559,549,-869,0,0
1280,175,2205,2242,1974,-879,0,0
1275,-1370,2739,1572,9385,-2280,0,0
1320,-634,2797,1002,12124,34,0,0
540,-114,3118,2428,13750,-2482,0,0
246,-2718,2931,2337,9440,-3877,0,0
857,-5096,3373,1049,5086,-2861,0,0
1860,-5330,3926,-16,3550,-2259,0,0
2704,-3931,3669,-598,3212,-1244,0,0
2845,-1785,2895,84,2904,-860,0,0
2491,-3304,1958,1293,2800,-1505,0,0
2070,-2352,1143,1310,2782,-1854,0,0
1560,-2135,637,930,2142,-2049,0,0
906,-1856,324,362,1138,-2802,0,0
314,-1991,39,-220,210,-2599,0,0
-258,-1999,-215,-618,-9,-2868,0,0
-534,-1966,-623,-868,325,-2836,0,0
-443,-1433,-970,-973,348,-2202,0,0
-271,-414,-853,-2760,-2,-2224,0,0
-149,-91,-553,-493,937,-2539,0,0
-4,-327,-375,-1020,723,-2475,0,0
124,482,88,-1166,423,-2504,0,0
26,189,214,-1200,918,-3459,0,0
273,-801,-18,-1526,561,-2314,0,0
263,480,-30,-1115,1398,-2463,0,0
241,533,-89,-932,861,-2850,0,0
217,204,-6,-1147,497,-2651,0,0
-21,421,214,-974,467,-4081,0,0
-33,-715,62,-1302,146,-4504,0,0
89,-613,-142,-1363,705,-4016,0,0
37,200,-188,-1154,1276,-3844,0,0
-110,326,-114,-1562,892,-3795,0,0
-347,454,26,-1738,962,-4590,0,0
-418,-123,14,-1660,1372,-5286,0,0
-226,-414,-50,-1586,1343,-5151,0,0
-100,116,36,-1294,1015,-5292,0,0
-237,110,139,-1360,609,-5922,0,0
-474,-246,148,-1814,863,-7265,0,0
-364,-694,138,-2570,745,-8798,0,0
45,-972,27,-3126,1186,-10051,0,0
1006,-868,-198,-3458,2382,-8723,0,0
2043,984,-194,-2684,2754,-3395,0,0
1891,3001,204,-1765,2578,-83,0,0
512,3085,130,-2913,2075,2695,0,0
-1767,4302,-494,-1671,3345,1712,0,0
-4284,1237,-1545,-719,5794,-1162,0,0
-6106,-2577,-1991,-2336,8395,-596,0,0
-6453,-4,-1817,-2435,10640,-520,0,0
-5148,3642,-2595,-367,9536,209,0,0
-3280,5789,-3759,3338,10444,344,0,0
-1819,6643,-4605,4730,12034,2845,0,0
-1514,8902,-4966,7368,8571,1127,0,0
-1317,6104,-5088,7565,-426,-1201,0,0
-1450,1569,-3772,6544,-183,83,0,0
-1259,-636,-2827,9634,1198,-4130,0,0
-456,-2146,-1105,7824,-1185,-4830,0,0
91,-600,1592,4869,25,-1893,0,0
702,499,2401,2778,673,-271,0,0
882,247,2678,2209,1452,-139,0,0
764,-967,3243,1991,3826,-373,0,0
653,-2124,3881,1356,10138,577,0,0
209,-2520,3777,789,14619,-122,0,0
-220,-3765,3275,1344,13459,-2614,0,0
408,-6882,3225,677,9536,-2470,0,0
2121,-6796,3630,-2113,6166,160,0,0
2982,-2164,3629,-2420,2653,-768,0,0
2496,871,3301,-724,1573,-698,0,0
1807,596,2649,239,1924,-607,0,0
1383,-595,1582,319,2426,-303,0,0
934,-69,741,552,2789,-712,0,0
457,767,646,1183,2216,-1652,0,0
-178,-375,696,1576,1528,-2466,0,0
-697,-2273,242,1298,1991,-2442,0,0
-997,-2237,-280,959,2046,-2795,0,0
-1224,-1394,-632,1185,2395,-4206,0,0
-964,-1579,-871,1120,2459,-4781,0,0
-348,-1615,-861,508,2441,-4616,0,0
200,-1051,-858,322,2418,-4180,0,0
360,-869,-1092,126,2433,-3407,0,0
114,-300,-1185,-14,1837,-3221,0,0
-109,-416,-908,-37,1906,-4487,0,0
166,-1980,-801,-948,2204,-4013,0,0
599,-1570,-676,-1929,1729,-3074,0,0
770,56,-427,-1514,1465,-3192,0,0
781,-102,-287,-1225,1334,-3388,0,0
834,-715,-219,-1321,1315,-3100,0,0
1020,-436,-33,-1253,1087,-2577,0,0
1159,-27,143,-1041,1359,-2051,0,0
1062,-62,169,-905,1279,-1627,0,0
798,-531,-20,-916,1187,-1399,0,0
618,-559,-206,-3128,948,-976,0,0
539,232,40,-696,183,-922,0,0
112,66,250,-720,910,-1994,0,0
-263,-438,99,-1207,1074,-2676,0,0
-270,128,158,-1311,1001,-3483,0,0
-143,6,59,-1652,689,-4232,0,0
-61,-223,-138,-1699,386,-4351,0,0
-115,-470,-281,-1476,690,-3800,0,0
-180,-158,-250,-1137,1207,-3862,0,0
-35,-48,13,-1447,1816,-4350,0,0
270,-238,153,-2732,1446,-4790,0,0
507,-117,11,-3319,1176,-5213,0,0
582,109,-276,-3123,819,-5358,0,0
389,191,-593,-2226,816,-4740,0,0
0,436,-702,-1205,1401,-3985,0,0
-484,910,-203,-804,1426,-4603,0,0
-973,350,487,-1423,1207,-6164,0,0
-1204,-897,723,-3043,1601,-7564,0,0
-863,-1055,717,-4535,1930,-8285,0,0
-145,-380,281,-4475,2552,-7493,0,0
642,1168,-155,-2683,2835,-5209,0,0
944,2521,-50,-1040,3058,-2292,0,0
475,3586,102,-817,3874,1380,0,0
-967,5924,234,-751,5032,2297,0,0
-3000,3640,-693,-1356,5750,522,0,0
-4974,38,-2698,-2383,7949,1279,0,0
-6193,1882,-4354,48,11691,89,0,0
-5370,2922,-5002,2696,10935,-2057,0,0
-3776,3954,-4434,3555,7801,-2216,0,0
-2417,5579,-3951,6048,5599,-1672,0,0
-1282,3898,-3993,6469,-1037,-551,0,0
-1302,3122,-2697,4930,848,484,0,0
-1399,4089,-1204,6396,615,-3248,0,0
-1165,-205,-445,7023,-360,-3406,0,0
-588,-2999,944,3451,313,-2385,0,0
-48,-193,1928,2645,-52,-2487,0,0
534,304,2178,2806,817,-2611,0,0
1189,-1225,2643,1808,4075,-1423,0,0
1432,-1747,3141,1326,11072,-417,0,0
1262,-2185,2914,2084,14335,-1483,0,0
1061,-4777,2497,2931,12929,-3682,0,0
2279,-8641,2683,1110,9782,-1223,0,0
3958,-6584,2818,-2125,5270,-852,0,0
4249,-1499,2751,-1018,3457,-2490,0,0
3911,-856,2327,495,3463,-1597,0,0
3433,-2345,1433,376,3213,-846,0,0
2728,-1859,793,365,2925,-793,0,0
1847,-1382,322,480,2502,-1174,0,0
997,-1385,-18,-12,1417,-1693,0,0
304,-1350,-124,-412,793,-2331,0,0
-113,-1705,-284,-803,558,-2514,0,0
-144,-1642,-541,-987,774,-2125,0,0
-96,-372,-740,-1034,111,-1447,0,0
-288,518,-613,-771,527,-2524,0,0
-285,-119,-538,-1215,1006,-2309,0,0
-173,348,-291,-1491,897,-2190,0,0
-126,526,2,-1320,620,-2639,0,0
-148,36,232,-1373,744,-2952,0,0
1,-105,408,-1489,1066,-3532,0,0
363,-82,310,-1511,603,-3119,0,0
453,31,55,-3256,1090,-2590,0,0
284,368,-58,-1059,1254,-2692,0,0
45,363,-81,-1254,847,-3184,0,0
-120,262,26,-1269,461,-3690,0,0
-336,138,64,-1032,879,-4693,0,0
-270,-491,-126,-1293,1002,-4532,0,0
-87,-198,-135,-1422,1409,-4436,0,0
93,773,-4,-1236,1289,-4365,0,0
24,889,82,-914,976,-4542,0,0
-121,-108,-9,-1243,1233,-4531,0,0
-147,-2,-47,-1449,1403,-4534,0,0
-150,800,15,-1031,1237,-4939,0,0
-273,436,31,-1089,925,-5695,0,0
-511,-57,80,-1383,1116,-6710,0,0
-690,-626,46,-1897,1745,-8316,0,0
-475,-913,53,-2527,2118,-8954,0,0
183,-2624,127,-2467,2139,-8681,0,0
839,-304,45,-2088,2444,-5936,0,0
1056,823,118,-1033,2771,-2728,0,0
701,1680,321,-692,2481,-908,0,0
-342,1951,254,-1097,2535,344,0,0
-1877,2552,-98,-1303,3385,401,0,0
-3508,1753,-875,-1210,5558,-447,0,0
-4428,621,-1857,-1413,7785,144,0,0
-4656,1298,-2382,-423,9185,-43,0,0
-4128,2524,-2756,584,7084,-249,0,0
-3701,4067,-3399,1855,6095,-494,0,0
-3291,5093,-4149,3345,6986,63,0,0
-2567,5007,-4648,4067,3656,1829,0,0
-2541,3950,-4151,4620,2315,730,0,0
-2547,1422,-3246,6783,2467,-3126,0,0
-1929,-976,-1628,7093,885,-5747,0,0
-874,-983,211,5949,49,-7123,0,0
453,91,1037,4143,327,-4874,0,0
1276,1012,1744,2230,1337,-2199,0,0
1557,931,2691,1536,3489,-1259,0,0
1405,-82,3208,1334,12682,503,0,0
865,-936,3031,2419,14184,-1144,0,0
821,-5924,3762,2111,10962,-1987,0,0
2225,-8173,4639,36,11180,1561,0,0
4116,-4782,4261,-1698,7818,1086,0,0
4261,-35,3776,-457,4397,-426,0,0
3089,695,3216,999,3196,-1522,0,0
2201,-2413,1984,490,2832,-1096,0,0
1571,-2545,1271,67,2575,-1293,0,0
1100,-1647,1138,474,2431,-2051,0,0
785,-1826,756,145,1858,-2062,0,0
527,-1016,457,178,1146,-2578,0,0
322,-635,285,506,547,-3365,0,0
156,-935,43,335,456,-3347,0,0
-16,-1054,-161,164,594,-3337,0,0
-179,-602,-342,182,870,-3489,0,0
-338,-2656,-440,298,1193,-4260,0,0
-295,-1300,-527,-161,1481,-4351,0,0
-153,-1434,-670,-921,1456,-3934,0,0
-71,-1076,-818,-1265,939,-3114,0,0
-276,-84,-704,-1007,347,-3349,0,0
-495,-421,-513,-1326,672,-3970,0,0
-210,-678,-453,-1701,283,-2793,0,0
5,582,-378,-1189,575,-1918,0,0
-58,1334,-140,-454,986,-2195,0,0
-134,229,134,-575,1007,-2653,0,0
-166,-746,235,-1263,1914,-2801,0,0
-19,-407,221,-1505,1790,-2689,0,0
126,494,133,-1089,1343,-2449,0,0
0,902,86,-530,706,-2779,0,0
-194,374,155,-174,691,-3308,0,0
-358,-584,-28,-438,1538,-3243,0,0
-284,-304,-128,-528,1100,-3392,0,0
-114,-136,-19,-465,1512,-3662,0,0
-26,-240,2,-926,1668,-4038,0,0
55,-27,112,-1256,1280,-5002,0,0
216,-877,-97,-1959,1463,-4821,0,0
477,-765,-333,-2162,1370,-4771,0,0
697,-143,-363,-1638,1430,-5409,0,0
925,-448,-481,-1557,1378,-4822,0,0
1036,-140,-411,-1264,1498,-4317,0,0
1142,-98,-282,-1358,1225,-3046,0,0
897,454,-244,-1551,626,-2617,0,0
347,743,-272,-1475,430,-3196,0,0
-99,709,-48,-1222,679,-4557,0,0
-318,91,301,-1331,493,-7119,0,0
-406,-885,361,-2826,100,-9637,0,0
8,-828,211,-3503,884,-9878,0,0
707,496,200,-2380,1774,-5689,0,0
678,2470,641,-926,1714,-2148,0,0
-211,1750,637,-1932,1637,195,0,0
-1844,3102,-370,-4239,3310,3404,0,0
-3679,6897,-2168,-3599,8257,2625,0,0
-4281,5845,-4844,-4010,12429,1406,0,0
-4182,3411,-7334,-698,16902,490,0,0
-4188,948,-7286,2534,17752,1358,0,0
-4144,3195,-5398,5562,15355,564,0,0
-3224,2746,-5609,6388,11003,176,0,0
-2221,1588,-5574,9426,4355,-2639,0,0
-1378,1975,-3646,9377,-1485,-2722,0,0
-1084,4998,-661,13049,398,-4343,0,0
-430,-845,625,9645,414,-5322,0,0
404,-2647,2451,2775,1348,-1617,0,0
882,356,3253,1950,1260,-143,0,0
989,-510,3164,1100,697,166,0,0
949,-1370,2997,1117,1634,560,0,0
1035,-2487,2945,1508,4793,330,0,0
1379,-2884,3260,346,10669,1074,0,0
1102,-805,3490,-39,15372,1486,0,0
-186,635,3473,1478,13718,-1922,0,0
-1031,-2635,3096,1751,7411,-3073,0,0
-532,-5845,3384,35,4624,363,0,0
358,-4450,3761,-1399,2271,-520,0,0
826,-2352,3492,-687,1198,-1068,0,0
1023,-2143,2987,-240,1369,-842,0,0
1062,-2547,2264,-184,2273,-1227,0,0
870,-4088,1083,335,3206,-1771,0,0
274,-1090,-196,1398,3402,-3883,0,0
-161,-1017,-755,1573,2077,-5162,0,0
-108,-1646,-404,1274,1786,-4768,0,0
190,-2430,-496,509,2219,-4537,0,0
611,-1933,-1043,-20,2532,-3805,0,0
751,-793,-1413,338,2763,-3862,0,0
843,-628,-1669,503,2169,-3833,0,0
801,-870,-1769,219,1555,-3337,0,0
511,-844,-1770,38,1228,-2745,0,0
145,-174,-1539,37,647,-2850,0,0
-106,-260,-1141,-200,1086,-3591,0,0
-45,-1292,-1065,-1066,1219,-3295,0,0
221,-833,-805,-1951,899,-2627,0,0
359,737,-300,-1648,609,-2957,0,0
398,348,-97,-1245,365,-3077,0,0
388,-625,-117,-1243,403,-2634,0,0
379,-149,69,-916,745,-2696,0,0
383,384,397,-691,1190,-3193,0,0
409,-426,410,-1030,1134,-3057,0,0
454,-850,158,-1449,649,-2235,0,0
445,-66,111,-1291,301,-2097,0,0
240,370,-33,-897,371,-1985,0,0
-120,337,-224,-603,424,-2265,0,0
-353,249,-163,-363,725,-2759,0,0
-393,-82,-38,-433,1165,-3132,0,0
-299,-334,140,-847,820,-3731,0,0
-80,-71,321,-1442,744,-4206,0,0
53,-300,152,-2160,847,-4755,0,0
232,-113,0,-2207,477,-4865,0,0
406,279,-63,-1504,953,-4224,0,0
348,129,-119,-1271,1138,-3527,0,0
179,-182,71,-1575,943,-3016,0,0
-89,-468,138,-2020,1096,-3638,0,0
-120,305,201,-2118,1172,-5466,0,0
106,455,237,-2010,830,-5957,0,0
53,-514,60,-2580,713,-7313,0,0
168,-873,-216,-3411,719,-7800,0,0
566,-231,-336,-3218,724,-7798,0,0
838,-51,-385,-2755,935,-6877,0,0
930,467,-38,-1859,1874,-3356,0,0
498,1825,819,-1272,2428,-342,0,0
-2720,2122,1360,-2243,2639,375,0,0
-2358,2365,636,-3020,3893,1911,0,0
-4195,3896,-1197,-1876,7641,1540,0,0
-5413,3843,-2822,-1015,10707,97,0,0
-5851,3002,-3506,-450,14012,1141,0,0
-5543,3770,-4293,2371,15550,715,0,0
-4846,3906,-5480,4572,15652,-1141,0,0
-4177,3649,-6423,5499,13652,-1598,0,0
-2888,2714,-5326,7365,5786,-4348,0,0
-1799,1308,-2102,6603,-2550,-6035,0,0
-797,2463,-380,5983,-750,-4029,0,0
358,4135,-1140,9666,1274,-2995,0,0
418,808,833,7678,-110,-3243,0,0
391,-2948,3218,3160,1408,-843,0,0
1098,-2048,3407,1149,1500,129,0,0
1451,8,3383,1442,954,232,0,0
1298,-167,3694,2029,2597,-423,0,0
1490,-1774,3780,1322,6570,-344,0,0
1522,-2470,3454,973,12824,824,0,0
945,-1703,2785,1252,15079,-916,0,0
182,-1871,2658,1711,10463,-4819,0,0
701,-5345,2967,138,6884,-2207,0,0
2212,-4891,3438,-2089,3454,-1513,0,0
2724,-1741,3428,-1435,2408,-2192,0,0
2343,-573,2998,22,2120,-2024,0,0
2029,-2119,2071,302,1417,-1370,0,0
1419,-2429,1119,283,1437,-1877,0,0
755,-1696,360,819,1704,-2824,0,0
236,-1594,-214,472,1173,-3223,0,0
-169,-1564,-460,363,1128,-3964,0,0
-197,-1635,-562,-42,1348,-4320,0,0
2,-1595,-696,-714,1396,-3899,0,0
96,-1207,-978,-986,1398,-3336,0,0
-42,-546,-1300,-975,1423,-3002,0,0
-347,344,-1287,-803,765,-3308,0,0
-532,-249,-1094,-940,557,-4473,0,0
-253,-1335,-1153,-1648,617,-3269,0,0
-27,102,-1062,-1466,925,-2727,0,0
91,991,-600,-833,978,-2961,0,0
223,40,-91,-1107,718,-3017,0,0
376,-432,244,-1408,704,-2691,0,0
496,-48,537,-1253,636,-2579,0,0
514,268,739,-1086,883,-2517,0,0
306,-6,612,-1268,496,-2876,0,0
161,-246,144,-1404,743,-2392,0,0
113,790,-74,-826,986,-2384,0,0
187,1139,43,-247,479,-2799,0,0
46,57,94,-597,369,-3222,0,0
-95,-570,-37,-1033,472,-3210,0,0
-118,-210,-100,-987,805,-3325,0,0
63,249,-38,-594,838,-3547,0,0
73,351,-16,-438,766,-3854,0,0
-84,-443,49,-1042,136,-4475,0,0
-169,-1197,34,-2187,552,-4570,0,0
-57,-921,-320,-2824,1358,-4369,0,0
250,596,-383,-1889,1455,-3932,0,0
276,802,-2160,-853,1046,-3712,0,0
-3,-798,-51,-1117,841,-3473,0,0
-202,-641,-31,-1446,964,-4156,0,0
-93,167,117,-1438,675,-5208,0,0
-47,-46,159,-1968,465,-6285,0,0
-170,-218,158,-2647,608,-8314,0,0
-7,-1007,121,-3708,744,-9053,0,0
429,-1062,-13,-4485,1053,-9632,0,0
1145,-320,-138,-4026,1504,-8151,0,0
1685,711,-212,-2956,1706,-4926,0,0
1773,1190,-173,-1646,2357,-1266,0,0
963,870,178,-1977,1578,1787,0,0
-1086,1529,423,-2530,1689,1943,0,0
-3361,2452,-111,-1913,3679,571,0,0
-4943,1923,-1069,-1372,6683,-106,0,0
-5835,2407,-1888,-1717,9350,-150,0,0
-5516,4654,-2627,-1120,10221,563,0,0
-4114,6850,-4127,2317,11362,46,0,0
-2299,6261,-4820,4362,9148,644,0,0
-1720,5734,-4431,5407,7305,3133,0,0
-1505,4537,-6074,8350,3353,1789,0,0
-1438,1416,-5643,6200,36,321,0,0
-2178,1809,-2188,6178,3174,-1952,0,0
-1921,-1092,-1160,8221,879,-4983,0,0
-917,-5599,-525,3860,-814,-4285,0,0
259,-1343,813,2085,173,-3149,0,0
1163,1872,1616,3321,695,-2185,0,0
1479,904,2802,1950,5295,-769,0,0
1376,1112,3853,1607,12200,642,0,0
523,225,3950,2756,15974,-457,0,0
135,-4102,4048,2106,10957,-1104,0,0
554,-7195,4837,1196,8175,843,0,0
1806,-7590,4704,436,6624,86,0,0
3008,-6228,3791,-184,5683,-261,0,0
3122,-2889,2869,-324,4483,-330,0,0
2692,-976,2504,352,3373,-1145,0,0
2211,-2182,1899,325,3089,-1335,0,0
1720,-2282,1159,-192,2212,-1410,0,0
1131,-1660,807,-175,1104,-2253,0,0
518,-2015,288,-84,909,-2632,0,0
74,-1637,-326,-361,1095,-2489,0,0
-266,-1072,-673,-242,1365,-3383,0,0
-440,-1343,-877,-2584,1458,-3872,0,0
-383,-1092,-938,-1074,1324,-3444,0,0
-385,-126,-914,-1216,483,-3478,0,0
-587,-135,-844,-1171,522,-4734,0,0
-458,-3608,-987,-2036,815,-3707,0,0
-98,-611,-1035,-2021,736,-2501,0,0
163,1199,-748,-977,852,-2095,0,0
106,791,-257,-617,464,-2467,0,0
-15,-812,-5,-1128,473,-2396,0,0
44,-797,52,-1322,1316,-1982,0,0
166,43,24,-865,1926,-2368,0,0
411,444,153,-685,455,-1985,0,0
190,311,319,-827,672,-2402,0,0
-40,52,216,-1066,673,-2682,0,0
-140,232,159,-830,1276,-3248,0,0
-95,-47,42,-1010,983,-3576,0,0
65,222,206,-999,497,-4277,0,0
128,-308,201,-1228,1318,-4342,0,0
116,-1043,41,-1967,1018,-4867,0,0
226,-1453,-95,-3081,995,-4120,0,0
272,-374,-492,-3198,1336,-3656,0,0
279,849,-608,-1838,1473,-4114,0,0
299,41,-453,-1466,933,-3836,0,0
190,-172,-202,-1448,826,-3751,0,0
115,-9,-14,-1534,861,-4108,0,0
169,115,-21,-2065,509,-3727,0,0
-63,819,50,-1856,450,-4230,0,0
-480,114,156,-2164,604,-5067,0,0
-854,-467,249,-3161,897,-6491,0,0
-1002,-488,197,-3950,1454,-8710,0,0
-601,-881,84,-4470,1410,-9831,0,0
328,-907,-92,-4125,1890,-9400,0,0
1457,506,-232,-2319,2054,-6354,0,0
1962,1349,177,-547,1868,-4512,0,0
1948,783,707,-1106,2797,-2263,0,0
1324,2300,1155,-2847,2169,949,0,0
-274,4528,1164,-2514,2426,396,0,0
-1836,2041,-327,-3572,4781,2716,0,0
-3226,2929,-2082,-3716,7782,4686,0,0
-3960,6077,-3861,279,10223,2765,0,0
-4258,4966,-5978,3943,12288,1115,0,0
-4331,4665,-6567,5961,12378,177,0,0
-3969,3469,-7693,7642,11155,-2374,0,0
-2660,2590,-7407,6119,4193,-735,0,0
-1970,4529,-4330,7068,2661,-326,0,0
-1484,3374,-2479,8987,2507,-2227,0,0
-862,-1276,-2008,9147,-1129,-3828,0,0
-366,-2512,-46,6301,-304,-2715,0,0
208,351,1728,4363,651,-1930,0,0
493,1451,3089,2898,1901,-1842,0,0
537,685,4060,2099,8139,-576,0,0
53,-377,3862,2014,16210,903,0,0
-519,-2975,3170,2314,16526,-1069,0,0
160,-6819,5006,-308,10325,571,0,0
1467,-6160,6628,-814,6552,2217,0,0
2219,-3796,5799,-437,3949,100,0,0
2471,-1949,4334,-322,2415,-289,0,0
2335,-753,3115,166,1866,219,0,0
1902,-584,1718,137,1887,690,0,0
1083,312,453,209,2273,576,0,0
-159,1078,-467,645,2908,-287,0,0
-1375,565,-917,803,2880,-803,0,0
-2288,-524,-825,1152,3296,-1070,0,0
-2549,-1700,-892,2656,3760,-2724,0,0
-1993,-4008,-1361,2082,3185,-2979,0,0
-1378,905,-1402,1971,3310,-2193,0,0
-1026,2347,-1393,2538,3456,-2008,0,0
-953,1030,-1696,1885,3299,-1480,0,0
-1174,103,-2000,1402,3552,-1215,0,0
-1419,-121,-2402,1196,4279,-1002,0,0
-1452,112,-2660,1014,4582,-762,0,0
-1421,681,-2610,1071,4878,-618,0,0
-1422,1052,-2258,1432,4760,-842,0,0
-1395,761,-1667,1856,4412,-1668,0,0
-1136,-740,-943,1752,4029,-2157,0,0
-619,-1492,-71,602,3835,-2057,0,0
39,63,677,9,3745,-1366,0,0
504,1400,1014,433,4086,-1951,0,0
844,-746,660,-814,4247,-1935,0,0
949,-2911,-48,-1890,3687,-466,0,0
678,-1360,194,-862,3927,-223,0,0
665,917,643,-260,3873,-308,0,0
673,2912,1016,807,3490,-425,0,0
510,2172,1148,1341,3418,-672,0,0
407,212,1024,943,3551,-819,0,0
326,-610,-68,1188,3869,-1095,0,0
546,-830,188,1128,3902,-1772,0,0
929,-753,315,1192,4126,-1963,0,0
1256,-521,241,1464,4582,-1776,0,0
1418,-453,290,1446,3970,-2061,0,0
1472,-889,652,1264,3408,-2330,0,0
1628,-1675,828,903,3535,-2265,0,0
1790,-1754,725,537,3261,-2434,0,0
1792,-1681,610,418,2796,-2950,0,0
1815,-1861,563,300,2428,-2682,0,0
1795,-1780,529,121,2267,-2635,0,0
1778,-1619,547,201,1912,-2382,0,0
1766,-1544,578,116,2159,-1952,0,0
1720,-1320,419,26,2498,-2232,0,0
1805,-1163,206,-308,2003,-1703,0,0
1735,-574,113,-360,1952,-1576,0,0
1595,-344,40,-435,1975,-1742,0,0
1414,-365,129,-933,1397,-2273,0,0
1175,-532,98,-1199,896,-2290,0,0
915,-502,-149,-1257,694,-2419,0,0
625,-168,-288,-1094,491,-2882,0,0
276,-474,-362,-1031,-44,-3536,0,0
-22,-948,-420,-1293,-75,-4197,0,0
-77,-436,-377,-1230,509,-4914,0,0
174,316,-256,-1136,413,-5048,0,0
209,206,-7,-1065,302,-5163,0,0
-40,-668,192,-1650,361,-5737,0,0
-7,-661,290,-2166,300,-5239,0,0
105,184,254,-1891,286,-4502,0,0
37,308,260,-1488,105,-4614,0,0
-8,-121,363,-1622,377,-4443,0,0
-40,640,485,-1646,237,-4168,0,0
-397,486,467,-1585,970,-4526,0,0
-913,-421,471,-2047,2149,-2812,0,0
-1851,-350,694,-2773,3138,-2135,0,0
-3081,-682,867,-3334,5304,-846,0,0
-4351,864,853,-2869,6446,-372,0,0
-4983,3243,-440,-1011,6888,-787,0,0
-4625,3669,-2179,547,9083,-315,0,0
-4046,3447,-3105,1682,10454,-1846,0,0
-3328,2752,-2860,992,8185,-1170,0,0
-3435,3222,-2671,755,10836,346,0,0
-3135,4987,-2900,1446,8764,972,0,0
-3198,6417,-2937,4048,6501,-1567,0,0
-2643,3366,-2677,5851,1631,-2262,0,0
-2323,-369,-965,4779,742,-1189,0,0
-1942,1031,60,4831,-424,-2965,0,0
-1567,2082,533,7292,1775,-5305,0,0
-696,-3633,1633,4176,1475,-5599,0,0
956,-4496,2944,-2368,1289,-2556,0,0
2179,499,2358,-1390,896,-2161,0,0
2568,1828,1932,292,2090,-1150,0,0
2488,946,2339,684,2198,-184,0,0
2124,-318,2758,1010,1972,-40,0,0
1670,-1967,2632,2395,7267,-347,0,0
1334,-3379,1687,3405,12188,-919,0,0
1142,-3377,1801,3014,9801,-4045,0,0
1162,-3799,2635,1903,6939,-5212,0,0
1833,-4067,2715,-304,4898,-3451,0,0
2199,-1312,2413,-326,2576,-2894,0,0
1919,-711,2074,1203,1789,-2813,0,0
1636,-2400,1414,837,1995,-1867,0,0
1479,-2073,935,632,1984,-1649,0,0
1106,-1655,669,858,1768,-2127,0,0
670,-1751,342,493,1265,-2023,0,0
278,-1505,98,51,620,-2352,0,0
-68,-1676,-173,-65,821,-2448,0,0
-99,-1641,-427,-418,1112,-2244,0,0
107,-993,-540,-1083,498,-1507,0,0
193,132,-647,-747,1397,-1537,0,0
344,271,-685,-1105,1842,-920,0,0
290,630,-385,-1350,1893,-1498,0,0
65,594,-100,-1399,1439,-2635,0,0
-62,-274,110,-1193,1216,-3735,0,0
32,-1285,58,-1344,1318,-3891,0,0
162,-605,-155,-1596,673,-4088,0,0
157,198,-309,-1348,438,-4442,0,0
67,-126,-539,-1379,657,-4428,0,0
-65,-418,-622,-1461,974,-4607,0,0
42,-161,-563,-1773,1197,-4282,0,0
173,773,-461,-1369,1145,-4017,0,0
139,585,-284,-709,1087,-6152,0,0
-7,-361,-58,-1314,1027,-3624,0,0
-148,232,235,-1607,701,-4271,0,0
-256,71,362,-1608,883,-5329,0,0
-309,-533,413,-2296,939,-5930,0,0
-393,-13,433,-2532,1284,-6454,0,0
-532,-173,307,-2819,2540,-5841,0,0
-717,742,495,-2766,3211,-3554,0,0
-1375,1767,775,-2028,3427,-3094,0,0
-2106,1679,343,-2097,4120,-645,0,0
-2784,3423,-722,-778,5155,1483,0,0
-3641,3145,-1962,745,7987,587,0,0
-4445,1046,-2581,-679,9923,463,0,0
-4867,2950,-2399,-904,11557,599,0,0
-4414,4422,-2897,-289,11197,98,0,0
-3518,4760,-3608,1878,11544,30,0,0
-2611,5720,-2975,5267,9272,108,0,0
-2149,4323,-2266,8439,3206,-2384,0,0
-1677,-1563,-2851,7359,-5073,-4101,0,0
-994,-115,-1536,5011,-178,-2647,0,0
-302,4318,34,7458,3089,-3568,0,0
-318,930,2376,2744,-183,-4208,0,0
260,-1173,3000,-2286,99,-309,0,0
924,643,1658,-1259,76,144,0,0
795,-35,1250,-715,242,142,0,0
631,-109,1346,-46,660,100,0,0
593,-712,1386,1314,1486,-458,0,0
500,-2876,1577,2286,8744,-806,0,0
756,-3289,1573,1966,12149,-1754,0,0
780,-1838,1858,2450,12814,-3654,0,0
1083,-2892,1817,2550,9642,-4037,0,0
2019,-4055,2277,903,5919,-2489,0,0
2677,-2733,2950,300,3753,-1426,0,0
2797,-2030,3264,624,2653,-824,0,0
2635,-2677,3030,475,2390,-245,0,0
2232,-2482,2261,1054,2914,-381,0,0
1675,-2853,1131,1573,3038,-1486,0,0
1231,-3187,360,1091,2944,-1703,0,0
821,-2182,37,364,2390,-2179,0,0
619,-1310,-53,-14,1317,-2309,0,0
347,-1515,-141,-413,713,-1884,0,0
76,-1758,-223,-807,75,-1677,0,0
-142,-1620,-345,-1014,574,-1832,0,0
-152,-1059,-557,-1549,988,-1555,0,0
-74,91,-594,-1555,1547,-1644,0,0
-19,542,-432,-1681,1583,-2278,0,0
-17,526,-153,-1766,1341,-3298,0,0
44,298,-137,-1596,1623,-3829,0,0
305,-93,-183,-1423,1263,-3768,0,0
517,-498,12,-1473,470,-3846,0,0
491,-1125,-166,-1959,944,-3356,0,0
510,-497,-464,-1889,1570,-3318,0,0
671,531,-417,-1492,1009,-3566,0,0
657,435,-378,-1497,775,-4034,0,0
539,491,-356,-1441,873,-4364,0,0
527,209,-243,-1118,1004,-3310,0,0
413,237,13,-1235,885,-3533,0,0
307,276,270,-1270,582,-4154,0,0
142,-22,355,-2034,464,-4551,0,0
-137,842,281,-2473,260,-5127,0,0
-603,975,101,-2296,816,-5667,0,0
-1154,679,37,-2451,2152,-4943,0,0
-1612,1693,145,-2020,2804,-5118,0,0
-2051,1781,-89,-1260,3408,-3005,0,0
-2797,421,-566,-2760,5079,-3093,0,0
-3251,-259,-793,-1826,5808,-1431,0,0
-3696,2623,-786,-1110,7514,-1294,0,0
-4047,3088,-1659,-83,7970,-1886,0,0
-3966,2034,-2415,117,8740,-1783,0,0
-3533,2405,-2846,42,9910,-614,0,0
-2782,4510,-3291,1201,8247,106,0,0
-2225,5217,-3579,2380,6681,219,0,0
-2005,4412,-3458,3157,5729,-131,0,0
-1749,3053,-2918,3911,3138,-32,0,0
-1677,1877,-1894,4098,-3430,116,0,0
-1709,638,-1087,4591,342,-1670,0,0
-1089,617,-972,5489,1992,-2097,0,0
-1040,-1074,664,4394,-289,-4316,0,0
-433,-2605,1919,1176,-220,-3013,0,0
635,-950,1665,1495,441,-2058,0,0
1313,-2592,1787,2019,1183,-1934,0,0
1723,-344,2527,1845,3359,-1338,0,0
1812,-756,3175,2897,11845,-290,0,0
1803,-1736,3373,2789,14701,-528,0,0
1109,-2805,3475,3443,12984,-2734,0,0
1416,-6295,3579,2924,9607,-1605,0,0
3174,-7934,3562,-307,5961,569,0,0
4173,-4387,3000,-1789,3281,-414,0,0
3815,-467,2634,-354,2652,-864,0,0
3108,-864,2042,762,3029,-969,0,0
2302,-2204,886,653,3285,-618,0,0
1366,-1468,80,786,2908,-1419,0,0
570,-1298,-142,496,1413,-2698,0,0
13,-2218,-126,-369,499,-3136,0,0
-119,-2664,-309,-1211,962,-2632,0,0
-92,-1621,-749,-1431,1417,-2389,0,0
-172,88,-1106,-945,843,-1979,0,0
-489,1272,-1024,-353,169,-2447,0,0
-850,732,-825,-423,761,-3507,0,0
-682,-102,-599,-955,737,-3100,0,0
-389,219,-211,-1108,1108,-3109,0,0
-211,197,54,-1125,899,-3556,0,0
-65,97,232,-1145,270,-3384,0,0
-39,-189,270,-1120,139,-3237,0,0
-44,-234,89,-914,1306,-2581,0,0
2,325,25,-309,991,-2686,0,0
173,-148,158,-264,750,-2325,0,0
105,-361,190,-553,1347,-2504,0,0
68,97,197,-875,1332,-3273,0,0
238,231,305,-1215,904,-3851,0,0
257,-65,208,-1315,1347,-4637,0,0
303,-472,-69,-1440,1443,-4640,0,0
414,-270,-205,-1298,1359,-4684,0,0
576,-55,-157,-1125,1214,-4440,0,0
623,-177,-236,-1150,974,-3765,0,0
377,-264,-404,-1083,1044,-3406,0,0
103,-215,-363,-1011,955,-3313,0,0
-127,247,-186,-1105,551,-3537,0,0
-383,675,-38,-902,838,-4082,0,0
-694,265,135,-896,1277,-5015,0,0
-1081,-157,349,-1658,1643,-7599,0,0
-1120,-264,456,-2311,1495,-10424,0,0
-566,-1229,245,-2993,2273,-11111,0,0
603,97,163,-2231,3199,-7376,0,0
1092,3129,841,207,2688,-3353,0,0
463,3187,1319,450,2527,-1446,0,0
-373,1789,1108,-1766,2723,489,0,0
-1599,2388,384,-2404,3236,44,0,0
-2477,1923,-1031,-2104,5443,541,0,0
-2792,2500,-2078,-1685,7505,1453,0,0
-3024,4411,-2952,-724,9665,1525,0,0
-3245,5147,-4655,2726,12530,1103,0,0
-3209,4235,-5384,5628,11563,46,0,0
-3053,3173,-4377,5642,8914,-804,0,0
-2051,2253,-4608,4656,4101,-1067,0,0
-784,2636,-5000,4272,-2746,-790,0,0
-434,3235,-4437,7027,2234,-1447,0,0
63,1633,-3433,10738,2815,-2760,0,0
-250,-2165,-20,7209,-1065,-3422,0,0
-97,-2155,2516,3401,178,-1826,0,0
883,-2664,2341,2222,135,-1363,0,0
1495,33,2605,1554,2138,-1150,0,0
1709,1261,3670,1047,9198,627,0,0
877,2489,4193,2056,15196,792,0,0
-316,-1264,3444,3758,12897,-3535,0,0
182,-8598,3632,2675,8710,-1412,0,0
2173,-8970,4461,-1141,7864,1661,0,0
3679,-3458,4033,-1183,4785,-1639,0,0
3372,-733,3456,396,3973,-1712,0,0
2660,-1499,2443,628,3617,-874,0,0
2153,-2361,1279,467,2824,-1205,0,0
1631,-2249,632,610,2980,-1537,0,0
1132,-1922,323,339,1883,-1711,0,0
623,-1622,58,205,979,-2070,0,0
168,-1256,-310,329,877,-2463,0,0
-188,-1293,-643,227,862,-3073,0,0
-414,-1319,-859,-97,1079,-3734,0,0
-438,-1150,-1013,-409,1351,-3997,0,0
-245,-491,-970,-456,1261,-3715,0,0
-144,639,-644,-361,547,-3922,0,0
-172,-282,-385,-612,532,-4787,0,0
145,-2130,-455,-1837,679,-3147,0,0
465,-628,-386,-1914,549,-2171,0,0
514,632,-239,-847,598,-2331,0,0
365,-265,-201,-787,669,-2058,0,0
261,-152,-19,-953,996,-1469,0,0
215,556,272,-442,1303,-1681,0,0
246,190,475,-430,971,-1908,0,0
143,-12,595,-1024,718,-4008,0,0
-229,237,305,-1206,1191,-2550,0,0
-466,358,110,-1348,339,-3848,0,0
-426,-374,81,-1500,224,-4558,0,0
-309,-1052,-332,-1809,820,-4504,0,0
-20,170,-530,-1207,1112,-4611,0,0
313,1115,-311,-308,1094,-4188,0,0
322,27,-74,-689,1097,-4065,0,0
162,-602,-27,-1554,1262,-3867,0,0
115,-104,30,-1647,1085,-3843,0,0
-82,-99,4,-2028,1004,-4587,0,0
-275,142,-72,-2435,1168,-6028,0,0
-278,-84,-103,-2217,991,-7518,0,0
-324,-1130,-229,-2559,953,-9195,0,0
-42,-1305,-339,-2944,1345,-8825,0,0
620,6,-269,-2395,1331,-7019,0,0
1007,1179,94,-959,1600,-5207,0,0
919,836,522,-777,1782,-3236,0,0
532,692,907,-1243,2236,-1254,0,0
-512,1403,1239,-2432,3085,538,0,0
-2239,3187,1190,-3207,5100,638,0,0
-3609,4975,-172,-5333,6376,2339,0,0
-3954,6901,-3601,-3578,11080,1870,0,0
-2910,6193,-6074,1407,13436,1950,0,0
-1021,-2916,813,-4932,6294,493,0,0
-2433,2459,-6496,6758,10730,982,0,0
-1183,1061,-7055,7937,1616,-1187,0,0
-1448,649,-4683,6023,-2875,-829,0,0
-1753,3179,-1928,9356,4668,-941,0,0
-1179,461,-709,10824,388,-4754,0,0
-724,-2836,2019,4462,-745,-3727,0,0
80,-601,2884,1689,1352,-401,0,0
599,731,2970,1367,1575,-1123,0,0
724,324,3330,1135,3786,-1753,0,0
836,204,3602,1269,9202,54,0,0
528,-444,3262,1540,15638,1189,0,0
303,-2961,2339,2825,14673,-1264,0,0
816,-6958,2687,1969,7667,-722,0,0
1764,-7759,3834,707,5330,1050,0,0
3009,-6560,3963,-571,4009,53,0,0
3778,-4159,3476,-1331,2854,-252,0,0
3577,-820,2840,-572,3853,306,0,0
2753,1143,1455,933,3479,-41,0,0
1852,-3,527,1140,1349,-1934,0,0
701,-1532,193,678,1228,-2151,0,0
-25,-2129,92,800,1395,-2228,0,0
-198,-2175,-160,676,1999,-2746,0,0
-210,-1092,-523,431,2168,-3656,0,0
-170,-222,-590,589,1674,-4261,0,0
-2120,-703,-615,240,1468,-4474,0,0
60,-761,-811,-302,1064,-4013,0,0
43,192,-661,-2064,225,-4476,0,0
-8,-714,-565,-144,1053,-4626,0,0
227,-1459,-744,-1087,911,-3776,0,0
394,-777,-703,-1308,691,-3707,0,0
415,-585,-553,-1345,568,-3419,0,0
425,-450,-262,-1371,15,-3445,0,0
431,-535,-177,-1158,49,-2722,0,0
310,-19,-270,-808,-24,-2320,0,0
252,517,-211,-293,641,-1850,0,0
141,360,-153,-142,1581,-1670,0,0
50,115,-63,-442,835,-1610,0,0
-20,200,344,-946,-7,-2035,0,0
-173,-320,499,-1154,-148,-2938,0,0
-283,-904,184,-1238,387,-2824,0,0
-182,-476,133,-742,830,-2894,0,0
-60,-469,138,-565,1460,-2964,0,0
56,-2272,207,-774,1306,-2860,0,0
-18,203,430,-1101,844,-3757,0,0
-147,-20,402,-1775,1130,-4657,0,0
-126,-74,178,-1884,920,-4960,0,0
-159,-584,-172,-2158,1321,-7072,0,0
-164,234,-371,-1928,1597,-4504,0,0
-310,586,-253,-1276,1976,-5117,0,0
-301,-604,-139,-1862,1978,-4449,0,0
-281,551,93,-1922,1507,-5136,0,0
-483,454,185,-1833,1193,-6302,0,0
-674,-736,-2,-2079,1471,-6638,0,0
-480,-876,-54,-2144,1708,-6465,0,0
51,-398,-22,-2028,1469,-5135,0,0
472,393,-30,-1389,1235,-4083,0,0
579,-37,-112,-1146,1178,-3239,0,0
599,-123,-178,-1143,1242,-2084,0,0
643,873,-30,-835,1204,-1822,0,0
618,844,101,-848,739,-1892,0,0
427,359,147,-917,335,-1899,0,0
52,143,200,-662,-339,-2787,0,0
-785,-603,160,-828,-113,-5615,0,0
-1171,-2040,-81,-1987,2660,-6709,0,0
-532,-873,277,-3148,4443,-4056,0,0
-114,2164,1168,-2952,3891,-2633,0,0
-792,3331,916,-2377,3674,-1485,0,0
-1879,4126,-596,-1647,4779,427,0,0
-2779,4636,-4048,-387,6689,351,0,0
-3890,3281,-3073,199,9030,-50,0,0
-4832,2339,-3684,132,10730,-485,0,0
-5244,1941,-4216,792,12555,-1711,0,0
-4599,945,-4328,76,12367,-654,0,0
-3531,2934,-4037,776,11096,-897,0,0
-2187,4640,-3942,3182,7513,-1720,0,0
-1219,3266,-3554,4668,2121,-1324,0,0
-1017,2241,-1909,4541,-501,-522,0,0
-924,2882,-391,5710,-1652,-750,0,0
-673,1833,-147,6402,-735,-567,0,0
-492,32,-29,6900,1372,-1387,0,0
-499,-1592,1646,5060,911,-2240,0,0
-322,-2010,3605,1294,1419,-1576,0,0
556,-1094,3582,-64,1777,-2062,0,0
1519,-567,2873,106,2751,-1720,0,0
1764,-204,2970,655,8249,-616,0,0
1422,-518,3146,1392,12827,-207,0,0
556,-2268,2969,2105,16408,-836,0,0
902,-5948,3042,2276,6409,-2585,0,0
2019,-8821,4166,555,5316,746,0,0
3290,-5923,3760,-1804,4983,395,0,0
3358,-2920,2932,-753,3179,-1524,0,0
2589,750,2414,399,3035,-2639,0,0
2026,-1589,1509,199,2331,-2545,0,0
1499,-2938,747,-330,2266,-2978,0,0
1262,-1727,288,15,2152,-3739,0,0
1227,-1121,19,489,871,-3779,0,0
973,-1764,-297,613,649,-3190,0,0
734,-1660,-707,819,990,-2601,0,0
447,-912,-808,901,1065,-2757,0,0
97,-815,-713,422,876,-2747,0,0
-232,-947,-660,-210,904,-2603,0,0
-456,-507,-692,-483,1218,-2739,0,0
-566,52,-756,-697,1339,-3217,0,0
-569,653,-648,-767,930,-3451,0,0
-481,1002,-323,-809,184,-4375,0,0
-274,-99,-324,-1174,421,-4679,0,0
69,-933,-409,-1675,754,-3567,0,0
282,-88,-179,-1461,959,-3073,0,0
317,19,148,-1302,559,-3189,0,0
277,-573,191,-1579,125,-2795,0,0
137,-458,207,-3408,311,-2489,0,0
-14,-252,247,-919,1307,-2531,0,0
-32,-436,241,-866,648,-2462,0,0
17,-452,317,-1047,212,-2031,0,0
-120,-218,262,-1180,879,-2485,0,0
-74,32,120,-1447,637,-2855,0,0
23,593,114,-1389,318,-3040,0,0
-158,377,-66,-1233,763,-3832,0,0
-279,-329,-248,-1480,681,-4329,0,0
-207,-103,-288,-1398,832,-4777,0,0
23,-231,-435,-1013,1109,-4315,0,0
132,-545,-357,-948,1198,-3923,0,0
147,-371,-72,-1396,1338,-3974,0,0
143,-154,90,-1834,961,-4088,0,0
73,13,132,-2090,901,-4694,0,0
166,-43,120,-2120,1039,-4657,0,0
238,-179,106,-1992,1024,-4693,0,0
191,-473,5,-2242,1079,-4227,0,0
55,-211,-9,-2328,848,-4197,0,0
-130,-74,99,-2348,533,-4588,0,0
-274,-391,97,-2527,480,-5027,0,0
-276,-543,5,-2814,605,-5728,0,0
-86,-149,-68,-2668,618,-6295,0,0
251,129,-93,-2238,1114,-5180,0,0
422,907,170,-1475,1665,-3363,0,0
173,1546,631,-1508,1903,-2184,0,0
-604,1941,908,-2236,1661,-342,0,0
-2035,3200,507,-2130,2805,374,0,0
-3193,4349,-741,-3511,3995,1213,0,0
-3767,5019,-2994,-2968,7661,1450,0,0
-4035,3024,-4735,-1724,11007,476,0,0
-4564,870,-4284,-2816,11681,81,0,0
-4741,3232,-3651,-1697,14162,1027,0,0
-3908,3795,-4510,793,15726,1380,0,0
-2865,3839,-4734,937,14214,2758,0,0
-2137,5208,-3998,2070,11707,3235,0,0
-1904,3236,-5175,6990,8793,718,0,0
-1983,-1123,-4878,12395,615,-4484,0,0
-2118,-2811,-208,12278,-982,-7720,0,0
-354,271,3212,8944,646,-6987,0,0
1433,2126,4078,4573,2792,-2658,0,0
1384,102,4358,1585,5072,-232,0,0
1113,-2524,4115,-1225,4043,912,0,0
1293,-1514,3929,-1955,3125,1548,0,0
1413,-571,3519,-688,2871,1367,0,0
1323,-1574,3485,-1022,3353,1380,0,0
946,-1332,3799,-384,8136,516,0,0
100,-1554,2558,620,13300,1525,0,0
-1367,-2822,418,1605,10159,-1544,0,0
-1763,-6715,242,2083,4909,-3754,0,0
-380,-9340,1436,-270,3243,890,0,0
920,-4333,1370,-2783,2156,-824,0,0
1444,1432,1330,-884,1586,-1462,0,0
1254,3030,1550,361,2004,-2018,0,0
958,658,1195,757,3858,-2633,0,0
768,-982,515,549,4627,-3101,0,0
714,-23,683,660,2234,-4041,0,0
804,-606,1092,1093,971,-3069,0,0
685,-1745,427,1428,2184,-2870,0,0
679,-1105,-703,2198,3590,-3911,0,0
1091,-311,-802,2452,3503,-3928,0,0
1356,-638,-392,2065,2751,-3921,0,0
1444,-1218,-316,1450,2049,-3980,0,0
1463,-1506,-424,1039,1756,-3719,0,0
1322,-1218,-623,1011,1854,-3898,0,0
1251,-1271,-703,840,1502,-4091,0,0
1177,-1683,-830,258,1136,-3651,0,0
956,-1062,-932,-297,-308,-3079,0,0
500,-732,-790,-399,190,-3663,0,0
288,-1691,-980,-1156,1003,-3103,0,0
472,-1292,-907,-1877,996,-2177,0,0
610,527,-333,-1439,749,-2353,0,0
633,737,230,-902,22,-2399,0,0
523,-470,500,-777,-48,-2317,0,0
432,-1250,529,-961,201,-1588,0,0
307,-173,436,-1054,543,-1380,0,0
82,645,235,-626,760,-2153,0,0
-51,246,12,-936,582,-2014,0,0
-191,426,109,-827,76,-2984,0,0
-335,-517,68,-913,544,-3461,0,0
-298,-1026,-139,-1083,980,-3180,0,0
-130,116,-157,-885,1222,-3226,0,0
-3,474,47,-809,927,-3554,0,0
-85,97,223,-1371,505,-3659,0,0
-166,-135,145,-1850,369,-3690,0,0
-151,-188,-45,-1836,775,-4199,0,0
-137,62,-188,-1790,1061,-4199,0,0
-174,302,-239,-1834,1036,-4328,0,0
-246,-42,-133,-1842,856,-5393,0,0
-148,-737,-25,-2229,796,-5226,0,0
62,-314,-206,-2192,759,-4936,0,0
178,401,-241,-1252,363,-5750,0,0
202,-234,-110,-1469,451,-5609,0,0
225,119,46,-1891,890,-5373,0,0
150,698,280,-1521,786,-5925,0,0
-60,-247,520,-1786,401,-6911,0,0
-14,-965,576,-2911,1083,-7191,0,0
453,249,533,-2951,1211,-5197,0,0
573,1547,558,-2377,1966,-2714,0,0
270,2823,720,-2604,2045,-493,0,0
-873,5256,515,-3615,2502,893,0,0
-2122,4495,-1565,-5198,4640,3487,0,0
-3967,671,-5226,-6624,11495,7743,0,0
-7130,89,-7214,-2512,19639,5377,0,0
-7939,4828,-4867,2563,21216,2309,0,0
-5981,5816,-3525,5673,19957,-476,0,0
-3315,5991,-4450,4052,19245,1776,0,0
-702,9419,-5915,9134,12889,35,0,0
386,1774,-6980,13356,1245,-3530,0,0
-908,-7780,-4483,11991,-1254,-3697,0,0
-234,-3196,-120,6913,569,-4304,0,0
1027,5510,2403,9364,734,-1998,0,0
228,1623,3441,4101,2735,-1123,0,0
108,-2451,3701,-921,2477,1022,0,0
335,-368,3615,-1714,2233,1820,0,0
277,427,3432,-1574,1263,278,0,0
155,-271,3158,-1214,1881,-306,0,0
30,-762,3162,-124,6345,-543,0,0
84,-1913,2726,829,13378,382,0,0
152,-2484,1719,1187,15203,105,0,0
46,-2868,1764,1671,7481,-2242,0,0
-147,-4852,3158,1553,3867,-776,0,0
466,-6375,3747,427,3185,8,0,0
1494,-5805,3376,-392,1950,-228,0,0
1937,-3316,2731,-651,1274,-144,0,0
1669,-959,2019,296,2325,-1570,0,0
1357,-1317,721,1781,4297,-1901,0,0
856,-1270,-325,2078,3632,-3215,0,0
602,-804,-120,1934,1886,-4663,0,0
612,-1526,115,1645,1957,-3940,0,0
893,-1674,-60,1122,2306,-3789,0,0
1187,-1004,-213,990,2512,-3652,0,0
1147,-974,-486,715,2233,-3346,0,0
908,-977,-762,439,1908,-3434,0,0
740,-1135,-928,244,1419,-3259,0,0
469,-1417,-1035,-74,877,-3397,0,0
193,-1258,-1069,-348,368,-3166,0,0
42,-884,-951,-482,234,-3299,0,0
-38,-934,-991,-964,446,-2786,0,0
-49,-307,-981,-960,860,-2566,0,0
-4,108,-530,-669,1114,-3189,0,0
158,-551,-92,-1039,1054,-3350,0,0
464,-509,23,-1400,785,-2414,0,0
535,504,31,-969,1068,-1957,0,0
378,363,50,-2744,820,-2128,0,0
179,-198,130,-1149,81,-1750,0,0
-102,17,223,-1096,374,-1726,0,0
-358,1,278,-632,755,-2846,0,0
-240,-791,356,-664,753,-3333,0,0
-90,-1205,188,-1483,826,-3208,0,0
23,13,-38,-1703,770,-3799,0,0
181,359,-97,-1586,1073,-4536,0,0
294,-544,-305,-2334,1022,-4046,0,0
331,0,-430,-2211,1240,-3840,0,0
355,177,-437,-1587,1101,-3666,0,0
207,-165,-374,-1579,1238,-4304,0,0
121,-74,-139,-1773,951,-4190,0,0
57,-29,53,-1852,708,-4779,0,0
-76,-479,-15,-2323,724,-5247,0,0
-105,-153,-63,-2226,889,-5230,0,0
12,205,3,-1899,694,-4781,0,0
-68,290,74,-1719,552,-4781,0,0
-178,189,135,-1609,500,-4255,0,0
-338,75,218,-1442,643,-5027,0,0
-376,-464,298,-2201,1013,-5873,0,0
-140,-198,369,-2730,999,-6195,0,0
221,148,329,-2316,1583,-6087,0,0
508,653,381,-1790,2070,-3285,0,0
328,2287,904,-970,2401,-789,0,0
-571,1913,1021,-1936,3018,1245,0,0
-2297,1911,431,-3069,4293,2494,0,0
-4295,3436,-1069,-3673,7224,1732,0,0
-5666,4446,-3486,-2900,12502,1487,0,0
-5571,4718,-5213,-161,16177,813,0,0
-4730,3690,-4929,709,16804,1064,0,0
-3864,5148,-4242,2119,15413,1656,0,0
-2761,5974,-5358,5286,14398,2193,0,0
-1710,3580,-6253,7123,7095,604,0,0
-1420,3171,-5553,10537,107,-1793,0,0
-387,3030,-3932,17111,-9,-39,0,0
-763,3221,421,16351,2325,-931,0,0
-1306,-2452,3859,4655,2882,-727,0,0
-703,-3088,4070,-2370,1809,739,0,0
34,-115,3074,-488,1423,-663,0,0
355,-1230,2970,341,2927,-397,0,0
433,-1630,3495,208,4696,-366,0,0
342,-1316,4361,1150,9638,-319,0,0
-4,-1867,4095,1783,18650,1289,0,0
227,-3428,2031,2571,13042,-1051,0,0
684,-7410,2469,2717,3855,-2576,0,0
1878,-10476,4040,966,5415,1588,0,0
3643,-7682,3653,-2054,4548,1459,0,0
3939,-1121,2881,-1527,2534,91,0,0
3087,2313,2580,770,3059,-598,0,0
2017,906,1331,729,3055,-175,0,0
991,192,314,582,1863,-1235,0,0
144,-165,332,921,1653,-2653,0,0
-297,-1486,227,1013,1648,-2412,0,0
-458,-1972,-147,562,1479,-2926,0,0
-482,-1307,-569,874,2227,-4088,0,0
-293,-768,-889,1095,2455,-4380,0,0
-98,-727,-923,769,1902,-4538,0,0
59,-963,-951,216,1419,-4536,0,0
252,-822,-1014,141,1536,-4657,0,0
407,-873,-988,148,1080,-4516,0,0
426,-785,-873,-175,596,-3786,0,0
395,-212,-594,-700,146,-3504,0,0
303,-453,-623,-874,937,-3289,0,0
339,-580,-854,-909,1664,-1929,0,0
214,402,-720,-518,2058,-1867,0,0
0,810,-341,-330,1649,-2267,0,0
-437,836,206,-409,1961,-3432,0,0
-702,-571,459,-715,2656,-5377,0,0
-288,-2331,224,-2094,1644,-4452,0,0
96,-496,86,-2041,1174,-3973,0,0
281,1439,139,-607,1165,-4167,0,0
301,676,100,-158,1218,-3737,0,0
221,-142,125,-370,1297,-3701,0,0
176,-264,148,-637,1172,-3757,0,0
196,13,132,-731,842,-3761,0,0
219,296,163,-536,593,-4038,0,0
236,23,120,-535,378,-3885,0,0
241,-74,89,-470,318,-3494,0,0
200,-62,73,-404,414,-3283,0,0
142,-285,13,-408,529,-3091,0,0
147,-373,-74,-412,665,-2691,0,0
174,-261,-73,-323,883,-2540,0,0
90,-526,9,-530,896,-2826,0,0
136,-926,-16,-1130,685,-2663,0,0
196,-195,-129,-1248,601,-2392,0,0
120,654,-159,-703,609,-2714,0,0
27,401,-125,-341,944,-2988,0,0
-81,198,-73,-303,1237,-3657,0,0
-66,-292,-27,-649,910,-3896,0,0
-71,-725,-54,-1335,929,-3830,0,0
-85,-319,-103,-1280,1088,-3744,0,0
-47,69,-108,-1190,1197,-3826,0,0
-39,-72,-124,-1496,1064,-3934,0,0
-142,-150,-142,-1666,1208,-4451,0,0
-26,-394,-34,-1649,1352,-5141,0,0
160,-534,-8,-1977,1033,-5575,0,0
333,-645,-56,-2114,1075,-5747,0,0
636,-672,-92,-2301,950,-5300,0,0
864,39,-178,-1861,944,-4637,0,0
857,713,-161,-1196,991,-3212,0,0
313,1295,190,-523,728,-2327,0,0
-965,353,633,-978,1495,-2921,0,0
-2123,-726,952,-2249,2993,-510,0,0
-3761,924,971,-3331,5828,-2232,0,0
-4815,1995,116,-4995,6767,222,0,0
-4820,3125,-1956,-3598,9766,-357,0,0
-4460,4413,-3311,-1447,11176,1759,0,0
-4622,6310,-3479,702,13886,195,0,0
-4508,3637,-4263,842,12725,-121,0,0
-4017,2420,-4087,318,12856,1447,0,0
-2837,5318,-3219,1895,10759,1631,0,0
-1931,5529,-3203,3789,8545,325,0,0
-1531,4019,-3453,4444,3082,-309,0,0
-1948,882,-2668,6131,-462,-2863,0,0
-1418,-1434,-1454,7042,1375,-2261,0,0
-444,400,652,7297,29,-2709,0,0
-222,511,2552,6227,1068,-3605,0,0
264,-2113,2927,2224,3351,-1308,0,0
663,-1113,3241,-486,1593,-80,0,0
587,-201,3770,-13,1565,169,0,0
585,-1225,3977,227,2822,674,0,0
734,-1909,3691,15,2200,1177,0,0
944,-2621,3369,759,5159,72,0,0
1263,-3045,2807,1173,10749,1855,0,0
629,-2439,1918,1659,13076,282,0,0
-239,-2301,1708,2460,9995,-2093,0,0
-596,-4405,2085,2188,4921,-2506,0,0
434,-6546,2904,466,3232,-581,0,0
1606,-5056,2915,-1579,1635,400,0,0
1585,-482,2366,-1327,865,-212,0,0
882,2468,1812,679,1455,-1126,0,0
369,1281,729,2525,2802,-2275,0,0
267,-1407,-259,2366,3141,-2576,0,0
81,-2003,-546,1749,2661,-3470,0,0
-120,-1521,-486,1616,2132,-4395,0,0
31,-1529,-335,1453,2262,-4635,0,0
452,-1747,-430,1193,2548,-4638,0,0
944,-1530,-730,939,2743,-4290,0,0
1251,-1065,-867,868,2973,-3986,0,0
1333,-873,-994,574,2763,-3426,0,0
1289,-533,-957,163,1386,-3433,0,0
1088,-1018,-832,-399,876,-2835,0,0
715,-1204,-958,-768,1232,-2504,0,0
454,-1064,-1057,-753,1646,-2863,0,0
459,-1000,-795,-1058,1309,-3094,0,0
605,-497,-441,-1086,949,-2785,0,0
747,151,-238,-718,890,-2418,0,0
748,273,-16,-537,1297,-2401,0,0
694,-216,89,-858,1230,-2448,0,0
691,-424,-153,-1414,842,-1402,0,0
520,453,-291,-1320,99,-1299,0,0
245,735,-54,-620,-547,-1901,0,0
-115,-427,-13,-541,670,-2238,0,0
-163,-477,-58,-595,1150,-2731,0,0
21,1,94,-354,643,-3269,0,0
14,-349,224,-510,338,-4103,0,0
-16,-797,268,-1032,872,-5010,0,0
138,-1356,168,-2346,383,-4552,0,0
244,-898,-117,-2986,65,-4326,0,0
165,-454,-556,-2645,912,-4632,0,0
262,-200,-640,-1896,1251,-4052,0,0
387,76,-369,-1752,811,-2918,0,0
151,532,-60,-1672,407,-3305,0,0
-123,338,139,-1662,156,-4298,0,0
-284,-183,286,-1848,-62,-5497,0,0
-225,-549,179,-2646,-143,-6459,0,0
42,3,-14,-2782,124,-7252,0,0
457,153,2,-2328,164,-6932,0,0
743,72,236,-1961,-97,-5783,0,0
777,266,419,-1725,322,-5090,0,0
797,194,604,-1586,1010,-2839,0,0
360,1164,939,-2277,1032,-76,0,0
-964,3417,1027,-2328,1886,1155,0,0
-2655,5526,210,-2686,4356,1530,0,0
-4182,4122,-1693,-3855,7624,1539,0,0
-5357,1806,-3891,-4490,11466,3378,0,0
-5953,4089,-5175,437,18564,3175,0,0
-5315,4942,-4734,3174,20139,2819,0,0
-5220,4600,-4392,4133,19973,3239,0,0
-4453,5813,-6351,5369,19139,3641,0,0
-2607,5436,-7754,9633,14343,-988,0,0
-1658,2454,-5456,12943,2868,-8107,0,0
-1125,-1251,-1817,13332,-2456,-6588,0,0
1122,-1789,-282,12378,863,-3054,0,0
2205,-2183,1894,7200,2849,-1362,0,0
1011,726,4497,-1360,4296,1291,0,0
166,3487,4428,-2389,1529,1523,0,0
-326,992,3559,-3002,1737,149,0,0
-18,-1172,2850,-2370,1909,18,0,0
8,-1121,2439,167,1222,-1063,0,0
39,-1772,2504,707,2505,-1079,0,0
174,-1723,2594,1424,8815,-373,0,0
473,-1802,1477,1113,15919,1086,0,0
825,-2215,866,1427,11647,-1518,0,0
676,-3641,2376,230,5319,-1357,0,0
797,-4113,3229,178,2825,620,0,0
1050,-3040,2718,58,2090,311,0,0
1266,-957,2028,-506,1785,41,0,0
1202,768,1633,-253,1811,174,0,0
795,1283,1160,204,3005,-2120,0,0
433,1238,241,512,3592,275,0,0
-227,1285,-866,1074,2948,89,0,0
-1123,668,-1495,1526,2319,-1098,0,0
-1699,-1261,-1495,2114,2787,-2171,0,0
-1660,-3069,-1166,3237,3680,-1843,0,0
-1212,-3556,-868,2940,3724,-3110,0,0
-532,-2716,-701,2626,4509,-3900,0,0
303,-1626,-380,2500,4536,-4230,0,0
1237,-1084,129,1919,3933,-3577,0,0
1754,-839,358,1390,3835,-2918,0,0
1887,-1045,247,994,3876,-2684,0,0
1884,-1226,0,867,3880,-2653,0,0
1919,-1167,-207,732,3388,-2482,0,0
1884,-942,-302,458,2885,-2309,0,0
1661,-818,-394,184,2310,-2336,0,0
1400,-887,-243,-190,1116,-2741,0,0
1061,-1634,-148,-626,1363,-2704,0,0
750,-1814,-390,-1002,1541,-2294,0,0
580,-873,-340,-953,1402,-3205,0,0
580,-1060,-222,-1023,1221,-3861,0,0
728,-1660,-371,-1448,1408,-2984,0,0
846,-522,-330,-1022,2022,-2620,0,0
916,-64,-249,-721,1577,-2472,0,0
921,-176,-261,-820,521,-1582,0,0
712,250,-106,-594,494,-2115,0,0
501,-158,-163,-581,901,-2155,0,0
430,-61,-189,-583,594,-1792,0,0
366,482,-155,-442,979,-1773,0,0
189,612,-1,-651,776,-2276,0,0
-17,215,332,-1138,437,-3024,0,0
-160,-915,330,-1866,400,-3657,0,0
-221,-1179,11,-2557,902,-4392,0,0
84,360,-179,-2048,1028,-4716,0,0
346,397,-159,-1314,811,-4254,0,0
209,-748,-112,-1565,881,-3480,0,0
129,-187,39,-1405,1033,-3508,0,0
141,459,254,-1252,894,-4374,0,0
-41,179,356,-2094,517,-4735,0,0
-285,-252,22,-2747,418,-5223,0,0
-368,-483,-265,-2838,496,-6665,0,0
-292,-585,-404,-3372,55,-8102,0,0
-90,-499,-562,-3598,833,-9668,0,0
641,-264,-595,-3449,1363,-8376,0,0
1579,991,69,-1956,1399,-6726,0,0
2031,646,485,-1325,1309,-3356,0,0
1757,1256,614,-318,1248,226,0,0
589,3212,1019,-1251,1338,4178,0,0
-2040,5303,692,-1036,3361,3699,0,0
-4986,495,-892,-1944,8573,3827,0,0
-7201,97,-885,-4113,13999,5285,0,0
-7632,6576,-1652,-1901,17955,3366,0,0
-6814,8850,-5281,5161,24445,3473,0,0
-4157,9738,-6283,13395,23096,592,0,0
-2489,4243,-5578,11608,13307,564,0,0
-2831,77,-5970,8471,2746,-2913,0,0
-1943,1773,-5635,8319,-1949,-4548,0,0
343,5497,-3908,15580,1058,-2848,0,0
392,4409,704,15411,2035,-3306,0,0
-384,-948,4400,3111,3335,141,0,0
-291,-1153,4213,-1467,1782,1490,0,0
-59,-469,3644,-1338,2180,-133,0,0
241,-907,3405,135,2509,-225,0,0
324,-2010,3519,1174,4165,-610,0,0
612,-2927,4018,1182,9389,204,0,0
533,-2437,3239,1723,18302,2304,0,0
390,-1665,1749,3487,14189,-972,0,0
303,-4549,2813,2701,4206,-2154,0,0
795,-8062,4713,329,4275,1630,0,0
2168,-7006,4601,-1939,2896,1504,0,0
2738,-3019,3332,-1256,1670,-495,0,0
2890,-934,2413,-458,2129,-44,0,0
2286,454,1106,-212,4624,1334,0,0
1119,2850,-535,849,3888,1335,0,0
-163,3246,-415,1321,347,-1704,0,0
-1707,437,-228,199,1516,-2440,0,0
-2318,-1692,-802,2335,2652,-1538,0,0
-2129,-1376,-1425,2152,2871,-2772,0,0
-1479,951,-1901,2296,3292,-3335,0,0
-903,2428,-1771,3948,3620,-3787,0,0
-438,384,-1133,3618,3113,-4083,0,0
-31,-1472,-583,3011,2622,-4030,0,0
401,-1671,-614,2181,2437,-3964,0,0
786,-879,-867,1758,2873,-3439,0,0
860,262,-999,1995,3335,-3238,0,0
837,77,-590,1823,2421,-3947,0,0
1006,-1650,-115,1259,2604,-4047,0,0
1330,-3228,-142,224,2693,-3602,0,0
1486,-2681,-202,-1087,2356,-3010,0,0
1381,-894,-113,-985,2134,-3100,0,0
1251,-914,-68,-873,1803,-3534,0,0
1135,-2172,-222,-1458,1488,-3496,0,0
1148,-2359,-489,-1857,1421,-3091,0,0
1163,-848,-573,-1392,1377,-2439,0,0
1166,389,-363,-695,1173,-2707,0,0
1209,-363,-516,-182,1857,-1676,0,0
1076,-504,-758,-209,1550,-596,0,0
916,571,-236,-149,519,-1049,0,0
539,201,223,-146,88,-1213,0,0
18,-831,278,-400,146,-1645,0,0
-240,-901,286,-522,1142,-1801,0,0
-229,-102,462,-663,794,-2697,0,0
-130,-209,500,-1561,784,-4288,0,0
93,-677,195,-3118,911,-4558,0,0
315,637,-94,-3724,510,-4447,0,0
246,599,-673,-2684,708,-5145,0,0
189,-94,-1094,-1467,1343,-3849,0,0
301,868,-645,-133,1667,-3124,0,0
357,301,161,-501,889,-2290,0,0
-11,-289,638,-1844,388,-2791,0,0
-415,327,461,-2126,225,-4057,0,0
-660,267,189,-2186,94,-5727,0,0
-750,-47,-133,-2704,584,-7438,0,0
-582,147,-256,-2408,554,-9280,0,0
-187,-766,-105,-2303,870,-10518,0,0
701,-540,47,-2491,1178,-9523,0,0
1726,1465,487,-884,1589,-6040,0,0
1962,2064,1128,263,1939,-1558,0,0
1003,2958,1713,-94,2063,1394,0,0
-619,2910,1534,-3069,2021,4130,0,0
-2853,4326,-331,-4486,5483,6532,0,0
-5117,7000,-3634,-4459,13837,4612,0,0
-5679,6175,-5709,-2407,17959,3189,0,0
-5199,5797,-6688,3373,23751,3052,0,0
-3376,5742,-6584,8715,23459,1843,0,0
-2213,3758,-6989,9264,18080,1929,0,0
-1637,3282,-7500,9151,11196,-149,0,0
196,4049,-6118,11140,1988,-1212,0,0
1313,3018,-3449,15377,-3949,-429,0,0
1293,2157,-862,17574,1190,2832,0,0
-675,901,3779,9568,4319,2566,0,0
-1804,-2545,5759,-635,5463,1940,0,0
-152,-3717,2738,-470,2753,-547,0,0
255,-3957,3201,180,6407,-126,0,0
497,-2164,2470,137,14840,2095,0,0
462,-341,-186,2421,14303,186,0,0
376,-2633,-474,2113,3593,-2972,0,0
135,-5892,1643,1533,1962,-152,0,0
821,-7409,2685,1264,2997,1104,0,0
2022,-5589,2632,-1414,2635,427,0,0
2475,-1057,2081,-1945,1198,442,0,0
1782,3643,1650,-126,1667,111,0,0
915,5196,615,1431,3987,-500,0,0
494,3888,-1145,1703,4401,-140,0,0
37,2065,-1644,1078,2185,-559,0,0
-906,17,-1372,483,2383,-1364,0,0
-1527,-2002,-1599,915,4024,-789,0,0
-1764,-1811,-2006,763,5164,48,0,0
-1668,107,-2392,546,5472,-58,0,0
-1393,1178,-2515,896,5088,-341,0,0
-1144,1336,-2244,1443,4823,-885,0,0
-797,1220,-1775,1570,4815,-513,0,0
-442,1232,-1119,1459,4617,51,0,0
-568,-224,-37,-2980,-44,-7955,0,0
-185,-95,77,-3015,276,-8455,0,0
519,264,141,-2361,754,-8025,0,0
1231,499,405,-1428,1010,-6664,0,0
1653,109,891,-1209,1132,-4962,0,0
1846,-732,1253,-2481,1434,-4097,0,0
1792,-244,1223,-3255,1489,-2441,0,0
934,953,950,-2905,740,-123,0,0
-811,2619,458,-2132,1168,251,0,0
-2316,3619,-352,-1790,2620,925,0,0
-3788,3723,-1181,-1796,6173,1602,0,0
-5221,3542,-2419,378,9010,166,0,0
-5938,1471,-3677,916,11842,-105,0,0
-5717,3580,-3519,2564,11378,516,0,0
-4846,4920,-3861,4663,8038,-1810,0,0
-4081,4983,-4830,4451,5747,-1111,0,0
-3126,6088,-5151,7739,4103,-2246,0,0
-2064,1093,-4911,8500,1833,-2112,0,0
-1911,-866,-2058,6115,3224,-1900,0,0
-1493,336,903,6102,317,-5540,0,0
-464,-1754,1829,3268,-1086,-4949,0,0
831,-1499,1826,1003,681,-2941,0,0
1563,390,2049,1680,1016,-2319,0,0
1772,-355,2521,2446,3940,-2470,0,0
1879,-3075,2021,2146,14791,-950,0,0
2956,-3009,1728,785,12289,-1224,0,0
2703,-1780,2981,1810,12036,-2853,0,0
2804,-3056,2826,1864,9951,-1020,0,0
3077,-2488,2678,1239,5474,-1576,0,0
2957,-2702,2572,1621,4259,-2200,0,0
3142,-3414,1974,905,3717,-1482,0,0
3156,-2640,1401,502,3405,-3168,0,0
2851,-1991,895,471,3081,-1139,0,0
2347,-1698,422,165,2344,-1054,0,0
1732,-1395,-16,-285,1188,-1266,0,0
1065,-1463,-482,-711,230,-1098,0,0
455,-1194,-590,-765,-350,-1521,0,0
47,-1400,-552,-823,-17,-1724,0,0
-90,-1427,-531,-1213,380,-1480,0,0
-3,-357,-617,-1090,768,-1006,0,0
55,776,-468,-778,239,-1102,0,0
-154,847,-78,-710,746,-1694,0,0
-332,41,192,-1103,918,-2716,0,0
-165,-574,333,-1747,868,-3254,0,0
74,-107,482,-2002,260,-4239,0,0
213,-380,204,-1994,115,-4394,0,0
258,-479,-191,-1702,73,-3762,0,0
152,-303,-281,-1414,143,-3786,0,0
85,67,-293,-1526,445,-4535,0,0
163,88,-293,-1493,499,-4479,0,0
95,-534,-218,-1720,555,-4395,0,0
160,157,-92,-1872,909,-4411,0,0
274,675,33,-1615,-81,-4408,0,0
-226,-181,-1,-1819,-873,-5921,0,0
-768,-454,88,-2283,-772,-8448,0,0
-716,-912,245,-3178,164,-10297,0,0
71,-691,342,-4087,1069,-10562,0,0
1283,374,500,-3472,1661,-7653,0,0
1845,1483,492,-1930,2315,-1967,0,0
1264,2714,707,-881,1933,1691,0,0
-570,2409,588,-2066,2099,3746,0,0
-3224,4790,-333,-3059,6473,6119,0,0
-5831,7591,-2080,-1548,12372,2540,0,0
-7047,3361,-4481,859,15198,86,0,0
-7271,2184,-5213,4025,19641,-1321,0,0
-4896,4315,-7168,6208,14788,-2584,0,0
-3350,3818,-5949,6980,12362,-1553,0,0
-1798,4319,-6687,10942,5197,-3128,0,0
-706,3458,-4653,10725,-4860,-1431,0,0
-1405,5072,-200,8220,2136,1051,0,0
-1542,3728,1006,7799,2961,-1656,0,0
-1249,-2076,1537,3877,-1099,-4739,0,0
-470,-3191,2723,483,611,-1786,0,0
510,-1543,2562,562,640,-1440,0,0
1279,-1957,2006,1395,958,-1755,0,0
1803,-2150,1954,1627,1760,-685,0,0
1923,-2492,2322,2633,6588,-701,0,0
1593,-2896,2586,1551,16011,1513,0,0
1567,-1275,3222,1786,13305,-1272,0,0
1007,-3567,3303,1870,10988,-1437,0,0
1578,-5651,2665,156,7044,51,0,0
2532,-3103,2569,-3356,1932,1739,0,0
2002,948,2786,-1927,-726,0,0,0
1195,-809,1813,-2856,-611,356,0,0
708,-808,422,-2788,681,1662,0,0
-61,434,-985,-1140,4521,1509,0,0
-1204,1105,-2369,2196,9140,-971,0,0
-1349,965,-1810,4851,7153,-3613,0,0
-1464,-807,137,4295,2572,-7478,0,0
-978,-3135,90,1807,919,-7370,0,0
47,-1597,-272,1442,2210,-6965,0,0
1047,-1302,-171,2369,3456,-5967,0,0
1870,-1962,100,1520,3122,-4236,0,0
2308,-1742,153,893,3669,-3133,0,0
2437,-1380,-226,502,3877,-2348,0,0
2237,-1072,-381,42,3205,-2096,0,0
1754,-1009,-446,-325,1906,-1392,0,0
1137,-816,-305,-919,406,-2587,0,0
722,-1186,-407,-1550,501,-2811,0,0
593,-1053,-728,-1720,907,-2152,0,0
695,-331,-668,-1271,715,-2076,0,0
819,-97,-366,-768,275,-1646,0,0
860,-18,-144,-262,-55,-1045,0,0
765,4,7,24,585,-300,0,0
454,167,146,119,880,-706,0,0
292,291,306,-602,845,-1060,0,0
276,1126,509,-1039,781,-1278,0,0
-49,1536,649,-1005,1077,-2852,0,0
-451,327,638,-1497,467,-4793,0,0
-506,-1161,332,-2318,622,-5557,0,0
-169,-422,8,-2153,1013,-5771,0,0
176,11,-196,-1399,1082,-6099,0,0
290,-769,-386,-1732,849,-5416,0,0
316,-602,-514,-2001,840,-4394,0,0
350,377,-542,-1381,617,-4645,0,0
386,636,-466,-591,801,-4025,0,0
257,453,-247,-123,726,-2298,0,0
-349,1303,240,-282,834,-301,0,0
-2105,2318,439,-669,3006,-41,0,0
-4923,-100,-260,-2158,6191,-3760,0,0
-6169,-2748,-861,-5409,8529,-3351,0,0
-5479,620,-931,-4392,9880,-3737,0,0
-4022,4735,-1134,-1538,9627,-2359,0,0
-3303,5439,-1690,1149,10448,-1046,0,0
-3774,114,-2481,909,10472,-583,0,0
-4211,-1108,-2311,-1085,9764,283,0,0
-3695,2824,-1942,-427,9725,-26,0,0
-2715,5109,-1934,832,8176,126,0,0
-1913,6421,-1986,2205,6035,513,0,0
-1591,6199,-2258,4378,2330,-858,0,0
-1548,3375,-2126,5650,135,-2113,0,0
-1109,1729,-451,6673,-1135,-1282,0,0
-1007,1749,1627,5751,-1327,-1422,0,0
-877,892,2056,4773,2255,-1345,0,0
-507,-1631,1688,2865,1597,-971,0,0
-410,-3543,2715,181,889,-1019,0,0
145,-3393,3331,-1180,1577,-245,0,0
852,-1944,2838,-982,821,3,0,0
1124,-1548,2161,267,1352,-538,0,0
1431,-2564,1827,625,3862,-429,0,0
1474,-2551,1650,229,11087,1426,0,0
984,331,1424,524,12537,1142,0,0
-585,930,670,2631,13117,-2690,0,0
-437,-4954,-35,2617,5341,-3110,0,0
796,-8384,1071,-1039,1553,290,0,0
1657,-3630,1879,-2417,486,-1602,0,0
1921,994,2244,-526,921,-1741,0,0
1713,1399,2426,706,2289,-1416,0,0
1283,-977,1641,1512,3536,-1905,0,0
909,-2581,512,2362,4485,-3451,0,0
818,-2723,-375,2436,4641,-4298,0,0
1118,-1943,-491,1530,2875,-4476,0,0
1435,-1934,-262,897,2510,-4259,0,0
1658,-2216,-455,224,2642,-3498,0,0
1799,-1348,-633,211,2798,-3347,0,0
1756,-792,-855,400,2990,-2223,0,0
1323,153,-780,-43,899,-2139,0,0
856,301,-219,-206,358,-3668,0,0
745,-1559,-271,-854,1133,-2478,0,0
702,-1780,-494,-1986,1245,-1805,0,0
605,-499,-302,-1720,703,-2393,0,0
484,-83,-102,-1510,136,-2906,0,0
453,-490,63,-1463,271,-2809,0,0
402,-790,111,-1521,559,-2257,0,0
393,-416,77,-1098,1007,-2343,0,0
499,-454,13,-661,1087,-1511,0,0
437,264,107,-550,145,-845,0,0
16,1123,458,-2216,-343,-2029,0,0
-508,-146,463,-588,-172,-3377,0,0
-490,-1015,441,-1261,162,-3103,0,0
-217,-328,352,-1652,708,-3061,0,0
60,281,244,-1812,733,-3268,0,0
97,151,220,-2362,1061,-3480,0,0
36,-127,-127,-3151,1191,-4046,0,0
117,263,-561,-3011,857,-4302,0,0
147,400,-747,-1806,660,-4943,0,0
194,-41,-926,-1116,1166,-4463,0,0
326,455,-609,-638,1107,-3237,0,0
135,511,-71,-554,844,-2680,0,0
-263,732,274,-802,532,-2740,0,0
-899,749,395,-943,178,-4907,0,0
-1336,-1168,158,-2383,1206,-7532,0,0
-913,-454,190,-3594,1503,-9926,0,0
-114,392,9,-2957,1006,-11286,0,0
534,-39,-210,-1868,1644,-10270,0,0
1326,912,108,-145,2709,-5973,0,0
1669,2453,895,1147,2851,575,0,0
323,2756,1758,-848,2210,2505,0,0
-1812,1343,1596,-3686,3589,1712,0,0
-3860,1354,-58,-3361,6755,1359,0,0
-5702,1302,-1462,-2776,10213,-262,0,0
-6423,2175,-2199,-1527,12784,1405,0,0
-5820,5226,-3279,3444,15960,-284,0,0
-3730,6254,-3797,5410,12790,-950,0,0
-2641,6554,-4070,6059,9515,493,0,0
-2085,4657,-5543,7413,6172,-1129,0,0
-1545,1627,-5580,6199,1866,-257,0,0
-1687,2915,-3235,4768,-1738,555,0,0
-1739,4832,-1527,8416,2202,-1793,0,0
-873,29,-1378,9972,120,-4602,0,0
-367,-3402,1468,4291,-233,-3403,0,0
286,-120,3053,2006,822,-2030,0,0
977,849,2985,2541,606,-1563,0,0
1224,-978,3136,2204,2262,-1320,0,0
1541,-2568,3389,1754,9573,-282,0,0
1601,-1754,3251,622,16375,2248,0,0
1028,-1013,3430,2096,13665,-2269,0,0
764,-5765,3450,2327,10782,-1193,0,0
1914,-8150,3134,737,7488,1602,0,0
3294,-5878,3115,-1325,3337,1060,0,0
3393,-1519,3327,-906,2082,66,0,0
2955,645,3320,473,2212,-2472,0,0
2240,-1193,2327,736,3694,-1039,0,0
1638,-1758,502,323,3544,-480,0,0
913,296,36,1029,2199,-2010,0,0
108,-332,264,1576,1608,-4044,0,0
-34,-2521,136,599,1405,-3414,0,0
152,-2605,-51,-573,1600,-2975,0,0
255,-920,-323,-353,1718,-3519,0,0
190,-142,-677,125,1407,-4046,0,0
98,-671,-941,30,1010,-4112,0,0
-38,-1012,-1161,-417,885,-4104,0,0
-141,-887,-1189,-571,235,-4309,0,0
-104,-1058,-1067,-626,623,-4263,0,0
193,-1036,-948,-1076,649,-3531,0,0
280,-252,-760,-1129,761,-3212,0,0
240,-81,-525,-1052,451,-3242,0,0
332,-434,-327,-1213,178,-2458,0,0
371,-62,-268,-900,636,-1814,0,0
391,411,-262,-381,1209,-1626,0,0
499,738,-172,-187,1023,-1176,0,0
394,901,184,-367,746,-1821,0,0
248,420,493,-932,402,-2079,0,0
-49,-10,515,-1124,632,-3179,0,0
-204,-820,230,-1366,789,-3805,0,0
-156,-900,62,-1378,550,-4329,0,0
26,-748,-71,-1379,863,-4685,0,0
289,-305,-154,-1311,691,-4669,0,0
469,-158,-170,-1438,1063,-4385,0,0
549,218,-198,-1677,1107,-3815,0,0
422,392,-237,-1455,749,-3961,0,0
183,-750,-348,-1838,875,-4089,0,0
193,44,-192,-1927,682,-4171,0,0
130,482,-152,-1584,332,-4930,0,0
-17,-167,-95,-1796,-32,-5111,0,0
-215,235,47,-1797,-442,-5779,0,0
-490,88,-17,-1688,-224,-6898,0,0
-498,-382,41,-1779,301,-7243,0,0
-138,-123,361,-1857,175,-7607,0,0
337,-425,568,-1985,409,-6819,0,0
774,-439,427,-1858,1195,-4669,0,0
991,578,617,-3264,1844,-1801,0,0
475,2477,1188,-1543,1663,992,0,0
-1028,4620,1126,-1599,3100,976,0,0
-2657,3535,-62,-1108,5295,199,0,0
-4075,1105,-1412,-1403,7218,1054,0,0
-5521,1568,-2346,-1403,10535,419,0,0
-6270,2781,-3373,-619,13996,768,0,0
-6044,4481,-4641,2171,17464,560,0,0
-4533,6289,-5465,4734,16607,-97,0,0
-3111,6425,-5805,6223,12899,-305,0,0
-2389,3147,-5595,7185,6670,-1992,0,0
-1814,1257,-4193,7251,968,-1934,0,0
-595,5071,-1998,10362,-2161,-784,0,0
36,6307,-319,13497,267,-244,0,0
-735,61,1847,9624,1423,-1483,0,0
-1105,-4950,3941,3160,2099,-433,0,0
-258,-3325,4454,333,2518,-494,0,0
975,-2219,3797,-454,2085,93,0,0
1506,-1426,3478,-185,3322,205,0,0
1407,-731,3584,573,11174,1252,0,0
665,361,2790,1217,15382,1689,0,0
-565,-1918,2004,2536,11575,-2265,0,0
-380,-8500,2732,2682,6223,-927,0,0
1091,-10590,3483,-366,6153,2529,0,0
2571,-6074,2856,-2489,3491,115,0,0
2743,-416,2479,-919,1695,-1190,0,0
2004,837,2189,113,2991,-2056,0,0
1686,-1189,1104,-306,2713,-1300,0,0
1214,-2552,539,274,2516,-3332,0,0
821,-480,231,923,2440,-4317,0,0
805,-1419,-2232,752,1679,-3262,0,0
696,-1382,-517,706,1663,-3510,0,0
611,-1186,-890,864,1666,-3575,0,0
458,-1117,-1087,806,1540,-3806,0,0
316,-1289,-1139,591,1491,-4105,0,0
278,-1130,-1266,242,1336,-4022,0,0
276,-1071,-1296,206,1406,-4248,0,0
374,-1159,-1303,-232,1364,-3582,0,0
420,-423,-1164,-445,795,-3460,0,0
398,-277,-792,-879,295,-4017,0,0
544,-754,-614,-1488,-28,-3032,0,0
534,-376,-548,-1533,178,-2514,0,0
521,-76,-379,-1157,186,-1917,0,0
540,118,-159,-684,61,-1324,0,0
409,-310,0,-455,849,-3472,0,0
335,-605,50,-671,1363,-762,0,0
223,370,285,-889,275,-1254,0,0
30,836,521,-1204,-178,-2169,0,0
-391,478,453,-3280,577,-3411,0,0
-626,-635,166,-1445,557,-4111,0,0
-406,-975,86,-1339,657,-3885,0,0
-52,-1,175,-1320,1015,-4375,0,0
219,351,162,-1428,798,-4707,0,0
288,-231,42,-1940,535,-4723,0,0
385,-514,-2152,-2369,631,-4288,0,0
410,38,-276,-2280,588,-3733,0,0
266,345,-456,-1613,685,-3194,0,0
21,324,-443,-1142,797,-2790,0,0
-308,275,-85,-1115,835,-3389,0,0
-523,-232,195,-1928,766,-4092,0,0
-664,-117,261,-2685,459,-6104,0,0
-798,-653,148,-3341,181,-8858,0,0
-540,-1427,-52,-4203,472,-10667,0,0
342,-540,-493,-3948,1451,-9767,0,0
1418,1613,-259,-1019,1553,-6649,0,0
1668,1485,707,485,1400,-4032,0,0
1211,147,1408,-721,1436,-2253,0,0
637,23,1564,-2445,1799,-1326,0,0
-454,1074,1367,-3705,2238,-201,0,0
-2355,1569,847,-3145,4949,116,0,0
-3964,1421,58,-4724,7485,2031,0,0
-4667,3887,-1699,-3542,9458,2696,0,0
-4678,5925,-4667,1389,12228,1408,0,0
-4409,5650,-5946,6292,14757,325,0,0
-4065,5155,-4900,7918,10840,-266,0,0
-4630,2330,-4730,6209,7671,-212,0,0
-5089,479,-5260,5937,4939,-3357,0,0
-3749,-761,-4804,4742,672,-2950,0,0
-2266,4630,-2616,6414,2337,-1083,0,0
-1646,6886,-747,11434,2825,-5847,0,0
-1235,-2678,1062,6192,-588,-6975,0,0
-29,-4911,2507,323,73,-2793,0,0
1430,231,2271,297,1081,-2175,0,0
1907,1916,2700,1605,3503,-1633,0,0
1602,1724,3647,1801,12894,698,0,0
836,1606,3839,2936,18784,828,0,0
221,-3679,3535,3325,12796,-2180,0,0
1110,-9239,4839,1182,7182,831,0,0
2827,-8421,5277,-1015,5532,2274,0,0
3847,-4641,3975,-1212,3756,-128,0,0
3860,-1653,2968,-112,4013,-127,0,0
2926,-665,1605,928,5654,435,0,0
2123,-336,689,802,2663,-1100,0,0
1138,-778,1173,710,1832,-2870,0,0
517,-2481,1186,254,1469,-2099,0,0
353,-2665,590,-63,1059,-2786,0,0
298,-1711,-10,-115,817,-4002,0,0
151,-1220,-527,71,981,-4169,0,0
23,-1252,-894,51,1213,-4688,0,0
148,-911,-1017,-344,852,-4307,0,0
227,-595,-1063,-478,746,-3864,0,0
176,-429,-1169,-450,928,-3657,0,0
74,-137,-1046,-423,272,-3451,0,0
-82,-537,-789,-572,241,-4036,0,0
-31,-1526,-881,-1463,349,-3344,0,0
8,-764,-938,-1887,344,-2971,0,0
-39,240,-743,-1555,352,-3012,0,0
-105,18,-492,-1350,174,-3341,0,0
-38,-463,-174,-1377,-55,-3388,0,0
167,-566,263,-1474,-278,-3479,0,0
343,-400,552,-1489,-63,-3256,0,0
316,312,681,-1383,2,-3470,0,0
170,-2128,617,-1385,-32,-3889,0,0
46,-916,306,-1742,-60,-3150,0,0
-20,-158,268,-1461,-200,-3185,0,0
-4,95,335,-1032,92,-3111,0,0
-60,-394,130,-763,930,-2339,0,0
-117,-138,-4,-581,767,-1689,0,0
-140,200,177,-610,655,-2064,0,0
-167,-209,204,-1083,824,-2326,0,0
-124,176,252,-1409,1004,-2996,0,0
-23,135,278,-1579,1087,-3668,0,0
8,-474,199,-1971,392,-3662,0,0
-16,-694,163,-2385,220,-3989,0,0
40,-578,-58,-2665,662,-4222,0,0
235,-166,-264,-2579,936,-3953,0,0
350,-136,-357,-2396,925,-3748,0,0
401,303,-297,-2217,1036,-3724,0,0
371,329,-168,-2259,614,-3833,0,0
78,-500,-259,-2618,388,-3954,0,0
-62,-154,-222,-2652,383,-4478,0,0
-22,-110,-184,-2875,-338,-5290,0,0
-108,-403,-232,-3433,-523,-6504,0,0
49,-41,-167,-3490,-326,-7556,0,0
512,560,-46,-3091,-292,-7826,0,0
915,589,271,-2648,122,-7443,0,0
1249,-27,646,-2859,456,-5508,0,0
1432,405,673,-2345,1475,-1575,0,0
832,2375,787,-1492,1854,1772,0,0
-808,4747,1074,-2669,2420,2230,0,0
-2838,5180,99,-2935,4455,3404,0,0
-5269,2693,-2366,-1175,10806,4184,0,0
-7874,1150,-3620,-1969,17990,2289,0,0
-7953,4997,-3389,1223,19726,2434,0,0
-5990,7102,-5131,7704,22479,400,0,0
-3576,5967,-6178,9791,17768,-192,0,0
-3073,5447,-5981,10904,9884,-1017,0,0
-3050,1736,-5778,10977,319,-4854,0,0
-1964,-639,-4188,8090,-1932,-4167,0,0
-207,7430,-1560,13848,921,-1416,0,0
-512,4782,1721,13451,2719,-4130,0,0
-747,-5425,3940,3028,2501,-894,0,0
147,-2986,4405,-984,1640,183,0,0
1063,504,3829,-163,2242,-296,0,0
1253,-253,3544,1107,4570,-688,0,0
1256,-1256,3829,945,9117,69,0,0
982,-920,4065,729,14033,1534,0,0
-10,-400,3278,1909,19587,1855,0,0
75,-3218,2013,2536,5867,-2780,0,0
193,-6992,3519,1128,3187,1,0,0
1369,-7894,4480,-910,3481,1804,0,0
2507,-4619,3740,-2531,2092,130,0,0
2473,-236,2987,-786,2163,-817,0,0
1603,-94,2054,311,3315,-1930,0,0
731,-1360,544,-59,3592,-1347,0,0
-97,-302,106,211,1954,-3378,0,0
-353,-712,487,599,351,-3709,0,0
-531,-2092,73,664,681,-3330,0,0
-424,-1831,-518,1100,1166,-4223,0,0
17,-856,-567,1835,1768,-4534,0,0
351,-763,-687,1828,2353,-4741,0,0
579,-441,-694,1499,2165,-4740,0,0
666,-301,-493,1291,1692,-4942,0,0
713,-1280,-417,562,1451,-4717,0,0
781,-1512,-478,-94,1253,-4121,0,0
775,-1205,-608,-222,1384,-4053,0,0
724,-1192,-970,-381,1309,-3707,0,0
566,-857,-1203,-655,906,-3483,0,0
303,-574,-1223,-972,466,-3637,0,0
208,-982,-1155,-1148,458,-4155,0,0
442,-1009,-1117,-1606,703,-2834,0,0
575,594,-927,-1455,646,-2466,0,0
512,1305,-501,-1015,232,-3038,0,0
431,317,-208,-1199,53,-3143,0,0
452,41,-44,-1543,-114,-2929,0,0
435,444,201,-1197,-301,-2845,0,0
284,720,495,-1070,-58,-2848,0,0
59,275,604,-813,108,-3755,0,0
64,-953,300,-1056,-316,-2844,0,0
-5,-336,190,-877,-349,-3038,0,0
-260,224,8,-526,1,-3136,0,0
-556,230,-198,-342,129,-3377,0,0
-630,48,-117,-433,47,-3610,0,0
-469,-192,28,-729,-126,-4014,0,0
-114,-382,10,-971,67,-3523,0,0
173,-119,-117,-837,477,-2673,0,0
255,97,-146,-596,717,-2471,0,0
199,141,39,-775,200,-2590,0,0
40,32,268,-880,-23,-2969,0,0
-129,-453,240,-967,334,-2963,0,0
-228,-513,160,-1121,-3,-3272,0,0
-210,-96,113,-1300,-100,-3601,0,0
-271,4,-109,-997,462,-4301,0,0
-118,-29,-86,-1071,670,-4243,0,0
103,646,164,-1159,800,-4315,0,0
-18,220,171,-1631,781,-5154,0,0
-43,-555,118,-2202,741,-5412,0,0
149,124,40,-2344,591,-5798,0,0
223,499,-58,-1635,50,-6098,0,0
126,-63,-193,-1517,83,-5970,0,0
44,411,-18,-1227,-83,-5898,0,0
-301,275,242,-874,-350,-7353,0,0
-541,-1304,243,-1561,480,-8404,0,0
22,-650,483,-1801,1858,-6541,0,0
832,1845,1144,-1421,2305,-3762,0,0
657,2771,1385,-1690,2029,-498,0,0
-822,2406,365,-2452,2668,839,0,0
-2712,1446,-1298,-2403,5074,2234,0,0
-4734,1236,-2268,-2099,9439,2374,0,0
-6139,2208,-2709,-1651,13376,1964,0,0
-6597,4400,-3838,1331,16425,1344,0,0
-6061,4963,-4934,5057,18323,792,0,0
-4674,5996,-4401,5596,14104,422,0,0
-3334,7371,-4502,6015,9832,69,0,0
-1349,6200,-5490,8368,4426,-849,0,0
600,4487,-5765,12489,286,-1466,0,0
930,4513,-3048,16384,-812,718,0,0
-466,1589,1433,13278,914,-332,0,0
-708,-4284,3898,5249,2733,2117,0,0
-562,-2957,4940,784,3310,1860,0,0
-146,-1231,4649,-141,3048,634,0,0
381,-1784,3923,-117,4819,282,0,0
435,-2200,3908,-199,11291,384,0,0
370,-2453,4035,-1088,16091,1469,0,0
-197,-1925,3476,-59,16368,642,0,0
-366,-3845,2118,684,4958,-2418,0,0
-41,-6593,2572,-436,730,-293,0,0
668,-5912,3008,-1895,979,555,0,0
1213,-2792,2456,-1956,112,-572,0,0
1346,-386,1889,-606,1013,-670,0,0
927,796,795,166,5668,221,0,0
406,1741,-1181,677,5701,388,0,0
-106,2127,-1776,1075,2631,-1264,0,0
-1251,1030,-1328,728,3191,-2372,0,0
-1781,-974,-999,2450,4693,-3023,0,0
-1283,-2197,-993,2421,3425,-3409,0,0
-710,-1104,-562,2083,2066,-4880,0,0
-123,-656,51,2789,2447,-4814,0,0
514,-971,277,2785,3095,-4326,0,0
1033,-1215,294,2502,4157,-3956,0,0
1437,-994,327,2167,4651,-3406,0,0
1741,-993,514,1760,4298,-3459,0,0
2036,-1735,596,1059,3767,-3259,0,0
2227,-2318,316,78,3095,-2894,0,0
2101,-1988,-240,-309,2972,-2366,0,0
1683,-920,-743,-136,2634,-2395,0,0
1248,-946,-925,-63,1943,-3645,0,0
1119,-2258,-1167,-831,1776,-3002,0,0
1095,-1597,-3280,-1268,1438,-2685,0,0
1057,-250,-992,-973,1361,-2741,0,0
1021,192,-586,-859,955,-2787,0,0
931,246,-205,-1099,568,-3144,0,0
917,-129,-88,-1350,338,-2963,0,0
889,-250,-43,-1268,211,-2916,0,0
841,-35,164,-1267,201,-2646,0,0
690,542,476,-1210,47,-2694,0,0
453,243,654,-1137,-158,-2884,0,0
290,-707,602,-1278,-442,-2533,0,0
105,-892,443,-1448,-415,-2330,0,0
-103,-438,90,-1113,250,-2059,0,0
-233,86,-177,-489,485,-2261,0,0
-193,-4,-177,-385,364,-2143,0,0
-190,359,15,-498,101,-1997,0,0
-345,669,199,-321,131,-2956,0,0
-391,-206,99,-659,246,-2865,0,0
-428,-53,150,-850,211,-3163,0,0
-412,332,292,-930,318,-3581,0,0
-462,-53,328,-1240,396,-3948,0,0
-536,-768,328,-1777,722,-4345,0,0
-433,-958,230,-2461,621,-4661,0,0
-238,-759,-75,-2869,715,-5299,0,0
163,-129,-366,-2652,1189,-5215,0,0
545,562,-433,-1810,1001,-5119,0,0
654,214,-413,-1479,1086,-4446,0,0
569,-51,-235,-1588,877,-4475,0,0
474,-122,-86,-1878,645,-4308,0,0
248,147,-15,-2088,117,-5061,0,0
-18,369,265,-1953,54,-5571,0,0
-338,528,715,-1948,209,-5438,0,0
-887,-156,912,-2528,1065,-6270,0,0
-1084,-1300,726,-3499,1322,-4549,0,0
-1109,-86,694,-3320,2077,-4367,0,0
-1000,1368,344,-2022,2336,-1838,0,0
-1370,3719,66,-1086,3532,551,0,0
-2095,6307,-221,-1093,4739,1197,0,0
-3079,5169,-1646,-413,6591,1167,0,0
-4689,272,-3614,-558,10014,1599,0,0
-6230,401,-3851,-950,14055,1425,0,0
-5807,3768,-3546,25,14527,1233,0,0
-4582,5889,-4047,1538,15732,1840,0,0
-3084,6934,-4872,4321,13622,1250,0,0
-2040,6183,-4680,6497,7117,-977,0,0
-1829,2489,-3494,6778,-1233,-1926,0,0
-1133,1045,-2502,8740,-662,-1626,0,0
605,2945,-2022,12152,-114,-942,0,0
-33,3544,1321,11052,1864,-1767,0,0
-1168,-977,4153,5031,3567,-552,0,0
-880,-3533,4794,1194,2784,1111,0,0
-23,-2498,4545,-169,2771,426,0,0
810,-2287,3886,548,4038,-643,0,0
1290,-2641,3734,565,9074,-5,0,0
1351,-1625,3871,371,11964,855,0,0
203,-854,3008,2289,20284,1077,0,0
581,-3775,1286,3035,5557,-3410,0,0
1081,-8891,3135,2473,2371,-1253,0,0
2799,-10583,4039,-1108,4482,1475,0,0
4388,-5203,2782,-3043,2488,-349,0,0
3828,1266,2167,-943,2951,-331,0,0
2048,3466,1183,1305,3665,-1524,0,0
1323,755,698,908,554,-3544,0,0
439,-2217,789,251,1771,-3545,0,0
243,-2742,568,-753,1246,-2640,0,0
422,-632,274,-331,336,-4458,0,0
437,-106,-128,405,192,-4235,0,0
316,-707,-442,566,317,-4290,0,0
222,-1259,-544,636,532,-4869,0,0
196,-1298,-794,503,889,-4747,0,0
192,-1153,-1064,332,1290,-4413,0,0
215,-913,-1173,165,1359,-4381,0,0
222,-1015,-1205,-237,1039,-4166,0,0
275,-1036,-1325,-558,1031,-3451,0,0
278,-310,-1426,-691,1183,-2880,0,0
231,115,-1326,-752,1342,-2664,0,0
161,301,-1115,-754,346,-1876,0,0
-185,1149,-588,-378,-962,-2981,0,0
-333,240,-101,-567,-420,-3538,0,0
-226,-869,-18,-1261,373,-2657,0,0
-92,-99,111,-1517,11,-2943,0,0
-143,846,502,-1372,-286,-4008,0,0
-282,-164,472,-1462,-458,-4750,0,0
-184,-1459,161,-1664,-426,-4054,0,0
84,-480,179,-1359,-99,-2861,0,0
229,619,349,-448,1201,-2911,0,0
335,-290,246,-216,1268,-1676,0,0
144,-200,293,-380,328,-3728,0,0
-159,143,494,-390,-592,-2612,0,0
-417,-700,306,-742,-240,-3431,0,0
-291,-418,68,-1127,177,-2865,0,0
-102,1377,138,-517,488,-2908,0,0
-182,1287,367,-381,49,-3556,0,0
-351,-226,539,-1021,491,-3777,0,0
-396,-1047,459,-1876,524,-3945,0,0
-286,-751,122,-2293,516,-4124,0,0
-190,160,-188,-1946,1016,-4371,0,0
-54,534,-248,-1315,1303,-4165,0,0
21,500,-106,-1013,1205,-4157,0,0
-51,-44,2,-1041,1055,-4306,0,0
-19,-120,103,-1096,1444,-4564,0,0
139,887,300,-774,1164,-4859,0,0
-273,130,223,-1080,833,-7521,0,0
-809,-1984,40,-3054,1350,-10362,0,0
-297,-1594,107,-4354,2335,-12163,0,0
1158,-5,85,-3181,2176,-10183,0,0
2029,1084,189,-1087,1906,-6143,0,0
2104,1500,472,-7,2138,-1353,0,0
1321,1741,310,-1242,1985,4821,0,0
-1039,3170,-2496,-2517,3763,6873,0,0
-3974,5555,-1792,-2708,9126,6838,0,0
-6110,7185,-2949,-1375,14584,3810,0,0
-7046,4684,-4806,1310,18459,1078,0,0
-6026,5140,-6042,4545,22896,2519,0,0
-2720,7815,-7371,9610,20356,1472,0,0
-1127,4849,-8051,10552,12883,1639,0,0
-1124,3876,-5849,10446,5279,1305,0,0
-206,3281,-3933,13722,-4489,-1459,0,0
1269,1507,-2721,15678,-871,-60,0,0
630,2646,914,11973,2352,735,0,0
-1436,-745,4526,4558,3073,-1154,0,0
-791,-3738,4242,-987,2593,1825,0,0
191,-107,3803,-1942,2377,554,0,0
333,611,3833,791,3671,-1590,0,0
241,-1259,3967,1112,8196,-507,0,0
-355,-1700,3766,1548,17129,1432,0,0
-539,-3203,2646,2693,14002,-273,0,0
-332,-6893,2559,2742,6689,-2511,0,0
942,-7681,3795,250,5173,281,0,0
2297,-3885,4296,-487,3494,-1080,0,0
2796,-2923,3954,374,3202,-1967,0,0
2960,-3303,2697,327,4365,-17,0,0
2620,-1665,1261,557,2487,-726,0,0
1839,-1239,845,1446,1649,-3229,0,0
1038,-2639,180,923,1642,-2979,0,0
671,-2951,-200,193,908,-3612,0,0
692,-2436,-338,-36,950,-3657,0,0
611,-1616,-779,-244,551,-3375,0,0
303,-834,-1140,-178,520,-3734,0,0
153,-655,-1228,89,594,-3473,0,0
73,-648,-1207,-48,70,-3239,0,0
-92,-401,-1014,-284,-558,-3482,0,0
-179,-668,-818,-800,-202,-3307,0,0
-50,-29,-638,-1350,-282,-2590,0,0
29,730,-348,-964,47,-3114,0,0
44,-385,-90,-963,111,-3001,0,0
117,-854,219,-1051,72,-2699,0,0
330,-351,548,-949,-91,-2219,0,0
403,-145,469,-726,395,-1316,0,0
153,73,255,-285,614,-1125,0,0
-186,185,328,-553,348,-1667,0,0
-370,393,613,-1094,-271,-2416,0,0
-629,116,551,-981,734,-4194,0,0
-569,-1059,56,-1566,673,-4202,0,0
-238,-244,-10,-1659,359,-3382,0,0
-215,660,-3,-1101,1018,-4055,0,0
-300,-139,-155,-1152,798,-4225,0,0
-275,-355,13,-1500,540,-3632,0,0
-301,-301,74,-1723,670,-4072,0,0
-327,40,-157,-1589,976,-3819,0,0
-277,1088,-123,-575,1025,-4047,0,0
-358,398,51,-563,1182,-4718,0,0
-446,-282,174,-1416,1430,-4395,0,0
-606,396,265,-1582,1681,-5513,0,0
-791,318,289,-1884,1839,-6656,0,0
-1093,-276,258,-2522,1745,-9797,0,0
-961,-1704,25,-4180,2578,-13187,0,0
646,-2664,-195,-4125,2903,-12753,0,0
2603,1375,-334,-1358,3119,-9527,0,0
3702,1934,-37,867,3539,-3790,0,0
3301,1661,637,-155,2927,2954,0,0
989,1910,1151,-3601,1165,4724,0,0
-1883,1816,-274,-4246,3927,7419,0,0
-4788,3756,-2214,-3734,10394,6265,0,0
-6337,4592,-2839,-1836,12670,2867,0,0
-6911,5521,-4267,1440,16973,2523,0,0
-5496,5972,-6280,6061,20504,3467,0,0
-2868,7980,-6195,9337,18089,2859,0,0
-1229,5275,-6488,9349,12866,3382,0,0
-1153,937,-8053,11214,4700,-2710,0,0
-1103,-1238,-6915,12714,-984,-7503,0,0
23,3930,-2246,19603,1426,-4100,0,0
131,3863,3417,12362,2583,-2548,0,0
-231,217,5542,548,3907,2404,0,0
-789,-510,4919,-1021,3018,962,0,0
-421,-2008,3619,314,3660,-508,0,0
231,-2201,3722,25,7680,-66,0,0
-140,142,4285,2161,16788,124,0,0
-206,-1468,3413,3534,17336,-486,0,0
253,-5993,2897,2622,7597,-1506,0,0
1188,-7411,4241,1413,4887,-364,0,0
2722,-6167,4891,147,4085,-1169,0,0
3668,-4838,4204,-232,3270,-1280,0,0
3862,-3657,3073,244,3331,-423,0,0
3104,-2531,1077,507,3879,162,0,0
2191,-350,66,885,728,-1613,0,0
1021,-929,282,622,-382,-3508,0,0
113,-2902,-55,-47,-104,-2778,0,0
-230,-2403,-634,-702,856,-2325,0,0
-270,-32,-849,389,1132,-3413,0,0
-284,-371,-919,576,859,-4064,0,0
-294,-1214,-805,-448,-183,-3017,0,0
-470,-265,-376,-773,-1205,-3736,0,0
-625,-1406,-437,-972,1,-3611,0,0
-497,-1859,-610,-1762,310,-2618,0,0
-326,-587,-2432,-1587,799,-3044,0,0
-15,-135,-79,-1493,257,-2693,0,0
141,299,116,-1165,227,-2583,0,0
176,-76,157,-952,707,-2373,0,0
263,-322,187,-867,400,-1742,0,0
181,65,154,-880,715,-1761,0,0
67,145,115,-3464,198,-2356,0,0
-21,-6,182,-1604,179,-3173,0,0
-143,-540,-224,-1808,943,-3126,0,0
-35,814,-358,-1113,698,-3431,0,0
88,912,-14,-583,428,-3368,0,0
-195,-382,62,-755,540,-3493,0,0
-426,-221,168,-1082,942,-4026,0,0
-327,267,385,-1437,825,-4267,0,0
-323,-32,304,-2043,795,-7784,0,0
-238,-168,-5,-2440,1096,-5711,0,0
-90,217,-99,-1848,1154,-5963,0,0
-40,-746,-184,-2208,954,-6279,0,0
-22,-567,-238,-2593,319,-6610,0,0
16,-62,-300,-2261,-114,-7917,0,0
255,-207,-429,-2181,234,-8136,0,0
751,405,-248,-1690,917,-8041,0,0
1526,391,368,-1548,1050,-5882,0,0
1923,246,1004,-1795,1295,-3214,0,0
1650,70,1091,-1695,1779,-226,0,0
633,1371,1006,-2298,1475,3707,0,0
-1481,4482,971,-1911,3882,3566,0,0
-4056,5712,-312,-3268,7909,5149,0,0
-6476,5505,-3210,-3458,14674,4192,0,0
-7545,4500,-6890,-1390,20933,2830,0,0
-6658,5615,-8523,4156,26531,2796,0,0
-3741,4827,-7111,6232,22664,1601,0,0
-2503,5652,-7166,6070,21389,3540,0,0
-841,6933,-7581,13318,10065,164,0,0
-525,-251,-5808,19701,-1791,-40,0,0
52,-1686,-2013,16680,878,-1336,0,0
-183,3420,3603,12575,3557,-131,0,0
-704,816,5737,2346,4560,827,0,0
-944,-2322,4863,-5017,5265,4776,0,0
-1732,-908,4264,-5221,4258,1407,0,0
-1603,-1433,3477,-3441,2133,-1942,0,0
-814,-1780,2592,-1514,2044,-1101,0,0
-389,-2295,2314,-1061,2367,-1638,0,0
91,-1917,2116,-740,5499,-869,0,0
212,-175,1936,-364,11991,1240,0,0
78,-438,-110,3597,18431,222,0,0
1454,-4140,-1048,3069,3825,-1496,0,0
664,-5086,1410,497,994,-600,0,0
823,-5539,2920,1078,2326,227,0,0
1693,-3887,3234,-296,2068,320,0,0
2049,-919,2959,-1017,966,199,0,0
1536,1563,2425,-230,741,64,0,0
769,2800,738,1345,3655,-399,0,0
637,2783,-2422,2209,5444,691,0,0
561,2625,-2973,1202,2339,169,0,0
-604,1350,-1644,351,3238,-1449,0,0
-1214,-1856,-1363,1356,5883,-1164,0,0
-1157,-3228,-1276,1654,5695,-102,0,0
-1009,-2428,-1201,850,4661,160,0,0
-958,-1312,-1372,228,3963,-34,0,0
-919,494,-1337,389,3755,-488,0,0
-712,2075,-1265,1039,3964,-706,0,0
-394,2485,-1261,1415,4303,-511,0,0
-130,2159,-1182,1498,4379,-118,0,0
-117,1785,-908,1510,4143,-152,0,0
-363,1210,-592,1669,3948,-851,0,0
-627,93,-187,1528,3393,-1400,0,0
