1257,-1246,1196,2826,2991,-3261,0,0
1893,-1107,1865,2436,3263,-3071,0,0
2342,-1105,2462,2302,3751,-2799,0,0
2689,-1486,2707,2260,3745,-2658,0,0
2969,-1954,2811,1711,3239,-2215,0,0
3040,-2048,2580,1390,3276,-2186,0,0
3032,-1979,2146,1341,2986,-2603,0,0
2947,-1847,1588,768,2905,-2540,0,0
2783,-990,996,644,2642,-2706,0,0
2623,-397,609,520,2091,-2812,0,0
2367,-210,610,569,913,-2760,0,0
1873,-320,642,60,78,-2952,0,0
1394,-312,599,95,-758,-3107,0,0
1026,-523,470,-276,-1172,-3592,0,0
634,-127,374,-180,-1558,-3690,0,0
244,-222,172,-363,-1650,-4149,0,0
-136,-69,-173,-674,-1210,-4066,0,0
-813,649,-512,-628,-956,-4235,0,0
-1399,391,-966,-1233,0,-4328,0,0
-1847,880,-1636,-1033,950,-4212,0,0
-2475,1949,-2420,-1105,2702,-4143,0,0
-3080,3985,-3052,142,4610,-3819,0,0
-3148,4165,-3998,2696,7236,-2929,0,0
-2672,1911,-4727,2097,9205,-1832,0,0
-2522,2881,-5243,2036,9460,-1397,0,0
-1849,2752,-5964,3739,6350,-2022,0,0
-659,688,-6031,3820,2456,-1901,0,0
-100,825,-5049,3742,2025,-765,0,0
26,6,-3987,4883,2627,-1639,0,0
104,-868,-2813,4163,1296,-297,0,0
-174,81,-1548,4698,131,-399,0,0
-234,-37,-144,4665,-126,-694,0,0
-87,-539,1049,5207,-75,-673,0,0
193,-1101,2311,5327,158,-1582,0,0
757,-1695,3498,5336,2633,-2221,0,0
1727,-2295,4243,4744,9489,-3507,0,0
2245,-1484,5076,3879,12680,-5450,0,0
2987,-2366,6420,3190,11537,-6263,0,0
4505,-2800,6671,1898,10584,-5706,0,0
5226,-2664,5684,1003,7727,-4718,0,0
4939,-2805,4177,631,4853,-2735,0,0
3935,-2460,2552,534,3082,-1821,0,0
2617,-2010,1313,-465,2043,-1139,0,0
1460,-1161,718,-1589,994,-1794,0,0
656,-514,491,-2285,-192,-2618,0,0
115,-187,117,-2447,-1082,-3004,0,0
-457,41,-424,-2231,-1158,-3294,0,0
-1196,632,-873,-1822,-763,-3562,0,0
-1771,668,-1403,-1196,369,-3212,0,0
-2382,1041,-2103,-667,2083,-1668,0,0
-3623,3642,-2484,325,3628,-2226,0,0
-4149,4729,-2983,502,4921,-3588,0,0
-3905,5165,-4106,3155,8558,-4593,0,0
-2590,906,-4560,1961,9983,-3406,0,0
-2498,154,-5108,832,9798,-2077,0,0
-2725,4607,-5558,2607,7216,-953,0,0
-1457,2500,-4979,4582,3199,-838,0,0
-984,-112,-3850,3221,1022,-2146,0,0
-793,1945,-2696,4569,2068,-1088,0,0
26,526,-2194,4895,972,-585,0,0
213,-268,-1800,4509,-641,-1150,0,0
253,-804,-628,4589,-788,-422,0,0
392,-1181,647,4335,-661,-484,0,0
525,-1171,1592,4767,-168,-634,0,0
731,-1811,2392,5186,2549,-1506,0,0
1281,-2031,2870,5547,9504,-3812,0,0
2287,-2644,3528,3893,12121,-5221,0,0
3104,-1700,5359,3168,12692,-6163,0,0
4252,-1846,6395,2240,12424,-5114,0,0
4909,-2769,5833,1529,10239,-3580,0,0
5151,-4139,4168,9,7573,-1901,0,0
4518,-2680,2284,-628,4862,-759,0,0
3253,-1437,795,-1088,2983,-818,0,0
2013,-355,376,-1082,1467,-1059,0,0
1013,-717,455,-1857,289,-1819,0,0
313,-441,518,-1883,-857,-3078,0,0
12,-465,333,-1381,-1535,-4145,0,0
-196,-448,-34,-1253,-1679,-4794,0,0
-339,257,-267,-713,-989,-4521,0,0
-350,-26,-374,-1503,-624,-3573,0,0
-863,954,-568,-2565,-133,-2176,0,0
-1738,2751,-1206,-2368,1198,-1208,0,0
-2681,3530,-1854,-1021,2995,-3036,0,0
-2912,183,-2420,-658,4561,-4571,0,0
-3210,-2401,-2638,-1128,5588,-4484,0,0
-4251,773,-2702,-962,9374,-3036,0,0
-4201,5607,-4122,2461,11138,-1153,0,0
-3148,5825,-5863,4871,6945,-426,0,0
-2143,2157,-5870,4182,4561,-385,0,0
-1956,816,-4538,4225,1464,-1945,0,0
-1437,52,-2981,3422,2146,-2421,0,0
-893,1742,-2385,4564,1784,-2191,0,0
-403,922,-1555,6033,-67,-2271,0,0
28,-1253,-150,5264,-362,-1508,0,0
381,-1216,1153,5333,-272,-1328,0,0
770,-1420,2265,5060,256,-1022,0,0
1069,-1790,3341,5312,3419,-1674,0,0
1583,-2537,3893,5354,9666,-4071,0,0
2506,-3016,4357,4593,12980,-6220,0,0
3865,-3434,5040,2413,12687,-6432,0,0
5085,-2692,4806,835,11335,-4532,0,0
5407,-2365,3929,356,8878,-3328,0,0
5246,-2805,2791,-688,6503,-1320,0,0
4237,-1448,1632,-868,3159,-452,0,0
2746,-942,839,-1116,1725,-190,0,0
1421,-1231,631,-2032,460,-1138,0,0
697,-613,499,-2800,-406,-2401,0,0
379,89,99,-1718,-1341,-3465,0,0
96,-315,-105,-1305,-1464,-3974,0,0
-10,-511,-153,-1392,-1173,-4264,0,0
-72,-180,-169,-1276,-1481,-4112,0,0
-283,82,-213,-1820,-1205,-2997,0,0
-779,988,-494,-1811,-181,-2096,0,0
-1603,1382,-950,-2987,679,-707,0,0
-2878,2773,-1551,-2876,1661,-3060,0,0
-3664,2491,-2244,-3113,4008,-5352,0,0
-3136,1888,-3756,-878,7408,-5556,0,0
-2873,826,-5051,-211,9761,-3269,0,0
-3442,3928,-5544,2746,12656,-852,0,0
-2979,4004,-5616,6265,9387,-1612,0,0
-2467,1437,-4507,3357,4810,-1367,0,0
-1991,3047,-3823,3039,1804,-1530,0,0
-864,2798,-3714,4239,1182,-1493,0,0
76,1072,-3156,4495,2084,-759,0,0
255,486,-2222,5096,1731,-361,0,0
64,-264,-971,4703,178,-396,0,0
-85,-977,423,4340,-99,-1062,0,0
249,-1392,1400,3988,-325,-767,0,0
684,-1304,2162,4404,48,-640,0,0
953,-1977,2842,4863,2274,-650,0,0
1205,-2901,2954,5622,8762,-3145,0,0
1842,-4258,3163,3845,12339,-5483,0,0
2924,-4034,4496,1876,10956,-6579,0,0
4516,-2544,5379,-207,11786,-6255,0,0
5547,-1430,5060,5,10180,-5016,0,0
5662,-2382,3985,-1043,7683,-2107,0,0
4913,-1789,2587,-1407,4306,61,0,0
3226,-1126,1334,-1327,2108,-139,0,0
1814,-789,834,-2077,1350,-833,0,0
980,-728,593,-2833,-291,-1842,0,0
424,-195,263,-2381,-1016,-3278,0,0
221,-30,4,-1709,-1057,-3693,0,0
79,-157,-103,-1959,-1103,-3386,0,0
-268,466,-148,-1769,-1085,-2979,0,0
-819,147,-434,-2830,-715,-2446,0,0
-1583,990,-1142,-3220,614,-858,0,0
-2519,1627,-1874,-1079,2602,-799,0,0
-3544,3,-2249,-1752,4012,-4086,0,0
-4085,12,-2518,-1975,4679,-5857,0,0
-4158,2213,-3044,-1303,7865,-4430,0,0
-4202,6114,-3590,1667,10993,-3005,0,0
-3623,5924,-4484,1704,11136,-2607,0,0
-2577,3352,-5487,3036,7487,-2451,0,0
-1195,14,-5609,3883,4070,-1390,0,0
-829,-620,-4711,4008,1866,-1696,0,0
-740,-523,-3606,5182,2810,-2633,0,0
-414,-730,-2327,4479,1628,-1742,0,0
-322,141,-1031,4635,-373,-1886,0,0
-1,-87,93,4641,-156,-1606,0,0
466,-738,1030,4401,101,-1135,0,0
835,-1125,1956,3997,589,-1023,0,0
1084,-1376,2817,3520,1486,-715,0,0
1312,-2018,3430,3092,6931,-1649,0,0
1441,-2902,3346,2202,10788,-3564,0,0
2089,-3837,3601,1169,9981,-4088,0,0
3363,-3136,4305,-1196,11196,-4542,0,0
4042,-484,4623,-725,9363,-5462,0,0
4426,-1218,4442,-564,7953,-4598,0,0
4547,-2099,3417,-1029,5711,-3621,0,0
4281,-1936,2271,-465,4018,-3143,0,0
3814,-2142,1272,-423,2520,-1874,0,0
3191,-2201,560,-729,1666,-1907,0,0
2383,-1403,244,-949,696,-1429,0,0
1642,-1328,50,-1354,-447,-1207,0,0
905,-900,56,-1629,-1227,-1918,0,0
299,-439,259,-1482,-1598,-2711,0,0
3,-485,242,-1837,-1402,-3788,0,0
11,165,88,-1733,-1725,-4005,0,0
-25,284,-27,-1528,-1734,-4071,0,0
-102,146,-75,-1800,-1796,-3925,0,0
-223,200,-134,-1868,-1516,-3390,0,0
-593,490,-412,-2637,-853,-1840,0,0
-1348,1658,-974,-2870,-82,-346,0,0
-2372,1921,-1824,-2919,1022,144,0,0
-3507,2900,-2828,-2107,3782,-877,0,0
-4485,4575,-3866,-708,6813,-3260,0,0
-4013,4610,-4732,2157,8268,-5177,0,0
-3009,1130,-4663,1564,8786,-5294,0,0
-3098,2211,-4681,2060,11813,-4651,0,0
-2482,2222,-5193,3935,12261,-3334,0,0
-2265,-1057,-4907,2896,7567,-1796,0,0
-2758,-2457,-3962,3015,2980,-2150,0,0
-2432,-1761,-2948,2738,391,-2659,0,0
-1508,1179,-2408,3959,1217,-2341,0,0
-542,2537,-2141,4286,850,-2129,0,0
-220,2484,-1203,4391,-121,-1691,0,0
-137,525,112,3793,-7,-1312,0,0
14,-1022,1249,2554,-60,-755,0,0
113,-538,1956,3184,53,-741,0,0
634,-1400,2357,3380,610,-1086,0,0
1089,-1284,2546,3882,4695,-1507,0,0
1800,-2063,2522,4121,11131,-3229,0,0
2427,-3202,2844,2997,10632,-4951,0,0
3417,-3690,4481,1048,13526,-4772,0,0
4572,-2297,5081,-709,11543,-5149,0,0
5142,-1094,4921,-334,9925,-5152,0,0
5357,-2111,3982,-334,7365,-3317,0,0
5023,-2777,2507,-682,5154,-2080,0,0
4420,-2136,1141,-710,3631,-849,0,0
3576,-1330,545,-691,2012,164,0,0
2296,-910,351,-1299,469,85,0,0
986,-101,415,-1581,-1130,-847,0,0
218,41,447,-1477,-1678,-2417,0,0
-77,93,237,-1537,-1747,-3594,0,0
-206,247,179,-917,-1641,-4645,0,0
-121,-2064,187,-1346,-1720,-4738,0,0
-51,466,50,-1209,-1719,-4393,0,0
-185,166,-211,-1859,-1599,-3569,0,0
-699,583,-648,-2300,-623,-2124,0,0
-1389,948,-1268,-2572,572,-413,0,0
-2623,1772,-2068,-2267,2305,-380,0,0
-4051,3366,-2784,-1654,5148,-2769,0,0
-4238,4351,-3971,580,5927,-5881,0,0
-3041,3698,-4819,2302,7349,-5809,0,0
-2079,2886,-4885,2986,10223,-3590,0,0
-1891,1709,-5115,3991,11179,-2453,0,0
-2101,-175,-4697,4238,9534,-1962,0,0
-2241,-781,-4161,3407,3968,-2027,0,0
-1960,1536,-3160,2770,-831,-1869,0,0
-812,1469,-2838,3116,546,-2226,0,0
390,908,-2989,2906,1887,-781,0,0
565,1188,-2522,3833,809,-834,0,0
319,-31,-1385,3703,-209,-427,0,0
206,-497,-189,3582,-400,-324,0,0
288,-454,715,3624,-359,-411,0,0
418,-679,1411,3748,-82,-99,0,0
700,-1833,1971,3634,2090,-377,0,0
848,-1937,2063,3503,10030,-1953,0,0
1018,-2554,2030,3420,10803,-4766,0,0
1891,-4610,4172,928,9465,-5695,0,0
3365,-2479,6061,-852,12363,-5062,0,0
4147,-464,6009,-239,10928,-5104,0,0
4518,-1506,5166,-218,9074,-3542,0,0
4442,-1986,3941,-519,6640,-1793,0,0
3865,-1424,2560,-940,4606,-805,0,0
3055,-942,1475,-850,3125,-847,0,0
2317,-1530,1132,-1668,1487,-1085,0,0
1483,-1611,656,-1978,50,-1933,0,0
765,-261,92,-902,-563,-2432,0,0
209,-360,-63,-298,-748,-3189,0,0
-93,-472,91,-599,-556,-4326,0,0
-29,-2152,248,-488,-826,-4456,0,0
-3,-152,190,-1028,-1024,-4528,0,0
-108,281,-27,-1272,-893,-4111,0,0
-402,575,-409,-2464,-272,-2988,0,0
-1014,2547,-1005,-3346,824,-1809,0,0
-1769,3540,-2051,-2967,2537,-1486,0,0
-2554,4187,-3190,33,4620,-3367,0,0
-2286,832,-3884,2111,5018,-5644,0,0
-2195,620,-3933,1537,7410,-4013,0,0
-2321,4141,-4211,3704,9734,-2464,0,0
-2145,2456,-4896,4275,9329,-2669,0,0
-1713,325,-5179,4206,6916,-1821,0,0
-1535,-1717,-4935,3124,1602,-2634,0,0
-1389,127,-3913,1283,-285,-621,0,0
-742,3228,-3524,4247,2374,-791,0,0
-332,1118,-2902,4801,1274,-1863,0,0
-254,-834,-1863,4608,243,-2752,0,0
-97,-778,-436,4307,37,-895,0,0
36,-176,823,4438,-315,-1312,0,0
343,-971,1713,4086,77,-825,0,0
841,-1772,2182,3382,1232,-834,0,0
1151,-2496,2421,3172,6999,-1612,0,0
1390,-3667,2258,2295,12727,-3279,0,0
2116,-5080,2894,394,11481,-4486,0,0
3394,-3153,4448,-2500,10169,-4447,0,0
4101,886,5350,-1228,9420,-5297,0,0
4539,343,5391,-369,8181,-4694,0,0
4674,-1569,4344,-616,6070,-3299,0,0
4524,-2412,2896,-201,3896,-2588,0,0
4222,-2882,1496,-255,2717,-1340,0,0
3441,-3474,678,-336,1212,-1117,0,0
2307,-3160,235,-1692,491,-856,0,0
1321,-1433,-162,-1551,-329,-1154,0,0
619,-528,-300,-1667,-1314,-1632,0,0
146,-45,-105,-1390,-1641,-2801,0,0
-9,-124,-9,-1412,-1650,-3422,0,0
-77,-2144,-93,-1682,-1497,-3539,0,0
-217,300,-80,-1525,-1388,-3075,0,0
-612,-229,-53,-1750,-1552,-2446,0,0
-1445,-766,-281,-3109,-540,-1561,0,0
-2377,533,-915,-3277,906,-906,0,0
-3395,1831,-1516,-2419,2780,-2100,0,0
-4311,2978,-1809,-2845,4524,-2678,0,0
-4629,3974,-2488,-643,5949,-6108,0,0
-3948,3597,-3168,-1271,7265,-4097,0,0
-3479,4025,-3987,3949,8954,-6820,0,0
-2623,-1141,-3914,-181,9353,-3354,0,0
-2959,1822,-4339,271,7939,-3627,0,0
-1954,1830,-4997,2304,3265,-4533,0,0
-759,166,-5442,1188,2181,-2022,0,0
-364,1708,-7096,2735,2307,-1277,0,0
-23,1365,-3557,3796,2771,-805,0,0
292,-351,-2517,4433,2703,352,0,0
172,-593,-1911,5230,573,236,0,0
25,-147,-682,6203,-255,78,0,0
231,-649,701,5708,341,254,0,0
385,-1086,1733,4743,2909,-428,0,0
431,-1639,2819,3688,9596,-2366,0,0
554,-2036,4863,1302,12233,-5844,0,0
1844,-3387,7248,-1005,13784,-6206,0,0
4287,-3357,7998,-3787,14590,-6159,0,0
5684,-692,6911,-2915,12136,-5433,0,0
5671,-918,5621,-2266,9453,-3500,0,0
5303,-1757,3899,-1759,5792,-2678,0,0
4559,-1480,2273,-1251,3743,-2386,0,0
3768,-1433,1152,-1284,2471,-2293,0,0
2898,-1011,672,-933,511,-2143,0,0
2051,-1305,406,-947,-275,-2111,0,0
1388,-1142,11,-818,-1183,-2188,0,0
791,-919,-186,-791,-1267,-2259,0,0
283,-273,-122,-412,-1699,-2663,0,0
17,-493,42,-719,-1863,-2646,0,0
-294,-189,85,-920,-2069,-2978,0,0
-528,-237,29,-1368,-2114,-3079,0,0
-758,26,-207,-1736,-1707,-2944,0,0
-1082,373,-568,-1902,-752,-2648,0,0
-1600,1021,-1044,-2548,181,-2687,0,0
-2156,1891,-1646,-2898,1897,-3231,0,0
-2700,3181,-2567,-1345,3043,-3359,0,0
-3356,2774,-3525,429,4787,-4364,0,0
-4079,2444,-3964,724,7091,-3495,0,0
-4622,1970,-4578,2621,10704,-5616,0,0
-4020,591,-4936,1286,9878,-3953,0,0
-3421,2585,-5428,4359,6105,-6530,0,0
-1718,575,-5204,2646,3502,-2654,0,0
-1045,3374,-5038,3530,3243,-1353,0,0
64,3329,-4235,5832,1727,-624,0,0
609,-482,-2596,4213,1412,-85,0,0
228,-501,-1307,3598,383,615,0,0
12,195,-270,4375,-395,442,0,0
69,-418,684,3895,-766,435,0,0
92,-665,1448,3948,-388,527,0,0
49,-1133,1969,3645,1867,723,0,0
-216,-1222,2207,4345,9455,-2231,0,0
17,-2926,2652,4132,13281,-5922,0,0
1367,-4946,4786,1316,10861,-6010,0,0
3120,-2678,6303,-821,11553,-5593,0,0
4336,-1359,6064,-520,10728,-4952,0,0
4905,-2143,5106,-858,9018,-2877,0,0
4849,-2808,3810,-874,6441,-2050,0,0
4288,-2702,2454,-941,4328,-1637,0,0
3603,-2198,1389,-891,2481,-1040,0,0
2639,-1816,827,-1189,1607,-1344,0,0
1909,-1680,473,-1443,195,-1339,0,0
1132,-1063,48,-2290,-471,-1195,0,0
387,843,-149,-1790,-971,-1449,0,0
-333,1937,-19,-1572,-1232,-1826,0,0
-693,2351,37,237,-1284,-2925,0,0
-503,81,-30,116,-1447,-3981,0,0
-526,-552,-238,-536,-1646,-3965,0,0
-791,288,-427,-381,-727,-5038,0,0
-704,14,-454,-1476,45,-4956,0,0
-771,1025,-532,-2278,1295,-4093,0,0
-960,2430,-878,-1731,2340,-3897,0,0
-942,3344,-1420,-574,2758,-3595,0,0
-1090,2492,-2223,1124,3163,-4033,0,0
-1437,593,-3100,1104,4293,-4251,0,0
-2108,722,-4180,2903,5705,-3859,0,0
-2876,567,-5715,3972,10203,-3588,0,0
-3214,729,-6787,3297,10839,-2085,0,0
-3442,3347,-6855,3303,8200,-1035,0,0
-2530,3565,-6173,3844,3723,-3017,0,0
-716,1334,-5019,4228,2452,-1020,0,0
-168,1176,-4300,5354,2883,-1111,0,0
179,1344,-3576,6339,671,-1222,0,0
483,444,-2548,6653,-349,-447,0,0
566,-659,-1031,5321,-262,-216,0,0
406,-704,430,4566,98,-132,0,0
457,-1333,1593,3506,547,131,0,0
446,-1764,2345,2756,3512,18,0,0
453,-2109,2614,2742,10548,-1760,0,0
673,-3345,3269,1831,10737,-4318,0,0
1881,-3998,5676,171,12199,-4348,0,0
3554,-2836,7247,-816,12860,-4212,0,0
4587,-1462,7004,-832,12788,-4660,0,0
5001,-1382,6026,-400,10310,-3513,0,0
4898,-2005,4689,-545,7107,-3365,0,0
4675,-2807,3181,-764,5349,-2749,0,0
4211,-2203,1858,-703,2962,-1812,0,0
3268,-1384,1063,-825,1259,-1262,0,0
2361,-1326,585,-3048,571,-1209,0,0
1399,-581,240,-1542,-478,-1418,0,0
846,-93,59,-1088,-1111,-1953,0,0
396,0,58,-1278,-1838,-2729,0,0
-76,466,216,-674,-2056,-3224,0,0
-248,-555,182,-924,-2225,-3748,0,0
-483,2,49,-1503,-1872,-3587,0,0
-761,948,-154,-1138,-1538,-3592,0,0
-1093,459,-422,-2586,-226,-3127,0,0
-1545,2230,-825,-2757,977,-1967,0,0
-2042,2948,-1763,-1703,2292,-2360,0,0
-2822,3223,-3280,-181,3704,-3822,0,0
-3408,2946,-4076,1896,5981,-5439,0,0
-3129,268,-4106,2981,7003,-5005,0,0
-3649,433,-4062,2765,7770,-4958,0,0
-3402,1535,-4360,3867,8921,-2048,0,0
-2882,3010,-5407,4364,5499,-2315,0,0
-2307,1224,-5074,5914,2072,-3142,0,0
-1404,-1110,-3670,4092,980,-2834,0,0
-687,898,-2321,3604,241,-2456,0,0
-212,1482,-1215,2553,437,-1937,0,0
15,1030,-514,2220,-112,-1206,0,0
284,-72,-63,2164,-688,-953,0,0
527,-627,292,2182,-573,-599,0,0
688,-739,800,2945,-159,-535,0,0
891,-1251,1391,3403,765,-888,0,0
1031,-1484,1909,3680,6622,-1872,0,0
1001,-2066,2206,3445,10168,-4935,0,0
1513,-3111,3393,1680,9968,-5954,0,0
2403,-1487,4710,1135,9146,-6230,0,0
3261,-587,5358,1313,9415,-5529,0,0
3932,-2026,5173,860,8405,-3703,0,0
4124,-2995,4139,-506,5529,-1673,0,0
3837,-2514,2603,-737,3290,-1161,0,0
2972,-1737,1155,-892,1997,-1501,0,0
2048,-671,723,-1931,809,-1877,0,0
1671,-81,491,-1460,187,-2587,0,0
1270,144,123,-1389,-214,-2325,0,0
584,217,9,-904,-892,-2964,0,0
41,-242,58,-1231,-1069,-3907,0,0
-96,-1,-191,-1168,-1211,-3934,0,0
-217,51,-572,-1210,-870,-3530,0,0
-651,11,-927,-1299,-698,-3313,0,0
-1160,214,-1329,-1292,398,-3158,0,0
-1486,356,-1620,-913,1229,-2964,0,0
-2084,1484,-1940,-450,2698,-2047,0,0
-2770,1979,-2409,1409,4291,-3048,0,0
-3288,1655,-2863,736,4267,-3680,0,0
-3346,1634,-2942,1729,6065,-4440,0,0
-3405,1197,-3098,341,10657,-3271,0,0
-4208,4445,-4092,2065,10883,-3288,0,0
-3283,4162,-4932,3860,6575,-2737,0,0
-1634,2461,-4680,6080,1205,-2702,0,0
-664,-469,-3504,5667,-604,-1735,0,0
-273,262,-2073,4508,475,-985,0,0
-34,1008,-1071,4220,816,-1422,0,0
91,-241,-387,2685,352,-2704,0,0
78,-204,263,2064,-241,-929,0,0
225,-389,730,2033,-515,-1086,0,0
519,-645,999,2015,-392,-907,0,0
823,-568,1348,3188,1462,-1604,0,0
1224,-1279,1783,3584,7131,-1822,0,0
1206,-1971,2069,3122,9881,-3120,0,0
1229,-2428,3101,2450,8785,-4222,0,0
1874,-1457,4487,2848,7910,-5440,0,0
2831,-1989,5164,2946,8295,-5850,0,0
3778,-3485,4521,2064,7844,-4705,0,0
4783,-4651,2977,467,6504,-3174,0,0
4839,-3643,1288,-857,5601,-2169,0,0
4015,-938,739,-1174,3971,-1155,0,0
3101,-198,1133,-1461,2156,-561,0,0
1942,213,1290,-1925,-1,-242,0,0
931,-395,939,-2536,-1454,-1471,0,0
255,-90,388,-2067,-1814,-3202,0,0
53,-137,-39,-1069,-1440,-3895,0,0
-68,-126,-71,-757,-1208,-4283,0,0
-30,26,52,-325,-1381,-4269,0,0
-82,-443,151,-805,-1607,-3987,0,0
-308,-243,220,-762,-1563,-4396,0,0
-336,-648,84,-1701,-1443,-4589,0,0
-242,44,-154,-2115,-941,-3938,0,0
-379,469,-430,-2778,-661,-2603,0,0
-1041,1590,-859,-2973,179,-1099,0,0
-1919,3187,-1565,-1596,1880,-111,0,0
-2989,3597,-2343,-375,3551,-266,0,0
-4116,2360,-3076,-518,6518,-2204,0,0
-4383,1474,-4072,1414,7926,-4877,0,0
-3718,1177,-4469,1030,9248,-3755,0,0
-3196,3049,-4585,4577,11233,-4339,0,0
-2495,1780,-4810,3702,9824,-2824,0,0
-2205,3430,-4199,3591,6786,-2021,0,0
-1582,3382,-3648,3864,2462,-2124,0,0
-572,1997,-3338,2934,536,-1434,0,0
136,1930,-2950,3566,-114,-1401,0,0
551,912,-2223,3974,497,-567,0,0
505,234,-1257,4172,275,10,0,0
294,-498,-112,4250,-258,193,0,0
272,-1072,842,3657,-159,556,0,0
314,-969,1525,3512,548,272,0,0
340,-1457,2060,3302,4099,-17,0,0
571,-1455,2311,3244,10212,-1499,0,0
478,-2369,2948,2909,9769,-3252,0,0
849,-3666,4646,1527,9808,-3987,0,0
2030,-2796,5602,1044,9694,-4293,0,0
2989,-1759,5663,887,10122,-3763,0,0
3256,-1714,5238,450,8285,-2129,0,0
3060,-2344,4487,415,6384,-1788,0,0
3145,-4001,3360,-920,5160,-1773,0,0
3014,-2205,2233,-1970,2664,-984,0,0
2469,-1204,1500,-1000,960,-2608,0,0
2118,-1652,837,-1032,37,-2245,0,0
1649,-976,262,-696,-216,-2149,0,0
964,-653,80,-821,-334,-2811,0,0
486,-194,207,-491,-889,-3072,0,0
81,-742,241,-1002,-1407,-3503,0,0
-317,-160,90,-1225,-1471,-4166,0,0
-318,43,-258,-666,-1242,-4869,0,0
-326,-179,-419,-1084,-1104,-4147,0,0
-604,349,-568,-675,-738,-4294,0,0
-806,-422,-679,-1716,310,-3518,0,0
-1235,824,-793,-1661,1911,-2065,0,0
-2126,2421,-1041,-312,3701,-1824,0,0
-3598,2774,-1317,287,4955,-3466,0,0
-4236,1969,-2243,1425,5678,-4885,0,0
-4463,1249,-2697,1185,7678,-4732,0,0
-4118,3218,-3201,1208,7047,-3022,0,0
-3496,4440,-4309,2586,4867,-3064,0,0
-2484,3227,-4904,2846,3884,-2248,0,0
-1471,2169,-4841,4100,1859,-2667,0,0
-528,630,-3961,3530,1710,-2054,0,0
-2064,1508,-3078,3932,1681,-1668,0,0
333,934,-2171,4395,143,-1451,0,0
486,-224,-764,3134,-390,-763,0,0
527,271,534,3075,-87,-656,0,0
691,137,1259,2927,89,-585,0,0
803,-154,1662,3072,2343,-850,0,0
964,-542,1766,2926,7756,-2392,0,0
835,-840,1801,2605,9440,-3636,0,0
917,-2625,3043,1700,7971,-4308,0,0
1697,-2578,4405,227,8051,-4229,0,0
2432,-1272,4878,619,7893,-4341,0,0
2998,-1637,4701,494,7436,-3853,0,0
3231,-1744,4123,890,5814,-4289,0,0
3877,-3666,3180,212,4373,-4055,0,0
4274,-3625,1915,-855,3228,-2666,0,0
4067,-2727,986,-940,2939,-2595,0,0
3456,-1445,384,-1376,2180,-785,0,0
2198,238,162,-1693,727,-485,0,0
820,1498,354,-1306,-878,-1614,0,0
42,615,367,-1659,-1813,-3031,0,0
-247,420,55,-1218,-1814,-4644,0,0
-60,111,-40,-893,-1356,-4035,0,0
-78,118,-64,-693,-1246,-4340,0,0
-217,-2,-66,-933,-1436,-3983,0,0
-394,-74,-274,-1196,-1257,-4010,0,0
-584,-75,-402,-2045,-557,-2707,0,0
-1144,857,-688,-2114,515,-1156,0,0
-2164,1951,-1476,-1747,1886,-1242,0,0
-3216,2942,-2536,-527,4468,-3141,0,0
-3446,2631,-3355,394,5824,-4548,0,0
-3331,1707,-3597,1420,6715,-5224,0,0
-3555,1746,-3637,1683,9822,-3699,0,0
-3527,2128,-4342,3062,10748,-2386,0,0
-3405,2227,-5233,3279,8132,-1308,0,0
-3044,3742,-5718,4638,4014,-2403,0,0
-1501,1781,-5013,4719,1138,-2214,0,0
-563,1722,-3586,4717,609,-1911,0,0
-30,1251,-2279,5085,996,-1330,0,0
373,-245,-1557,4532,818,-447,0,0
366,311,-742,4241,-30,-353,0,0
282,95,563,3699,-307,-314,0,0
258,-609,1665,2584,117,-141,0,0
257,-546,2240,2327,2055,-521,0,0
615,-878,2245,2352,8547,-1579,0,0
815,-1473,1792,2372,9675,-2830,0,0
914,-2903,2866,1789,8040,-3454,0,0
1369,-2022,4644,1756,9064,-3448,0,0
2038,-1772,5440,2108,9681,-3698,0,0
2547,-2363,5218,1885,8862,-2766,0,0
3026,-4569,4364,1723,7016,-2567,0,0
3896,-7333,2885,79,5650,-2557,0,0
4535,-6593,1324,-1741,4309,-1659,0,0
4051,-2961,275,-2928,3386,-1211,0,0
3069,459,-166,-2454,2357,-889,0,0
2167,984,-294,-2489,655,-294,0,0
1110,1023,58,-2170,-672,-1152,0,0
518,215,338,-2107,-1211,-3181,0,0
304,118,-39,-1634,-1128,-3873,0,0
100,268,-386,-1013,-1238,-4268,0,0
-123,576,-201,-533,-999,-3954,0,0
-275,-377,118,-1280,-1049,-4287,0,0
-551,-153,190,-2731,-868,-3987,0,0
-878,1156,-275,-2630,-96,-3406,0,0
-1412,1548,-838,-2410,725,-2953,0,0
-2276,2822,-1227,-1980,2297,-2540,0,0
-2896,4650,-1830,517,3325,-3855,0,0
-2966,3587,-2318,920,4560,-3314,0,0
-3062,4664,-2814,3943,7248,-3129,0,0
-2643,-240,-3336,3172,6977,-2868,0,0
-3364,297,-3419,-618,6566,-159,0,0
-3440,3581,-5530,3495,5148,-3245,0,0
-1591,-769,-6201,2659,1597,-2863,0,0
-899,760,-5018,2728,1587,-1185,0,0
-739,2462,-3442,5409,1259,-2080,0,0
-372,-299,-1658,3830,971,-877,0,0
-317,524,-620,3861,645,-640,0,0
-129,867,111,3687,-148,-935,0,0
69,306,1065,3110,-169,-878,0,0
292,441,1859,3134,1254,-1615,0,0
552,-53,2288,2944,6565,-2546,0,0
750,-1456,2105,2980,9058,-4309,0,0
1353,-3946,2244,2195,8257,-4146,0,0
2290,-3983,3106,769,7724,-3789,0,0
2849,-1371,4064,850,8332,-3622,0,0
3119,-1304,4501,975,8132,-3987,0,0
3304,-2285,4194,548,6409,-3207,0,0
3326,-3301,3459,502,4415,-4189,0,0
3555,-4587,2532,-902,3911,-3148,0,0
3371,-3416,1480,-1362,2395,-1905,0,0
2790,-1850,329,-1747,2144,-1988,0,0
2263,171,-587,-1703,1678,-1568,0,0
1793,1173,-899,-1624,410,-1685,0,0
944,2073,-442,-1481,-757,-2245,0,0
389,1329,130,-462,-1108,-3533,0,0
216,-389,78,-1338,-1116,-4036,0,0
76,490,-47,-726,-1032,-4257,0,0
89,86,-163,-904,-1121,-4214,0,0
-200,120,-245,-1329,-1068,-3960,0,0
-591,107,-457,-1898,-445,-3618,0,0
-951,558,-810,-2360,141,-3055,0,0
-1520,1050,-1210,-1815,599,-3648,0,0
-1841,1099,-1699,-1439,1538,-2968,0,0
-2070,2156,-2471,562,3128,-4468,0,0
-2200,3041,-2930,877,4691,-2204,0,0
-2790,3699,-3243,4086,5553,-3821,0,0
-2716,-266,-3363,1427,7431,-2747,0,0
-3032,1966,-3779,600,8193,-1114,0,0
-2649,5272,-4800,2044,6017,-2155,0,0
-1089,4581,-5300,4339,1948,-1478,0,0
-28,679,-4798,5246,621,-2327,0,0
421,-500,-3542,4065,1434,-599,0,0
454,392,-2466,4943,1929,-505,0,0
425,-258,-1420,4420,420,-331,0,0
284,-633,-274,4144,-722,68,0,0
336,-974,812,3840,-825,133,0,0
473,-1219,1519,3739,-110,-150,0,0
634,-1945,2056,3809,3210,-548,0,0
774,-2226,2376,3085,10920,-2205,0,0
621,-2861,2561,2723,9876,-4654,0,0
1317,-3188,4114,1047,9240,-4980,0,0
2375,-1353,5281,996,8885,-5747,0,0
3111,-1311,5628,969,9101,-4995,0,0
3653,-2270,4983,-53,7159,-3607,0,0
3940,-2519,3804,-218,4900,-3300,0,0
4007,-2543,2394,-1446,3307,-2084,0,0
3707,-1309,1463,-1120,1668,-1564,0,0
2899,-1665,762,-1674,1226,-1206,0,0
1793,-819,261,-973,647,-1304,0,0
870,-616,28,-1495,-236,-1769,0,0
25,75,24,-530,-1463,-3427,0,0
-120,-300,104,-810,-1625,-4228,0,0
12,29,44,-424,-1359,-4393,0,0
80,-140,122,-582,-1451,-4258,0,0
-53,39,169,-724,-1581,-3983,0,0
-181,50,98,-2880,-1290,-3829,0,0
-335,178,-152,-1356,-308,-3294,0,0
-555,1179,-379,-1586,794,-2314,0,0
-1043,2176,-616,-1760,999,-2049,0,0
-1905,3506,-1362,-1326,1579,-2356,0,0
-2765,4294,-2652,727,2478,-4464,0,0
-2847,3024,-3850,1130,4482,-5788,0,0
-1973,3288,-4615,4029,6303,-5593,0,0
-703,785,-4946,3910,7259,-4386,0,0
-1058,1303,-4723,3499,8597,-2797,0,0
-1247,-259,-4653,3414,6762,-1595,0,0
-1713,-2530,-5273,1265,6297,-2022,0,0
-1756,1031,-5280,2284,2433,-1019,0,0
-1262,2861,-3874,3780,499,-1399,0,0
-436,1684,-2645,4107,1584,-1269,0,0
51,189,-2001,4236,542,-399,0,0
58,-517,-1131,3754,-174,-213,0,0
-63,-432,31,3465,-360,29,0,0
-43,-699,947,3017,-377,-64,0,0
130,-1041,1539,3271,-25,-452,0,0
367,-2044,1908,3091,1517,-1052,0,0
490,-1495,1998,3169,8317,-2685,0,0
843,-1953,1911,3744,8857,-5085,0,0
1810,-3642,3293,615,11092,-4776,0,0
2489,-1137,4846,421,9352,-5260,0,0
3152,-714,5577,472,9305,-4480,0,0
3516,-1238,5184,313,8223,-3496,0,0
3601,-1905,4150,213,6343,-3182,0,0
3802,-2819,2782,-358,5004,-2616,0,0
3804,-2522,1775,-1136,3657,-1650,0,0
3205,-1321,1307,-1272,2633,-1032,0,0
2396,-1213,970,-1408,1280,-939,0,0
1199,-201,835,-1852,-123,-3832,0,0
331,366,720,-999,-1189,-3119,0,0
40,-382,335,-1144,-1443,-4252,0,0
90,-142,113,-694,-1205,-4418,0,0
126,-309,-1,-2680,-1112,-4202,0,0
67,-103,-37,-816,-968,-3910,0,0
-74,16,-146,-988,-961,-4040,0,0
-243,-168,-314,-1464,-1145,-3710,0,0
-693,261,-597,-1591,-673,-4001,0,0
-1102,848,-974,-2233,410,-3165,0,0
-1521,3232,-1589,-1145,1549,-2213,0,0
-1932,4121,-2328,-265,2515,-1460,0,0
-2559,5902,-3365,1517,4014,-978,0,0
-2554,4019,-4091,4084,5195,-4356,0,0
-1689,18,-3945,2223,6128,-3032,0,0
-1691,970,-3637,2534,7371,-4318,0,0
-1583,2229,-3937,1717,9549,-2493,0,0
-1122,4712,-4978,3049,8598,-946,0,0
-132,4010,-5487,5422,4539,-1915,0,0
1046,1238,-4754,5477,1099,-573,0,0
1320,-54,-3146,4301,-715,346,0,0
1016,-313,-1626,3140,370,-322,0,0
805,-607,-847,2639,977,-159,0,0
847,-444,-501,2892,464,701,0,0
872,-562,-149,3433,-192,895,0,0
634,-1055,571,3331,-392,1002,0,0
423,-1529,1414,3386,393,726,0,0
400,-2049,2061,2663,4160,-160,0,0
333,-1379,2326,2820,10315,-1627,0,0
84,-3067,2656,2894,9246,-3815,0,0
750,-5217,4079,1214,8242,-4999,0,0
2625,-4337,5397,-538,9921,-5055,0,0
3465,-363,5395,-700,9246,-4797,0,0
3287,590,4966,938,7348,-4321,0,0
3276,-1725,4074,448,5693,-2705,0,0
3334,-2686,2819,-221,4128,-2132,0,0
3090,-2622,1832,-252,2420,-2945,0,0
2814,-2373,1283,-1097,2265,-2681,0,0
2540,-690,956,-1374,1208,-1507,0,0
1908,337,643,-847,420,-1790,0,0
1623,-409,222,-225,-190,-2145,0,0
1167,-419,225,-721,-836,-2365,0,0
553,545,382,-667,-1364,-3353,0,0
401,315,373,-237,-1466,-3850,0,0
300,-170,165,-572,-1923,-4158,0,0
28,245,75,-590,-1971,-4495,0,0
-335,507,-13,-39,-1727,-5100,0,0
-597,-189,-99,-708,-1431,-5760,0,0
-697,-239,-110,-1226,-1325,-5589,0,0
-686,143,-424,-2335,-464,-3878,0,0
-966,2176,-915,-2014,802,-1856,0,0
-1844,3000,-1335,-758,2813,-2813,0,0
-2484,1783,-1787,-426,3642,-2278,0,0
-3236,2078,-2925,2368,4933,-4236,0,0
-3138,1790,-3506,1994,8127,-1564,0,0
-3191,4250,-4542,4707,9108,-1070,0,0
-2758,2708,-5662,4758,6866,-2245,0,0
-2231,735,-5692,4082,2813,-3015,0,0
-1424,-7,-4962,3253,1835,-2492,0,0
-767,817,-4036,3418,2193,-1964,0,0
-388,866,-3150,4379,1851,-2082,0,0
-147,209,-2111,3899,730,-1239,0,0
-87,1,-834,3783,-183,-1087,0,0
-20,-482,345,2967,-503,-721,0,0
108,-344,1230,2716,-697,-686,0,0
374,-2416,1875,2882,-56,-1107,0,0
553,290,2327,3945,5559,-2622,0,0
1120,647,2480,4899,10190,-4899,0,0
1342,-886,3397,4998,9109,-6071,0,0
2144,-2298,4748,3821,9873,-4628,0,0
3034,-2015,5001,3620,9168,-4116,0,0
3409,-2809,4878,2426,7976,-3382,0,0
3586,-2908,4250,1268,6603,-2492,0,0
3551,-3102,3193,-455,4330,-2283,0,0
3013,-1826,2061,-805,3348,-2306,0,0
2593,-1516,1332,-1162,1992,-1713,0,0
1724,-1043,813,-2328,738,-1461,0,0
869,-51,618,-1232,-77,-2473,0,0
543,-712,507,-1960,-931,-2978,0,0
280,345,520,-539,-1394,-3718,0,0
402,-584,445,-693,-1609,-3698,0,0
331,-156,215,-601,-1150,-3901,0,0
250,-70,67,-838,-1188,-3289,0,0
3,111,-40,-1395,-1349,-2935,0,0
-439,402,-328,-1774,-897,-2936,0,0
-1041,929,-1007,-2976,-47,-2442,0,0
-1788,2030,-1895,-1595,953,-4627,0,0
-2121,1077,-2663,-655,1962,-5777,0,0
-2435,2079,-2685,-88,4022,-4682,0,0
-2519,4015,-2502,1212,5683,-2437,0,0
-2574,2391,-3198,1885,6634,-2154,0,0
-3405,847,-4357,619,7084,-1527,0,0
-3485,2093,-5282,2567,5351,-3215,0,0
-2020,2537,-5426,3218,4410,-2190,0,0
-983,1976,-5023,5579,3484,-2079,0,0
-364,99,-4366,5541,3671,-869,0,0
-88,727,-3027,5546,1108,-312,0,0
-331,-91,-962,4769,-643,-280,0,0
-508,-1207,570,3216,-519,226,0,0
-405,-1072,1214,3418,-763,-727,0,0
-89,-1119,1643,4105,-150,-1251,0,0
358,-1581,2377,5174,3385,-3060,0,0
1027,-1961,2991,5695,10104,-5173,0,0
1776,-2229,3614,4230,13253,-5847,0,0
2581,-2313,4877,2616,10294,-5699,0,0
3735,-2067,5550,1484,9617,-3856,0,0
4333,-2472,5034,787,7645,-2998,0,0
4278,-2758,3952,464,5768,-2338,0,0
4077,-2922,2701,-219,3102,-1567,0,0
3466,-2378,1424,-727,1859,-1126,0,0
2502,-960,924,-520,959,-805,0,0
1393,-761,1162,-1497,-85,-1899,0,0
590,-36,1048,-1325,-986,-2406,0,0
247,-639,380,-1565,-1331,-3458,0,0
185,-25,50,-815,-1456,-3787,0,0
242,-44,7,-760,-1545,-3615,0,0
222,-6,39,-562,-1633,-3552,0,0
80,-133,58,-805,-1785,-3308,0,0
-64,-169,-105,-839,-1745,-3400,0,0
-202,-43,-230,-889,-1528,-3319,0,0
-429,477,-273,-623,-1272,-3329,0,0
-795,861,-442,-3760,-1038,-3844,0,0
-1363,2955,-981,-2294,-47,-3747,0,0
-1422,3509,-2020,-1061,1162,-3557,0,0
-2193,4176,-2481,-751,2420,-3912,0,0
-2065,3443,-2739,4142,3492,-2929,0,0
-2447,-1317,-3063,1771,4929,-2116,0,0
-4089,2904,-3613,3331,8662,125,0,0
-3794,1782,-4942,3651,8119,-1141,0,0
-3179,1047,-5670,3605,5515,-2426,0,0
-2332,848,-5208,4068,3547,-3331,0,0
-1451,538,-3904,2471,772,-2675,0,0
-889,2022,-2938,3422,1523,-2085,0,0
-440,1685,-2282,4100,1238,-1973,0,0
-198,31,-1408,4435,-55,-1773,0,0
1,-727,-83,3666,-408,-1612,0,0
330,-208,1061,3959,-436,-1508,0,0
842,113,1683,4986,-336,-1017,0,0
1486,-27,2116,5859,6437,-1510,0,0
1404,-181,2752,5202,11544,-3861,0,0
1306,-2311,4286,3789,11114,-4860,0,0
2311,-3089,5197,1982,9503,-4540,0,0
3195,-2464,5240,2463,8610,-4364,0,0
3838,-3708,4644,1419,6828,-3151,0,0
4195,-4023,3443,532,5046,-2875,0,0
3941,-2875,2292,288,3010,-2168,0,0
3339,-2308,1499,-275,1940,-1095,0,0
2300,-934,986,-661,801,-1201,0,0
1337,-218,768,-781,161,-1260,0,0
337,-2120,532,-1271,-1154,-1892,0,0
-149,-401,421,-1401,-1193,-3442,0,0
-80,-160,207,-1260,-1324,-3822,0,0
110,-162,39,-528,-1421,-4133,0,0
130,-351,50,-850,-1366,-3973,0,0
92,-154,134,-657,-1351,-3860,0,0
64,-605,62,-1306,-1259,-3646,0,0
-102,1,-74,-1594,-932,-3077,0,0
-279,372,-500,-1989,-345,-2378,0,0
-691,1269,-1014,-2696,749,-1264,0,0
-1407,2540,-1539,-1278,1087,-1160,0,0
-2824,1247,-1696,-1104,1292,-4127,0,0
-3868,-273,-1919,-1125,4235,-4488,0,0
-4813,-54,-3002,154,7885,-4810,0,0
-5251,2447,-3911,1266,9908,-4349,0,0
-4590,2818,-4071,2174,9896,-3326,0,0
-4027,3632,-3985,1702,8447,-2506,0,0
-2914,4236,-4415,3509,5636,-2599,0,0
-1756,2009,-4659,3781,2163,-2960,0,0
-930,1629,-3904,4577,1455,-1827,0,0
-315,895,-2745,4843,1113,-1481,0,0
-244,542,-1566,4700,289,-945,0,0
-308,39,-122,4038,-341,-768,0,0
-272,-78,1019,3433,-356,-996,0,0
-28,-388,1781,3708,163,-1212,0,0
312,-1123,2439,4109,1182,-1961,0,0
798,-1495,3258,5007,6188,-3087,0,0
1416,-1971,3694,5198,11860,-4071,0,0
1713,-2595,4390,4068,10147,-4345,0,0
2446,-3288,5464,2610,9717,-3680,0,0
3727,-3009,5045,1734,8877,-3146,0,0
4255,-2927,4133,1224,7387,-3129,0,0
4361,-2940,3241,292,5725,-2528,0,0
4197,-2211,2183,-393,3665,-2920,0,0
3924,-1861,1324,-242,2716,-2024,0,0
3338,-2301,1063,-982,1152,-1754,0,0
2188,-1087,756,-1854,-88,-1103,0,0
1187,-326,232,-1366,-876,-1827,0,0
483,-59,24,-1785,-1453,-2493,0,0
23,392,60,-937,-1977,-3444,0,0
-89,-495,59,-1409,-2142,-3821,0,0
-194,-57,61,-1096,-1980,-3898,0,0
-2264,-246,-11,-1290,-1916,-3794,0,0
-379,84,-108,-1315,-1872,-3530,0,0
-646,-43,-347,-1540,-1488,-3321,0,0
-1028,277,-666,-2235,-364,-2302,0,0
-1491,1620,-1104,-1776,682,-1910,0,0
-2107,1307,-1627,-1749,1622,-2122,0,0
-3244,1222,-2066,-1734,2637,-3245,0,0
-4243,1181,-2486,-1540,5089,-4254,0,0
-4374,1602,-3596,651,7758,-5092,0,0
-4069,756,-4263,2083,8777,-4852,0,0
-4439,1383,-4036,1456,10178,-2942,0,0
-4788,3989,-4512,3747,10883,-2477,0,0
-3984,2904,-5017,3783,6630,-1920,0,0
-2952,613,-4388,3663,1669,-2995,0,0
-1863,-1694,-3092,2092,1082,-2240,0,0
-1526,647,-2553,2763,1869,-3221,0,0
-1015,1008,-2072,4471,890,-3766,0,0
-317,-817,-1003,4131,-110,-3223,0,0
289,-171,231,3982,-155,-2656,0,0
859,2,1321,4199,-123,-2277,0,0
1283,-764,2232,3896,1251,-1711,0,0
1781,-1236,2901,4093,5384,-2491,0,0
2355,-1222,3202,4396,11270,-3903,0,0
3018,-2316,4088,2742,12431,-4878,0,0
3866,-2057,5509,1211,12555,-4333,0,0
4669,-2049,5548,885,10438,-4269,0,0
5166,-2841,4681,413,9345,-3604,0,0
5327,-2878,3546,-654,7028,-2613,0,0
4814,-2224,2250,-1512,4670,-1513,0,0
3691,-1188,985,-1342,2838,-803,0,0
2583,-684,614,-1061,1477,-1725,0,0
1748,-302,669,-1887,285,-1443,0,0
991,388,477,-1237,-778,-2257,0,0
409,75,217,-1151,-1316,-3149,0,0
12,112,223,-551,-1405,-3942,0,0
14,-307,289,-895,-1651,-4465,0,0
152,8,92,-675,-1842,-4043,0,0
77,-249,93,-1103,-1670,-3676,0,0
-210,-146,-30,-1225,-1417,-3386,0,0
-506,-268,-342,-1852,-969,-2818,0,0
-948,493,-666,-1958,264,-2291,0,0
-1492,1012,-1065,-1892,1922,-1370,0,0
-2528,1156,-1498,-2000,3018,-2107,0,0
-3761,1234,-2032,-1728,4438,-2827,0,0
-5057,1976,-3073,195,6690,-5931,0,0
-5183,2599,-3567,1643,9398,-5243,0,0
-4597,4904,-4395,4452,10690,-3575,0,0
-3597,2443,-4818,5713,9690,-3892,0,0
-3124,-218,-4736,4160,4359,-3890,0,0
-2019,1267,-3868,4106,-23,-3045,0,0
-995,3156,-2608,4173,281,-2588,0,0
-315,1363,-1575,4045,735,-2309,0,0
-28,-554,-784,2604,54,-1580,0,0
81,-235,-47,2161,-483,-1273,0,0
360,-178,515,1966,-550,-1186,0,0
649,-251,803,2121,-919,-652,0,0
888,-416,1033,3319,-430,-1123,0,0
1039,-908,1367,4404,3452,-2492,0,0
1461,-1459,1746,4522,10972,-4215,0,0
1540,-1074,2721,3706,9144,-6533,0,0
2285,-2400,4867,2126,9577,-5457,0,0
3527,-1805,5343,1069,8475,-4234,0,0
4154,-1794,4957,1226,7450,-4279,0,0
4434,-2186,4130,477,5940,-3189,0,0
4459,-2470,2891,-797,3840,-1858,0,0
3604,-1312,1517,-611,2849,-1296,0,0
2517,-982,915,-896,1767,-1044,0,0
1496,-1154,985,-1705,726,-1787,0,0
887,-843,849,-1865,-547,-2670,0,0
495,-231,298,-1695,-1149,-3214,0,0
201,154,110,-1015,-1381,-4044,0,0
111,-244,62,-1168,-1487,-4108,0,0
29,-160,38,-818,-1399,-4190,0,0
-41,-344,-19,-1524,-1392,-3676,0,0
-398,353,-285,-1498,-1250,-3324,0,0
-978,410,-759,-2252,-159,-1676,0,0
-1882,1679,-1352,-2479,1545,-1431,0,0
-2746,2831,-1955,-1243,2784,-3591,0,0
-3119,1839,-2421,-491,3564,-5145,0,0
-3278,2362,-2735,67,5880,-5027,0,0
-3261,3925,-3243,1715,8219,-3579,0,0
-3471,4285,-4230,3621,9414,-2678,0,0
-3278,1090,-5185,3323,9744,-1197,0,0
-2987,1245,-6270,3168,8692,-1157,0,0
-3856,481,-6452,5203,3640,-2491,0,0
-1297,-1282,-4627,3490,-39,-2459,0,0
-1181,1490,-2408,4469,1699,-2680,0,0
-497,1052,-1684,5117,1652,-2349,0,0
-9,-100,-1217,4616,52,-1424,0,0
102,-182,154,3848,-292,-1268,0,0
172,-62,1376,3072,-82,-1056,0,0
377,-356,2052,3082,64,-1137,0,0
687,-704,2715,3623,1448,-1658,0,0
1162,-1192,3400,4686,7885,-2767,0,0
1558,-1215,3702,4766,12979,-4109,0,0
2000,-2770,4735,3431,9707,-4564,0,0
3182,-3241,5612,1630,10225,-3969,0,0
4274,-2432,4939,1287,9235,-4091,0,0
4597,-2325,4022,718,7610,-3523,0,0
4462,-2586,3028,-258,4722,-3058,0,0
3760,-1911,1819,-678,2541,-2624,0,0
2818,-1221,1046,-607,1840,-2015,0,0
1985,-3432,613,-1298,845,-2190,0,0
1238,-592,427,-1154,-39,-2192,0,0
701,-677,149,-1129,-701,-2756,0,0
199,95,24,-813,-1243,-2971,0,0
-162,428,16,-365,-1238,-3381,0,0
-154,491,-106,23,-1420,-3622,0,0
-2208,14,-13,141,-1349,-3750,0,0
-137,-89,138,-216,-1392,-3671,0,0
-37,-64,119,-402,-1435,-3958,0,0
34,-124,-5,-642,-1407,-3777,0,0
-55,-15,-180,-675,-1139,-3356,0,0
-426,59,-364,-1484,-614,-2672,0,0
-1169,1146,-740,-1805,597,-2369,0,0
-2061,1973,-1259,-883,1798,-2986,0,0
-3166,2728,-1940,-464,3112,-5478,0,0
-3139,4807,-2674,1899,5437,-3903,0,0
-2579,3545,-3297,4487,6206,-4278,0,0
-2770,1552,-3510,1271,7223,-2398,0,0
-2828,3217,-4610,2713,8359,-1765,0,0
-1849,1730,-5914,3564,5565,-2611,0,0
-1079,409,-5916,4866,3035,-2823,0,0
-344,-1834,-4525,5009,1148,-3221,0,0
-92,-1049,-3051,3623,1650,-2840,0,0
109,2273,-1948,5291,517,-1618,0,0
496,1283,-678,4743,-825,-405,0,0
583,-101,367,3484,-791,432,0,0
496,-390,1220,3198,-430,448,0,0
495,-562,1918,3510,145,-232,0,0
595,-1139,2575,4160,1814,-1626,0,0
918,-1601,3109,4652,7924,-3894,0,0
1042,-2044,3530,3828,11468,-5554,0,0
1555,-2977,4192,2443,9763,-6961,0,0
3040,-2337,4765,1353,8772,-6114,0,0
4140,-1860,4656,618,8164,-4954,0,0
4592,-1995,3877,14,6288,-3515,0,0
4407,-1937,2764,-856,3834,-2069,0,0
3517,-915,1614,-798,2175,-1749,0,0
2532,-455,990,-1202,771,-1075,0,0
1375,-332,784,-1028,-243,-1887,0,0
752,-590,396,-684,-1333,-2888,0,0
340,-340,-3,-655,-1252,-3005,0,0
170,70,9,-172,-1315,-3608,0,0
108,-189,131,-959,-1234,-3313,0,0
-18,160,121,-523,-1384,-3495,0,0
-71,-298,34,-730,-1532,-3452,0,0
-211,-112,-107,-648,-1511,-3567,0,0
-280,-211,-255,-807,-1492,-3460,0,0
-270,33,-501,-1084,-1058,-3077,0,0
-333,630,-743,-1256,-741,-2675,0,0
-672,1202,-1248,-1425,130,-2348,0,0
-1373,1829,-1729,-653,730,-2847,0,0
-2357,1370,-2011,-390,1680,-4421,0,0
-2788,1586,-2553,404,4133,-3498,0,0
-3056,2594,-3344,2258,6001,-3289,0,0
-3571,2400,-3934,3593,6841,-2265,0,0
-3923,-867,-4423,3758,9653,-3209,0,0
-4508,-1551,-4206,1943,10952,-4121,0,0
-4162,1153,-3867,1123,7941,-4246,0,0
-2936,3723,-3860,2705,4204,-2684,0,0
-1935,3636,-3704,4233,1210,-3326,0,0
-918,551,-2954,4604,-313,-2913,0,0
-218,-213,-1812,3713,918,-1817,0,0
89,861,-996,4119,724,-1771,0,0
300,-63,-198,3988,-95,-1151,0,0
470,-838,756,3308,-408,-2624,0,0
602,-805,1674,3351,-298,-774,0,0
828,-1138,2404,3616,669,-1103,0,0
1264,-1279,2981,4381,5571,-2358,0,0
1850,-1253,3097,4385,12075,-3875,0,0
2020,-1992,3632,3717,10951,-5312,0,0
2804,-2605,4935,2081,10117,-4628,0,0
3743,-2036,5064,1959,9308,-4471,0,0
4436,-3093,4153,801,7857,-3714,0,0
4477,-2772,3088,164,5541,-2963,0,0
4110,-2589,2130,72,3610,-2394,0,0
3487,-1912,1126,-551,2443,-1220,0,0
2508,-1516,872,-140,1238,-700,0,0
1265,-2073,766,-2080,236,-1222,0,0
384,33,421,-1677,-708,-1967,0,0
171,218,240,-1529,-1228,-3187,0,0
43,321,175,-1282,-1414,-3934,0,0
34,149,101,-734,-1356,-4028,0,0
125,-271,-6,-957,-1138,-3964,0,0
156,40,-11,-655,-1476,-3659,0,0
117,-293,-112,-666,-1394,-3394,0,0
49,-138,-201,-464,-1251,-2978,0,0
-11,-177,-164,-770,-1202,-2641,0,0
-215,221,-233,-1568,-1269,-2311,0,0
-755,810,-649,-1696,-762,-2688,0,0
-1517,1212,-1054,-2336,299,-2662,0,0
-2489,2895,-1366,-1752,2269,-3168,0,0
-3046,4247,-1931,122,3742,-3979,0,0
-3129,4037,-2562,991,5496,-3706,0,0
-2982,3414,-3255,5156,5887,-4767,0,0
-2995,-74,-3367,4350,7015,-4389,0,0
-2932,1182,-4249,3879,10376,-2493,0,0
-2319,3259,-5017,2724,6464,-553,0,0
-2109,3715,-4539,2457,1726,-1515,0,0
-1111,1110,-4106,2193,-133,-1978,0,0
-125,929,-3955,2210,2234,-1415,0,0
89,889,-3627,4129,2313,-1691,0,0
100,-458,-2574,4269,963,-960,0,0
-5,-245,-1100,4190,-106,-791,0,0
52,236,129,4646,-585,-540,0,0
276,-858,992,4440,-857,-695,0,0
583,-2007,1518,4742,1237,-1821,0,0
1291,-2925,2009,4141,10143,-3731,0,0
1937,-2669,2577,4051,12156,-6350,0,0
3269,-3556,4448,1114,11613,-5326,0,0
4447,-1033,5551,93,11612,-4797,0,0
5078,-1202,5489,673,10687,-4370,0,0
5354,-1991,4539,-101,8740,-2559,0,0
5131,-2087,3390,-555,5911,-1965,0,0
4251,-1295,2293,-990,3344,-811,0,0
2979,-922,1412,-1254,1353,-652,0,0
1824,-782,892,-1078,404,-1920,0,0
1212,-814,643,-1395,-315,-2045,0,0
824,-620,382,-1148,-825,-2607,0,0
422,-198,311,-1046,-1347,-2526,0,0
155,-57,257,-609,-1309,-3091,0,0
75,-62,227,-843,-1575,-3019,0,0
-11,5,84,-777,-1648,-3224,0,0
-101,-108,-2144,-874,-1619,-3235,0,0
-300,151,-229,-955,-1156,-3265,0,0
-505,432,-534,-1043,-574,-2968,0,0
-1213,926,-763,-1144,350,-2935,0,0
-2259,1155,-1057,-1373,617,-4368,0,0
-2853,1867,-1485,-1973,2112,-4597,0,0
-2972,3887,-2280,-241,3307,-4599,0,0
-2677,3365,-3340,543,4436,-3811,0,0
-2602,3348,-4315,43,7614,-2113,0,0
-2597,3697,-5834,943,10570,-1991,0,0
-2294,1400,-6900,2938,10473,-2562,0,0
-2005,-996,-6516,3785,8572,-3112,0,0
-1544,253,-5495,4632,4122,-2110,0,0
-1054,1837,-3972,6226,1102,-1739,0,0
-418,1267,-2293,5873,1579,-818,0,0
-173,141,-1192,5852,241,-646,0,0
-119,-1613,16,4233,-602,-463,0,0
-68,-801,1111,3420,-393,-601,0,0
169,-621,1954,3465,-77,-853,0,0
541,-1355,2484,3101,815,-1138,0,0
977,-1589,2897,3382,4744,-2866,0,0
1390,-1332,2948,3377,11038,-4617,0,0
2041,-2621,3124,3183,10693,-6408,0,0
3318,-2852,4052,472,10167,-5251,0,0
3746,-388,4584,1770,9357,-5862,0,0
4332,-1989,4288,717,8393,-4217,0,0
4636,-2064,3473,718,6488,-3171,0,0
4717,-3051,2378,-593,4940,-1896,0,0
4203,-1455,1397,-1006,2637,-322,0,0
3052,-1392,1095,-856,1199,-273,0,0
1560,-1496,1012,-2140,-332,-510,0,0
699,-577,780,-2393,-652,-1776,0,0
187,168,378,-1817,-1662,-3469,0,0
-50,203,162,-1641,-1781,-3711,0,0
-48,270,43,-840,-1651,-4536,0,0
79,-270,135,-1272,-1651,-3939,0,0
12,354,151,-677,-1478,-4084,0,0
40,-111,176,-1128,-1825,-3594,0,0
-238,421,7,-1608,-1701,-2617,0,0
-800,895,-566,-2735,-1375,-1400,0,0
-1643,1682,-1547,-2714,614,-1425,0,0
-1995,1453,-2105,-970,2497,-2053,0,0
-2593,463,-1777,-1310,3139,-2794,0,0
-3383,2159,-1930,-1072,4591,-3997,0,0
-3523,2941,-2635,315,5354,-5338,0,0
-3346,3959,-3235,1838,7499,-4086,0,0
-2742,3233,-3839,4707,9086,-4069,0,0
-2405,402,-4330,2540,9882,-2100,0,0
-2493,1918,-7312,2903,10324,-949,0,0
-2062,2499,-6010,4368,7978,-600,0,0
-1483,546,-5330,5890,2084,-1762,0,0
-1320,-266,-3245,4473,-1555,-2600,0,0
-941,1959,-1421,5182,218,-2776,0,0
-239,1056,-615,4554,1003,-2052,0,0
147,-57,8,3700,-7,-1161,0,0
273,-529,889,3210,-266,-930,0,0
439,-842,1610,3041,-93,-590,0,0
643,-1124,2066,3366,365,-557,0,0
844,-1662,2556,4241,2826,-919,0,0
1319,-2374,2671,4075,10039,-2113,0,0
1843,-2609,2420,3726,11102,-4050,0,0
2341,-3545,3708,1439,10097,-4048,0,0
3114,-1434,4825,918,9527,-4578,0,0
3722,-1320,4973,983,9090,-4367,0,0
4117,-1942,4393,137,7489,-3072,0,0
4239,-2261,3368,69,5500,-2765,0,0
3953,-2914,2013,-1237,3520,-1151,0,0
2982,-2023,1221,-664,1625,-1324,0,0
1955,-2778,1042,-2211,1063,-1170,0,0
1039,-565,658,-2279,91,-1570,0,0
632,160,238,-1426,-641,-3040,0,0
260,139,106,-1411,-1574,-3530,0,0
103,168,-49,-859,-1250,-4111,0,0
184,-79,-78,-866,-1227,-4170,0,0
77,149,97,-860,-1382,-3919,0,0
32,-24,-23,-910,-1190,-3879,0,0
-142,-95,-119,-1402,-1255,-3135,0,0
-704,335,-586,-2415,-1183,-2108,0,0
-1530,1440,-1684,-2818,466,-81,0,0
-2627,2410,-2611,-1620,2065,-796,0,0
-3215,1903,-2662,-1917,4045,-1793,0,0
-3629,3305,-2640,-16,5323,-4371,0,0
-3338,2716,-2862,387,5982,-4769,0,0
-2957,2815,-3333,763,9283,-3642,0,0
-2547,2483,-4170,3166,10713,-3918,0,0
-2131,1182,-4259,2805,10901,-2391,0,0
-1900,695,-4748,5808,9492,-2654,0,0
-1687,-1383,-4584,4241,4698,-1204,0,0
-1922,299,-3504,4136,-286,-1346,0,0
-1806,1263,-1887,3769,-872,-2392,0,0
-971,906,-1082,3447,1020,-2272,0,0
-268,732,-924,3297,155,-2165,0,0
12,-19,-312,3409,-933,-1894,0,0
345,-897,542,2818,-633,-1231,0,0
673,-2976,1212,3127,-136,-1300,0,0
903,-1038,1864,3910,578,-1622,0,0
1455,-1692,2625,4519,6576,-2992,0,0
2048,-1525,2901,3372,12287,-3713,0,0
2075,-1827,3457,3133,8957,-4515,0,0
2997,-2946,4357,643,10797,-3226,0,0
3478,-1265,4274,1030,9005,-3427,0,0
3761,-2237,4112,245,8279,-2834,0,0
3733,-1845,3368,-2280,5656,-3071,0,0
3617,-1787,2327,-779,3831,-2466,0,0
3091,-861,1468,-381,2622,-2189,0,0
2589,-1493,1224,-784,1577,-2114,0,0
1880,-1306,1001,-1282,956,-1741,0,0
1186,-254,798,-987,-716,-1774,0,0
464,-92,618,-598,-583,-3663,0,0
397,-201,415,-935,-447,-3652,0,0
415,97,177,-638,-682,-3467,0,0
198,138,193,-576,-1092,-3344,0,0
-66,-125,126,-702,-1160,-3605,0,0
-155,-149,-79,-605,-1108,-3947,0,0
-163,-137,-158,-789,-857,-3761,0,0
-274,347,-362,-1199,-457,-3213,0,0
-521,822,-585,-1650,494,-2653,0,0
-804,1045,-853,-1939,1076,-1938,0,0
-1361,1471,-1399,-1146,1662,-1773,0,0
-2243,2159,-1936,238,3146,-2095,0,0
-3032,1172,-2281,811,3995,-4203,0,0
-3599,607,-2755,-57,6122,-4046,0,0
-3992,2276,-3360,1716,8593,-5791,0,0
-3639,1752,-4022,775,11166,-4563,0,0
-3085,5139,-5083,1900,12449,-2705,0,0
-1341,8315,-6075,4536,10327,11,0,0
444,4323,-5857,7519,3900,129,0,0
398,-1619,-4515,5678,-821,611,0,0
-275,-551,-2489,5637,-318,480,0,0
-214,-4,-1089,4906,798,-181,0,0
-160,-243,-404,4043,478,62,0,0
-254,-493,520,3073,-335,140,0,0
-317,-494,1468,2467,-636,-73,0,0
-272,-865,2066,2696,-373,30,0,0
-97,-1905,2282,3071,547,-281,0,0
164,-1714,2330,4585,6316,-2000,0,0
994,-2255,2294,4435,14616,-3311,0,0
1355,-3656,2982,3570,9018,-5197,0,0
2282,-3744,5041,787,9794,-3266,0,0
2964,-963,5309,1452,8743,-2854,0,0
3278,-1988,4890,1089,8321,-2988,0,0
3486,-2528,4027,378,6440,-2048,0,0
3356,-2270,3156,1184,4333,-2968,0,0
3346,-2848,2102,-435,3155,-2073,0,0
2846,-681,1274,-97,1957,-1657,0,0
2310,-769,1014,-595,1315,-1340,0,0
1271,-201,690,-776,-94,-1068,0,0
467,-297,417,-621,-956,-2281,0,0
43,-537,277,-732,-1030,-3451,0,0
21,-255,153,-64,-1166,-4099,0,0
80,-518,-37,-255,-1206,-4117,0,0
44,40,-126,192,-1136,-4030,0,0
-11,-262,-126,299,-1278,-4000,0,0
-162,-248,-130,297,-1139,-3953,0,0
-232,-235,-98,330,-1080,-4079,0,0
-220,-55,-56,203,-1038,-4236,0,0
-129,57,-2080,208,-1089,-4401,0,0
-74,-162,-23,-980,-1180,-3741,0,0
-264,606,-309,-1820,-687,-2812,0,0
-746,1375,-986,-2600,132,-1584,0,0
-1364,2825,-1795,-1437,1804,-737,0,0
-2278,3000,-2441,-603,3521,-794,0,0
-3965,4170,-3014,1352,6366,-2650,0,0
-3837,1889,-3862,3901,8392,-5546,0,0
-2871,1491,-3930,3695,9805,-3391,0,0
-2425,2235,-4157,4473,9845,-2559,0,0
-2033,1017,-4977,2567,8812,-1162,0,0
-1573,1421,-5716,4301,6589,-2628,0,0
-568,1157,-5211,3994,3561,-2142,0,0
25,1617,-4313,4828,874,-2150,0,0
575,285,-3383,4330,1126,-1905,0,0
698,149,-2227,4575,1109,-1476,0,0
500,-88,-738,4403,64,-668,0,0
268,-235,704,3286,-102,-239,0,0
307,-168,1560,3068,41,-292,0,0
576,-934,2007,2569,212,-282,0,0
789,-1147,2394,2598,1146,-819,0,0
1192,-1171,2731,2734,6427,-2162,0,0
1406,-748,2725,2025,12125,-3273,0,0
1060,-2028,3277,1862,9357,-5536,0,0
2293,-3464,4694,453,9144,-5169,0,0
3462,-1404,5096,-810,9187,-4665,0,0
3482,617,4905,623,7580,-4691,0,0
3689,-1640,4260,374,5394,-3811,0,0
3832,-2321,2968,-317,3573,-2787,0,0
3601,-1861,1873,-298,3013,-2304,0,0
2968,-1512,1520,-554,1719,-1332,0,0
2262,-1620,1399,-1019,774,-1175,0,0
1271,-181,991,-1829,-978,-1147,0,0
262,630,548,-866,-1380,-2671,0,0
-108,-253,144,-1072,-1526,-3373,0,0
-174,82,-159,-305,-1166,-4397,0,0
75,-132,-250,-285,-1348,-4129,0,0
18,184,-141,-109,-1200,-4138,0,0
44,149,-47,142,-1455,-4005,0,0
-19,-335,-62,-88,-1633,-3804,0,0
-157,-412,-108,-316,-1351,-3524,0,0
-261,-325,-251,-508,-1210,-3203,0,0
-504,-226,-449,-863,-1124,-2751,0,0
-858,345,-806,-1304,-37,-1378,0,0
-1526,1432,-1210,-1302,927,-881,0,0
-2696,1904,-1439,-1630,2389,-1206,0,0
-3684,2118,-1920,-1238,4784,-2624,0,0
-4001,1536,-2719,-1307,7112,-3426,0,0
-3908,2834,-3713,-388,8760,-1844,0,0
-3957,5397,-4825,2255,10460,-2642,0,0
-2835,2817,-5358,5127,10335,-4478,0,0
-2021,590,-5349,4508,12877,-2918,0,0
-1724,2627,-4880,5393,11025,-2504,0,0
-1119,890,-3608,4228,4862,-1530,0,0
-1080,21,-2519,3211,-125,-1932,0,0
-838,-68,-1695,2691,-1258,-1884,0,0
-291,-120,-1207,2394,-476,-1604,0,0
207,423,-892,2587,299,-1346,0,0
410,277,-339,2652,116,-925,0,0
402,-273,427,2333,-285,-627,0,0
372,-457,1142,2546,-220,-555,0,0
538,-1030,1640,2631,283,-581,0,0
749,-1141,2047,3511,2772,-1492,0,0
1489,-1333,2437,3730,10435,-2448,0,0
1705,-951,2583,3411,10975,-4117,0,0
1793,-2499,4030,2648,10351,-4882,0,0
2996,-3496,5075,1104,10095,-3903,0,0
4012,-2020,4908,212,9808,-3517,0,0
4109,-1231,4339,269,8219,-2921,0,0
4142,-1857,3654,433,6244,-2155,0,0
4074,-2403,2674,-739,4423,-1074,0,0
3415,-994,1759,-760,2371,-970,0,0
2340,-658,1502,-829,1450,-1173,0,0
1567,-868,1353,-851,305,-1513,0,0
871,-380,1005,-1448,-601,-1890,0,0
342,491,582,-479,-958,-2967,0,0
190,-120,192,-849,-1321,-3690,0,0
-88,920,63,240,-1266,-4332,0,0
-6,-28,82,318,-1248,-4472,0,0
33,-409,209,-79,-1203,-4332,0,0
68,-303,175,-109,-1208,-4106,0,0
126,-307,53,-351,-1304,-3818,0,0
57,-9,-97,-47,-1287,-3675,0,0
-9,-339,-236,-461,-1061,-3292,0,0
-225,256,-431,-726,-520,-2675,0,0
-559,1159,-836,-2046,573,-1098,0,0
-1247,2941,-1666,-1196,1152,-3288,0,0
-2098,1304,-2398,-1290,2796,-2576,0,0
-2758,1084,-3051,-482,5394,-3519,0,0
-2993,1161,-3632,921,6117,-4559,0,0
-3430,1961,-3947,1432,6849,-4284,0,0
-3458,3414,-4346,4429,10455,-4468,0,0
-2971,-168,-4750,3959,11676,-3335,0,0
-3416,1233,-4730,3506,11738,-1645,0,0
-3248,2798,-4955,5212,6702,-2484,0,0
-2161,65,-4283,4256,889,-2604,0,0
-1540,921,-2834,2910,-580,-1632,0,0
-1015,2191,-2082,3931,1271,-1945,0,0
-348,501,-1786,3375,681,-1473,0,0
-150,154,-974,2866,-199,-1241,0,0
-117,524,1,2747,-256,-1118,0,0
14,127,736,2528,-459,-784,0,0
192,-1014,1279,2358,-821,-674,0,0
349,-1634,1696,2164,1272,-455,0,0
697,-1192,1698,3588,6560,-2589,0,0
1754,-2294,1777,4525,10330,-4213,0,0
2760,-3633,3113,2688,11988,-4715,0,0
3400,-1641,4827,1595,11781,-4357,0,0
4139,-1548,5284,2128,11261,-4193,0,0
4917,-2754,4536,538,10048,-2094,0,0
5031,-1943,3628,1014,8050,-2618,0,0
4791,-2031,2992,390,6641,-2122,0,0
4558,-1949,2603,600,4868,-1553,0,0
3936,-2039,2291,-937,2336,-799,0,0
2636,-814,1839,-940,449,-793,0,0
1489,-1615,958,-2830,-633,-1040,0,0
603,76,169,-2159,-727,-1737,0,0
207,63,-122,-1386,-1120,-2853,0,0
-216,422,-85,-1133,-1563,-3601,0,0
-200,36,23,-430,-1437,-4179,0,0
-24,-400,-54,-890,-1735,-3965,0,0
-80,332,-102,-275,-1632,-3909,0,0
-56,-49,-123,-418,-1472,-3588,0,0
-196,-38,-99,-602,-1311,-3081,0,0
-461,-77,-86,-1045,-779,-2197,0,0
-931,-70,-291,-2108,-101,-1131,0,0
-1742,589,-732,-2781,375,-868,0,0
-2562,1927,-1568,-1991,1737,-1226,0,0
-3215,2612,-2323,-178,3570,-2871,0,0
-3848,3863,-2817,287,5724,-3140,0,0
-3673,5203,-3509,3198,7543,-4775,0,0
-2479,2882,-4023,2563,7702,-4023,0,0
-2050,3368,-4329,3847,9049,-3640,0,0
-1546,746,-4543,4071,10339,-3432,0,0
-1504,855,-4427,3021,10843,-1515,0,0
-1272,2918,-4359,4032,7612,-1606,0,0
-732,3452,-3824,3718,3280,-492,0,0
-480,3152,-3083,4350,-533,-845,0,0
-150,621,-2183,3592,-1480,-855,0,0
41,-893,-1515,3181,-334,-494,0,0
286,-842,-1091,2727,-118,30,0,0
271,-139,-581,3439,-433,-6,0,0
237,-793,207,3192,-583,174,0,0
212,-985,1094,3604,-475,0,0,0
356,-1815,1892,3313,274,181,0,0
382,-1381,2285,3725,3616,-538,0,0
919,-1313,2082,4292,10611,-1750,0,0
1483,-3712,1952,3780,12023,-3941,0,0
2315,-5500,3764,576,11179,-4157,0,0
3552,-2786,5137,-680,10826,-4001,0,0
4040,-293,5145,-308,9905,-3663,0,0
3957,-600,4769,390,7516,-3062,0,0
3911,-2281,3959,263,5749,-2288,0,0
3760,-2664,2719,-146,4001,-1819,0,0
3466,-2050,1727,-546,2850,-1779,0,0
3026,-2482,1471,-443,1648,-1512,0,0
2210,-2377,1144,-2009,269,-1408,0,0
1415,-662,693,-969,-379,-2346,0,0
992,-671,231,-2538,-1217,-2426,0,0
511,876,-2,-735,-1436,-3716,0,0
436,-34,26,-1039,-1584,-3432,0,0
220,342,3,-339,-1599,-3747,0,0
115,-223,128,-527,-1793,-3620,0,0
1,-225,113,-809,-1772,-3682,0,0
-15,8,11,-658,-1742,-3646,0,0
-71,-135,-5,-1036,-1677,-3496,0,0
-185,190,-135,-1288,-1486,-3281,0,0
-528,512,-450,-2653,-605,-2756,0,0
-1152,2411,-1135,-3434,1587,-2249,0,0
-1656,3211,-2166,-1500,2257,-2528,0,0
-2711,2819,-3167,-1008,4061,-2357,0,0
-3908,5251,-4178,1905,6165,-3959,0,0
-3240,2960,-5127,3037,7625,-4901,0,0
-2701,2192,-5517,2549,10724,-2762,0,0
-2516,2438,-5918,5602,11849,-3188,0,0
-2104,248,-5865,2753,10054,-1696,0,0
-1311,3237,-6354,4074,5499,-2301,0,0
555,3593,-6025,3902,904,-502,0,0
1602,5043,-4461,5166,2186,1471,0,0
1623,2548,-2566,5789,2725,1160,0,0
1206,-830,-1507,4153,1288,2105,0,0
525,-1040,-599,3793,78,1862,0,0
-111,-1237,1087,3097,-187,1557,0,0
-146,-1542,1677,3202,461,956,0,0
-159,-1616,2130,3109,2426,329,0,0
-119,-1705,2662,3623,10377,-1440,0,0
-74,-3039,3324,3772,11849,-4670,0,0
944,-6053,5215,2231,11791,-4822,0,0
3270,-5612,6283,-1707,12139,-3798,0,0
4249,-3104,5665,-404,11847,-4618,0,0
4468,-1569,5013,-76,10205,-3454,0,0
4489,-2494,4097,-845,7117,-2635,0,0
4257,-2210,2799,-1085,5506,-2166,0,0
3850,-2153,1862,-676,2838,-1938,0,0
3202,-3020,1448,-2095,1872,-1883,0,0
2495,-1193,1015,-1697,530,-1304,0,0
1749,-793,399,-1809,-597,-1033,0,0
742,42,202,-1722,-1085,-1767,0,0
-202,95,-173,-1423,-1639,-3937,0,0
-836,763,-418,-1687,-945,-3904,0,0
-1315,1708,-878,-1989,517,-2310,0,0
-2118,2366,-1298,-1086,1849,-3053,0,0
-3181,116,-1458,-2037,4359,-4064,0,0
-3916,363,-1718,-1198,5948,-3237,0,0
-4690,2525,-2905,1624,7905,-4556,0,0
-4343,3296,-3958,4090,9136,-2735,0,0
-3550,1723,-4737,6176,7796,-4073,0,0
-2917,-301,-3988,1719,6212,-1740,0,0
-2916,2304,-3671,2961,3347,-2239,0,0
-2269,1779,-3395,2433,38,-2078,0,0
-1729,2308,-2748,2971,946,-1591,0,0
-1180,2163,-2319,3673,1255,-1491,0,0
-791,486,-1714,3784,585,-1951,0,0
-510,-667,-640,3111,76,-1721,0,0
-348,-321,466,2882,-203,-1697,0,0
-85,-249,1274,3109,-152,-1973,0,0
322,-576,1920,3642,990,-2293,0,0
984,-1327,2356,5398,7262,-4097,0,0
2099,-3238,2414,4962,11436,-5330,0,0
3315,-2987,3418,3042,11710,-5061,0,0
4385,-1596,4542,2341,11226,-4821,0,0
4946,-2505,4386,1624,10791,-2780,0,0
4802,-3295,3502,965,8619,-1751,0,0
4404,-3871,2624,-217,6270,-1456,0,0
3773,-2598,1585,-1412,3695,-1139,0,0
3133,-914,838,-1515,2308,-2103,0,0
2845,-483,541,-1653,1244,-2209,0,0
2222,-9,271,-1553,-27,-1637,0,0
1307,126,209,-1397,-566,-1891,0,0
600,-103,306,-1202,-1186,-2520,0,0
332,-662,300,-1456,-1473,-3179,0,0
223,-522,31,-1585,-1762,-3474,0,0
47,235,-240,-1186,-1831,-3942,0,0
-63,232,-309,-1034,-1479,-3789,0,0
-230,424,-378,-967,-1024,-3412,0,0
-639,683,-437,-1453,-576,-2823,0,0
-1504,1851,-409,-2454,547,-1513,0,0
-2824,4195,-776,-628,2031,-2864,0,0
-3576,3592,-1571,1193,2879,-4779,0,0
-3459,-586,-2419,2631,4055,-7859,0,0
-2949,-4026,-2386,-2583,5959,-3798,0,0
-3846,2957,-3107,-62,8741,-1690,0,0
-3671,4839,-4613,2934,6887,-2050,0,0
-3187,2503,-5267,1627,3606,-545,0,0
-2666,3110,-5124,3397,2184,-1412,0,0
-1596,2296,-3978,3755,2729,-1000,0,0
-1132,1961,-3444,5589,2381,-1649,0,0
-732,-147,-2374,5283,503,-1704,0,0
-598,-682,-596,4115,-97,-1416,0,0
-352,-478,752,4017,-651,-1840,0,0
153,-1172,1523,3766,-948,-1805,0,0
643,-1290,2180,4250,1587,-2471,0,0
1354,-1493,2546,4169,8909,-4144,0,0
1836,-2535,3003,2941,10977,-6029,0,0
2629,-2630,4194,1367,9802,-5231,0,0
3582,-850,4664,1663,8735,-4777,0,0
4119,-1602,4396,1717,7298,-4107,0,0
4236,-2378,3634,1022,6180,-2747,0,0
4122,-2788,2637,592,4499,-3138,0,0
3770,-1930,1558,-424,3398,-1796,0,0
2950,-601,1127,-45,2078,-1700,0,0
1560,321,1096,-1463,581,-946,0,0
474,167,846,-634,-352,-2528,0,0
177,-1214,316,-2251,-1018,-3770,0,0
221,239,30,-121,-945,-4819,0,0
555,-608,48,-509,-1107,-3959,0,0
480,-279,175,-111,-1055,-3733,0,0
423,-633,212,-496,-1278,-3344,0,0
285,-566,172,-657,-1379,-3230,0,0
110,-446,13,-925,-1379,-2584,0,0
-211,54,-213,-582,-1247,-2135,0,0
-734,183,-419,-1530,-786,-1761,0,0
-1326,1326,-896,-1874,465,-1805,0,0
-2004,2285,-1184,-1833,1901,-2088,0,0
-2957,2803,-1565,-1537,3566,-2557,0,0
-3683,2042,-2279,272,4587,-5630,0,0
-3734,840,-2718,-788,7346,-4518,0,0
-3769,2992,-3682,3425,11054,-4225,0,0
-3886,539,-4670,2422,11663,-2403,0,0
-4165,1882,-5633,3057,10563,-2286,0,0
-3451,2531,-5509,5721,5439,-4308,0,0
-2169,659,-3903,4191,1513,-2815,0,0
-1591,1650,-2473,3871,575,-1895,0,0
-1155,770,-1809,3822,618,-1775,0,0
-793,-297,-1367,3352,274,-1793,0,0
-599,49,-691,3743,-260,-1975,0,0
-263,-651,188,3326,-560,-1989,0,0
172,-636,973,2954,-506,-2018,0,0
708,-768,1615,3261,309,-2215,0,0
1291,-1320,2178,3527,5085,-2497,0,0
2094,-1794,2235,3856,11734,-3911,0,0
2905,-2922,2792,2257,11612,-4614,0,0
3766,-1662,4273,-10,12331,-3707,0,0
3909,538,5042,1753,9885,-4360,0,0
4266,-2070,4905,1187,8773,-3053,0,0
4327,-2414,3916,484,6448,-2740,0,0
4190,-2393,2791,302,4587,-2674,0,0
3915,-2258,1564,-429,3903,-1539,0,0
3251,-1348,861,-639,1978,-1159,0,0
2403,-1311,687,-921,952,-1681,0,0
1554,-935,479,-1567,89,-1617,0,0
1052,-471,315,-1178,-539,-2196,0,0
740,-270,430,-1198,-1215,-2548,0,0
384,300,408,-839,-1651,-2827,0,0
84,-167,207,-900,-1784,-3508,0,0
-168,-126,26,-917,-1813,-3893,0,0
-216,-119,-80,-625,-1696,-4020,0,0
-221,-510,-61,-1176,-1624,-3615,0,0
-417,-254,-163,-1880,-609,-2490,0,0
-630,579,-538,-2551,596,-526,0,0
-1509,1760,-1278,-1762,1633,-431,0,0
-2878,2416,-1991,-825,3002,-1470,0,0
-4010,2212,-2758,449,4280,-4228,0,0
-4385,3049,-3314,879,6667,-5017,0,0
-3935,4285,-3684,2767,7763,-4382,0,0
-3871,3189,-4352,4265,9875,-4596,0,0
-3265,-1046,-4782,3977,11782,-3860,0,0
-2847,-783,-4806,1863,9000,-2107,0,0
-2408,2021,-5210,5251,4753,-2408,0,0
-2204,-588,-4773,2880,811,-2755,0,0
-2079,992,-3582,3096,410,-2064,0,0
-1383,1672,-2472,4616,1016,-3210,0,0
-475,-250,-1353,3595,515,-2843,0,0
2,-83,-258,3473,-290,-2083,0,0
497,-84,867,3033,-333,-1834,0,0
823,-87,1765,3367,74,-1697,0,0
1359,-1207,2395,3490,953,-2301,0,0
1903,-1386,2821,3749,5510,-3382,0,0
2517,-2001,2803,3058,13151,-5035,0,0
3144,-2809,3384,961,12845,-5013,0,0
3812,-1633,4444,231,11478,-4988,0,0
4630,-1079,4502,238,10712,-4200,0,0
4854,-1492,3978,-272,8972,-3816,0,0
4732,-3584,3295,-561,6972,-2947,0,0
4512,-1485,2269,-961,4566,-1897,0,0
3838,-1359,1284,-1006,2889,-1509,0,0
2960,-1188,931,-1081,1567,-1051,0,0
2164,-1217,660,-1622,486,-1241,0,0
1424,-132,402,-1201,-325,-1134,0,0
706,-76,401,-1201,-1012,-1975,0,0
270,101,420,-1204,-1337,-2792,0,0
82,-147,299,-1033,-1536,-3485,0,0
-38,-17,178,-1112,-1633,-3771,0,0
-55,-9,85,-733,-1592,-3968,0,0
-92,-120,50,-1039,-1423,-3945,0,0
-148,347,49,-1312,-1274,-3732,0,0
-265,1069,-255,-2090,-979,-2353,0,0
-736,2915,-802,-2784,467,-355,0,0
-1546,5221,-1689,-793,2051,-148,0,0
-2639,4455,-2966,-321,3913,-4080,0,0
-3418,3125,-3792,3195,5314,-4468,0,0
-3357,-1654,-4005,2528,7475,-5205,0,0
-3890,-326,-3666,2663,10221,-4314,0,0
-4310,2077,-4126,2886,11841,-3637,0,0
-3374,4002,-5143,4758,11347,-2018,0,0
-2001,3759,-5206,5302,6137,-901,0,0
-1377,4027,-4632,5905,779,-424,0,0
-691,1925,-3444,4913,-552,-396,0,0
-448,965,-2267,4723,-383,-963,0,0
-78,229,-1555,4926,272,-1156,0,0
261,-492,-819,3965,21,-1129,0,0
364,-441,245,3832,-201,-1154,0,0
552,-1088,1291,3239,-288,-807,0,0
770,-1253,1998,3823,33,-835,0,0
1078,-1943,2503,4575,3144,-1474,0,0
1653,-1852,2493,6086,11258,-2222,0,0
2127,-3530,2847,4566,12045,-4139,0,0
2642,-3643,4567,2020,11439,-3643,0,0
3579,-1983,5093,1659,10126,-3521,0,0
4136,-2238,4611,663,9341,-3451,0,0
4232,-2287,4004,683,7476,-3082,0,0
4314,-3021,3086,-559,4881,-2837,0,0
4061,-2333,1755,-927,3617,-2258,0,0
3427,-1134,848,-1035,2220,-987,0,0
2527,-1249,486,-1271,886,-152,0,0
946,636,145,-1620,-791,-254,0,0
-218,1939,175,-250,-985,-2763,0,0
-322,40,266,-995,-1446,-3889,0,0
-190,89,129,-363,-1356,-4543,0,0
24,-362,50,-250,-1277,-4342,0,0
40,-95,41,-44,-1266,-4124,0,0
-13,-2264,19,-41,-1297,-4082,0,0
-73,-311,-87,-396,-1223,-4036,0,0
-122,-202,-274,-453,-904,-3781,0,0
-206,86,-427,-750,-538,-2835,0,0
-507,1046,-525,-1043,-64,-1836,0,0
-1222,2038,-829,-1331,583,-1309,0,0
-2250,3092,-1361,-1223,2029,-942,0,0
-3172,3824,-2354,273,4268,-1828,0,0
-3657,3026,-3667,653,7189,-2786,0,0
-3539,2237,-4875,2651,9155,-4036,0,0
-2979,93,-5321,3428,12104,-4187,0,0
-2818,105,-5094,3080,14456,-2769,0,0
-2621,3085,-5165,5978,10738,-2477,0,0
-1823,2443,-4601,6707,3672,-1852,0,0
-1421,1312,-3469,5703,-1186,-3010,0,0
-623,1101,-1823,4979,-1339,-2400,0,0
339,1050,-939,4736,-236,-1826,0,0
887,743,-387,3910,-391,-885,0,0
885,106,380,3476,-423,-272,0,0
865,-855,1072,2628,-412,99,0,0
857,-1294,1562,2724,-962,515,0,0
620,-2226,1830,2870,-224,386,0,0
551,-2639,1728,3664,7595,-1475,0,0
1028,-2742,1291,3872,11204,-4885,0,0
1987,-4284,2880,2307,9694,-6062,0,0
3401,-2330,4792,-689,9329,-4890,0,0
3789,76,4973,1039,9115,-5197,0,0
4380,-2625,4075,-259,7884,-3376,0,0
4288,-1811,2805,-487,5845,-3385,0,0
4200,-2069,1662,-633,4863,-2851,0,0
3705,-1487,744,-1397,3050,-1364,0,0
2794,-1024,568,-723,1698,-1873,0,0
1973,-1131,532,-1412,308,-1555,0,0
1282,-752,333,-738,-484,-2376,0,0
920,-1019,340,-1430,-1372,-2796,0,0
602,-170,289,-1032,-1537,-3369,0,0
411,-229,139,-843,-1617,-3343,0,0
153,-13,51,-651,-1580,-3483,0,0
88,4,97,-398,-1455,-3311,0,0
-179,299,262,-476,-1447,-3027,0,0
-495,990,263,-386,-1025,-2492,0,0
-728,788,104,-948,-781,-1919,0,0
-3440,1133,-180,-2238,-262,-1151,0,0
-2218,3002,-724,-1658,988,-1608,0,0
-2650,1918,-1604,-1068,2430,-2792,0,0
-3377,2126,-2357,-955,4620,-2952,0,0
-3746,3249,-2907,1962,6760,-5058,0,0
-3461,3376,-2952,2281,7814,-4164,0,0
-3207,4432,-2637,7224,9317,-4459,0,0
-2641,-1342,-2962,3430,9086,-3764,0,0
-2331,684,-3936,2530,8365,-3056,0,0
-1278,3747,-4433,3017,5425,-1364,0,0
-1121,3965,-4359,3115,1219,-949,0,0
-722,877,-3832,3737,-378,-1201,0,0
-419,-1928,-2886,3773,499,-1887,0,0
-375,-3439,-1800,4538,884,-3305,0,0
116,-2513,-558,3060,-482,-2707,0,0
388,519,286,4156,-758,-2751,0,0
1102,-432,1026,3204,-328,-1547,0,0
1419,-280,1655,2949,260,-1301,0,0
1720,-522,2300,3040,2191,-1732,0,0
1995,-615,2460,2477,9571,-2342,0,0
1743,-595,1838,3403,10008,-5155,0,0
2721,-4050,2662,624,10504,-4789,0,0
3776,-1807,3536,-1278,8182,-4551,0,0
3885,927,4009,343,8216,-4703,0,0
3924,-578,3757,111,6359,-3092,0,0
3345,-437,3191,5,4699,-2252,0,0
2762,-629,2343,-57,3241,-1915,0,0
2327,-885,1620,-154,1970,-1813,0,0
2008,-1548,1317,-151,1144,-2826,0,0
1901,-1822,928,-1494,-246,-2524,0,0
1511,395,533,-220,-817,-2713,0,0
1117,-448,161,-32,-1206,-2528,0,0
359,-380,129,-573,-1233,-3033,0,0
4,272,208,141,-1164,-3671,0,0
14,-465,180,-495,-1106,-4125,0,0
161,-111,127,-539,-1353,-4055,0,0
220,92,-99,-464,-1380,-3674,0,0
209,30,-345,-312,-1372,-3052,0,0
-69,-413,-509,-470,-1073,-2677,0,0
-514,-484,-576,-1485,-287,-1850,0,0
-1037,521,-789,-1669,852,-1721,0,0
-1754,1336,-1394,-1380,2120,-1489,0,0
-2949,2289,-2237,-550,3873,-3275,0,0
-3620,3174,-3052,170,6098,-3190,0,0
-3581,2224,-4183,2305,7107,-5351,0,0
-3631,-703,-5096,-247,10148,-3619,0,0
-4117,448,-6015,2777,12978,-5811,0,0
-4039,682,-5680,1414,11030,-3798,0,0
-3650,4114,-4446,3770,8463,-3077,0,0
-2247,3535,-3940,4284,2459,-2441,0,0
-1051,3230,-3261,4545,-267,-931,0,0
-254,2551,-2248,4855,81,-1353,0,0
343,749,-1363,4461,549,-1249,0,0
861,-1073,-832,3744,208,-886,0,0
1024,-799,-315,2626,153,113,0,0
722,343,536,3856,114,605,0,0
591,-553,1424,4258,109,553,0,0
534,-1038,1999,5293,3531,11,0,0
540,-1587,3055,4518,13296,-2699,0,0
261,-1975,4707,3825,10363,-5856,0,0
1736,-4403,6611,895,13004,-5073,0,0
3517,-2554,6363,-789,10897,-4519,0,0
3873,-809,5675,1010,9917,-4346,0,0
4250,-2681,4728,-260,8037,-2978,0,0
4335,-2379,3251,-415,5624,-2481,0,0
3990,-1894,1943,-1125,4595,-1456,0,0
3272,-2904,1231,-579,2624,-939,0,0
2288,-1434,1022,-1700,836,-997,0,0
1176,-538,687,-1303,-849,-1807,0,0
721,-1062,230,-1255,-1384,-2638,0,0
568,-1045,-25,-1402,-1214,-3156,0,0
285,-229,93,-832,-1466,-3203,0,0
103,-315,91,-655,-1762,-3159,0,0
-113,-187,82,-488,-1623,-3745,0,0
-166,-239,150,-406,-1805,-3920,0,0
-160,-290,141,-664,-1745,-4036,0,0
-134,12,204,-631,-1592,-4062,0,0
-36,-262,244,-1155,-1491,-4078,0,0
28,-311,118,-1438,-1745,-4140,0,0
-105,-634,-164,-1772,-1483,-3733,0,0
-509,-261,-470,-2377,-776,-2409,0,0
-1122,866,-765,-1942,189,-1357,0,0
-2107,1358,-998,-1734,1636,-2992,0,0
-3626,2432,-1318,-1594,3299,-1754,0,0
-4845,4095,-1962,-190,4681,-3334,0,0
-4884,3956,-2760,1693,6568,-5419,0,0
-3886,3097,-3300,3422,10578,-4239,0,0
-3038,2497,-4170,3232,9928,-3488,0,0
-2390,2441,-4823,1726,7432,-971,0,0
-1740,2889,-5795,4028,5631,-2701,0,0
-666,849,-5613,3409,2431,-1668,0,0
-563,71,-4487,4302,1199,-2185,0,0
-384,-1742,-3166,3782,1642,-2293,0,0
-344,-671,-1960,4103,783,-2113,0,0
-65,335,-829,5137,-358,-2091,0,0
403,-250,439,4439,-518,-1195,0,0
712,91,1625,4660,267,-1195,0,0
1124,-747,2566,3898,3214,-1717,0,0
1267,-236,3200,3280,9362,-3252,0,0
1248,-602,3585,3306,9619,-4877,0,0
1925,-3421,4307,2153,9067,-4252,0,0
3263,-3676,4674,-284,10492,-3033,0,0
3702,-930,4652,210,9288,-3623,0,0
3976,-2012,4490,-278,8791,-3458,0,0
3975,-1531,3516,-925,5989,-4468,0,0
3932,-1217,2370,-1181,4850,-4315,0,0
3719,-706,1445,-1118,2635,-2916,0,0
2912,-478,1229,-733,1993,-2312,0,0
2248,-1359,935,-998,395,-1403,0,0
1487,-1396,496,-1289,-571,-1435,0,0
603,-305,306,-997,-901,-2450,0,0
383,-690,261,-871,-1309,-3225,0,0
318,-426,122,-1075,-1523,-3336,0,0
235,26,48,-494,-1388,-3346,0,0
233,-491,3,-874,-1408,-3281,0,0
109,-10,-77,-827,-1465,-3049,0,0
-27,-252,-154,-990,-1365,-2906,0,0
-281,-380,-275,-1613,-990,-2509,0,0
-527,180,-480,-1664,-157,-1998,0,0
-921,892,-795,-2044,218,-1185,0,0
-2011,2127,-1221,-722,-518,-2949,0,0
-3117,1595,-1803,-764,1928,-4541,0,0
-3521,3544,-2404,41,4659,-4384,0,0
-3359,3144,-2718,1337,5843,-5207,0,0
-3348,766,-2979,97,7234,-3271,0,0
-4289,2638,-3720,2379,10201,-4157,0,0
-3654,1034,-4157,2464,9594,-2669,0,0
-3050,1759,-4687,2530,5250,-2636,0,0
-1701,3095,-5253,4012,4196,-1679,0,0
-521,2067,-5118,3513,2445,-1623,0,0
-441,2232,-4005,3220,843,-538,0,0
-591,2468,-2553,4031,1439,-829,0,0
-466,791,-1325,4790,1424,-836,0,0
-275,-1219,-509,4239,-88,-342,0,0
-138,-741,410,4947,-744,-751,0,0
199,-1180,1530,4675,-437,-724,0,0
478,-1663,2433,4580,2320,-806,0,0
968,-1835,2728,4548,9776,-2399,0,0
1453,-2536,2825,4517,12806,-4598,0,0
2413,-4837,4234,1295,11814,-4097,0,0
3479,-2670,5125,220,10595,-3793,0,0
4272,-1889,4876,382,10435,-3593,0,0
4613,-2509,4096,-582,8758,-2277,0,0
4429,-1992,3410,-125,6280,-2274,0,0
4103,-2402,2455,-959,4432,-2256,0,0
3620,-722,1545,-643,2351,-1494,0,0
2870,-1005,1265,-2848,1758,-1669,0,0
2107,-344,1003,-1496,388,-919,0,0
1172,1477,688,-1042,-547,-1092,0,0
106,2520,512,-218,-1795,-2390,0,0
-252,678,403,-49,-1174,-4326,0,0
66,-207,84,-377,-1356,-4090,0,0
196,106,-146,707,-1265,-4300,0,0
262,-710,-125,188,-1464,-3903,0,0
144,-207,-85,348,-1316,-3702,0,0
158,-415,-106,288,-1402,-3506,0,0
176,-485,-231,-182,-1092,-2704,0,0
63,15,-364,-956,-546,-1184,0,0
-687,2016,-535,-1843,580,-35,0,0
-1753,3007,-1209,-1023,2014,-1318,0,0
-2905,1137,-2438,-1625,3827,-2945,0,0
-3944,1210,-3531,12,6574,-4430,0,0
-3993,-81,-4289,1470,8313,-5916,0,0
-4220,42,-4276,1530,10493,-4533,0,0
-4656,2361,-6648,5063,12465,-5157,0,0
-3883,596,-4502,3852,11086,-2740,0,0
-3502,2847,-4341,3649,8065,-2211,0,0
-2451,4169,-4318,4047,3016,-1956,0,0
-1309,3180,-3736,4051,-326,-1787,0,0
-443,2141,-2740,4009,-57,-1758,0,0
53,1343,-1865,4751,859,-1543,0,0
353,307,-890,4993,444,-945,0,0
384,-91,259,4804,-429,-762,0,0
443,-610,1486,4103,-274,-455,0,0
601,-831,2336,3906,563,-541,0,0
1031,-1938,2904,4199,3162,-1619,0,0
1687,-1858,3084,3754,10686,-2173,0,0
1824,-2062,3261,4577,10905,-4766,0,0
2541,-4487,4717,1536,11326,-4008,0,0
3686,-2223,5174,788,10139,-3888,0,0
4303,-2122,4585,517,9575,-3644,0,0
4279,-2394,3625,-137,7351,-2538,0,0
4075,-2849,2758,-327,5396,-2805,0,0
3903,-3293,1646,-1090,3400,-2168,0,0
3495,-2613,932,-1733,2485,-1315,0,0
2705,-1166,785,-2598,1329,-635,0,0
1825,828,376,-1770,-542,-1303,0,0
762,1151,-278,-1011,-1612,-2241,0,0
53,867,-38,-752,-1565,-3298,0,0
126,208,334,-676,-1240,-4375,0,0
172,-170,383,-1065,-1559,-4003,0,0
88,120,224,-734,-1479,-3986,0,0
131,-63,71,-609,-1637,-3840,0,0
44,-146,20,-567,-1572,-3669,0,0
-6,-411,-24,-2760,-1352,-3572,0,0
-48,-377,-70,-987,-1216,-3449,0,0
-52,79,-192,-1346,-958,-3313,0,0
-14,640,-425,-1192,-887,-2726,0,0
-277,799,-551,-1701,-846,-1193,0,0
-1231,1258,-860,-1966,-50,-782,0,0
-2516,1578,-1589,-1876,1742,-1329,0,0
-3803,2761,-2426,-1500,4925,-2241,0,0
-4443,4506,-3388,794,7114,-4196,0,0
-4154,2893,-4199,2234,8577,-5148,0,0
-3738,1446,-4470,3172,10695,-3971,0,0
-3495,-2172,-4467,2546,11842,-4855,0,0
-3330,407,-4285,557,11248,-1920,0,0
-2757,5897,-5018,4263,6454,-1423,0,0
-1450,3056,-5081,5187,2351,-1239,0,0
-592,-313,-4040,3696,675,-893,0,0
-605,873,-2869,3905,1253,-890,0,0
-569,1805,-1847,5265,1260,-860,0,0
-367,900,-820,5334,367,-326,0,0
-462,635,502,5024,120,-255,0,0
-549,-126,1858,4760,-373,-852,0,0
-319,-1470,2854,4133,658,-1096,0,0
273,-1883,3405,3894,5438,-1182,0,0
857,-1313,3033,4903,11398,-2348,0,0
1414,-4031,3322,4495,11047,-3861,0,0
2603,-4738,5027,2246,11990,-2848,0,0
3742,-2640,5545,1342,11470,-3483,0,0
4302,-2081,4935,1339,10175,-3166,0,0
4535,-3011,4049,934,8200,-2524,0,0
4436,-3274,2816,-123,5987,-2065,0,0
4091,-2596,1691,-290,3981,-1580,0,0
3232,-2111,931,-738,2137,-1363,0,0
2296,-1770,781,-1243,1304,-1149,0,0
1351,-744,610,-1853,-106,-1161,0,0
641,272,523,-1114,-1018,-2393,0,0
308,-359,476,-1801,-1318,-2761,0,0
151,-54,263,-1155,-1232,-3679,0,0
197,-369,142,-1264,-1342,-3590,0,0
136,-63,36,-919,-1228,-3589,0,0
130,-299,-35,-1168,-1130,-3195,0,0
-34,-94,-71,-1004,-847,-2621,0,0
-302,-173,-202,-1759,-321,-1429,0,0
-976,1048,-521,-2263,412,-758,0,0
-1887,1690,-1134,-2480,950,-845,0,0
-3061,2169,-2176,-1937,3007,-1730,0,0
-4240,3445,-2840,-1013,5879,-3234,0,0
-4493,4765,-3584,1112,7281,-4005,0,0
-4227,4737,-4241,3801,7808,-4545,0,0
-3164,3826,-3931,3996,10498,-1934,0,0
-2345,4832,-4574,4485,11962,-253,0,0
-1171,2336,-5423,5589,10511,452,0,0
-419,-712,-5342,3364,6866,-1616,0,0
-281,1685,-4207,3317,2641,-1370,0,0
-252,3340,-2840,4125,-76,-1054,0,0
34,2495,-1852,4179,178,-964,0,0
435,528,-1259,3660,274,-483,0,0
574,-654,-750,3149,-281,-51,0,0
497,-731,-72,3180,-552,239,0,0
426,-1002,691,4079,-817,345,0,0
393,-1649,1495,4085,-227,640,0,0
241,-1382,2266,4884,2742,187,0,0
699,-1554,2587,4904,9871,-1190,0,0
786,-1712,2931,5246,9939,-3653,0,0
1386,-4816,4863,2901,11707,-3986,0,0
2972,-4241,5498,557,11230,-2976,0,0
3837,-2070,5031,1077,10786,-4052,0,0
4188,-2614,4358,-163,9141,-2882,0,0
4209,-2333,3685,141,6493,-3077,0,0
4146,-3074,2638,-986,4970,-2430,0,0
3595,-1671,1704,-902,2423,-1432,0,0
2663,-2206,1128,-1492,1675,-1371,0,0
1609,-757,674,-1848,317,-987,0,0
658,441,407,-1049,-594,-2233,0,0
83,0,144,-1061,-1205,-3297,0,0
-48,46,-81,-775,-1104,-3837,0,0
73,-165,-255,-963,-919,-4041,0,0
68,390,-29,-621,-983,-3805,0,0
187,-167,151,-336,-1119,-3837,0,0
205,-594,130,-794,-1303,-3571,0,0
84,-145,54,-547,-1341,-3621,0,0
71,-253,-123,-602,-1368,-3606,0,0
-9,-263,-162,-504,-1265,-3503,0,0
-77,-495,-118,-937,-1120,-3127,0,0
-357,-72,-189,-1678,-720,-2620,0,0
-894,1020,-410,-2096,327,-1772,0,0
-1695,1867,-808,-1894,1691,-1423,0,0
-3271,1847,-1058,-1643,3683,-2370,0,0
-5217,1388,-1196,-77,5681,-4080,0,0
-5846,-2976,-1376,-462,8371,-5438,0,0
-4856,1431,-1689,87,9460,-2364,0,0
-3969,4357,-3131,2108,9333,-1942,0,0
-3446,5232,-4599,1991,9299,-412,0,0
-2932,5635,-5628,4634,8619,-1886,0,0
-1733,2458,-5347,4446,5557,-1838,0,0
-1211,1910,-4370,4477,2095,-1807,0,0
-872,2258,-3018,4965,851,-2093,0,0
-422,981,-1954,5352,601,-2394,0,0
104,-420,-928,4883,95,-1898,0,0
432,-104,170,4393,-64,-1258,0,0
541,-31,1263,4143,194,-949,0,0
686,-1027,2161,3614,773,-643,0,0
905,-1631,2877,3419,3098,-1197,0,0
1348,-1372,3312,2842,9580,-2020,0,0
1532,-1535,3210,2869,9727,-4023,0,0
2341,-3482,3802,1795,10117,-6864,0,0
3933,-3861,4387,-123,10725,-3854,0,0
4263,-884,4170,-451,10317,-3794,0,0
4031,132,3770,371,7795,-3486,0,0
3844,-1396,3085,241,5661,-3204,0,0
3646,-1719,2160,-382,3931,-2319,0,0
3152,-1384,1580,-562,2541,-2445,0,0
2641,-1036,1365,-1147,1780,-1756,0,0
2054,-638,1162,-1119,695,-1630,0,0
1253,-334,797,-1744,-600,-1723,0,0
539,265,631,-811,-975,-2870,0,0
175,-128,449,-1527,-1434,-3162,0,0
-49,810,211,-362,-1182,-3869,0,0
30,-25,65,-150,-1368,-4027,0,0
-2,-336,38,-20,-1331,-3925,0,0
-8,-207,46,111,-1340,-3899,0,0
-5,-307,72,-2,-1381,-3846,0,0
-59,-447,-22,-454,-1453,-3563,0,0
-225,-146,-168,-1300,-984,-3026,0,0
-557,546,-452,-1749,-467,-2507,0,0
-1076,652,-937,-2277,172,-1629,0,0
-1804,1287,-1418,-1655,1207,-1704,0,0
-2599,1281,-2002,-1474,3167,-1113,0,0
-3677,2068,-2445,-303,6214,-1153,0,0
-4868,2012,-3172,75,9984,-2330,0,0
-5485,1671,-4157,1611,12415,-4932,0,0
-5017,1688,-4137,1280,13937,-4361,0,0
-4217,4635,-4387,3093,13577,-3626,0,0
-2596,4775,-5536,3819,10750,-1878,0,0
-1163,4187,-6196,4727,4461,-1392,0,0
-139,2530,-5391,5094,643,-796,0,0
834,528,-4105,6081,896,-234,0,0
1158,-182,-2804,6115,1475,32,0,0
483,509,-1046,5642,622,638,0,0
-241,635,717,4811,96,502,0,0
-468,314,1861,3601,282,602,0,0
-519,227,2457,3259,878,346,0,0
-374,-626,2909,3560,2556,-579,0,0
256,-1270,3392,3384,9878,-1362,0,0
675,-1786,3548,3856,12077,-3523,0,0
1153,-5734,4880,2056,11543,-3646,0,0
2685,-5401,6002,-409,11296,-2248,0,0
3724,-1865,5440,415,11326,-3405,0,0
4211,-2132,4479,294,9369,-2405,0,0
4242,-2382,3672,458,7380,-2358,0,0
4316,-3505,2762,-778,5525,-2191,0,0
3692,-1798,2093,-225,3515,-2086,0,0
3135,-2451,1612,-1173,2426,-833,0,0
1981,-930,1072,-1161,1108,-1177,0,0
1113,-1077,743,-1448,-75,-2281,0,0
294,-603,249,-2260,-1642,-3384,0,0
39,738,-125,-1090,-1414,-4294,0,0
369,26,-429,-741,-1241,-3924,0,0
309,196,-295,-134,-548,-3786,0,0
276,-341,-57,-275,-669,-3443,0,0
258,-235,34,-579,-1117,-3280,0,0
245,-45,122,-555,-1339,-3424,0,0
178,-191,74,-877,-1473,-3172,0,0
-1,109,-106,-1012,-1082,-3311,0,0
-83,405,-343,-1898,-679,-2808,0,0
-493,696,-741,-2822,-81,-2376,0,0
-1452,228,-1440,-3598,1248,-1892,0,0
-2917,1171,-2499,-2237,3600,-2598,0,0
-3931,2441,-2972,-1360,5905,-2778,0,0
-4381,3398,-3422,1185,7012,-4717,0,0
-4281,1555,-4015,991,9214,-5045,0,0
-4012,2140,-4238,2391,11544,-3355,0,0
-3708,743,-4988,2499,10984,-2896,0,0
-4080,-2656,-5552,2281,8561,-3371,0,0
-3343,-965,-5071,2521,3548,-3494,0,0
-2438,1494,-4134,3600,1900,-3482,0,0
-1560,2110,-3261,5407,1499,-3872,0,0
-507,241,-2402,5116,669,-2867,0,0
140,581,-1353,5219,93,-2266,0,0
565,262,199,4699,212,-1655,0,0
738,-346,1561,3756,205,-908,0,0
1037,-867,2353,3679,708,-1317,0,0
1397,-1525,2904,2624,3694,-1720,0,0
1616,-903,3120,2076,11053,-3769,0,0
2138,-1849,3491,1415,10812,-5086,0,0
3253,-2518,4663,-955,11723,-4160,0,0
3841,152,5130,102,10833,-4815,0,0
4199,-1238,5041,106,10671,-4124,0,0
4463,-1585,4258,-968,7944,-2650,0,0
4313,-1579,3218,-547,6034,-3504,0,0
3915,-1647,2057,-1452,3729,-2132,0,0
3319,-902,1428,-527,2709,-2876,0,0
2849,-1723,1024,-1064,1350,-1956,0,0
2262,-2031,762,-715,631,-1666,0,0
1451,-1984,488,-2591,-1087,-930,0,0
273,991,124,-1482,-1208,-2701,0,0
99,462,-76,-1037,-1440,-3515,0,0
82,-17,-128,-1348,-1296,-3470,0,0
56,608,-96,-350,-1341,-3707,0,0
21,-168,-17,-718,-1592,-3396,0,0
-123,-89,3,-568,-1488,-3763,0,0
-115,-285,-41,-871,-1399,-3547,0,0
-206,-153,-79,-1127,-1396,-3694,0,0
-377,442,-292,-1484,-1319,-3204,0,0
-708,1086,-558,-1258,-204,-2470,0,0
-1367,1020,-761,-1865,1521,-1054,0,0
-2480,2149,-1264,-874,3297,-1079,0,0
-3865,1844,-1653,-1410,5374,-2114,0,0
-5233,3274,-2701,-338,8875,-3608,0,0
-5585,1891,-3945,1040,11723,-5223,0,0
-5319,3350,-4219,3119,11292,-3853,0,0
-3430,1733,-6448,4489,8124,-3701,0,0
-3108,-533,-5368,2345,9370,-3128,0,0
-2892,1801,-5438,3523,4041,-2623,0,0
-2218,4016,-4324,4780,582,-1957,0,0
-1037,2343,-3234,6337,1504,-1543,0,0
-302,-704,-2088,4955,873,-1252,0,0
-365,738,-663,5269,-411,-1155,0,0
-147,766,845,4993,-942,-1098,0,0
134,154,1814,4763,-122,-1116,0,0
585,-536,2401,5370,1883,-1730,0,0
1160,-3344,3153,5182,9053,-3020,0,0
1750,-1556,3781,3276,14258,-3586,0,0
2037,-2203,4808,2328,11153,-4170,0,0
3029,-3026,5774,456,12027,-3151,0,0
3857,-2098,5334,848,10325,-3137,0,0
4361,-3119,4597,41,9516,-2413,0,0
4311,-2757,3726,-17,7022,-2271,0,0
4283,-3634,2693,-945,4711,-1428,0,0
3270,-1314,1425,-1062,2097,-1283,0,0
2281,-661,1131,-367,887,-1853,0,0
1457,-894,773,-1389,194,-1857,0,0
1018,-516,216,-661,-839,-2280,0,0
580,-773,103,-1444,-821,-2431,0,0
250,194,99,-137,-1102,-3181,0,0
68,-693,19,-1122,-1323,-3470,0,0
-115,381,6,-62,-1305,-4259,0,0
-59,-711,-19,-738,-1382,-4081,0,0
-136,-140,-4,-601,-1382,-4242,0,0
-43,-388,-45,-646,-1406,-4272,0,0
35,-376,-64,-768,-1267,-3957,0,0
-1,-400,-128,-814,-1159,-3610,0,0
-216,-376,-210,-1668,-880,-2883,0,0
-615,-161,-458,-2178,-447,-2098,0,0
-1451,339,-802,-2967,337,-1431,0,0
-2419,1816,-1436,-2255,2106,-2033,0,0
-3297,3102,-2081,-1455,4312,-2442,0,0
-3850,4465,-2624,342,6475,-3704,0,0
-3626,2868,-3304,343,7552,-4063,0,0
-3966,3380,-3944,811,10055,-2498,0,0
-4455,3571,-4593,2156,11624,-2205,0,0
-3599,1859,-5691,2351,11428,-352,0,0
-2132,1086,-6656,5450,7262,-2105,0,0
-920,-22,-5585,4778,2463,-1638,0,0
-984,2119,-3687,4302,1562,-1085,0,0
-832,2585,-2656,5380,1200,-1324,0,0
-346,465,-1789,4422,687,-1173,0,0
-272,238,-698,3808,-101,-891,0,0
-259,690,322,3672,-313,-672,0,0
-178,699,1106,3130,-35,-362,0,0
-62,379,1755,3214,1518,-615,0,0
398,-376,2327,3017,6883,-781,0,0
748,-839,2304,4084,9956,-2344,0,0
1289,-4585,3157,3616,10269,-3213,0,0
2366,-5695,4878,768,11296,-2760,0,0
3209,-1877,5513,747,11530,-3350,0,0
3709,-1747,5235,759,10204,-3022,0,0
3875,-2589,4464,333,8696,-2279,0,0
4011,-3177,3487,2,6723,-2857,0,0
3761,-2709,2530,-691,5893,-2966,0,0
3622,-1932,1829,-732,4543,-2277,0,0
3231,-1541,1425,-1306,2876,-1997,0,0
2574,-476,1166,-1066,1054,-1667,0,0
2123,-1159,785,-1646,-280,-1202,0,0
1299,-508,439,-1446,-979,-1498,0,0
841,-1136,355,-1261,-1197,-1935,0,0
410,-512,169,-1652,-1417,-2423,0,0
