-848, 289, 2750, 1745, -4539, 2314, 8332,
374, -80, 2537, -990, -4543, 1932, 9357,
-250, -459, 2164, -1763, -5161, 1569, 10382,
-680, -677, 901, 561, -5801, 1244, 11407,
339, -696, -680, 535, -4610, 531, 12432,
439, -861, -1465, 97, -5012, -106, 13457,
621, -974, -2312, -335, -5210, -278, 14482,
861, -939, -3593, -1744, -4949, -275, 15507,
1259, -1103, -4857, -3234, -4635, 513, 16532,
1454, -1728, -5912, -5403, -5436, 1331, 17557,
1423, -2463, -6757, -11003, -6759, 3797, 18582,
1037, -3336, -7983, -16010, -8583, 5438, 19607,
2501, -4013, -8601, -15556, -7402, 6123, 20632,
3116, -4485, -7212, -12678, -5304, 4806, 21657,
2341, -4332, -5281, -8450, -3281, 4297, 22682,
1399, -3514, -4057, -6051, -2556, 3208, 23801,
1832, -2495, -2342, -4499, -1981, 1963, 24826,
2153, -1639, -1033, -3177, -631, 2185, 25851,
1017, -1062, -499, 103, -377, 1948, 26876,
1371, -230, -283, 655, -276, 2821, 27901,
1578, 107, -254, 835, 1080, 2273, 28926,
-9, 579, 308, 449, 1358, 2161, 29951,
-1302, 1266, 1035, -45, 666, 2155, 30976,
-1745, 2118, 1700, -1327, -814, 1987, 32001,
-1911, 3021, 2531, -4540, -1372, 1123, 33026,
-2476, 3639, 3804, -6362, -2110, 978, 34051,
-2404, 4175, 4959, -9656, -3023, 3036, 35076,
-3190, 3944, 5435, -11227, -3860, 1405, 36101,
-1283, 4032, 6028, -13332, -4195, 2595, 37126,
-1005, 3834, 5546, -13185, -3467, 2825, 38151,
-2003, 3264, 5575, -12817, -3221, 2498, 39176,
-2560, 2666, 5618, -11310, -3424, 2104, 40294,
-2534, 1796, 4991, -7801, -3572, 1636, 41319,
-1789, 1085, 3697, -3126, -3342, 1674, 42344,
-1178, 812, 2108, -88, -2357, 2032, 43369,
-1145, 302, 1292, 1204, -2569, 1462, 44394,
33, -119, 1207, 1006, -3889, 1074, 45419,
1117, -178, 1360, 106, -3796, 1572, 46444,
311, -414, 1118, 253, -4569, 1211, 47469,
-157, -597, 30, 180, -5105, 421, 48494,
-122, -677, -1327, 47, -5501, -139, 49519,
109, -764, -2407, -354, -5962, -230, 50544,
582, -758, -3611, -2328, -6034, 17, 51569,
1406, -841, -4930, -7773, -5487, 2029, 52594,
816, -1715, -6140, -12810, -6992, 3260, 53619,
1379, -2385, -7186, -15548, -5294, 3963, 54644,
2961, -3114, -7480, -15823, -4400, 4390, 55669,
3282, -3825, -6502, -13610, -3715, 2899, 56535,
3793, -4021, -5351, -11664, -2944, 3459, 57560,
2651, -3874, -3966, -9090, -2380, 4066, 58585,
1915, -3407, -2926, -6447, -2552, 2836, 59610,
2934, -3251, -2203, -4088, -874, 2660, 60635,
1986, -2932, -1535, -1679, -127, 1543, 61660,
1068, -2078, -907, 176, 410, 1238, 62685,
521, -1123, -403, 742, 1159, 1085, 63710,
18, -170, 0, 1024, 1589, 754, 64735,
-660, 924, 524, 585, 1365, 1360, 65760,
-1247, 1911, 1064, -1112, 311, 1590, 66785,
-1349, 2802, 2010, -3498, -424, 1116, 67810,
-1888, 3840, 2923, -5984, -1214, 1988, 68835,
-2469, 4702, 3849, -9408, -2146, 2758, 69860,
-2789, 5061, 4944, -12293, -3310, 2842, 70885,
-1201, 5121, 5959, -13329, -3030, 4448, 71910,
-1201, 5121, 5959, -13329, -3030, 4448, 73030,
-1881, 4892, 5794, -15018, -2751, -452, 74055,
-1953, 4685, 6362, -17186, -4128, 1520, 75080,
-2376, 3965, 6055, -12417, -3659, 4011, 76105,
-2505, 2795, 4912, -5434, -2980, 2534, 77130,
-1783, 2043, 3583, -1922, -3028, 2254, 78155,
-1506, 1139, 2833, -1028, -3865, 3020, 79180,
-823, 382, 2495, -1238, -5022, 2665, 80205,
30, 131, 2064, -1347, -5494, 2770, 81230,
-553, -221, 1199, 85, -6519, 2368, 82255,
-334, -625, -230, 344, -6408, 1308, 83280,
580, -938, -1697, -151, -5747, 740, 84305,
905, -1162, -2895, -947, -5854, 92, 85330,
954, -1356, -3908, -2006, -5126, 425, 86355,
827, -1562, -5100, -5292, -6279, 1173, 87380,
1387, -1982, -6354, -12724, -6351, 2745, 88405,
1398, -2859, -7637, -17470, -6290, 3737, 89270,
2439, -3434, -8301, -19952, -5583, 3200, 90295,
3033, -4702, -7838, -14931, -2422, 2180, 91320,
2368, -4901, -6600, -9786, -2076, 2498, 92345,
2039, -3911, -4768, -7372, -2513, 2337, 93370,
1532, -2909, -3246, -4371, -1908, 2160, 94395,
1692, -2085, -2185, -2592, -583, 1762, 95420,
766, -1381, -1167, -1186, 29, 1823, 96445,
84, -682, -351, -114, -414, 2221, 97470,
543, 79, 70, 497, -516, 2907, 98495,
696, 540, 537, 39, -1, 2546, 99520,
139, 968, 1099, -474, -464, 2209, 100545,
-240, 1646, 1726, -1216, -1181, 2500, 101570,
-425, 2508, 2372, -2601, -1659, 2496, 102595,
-536, 3433, 2970, -5202, -1814, 1781, 103620,
-1707, 4302, 3397, -7935, -2126, 1211, 104645,
-2327, 5103, 4335, -10732, -2497, 2436, 105764,
-2022, 5080, 5625, -12985, -2572, 2359, 106789,
-1904, 4500, 6327, -13802, -2145, 1199, 107814,
-2357, 3705, 5856, -13588, -1940, 1183, 108839,
-2967, 3099, 4948, -13163, -2193, 1365, 109864,
-2898, 2472, 4350, -10498, -2620, 1509, 110889,
-2636, 1703, 3929, -5589, -3118, 1726, 111914,
-1814, 1110, 3081, -1034, -2878, 2524, 112939,
-1228, 468, 2284, 79, -2809, 2256, 113964,
-825, -182, 2037, 466, -3878, 1565, 114989,
-22, -415, 1818, -102, -3933, 1250, 116014,
-91, -582, 1336, -383, -4363, 725, 117039,
-52, -705, 346, -81, -4637, 395, 118064,
784, -836, -914, 373, -3846, 408, 119089,
877, -883, -1879, 580, -3665, -67, 120114,
962, -896, -2470, -171, -3349, -158, 121139,
945, -849, -3093, -2355, -3949, -70, 122005,
1478, -838, -3708, -7302, -4659, 2129, 123030,
997, -1835, -5097, -12026, -4590, 3688, 124055,
1395, -2789, -7116, -15930, -5072, 5027, 125080,
3017, -3931, -8200, -18245, -4259, 4132, 126105,
3016, -4984, -7424, -15773, -3296, 3156, 127130,
3124, -5124, -6070, -12078, -2416, 3509, 128155,
2308, -4743, -4727, -9778, -1914, 3018, 129180,
1278, -4191, -3621, -6822, -1685, 1768, 130205,
685, -3313, -2714, -4273, -816, 1884, 131230,
108, -2457, -1981, -2108, -644, 1724, 132255,
656, -1679, -1373, -651, -529, 2140, 133280,
843, -1085, -954, 205, -105, 2368, 134305,
762, -703, -640, 951, 368, 2333, 135330,
611, -415, -272, 1733, 383, 2399, 136355,
263, -13, 224, 1666, 288, 2558, 137380,
-39, 383, 612, 1549, 305, 2250, 138500,
-478, 1006, 932, 1011, -350, 1985, 139525,
-560, 1744, 1410, -1221, -1012, 1650, 140550,
-1193, 2430, 2050, -2825, -1079, 1212, 141575,
-2077, 3261, 2905, -4282, -2113, 1843, 142600,
-1222, 4190, 3754, -7584, -2153, 2406, 143625,
-2059, 5069, 4523, -9842, -2301, 2396, 144650,
-1961, 5621, 5755, -12476, -2851, 4224, 145675,
-1281, 5127, 6153, -14246, -2605, 2321, 146700,
-1824, 4437, 6129, -15123, -2740, 967, 147725,
-2618, 3717, 5562, -14251, -2934, 2001, 148750,
-3146, 2787, 4592, -11183, -2865, 2041, 149775,
-3114, 1780, 3759, -5760, -3224, 1374, 150800,
-2081, 1156, 2591, -846, -2565, 1612, 151825,
-959, 773, 1636, -156, -1978, 2061, 152850,
-603, 237, 1472, 341, -2527, 1930, 153875,
-441, -92, 1696, 458, -3206, 1022, 154994,
28, -364, 1715, 208, -3717, 1393, 156019,
-836, -696, 1311, 231, -4598, 1365, 157044,
-808, -872, 273, 315, -5590, 858, 158069,
-144, -912, -1169, 38, -5340, 175, 159094,
441, -916, -2423, -603, -5227, -172, 160119,
1048, -911, -3315, -1659, -4876, 52, 161144,
1493, -873, -4147, -6216, -4872, 1618, 162169,
1466, -1403, -5076, -12295, -4419, 2637, 163194,
1709, -2244, -6314, -18001, -4554, 3054, 164219,
1928, -3185, -7680, -18040, -2612, 2680, 165244,
1861, -3981, -7900, -14952, -2682, 2904, 166269,
2446, -3860, -6697, -12418, -2351, 3310, 167294,
2756, -3902, -5364, -9791, -1440, 2799, 168319,
2096, -3794, -4302, -6795, -2488, 2465, 169344,
1385, -3208, -2950, -3735, -375, 2594, 170369,
1373, -2322, -1665, -1766, -697, 2135, 171235,
1450, -1434, -745, -933, -410, 2345, 172260,
1418, -931, -2368, -339, -169, 2736, 173285,
1001, -716, -197, 445, -44, 2295, 174310,
887, -424, 22, 732, 251, 2014, 175335,
203, -52, 277, 879, 718, 1260, 176360,
-586, 745, 560, 542, 161, 1324, 177385,
-871, 1632, 930, -1194, -496, 1810, 178410,
-1604, 2213, 1330, -2072, -941, 1826, 179435,
-1780, 2941, 2113, -3606, -1309, 1782, 180460,
-2339, 3717, 3225, -5953, -2150, 1639, 181485,
-1572, 4676, 4594, -9572, -2839, 3319, 182510,
-1677, 5128, 5266, -11562, -2047, 3813, 183535,
-2016, 4976, 5950, -13295, -1904, 2246, 184560,
-3188, 4405, 6501, -15068, -2282, 1479, 185585,
-4367, 3264, 6647, -14562, -2872, 1731, 186610,
-3731, 2194, 6124, -12726, -3341, 2063, 187729,
-2264, 1257, 5062, -7488, -4051, 1446, 188754,
-1373, 976, 3020, -2118, -3008, 1348, 189779,
-582, 580, 1009, -295, -2673, 1399, 190804,
702, 245, -63, 567, -2267, 2028, 191829,
1055, -44, -366, 1184, -2257, 1914, 192854,
761, -226, -199, 1085, -2621, 1487, 193879,
613, -455, 151, 707, -2879, 1161, 194904,
413, -761, 347, 566, -3693, 842, 195929,
378, -990, 81, 494, -4081, 705, 196954,
158, -1010, -836, -61, -4271, 815, 197979,
178, -1089, -1966, -746, -4193, 303, 199004,
946, -1022, -3001, -3432, -5480, 814, 200029,
2353, -1254, -3814, -9549, -5179, 2217, 201054,
2155, -2117, -4909, -15577, -4147, 2847, 202079,
1457, -3127, -6485, -17049, -3126, 2113, 203104,
1099, -4016, -7243, -14708, -2023, 1921, 204996,
1059, -4030, -6980, -12946, -2394, 2705, 206021,
2056, -3744, -6100, -10953, -1953, 2761, 207046,
2443, -3699, -4998, -8462, -894, 1934, 208071,
1088, -2869, -2676, -2361, -156, 2196, 209096,
948, -2113, -1739, -654, -137, 1955, 210121,
886, -1338, -916, 393, -117, 1966, 211146,
835, -605, -381, 946, -101, 2242, 212171,
991, -23, 13, 1078, 118, 2611, 213196,
548, 409, 346, 1053, 365, 2359, 214221,
-327, 827, 653, 672, 228, 1816, 215246,
-745, 1433, 1073, -1084, -149, 1328, 216271,
-1227, 2238, 1704, -2159, -644, 1181, 217296,
-1672, 3327, 2691, -4571, -1332, 1819, 218321,
-2173, 4253, 3806, -7820, -1567, 1448, 219346,
-2213, 5070, 5100, -11090, -1971, 1642, 220465,
-1358, 5536, 6469, -14493, -1776, 1843, 221490,
-1495, 5279, 7132, -16217, -1771, 839, 222515,
-2123, 4342, 6637, -15444, -1757, 1014, 223540,
-2581, 3542, 5321, -14960, -1860, 1519, 224565,
-2167, 2785, 4032, -12669, -2253, 1882, 225590,
-1930, 1840, 3445, -6583, -3372, 2067, 226615,
-1838, 1107, 2770, -11, -2884, 3098, 227640,
-2090, 500, 1954, 1370, -3011, 3071, 228665,
-2103, -246, 1654, 300, -3781, 1468, 229690,
-1353, -609, 1328, -952, -3873, 359, 230715,
-391, -770, 699, -962, -3417, 489, 231740,
-429, -820, 99, -263, -3323, 347, 232765,
-41, -783, -585, 179, -3398, 579, 233790,
224, -863, -1393, -7, -3144, -20, 234815,
507, -827, -2052, -407, -3304, -649, 235840,
1051, -740, -2723, -1170, -2998, -281, 236706,
1504, -729, -3519, -3540, -3955, -99, 237731,
1914, -755, -6168, -9321, -3605, 1658, 238756,
874, -1523, -5348, -13265, -3271, 2941, 239781,
574, -2181, -6865, -14419, -2996, 3334, 240806,
1526, -2737, -7590, -15135, -2381, 4089, 241831,
2064, -3420, -7045, -12957, -1653, 3959, 242856,
1883, -3563, -5896, -10813, -1481, 3269, 243881,
1620, -3267, -4553, -8105, -1211, 2666, 244906,
1768, -2948, -3263, -5148, -929, 1885, 245931,
1932, -2425, -2195, -3310, -507, 2242, 246956,
1281, -1980, -1382, -1575, -293, 2064, 247981,
749, -1350, -745, -409, -518, 2430, 249006,
593, -832, -530, 620, -768, 2691, 250031,
930, -357, -343, 1124, -2512, 3097, 251056,
544, -133, -54, 1283, -404, 2742, 252081,
288, 192, 242, 744, -672, 2708, 259351,
235, 555, 290, 12, -406, 2391, 260376,
-433, 1079, 432, -657, -261, 1762, 261401,
-815, 1848, 845, -1203, -601, 1940, 262426,
5333, 4314, -9995, -2566, -970, 1140, 263451,
20499, -8494, -22279, -3068, -1564, 4956, 264476,
20499, -2670, 4625, 5256, -1056, -2022, 265501,
-3949, 1655, 3678, -4880, -3262, 1362, 266526,
-2182, 1075, 2324, -353, -3043, 2141, 267551,
-685, 515, 1219, 1065, -2576, 2519, 268576,
-393, -52, 789, 468, -2810, 1566, 269442,
80, -306, 759, 56, -3269, 1329, 270467,
737, -553, 758, -106, -3036, 1783, 271492,
76, -870, 571, -137, -3467, 1330, 272517,
-212, -1082, -222, -38, -3937, 640, 273542,
-53, -1170, -1100, -15, -4072, 293, 274567,
172, -1182, -1832, -275, -4382, -96, 275592,
1027, -939, -2570, -3068, -4875, 490, 276617,
1933, -917, -3324, -9188, -4432, 1631, 277642,
1402, -1788, -4665, -13864, -3327, 2230, 278667,
1102, -2689, -6808, -16241, -2166, 2262, 279692,
1299, -3352, -7952, -16151, -919, 2280, 280717,
553, -3638, -7564, -13264, -1138, 1700, 281742,
1774, -3314, -6303, -10967, -1447, 1941, 282767,
2963, -3155, -4767, -8428, -883, 2243, 283792,
2240, -2896, -3540, -5409, -695, 2036, 284817,
1713, -2475, -2558, -3357, -1426, 1817, 295161,
-1953, 1799, 1255, -2176, -571, 1074, 296186,
-2230, 2600, 1812, -3856, -1205, 1415, 297211,
-2277, 3336, 2591, -5869, -1559, 1382, 298236,
-2727, 4297, 3803, -8164, -2135, 1264, 299261,
-1470, 5018, 5217, -11516, -2569, 3084, 300286,
-847, 4801, 5690, -13106, -2263, 1289, 301311,
-1294, 4552, 5505, -14169, -2436, 566, 302431,
-2598, 4033, 5115, -14342, -2636, 1965, 303456,
-3587, 3170, 4652, -12570, -2776, 2475, 304481,
-3214, 2108, 4192, -7631, -3600, 2334, 305506,
-2421, 1292, 2922, -2157, -3168, 2348, 306531,
-1976, 483, 1298, 213, -3054, 2252, 307556,
-991, -140, 385, 743, -2743, 1905, 308581,
-151, -386, 5, 588, -2523, 1530, 309606,
84, -595, -144, 477, -2169, 1254, 310631,
-312, -919, -144, 774, -2873, 456, 311656,
9, -1059, -273, 629, -3419, 47, 312681,
4, -950, -653, 186, -3765, 121, 313706,
-5, -865, -1326, 71, -3740, 53, 314731,
284, -741, -2171, -375, -3797, -114, 315756,
1137, -604, -3180, -2355, -3933, -101, 316781,
1663, -528, -3600, -8580, -4027, 2361, 317806,
814, -1256, -4259, -13091, -4201, 3153, 318672,
860, -1924, -5632, -13528, -3639, 3476, 319697,
1870, -2628, -6711, -13727, -2604, 3990, 320722,
1823, -3122, -6226, -12785, -2167, 3752, 321747,
2202, -3346, -5182, -10093, -1556, 2830, 322772,
2601, -3311, -4205, -7365, -1053, 2460, 323797,
2202, -3115, -3061, -4396, -582, 2326, 324822,
1496, -2663, -2125, -2397, -660, 1788, 325847,
1372, -1932, -1294, -1294, -739, 1765, 326872,
1352, -1281, -804, -237, -402, 2091, 327897,
1215, -705, -513, 557, -161, 2168, 328922,
1289, -187, -194, 963, 413, 2790, 329947,
469, 161, 59, 1206, 363, 2519, 330972,
29, 664, 361, 612, 218, 2698, 331997,
-401, 1062, 657, -732, 175, 2226, 333022,
-1173, 1491, 844, -2020, -223, 1223, 334047,
-1499, 2292, 1127, -3175, -988, 1098, 335167,
-1651, 3352, 1730, -5563, -1389, 1185, 336192,
-1995, 4411, 2643, -7977, -1578, 2269, 337217,
-2326, 5147, 3737, -10784, -1723, 2450, 338242,
-2382, 5196, 5011, -12617, -2787, 2205, 339267,
-1023, 4724, 5418, -12510, -2397, 2426, 340292,
-2106, 4159, 4957, -12704, -2241, 1230, 341317,
-3265, 3661, 4922, -13078, -2977, 1945, 342342,
-3099, 2798, 4912, -10796, -3146, 2570, 343367,
-3306, 1702, 4015, -4872, -3271, 1615, 344392,
-3237, 1014, 1910, -1307, -2676, 1280, 345417,
-2032, 449, 209, -161, -2442, 1668, 346442,
-662, -69, -183, 1536, -2252, 2316, 347467,
-487, -461, 82, 2155, -3032, 732, 348492,
458, -373, 443, 466, -3375, 599, 349517,
755, -480, 434, -340, -2962, 785, 350542,
503, -673, 22, -51, -3659, 766, 351408,
744, -728, -752, -120, -4048, 637, 352433,
717, -766, -1743, -22, -4006, 442, 353458,
892, -863, -2740, -1823, -4363, 570, 354483,
1478, -940, -3404, -8352, -4754, 1897, 355508,
980, -1723, -4282, -13157, -3720, 2983, 356533,
758, -2461, -6122, -15373, -3538, 2787, 357558,
1958, -2991, -7203, -15543, -2136, 2408, 358583,
2181, -3707, -6556, -11918, -1609, 2538, 359608,
1787, -3652, -5627, -9787, -1772, 2345, 360633,
1796, -3423, -4569, -7967, -1476, 1746, 361658,
1699, -3094, -3579, -5495, -1231, 1828, 362683,
1296, -2579, -2808, -3768, -1189, 2398, 363708,
673, -2164, -2109, -1741, -1161, 1621, 364733,
1348, -1528, -1515, -249, -2896, 2107, 365758,
1305, -1036, -1179, 507, -279, 2336, 366783,
930, -565, -656, 1111, -6, 2528, 367902,
901, -236, -198, 1506, -120, 3096, 368927,
421, 33, 80, 1504, -265, 3125, 369952,
380, 248, 299, 993, -144, 3021, 370977,
6, 472, 474, 777, 169, 2667, 372002,
-655, 980, 803, -180, -42, 2226, 373027,
-1013, 1510, 1184, -1377, -343, 1312, 374052,
-1291, 2186, 1564, -2323, -1129, 1431, 375077,
-1331, 2957, 2015, -4601, -1359, 1523, 376102,
-1944, 3600, 2818, -5811, -2022, 2001, 377127,
-857, 4382, 4000, -8335, -2588, 3540, 378152,
-1223, 4658, 4394, -10391, -1978, 2660, 379177,
-1205, 4573, 4701, -11743, -1998, 2772, 380202,
-1778, 4279, 4890, -13227, -1950, 1912, 381227,
-2636, 3736, 5187, -13187, -2250, 2028, 382252,
-3192, 3066, 5107, -11820, -2449, 2226, 383277,
-3102, 2242, 4773, -9033, -3004, 2013, 384143,
-2232, 1429, 3932, -3996, -3247, 2191, 385168,
-1805, 921, 2315, -604, -2621, 1929, 386193,
-1350, 278, 1049, 464, -2566, 1748, 387218,
-547, -303, 412, 624, -2727, 1644, 388243,
-24, -611, 239, 579, -2944, 1205, 389268,
80, -730, 214, 469, -2721, 799, 390293,
-177, -825, 161, 310, -3168, 256, 391318,
336, -812, -239, 155, -3518, 186, 392343,
814, -747, -1095, -282, -3115, 69, 393368,
1092, -750, -1952, -1041, -3293, -292, 394393,
1781, -687, -2560, -3859, -3819, 671, 395418,
2048, -942, -3154, -8112, -3458, 1673, 396443,
1798, -1853, -4457, -11026, -2652, 3055, 397468,
1474, -3044, -6131, -12562, -1831, 3760, 398493,
1756, -3862, -6647, -14865, -1964, 3736, 399518,
2065, -4490, -5971, -13276, -1477, 3335, 0,
1794, -4539, -5091, -10806, -1288, 2709, 0,
1685, -4049, -4212, -8226, -1031, 2318, 0,
1356, -3547, -3280, -5595, -950, 1842, 417133,
-1851, 4941, 4079, -9226, -2417, 2807, 418158,
-1181, 5089, 4530, -11557, -2373, 3141, 419183,
-899, 4760, 4794, -12327, -2039, 2697, 420208,
-1673, 4339, 4847, -12763, -1710, 2194, 421233,
-2960, 3769, 4801, -12703, -2031, 1971, 422258,
-3203, 3061, 4715, -10955, -2570, 2686, 423283,
-3087, 2087, 4257, -6847, -2791, 2488, 424308,
-2748, 1133, 2744, -2547, -2821, 1603, 425333,
-1738, 416, 618, -431, -2376, 1335, 426358,
-760, -79, -700, 975, -1798, 1645, 427383,
-400, -419, -928, 1980, -1586, 1558, 428408,
-699, -2624, -565, 1434, -2170, 707, 429433,
-186, -505, 57, 361, -2915, 659, 430458,
722, -626, 265, 80, -3357, 736, 431483,
1250, -715, -297, -16, -3381, 808, 432508,
941, -815, -1324, -241, -3758, 303, 433374,
843, -947, -2220, -608, -4155, 683, 434399,
1050, -967, -2980, -3928, -5018, 984, 435424,
1798, -1019, -3751, -10039, -5269, 2189, 436449,
2531, -1786, -5004, -13942, -4226, 2424, 437474,
2658, -3033, -6206, -13842, -1984, 2326, 438499,
1637, -3922, -6441, -11485, -1997, 2446, 439524,
2159, -3862, -5975, -10513, -1988, 2391, 440549,
2963, -3839, -4821, -8342, -1255, 2448, 441574,
1868, -3571, -3651, -6468, -998, 2257, 442599,
733, -3035, -2671, -4214, -729, 2428, 443624,
189, -2386, -2004, -1775, -1067, 2803, 444649,
406, -1699, -1501, -439, -1260, 2810, 445674,
826, -1167, -950, 20, -874, 2966, 446699,
556, -777, -637, 591, -853, 3000, 447724,
755, -441, -275, 989, -559, 3136, 448749,
641, -122, 93, 1117, -278, 3235, 449869,
262, 208, 481, 828, -358, 3128, 450894,
145, 540, 872, 123, -230, 2193, 451919,
26, 1010, 1234, -504, 100, 1624, 452944,
-696, 1572, 1691, -2092, -3, 987, 453969,
-2205, 2343, 2367, -3949, -604, 254, 454994,
-2240, 3476, 3337, -6050, -1778, 1988, 456019,
-1630, 4293, 4033, -8761, -1563, 2758, 457044,
-1720, 4702, 4938, -10867, -1870, 2105, 458069,
-447, 4784, 5754, -12568, -2512, 2422, 459094,
-262, 4275, 5520, -12587, -1582, 1728, 460119,
-1665, 3671, 4998, -11744, -1089, 1241, 461144,
-2758, 3082, 4350, -11650, -1532, 1741, 462169,
-2938, 2398, 3954, -10550, -2009, 2143, 463194,
-3017, 1632, 3840, -7999, -2710, 1567, 464219,
-2437, 944, 3330, -4027, -3315, 2034, 465244,
-1757, 530, 1603, -603, -2415, 2057, 466110,
-1216, 101, -295, 674, -1801, 1422, 467135,
-495, -331, -1244, 1267, -1743, 1208, 468160,
-2, -500, -1285, 949, -1955, 916, 469185,
359, -563, -1185, 429, -2003, 682, 470210,
671, -681, -1093, 344, -1460, 596, 471235,
167, -777, -920, 499, -1680, 255, 472260,
227, -795, -914, 482, -2704, -116, 473285,
1136, -718, -1344, 118, -3291, -57, 474310,
1078, -516, -2066, -349, -3945, -301, 475335,
1233, -246, -2680, -3421, -5576, 800, 476360,
1736, -447, -3225, -8483, -5144, 2463, 477385,
1395, -1051, -4175, -12613, -4979, 3014, 478410,
2078, -2008, -5406, -12083, -3223, 3187, 479435,
2162, -2861, -5991, -12164, -2423, 3986, 480460,
1612, -3282, -5561, -11177, -2862, 3339, 481485,
2406, -3337, -4849, -9508, -2582, 3155, 482605,
2704, -3349, -4175, -6915, -1893, 3128, 483630,
1913, -3116, -3380, -4253, -1264, 2721, 484655,
1258, -2524, -2286, -2534, -793, 2633, 485680,
818, -1896, -1397, -1136, -671, 2604, 486705,
529, -1191, -854, -389, -596, 2265, 487730,
1128, -589, -453, 330, -228, 3008, 488755,
984, -347, -7, 825, 33, 2608, 489780,
641, 44, 473, 657, -46, 2039, 490805,
801, 474, 669, 76, 313, 1798, 491830,
-107, 942, 842, -624, 674, 1102, 492855,
-1363, 1748, 1396, -2166, 206, 675, 493880,
-1959, 2702, 2289, -4054, -338, 65, 494905,
-2337, 3775, 3224, -6296, -1253, 958, 495930,
-2183, 4704, 4106, -9716, -3248, 2191, 496955,
-3487, 4780, 5256, -12476, -1387, 924, 497980,
-2908, 4284, 6652, -14161, -2157, 1179, 498846,
-1937, 3478, 6540, -12793, -1800, 1104, 499871,
-1667, 2940, 5588, -11860, -1384, 1112, 500896,
-1116, 2585, 4320, -12163, -1526, 1456, 501921,
-733, 2185, 3594, -10884, -1765, 2257, 502946,
-1373, 1584, 3512, -7567, -2148, 2524, 503971,
-2153, 917, 3251, -4056, -2513, 2605, 504996,
-2184, 325, 1731, -1086, -2649, 2445, 506021,
-1316, -292, -333, -111, -2166, 1573, 507046,
-616, -836, -1530, 835, -1757, 1142, 508071,
-465, -1034, -1917, 1234, -1891, 687, 509096,
-40, -930, -1863, 660, -1997, 132, 510121,
757, -780, -1498, 135, -1489, 221, 511146,
956, -830, -973, -278, -1531, 203, 512171,
679, -932, -653, -220, -1540, -52, 513196,
440, -953, -677, 218, -1753, -260, 514221,
1019, -870, -1207, -85, -2505, -268, 515340,
1416, -694, -2200, -2066, -2941, -227, 516365,
1690, -639, -2929, -6216, -3936, 1408, 517390,
969, -1098, -3740, -9923, -4152, 2790, 518415,
1240, -1669, -5230, -10982, -4368, 4219, 519440,
3369, -2463, -5861, -11514, -2239, 4897, 520465,
3112, -3296, -5196, -11277, -1390, 4870, 521490,
2166, -3588, -4312, -9854, -1066, 3220, 522515,
2850, -3810, -3523, -8168, -39, 3333, 523540,
1451, -3782, -2768, -5536, -218, 3089, 524565,
759, -3212, -2133, -3468, -1196, 3060, 525590,
1238, -2613, -1679, -1871, -1256, 2803, 526615,
1247, -1910, -1226, -1038, -341, 2886, 527640,
1088, -1437, -871, -97, -44, 3253, 528665,
1010, -1128, -617, 461, 317, 3296, 529690,
540, -864, -233, 790, 643, 2531, 530715,
238, -383, 84, 721, 511, 2711, 531582,
414, 11, 243, 866, 670, 2577, 532607,
257, 475, 421, 613, 799, 2020, 533632,
-632, 1084, 740, -828, 687, 1267, 534657,
-2193, 1817, 1281, -2212, 392, 567, 535682,
-3164, 2902, 2132, -3996, -758, 358, 536707,
-3159, 4384, 3259, -7287, -1723, 1330, 537732,
-2420, 5552, 4496, -11098, -1868, 4249, 538757,
-1491, 5662, 5696, -12691, -1549, 2582, 539782,
-696, 5598, 6205, -15525, -1449, 1580, 540807,
-1668, 4726, 5904, -14863, -1441, 1656, 541832,
-3717, 3808, 5303, -14047, -1744, 1556, 542857,
-4024, 2800, 4718, -11817, -2387, 1998, 543882,
-3382, 1653, 4257, -6539, -3719, 1882, 544907,
-1873, 948, 3166, -2175, -3995, 1705, 545932,
-1345, 484, 1814, 215, -2957, 1728, 546957,
-1143, 30, 1114, 794, -3023, 1945, 548077,
-655, -368, 808, 436, -4325, 977, 549102,
787, -463, 381, -552, -4106, 551, 550127,
781, -593, -299, -437, -3642, 754, 551152,
174, -730, -1156, -134, -3536, 709, 552177,
529, -842, -2077, -319, -3282, 419, 553202,
1316, -1009, -2742, -474, -2832, 106, 554227,
1763, -1235, -3416, -1257, -2960, 111, 555252,
1569, -1301, -4098, -3804, -3726, 974, 556277,
1590, -1576, -4536, -7838, -4187, 2728, 557302,
1739, -2146, -5007, -12014, -4532, 4123, 558327,
2051, -3001, -5652, -13689, -3425, 4668, 559352,
2236, -3888, -5477, -12632, -2639, 5094, 560377,
2473, -4394, -4829, -10866, -1773, 3847, 561402,
1954, -4221, -4046, -9281, -1627, 2939, 562427,
1802, -3777, -3156, -6602, -971, 2614, 563452,
1351, -3222, -2533, -3312, -440, 2267, 564571,
1129, -2432, -2019, -1740, -326, 2726, 565596,
813, -1841, -1269, -679, -201, 2143, 566621,
756, -1155, -752, -469, -242, 2612, 567646,
550, -618, -549, 409, 64, 3053, 568671,
729, -143, -153, 587, 455, 3601, 569696,
514, 34, 194, 671, 350, 3167, 570721,
446, 301, 374, 592, 393, 2663, 571746,
220, 683, 538, 138, 637, 2154, 572771,
-669, 1293, 964, -760, 469, 1659, 573796,
-1256, 2026, 1610, -1965, -90, 1489, 574821,
-1749, 2798, 2181, -3874, -356, 962, 575846,
-2685, 3715, 2814, -6043, -814, 487, 576871,
-2984, 4916, 3807, -9678, -2005, 1834, 577896,
-1995, 5289, 4805, -12560, -3744, 3009, 578921,
-1219, 4980, 5452, -13391, -1489, 1756, 579946,
-1429, 4652, 5189, -13274, -1516, 1658, 580813,
-2629, 3837, 4820, -13604, -1693, 1781, 581838,
-3140, 2989, 4720, -12678, -2165, 2061, 582863,
-3143, 2078, 4706, -9053, -2652, 2166, 583888,
-2879, 1226, 3922, -4874, -3550, 2120, 584913,
-2292, 521, 1896, -2149, -3314, 1668, 585938,
-1730, 109, -127, -170, -2151, 1484, 586963,
-1617, -140, -952, 1793, -2024, 1930, 587988,
-732, -641, -601, 1571, -3084, 828, 589013,
978, -788, -367, 223, -3121, 25, 590038,
1453, -676, -547, -86, -2849, 562, 591063,
687, -724, -885, -159, -3516, 27, 592088,
820, -697, -1688, -186, -3821, -438, 593113,
918, -643, -2428, 55, -3722, -711, 594138,
910, -655, -3126, -541, -4518, -162, 595163,
1315, -733, -4282, -3456, -4553, 1132, 596188,
1506, -1055, -5068, -9713, -4854, 3214, 597307,
1823, -1738, -5462, -13642, -4439, 4337, 598332,
2078, -2523, -5719, -12188, -2710, 4301, 599357,
2331, -3200, -5500, -10357, -3031, 4503, 600382,
2148, -3301, -4825, -10109, -3598, 4850, 601407,
2825, -3619, -3890, -8231, -2517, 3046, 602432,
2908, -3426, -3014, -5400, -939, 2078, 603457,
1456, -2748, -2030, -2223, -105, 3431, 604482,
36, -2029, -1311, -1202, -1373, 2697, 605507,
753, -1301, -779, -565, -1225, 2552, 606532,
1262, -914, -499, 276, -470, 2731, 607557,
845, -655, -351, 675, -96, 3071, 608582,
122, -441, -200, 900, -450, 2769, 609607,
341, -119, -75, 1243, -312, 3325, 610632,
378, 44, 53, 1205, 85, 3388, 611657,
109, 210, 225, 866, -91, 2710, 612682,
31, 603, 386, 16, -52, 2228, 613548,
-888, 1115, 664, -1237, 178, 1495, 614573,
-1940, 1711, 1125, -1932, -575, 1118, 615598,
-1798, 2629, 1692, -3939, -1134, 1293, 616623,
-2053, 3614, 2548, -5762, -1378, 1853, 617648,
-2055, 4773, 4054, -9022, -1924, 2875, 618673,
-2715, 5208, 5349, -11971, -2291, 2725, 619698,
-2435, 4745, 6213, -13413, -2246, 2575, 620723,
-2641, 3968, 6175, -13843, -2305, 1588, 621748,
-3173, 3228, 5833, -13844, -2546, 1811, 622773,
-2878, 2406, 5266, -12258, -2716, 1766, 623798,
-2197, 1546, 4722, -8735, -3206, 1577, 624823,
-1824, 837, 3725, -4628, -3382, 1477, 625848,
-2077, 412, 2066, -971, -2994, 1467, 626873,
-2052, -13, 630, 1590, -2563, 2133, 627898,
-1488, -601, 223, 1624, -2940, 1688, 628923,
-813, -903, 291, -163, -4080, -211, 630043,
657, -833, 21, -1003, -3210, -47, 631068,
989, -866, -347, -502, -2350, 566, 632093,
196, -913, -838, 19, -2671, 176, 633118,
130, -836, -1431, 267, -3001, -420, 634143,
1083, -670, -1936, -71, -3642, -940, 635168,
2018, -355, -2570, -1715, -3717, -1154, 636193,
1792, -243, -3185, -6044, -3497, 74, 637218,
1323, -440, -4231, -11084, -4131, 1400, 638243,
2394, -1382, -5668, -14958, -1672, 2182, 639268,
2088, -2987, -6789, -11785, -96, 3792, 640293,
1431, -3437, -7033, -11198, -1676, 3790, 641318,
3053, -3713, -5831, -10280, -1106, 3518, 642343,
2597, -3803, -4233, -7953, -777, 2921, 643368,
1418, -3190, -3181, -6031, -2976, 3126, 644393,
1107, -2595, -2211, -3586, -999, 3026, 645418,
994, -1979, -1408, -2066, -1211, 3250, 646284,
466, -1563, -955, -1343, -993, 2962, 647309,
377, -1105, -785, -192, -1355, 3019, 648334,
1182, -725, -659, 438, -743, 3773, 649359,
617, -527, -438, 795, -358, 3607, 650384,
204, -328, -184, 1092, -678, 3379, 651409,
475, -83, -34, 1083, -687, 3680, 652434,
490, 22, 125, 648, -132, 3425, 653459,
-448, 155, 351, 93, -72, 2088, 654484,
-936, 761, 720, -600, -325, 1684, 655509,
-956, 1588, 1142, -2214, -176, 1250, 656534,
-1667, 2492, 1602, -4219, -412, 546, 657559,
-1919, 3673, 2378, -6833, -1351, 1541, 658584,
-1465, 4802, 3557, -9554, -1362, 2308, 659609,
-1683, 5448, 5166, -12619, -1686, 2629, 660634,
-777, 5474, 6266, -14549, -1873, 2520, 661659,
-1823, 5060, 5820, -15132, -2967, 1146, 662779,
-2022, 4151, 4987, -13741, -2892, 3059, 663804,
-2630, 3107, 3905, -9167, -3412, 3524, 664829,
-2594, 2092, 3573, -3979, -3636, 3288, 665854,
-2554, 1094, 3225, -739, -3850, 2715, 666879,
-2302, 293, 2290, 1330, -4040, 1875, 667904,
-381, -167, 1268, 309, -4918, 1140, 668929,
1063, -319, 620, -401, -4247, 1579, 669954,
96, -495, 67, 62, -3676, 1306, 670979,
-336, -581, -609, 243, -3909, 724, 672004,
438, -725, -1359, 32, -3523, 259, 673029,
610, -891, -2079, -547, -3479, 231, 674054,
669, -951, -2674, -1732, -3966, 403, 675079,
628, -941, -3440, -5079, -5473, 1851, 676104,
579, -1176, -4296, -9667, -7224, 2256, 677129,
1186, -1949, -5449, -13797, -4369, 3183, 678154,
1715, -3225, -6316, -14793, -2935, 3819, 679274,
1748, -3705, -6191, -13944, -2193, 4615, 680299,
1387, -3766, -7640, -11041, -1965, 3480, 681324,
2096, -3499, -4782, -8985, -1919, 2786, 682349,
2937, -3438, -3680, -6945, -1204, 2144, 683374,
2265, -3146, -2451, -4350, -663, 2188, 684399,
1365, -2544, -1654, -2129, -489, 2559, 685424,
723, -1792, -999, -860, -733, 1885, 686449,
996, -970, -507, 232, -785, 2898, 687474,
1109, -455, -258, 866, -259, 3413, 688499,
715, -275, -95, 1169, -230, 2590, 689524,
970, -58, 66, 1299, -34, 2507, 690549,
726, 168, 261, 979, 420, 2186, 691574,
-459, 507, 519, 412, 136, 1238, 692599,
-1132, 1085, 790, -837, -537, 863, 693624,
-1896, 1774, 1043, -2730, -569, 327, 694649,
-2933, 2814, 1708, -4819, -1223, 1012, 695515,
-2860, 3787, 2828, -7271, -1904, 2261, 696540,
-1319, 4688, 4096, -9364, -3826, 3943, 697565,
-63, 5367, 4400, -12051, -2745, 4177, 698590,
-337, 5010, 4328, -12217, -2772, 4063, 699615,
-1129, 4669, 4350, -13006, -2482, 2818, 700640,
-2623, 4089, 4810, -13263, -2106, 2031, 701665,
-3610, 3134, 5230, -11007, -2427, 1977, 702690,
-3435, 2184, 5098, -7913, -3182, 2139, 703715,
-3110, 1249, 4104, -4023, -3603, 1769, 704740,
-2233, 481, 2579, -162, -4340, 1557, 705765,
-782, 104, 1316, 1389, -3587, 1920, 706790,
-497, -2256, 654, 500, -3642, 1127, 707815,
-79, -417, 236, -133, -3708, 1139, 708840,
-578, -601, -233, 47, -4371, 669, 709865,
-306, -645, -743, 24, -4636, 51, 710890,
844, -611, -1577, -217, -4075, -126, 712010,
1684, -582, -2400, -667, -3516, -40, 713035,
1982, -797, -3044, -1886, -2902, -244, 714060,
1578, -999, -3467, -4624, -3175, 466, 715085,
1302, -1080, -3854, -9560, -3783, 1793, 716110,
2631, -1731, -4835, -14650, -3148, 2154, 717135,
3011, -3282, -5774, -14137, -44, 2268, 718160,
1122, -4169, -6088, -12825, -1587, 3620, 719185,
1802, -4332, -5358, -10884, -1207, 3291, 720210,
2124, -4410, -4025, -8229, -1138, 2302, 721235,
1642, -3899, -3224, -6191, -1485, 2213, 722260,
1515, -3246, -2441, -3750, -1237, 2447, 723285,
795, -2559, -1802, -1857, -1195, 2285, 724310,
310, -1949, -1127, -589, -877, 1775, 725335,
712, -1212, -680, 27, -790, 2221, 726360,
776, -696, -633, 487, -773, 2894, 727385,
683, -489, -423, 822, -822, 2759, 728252,
757, -159, -111, 1129, -592, 3779, 729277,
413, 48, 118, 1426, -370, 4041, 730302,
386, 201, 301, 1360, -391, 3411, 731327,
235, 465, 458, 726, -11, 2774, 732352,
-846, 927, 671, -404, 123, 1893, 733377,
-1894, 1527, 1072, -2189, -664, 695, 734402,
-2150, 2432, 1778, -4102, -898, 345, 735427,
-2379, 3427, 2715, -6044, -1231, 859, 736452,
-2214, 4616, 3899, -9354, -1934, 2535, 737477,
-2374, 5028, 4949, -12614, -2738, 2171, 738502,
-1223, 4656, 5584, -14801, -3620, 3205, 739527,
-1411, 3952, 5050, -13614, -4305, 2616, 740552,
-2287, 3157, 5217, -12007, -4958, 2261, 741577,
-2107, 2484, 5107, -9186, -4367, 2228, 742602,
-2014, 1906, 4074, -5823, -3096, 1941, 743627,
-2212, 1291, 3026, -1667, -4112, 2397, 744745,
-1817, 546, 2277, 1706, -4669, 2152, 745770,
-1514, 256, 1658, 354, -4082, 1713, 746795,
-1212, -22, 677, -781, -3925, 1293, 747820,
-335, -295, -159, -331, -3187, 1190, 748845,
-387, -502, -887, 168, -2756, 401, 749870,
172, -644, -1496, 222, -3233, -204, 750895,
1015, -713, -2054, 32, -3194, -92, 751920,
744, -647, -2906, -695, -3509, -232, 752945,
925, -594, -4000, -3114, -4801, 720, 753970,
1505, -1140, -5110, -6246, -4821, 1911, 754995,
1871, -1845, -5718, -9407, -5610, 4050, 756020,
2529, -2696, -6099, -12267, -5229, 4619, 757045,
1663, -3144, -5774, -11313, -4377, 3812, 758070,
2060, -3187, -4947, -9354, -6160, 4156, 759095,
3051, -3366, -4136, -6733, -3039, 3973, 760120,
3443, -3231, -3023, -5840, -2157, 3663, 760988,
2765, -2860, -1833, -3745, -1193, 3244, 762013,
1713, -2217, -1129, -2013, -1416, 2985, 763038,
2091, -1566, -651, -713, -579, 2621, 764063,
1250, -959, -182, -50, -516, 2736, 765088,
1018, -578, -167, 299, -664, 2482, 766113,
777, 6, -299, 1120, -280, 3367, 767138,
681, 251, -198, 1070, 474, 4055, 768163,
-424, 152, 10, 1123, 407, 3296, 769188,
-504, 381, 199, 978, -138, 2622, 770213,
251, 879, 437, 214, 245, 2287, 771238,
-972, 1398, 791, -1700, 362, 1465, 772263,
-3189, 2091, 1165, -3270, -628, 932, 773288,
-2717, 3291, 1868, -5477, -1684, 1965, 774313,
-2138, 4208, 2693, -7250, -1250, 2615, 775338,
-2453, 4792, 3738, -9483, -2010, 2252, 776363,
-2280, 5158, 4528, -12127, -3304, 3282, 777483,
-841, 4927, 5049, -13043, -3299, 4435, 778508,
-1097, 4248, 4855, -13677, -2395, 2169, 779533,
-2521, 3191, 4574, -10669, -2846, 2285, 780558,
-3423, 1956, 3581, -6320, -2095, 2265, 781583,
-3472, 1103, 2429, -3359, -2693, 1404, 782608,
-3048, 540, 1956, -665, -3904, 3021, 783633,
-858, 121, 1939, 1501, -3611, 2806, 784658,
-1792, -266, 2098, 472, -4728, 1037, 785683,
-177, -419, 1300, -507, -5526, 1062, 786708,
1195, -631, -248, -323, -3339, 1169, 787733,
281, -993, -1192, 348, -3051, 323, 788758,
46, -1090, -1673, 401, -3603, -33, 789783,
701, -960, -2218, 193, -3535, -507, 790808,
1292, -834, -2860, -1184, -3310, -99, 791833,
858, -934, -3556, -4574, -3753, 1245, 792858,
968, -1245, -4057, -8517, -4302, 3247, 793724,
1984, -2022, -4701, -10966, -4338, 4690, 794749,
2740, -3085, -5313, -12896, -3017, 4673, 795774,
2408, -4153, -5114, -10118, -1843, 3572, 796799,
2754, -4348, -4533, -8560, -1840, 3559, 797824,
3226, -4163, -3239, -7306, -797, 3412, 798849,
2169, -3664, -2167, -4684, -443, 3395, 799874,
1305, -2723, -1491, -3169, -217, 3376, 800899,
427, -2002, -934, -1938, -696, 2640, 801924,
833, -1456, -611, -769, -632, 3024, 802949,
450, -936, -537, 83, -342, 3013, 803974,
785, -426, -435, 734, -132, 3837, 804999,
1092, -177, -230, 793, 380, 4327, 806024,
594, -181, -2, 827, 597, 3469, 807049,
318, 11, 81, 727, 322, 3024, 808074,
-78, 476, 180, 293, 335, 2674, 809099,
-541, 1148, 588, -178, 491, 2705, 810219,
-1051, 1759, 1092, -1644, 176, 1955, 811244,
-2299, 2342, 1425, -3003, -574, 338, 812269,
-2195, 3311, 1889, -4970, -1589, 1382, 813294,
-1905, 4152, 2375, -7162, -1367, 2258, 814319,
-2322, 5048, 3245, -9420, -1138, 2574, 815344,
-1893, 5469, 4218, -12412, -1049, 3002, 816369,
-1862, 4861, 4896, -13062, -1103, 2306, 817394,
-2825, 4053, 4865, -12701, -1706, 1934, 818419,
-3638, 3279, 4481, -12299, -2569, 1807, 819444,
-2538, 2548, 4536, -10242, -2876, 1890, 820469,
-1662, 1809, 4110, -6410, -2498, 1485, 821494,
-1719, 1135, 2940, -2367, -2968, 1328, 822519,
-1310, 603, 1289, 264, -2911, 1599, 823544,
-653, 375, 400, 1275, -2280, 1839, 824569,
-367, 63, 231, 1359, -2972, 1341, 825594,
620, -227, 261, 428, -2975, 1457, 826714,
39, -539, -148, -42, -3400, 984, 827739,
-175, -711, -861, 11, -3745, 779, 828764,
104, -813, -1664, 296, -3836, 371, 829789,
375, -863, -2374, -389, -3483, 332, 830814,
241, -969, -3142, -1880, -4044, 260, 831839,
547, -1018, -3981, -4142, -4862, 1223, 832864,
1501, -1267, -4773, -8064, -5456, 2734, 833889,
2525, -1884, -5701, -11755, -5437, 3858, 834914,
3335, -2940, -6103, -12248, -3685, 3576, 835939,
2919, -3919, -5371, -10487, -2908, 3776, 836964,
2748, -4119, -4483, -9339, -2888, 4676, 837989,
1918, -3805, -3497, -6749, -2606, 3701, 839014,
1850, -3280, -2652, -5283, -2053, 3251, 840039,
1203, -2690, -1865, -3878, -1313, 3427, 841064,
609, -2175, -1235, -2334, -1433, 2418, 842089,
1648, -1576, -863, -1166, -589, 2627, 842955,
722, -848, -615, -155, -560, 3122, 843980,
462, -364, -369, 712, -281, 3041, 845005,
374, -2, -209, 952, -425, 3410, 846030,
555, 260, -46, 514, -182, 3731, 847055,
297, 478, 168, 548, 167, 3028, 848080,
-252, 1007, 587, -220, -287, 2719, 849105,
-525, 1517, 1008, -1955, -308, 1652, 850130,
-1459, 2088, 1362, -2905, -255, 300, 851155,
-1789, 3163, 1887, -4551, -596, 1247, 852180,
-1990, 4149, 2636, -6611, -708, 1799, 853205,
-2889, 5022, 3978, -8904, -497, 1339, 854230,
-2913, 5561, 5394, -12854, -945, 1875, 855255,
-1704, 5062, 6072, -15593, -1257, 1934, 856280,
-887, 4052, 6114, -13541, -1283, 2176, 857305,
-1703, 3073, 4894, -11513, -1547, 1771, 858330,
-1980, 2227, 3460, -10756, -1882, 1707, 859450,
-1748, 1347, 2711, -7530, -2051, 1885, 860475,
-2043, 613, 2157, -3109, -2208, 1580, 861500,
-2013, 405, 1223, -1760, -2143, 1285, 862525,
-904, 136, 550, 529, -2537, 1829, 863550,
659, -81, 370, 2539, -2064, 1926, 864575,
432, -325, 617, 616, -2352, 1356, 865600,
54, -729, 699, -546, -3835, 1158, 866625,
163, -907, -214, -15, -3726, 729, 867650,
333, -941, -1449, 169, -3294, 185, 868675,
594, -961, -2141, -85, -3294, 37, 869700,
933, -918, -2684, -810, -3105, 186, 870725,
1058, -951, -3281, -1630, -2942, 155, 871750,
1542, -1162, -4017, -4237, -3871, 1888, 872775,
1601, -1875, -4492, -7933, -3251, 2939, 873800,
2006, -2522, -4897, -11535, -3983, 4672, 874825,
2740, -3641, -5201, -11833, -1780, 4321, 875691,
1540, -4408, -4402, -9462, -2172, 4781, 876716,
1739, -4127, -3734, -9906, -2967, 5261, 877741,
1254, -3750, -3032, -8298, -2384, 4482, 878766,
1109, -3585, -2531, -5451, -1395, 3623, 879791,
391, -3029, -1897, -3334, -976, 3724, 880816,
-202, -2274, -1294, -1611, -1089, 2558, 881841,
732, -1627, -922, -748, -1164, 2327, 882866,
411, -1078, -724, 285, -1061, 2483, 883891,
550, -633, -446, 413, -798, 2954, 884916,
649, -379, -358, 846, -573, 2794, 885941,
598, -60, -188, 632, -346, 3019, 886966,
915, 139, 110, 492, 80, 2847, 887991,
170, 450, 432, 247, 81, 2715, 889016,
-866, 877, 716, -438, -2056, 1855, 890041,
-1230, 1534, 1205, -2193, -12, 1020, 891066,
-1850, 2510, 1845, -4408, -336, 1619, 892187,
-2324, 3438, 2681, -6503, -1808, 1319, 893212,
-946, 4765, 3932, -9577, -2476, 2440, 894237,
-1144, 5983, 5091, -13696, -2067, 3898, 895262,
-1726, 6096, 5938, -15467, -1714, 2849, 896287,
-2648, 5216, 6221, -15603, -2053, 1657, 897312,
-2654, 3934, 5871, -12706, -2515, 1948, 898337,
-1950, 2898, 4887, -10272, -2563, 1687, 899362,
-1445, 2038, 3848, -7224, -2343, 1199, 900387,
-1619, 1351, 2606, -3202, -2129, 1206, 901412,
-1331, 914, 1506, -316, -2282, 2027, 902437,
-559, 519, 1475, 694, -2637, 2400, 903462,
-1074, 115, 1777, 5, -3706, 1515, 904487,
-602, -179, 1328, -487, -4515, 1446, 905512,
277, -276, 612, 64, -4145, 1607, 906537,
81, -466, -96, 115, -3569, 1012, 907562,
-139, -779, -1047, 371, -4043, 568, 908428,
197, -992, -1998, 298, -3951, 421, 909453,
548, -970, -2795, -1144, -4491, 511, 910478,
652, -830, -3449, -5234, -4336, 1396, 911503,
438, -1328, -4340, -10248, -4314, 3890, 912528,
1143, -2396, -6067, -15777, -3560, 4216, 913553,
1650, -3542, -7194, -15820, -1971, 4075, 914578,
1493, -4433, -6966, -12981, -2530, 4087, 915603,
2417, -4496, -6249, -11773, -2019, 2803, 916628,
2472, -4415, -5086, -9773, -1606, 2299, 917653,
505, -3625, -3799, -8041, -1938, 3032, 918678,
410, -2970, -2691, -5657, -1626, 2665, 919703,
943, -2470, -1995, -2567, -1228, 2346, 920728,
933, -1795, -1476, -1154, -505, 2365, 921753,
582, -1351, -936, 344, -466, 1911, 922778,
874, -825, -704, 556, -895, 2493, 923803,
696, -346, -584, 1121, -622, 2944, 924923,
666, -24, -230, 1437, -391, 3535, 925948,
77, 71, 45, 1081, -514, 3123, 926973,
-327, 333, 227, 1012, -647, 2519, 927998,
119, 830, 505, 360, -51, 2430, 929023,
-1026, 1236, 1048, -1061, 343, 1104, 930048,
-2628, 1908, 1777, -2667, -1166, -245, 931073,
-1988, 2946, 2583, -4585, -1396, 2550, 932098,
-1855, 3474, 3371, -6532, -1667, 1955, 933123,
-1102, 4460, 4697, -9708, -2324, 3146, 934148,
-305, 5184, 5803, -12975, -1971, 5428, 935173,
-1819, 4966, 6309, -16099, -2418, 1454, 936198,
-1824, 4223, 6823, -15266, -3212, 2432, 937223,
-1809, 2848, 5780, -10555, -2897, 2431, 938248,
-1962, 1969, 4165, -7597, -2621, 1463, 939273,
-2124, 1312, 2649, -4946, -1794, 1317, 940298,
-2239, 642, 1545, -1197, -2333, 1208, 941418,
-571, 266, 1420, 1553, -3737, 1890, 942443,
50, 238, 2147, 633, -3359, 1822, 943468,
-923, 28, 2146, -550, -4705, 1323, 944493,
-16, -261, 870, -220, -4952, 1157, 945518,
417, -508, -647, 335, -3813, 525, 946543,
259, -691, -1668, 208, -4568, 221, 947568,
892, -746, -2607, -565, -4266, -77, 948593,
872, -760, -3446, -1575, -4318, 390, 949618,
662, -943, -4025, -3598, -4362, 1704, 950643,
1046, -1319, -4471, -7672, -4507, 3024, 951668,
2056, -2022, -5180, -11300, -4171, 4305, 952693,
2632, -2927, -5702, -13442, -3751, 3625, 953718,
2498, -3432, -5431, -14171, -3679, 3789, 954743,
2088, -3885, -4875, -10977, -2327, 3737, 955768,
1227, -4037, -4406, -7382, -1674, 2686, 956793,
1262, -3575, -3740, -6445, -1730, 2483, 957659,
1084, -2960, -2609, -3945, -1418, 3503, 958684,
810, -2254, -1780, -3460, -1502, 2020, 959709,
1407, -1736, -1183, -1000, -663, 2637, 960734,
920, -1177, -916, 696, -526, 3124, 961759,
917, -788, -757, 1059, -684, 1875, 962784,
1504, -145, -467, 875, -329, 4071, 963809,
384, 3, -203, 860, -215, 3123, 964834,
178, 321, 193, 724, -437, 1843, 965859,
300, 883, 489, 117, 483, 2054, 966884,
-1239, 1310, 779, -1328, 537, 1153, 967909,
-1837, 1981, 1055, -3247, -312, 909, 968934,
-2148, 2924, 1901, -5391, -518, 630, 969959,
-2829, 3893, 3207, -7622, -1680, 1741, 970984,
-2241, 4728, 4547, -10975, -2698, 2403, 972009,
-2079, 5263, 5765, -14830, -2693, 2321, 973034,
-757, 5054, 6627, -15599, -2462, 3608, 974154,
-1823, 4460, 6462, -14786, -1656, 1695, 975179,
-2730, 3622, 5683, -13485, -2264, 1806, 976204,
-2775, 2271, 4903, -9458, -3056, 1637, 977229,
-1048, 1390, 4132, -6078, -3393, 1894, 978254,
-1267, 904, 2721, -3230, -3067, 2012, 979279,
-1379, 356, 1385, -450, -3551, 1864, 980304,
-1183, -84, 597, 2603, -3085, 2079, 981329,
-1436, -569, 266, 1272, -4657, 1224, 982354,
-244, -708, -162, -753, -4894, 767, 983379,
-189, -717, -687, 160, -4939, 450, 984404,
-273, -611, -1611, -212, -4737, -132, 985429,
739, -575, -2784, -1054, -4249, -203, 986454,
1265, -558, -3651, -1727, -4050, 280, 987479,
1210, -762, -4498, -3198, -3812, -125, 988504,
1444, -1114, -5206, -6335, -4499, 1412, 989529,
2232, -1533, -5794, -11463, -4767, 3357, 990396,
3371, -2228, -6228, -15548, -3549, 3858, 991421,
3078, -3717, -5418, -12089, -1980, 3783, 992446,
2209, -4115, -4676, -9276, -2300, 4292, 993471,
2654, -4131, -3800, -7682, -1790, 3722, 994496,
1589, -4050, -2928, -5887, -2192, 2599, 995521,
1689, -3358, -2270, -4011, -1467, 2522, 996546,
1635, -2353, -1411, -1496, -832, 3406, 997571,
1358, -1683, -461, -1198, -980, 2582, 998596,
1052, -1133, -5, -471, -727, 2819, 999621,
753, -786, -271, 720, -570, 3390, 1000646,
525, -454, -488, 1557, 80, 3286, 1001671,
739, -202, -295, 1430, -31, 3518, 1002696,
278, -10, -186, 1021, -20, 3109, 1003721,
-556, 445, 49, 835, -188, 2498, 1004746,
-178, 1257, 522, 275, 248, 2611, 1005771,
-976, 1816, 1011, -1428, 659, 1419, 1006889,
-2615, 2395, 1379, -3076, -1103, 391, 1007914,
-1825, 3532, 1822, -5903, -1567, 2365, 1008939,
-2443, 4292, 2681, -8712, -1035, 1427, 1009964,
-2697, 5363, 4504, -13072, -2633, 2898, 1010989,
-2240, 5715, 5548, -14184, -2575, 3165, 1012014,
-2234, 5296, 6068, -14706, -2602, 2378, 1013039,
-2624, 4343, 6387, -13118, -2764, 2398, 1014064,
-2629, 3044, 5585, -10174, -3095, 1727, 1015089,
-2256, 1962, 3792, -7573, -2879, 1807, 1016114,
-1338, 1154, 2535, -4996, -4771, 1736, 1017139,
161, 860, 2400, 278, -3780, 3229, 1018164,
-1684, 499, 2098, 2470, -3884, 2318, 1019189,
-1019, -60, 1366, 236, -4906, 1756, 1020214,
466, -454, 449, -625, -3661, 1833, 1021239,
-641, -778, -371, -15, -3750, 678, 1022264,
-156, -914, -1516, -43, -4451, 97, 1023132,
689, -913, -2488, -292, -4115, -185, 1024157,
797, -723, -2953, -632, -4793, -410, 1025182,
1112, -715, -3651, -2703, -4585, 591, 1026207,
740, -1308, -4723, -7053, -4604, 2116, 1027232,
2012, -1714, -5590, -12786, -4603, 3891, 1028257,
2776, -2707, -6238, -15360, -2604, 3358, 1029282,
2132, -4100, -5711, -13829, -2379, 4352, 1030307,
1913, -4328, -4980, -10211, -2120, 4443, 1031332,
1632, -4274, -4501, -7231, -2457, 2672, 1032357,
2788, -4068, -3433, -6589, -2597, 3287, 1033382,
1809, -3375, -2484, -4612, -2368, 3062, 1034407,
1392, -2551, -1854, -2409, -1463, 1891, 1035432,
1587, -1788, -1025, -938, -669, 2773, 1036457,
532, -1271, -595, 500, -475, 2204, 1037482,
622, -795, -481, 1010, -731, 2686, 1038507,
689, -318, -381, 1912, -267, 3171, 1039627,
545, 68, -95, 1602, -254, 3194, 1040652,
153, 244, 152, 1234, -85, 3344, 1041677,
-33, 369, 450, 1067, -465, 2824, 1042702,
14, 718, 652, 383, -342, 2008, 1043727,
-1050, 1236, 1016, -1016, -354, 970, 1044752,
-2394, 1773, 1374, -2821, -506, -239, 1045777,
-3481, 2681, 1891, -4803, -504, 364, 1046802,
-3949, 3402, 2948, -7699, -2052, 918, 1047827,
-2950, 4027, 4438, -11218, -3380, 2669, 1048852,
-1839, 4466, 6269, -13448, -3462, 5805, 1049877,
-1239, 3768, 7418, -15124, -2580, 3700, 1050902,
-2355, 2897, 7904, -16331, -3109, 2220, 1051927,
-2036, 2231, 7322, -12577, -3788, 2085, 1052952,
-811, 1660, 5745, -8453, -2944, 1543, 1053977,
-1065, 989, 4014, -6348, -2789, 773, 1055002,
-1368, 392, 2436, -3273, -3496, 671, 1055868,
-1049, 204, 1492, 773, -3344, 1566, 1056893,
-1151, -45, 1247, 1653, -3702, 1255, 1057918,
-558, -292, 836, 253, -4260, 607, 1058943,
660, -397, 197, -398, -3050, 1287, 1059968,
-614, -599, -413, -301, -3365, 613, 1060993,
-170, -613, -1116, -155, -3972, -41, 1062018,
1250, -521, -1810, 200, -3719, -25, 1063043,
1284, -449, -2324, -2320, -3803, -621, 1064068,
1505, -291, -2888, -1981, -3720, 281, 1065093,
1398, -395, -3451, -5405, -4245, 1088, 1066118,
2329, -742, -4312, -10159, -4867, 2844, 1067143,
3709, -2118, -5843, -15846, -1686, 3358, 1068168,
1737, -3913, -6123, -13446, -1149, 3106, 1069193,
2381, -4492, -5593, -11830, -1805, 3711, 1070218,
2197, -4754, -4693, -10633, -542, 3106, 1071243,
1185, -4400, -3882, -8914, -1739, 2318, 1072363,
1909, -3910, -2795, -6834, -1301, 2202, 1073388,
988, -3085, -1738, -4128, -655, 3039, 1074413,
77, -2248, -1338, -2327, -1042, 2623, 1075438,
233, -1787, -842, -596, -1585, 2626, 1076463,
1370, -1290, -608, 432, -1026, 3374, 1077488,
885, -876, -617, 940, -656, 2984, 1078513,
361, -532, -295, 674, -560, 2857, 1079538,
519, -249, -108, 700, -753, 3223, 1080563,
399, 30, -24, 917, -465, 3022, 1081588,
470, 169, 195, 842, -558, 2767, 1082613,
547, 365, 295, 537, -307, 2940, 1083638,
-556, 659, 365, 509, -184, 1937, 1084663,
-1042, 1191, 664, -141, -552, 1142, 1085688,
-963, 2019, 1065, -2013, -11, 1816, 1086713,
-2405, 2753, 1458, -4202, -115, 1099, 1087738,
-2411, 3399, 2280, -6588, -1847, 2408, 1088859,
-1849, 4259, 3312, -9768, -1993, 3319, 1089884,
-2454, 4897, 4549, -12868, -3877, 4317, 1090909,
-890, 4746, 5553, -13202, -3491, 4487, 1091934,
-1574, 4149, 5784, -13612, -2303, 2351, 1092959,
-2767, 3318, 5972, -11747, -3045, 1896, 1093984,
-2385, 2554, 5202, -8353, -2491, 2048, 1095009,
-2821, 1725, 4166, -6282, -2133, 748, 1096034,
-2421, 828, 3212, -4033, -3542, 1041, 1097059,
-912, 534, 2133, -832, -2752, 2375, 1098084,
-1182, 176, 1840, 2143, -2547, 1938, 1099109,
-1203, -373, 2012, 870, -3823, 833, 1100134,
-437, -561, 1493, -831, -4545, 847, 1101159,
-484, -606, 552, -115, -5617, 123, 1102184,
-116, -470, -520, 495, -6314, -926, 1103209,
806, -234, -1701, -155, -5958, -747, 1104234,
1050, -178, -2971, -1631, -5460, 104, 1105100,
1608, -340, -4240, -4398, -4757, 1210, 1106125,
1821, -933, -5309, -8712, -4074, 2907, 1107150,
2119, -1961, -6433, -13181, -4017, 3830, 1108175,
2641, -2651, -7258, -16932, -3029, 3583, 1109200,
2165, -4058, -6832, -14418, -2165, 3135, 1110225,
1588, -4409, -5993, -11101, -2215, 3565, 1111250,
1189, -3774, -4794, -9446, -2643, 2743, 1112275,
1685, -3490, -3836, -6908, -2222, 2952, 1113300,
971, -3090, -3167, -4038, -1867, 3040, 1114325,
1072, -2286, -2243, -1671, -1944, 2520, 1115350,
2152, -1589, -1243, -1002, -918, 3066, 1116375,
1238, -1299, -824, -180, -768, 2162, 1117400,
1378, -716, -589, 676, -411, 2572, 1118425,
1448, -243, -198, 1010, 43, 3563, 1119450,
512, -52, 143, 789, -572, 2882, 1120475,
979, 239, 213, 600, -319, 2838, 1121595,
702, 441, 362, 453, 658, 2555, 1122620,
-604, 645, 762, 76, -55, 1151, 1123645,
-1141, 1204, 1044, -1180, -417, 630, 1124670,
-2437, 1806, 1213, -2603, -536, 598, 1125695,
-3147, 2577, 1672, -4627, -1961, 955, 1126720,
-1724, 3734, 2633, -6564, -2018, 2204, 1127745,
-1993, 5086, 4044, -9926, -2433, 3836, 1128770,
-2317, 5551, 5367, -13468, -3335, 4983, 1129795,
-2658, 4524, 6118, -14634, -3540, 3558, 1130820,
-3541, 3126, 6599, -14370, -3147, 2708, 1131845,
-3550, 1962, 6405, -12636, -3428, 1918, 1132870,
-1652, 1267, 5615, -8868, -3166, 1880, 1133895,
-378, 925, 4593, -6248, -2515, 1683, 1134920,
-938, 376, 3727, -3504, -2677, 974, 1135945,
-1135, -93, 2435, -984, -3290, 1195, 1136970,
-845, -207, 1125, 828, -2979, 833, 1137836,
-156, -456, 530, 2384, -3718, 642, 1138861,
543, -598, 181, 557, -4558, 365, 1139886,
432, -560, -228, -293, -4450, -214, 1140911,
266, -460, -850, 140, -4454, 186, 1141936,
210, -429, -1916, 69, -4449, -546, 1142961,
1021, -337, -2785, -631, -4346, 23, 1143986,
1076, -486, -3743, -2092, -3892, 649, 1145011,
777, -783, -4530, -5793, -4427, 1639, 1146036,
1437, -1381, -5187, -10447, -4466, 4192, 1147061,
1999, -2386, -6177, -14238, -3729, 4309, 1148086,
1710, -3382, -6307, -13840, -2775, 4301, 1149111,
1854, -3872, -5809, -11990, -3430, 5038, 1150136,
1775, -3752, -5127, -9818, -3109, 3851, 1151161,
1190, -3607, -4183, -7294, -2319, 2557, 1152186,
1896, -3237, -3175, -5785, -1709, 2795, 1153211,
1103, -2482, -2024, -3031, -792, 2413, 1154332,
1220, -1541, -1008, -1306, -1139, 2422, 1155357,
1562, -996, -457, -848, -921, 3619, 1156382,
466, -830, -363, 337, -1034, 3043, 1157407,
1190, -602, -344, 747, -811, 3321, 1158432,
602, -474, -267, 735, -593, 3196, 1159457,
432, -265, -118, 759, -672, 2759, 1160482,
350, 44, 39, 1050, -32, 2276, 1161507,
-152, 467, 451, 852, 118, 1732, 1162532,
-387, 991, 895, -295, 291, 1294, 1163557,
-1285, 1585, 1216, -1661, 185, 601, 1164582,
-1843, 2444, 1623, -3546, -408, 222, 1165607,
-2242, 3350, 2427, -5850, -508, 417, 1166632,
-2276, 4324, 3705, -9529, -1128, 1590, 1167657,
-1582, 5147, 5073, -14893, -1569, 3104, 1168682,
-1263, 5524, 6222, -17351, -2310, 4280, 1169707,
-635, 4863, 6337, -16417, -2074, 3488, 1170573,
-1832, 3587, 5733, -13810, -2135, 2571, 1171598,
-2434, 2462, 5072, -10697, -3032, 2278, 1172623,
-1732, 1768, 4262, -8024, -2718, 1603, 1173648,
-1376, 1057, 3416, -4286, -2750, 1204, 1174673,
-1707, 684, 2450, -256, -3196, 2644, 1175698,
-2018, -40, 1879, 2184, -3907, 1721, 1176723,
-1100, -427, 1155, -51, -4429, 631, 1177748,
-462, -486, 724, -961, -4716, 872, 1178773,
-536, -383, 415, 43, -5027, 150, 1179798,
-87, -425, -691, 527, -4790, 28, 1180823,
179, -439, -1931, 130, -4231, 14, 1181848,
770, -2416, -2829, -551, -3791, -124, 1182873,
1171, -487, -3494, -2119, -3366, 545, 1183898,
961, -606, -4009, -4797, -3566, 1394, 1184923,
1451, -1055, -4801, -7763, -3977, 2189, 1185948,
2515, -1809, -5634, -11664, -3925, 4283, 1187068,
2794, -2743, -6137, -14057, -3074, 3995, 1188093,
2390, -3695, -7744, -13943, -2741, 4628, 1189118,
2825, -4125, -4611, -11988, -2253, 5053, 1190143,
2324, -4393, -3770, -9059, -1041, 3298, 1191168,
1306, -4275, -2821, -7029, -604, 3695, 1192193,
540, -3670, -1916, -5217, -1235, 2880, 1193218,
719, -2869, -1120, -2969, -961, 1874, 1194243,
1017, -1970, -619, -3008, -466, 2590, 1195268,
564, -1326, -451, -57, -722, 2007, 1196293,
1251, -776, -592, 866, -585, 2965, 1197318,
577, -437, -567, 953, -249, 2820, 1198343,
323, -130, -130, 632, -434, 2523, 1199368,
480, 73, 50, 1026, -95, 2829, 1200393,
-7, 232, 204, 1120, -194, 2626, 1201418,
62, 276, 305, 949, -169, 2638, 1202443,
-278, 342, 332, 1148, -306, 2226, 1203563,
-667, 770, 426, 797, -252, 1460, 1204588,
-1444, 1536, 798, -1012, -408, 461, 1205613,
-2317, 2610, 1355, -2830, -916, 714, 1206638,
-2086, 3723, 1866, -4987, -732, 2464, 1207663,
-2031, 4417, 2670, -8735, -1139, 1904, 1208688,
-1666, 5213, 4014, -13760, -2547, 3622, 1209713,
-651, 5339, 4889, -13804, -1583, 3873, 1210738,
-2145, 4295, 5072, -14194, -1300, 2571, 1211763,
-3276, 3128, 5448, -12653, -1511, 3122, 1212788,
-2946, 2357, 5491, -10687, -1470, 1568, 1213813,
-1800, 1606, 5281, -8283, -1990, 986, 1214838,
-1805, 1073, 4147, -6178, -2708, 1500, 1215863,
-1725, 441, 2685, -3872, -3561, 1613, 1216888,
-939, 12, 1389, -1252, -2984, 1594, 1217913,
-1253, -404, 891, 1623, -3813, 1088, 1218938,
-288, -624, 700, 1826, -4769, 225, 1219805,
347, -478, 230, -29, -4623, 174, 1220830,
-22, -370, -521, -239, -4436, -284, 1221855,
19, -393, -1624, -91, -3803, -815, 1222880,
498, -251, -2474, -313, -3479, -659, 1223905,
719, 99, -3026, -1083, -3614, -744, 1224930,
715, 48, -3559, -2654, -3750, 1500, 1225955,
149, -514, -4092, -5808, -4470, 3367, 1226980,
1901, -1145, -5495, -9816, -4373, 5520, 1228005,
3231, -2716, -6300, -13498, -2707, 5494, 1229030,
1712, -3901, -5504, -12367, -3476, 4337, 1230055,
2143, -3877, -4984, -9534, -2928, 4281, 1231080,
2001, -3390, -3784, -8703, -3209, 3808, 1232105,
2349, -3245, -2481, -8054, -2530, 4066, 1233130,
1578, -3284, -2118, -6346, -1348, 3638, 1234155,
724, -2947, -1870, -3760, -802, 2621, 1235180,
1486, -2388, -1480, -427, -679, 2965, 1236300,
1143, -1672, -1071, -291, -457, 2645, 1237325,
529, -1129, -642, 740, -336, 2707, 1238350,
481, -671, -573, 920, -67, 2445, 1239375,
473, -351, -308, 676, -186, 2039, 1240400,
762, -42, -179, 1129, -59, 3053, 1241425,
-77, 28, -90, 1140, -270, 1689, 1242450,
-72, 323, 280, 1404, -150, 1694, 1243475,
-544, 630, 431, 939, 157, 1172, 1244500,
-1187, 1287, 643, 537, -431, 1355, 1245525,
-1072, 2027, 1003, -1265, -154, 1374, 1246550,
-2078, 2658, 1364, -2726, -1226, 861, 1247575,
-2049, 3826, 2048, -5830, -1374, 2968, 1248600,
-2177, 4456, 3271, -9397, -733, 1999, 1249625,
-2238, 5196, 4541, -12958, -2151, 2957, 1250650,
-1277, 5674, 5194, -14449, -1031, 2619, 1251675,
-2400, 4818, 5640, -15609, -1694, 2031, 1253566,
-2479, 3511, 5524, -12995, -2172, 2974, 1254591,
-2510, 2470, 4827, -9074, -1808, 1968, 1255616,
-1597, 1629, 3955, -8199, -1727, 1813, 1256641,
-1412, 215, 2421, -3006, -1692, 1075, 1257666,
-887, 45, 2288, -1497, -2664, 1131, 1258691,
-985, -268, 1688, 1198, -3772, 1140, 1259716,
-1346, -601, 770, 977, -4213, 190, 1260741,
-773, -610, 24, -119, -5029, 183, 1261766,
363, -504, -573, 569, -4613, -109, 1262791,
344, -374, -1115, 542, -4562, -474, 1263816,
657, -276, -2018, -278, -5219, -337, 1264841,
1138, -227, -3014, -1610, -4716, -156, 1265866,
1037, -478, -4026, -4840, -4858, 423, 1266891,
999, -909, -5197, -8968, -4925, 2646, 1267916,
1861, -1462, -6509, -13198, -4767, 2535, 1269034,
3190, -2587, -7077, -14727, -2611, 3278, 1270059,
1895, -3675, -6632, -12623, -3226, 4617, 1271084,
3011, -3858, -5765, -11694, -3364, 4051, 1272109,
2657, -4495, -4824, -8199, -2313, 4290, 1273134,
1750, -4211, -3922, -5325, -2200, 3032, 1274159,
1948, -3292, -2419, -3520, -734, 1259, 1275184,
1536, -2251, -1127, -2025, -998, 1875, 1276209,
1475, -1314, -602, -932, -370, 1935, 1277234,
652, -734, -375, 878, -818, 2324, 1278259,
1039, -228, -366, 2043, -745, 3092, 1279284,
848, 369, -148, 1862, -293, 3031, 1280309,
286, 753, 298, 861, -106, 2711, 1281334,
-350, 944, 624, 94, -3, 1991, 1282359,
-695, 1429, 1079, -1418, 300, 1246, 1283384,
-1513, 1989, 1714, -2848, 634, 632, 1284409,
-1970, 2802, 2643, -5182, -279, 703, 1285278,
-1653, 4086, 3637, -8059, -713, 990, 1286303,
-1713, 5308, 4913, -12109, -1381, 1932, 1287328,
-925, 5947, 5827, -14254, -1547, 2778, 1288353,
-1275, 5641, 5670, -15877, -1070, 3013, 1289378,
-2023, 4480, 5568, -14730, -1679, 3123, 1290403,
-1508, 3572, 5138, -12589, -2176, 1977, 1291428,
-938, 2902, 4566, -10853, -2075, 2235, 1292453,
-2034, 1998, 3763, -6527, -2839, 2132, 1293478,
-1672, 1318, 2482, -2710, -2397, 2200, 1294503,
-1452, 711, 1926, -1064, -2641, 2106, 1295528,
-945, 151, 1339, 1013, -3082, 2936, 1296553,
-951, -463, 495, 1984, -2790, 1530, 1297578,
-45, -822, 479, 513, -3492, 1442, 1298603,
-57, -824, 260, -135, -3483, 829, 1299628,
-1025, -908, -451, 116, -4480, -527, 1300653,
-143, -751, -1569, -213, -4645, -464, 1301773,
643, -387, -2462, -1380, -4323, -399, 1302798,
840, -414, -3209, -2566, -3763, 275, 1303823,
310, -835, -4106, -4894, -3098, 1725, 1304848,
1122, -1460, -5339, -10392, -2897, 2527, 1305873,
2082, -2232, -6444, -13443, -1947, 4058, 1306898,
1573, -3051, -6310, -12040, -2036, 3457, 1307923,
1844, -3354, -5364, -10213, -3264, 3914, 1308948,
2319, -3503, -5303, -11099, -3497, 4438, 1309973,
1008, -3485, -4799, -9566, -3123, 3496, 1310998,
1467, -3107, -3785, -6489, -1863, 3001, 1312023,
1592, -2755, -2580, -3676, -1818, 4614, 1313048,
517, -2352, -1689, -3273, -1448, 2771, 1314073,
1058, -1952, -1326, -2060, -1583, 1988, 1315098,
1228, -1403, -1330, -607, -3024, 2787, 1316123,
607, -956, -1019, 562, -552, 2550, 1317148,
839, -519, -693, 768, -518, 3035, 1319039,
272, -251, -552, 1060, -27, 2592, 1320064,
459, 4, -2184, 956, 152, 2320, 1321089,
604, 200, 249, 771, 198, 2040, 1322114,
-568, 941, 766, 210, -218, 380, 1323139,
-1251, 1757, 1250, -1123, -72, 459, 1324164,
-2524, 2543, 2151, -3422, -551, 285, 1325189,
-2445, 3586, 3155, -7862, -1732, 989, 1326214,
-2334, 4861, 3906, -11269, -2489, 3677, 1327239,
-1454, 5626, 4976, -14699, -2592, 3011, 1328264,
-1568, 5235, 5775, -16635, -4151, 3441, 1329289,
-1655, 4334, 5723, -14759, -3991, 3177, 1330314,
-2034, 3373, 5310, -12040, -1595, 1393, 1331339,
-2361, 2317, 5347, -7701, -2045, 1750, 1332364,
-1269, 1712, 4088, -6022, -2084, 1220, 1333389,
-1577, 1186, 3009, -6997, -2143, 679, 1334510,
-1919, 382, 2627, -3796, -2424, 1288, 1335535,
-1465, 89, 2015, 2176, -2943, 1352, 1336560,
-633, 57, 1562, 1925, -3047, 1249, 1337585,
-999, -313, 1006, -709, -4861, 2228, 1338610,
-751, -690, 437, -414, -6079, 510, 1339635,
-6, -694, -381, 444, -5418, 409, 1340660,
61, -631, -1426, 121, -5040, -173, 1341685,
928, -553, -2538, -509, -4430, -712, 1342710,
1408, -505, -3347, -1688, -3702, -741, 1343735,
734, -630, -4180, -4441, -4101, 696, 1344760,
719, -1133, -5228, -8653, -4304, 3512, 1345785,
1752, -1953, -6288, -15114, -3796, 4112, 1346810,
1127, -3325, -6589, -14530, -3231, 5098, 1347835,
1582, -4053, -6476, -12390, -3803, 5409, 1348860,
1803, -4059, -6225, -12238, -3642, 3699, 1349885,
1629, -3994, -5310, -9510, -3601, 3569, 1351005,
1762, -3643, -4083, -7206, -2069, 3666, 1352030,
755, -3214, -3041, -4257, -1592, 2185, 1353055,
1288, -2489, -2145, -883, -379, 1651, 1354080,
1160, -1533, -1465, -112, -725, 2356, 1355105,
507, -933, -1149, 1014, -1157, 1797, 1356130,
1212, -272, -927, 1192, -953, 3023, 1357155,
292, -4, -669, 1995, -491, 2780, 1358180,
219, 280, -203, 1617, -351, 2947, 1359205,
631, 410, 179, 1193, -65, 3498, 1360230,
320, 403, 538, 1171, 166, 2468, 1361255,
-16, 516, 910, 649, 395, 1135, 1362280,
-816, 992, 1264, -432, -154, 773, 1363305,
-926, 1780, 1770, -2485, -756, 485, 1364330,
-1615, 2888, 2344, -4406, -823, 1992, 1365355,
-1754, 3834, 3348, -7698, -1905, 1036, 1366380,
-1024, 5353, 4313, -12350, -3039, 4586, 1367246,
-1188, 5688, 4758, -13506, -2178, 5052, 1368271,
-2045, 4885, 5770, -15852, -2976, 3775, 1369296,
-1802, 4448, 6414, -13898, -3247, 3448, 1370321,
-1824, 3872, 6057, -11343, -2459, 1685, 1371346,
-1672, 2688, 5143, -8999, -2849, 1595, 1372371,
-3336, 1786, 3612, -5735, -3083, 2216, 1373396,
-801, 1196, 2654, -2680, -3373, 2639, 1374421,
-959, 625, 2358, 302, -3233, 2612, 1375446,
-1888, 108, 2001, 1100, -4053, 2336, 1376471,
-1494, -351, 1569, -254, -4843, 1825, 1377496,
-1165, -766, 836, 188, -5523, 645, 1378521,
-602, -2816, -163, 869, -5438, 259, 1379546,
-196, -623, -1078, -82, -4899, -488, 1380571,
427, -397, -1992, -612, -4169, -582, 1381596,
808, -448, -3006, -2571, -3138, -492, 1382621,
190, -449, -3897, -5173, -2441, 631, 1383741,
340, -505, -4585, -6435, -1966, 1793, 1384766,
1897, -845, -4874, -8734, -1698, 2331, 1385791,
2014, -1487, -4963, -11239, -2527, 4208, 1386816,
1800, -2126, -5046, -14225, -3510, 4115, 1387841,
2492, -3531, -5786, -14935, -3901, 5460, 1388866,
2664, -4365, -5633, -12351, -2642, 4819, 1389891,
1178, -4547, -4369, -7729, -1866, 2892, 1390916,
911, -3856, -3135, -7904, -1667, 3623, 1391941,
-223, -3001, -2328, -3801, -2155, 2613, 1392966,
1374, -2379, -2098, -1776, -1599, 1742, 1393991,
1839, -1828, -1729, -1092, -712, 2477, 1395016,
-236, -1509, -1365, -71, -818, 2093, 1396041,
102, -1042, -1233, 389, -819, 1810, 1397066,
334, -531, -882, 851, 104, 2150, 1398091,
-71, -232, -294, 1087, -188, 2042, 1399116,
721, -158, -7, 672, -777, 1664, 1399983,
656, 144, 60, 525, -251, 1663, 1401008,
-322, 295, 338, 539, 189, 893, 1402033,
-337, 479, 763, 517, -125, 1044, 1403058,
-990, 1004, 1267, -768, -142, 1177, 1404083,
-1500, 1624, 2102, -2221, -413, 309, 1405108,
-2221, 2853, 3114, -4326, -1308, 883, 1406133,
-2509, 4276, 4529, -7759, -2290, 2818, 1407158,
-922, 5125, 5348, -11924, -3467, 4311, 1408183,
-833, 5380, 5689, -13946, -4497, 4986, 1409208,
-185, 4807, 5759, -13058, -3021, 3267, 1410233,
-1681, 3992, 5660, -14035, -202, 1926, 1411258,
-2724, 3092, 6352, -12879, -602, 1510, 1412283,
-951, 2581, 6253, -10678, 329, 1491, 1413308,
-932, 1731, 5353, -8132, -439, 895, 1414333,
-1052, 683, 3912, -5175, -1848, 1727, 1415358,
-1756, 79, 2100, -3397, -1592, 1564, 1416478,
-2182, -351, 1005, -2738, -831, 361, 1417503,
-611, -629, 847, -207, -1194, 975, 1418528,
-248, -421, 976, 1594, -2075, 999, 1419553,
-796, -700, 601, 853, -3544, -622, 1420578,
-589, -902, -624, -336, -3642, -502, 1421603,
-694, -563, -1227, -2, -4529, -1113, 1422628,
117, -23, -1356, 200, -5271, -1472, 1423653,
73, 336, -2105, -557, -5205, -889, 1424678,
434, 474, -3592, -2031, -4759, -302, 1425703,
1101, 422, -4957, -5039, -4541, 1563, 1426728,
647, -391, -5880, -8528, -4000, 4120, 1427753,
1129, -1590, -7095, -12728, -4434, 5397, 1428778,
2431, -2732, -7977, -14722, -3705, 5829, 1429803,
1892, -3221, -6865, -14633, -3952, 4202, 1430828,
1900, -3634, -5674, -11204, -3663, 4693, 1431853,
1815, -3850, -4817, -8363, -3301, 4428, 1433745,
2159, -3630, -3613, -5724, -3388, 3253, 1434770,
1952, -2889, -2585, -4519, -2065, 2593, 1435795,
973, -2281, -1428, -2642, -1404, 1849, 1436820,
1108, -1088, -1188, 1053, -407, 1739, 1437845,
1020, -559, -835, 1180, -319, 2581, 1438870,
571, -264, -428, 736, -241, 2370, 1439895,
377, 28, -125, 828, -374, 2025, 1440920,
246, 305, 119, 744, -306, 2727, 1441945,
-65, 337, 273, 730, -823, 2317, 1442970,
127, 308, 303, 412, -418, 1739, 1443995,
-397, 250, 452, 703, -272, 1048, 1445020,
-732, 782, 724, 112, -61, 543, 1446045,
-1381, 1613, 1360, -1563, 238, 90, 1447070,
-2370, 2763, 2252, -3707, -1789, 646, 1448095,
-1147, 4477, 2961, -7415, -2101, 2669, 1449215,
-2288, 5194, 3685, -11055, -3247, 2681, 1450240,
-1333, 5652, 4873, -12974, -2442, 6333, 1451265,
-2624, 4544, 6095, -13666, -1634, 4242, 1452290,
-2458, 3368, 6937, -13729, -3115, 3321, 1453315,
306, 3690, 5431, -12808, 767, 1088, 1454340,
-3928, 2221, 5276, -10047, -763, 660, 1455365,
-756, 1332, 4095, -7685, -514, 1402, 1456390,
-2223, 837, 2919, -6528, -1397, 0, 1457415,
-1676, 187, 2525, -4880, -1666, 727, 1458440,
-1393, 230, 2181, -2767, -2973, 1000, 1459465,
-835, 33, 1198, -104, -3746, 1081, 1460490,
-729, -404, 106, 1202, -2895, 858, 1461515,
-1617, -466, -246, 426, -3419, 197, 1462540,
-1126, -453, -459, -156, -3446, -137, 1463565,
-707, -320, -851, 355, -3338, -858, 1464590,
241, 56, -1472, 303, -3259, -1197, 1465710,
939, 420, -2121, -73, -2910, -1152, 1466735,
1048, 686, -2739, -1002, -3365, -846, 1467760,
840, 613, -3515, -2293, -3491, -359, 1468785,
1013, 369, -3987, -5206, -4408, 2022, 1469810,
2046, -430, -5258, -9350, -5149, 4589, 1470835,
3436, -2063, -6672, -15132, -2480, 5825, 1471860,
693, -3716, -6709, -14096, -4720, 5491, 1472885,
2935, -3987, -6734, -12248, -6182, 2004, 1473910,
2879, -4861, -5774, -8160, -4424, 4549, 1474935,
-123, -4134, -4954, -7538, -4340, 2880, 1475960,
400, -2997, -4006, -5052, -1429, 1422, 1476985,
1812, -2033, -2002, -1537, -1866, 1741, 1478010,
3001, -1167, -776, -1491, -857, 2646, 1479035,
642, -1028, -600, 517, -1446, 2205, 1480060,
1226, -656, -690, 1765, -1112, 1836, 1481085,
1252, -7, -682, 2140, -388, 3005, 1484002,
-122, 47, -270, 1998, -55, 2369, 1485027,
62, -72, 435, 1590, -876, 2390, 1486052,
539, 649, 473, 207, -719, 1806, 1487077,
-3832, 1959, 1342, -3488, -786, 383, 1488102,
-2574, 2394, 2042, -4894, -1227, 470, 1489127,
-2456, 3255, 3609, -6833, -845, 1515, 1490152,
-1806, 4753, 5726, -12657, -3008, 3412, 1491177,
670, 6021, 6554, -16505, -2985, 5374, 1492202,
-1304, 4927, 7036, -16936, -2788, 4782, 1493227,
-3112, 3338, 7052, -16277, -3430, 2685, 1494252,
-1247, 2625, 6123, -13153, -2647, 2878, 1495277,
-92, 2124, 5511, -9781, -606, 1301, 1496302,
-287, 1500, 5095, -5100, -1801, 1938, 1497327,
-322, 1264, 3712, -3528, -1988, 2427, 1498447,
-1630, 500, 2772, -2639, -3247, 1618, 1499472,
-829, -213, 1119, -277, -3387, 2801, 1500497,
-856, -890, 406, 1503, -3385, 1475, 1501522,
-1205, -1072, 473, -255, -4074, 887, 1502547,
-1341, -1144, -243, -503, -4207, 715, 1503572,
-626, -1094, -1353, 499, -3220, -635, 1504597,
-584, -997, -1872, -760, -3183, -1774, 1505622,
-93, -457, -2507, -699, -3207, -1893, 1506647,
344, 269, -3306, -1058, -3103, -1646, 1507672,
187, 492, -3610, -3472, -4626, -174, 1508697,
292, 369, -4547, -6213, -4363, 2191, 1509722,
1501, -466, -6045, -9311, -4288, 5891, 1510747,
2541, -2108, -7251, -14841, -3116, 6198, 1511772,
1796, -4069, -7060, -13441, -2829, 6879, 1512797,
1142, -4266, -6191, -11421, -3126, 5117, 1513822,
2268, -4063, -5208, -10006, -4338, 3554, 1514688,
2287, -4095, -4189, -7637, -3058, 4594, 1515713,
359, -3470, -3050, -4217, -1238, 2302, 1516738,
1096, -2397, -1472, -1116, -633, 2269, 1517763,
681, -1406, -682, -1570, -1154, 2896, 1518788,
-789, -1211, -1063, 373, -2181, 1751, 1519813,
1180, -673, -1105, 1305, -1208, 2985, 1520838,
1094, -340, -815, 1208, -61, 2392, 1521863,
-78, 8, -653, 689, -731, 2117, 1522888,
359, 182, -337, 917, -176, 3503, 1523913,
-309, 322, 118, 1607, -661, 3020, 1524938,
218, 577, 191, 1368, -977, 3412, 1525963,
466, 393, 260, 1584, -351, 3833, 1526988,
-431, 408, 503, 1180, -904, 3900, 1528013,
-34, 450, 668, 1676, -1261, 3829, 1529038,
414, 944, 993, 1665, -1346, 4426, 1530063,
17, 1172, 1449, -382, -543, 1318, 1531182,
-1755, 1664, 2367, -1894, -1316, 1105, 1532207,
-975, 2994, 2812, -3360, -1455, 2459, 1533232,
-1554, 3609, 2977, -6379, -2047, -37, 1534257,
-1369, 4013, 3071, -8741, -1884, 2651, 1535282,
-1025, 4298, 3502, -9783, 254, 1513, 1536307,
-1679, 4560, 4738, -13299, -367, 2921, 1537332,
-1534, 4271, 4832, -13740, -216, 2445, 1538357,
-2315, 3148, 4813, -13235, -884, 2008, 1539382,
-1646, 2031, 4193, -11609, -1709, 1810, 1540407,
-955, 1555, 4001, -8492, -1512, 1526, 1541432,
-1425, 1305, 4288, -6450, -1250, 206, 1542457,
-1260, 1154, 4122, -2372, -2870, 1463, 1543482,
-823, 1047, 3852, -549, -3201, 1262, 1544507,
-882, 601, 3240, -1577, -6355, 1774, 1545532,
-1017, 80, 1802, -1110, -6514, 1724, 1546557,
-916, -312, 773, 428, -7535, 1135, 1547425,
765, -416, -507, 244, -5787, 1004, 1548450,
-16, -607, -1635, -426, -5233, -89, 1549475,
-120, -551, -2665, -1305, -4224, -353, 1550500,
-509, -303, -3475, -3392, -3949, -1295, 1551525,
109, -200, -4533, -6292, -3141, 555, 1552550,
664, -1009, -6213, -11355, -3005, 2339, 1553575,
1662, -1682, -8309, -17628, -2461, 1646, 1554600,
3152, -2934, -8360, -10130, -2293, 3712, 1555625,
4078, -3636, -6675, -8733, -2932, 4827, 1556650,
2704, -3621, -5598, -11983, -5426, 3278, 1557675,
3617, -3756, -4524, -10870, -3472, 4943, 1558700,
2331, -3636, -3312, -6019, -1398, 3544, 1559725,
1177, -2796, -2076, -3012, -1128, 3212, 1560750,
1589, -1990, -859, -1981, -1027, 2810, 1561775,
1196, -1432, -198, -1868, -1128, 2549, 1562800,
808, -1145, -345, -313, -759, 1702, 1563921,
816, -575, -578, 1051, -614, 2285, 1564946,
1083, -131, -451, 1466, -27, 3161, 1565971,
926, 138, -190, 796, 77, 2989, 1566996,
715, 446, 136, 850, 57, 2828, 1568021,
405, 738, 465, 569, 68, 2766, 1569046,
-151, 908, 565, 205, -759, 2718, 1570071,
-353, 1081, 344, 179, -1030, 4575, 1571096,
-1284, 1035, 196, 198, -1319, 4687, 1572121,
-891, 964, 305, -88, -1597, 5665, 1573146,
-697, 791, 193, -700, -1301, 6429, 1574171,
-1971, 283, -12, -827, -2377, 5128, 1575196,
-1081, 108, 150, -744, -2390, 6408, 1576221,
-1536, -20, 69, -236, -2154, 4772, 1577246,
-1169, -158, -89, -436, -4013, 4586, 1578271,
