49,41,-5,711,886,-3971,0,0
54,34,3,709,848,-3973,0,0
29,25,-6,719,847,-3968,0,0
12,16,-14,724,876,-3965,0,0
-7,8,-20,719,892,-3948,0,0
-6,-1,-20,718,904,-3968,0,0
-5,-8,-7,703,864,-3934,0,0
-10,-51,8,700,823,-3939,0,0
-38,-93,22,692,843,-4009,0,0
-48,-65,3,676,921,-4025,0,0
-27,-4,-23,689,961,-4003,0,0
-2,41,-33,700,945,-3974,0,0
14,52,-30,690,910,-3960,0,0
25,43,-29,663,879,-3980,0,0
19,37,-22,694,860,-3983,0,0
5,35,-32,720,900,-3968,0,0
20,37,-19,706,925,-3971,0,0
69,44,10,707,895,-3985,0,0
88,49,23,725,852,-3973,0,0
76,41,24,723,849,-3959,0,0
51,29,14,744,848,-3966,0,0
34,26,-5,738,835,-3988,0,0
12,26,-23,732,843,-3973,0,0
1,25,-28,741,849,-3972,0,0
13,27,-14,752,833,-3965,0,0
10,19,-16,741,832,-3973,0,0
3,13,-18,732,838,-3983,0,0
12,9,-4,753,851,-3962,0,0
22,-5,8,763,826,-3956,0,0
15,-17,9,736,825,-3982,0,0
-3,-16,-8,742,888,-3964,0,0
19,-30,-9,736,874,-3972,0,0
54,-9,17,695,786,-4039,0,0
45,23,19,713,747,-3976,0,0
1,1,6,742,802,-3960,0,0
-6,-17,6,744,854,-4011,0,0
29,5,32,735,828,-3983,0,0
71,2,57,708,792,-3948,0,0
18,-40,42,750,770,-3991,0,0
-7,-52,29,737,795,-4023,0,0
39,-28,29,729,822,-3992,0,0
125,-15,65,732,806,-3985,0,0
152,-16,82,737,783,-3967,0,0
84,-12,58,743,776,-4012,0,0
80,22,47,713,722,-4025,0,0
57,33,21,692,647,-4004,0,0
-23,17,-26,693,621,-4021,0,0
-76,12,-65,729,649,-4018,0,0
-104,4,-88,773,695,-3992,0,0
-104,-10,-75,760,788,-3981,0,0
-39,-16,-34,656,834,-4028,0,0
4,7,-22,666,759,-4028,0,0
10,15,-11,762,746,-3973,0,0
16,-5,3,721,791,-3993,0,0
9,9,-13,698,788,-4024,0,0
1,37,-36,692,756,-4019,0,0
14,47,-31,712,709,-4003,0,0
34,34,-6,755,752,-3970,0,0
73,8,40,728,776,-3987,0,0
79,-4,48,711,712,-4007,0,0
13,5,-1,739,720,-4012,0,0
-34,13,-32,740,752,-3987,0,0
-27,5,-27,724,743,-4002,0,0
-11,6,-23,727,729,-4023,0,0
5,14,-14,739,741,-3991,0,0
21,4,-2,741,738,-3993,0,0
24,-2,3,740,731,-4006,0,0
29,1,-4,719,744,-4015,0,0
15,-4,-24,711,703,-4001,0,0
-38,-10,-69,708,677,-4026,0,0
-112,-28,-122,717,646,-4003,0,0
-167,-81,-151,642,651,-3906,0,0
-276,-183,-119,634,801,-3975,0,0
-319,-216,-135,691,919,-4006,0,0
-112,-183,-172,584,932,-4054,0,0
10,-124,-213,439,851,-4100,0,0
75,-72,-216,461,976,-4258,0,0
298,28,-160,641,1011,-4175,0,0
926,-34,-30,536,869,-4076,0,0
1434,-120,-46,325,391,-4037,0,0
1101,-106,-86,199,190,-4066,0,0
339,-100,-100,-9,329,-4090,0,0
130,15,-128,394,28,-4022,0,0
-381,74,-202,702,268,-3554,0,0
-461,73,-180,847,836,-3691,0,0
-503,188,-168,772,829,-4078,0,0
-755,359,-172,594,881,-4567,0,0
-849,363,-105,471,781,-4353,0,0
-666,239,29,487,754,-3877,0,0
-21,37,71,577,467,-3920,0,0
-60,-133,0,670,504,-4054,0,0
-521,-169,-64,661,903,-4092,0,0
-572,-45,-57,668,1309,-3978,0,0
-237,81,21,696,1428,-3886,0,0
75,107,93,735,1191,-3867,0,0
138,79,92,614,1007,-3963,0,0
112,105,46,557,966,-4002,0,0
32,130,3,604,1044,-3927,0,0
-31,110,-34,680,1034,-3912,0,0
-48,71,-44,786,998,-3896,0,0
-43,34,-73,788,989,-3902,0,0
-49,9,-84,740,1068,-3903,0,0
-25,-10,-57,687,1069,-3939,0,0
1,4,-36,679,1058,-3941,0,0
17,19,-22,690,1067,-3932,0,0
23,27,-12,714,1060,-3926,0,0
32,35,-6,707,1073,-3923,0,0
42,35,-1,708,1069,-3911,0,0
29,16,-1,715,1030,-3903,0,0
-11,-3,-30,712,1037,-3930,0,0
-39,-5,-64,701,1042,-3936,0,0
-39,19,-56,715,1084,-3919,0,0
-18,17,-31,729,1073,-3916,0,0
-5,10,-11,708,1041,-3930,0,0
-6,7,5,688,1082,-3909,0,0
6,-13,14,719,1107,-3913,0,0
24,2,19,723,1070,-3928,0,0
27,12,27,708,1062,-3908,0,0
32,1,26,702,1052,-3923,0,0
29,7,8,713,1071,-3950,0,0
30,-8,-15,710,1065,-3892,0,0
23,-15,-8,702,1058,-3926,0,0
12,3,-20,708,1045,-3938,0,0
5,28,-20,717,1072,-3920,0,0
18,25,-9,723,1041,-3921,0,0
17,18,-5,716,1021,-3932,0,0
3,19,-7,713,1046,-3922,0,0
10,14,-8,724,1051,-3921,0,0
15,13,-17,711,1046,-3930,0,0
24,19,-12,708,1057,-3931,0,0
37,11,2,721,1004,-3924,0,0
6,-5,-7,738,975,-3907,0,0
-33,-37,-27,721,1029,-3903,0,0
-76,-68,-57,699,1060,-3898,0,0
-98,-130,-70,728,1036,-3873,0,0
-89,-184,-55,631,1094,-3955,0,0
-41,-151,-4,621,1188,-3931,0,0
2,-93,19,592,1054,-4011,0,0
-35,-10,33,570,1146,-3943,0,0
32,8,62,600,1127,-3919,0,0
52,7,72,571,1063,-3977,0,0
50,37,77,577,1048,-3960,0,0
33,36,70,619,1046,-3925,0,0
14,19,40,644,1083,-3921,0,0
25,7,19,635,1086,-3941,0,0
41,30,10,596,1102,-3941,0,0
27,54,23,654,1008,-3933,0,0
-34,48,23,662,1058,-3918,0,0
-6,49,3,702,1058,-3902,0,0
0,36,-17,686,1047,-3915,0,0
-4,20,-28,628,1081,-3974,0,0
-9,76,-46,643,1071,-3974,0,0
-3,136,-46,696,1063,-3936,0,0
-3,134,-35,737,1035,-3886,0,0
-10,94,-20,742,1034,-3898,0,0
-16,66,6,731,1124,-3878,0,0
24,15,44,786,1079,-3884,0,0
38,-10,22,780,950,-3958,0,0
-4,19,-14,698,1032,-3941,0,0
-8,34,-34,728,1091,-3915,0,0
-2,46,-35,783,1084,-3900,0,0
2,46,-33,751,1078,-3897,0,0
13,34,-25,759,1050,-3926,0,0
41,52,-8,764,1037,-3938,0,0
53,59,-8,776,1056,-3896,0,0
60,19,-18,776,1042,-3902,0,0
81,43,-11,735,1032,-3982,0,0
142,141,3,779,1012,-3972,0,0
172,191,-3,870,910,-3890,0,0
126,179,-35,847,927,-3920,0,0
98,200,-50,831,1010,-3933,0,0
97,201,-15,941,1021,-3817,0,0
89,123,21,993,998,-3813,0,0
65,50,21,1012,870,-3881,0,0
30,28,11,974,849,-3907,0,0
17,11,6,956,858,-3913,0,0
15,13,-3,976,866,-3907,0,0
-2,10,-7,980,900,-3887,0,0
4,-4,0,969,921,-3893,0,0
17,-4,7,967,893,-3906,0,0
13,-1,2,973,852,-3900,0,0
-6,-15,-5,956,869,-3905,0,0
-10,-18,-11,960,901,-3908,0,0
-6,-17,3,943,923,-3895,0,0
11,-22,11,958,892,-3904,0,0
-8,-12,-3,951,877,-3914,0,0
-20,-6,-11,939,891,-3900,0,0
-21,-17,-9,937,913,-3899,0,0
-14,-18,-5,939,901,-3923,0,0
-17,-12,-8,935,902,-3902,0,0
-12,-14,-10,934,917,-3915,0,0
-2,-6,-1,931,903,-3907,0,0
-4,-10,-4,918,911,-3904,0,0
-7,-7,-12,917,910,-3927,0,0
-3,10,-15,922,917,-3912,0,0
-6,5,-12,928,921,-3888,0,0
-2,-6,-15,904,934,-3916,0,0
9,8,-18,928,931,-3907,0,0
6,14,-11,934,897,-3897,0,0
6,11,-5,904,894,-3917,0,0
4,11,-2,923,936,-3895,0,0
6,-6,2,929,937,-3889,0,0
-9,-35,-15,920,928,-3897,0,0
-7,-38,-29,893,954,-3910,0,0
31,-59,-7,903,906,-3886,0,0
58,-82,21,896,853,-3946,0,0
33,-42,6,855,889,-3968,0,0
20,-14,-5,867,927,-3914,0,0
32,-34,0,882,860,-3920,0,0
-5,-35,-18,837,875,-3934,0,0
-18,-38,-25,851,929,-3903,0,0
6,-49,-11,848,910,-3948,0,0
-1,-23,4,820,965,-3959,0,0
33,24,27,824,942,-3944,0,0
59,38,48,846,866,-3931,0,0
42,31,52,866,865,-3932,0,0
40,26,30,866,819,-3932,0,0
13,7,4,855,814,-3932,0,0
-7,-6,-7,859,849,-3951,0,0
-4,10,-16,847,902,-3942,0,0
11,22,-7,861,915,-3925,0,0
27,23,15,865,841,-3942,0,0
14,26,3,865,783,-3942,0,0
-31,32,-24,856,861,-3943,0,0
-32,48,-26,878,934,-3932,0,0
-3,57,-8,911,912,-3917,0,0
12,50,0,885,871,-3931,0,0
4,37,-1,889,827,-3930,0,0
-10,25,-15,907,847,-3925,0,0
-15,15,-28,903,891,-3925,0,0
3,13,-10,903,886,-3934,0,0
6,17,-5,907,863,-3919,0,0
-4,10,-10,905,869,-3916,0,0
-8,2,-12,905,886,-3930,0,0
3,6,-1,888,888,-3928,0,0
5,5,-4,926,858,-3914,0,0
-25,-1,-21,913,875,-3922,0,0
-25,5,-20,893,926,-3922,0,0
2,13,-8,914,903,-3920,0,0
2,14,-7,904,860,-3928,0,0
-9,10,-15,895,878,-3924,0,0
-10,7,-16,907,905,-3921,0,0
1,15,-10,904,920,-3922,0,0
21,29,1,902,900,-3936,0,0
43,46,12,898,844,-3946,0,0
61,53,22,913,838,-3956,0,0
57,46,13,943,829,-3923,0,0
4,40,-3,986,894,-3879,0,0
-1,34,-23,948,914,-3880,0,0
9,38,-26,957,911,-3884,0,0
12,29,-10,954,889,-3902,0,0
13,24,2,960,830,-3919,0,0
3,34,-2,960,812,-3930,0,0
-19,26,-12,964,852,-3892,0,0
-19,-7,-10,980,888,-3891,0,0
-8,-16,-5,971,891,-3912,0,0
-1,-8,-3,955,877,-3920,0,0
7,3,-2,953,855,-3918,0,0
3,2,-4,970,864,-3900,0,0
3,-13,-5,962,879,-3924,0,0
-2,-1,-7,958,849,-3910,0,0
-17,-8,-26,957,865,-3904,0,0
-43,-18,-39,965,892,-3904,0,0
-34,-29,-33,942,901,-3908,0,0
-18,-37,-15,926,910,-3905,0,0
-9,-51,-9,933,877,-3901,0,0
5,-65,-8,903,865,-3919,0,0
-16,-68,-16,908,899,-3930,0,0
-61,-59,-25,897,943,-3912,0,0
-21,-38,-19,870,930,-3928,0,0
-4,-20,-11,872,901,-3932,0,0
-13,-13,-7,877,924,-3902,0,0
-4,-28,-6,872,929,-3908,0,0
-17,-46,-3,847,891,-3927,0,0
-30,-41,-13,839,935,-3929,0,0
-62,-52,-29,857,926,-3883,0,0
29,-101,-40,830,875,-3920,0,0
-168,-113,-32,816,1013,-3918,0,0
-322,-119,10,803,1174,-3899,0,0
29,-97,4,729,947,-4021,0,0
-136,-59,-14,740,976,-3896,0,0
-193,-62,-11,774,1034,-3923,0,0
-78,-26,-23,726,1109,-3905,0,0
16,-31,-23,722,1126,-3926,0,0
-70,-24,-23,741,1078,-3917,0,0
-114,4,-18,732,1134,-3890,0,0
-45,7,-2,701,1105,-3903,0,0
-95,-37,-3,722,1069,-3907,0,0
-174,-40,-33,706,1136,-3878,0,0
-76,-11,-19,725,1219,-3853,0,0
40,0,4,721,1159,-3889,0,0
35,5,7,698,1152,-3900,0,0
36,13,8,687,1174,-3904,0,0
30,9,6,714,1145,-3888,0,0
18,3,-1,718,1117,-3884,0,0
17,-9,-4,698,1149,-3897,0,0
35,19,11,706,1150,-3913,0,0
37,51,14,716,1150,-3905,0,0
38,56,5,729,1153,-3891,0,0
45,54,-1,743,1135,-3895,0,0
43,44,3,732,1127,-3890,0,0
61,41,4,749,1111,-3907,0,0
44,45,-1,771,1084,-3887,0,0
40,27,-9,759,1065,-3897,0,0
22,17,-22,765,1063,-3909,0,0
2,35,-31,760,1102,-3912,0,0
18,56,-24,782,1106,-3900,0,0
43,61,-8,787,1088,-3900,0,0
60,71,0,792,1079,-3886,0,0
67,65,9,811,1085,-3898,0,0
70,46,8,824,1027,-3886,0,0
45,17,-14,816,978,-3914,0,0
6,35,-31,798,997,-3937,0,0
-12,30,-49,804,1048,-3876,0,0
-13,3,-42,801,1078,-3905,0,0
-37,22,-35,835,1074,-3910,0,0
-36,45,-9,812,1066,-3861,0,0
-18,4,43,808,1049,-3882,0,0
61,1,57,796,971,-3923,0,0
10,-10,20,840,1082,-3858,0,0
25,-25,-1,870,1051,-3934,0,0
-25,-13,-14,820,1110,-3855,0,0
5,-19,27,834,1178,-3861,0,0
121,-2,64,838,1093,-3904,0,0
63,8,63,807,1039,-3915,0,0
-16,3,66,795,1031,-3891,0,0
63,33,54,827,982,-3926,0,0
20,42,9,841,930,-3899,0,0
-3,37,-52,885,998,-3913,0,0
-265,-1,-82,847,1174,-3882,0,0
-174,43,-73,782,1041,-3886,0,0
57,103,-76,808,861,-3963,0,0
113,132,-58,846,1003,-3832,0,0
233,73,-8,927,1078,-3825,0,0
132,10,21,966,1074,-3903,0,0
9,-10,27,896,1096,-3852,0,0
47,-16,34,858,1052,-3928,0,0
71,24,38,862,972,-3930,0,0
81,50,31,872,941,-3917,0,0
90,51,27,900,933,-3898,0,0
57,24,18,922,917,-3875,0,0
22,-1,-12,904,949,-3921,0,0
-1,27,-30,913,966,-3906,0,0
8,36,-20,915,953,-3877,0,0
18,11,-2,923,917,-3896,0,0
14,3,-5,890,917,-3924,0,0
7,13,-13,912,927,-3909,0,0
0,9,-16,946,944,-3885,0,0
2,-4,-17,911,974,-3898,0,0
12,-1,-11,910,951,-3908,0,0
8,5,-18,909,934,-3906,0,0
-3,7,-27,903,934,-3916,0,0
-6,10,-22,916,933,-3899,0,0
5,-2,-12,892,928,-3917,0,0
-2,9,-18,920,953,-3902,0,0
-9,14,-20,917,977,-3898,0,0
2,12,-12,915,951,-3904,0,0
13,14,-6,909,934,-3907,0,0
7,7,-4,905,935,-3895,0,0
3,0,-13,922,935,-3915,0,0
3,6,-15,910,954,-3897,0,0
12,-16,-11,908,940,-3892,0,0
9,-23,-19,899,947,-3913,0,0
-7,-6,-25,901,949,-3917,0,0
1,2,-24,887,957,-3921,0,0
16,14,-10,898,958,-3892,0,0
22,4,-1,914,934,-3891,0,0
13,-15,-6,909,926,-3908,0,0
-8,-15,-15,895,935,-3903,0,0
-36,-34,-19,897,960,-3886,0,0
-151,-89,-33,894,944,-3896,0,0
-198,-144,-25,889,933,-3860,0,0
-173,-143,-35,834,1081,-3898,0,0
78,-53,-41,795,1183,-3877,0,0
485,7,-41,766,992,-3983,0,0
519,71,-31,718,811,-4041,0,0
343,126,-49,811,743,-3982,0,0
309,104,-81,870,769,-3923,0,0
350,61,-99,886,665,-3960,0,0
237,62,-121,843,643,-3980,0,0
189,43,-130,932,626,-3985,0,0
-41,-17,-139,871,765,-3949,0,0
-138,-55,-99,766,772,-3965,0,0
-161,-71,7,826,797,-4001,0,0
-140,-49,60,849,715,-3993,0,0
-207,-37,54,804,776,-3995,0,0
-194,-44,7,778,825,-3977,0,0
-188,-39,-10,801,687,-4001,0,0
-339,-37,-25,775,924,-3896,0,0
-74,-25,-16,827,895,-3924,0,0
-183,-57,-52,886,628,-3936,0,0
-620,-190,-156,682,1008,-3999,0,0
-554,-180,-147,558,1355,-3846,0,0
-145,-62,-73,754,1200,-3863,0,0
-97,-33,-59,755,1242,-3880,0,0
-168,-60,-57,659,1324,-3826,0,0
-59,-79,-10,632,1312,-3880,0,0
-132,-91,6,612,1266,-3900,0,0
-72,-27,6,639,1200,-3886,0,0
-31,-14,-18,648,1156,-3934,0,0
-246,-11,-72,578,1211,-3865,0,0
-195,-15,-61,608,1362,-3847,0,0
-113,8,-37,631,1468,-3813,0,0
-47,4,8,657,1426,-3811,0,0
-86,-11,50,609,1429,-3783,0,0
38,-46,96,640,1209,-3835,0,0
44,-40,51,546,1230,-3928,0,0
29,-5,4,559,1452,-3798,0,0
148,18,14,667,1411,-3852,0,0
105,33,6,616,1300,-3876,0,0
72,64,-21,581,1221,-3853,0,0
116,50,7,662,1244,-3863,0,0
40,21,17,657,1308,-3858,0,0
39,5,18,654,1302,-3870,0,0
45,14,21,633,1259,-3882,0,0
64,48,14,638,1225,-3896,0,0
71,65,12,672,1248,-3870,0,0
66,61,10,673,1263,-3868,0,0
73,47,10,660,1232,-3860,0,0
54,31,-9,672,1201,-3891,0,0
26,32,-17,704,1209,-3885,0,0
58,46,-9,689,1226,-3874,0,0
80,54,2,707,1193,-3878,0,0
89,45,-2,710,1159,-3886,0,0
55,36,-18,695,1152,-3889,0,0
36,35,-28,702,1168,-3893,0,0
37,34,-26,719,1133,-3891,0,0
21,32,-27,721,1147,-3891,0,0
29,35,-23,726,1152,-3896,0,0
28,35,-16,746,1142,-3877,0,0
28,19,-3,754,1145,-3860,0,0
29,-9,8,714,1145,-3890,0,0
19,-3,-9,728,1130,-3907,0,0
2,13,-26,725,1130,-3892,0,0
1,5,-24,724,1129,-3889,0,0
5,21,-17,723,1124,-3907,0,0
-8,25,-20,736,1111,-3890,0,0
1,12,-18,737,1116,-3890,0,0
83,24,6,748,1162,-3885,0,0
81,26,12,744,1145,-3884,0,0
79,20,19,756,1112,-3896,0,0
69,16,4,745,1102,-3900,0,0
17,-1,-15,755,1109,-3884,0,0
8,-5,-8,732,1059,-3909,0,0
63,15,14,732,1050,-3930,0,0
45,33,-9,753,1088,-3903,0,0
27,32,-21,763,1073,-3908,0,0
28,26,-10,771,1065,-3896,0,0
10,4,-10,758,1062,-3884,0,0
20,-20,-15,776,1044,-3917,0,0
10,-17,-17,756,1054,-3918,0,0
6,-12,-17,731,1072,-3898,0,0
7,-11,-29,733,1063,-3932,0,0
-21,6,-39,732,1070,-3915,0,0
-13,12,-38,719,1037,-3927,0,0
22,32,-22,759,1045,-3925,0,0
20,31,-4,761,1061,-3896,0,0
15,12,-9,750,1087,-3903,0,0
-11,11,-7,750,1076,-3903,0,0
-1,24,-12,739,1057,-3913,0,0
-4,22,-21,732,1033,-3913,0,0
8,21,-20,731,1051,-3923,0,0
26,32,-12,766,1048,-3914,0,0
8,24,-4,771,1076,-3899,0,0
6,15,8,791,1094,-3907,0,0
-7,14,22,767,1058,-3906,0,0
39,28,30,763,1045,-3904,0,0
35,20,16,768,1054,-3897,0,0
17,5,2,786,1061,-3893,0,0
9,-13,-5,774,1058,-3897,0,0
14,-12,-9,777,1032,-3939,0,0
-4,17,-17,771,1061,-3911,0,0
-5,17,-18,784,1055,-3897,0,0
0,9,-20,775,1045,-3919,0,0
0,14,-21,755,1052,-3908,0,0
-3,4,-23,767,1037,-3911,0,0
-5,2,-23,781,1046,-3914,0,0
5,9,-12,772,1063,-3908,0,0
14,5,-3,776,1041,-3907,0,0
5,1,-7,776,1029,-3919,0,0
-3,5,-14,758,1068,-3906,0,0
4,10,-13,770,1041,-3920,0,0
7,18,-7,755,1043,-3912,0,0
13,17,-4,791,1051,-3899,0,0
8,16,3,794,1052,-3910,0,0
1,17,4,773,1057,-3893,0,0
1,-4,-1,778,1048,-3902,0,0
-3,-7,-8,767,1042,-3928,0,0
-14,8,-19,787,1078,-3909,0,0
-3,7,-19,798,1025,-3880,0,0
-12,0,-23,773,1061,-3894,0,0
-8,-4,-22,770,1070,-3923,0,0
0,12,-21,772,1062,-3908,0,0
-4,13,-25,782,1053,-3903,0,0
-8,7,-28,752,1064,-3909,0,0
-2,5,-17,776,1066,-3903,0,0
10,0,-1,774,1069,-3904,0,0
15,-2,3,792,1066,-3905,0,0
4,5,6,766,1057,-3913,0,0
-1,8,4,753,1080,-3899,0,0
-1,-3,-2,760,1059,-3910,0,0
-3,4,-13,762,1058,-3915,0,0
-3,12,-20,777,1078,-3907,0,0
6,11,-22,772,1069,-3911,0,0
17,4,-10,766,1034,-3904,0,0
-17,-43,7,760,1019,-3908,0,0
-40,-42,8,733,1089,-3920,0,0
-5,-15,11,770,1111,-3870,0,0
20,-31,23,749,1060,-3919,0,0
-8,-22,46,705,1131,-3905,0,0
16,-16,69,798,1171,-3844,0,0
44,-32,62,783,999,-3925,0,0
18,-13,37,736,971,-3940,0,0
15,-7,17,712,1042,-3914,0,0
18,-25,8,736,995,-3933,0,0
-24,-30,4,735,1048,-3926,0,0
-18,-17,5,743,1123,-3900,0,0
14,-5,7,747,1040,-3923,0,0
-16,5,-1,728,1051,-3926,0,0
-4,6,10,732,1059,-3907,0,0
26,6,-1,725,1019,-3930,0,0
-11,11,-36,684,1052,-3933,0,0
-21,13,-43,717,1056,-3934,0,0
-10,26,-46,733,1048,-3921,0,0
-22,33,-59,741,1074,-3902,0,0
-35,28,-44,762,1088,-3889,0,0
-13,23,-32,720,1097,-3929,0,0
6,44,-5,731,1083,-3915,0,0
20,37,30,786,1035,-3883,0,0
18,10,14,757,1081,-3908,0,0
15,22,-11,713,1122,-3928,0,0
8,42,-13,759,1039,-3919,0,0
-6,40,-19,761,1033,-3907,0,0
16,42,-15,757,1095,-3913,0,0
24,47,-8,802,1071,-3895,0,0
33,32,-2,795,1042,-3899,0,0
35,9,9,773,1044,-3890,0,0
26,-16,2,782,1054,-3915,0,0
3,-4,-1,786,1041,-3911,0,0
-7,-7,-9,775,1070,-3887,0,0
-9,-33,-28,802,1032,-3881,0,0
-1,-36,-56,781,1015,-3928,0,0
-71,-54,-57,736,1103,-3900,0,0
-86,-33,-37,783,1097,-3882,0,0
38,-20,-55,756,1057,-3934,0,0
-84,-52,-71,663,1182,-3900,0,0
-51,-30,-58,807,1098,-3828,0,0
33,-93,-85,878,1063,-3903,0,0
-145,-129,-77,614,1283,-3926,0,0
84,-50,40,532,1250,-3931,0,0
78,-42,91,601,1028,-3994,0,0
-422,-98,17,563,1020,-3905,0,0
-221,-28,20,517,1101,-3855,0,0
242,98,33,577,1023,-3993,0,0
99,72,-11,687,1164,-3947,0,0
-258,-9,-42,742,1407,-3758,0,0
48,8,29,752,1165,-3871,0,0
209,114,66,644,1062,-3915,0,0
338,110,97,699,1069,-3901,0,0
116,-40,47,800,1063,-3875,0,0
-28,-149,19,737,1097,-3896,0,0
-65,-189,8,730,1097,-3837,0,0
-108,-233,0,583,1137,-3958,0,0
15,-166,-6,442,1090,-4047,0,0
44,-44,16,436,1017,-4076,0,0
-51,62,29,523,1136,-3946,0,0
-36,62,38,579,1186,-3890,0,0
15,37,46,611,1080,-3947,0,0
16,63,29,620,1076,-3959,0,0
15,81,26,660,1135,-3898,0,0
67,78,35,685,1128,-3921,0,0
87,90,21,640,1039,-3939,0,0
3,86,9,646,1026,-3903,0,0
-21,73,-17,713,1056,-3906,0,0
5,56,-27,742,1162,-3895,0,0
40,44,-8,717,1171,-3884,0,0
32,53,-28,687,1093,-3933,0,0
9,91,-60,683,1041,-3951,0,0
-1,105,-69,712,1026,-3914,0,0
-9,77,-58,757,1034,-3904,0,0
7,49,-25,789,1078,-3880,0,0
32,12,4,803,1076,-3882,0,0
38,-17,13,724,1062,-3919,0,0
29,-10,3,679,1037,-3939,0,0
-2,11,-20,687,1046,-3940,0,0
-3,33,-24,742,1039,-3935,0,0
-4,47,-24,772,1068,-3899,0,0
22,40,-7,758,1083,-3893,0,0
28,32,-5,771,1055,-3902,0,0
-4,26,-26,776,1059,-3909,0,0
6,32,-23,765,1073,-3907,0,0
30,43,-9,761,1057,-3911,0,0
45,47,0,778,1039,-3906,0,0
40,34,2,794,1038,-3899,0,0
17,34,-19,770,1046,-3929,0,0
3,49,-36,808,1037,-3878,0,0
-11,15,-42,808,1034,-3883,0,0
-13,-3,-44,781,1038,-3932,0,0
-12,12,-30,824,1063,-3893,0,0
17,14,-3,787,1080,-3907,0,0
48,34,2,766,1013,-3938,0,0
15,60,-34,787,983,-3912,0,0
-8,51,-54,792,1027,-3909,0,0
-4,44,-35,808,1048,-3919,0,0
8,56,-13,834,1080,-3880,0,0
21,36,8,857,1062,-3860,0,0
23,8,11,846,1028,-3895,0,0
17,5,15,831,1037,-3900,0,0
49,12,27,821,1044,-3926,0,0
84,43,33,834,1030,-3901,0,0
72,37,30,861,999,-3870,0,0
94,18,22,846,981,-3915,0,0
53,16,6,860,950,-3908,0,0
-4,1,-14,854,969,-3890,0,0
-9,-8,-19,839,985,-3909,0,0
-14,-5,-19,852,984,-3916,0,0
-15,-6,-17,842,990,-3903,0,0
-15,-12,-19,852,987,-3916,0,0
-14,0,-18,823,953,-3925,0,0
-41,7,-45,825,986,-3884,0,0
-58,-19,-56,836,1027,-3902,0,0
-42,-11,-48,845,1038,-3913,0,0
-17,4,-30,846,1040,-3899,0,0
6,-5,-4,832,1010,-3902,0,0
10,-7,10,830,1017,-3914,0,0
18,-8,25,802,1045,-3881,0,0
25,-21,12,791,1019,-3931,0,0
-8,8,-27,809,1012,-3927,0,0
-24,28,-55,825,1037,-3887,0,0
-35,16,-65,842,1041,-3884,0,0
-36,-3,-59,830,1025,-3896,0,0
-32,-11,-52,792,1038,-3903,0,0
-37,-13,-56,798,1066,-3903,0,0
-24,0,-49,789,1059,-3938,0,0
-4,37,-24,793,1065,-3901,0,0
11,27,4,840,1068,-3873,0,0
23,4,20,824,1068,-3899,0,0
19,-10,18,806,1069,-3885,0,0
13,-30,4,793,1046,-3896,0,0
-8,-20,-14,815,1060,-3904,0,0
-34,-8,-35,802,1109,-3899,0,0
-20,-9,-46,788,1052,-3899,0,0
-22,-15,-44,777,1030,-3932,0,0
-17,16,-20,771,1015,-3940,0,0
-47,4,-32,759,1067,-3853,0,0
-33,-43,-30,782,1139,-3883,0,0
-15,-54,4,813,1117,-3887,0,0
-56,-54,14,800,1100,-3883,0,0
-193,-62,-13,729,1139,-3873,0,0
-85,-43,0,742,1189,-3882,0,0
-3,-39,51,702,1171,-3913,0,0
-9,-22,46,690,1141,-3898,0,0
-14,-2,-27,744,1128,-3894,0,0
-30,27,-57,774,1201,-3867,0,0
-10,38,-32,731,1190,-3874,0,0
56,60,-12,734,1141,-3879,0,0
119,71,-4,744,1051,-3895,0,0
94,51,-8,749,1074,-3900,0,0
30,37,-14,808,1188,-3884,0,0
120,79,12,791,1202,-3943,0,0
279,155,98,792,1093,-3896,0,0
280,73,171,845,889,-3792,0,0
42,-85,67,816,870,-3943,0,0
-126,-59,-81,762,1066,-4008,0,0
-87,41,-92,812,1158,-3904,0,0
-25,39,-33,846,1036,-3866,0,0
-92,-23,-12,822,978,-3881,0,0
-227,-57,-21,803,1075,-3870,0,0
-155,-72,-19,836,1095,-3894,0,0
-337,-99,-60,766,1173,-3867,0,0
-144,-34,-28,685,1205,-3886,0,0
106,47,30,705,1206,-3870,0,0
414,108,64,782,1087,-3912,0,0
350,95,29,837,954,-3917,0,0
17,27,-20,800,1094,-3873,0,0
9,2,-9,810,1101,-3899,0,0
38,6,0,805,1048,-3907,0,0
25,19,-7,811,1021,-3903,0,0
17,33,-5,801,1041,-3923,0,0
41,40,4,803,1039,-3914,0,0
48,33,5,821,1025,-3888,0,0
25,29,-8,826,1023,-3908,0,0
12,39,-29,827,1022,-3908,0,0
4,25,-43,853,1017,-3880,0,0
-4,10,-36,829,1019,-3904,0,0
-6,9,-29,824,1029,-3902,0,0
-1,10,-28,830,1026,-3918,0,0
1,16,-19,833,1025,-3905,0,0
23,0,-2,826,1010,-3907,0,0
25,7,6,836,1009,-3909,0,0
10,28,0,829,1028,-3906,0,0
11,33,-3,842,1031,-3900,0,0
13,20,-9,846,1013,-3891,0,0
-7,-6,-26,840,1010,-3889,0,0
-14,-8,-22,845,1015,-3912,0,0
-7,6,-15,829,1027,-3898,0,0
3,4,-13,832,1037,-3901,0,0
11,5,-9,835,1024,-3912,0,0
8,11,-10,819,1014,-3894,0,0
8,2,-8,847,1009,-3905,0,0
20,5,6,827,1023,-3912,0,0
24,15,2,837,1020,-3902,0,0
17,20,-5,839,1017,-3905,0,0
14,24,-3,844,1008,-3897,0,0
12,9,2,846,987,-3907,0,0
5,3,3,835,987,-3916,0,0
-2,8,0,843,1008,-3911,0,0
9,9,8,845,1043,-3885,0,0
46,11,22,832,1001,-3929,0,0
45,35,17,846,975,-3917,0,0
23,40,-2,870,1001,-3880,0,0
8,17,-7,880,1001,-3893,0,0
16,-3,4,857,971,-3900,0,0
11,-10,3,851,970,-3916,0,0
-14,-5,-10,870,989,-3902,0,0
-19,2,-21,849,1007,-3910,0,0
-15,12,-35,838,1011,-3908,0,0
-19,15,-45,849,987,-3899,0,0
-39,14,-66,859,981,-3919,0,0
-16,35,-56,878,1006,-3925,0,0
101,49,70,914,1048,-3860,0,0
235,-11,210,869,981,-3856,0,0
172,-58,148,793,882,-3958,0,0
34,21,-33,764,908,-4009,0,0
-92,83,-136,930,893,-3874,0,0
-102,18,-120,986,915,-3857,0,0
-57,-39,-41,893,992,-3919,0,0
27,-13,27,828,1002,-3935,0,0
63,18,44,852,965,-3906,0,0
27,-3,16,866,918,-3887,0,0
-30,-27,-32,847,931,-3960,0,0
-36,19,-40,845,934,-3939,0,0
-63,10,-55,863,945,-3842,0,0
-112,-52,-99,854,1000,-3944,0,0
-90,8,-87,845,1006,-3974,0,0
-58,56,-38,878,961,-3865,0,0
-45,0,-14,830,1017,-3868,0,0
-23,-24,1,851,1075,-3912,0,0
5,11,14,857,1096,-3887,0,0
96,33,35,858,1057,-3886,0,0
54,42,-10,888,1036,-3909,0,0
33,72,-40,866,1058,-3899,0,0
97,69,5,858,996,-3841,0,0
19,-38,6,899,806,-3850,0,0
-160,-138,-53,816,922,-3947,0,0
-176,-112,-40,800,1096,-3940,0,0
-85,-40,-10,820,1114,-3921,0,0
-8,21,-20,849,1062,-3871,0,0
-58,-10,-49,837,1086,-3823,0,0
-24,-51,-33,789,1111,-3913,0,0
94,-6,43,760,1105,-3909,0,0
125,7,60,802,999,-3895,0,0
13,9,-26,804,994,-3954,0,0
-120,39,-119,844,1054,-3875,0,0
-107,23,-131,834,1086,-3885,0,0
-76,34,-138,793,1080,-3915,0,0
-98,63,-151,798,1154,-3878,0,0
-58,47,-124,804,1163,-3837,0,0
-8,27,-70,816,1117,-3872,0,0
12,8,7,801,1185,-3831,0,0
-17,-63,40,837,1181,-3828,0,0
-63,-140,39,784,1008,-3914,0,0
-151,-126,-27,701,1073,-3955,0,0
-177,-69,-68,752,1269,-3847,0,0
-43,-29,-38,772,1349,-3862,0,0
64,77,3,751,1258,-3911,0,0
133,171,48,783,1258,-3858,0,0
266,181,113,814,1141,-3879,0,0
234,164,74,819,962,-3872,0,0
24,98,-54,827,999,-3843,0,0
-68,31,-120,828,1106,-3855,0,0
-76,2,-115,879,1147,-3829,0,0
-40,-18,-81,826,1182,-3881,0,0
9,16,-57,824,1157,-3896,0,0
15,47,-43,839,1138,-3885,0,0
16,47,-10,852,1092,-3844,0,0
8,8,9,843,1108,-3868,0,0
30,-17,62,785,1135,-3848,0,0
60,-55,103,941,1117,-3847,0,0
100,-46,134,910,1219,-3873,0,0
156,-8,139,824,1192,-3839,0,0
79,-14,36,825,968,-3916,0,0
-85,-3,-105,784,903,-3950,0,0
-125,-1,-115,801,1004,-3903,0,0
-45,9,-62,827,1131,-3925,0,0
0,72,-35,848,1200,-3852,0,0
38,58,-13,869,1116,-3814,0,0
27,9,-11,836,1040,-3903,0,0
-40,-4,-16,823,1050,-3871,0,0
-68,-37,-25,868,1106,-3859,0,0
-58,-39,-14,886,1158,-3886,0,0
-27,-11,19,826,1210,-3829,0,0
-66,-63,15,895,1115,-3823,0,0
-59,-89,13,768,1112,-3928,0,0
-8,-34,39,783,1230,-3873,0,0
124,-1,97,810,1187,-3870,0,0
171,40,85,801,1064,-3933,0,0
139,97,12,810,1056,-3900,0,0
32,95,-60,862,1104,-3864,0,0
-2,71,-73,889,1020,-3880,0,0
-32,49,-72,838,1012,-3855,0,0
-14,-10,-23,829,1096,-3848,0,0
9,-44,-1,844,1076,-3895,0,0
-96,-47,-62,889,1073,-3843,0,0
-119,-66,-88,796,1191,-3907,0,0
-54,-10,-52,793,1134,-3936,0,0
-4,63,-32,862,1098,-3886,0,0
-19,52,-17,838,1194,-3774,0,0
-2,-49,9,861,1112,-3837,0,0
17,-53,15,772,1102,-3955,0,0
27,26,21,802,1201,-3857,0,0
91,30,48,852,1165,-3863,0,0
97,47,39,823,1087,-3896,0,0
33,58,-11,834,1072,-3871,0,0
-7,37,-40,840,1087,-3863,0,0
-39,11,-63,872,1052,-3855,0,0
-92,-30,-83,838,1126,-3858,0,0
-40,-37,-44,805,1149,-3896,0,0
4,-6,2,829,1120,-3887,0,0
41,17,38,823,1143,-3877,0,0
72,25,65,844,1142,-3850,0,0
86,0,81,842,1074,-3861,0,0
43,-17,38,805,1054,-3902,0,0
-41,-7,-41,825,1076,-3891,0,0
-74,7,-83,843,1113,-3871,0,0
-49,18,-74,834,1137,-3875,0,0
-2,36,-35,820,1162,-3870,0,0
34,29,-2,861,1131,-3845,0,0
33,13,-15,831,1076,-3902,0,0
-15,36,-59,824,1127,-3875,0,0
-23,41,-68,878,1158,-3851,0,0
10,30,-37,855,1110,-3869,0,0
5,18,-22,833,1090,-3863,0,0
4,-3,-14,831,1143,-3867,0,0
10,-7,-7,859,1129,-3868,0,0
1,-12,-12,827,1125,-3868,0,0
26,-1,2,810,1137,-3881,0,0
32,4,16,868,1116,-3856,0,0
40,4,19,825,1113,-3901,0,0
45,39,19,848,1091,-3886,0,0
44,44,15,863,1104,-3864,0,0
58,34,25,848,1086,-3879,0,0
44,34,18,878,1059,-3864,0,0
-10,6,-17,870,1057,-3858,0,0
-40,-11,-42,854,1087,-3891,0,0
-36,3,-32,857,1108,-3858,0,0
-21,-11,-18,860,1095,-3863,0,0
-8,-17,-7,845,1101,-3881,0,0
11,-16,18,844,1098,-3867,0,0
11,-31,20,888,1068,-3885,0,0
-20,-2,-10,834,1130,-3907,0,0
-11,29,-7,858,1130,-3842,0,0
14,9,1,855,1088,-3886,0,0
4,18,-9,821,1087,-3887,0,0
-6,20,-24,855,1121,-3853,0,0
-2,10,-26,875,1104,-3878,0,0
16,22,-13,825,1109,-3881,0,0
44,24,12,861,1098,-3868,0,0
35,15,9,899,1054,-3859,0,0
-6,-1,-22,851,1086,-3872,0,0
-16,7,-25,841,1085,-3896,0,0
2,14,-6,874,1067,-3870,0,0
10,2,-1,855,1129,-3852,0,0
38,13,16,872,1119,-3886,0,0
40,29,14,845,1088,-3862,0,0
36,24,7,882,1071,-3867,0,0
32,23,10,879,1043,-3874,0,0
7,11,-2,855,1068,-3868,0,0
3,-4,-11,889,1091,-3872,0,0
5,-3,-16,869,1070,-3885,0,0
6,12,-17,865,1076,-3887,0,0
12,11,-5,871,1053,-3860,0,0
0,-8,-16,872,1058,-3887,0,0
-16,2,-34,854,1104,-3888,0,0
-11,17,-38,876,1092,-3868,0,0
-34,20,-57,864,1057,-3890,0,0
-50,32,-67,859,1076,-3878,0,0
-14,29,-39,858,1126,-3856,0,0
30,20,-7,872,1087,-3884,0,0
39,36,11,880,1103,-3872,0,0
39,24,30,893,1071,-3842,0,0
42,-10,37,891,1037,-3882,0,0
22,-7,23,870,1090,-3879,0,0
13,-11,2,894,1088,-3860,0,0
6,-7,-4,889,1064,-3867,0,0
19,-10,-8,866,1066,-3897,0,0
34,-2,-12,877,1060,-3873,0,0
15,10,-4,891,1060,-3860,0,0
1,1,-14,883,1045,-3871,0,0
-10,-4,-26,865,1068,-3869,0,0
-12,4,-25,864,1061,-3899,0,0
-21,21,-26,875,1072,-3866,0,0
-10,-5,-29,863,1088,-3860,0,0
2,-20,-28,849,1041,-3908,0,0
-4,6,-13,874,1071,-3873,0,0
7,14,-2,868,1105,-3883,0,0
14,20,-5,867,1070,-3874,0,0
17,7,-3,845,1054,-3873,0,0
6,-3,-3,887,1038,-3883,0,0
-29,-5,-19,876,1099,-3862,0,0
-1,-1,-6,846,1105,-3895,0,0
17,33,9,876,1077,-3881,0,0
27,29,20,865,1065,-3855,0,0
35,2,20,876,1023,-3886,0,0
-14,0,-11,882,1088,-3866,0,0
-22,-10,-27,880,1112,-3865,0,0
3,-4,-12,877,1034,-3872,0,0
0,-16,-15,844,1039,-3878,0,0
-18,-20,-21,863,1100,-3877,0,0
2,-13,-12,862,1108,-3882,0,0
18,-8,-11,866,1050,-3885,0,0
-7,2,-25,836,1073,-3901,0,0
-2,31,-13,863,1090,-3895,0,0
13,47,-15,874,1080,-3867,0,0
3,23,-20,866,1043,-3879,0,0
-9,7,-39,828,1065,-3895,0,0
-12,7,-42,868,1101,-3843,0,0
-7,-16,-36,906,1076,-3868,0,0
7,-4,-23,818,1114,-3917,0,0
47,26,11,846,1066,-3879,0,0
48,10,14,858,1030,-3855,0,0
-23,-24,-16,877,1056,-3849,0,0
-48,-53,-36,854,1106,-3856,0,0
-39,-82,-24,853,1128,-3847,0,0
-6,-81,3,805,1098,-3928,0,0
-7,-22,11,800,1110,-3901,0,0
16,2,15,825,1127,-3885,0,0
59,37,36,814,1093,-3929,0,0
57,83,33,828,1042,-3870,0,0
8,53,-21,855,1044,-3865,0,0
-11,35,-49,840,1065,-3899,0,0
-21,28,-51,852,1083,-3839,0,0
-31,-15,-69,861,1087,-3882,0,0
-13,8,-44,799,1080,-3917,0,0
4,30,-7,846,1071,-3854,0,0
7,-2,4,852,1079,-3882,0,0
-12,0,-3,819,1081,-3888,0,0
-23,3,-16,846,1091,-3886,0,0
-13,14,-14,827,1113,-3889,0,0
3,27,-3,842,1098,-3875,0,0
4,20,0,864,1081,-3858,0,0
-7,2,-6,835,1111,-3864,0,0
-22,-17,-30,842,1116,-3870,0,0
-61,-24,-85,892,1088,-3847,0,0
-121,-50,-130,871,1193,-3825,0,0
-18,-50,-29,778,1171,-3922,0,0
190,70,197,730,1157,-4015,0,0
344,142,334,874,1016,-3811,0,0
232,49,173,861,894,-3857,0,0
-205,3,-163,904,1000,-3868,0,0
-334,-19,-316,928,1119,-3863,0,0
-58,55,-153,793,1260,-3993,0,0
289,201,190,772,1244,-3842,0,0
255,96,219,997,798,-3721,0,0
-212,-115,-136,1082,792,-3888,0,0
-267,-69,-243,867,1240,-4010,0,0
153,125,104,678,1413,-3884,0,0
335,127,289,936,1016,-3726,0,0
27,-58,74,1142,717,-3811,0,0
-145,-68,-125,914,1064,-4111,0,0
168,155,122,798,1188,-3883,0,0
199,66,208,975,793,-3605,0,0
-193,-230,-52,1041,835,-3877,0,0
-314,-218,-175,930,1182,-3967,0,0
-12,-56,-42,773,1321,-3888,0,0
239,56,57,779,1075,-4025,0,0
130,182,-17,897,816,-3973,0,0
-85,167,-125,931,869,-3778,0,0
-110,6,-113,895,979,-3828,0,0
-27,-58,-23,954,1086,-3907,0,0
17,-17,39,1011,1150,-3819,0,0
46,-46,48,915,1109,-3818,0,0
105,-41,61,892,1037,-3980,0,0
104,32,88,855,1026,-3858,0,0
66,-22,70,815,885,-3869,0,0
-100,-72,-73,877,863,-3942,0,0
-211,-37,-203,890,1036,-3945,0,0
-167,37,-187,901,1109,-3907,0,0
-51,81,-81,870,1111,-3854,0,0
44,56,27,913,1109,-3822,0,0
107,23,82,912,1119,-3858,0,0
83,26,57,869,1074,-3894,0,0
22,38,2,955,986,-3878,0,0
-30,33,-51,928,1034,-3844,0,0
2,1,-15,859,1075,-3858,0,0
72,-5,51,896,1011,-3909,0,0
60,14,33,950,1002,-3842,0,0
-20,-28,-42,903,998,-3857,0,0
-78,-44,-96,863,1012,-3912,0,0
-86,-23,-93,928,1094,-3843,0,0
-10,-12,-78,868,1126,-3913,0,0
34,50,-55,817,1035,-3937,0,0
-16,83,-73,916,1037,-3828,0,0
-48,12,-89,926,1089,-3821,0,0
-12,-37,-35,874,1057,-3901,0,0
21,-6,10,842,1118,-3896,0,0
37,26,28,884,1118,-3873,0,0
49,32,42,892,1050,-3868,0,0
25,9,28,885,1041,-3857,0,0
7,-16,4,925,1062,-3878,0,0
22,8,10,875,1052,-3923,0,0
58,54,52,923,1051,-3869,0,0
142,36,121,972,1060,-3817,0,0
153,-12,129,892,1003,-3882,0,0
39,-13,37,853,928,-3919,0,0
-82,7,-86,891,942,-3905,0,0
-125,5,-130,879,1021,-3886,0,0
-100,3,-119,926,1012,-3875,0,0
-100,-3,-111,951,1089,-3859,0,0
-22,13,-43,890,1158,-3895,0,0
66,58,47,879,1101,-3871,0,0
76,47,73,922,1031,-3845,0,0
29,9,40,960,940,-3892,0,0
-82,-2,-42,924,947,-3855,0,0
-144,-56,-87,862,1124,-3827,0,0
-81,-88,-51,894,1186,-3880,0,0
-5,-29,6,926,1188,-3860,0,0
59,-4,47,879,1100,-3871,0,0
55,-51,44,862,1024,-3856,0,0
7,-82,28,879,1059,-3881,0,0
-13,-45,-6,838,1052,-3924,0,0
-17,17,-63,817,1054,-3911,0,0
-24,72,-129,821,1054,-3877,0,0
-53,49,-168,866,1095,-3803,0,0
10,-41,-148,857,1031,-3890,0,0
-9,-57,-114,851,1080,-3889,0,0
13,-44,-113,800,1070,-3880,0,0
115,-31,-129,806,1049,-3937,0,0
-13,-8,-128,771,1208,-3891,0,0
-56,9,-99,814,1172,-3862,0,0
-2,-5,-94,864,1119,-3884,0,0
101,-29,-65,706,1157,-3961,0,0
136,-42,-15,798,1404,-4021,0,0
774,-73,103,838,1217,-4069,0,0
1084,-115,139,850,783,-4087,0,0
640,-149,72,809,680,-4087,0,0
361,-211,72,658,600,-3894,0,0
400,-240,83,551,452,-3851,0,0
318,-214,31,541,395,-4028,0,0
204,-131,-13,245,501,-4043,0,0
113,-176,48,606,553,-3939,0,0
272,-156,94,727,296,-4036,0,0
139,-59,22,682,269,-4163,0,0
-211,151,-44,599,469,-4019,0,0
-273,253,-54,550,514,-3971,0,0
-213,268,-23,529,492,-4016,0,0
-89,220,38,499,352,-4009,0,0
-29,179,7,564,236,-3908,0,0
-189,124,-125,621,421,-3960,0,0
-342,110,-207,684,788,-4143,0,0
-414,108,-190,834,853,-4024,0,0
-305,35,-160,837,872,-3985,0,0
-215,-41,-125,751,952,-4108,0,0
-189,-52,-67,743,798,-3996,0,0
-340,-63,-94,717,765,-3998,0,0
-634,-35,-164,648,1100,-4096,0,0
-492,59,-107,690,1212,-3948,0,0
-215,38,-39,682,1244,-3816,0,0
-97,-40,-16,613,1192,-3869,0,0
2,-62,8,669,1099,-3912,0,0
97,-71,40,681,966,-3985,0,0
57,-12,34,651,1038,-3995,0,0
-19,32,21,742,1146,-3856,0,0
4,-39,27,694,1126,-3875,0,0
-53,-111,17,635,1086,-3909,0,0
-79,-127,27,583,1093,-3995,0,0
-5,-67,38,678,1023,-3955,0,0
-46,-58,32,638,1085,-3948,0,0
3,-14,29,573,1138,-3974,0,0
19,54,13,626,1158,-3924,0,0
27,65,15,632,1130,-3920,0,0
35,67,7,613,1105,-3929,0,0
34,70,-8,635,1122,-3923,0,0
32,88,-30,671,1147,-3949,0,0
98,158,-21,717,1118,-3975,0,0
160,229,4,768,1084,-3908,0,0
191,224,44,745,1040,-3923,0,0
128,194,78,776,997,-3889,0,0
-17,109,119,809,1073,-3796,0,0
106,13,113,769,906,-3902,0,0
29,-34,58,763,886,-3878,0,0
-67,-95,-32,776,953,-3877,0,0
-107,-149,-65,837,1067,-3914,0,0
-55,-117,-45,761,1085,-3998,0,0
-1,-18,-30,796,1026,-3956,0,0
12,43,-40,739,1017,-3925,0,0
8,21,-13,711,1068,-3862,0,0
45,-63,32,728,941,-3937,0,0
28,-52,19,733,925,-3995,0,0
-21,-4,-3,764,1037,-3909,0,0
-17,-22,-9,745,1025,-3916,0,0
-26,-35,-15,727,993,-3952,0,0
-36,-26,-15,697,1028,-3925,0,0
-45,-34,-21,717,1041,-3920,0,0
-70,-39,-32,722,1066,-3920,0,0
-51,-36,-11,718,1084,-3923,0,0
0,-26,32,685,1070,-3937,0,0
42,-14,75,690,1067,-3944,0,0
70,-10,108,713,1041,-3929,0,0
55,2,66,660,1001,-3950,0,0
-31,4,-35,700,975,-3911,0,0
-130,-41,-99,714,988,-3918,0,0
-149,-68,-78,644,1098,-3958,0,0
-45,-11,-22,674,1149,-3955,0,0
32,45,15,698,1145,-3901,0,0
72,36,37,687,1063,-3919,0,0
58,31,40,679,1049,-3936,0,0
44,31,16,707,1073,-3930,0,0
22,34,0,759,1066,-3906,0,0
1,35,-29,634,1024,-3933,0,0
-34,9,-100,617,984,-3927,0,0
-53,-12,-106,677,1015,-3937,0,0
-43,14,-43,739,1101,-3935,0,0
24,42,39,776,1172,-3894,0,0
104,50,78,770,1113,-3906,0,0
90,53,45,719,1042,-3927,0,0
31,34,-3,603,950,-3910,0,0
-60,-26,-74,646,950,-3900,0,0
-127,-78,-121,706,1086,-3940,0,0
-72,-53,-79,741,1141,-3955,0,0
19,-1,-10,773,1157,-3903,0,0
102,-3,52,662,1091,-3949,0,0
132,32,72,629,993,-3942,0,0
57,13,13,692,968,-3885,0,0
-59,-52,-37,684,998,-3934,0,0
-68,-48,-34,661,1073,-3952,0,0
-25,-26,-24,679,1159,-3914,0,0
37,-12,-5,676,1107,-3935,0,0
44,-2,13,671,1004,-3947,0,0
-11,-16,-13,648,1015,-3894,0,0
-64,-62,-49,657,1022,-3924,0,0
-150,-59,-70,680,1081,-3948,0,0
-114,-32,-36,687,1218,-3945,0,0
-2,-8,13,670,1121,-3914,0,0
51,-1,24,573,1090,-3950,0,0
53,34,-4,499,1070,-3970,0,0
16,53,-35,537,1055,-3938,0,0
14,50,-46,571,1040,-3964,0,0
36,85,-18,562,1074,-4001,0,0
29,120,73,690,1183,-3884,0,0
49,77,139,830,1130,-3867,0,0
74,52,116,998,1033,-3828,0,0
40,-40,37,816,1076,-3821,0,0
5,-127,-6,632,1076,-3997,0,0
-50,-47,-58,667,981,-3950,0,0
-38,-36,-140,565,1045,-3922,0,0
-122,-40,-160,442,1101,-4025,0,0
-184,-4,-148,553,1091,-3975,0,0
-281,-42,-109,604,1216,-3823,0,0
-245,-71,-16,703,1172,-3915,0,0
-210,-28,-10,721,1208,-3888,0,0
-136,-14,11,612,1316,-3892,0,0
-232,-8,42,534,1284,-3894,0,0
-142,8,59,619,1224,-3823,0,0
-35,-17,33,626,1416,-3817,0,0
-139,-78,4,593,1393,-3846,0,0
-255,-61,-4,558,1288,-3860,0,0
-246,-33,-14,539,1421,-3808,0,0
-83,8,-12,542,1408,-3817,0,0
149,79,-8,629,1436,-3810,0,0
263,76,-7,640,1518,-3756,0,0
282,67,-7,576,1378,-3886,0,0
130,64,-13,618,1217,-3887,0,0
20,31,-31,639,1259,-3823,0,0
-14,-26,-26,606,1388,-3840,0,0
17,-42,2,602,1365,-3868,0,0
35,4,6,655,1268,-3878,0,0
-1,31,-12,591,1319,-3860,0,0
33,30,-5,551,1325,-3904,0,0
85,84,31,649,1267,-3882,0,0
169,92,27,686,1243,-3861,0,0
211,112,18,581,1254,-3967,0,0
277,225,11,694,1080,-3896,0,0
296,185,-16,745,1006,-3843,0,0
252,120,-49,623,905,-4027,0,0
199,171,-100,731,870,-3947,0,0
92,120,-186,858,988,-3820,0,0
93,45,-214,801,1111,-3857,0,0
-61,-21,-207,796,1327,-3823,0,0
-205,-70,-128,778,1480,-3793,0,0
-103,-86,-45,754,1379,-3828,0,0
26,-62,10,699,1206,-3916,0,0
-1,-26,40,676,1158,-3892,0,0
-28,-34,73,699,1156,-3905,0,0
26,5,70,774,1042,-3932,0,0
3,29,35,736,1094,-3890,0,0
-28,17,62,707,1299,-3868,0,0
43,10,120,733,1186,-3879,0,0
107,-3,134,789,1040,-3866,0,0
98,-34,78,769,987,-3939,0,0
-115,-41,32,718,1168,-3868,0,0
17,-78,24,679,1121,-3915,0,0
69,-81,33,696,1036,-3936,0,0
41,-57,22,688,989,-3964,0,0
5,-32,7,713,1005,-3907,0,0
38,-75,0,690,1002,-3905,0,0
68,-117,15,639,1036,-3922,0,0
97,-95,30,631,1059,-3998,0,0
-23,-31,36,641,1120,-3958,0,0
-48,-21,63,671,1123,-3906,0,0
18,-71,96,664,1237,-3877,0,0
110,-50,89,566,794,-4022,0,0
40,-1,22,577,756,-3997,0,0
-79,-17,1,583,1072,-3930,0,0
-98,-41,-9,624,1096,-3952,0,0
-141,-34,-45,624,1082,-3942,0,0
-73,-14,-59,577,1072,-3964,0,0
-95,26,-59,604,1074,-3950,0,0
-100,50,-63,666,1122,-3926,0,0
-68,60,-45,614,1174,-3917,0,0
-21,62,-23,580,1120,-3920,0,0
-9,62,-15,595,1114,-3926,0,0
-12,68,0,661,1141,-3913,0,0
1,68,13,665,1159,-3892,0,0
-9,43,-4,676,1145,-3878,0,0
-23,17,-16,675,1152,-3900,0,0
-23,9,-10,686,1159,-3885,0,0
-10,-7,-7,669,1143,-3910,0,0
-9,7,-9,676,1163,-3914,0,0
-9,25,-20,706,1205,-3880,0,0
-5,13,-36,679,1162,-3883,0,0
4,4,-48,670,1195,-3918,0,0
21,28,-59,663,1194,-3900,0,0
27,25,-42,641,1150,-3886,0,0
8,11,-8,648,1112,-3909,0,0
23,14,34,617,1116,-3931,0,0
34,21,43,646,1079,-3890,0,0
-9,4,-1,679,1112,-3906,0,0
-42,7,-47,672,1129,-3925,0,0
-20,30,-61,680,1176,-3917,0,0
11,50,-22,658,1227,-3894,0,0
32,50,4,663,1192,-3887,0,0
26,37,3,694,1130,-3876,0,0
-7,3,-10,706,1123,-3880,0,0
-18,-22,-11,717,1153,-3899,0,0
0,-12,6,701,1191,-3906,0,0
28,14,15,689,1164,-3909,0,0
36,39,20,704,1105,-3932,0,0
18,58,12,697,1136,-3871,0,0
14,24,7,703,1166,-3874,0,0
23,14,17,713,1152,-3915,0,0
45,39,34,716,1148,-3901,0,0
53,39,32,722,1121,-3879,0,0
42,14,25,722,1065,-3911,0,0
4,6,3,721,1079,-3896,0,0
-22,-1,-24,742,1131,-3900,0,0
-2,4,-25,726,1139,-3908,0,0
21,18,-20,730,1125,-3894,0,0
30,15,-10,731,1090,-3890,0,0
70,-6,5,737,1100,-3885,0,0
144,-42,-5,718,1004,-3935,0,0
56,-11,-30,700,1081,-3915,0,0
117,9,-39,692,1055,-3918,0,0
77,15,-34,648,1045,-3986,0,0
-56,31,10,744,1179,-3868,0,0
121,-26,38,779,875,-3925,0,0
188,-31,41,719,974,-3966,0,0
-65,-7,48,732,1311,-3877,0,0
25,0,66,729,1009,-3937,0,0
80,30,28,709,788,-3971,0,0
-16,22,1,697,1039,-3921,0,0
22,19,-25,724,984,-3950,0,0
28,2,-3,723,972,-3945,0,0
7,-5,36,714,1089,-3931,0,0
71,5,49,755,957,-3936,0,0
94,4,23,735,784,-3969,0,0
11,-1,27,723,1073,-3921,0,0
25,-10,18,749,979,-3928,0,0
119,-21,25,720,819,-3996,0,0
29,-4,55,711,1057,-3948,0,0
25,6,59,763,982,-3914,0,0
90,10,42,752,759,-4003,0,0
-27,22,5,710,869,-3962,0,0
-60,22,2,716,1004,-3960,0,0
-38,66,-5,767,851,-3988,0,0
85,167,-9,769,855,-4007,0,0
267,218,-21,799,846,-4014,0,0
272,231,-41,806,780,-3973,0,0
399,245,-34,812,765,-3921,0,0
475,197,-38,873,440,-4103,0,0
341,293,-123,901,370,-4113,0,0
269,321,-223,949,643,-3784,0,0
251,156,-286,1015,488,-3898,0,0
156,73,-291,1048,557,-3968,0,0
-108,34,-262,1043,751,-3887,0,0
-270,30,-251,1161,842,-3903,0,0
-213,2,-230,1121,786,-3858,0,0
-315,-46,-197,933,723,-3840,0,0
-516,-21,-143,979,1253,-3969,0,0
-93,-5,-31,999,1043,-3783,0,0
-106,-125,61,916,832,-3927,0,0
-96,-88,56,900,643,-4052,0,0
-83,2,-9,997,897,-3856,0,0
-101,-17,-35,1015,911,-3911,0,0
-89,-12,-54,948,984,-3855,0,0
-13,-45,-25,871,1066,-3875,0,0
-115,-46,-5,928,885,-3942,0,0
-140,-47,-24,972,958,-3837,0,0
-337,-143,-33,864,1117,-3852,0,0
-489,-169,-12,835,1128,-3897,0,0
-448,-142,-2,856,1233,-3812,0,0
-340,-127,13,813,1201,-3849,0,0
-70,-69,5,796,1145,-3862,0,0
68,-29,-15,801,1196,-3875,0,0
5,-14,-26,771,1272,-3856,0,0
-9,-8,-27,784,1274,-3827,0,0
-27,-1,-19,782,1331,-3816,0,0
13,8,13,797,1248,-3877,0,0
19,30,21,820,1153,-3859,0,0
-16,18,14,797,1248,-3820,0,0
10,-5,39,795,1310,-3816,0,0
40,-18,73,810,1292,-3834,0,0
35,-1,72,846,1179,-3855,0,0
2,-8,19,804,1145,-3816,0,0
-1,-44,-2,724,1224,-3888,0,0
29,-11,13,791,1161,-3893,0,0
-4,19,2,873,1181,-3818,0,0
-14,-12,-4,766,1289,-3835,0,0
23,-7,18,745,1296,-3852,0,0
25,19,21,829,1205,-3851,0,0
-10,25,-6,853,1171,-3828,0,0
-18,-13,-21,795,1234,-3836,0,0
18,-33,-6,745,1223,-3890,0,0
5,5,-5,827,1208,-3822,0,0
-59,-48,-7,864,1273,-3739,0,0
-132,-164,9,759,1197,-3868,0,0
-219,-160,10,675,1262,-3920,0,0
-77,-50,-2,718,1325,-3890,0,0
12,42,-12,734,1342,-3830,0,0
18,45,-11,746,1318,-3801,0,0
12,13,-14,743,1242,-3852,0,0
2,12,-28,709,1272,-3860,0,0
11,29,-18,726,1335,-3836,0,0
17,33,7,762,1336,-3806,0,0
35,14,32,759,1307,-3828,0,0
21,3,61,786,1255,-3858,0,0
4,-3,29,777,1188,-3847,0,0
13,-20,5,724,1254,-3856,0,0
31,-19,17,755,1285,-3837,0,0
61,-37,10,793,1283,-3805,0,0
130,-61,6,772,1327,-3822,0,0
179,-87,61,710,1315,-3852,0,0
238,-71,84,705,1144,-3885,0,0
89,-32,52,676,1166,-3952,0,0
-36,40,4,604,1061,-3938,0,0
-71,84,-25,697,1066,-3900,0,0
-102,73,-36,783,1118,-3864,0,0
-84,40,-17,788,1201,-3858,0,0
-68,14,-1,769,1250,-3836,0,0
-46,-8,1,741,1282,-3856,0,0
-15,4,10,735,1259,-3865,0,0
-9,20,4,739,1229,-3859,0,0
-13,24,-18,739,1228,-3859,0,0
-27,27,-38,737,1238,-3858,0,0
-25,18,-31,776,1217,-3853,0,0
-13,10,-26,789,1182,-3869,0,0
-20,12,-25,766,1233,-3846,0,0
-4,0,-11,728,1296,-3849,0,0
23,11,17,724,1285,-3845,0,0
14,18,7,788,1247,-3836,0,0
7,9,2,770,1215,-3864,0,0
7,16,0,721,1252,-3855,0,0
10,22,-2,755,1224,-3860,0,0
-21,18,-31,786,1211,-3821,0,0
-35,-6,-53,744,1271,-3860,0,0
-13,14,-30,748,1290,-3854,0,0
15,32,-9,800,1269,-3833,0,0
25,21,6,773,1243,-3842,0,0
31,18,12,766,1200,-3869,0,0
20,33,0,778,1229,-3850,0,0
-8,19,0,750,1296,-3826,0,0
13,3,18,786,1237,-3851,0,0
0,6,17,795,1216,-3836,0,0
-15,-4,9,779,1237,-3850,0,0
-11,4,7,786,1244,-3846,0,0
3,9,5,759,1266,-3838,0,0
16,14,5,759,1260,-3863,0,0
11,35,0,817,1249,-3833,0,0
9,26,-10,834,1252,-3816,0,0
12,22,-21,782,1215,-3863,0,0
-9,21,-21,775,1198,-3831,0,0
-9,-10,-7,788,1229,-3862,0,0
3,2,7,798,1259,-3848,0,0
10,19,-3,797,1260,-3821,0,0
13,13,-14,795,1242,-3834,0,0
4,19,-19,788,1232,-3849,0,0
-6,35,-29,808,1244,-3839,0,0
-7,27,-34,800,1288,-3810,0,0
10,7,-21,796,1256,-3847,0,0
1,6,-16,837,1191,-3836,0,0
-45,-11,-24,814,1236,-3830,0,0
-26,-33,-14,782,1246,-3863,0,0
11,-3,15,781,1260,-3869,0,0
19,21,13,806,1282,-3807,0,0
23,7,-1,761,1298,-3831,0,0
38,31,3,783,1208,-3875,0,0
5,36,-12,826,1201,-3818,0,0
-17,-1,-22,818,1257,-3827,0,0
-31,-4,-21,832,1238,-3828,0,0
-39,-16,-21,817,1279,-3818,0,0
-11,-41,-12,783,1295,-3829,0,0
11,-41,-10,792,1245,-3848,0,0
-2,-16,-9,819,1257,-3852,0,0
-2,-3,-30,824,1262,-3838,0,0
3,-25,-46,742,1266,-3814,0,0
5,-18,-40,673,1279,-3865,0,0
0,31,-24,715,1242,-3871,0,0
-10,68,-26,771,1222,-3858,0,0
-34,52,-35,759,1262,-3828,0,0
-28,24,-13,801,1312,-3832,0,0
-19,26,9,885,1332,-3793,0,0
-6,16,9,867,1325,-3764,0,0
29,-16,8,802,1324,-3839,0,0
127,39,65,752,1307,-3917,0,0
211,104,153,761,1194,-3832,0,0
127,41,116,809,1063,-3787,0,0
-82,-43,-55,808,1143,-3841,0,0
-165,-40,-140,812,1304,-3859,0,0
-76,2,-84,851,1359,-3823,0,0
10,19,-24,866,1269,-3824,0,0
22,21,-14,779,1171,-3854,0,0
-40,-9,-41,796,1238,-3798,0,0
-66,-62,-58,863,1306,-3820,0,0
-31,-33,-55,806,1336,-3845,0,0
12,11,-30,785,1323,-3807,0,0
44,3,-7,748,1228,-3857,0,0
22,5,-21,739,1178,-3867,0,0
-18,7,-36,719,1297,-3851,0,0
-19,13,-33,789,1317,-3813,0,0
-27,7,-67,870,1282,-3810,0,0
-42,6,-88,766,1330,-3829,0,0
-18,15,-53,691,1327,-3855,0,0
-13,40,-26,782,1252,-3843,0,0
-28,43,-27,825,1278,-3802,0,0
0,17,11,803,1344,-3802,0,0
34,20,53,819,1328,-3819,0,0
46,37,61,817,1350,-3792,0,0
66,28,56,787,1314,-3826,0,0
54,38,34,826,1244,-3816,0,0
25,12,17,810,1276,-3803,0,0
18,-9,7,812,1234,-3856,0,0
-8,13,-15,854,1258,-3811,0,0
-10,4,-26,807,1344,-3794,0,0
3,0,-32,792,1267,-3851,0,0
-29,19,-67,813,1204,-3819,0,0
-52,1,-85,801,1283,-3817,0,0
-45,-7,-74,811,1305,-3824,0,0
-36,-2,-61,829,1330,-3801,0,0
-11,1,-22,816,1376,-3823,0,0
50,37,38,824,1304,-3838,0,0
59,49,39,808,1285,-3792,0,0
63,10,43,772,1350,-3809,0,0
93,16,49,822,1253,-3846,0,0
54,16,23,880,1219,-3795,0,0
8,-42,20,823,1254,-3817,0,0
-24,-59,23,842,1218,-3848,0,0
-103,-61,-38,788,1273,-3791,0,0
-189,-85,-98,794,1319,-3780,0,0
-245,-99,-97,763,1302,-3861,0,0
-178,-34,-95,668,1420,-3815,0,0
14,23,-93,698,1501,-3794,0,0
9,47,-74,782,1436,-3786,0,0
30,37,-51,799,1317,-3805,0,0
-14,18,-51,762,1299,-3817,0,0
-54,0,-46,774,1384,-3789,0,0
-36,-18,-21,737,1492,-3783,0,0
23,-6,42,740,1504,-3791,0,0
102,11,111,794,1358,-3804,0,0
93,17,87,787,1295,-3799,0,0
34,-2,23,677,1393,-3814,0,0
32,22,0,692,1401,-3856,0,0
34,68,9,817,1307,-3784,0,0
-8,33,-26,816,1334,-3766,0,0
-32,-4,-43,779,1367,-3816,0,0
-21,17,-27,814,1327,-3800,0,0
-7,9,-16,783,1407,-3780,0,0
22,-8,6,763,1395,-3795,0,0
32,-17,15,803,1334,-3787,0,0
24,-45,7,803,1337,-3815,0,0
39,-50,-4,775,1282,-3833,0,0
58,-53,-33,816,1317,-3850,0,0
59,-23,-55,724,1339,-3912,0,0
47,23,-63,780,1395,-3830,0,0
280,-10,-91,874,1378,-3910,0,0
723,-81,-59,888,1150,-4185,0,0
658,-70,-46,870,1062,-4035,0,0
486,-114,-56,728,1093,-4009,0,0
467,-96,-43,675,1044,-3971,0,0
385,-78,0,656,969,-3873,0,0
282,-91,35,554,776,-3824,0,0
232,-98,48,578,719,-3788,0,0
402,-18,66,542,520,-4066,0,0
-20,62,-23,716,591,-3844,0,0
-66,-42,-41,623,833,-3921,0,0
398,-69,1,351,618,-4074,0,0
14,55,23,199,617,-3675,0,0
-254,181,88,276,675,-3492,0,0
-332,244,75,629,662,-3720,0,0
-494,228,-50,815,734,-4074,0,0
-690,242,-157,751,1176,-4592,0,0
-632,379,-123,776,1928,-4723,0,0
-138,296,95,1005,946,-3282,0,0
134,-57,118,949,932,-3609,0,0
242,-192,41,767,905,-4159,0,0
100,-96,61,873,913,-4045,0,0
75,-11,25,1033,911,-3970,0,0
28,40,-59,916,951,-3901,0,0
-40,18,-105,748,1060,-3854,0,0
-18,-38,-61,736,1015,-3910,0,0
-5,-59,-18,834,942,-3942,0,0
-20,-33,-14,845,1006,-3963,0,0
-9,15,5,821,1041,-3936,0,0
34,44,17,769,1067,-3923,0,0
77,64,44,737,1058,-3941,0,0
80,88,71,798,949,-3932,0,0
21,95,30,890,868,-3894,0,0
-54,60,-23,904,916,-3885,0,0
-40,30,-24,884,950,-3919,0,0
-21,29,-5,877,997,-3891,0,0
52,25,36,831,1071,-3929,0,0
130,64,97,822,1049,-3941,0,0
136,103,130,871,961,-3913,0,0
112,101,115,944,875,-3857,0,0
14,47,62,987,818,-3870,0,0
-18,10,23,994,853,-3909,0,0
-47,-18,3,1001,875,-3851,0,0
-67,-74,-23,907,932,-3900,0,0
-87,-73,-31,913,920,-3931,0,0
-78,-54,-52,911,932,-3872,0,0
-35,-76,-75,867,965,-3895,0,0
-52,-88,-60,849,1012,-3968,0,0
-76,-32,-48,898,988,-3909,0,0
-39,-39,-52,849,1028,-3881,0,0
88,-46,-60,800,975,-3966,0,0
66,29,-59,828,946,-3942,0,0
-50,35,-57,839,1040,-3846,0,0
-13,11,-57,808,1048,-3921,0,0
-10,20,-51,842,972,-3949,0,0
-155,13,-45,842,1025,-3869,0,0
-107,10,-23,880,1042,-3892,0,0
25,35,-9,828,961,-3987,0,0
-179,78,-31,874,991,-3875,0,0
-132,76,-46,877,1067,-3804,0,0
6,5,-27,862,1160,-3903,0,0
-140,3,-10,817,1191,-3868,0,0
25,44,30,848,1088,-3873,0,0
55,83,32,925,1026,-3924,0,0
-80,76,3,832,1114,-3835,0,0
-47,41,0,908,1094,-3844,0,0
28,73,-31,941,1060,-3846,0,0
-35,33,-29,950,1158,-3852,0,0
-77,13,-36,936,1143,-3822,0,0
-34,25,-47,936,1064,-3873,0,0
-199,18,-47,890,1171,-3877,0,0
-295,39,-49,940,1163,-3783,0,0
-214,20,-35,967,1338,-3703,0,0
-85,-28,-26,925,1358,-3788,0,0
-102,-37,-28,916,1243,-3777,0,0
-10,-30,-36,905,1172,-3761,0,0
190,-1,-20,900,1239,-3870,0,0
181,50,-33,890,1226,-3814,0,0
198,44,-40,902,1301,-3799,0,0
206,39,-25,883,1244,-3903,0,0
110,104,-16,920,1208,-3883,0,0
99,146,-27,970,1185,-3775,0,0
62,91,-32,956,1179,-3793,0,0
53,56,-23,968,1132,-3845,0,0
53,56,-14,988,1108,-3820,0,0
29,37,-7,1018,1061,-3838,0,0
-18,16,-27,1016,1069,-3790,0,0
-24,-29,-32,956,1158,-3826,0,0
-4,-25,-4,985,1176,-3837,0,0
20,1,16,1014,1133,-3824,0,0
30,5,11,969,1106,-3837,0,0
8,14,-13,959,1125,-3850,0,0
-7,37,-24,991,1123,-3842,0,0
-2,54,-29,1003,1134,-3814,0,0
35,42,-9,988,1152,-3814,0,0
61,30,21,1003,1101,-3825,0,0
40,18,17,1024,1062,-3831,0,0
18,11,3,1006,1084,-3830,0,0
4,5,-12,1003,1125,-3818,0,0
24,5,-3,1016,1124,-3834,0,0
28,14,4,1020,1064,-3821,0,0
15,4,-10,1017,1075,-3841,0,0
17,6,-16,1007,1092,-3841,0,0
13,9,-12,1023,1086,-3818,0,0
-1,4,-14,1011,1102,-3828,0,0
3,8,-5,1006,1089,-3835,0,0
11,7,-1,1016,1075,-3827,0,0
15,8,-2,996,1098,-3840,0,0
15,19,-5,1015,1095,-3839,0,0
15,22,-5,1032,1062,-3823,0,0
12,8,-3,1014,1069,-3830,0,0
7,1,1,1028,1071,-3835,0,0
2,3,-5,1028,1089,-3833,0,0
2,4,-10,1025,1101,-3836,0,0
11,12,-9,1011,1093,-3833,0,0
31,15,5,1022,1076,-3834,0,0
22,13,0,1041,1051,-3828,0,0
-5,7,-17,1022,1084,-3837,0,0
0,12,-15,1031,1091,-3829,0,0
8,9,-11,1029,1070,-3826,0,0
9,1,-7,1024,1049,-3841,0,0
2,1,-11,1038,1069,-3838,0,0
3,4,-11,1023,1103,-3828,0,0
12,0,-3,1031,1076,-3829,0,0
9,2,-6,1026,1070,-3837,0,0
6,3,-8,1026,1075,-3830,0,0
6,0,-16,1031,1065,-3851,0,0
14,10,1,1013,1083,-3838,0,0
24,7,8,1032,1080,-3822,0,0
-8,-5,-11,1044,1076,-3821,0,0
-25,-3,-37,1018,1080,-3848,0,0
-14,12,-37,1021,1093,-3829,0,0
15,17,-16,1025,1067,-3850,0,0
29,26,5,1027,1055,-3829,0,0
31,12,16,1043,1065,-3814,0,0
16,-10,6,1036,1071,-3837,0,0
5,2,-9,1008,1058,-3856,0,0
7,16,-9,1026,1068,-3821,0,0
7,2,-12,1045,1071,-3828,0,0
10,-6,4,1024,1067,-3835,0,0
22,-7,14,1028,1051,-3840,0,0
10,-11,7,1035,1062,-3831,0,0
8,-25,5,1040,1047,-3832,0,0
11,-42,13,1012,1050,-3832,0,0
15,-43,23,993,1080,-3857,0,0
33,-23,28,1009,1060,-3862,0,0
35,11,34,1016,1052,-3838,0,0
17,14,28,1022,1010,-3846,0,0
2,11,6,1004,1011,-3863,0,0
-8,10,-4,1012,1049,-3836,0,0
-9,0,-10,1036,1048,-3841,0,0
-5,-3,-9,1011,1053,-3854,0,0
11,-12,-6,1008,1027,-3847,0,0
-18,-21,-24,1016,1021,-3841,0,0
-73,-26,-66,1003,1077,-3834,0,0
-50,-15,-59,1017,1085,-3887,0,0
71,49,37,966,1086,-3906,0,0
156,81,140,977,1022,-3814,0,0
104,9,124,1054,961,-3800,0,0
-12,-40,10,1040,1018,-3852,0,0
-56,-13,-67,1015,1063,-3868,0,0
-28,24,-64,1007,1038,-3856,0,0
0,25,-39,1018,997,-3837,0,0
-6,3,-32,1021,991,-3864,0,0
-32,2,-47,1017,1030,-3847,0,0
-26,4,-55,1025,1055,-3846,0,0
-37,6,-50,1014,1039,-3843,0,0
-45,3,-44,973,1056,-3857,0,0
-41,-6,-18,1014,1042,-3838,0,0
-22,-20,12,1014,1038,-3841,0,0
20,-19,42,1016,1119,-3845,0,0
64,8,61,1037,1135,-3828,0,0
44,9,30,1022,1041,-3819,0,0
-7,-16,-25,978,1018,-3845,0,0
-18,-22,-38,973,1072,-3868,0,0
7,6,-26,991,1063,-3862,0,0
5,23,-35,1000,1024,-3859,0,0
-8,21,-46,989,1017,-3853,0,0
-32,2,-36,1032,1024,-3808,0,0
-46,-43,-17,1026,1073,-3824,0,0
-21,-54,13,952,1131,-3851,0,0
16,-31,44,976,1113,-3861,0,0
50,-5,48,976,1079,-3865,0,0
76,21,61,959,1047,-3862,0,0
67,25,45,1000,999,-3843,0,0
9,2,-13,989,1028,-3844,0,0
-15,-5,-42,949,1067,-3869,0,0
-14,11,-50,1005,1035,-3864,0,0
-28,13,-59,1013,1021,-3847,0,0
-25,-10,-44,967,1038,-3843,0,0
-9,-18,-16,972,1037,-3873,0,0
-13,1,-8,978,1059,-3852,0,0
-9,6,-13,984,1088,-3841,0,0
4,8,-11,973,1079,-3854,0,0
10,17,-15,972,1053,-3855,0,0
3,9,-21,974,1053,-3839,0,0
-5,-4,-29,982,1061,-3863,0,0
-4,6,-34,964,1090,-3848,0,0
4,2,-28,986,1063,-3837,0,0
-3,-7,-26,964,1051,-3855,0,0
-20,-2,-29,969,1068,-3852,0,0
-14,-9,-20,959,1086,-3845,0,0
12,-8,-6,947,1083,-3869,0,0
12,21,-13,949,1064,-3869,0,0
-20,42,-30,973,1066,-3835,0,0
-13,28,-19,984,1100,-3834,0,0
41,24,28,984,1088,-3859,0,0
83,33,70,964,1060,-3852,0,0
83,29,69,1013,1026,-3838,0,0
33,6,31,1024,1027,-3837,0,0
9,-5,0,973,1069,-3863,0,0
13,13,-6,1005,1059,-3856,0,0
25,28,-5,999,1035,-3853,0,0
19,22,-14,1002,1016,-3852,0,0
-5,2,-19,1017,1030,-3837,0,0
-2,-6,-21,1002,1051,-3863,0,0
-6,13,-18,1002,1029,-3849,0,0
1,10,-3,1004,1010,-3848,0,0
0,1,0,986,1044,-3861,0,0
5,10,2,1012,1051,-3845,0,0
7,7,-4,1026,1044,-3838,0,0
2,-4,-12,1006,1033,-3841,0,0
1,-18,-13,990,1049,-3859,0,0
14,-5,-9,976,1060,-3877,0,0
30,35,-13,973,1037,-3878,0,0
16,56,-26,1012,1007,-3843,0,0
-4,33,-33,1038,1011,-3828,0,0
-6,2,-29,986,1029,-3851,0,0
-21,-3,-31,1022,1027,-3851,0,0
-34,-1,-28,1027,1067,-3841,0,0
-9,2,0,993,1066,-3845,0,0
18,-2,26,1006,1028,-3859,0,0
17,-1,26,1008,1022,-3850,0,0
-10,-4,-2,1008,1063,-3818,0,0
-54,-32,-56,1051,1067,-3820,0,0
18,5,-44,1009,1127,-3971,0,0
245,158,147,876,1106,-3896,0,0
288,106,277,1066,801,-3690,0,0
-50,-125,101,1172,775,-3778,0,0
-254,-170,-163,1024,1078,-3953,0,0
-97,-4,-133,926,1249,-3944,0,0
136,112,60,1005,1040,-3814,0,0
108,41,76,1053,811,-3799,0,0
-91,-50,-85,1015,906,-3891,0,0
-151,-21,-163,1013,1059,-3891,0,0
-56,38,-108,1018,1109,-3858,0,0
40,56,-15,1004,1046,-3850,0,0
59,39,33,981,967,-3843,0,0
17,3,29,1029,983,-3835,0,0
-6,-26,23,1059,1034,-3837,0,0
32,-43,28,1016,1063,-3830,0,0
60,-75,42,1004,1030,-3834,0,0
35,-101,50,1003,981,-3882,0,0
-1,-87,43,994,980,-3866,0,0
-16,-76,63,963,1040,-3863,0,0
-4,-55,95,937,1057,-3875,0,0
41,-39,91,961,995,-3878,0,0
37,-39,80,961,1023,-3872,0,0
50,-32,55,969,909,-3875,0,0
29,-59,-10,972,836,-3882,0,0
-45,-87,-68,909,951,-3910,0,0
-8,-55,-68,882,1021,-3913,0,0
146,-19,-15,884,972,-3934,0,0
63,9,13,909,1042,-3919,0,0
-22,26,26,903,968,-3885,0,0
45,-4,15,913,852,-3852,0,0
8,-62,-33,884,868,-3900,0,0
-70,-77,-87,837,971,-3957,0,0
-35,-37,-76,854,966,-3946,0,0
-39,-10,-27,876,989,-3896,0,0
3,-18,9,876,962,-3914,0,0
11,-20,13,876,916,-3924,0,0
-19,-14,-10,836,971,-3914,0,0
-31,9,-18,834,1028,-3927,0,0
-17,47,-5,864,993,-3904,0,0
0,49,-3,859,965,-3904,0,0
-4,40,-3,861,948,-3906,0,0
-10,37,-9,881,974,-3895,0,0
-11,30,-13,893,1019,-3898,0,0
-13,38,-11,894,1014,-3900,0,0
-11,45,-10,907,983,-3897,0,0
-8,40,-8,896,963,-3895,0,0
-11,29,-10,889,982,-3892,0,0
-12,21,-11,924,1003,-3885,0,0
-3,23,-12,910,1024,-3887,0,0
2,26,-13,901,1004,-3884,0,0
0,22,-15,929,981,-3888,0,0
5,22,-11,909,1005,-3891,0,0
7,23,-7,918,1003,-3893,0,0
9,22,-3,922,983,-3885,0,0
10,22,-3,929,999,-3883,0,0
-5,23,-8,941,1012,-3874,0,0
-3,23,-12,934,1015,-3894,0,0
10,33,-1,936,997,-3884,0,0
13,27,4,951,982,-3868,0,0
-5,11,-12,946,1003,-3875,0,0
-5,9,-16,972,999,-3875,0,0
3,7,-8,958,1005,-3868,0,0
10,-1,-3,926,1004,-3885,0,0
6,6,-6,949,999,-3882,0,0
-2,6,-12,962,997,-3859,0,0
-6,-9,-17,936,1014,-3883,0,0
4,-2,-10,921,1001,-3897,0,0
4,8,-8,963,989,-3865,0,0
-13,4,-17,941,1006,-3887,0,0
-8,16,-15,932,999,-3894,0,0
-3,21,-13,955,1002,-3860,0,0
-6,10,-17,943,1012,-3880,0,0
-6,16,-18,947,1015,-3876,0,0
-2,18,-18,961,1002,-3877,0,0
-5,13,-21,957,1010,-3873,0,0
-4,15,-22,948,1028,-3878,0,0
1,23,-19,961,1037,-3858,0,0
11,13,-12,964,1020,-3863,0,0
5,6,-10,949,1001,-3874,0,0
1,3,-10,949,1016,-3872,0,0
4,1,-11,963,1022,-3870,0,0
-12,5,-18,963,1036,-3871,0,0
-3,13,-13,952,1022,-3881,0,0
1,15,-11,953,999,-3869,0,0
-6,5,-17,962,1017,-3872,0,0
2,5,-8,958,1023,-3871,0,0
21,15,6,946,1024,-3878,0,0
31,20,19,971,1022,-3853,0,0
19,5,14,975,998,-3871,0,0
-2,1,-7,961,1010,-3872,0,0
-9,4,-20,963,1037,-3873,0,0
-1,10,-22,969,1031,-3876,0,0
12,17,-14,968,1015,-3863,0,0
19,11,-8,968,1007,-3868,0,0
7,10,-15,985,1004,-3869,0,0
-5,13,-19,966,1008,-3873,0,0
0,16,-15,950,1016,-3865,0,0
5,12,-9,986,1017,-3859,0,0
7,8,-5,979,1019,-3866,0,0
11,8,-7,967,1012,-3877,0,0
7,10,-10,981,1013,-3862,0,0
8,8,-10,973,1014,-3872,0,0
7,8,-11,977,1008,-3876,0,0
16,17,-4,978,999,-3882,0,0
16,28,-4,973,1006,-3860,0,0
13,21,-5,980,1018,-3852,0,0
12,6,1,987,1002,-3862,0,0
8,0,-6,999,993,-3866,0,0
-10,5,-16,987,1007,-3868,0,0
-5,9,-15,985,1000,-3877,0,0
3,13,-13,982,1006,-3867,0,0
7,18,-12,983,1008,-3863,0,0
2,16,-15,999,1007,-3854,0,0
0,9,-22,1002,1010,-3864,0,0
-11,5,-25,975,1011,-3869,0,0
-36,10,-22,988,1027,-3859,0,0
-19,4,-21,1003,1019,-3853,0,0
-2,2,-15,983,1031,-3873,0,0
24,17,2,980,1010,-3879,0,0
46,24,26,988,984,-3864,0,0
44,13,30,993,991,-3857,0,0
17,11,9,1005,1011,-3860,0,0
-8,21,-14,1012,1008,-3851,0,0
-5,24,-22,996,1027,-3858,0,0
3,20,-20,999,1005,-3865,0,0
-3,19,-27,1014,987,-3864,0,0
-15,20,-42,1023,998,-3848,0,0
-17,5,-60,1019,997,-3847,0,0
-21,-14,-64,991,1034,-3855,0,0
1,6,-23,967,1070,-3883,0,0
26,35,14,1018,1034,-3848,0,0
-2,20,-2,1036,989,-3813,0,0
-58,-23,-68,1068,965,-3873,0,0
11,5,-33,957,1089,-3927,0,0
147,59,115,880,1102,-3852,0,0
114,34,129,1084,884,-3807,0,0
-102,-16,-82,1121,906,-3835,0,0
-163,8,-225,986,1135,-3896,0,0
21,86,-122,927,1104,-3928,0,0
127,121,4,1034,946,-3799,0,0
110,59,-17,1063,916,-3829,0,0
-9,12,-113,1131,911,-3871,0,0
-6,33,-164,1040,1033,-3832,0,0
59,26,-104,964,1175,-3840,0,0
122,27,-20,1086,1044,-3794,0,0
182,-50,-7,1099,911,-3732,0,0
260,-149,-22,1006,846,-3993,0,0
109,-43,-105,877,942,-3979,0,0
158,44,-127,932,1020,-3920,0,0
61,101,-107,1096,1006,-3878,0,0
-7,99,-90,1076,903,-3806,0,0
77,37,-57,975,868,-3877,0,0
41,7,-37,1000,853,-3900,0,0
32,3,-33,1012,897,-3913,0,0
79,49,-32,1024,850,-3925,0,0
56,70,-20,1046,885,-3843,0,0
-5,10,-5,1034,938,-3880,0,0
-16,-4,-6,1043,803,-3904,0,0
-105,7,-27,1040,872,-3886,0,0
-150,15,-31,1031,866,-3869,0,0
-61,19,-36,1038,883,-3881,0,0
-27,31,-44,1006,1028,-3892,0,0
-94,9,-40,1032,1016,-3836,0,0
-56,7,-24,1065,910,-3859,0,0
-63,1,-8,1039,890,-3876,0,0
-196,-26,-13,1010,995,-3870,0,0
-218,-74,-10,1044,1120,-3779,0,0
-263,-106,-6,1015,1106,-3818,0,0
-145,-57,0,947,1027,-3900,0,0
50,52,-15,972,1051,-3875,0,0
19,54,-28,1027,1104,-3809,0,0
-11,4,-21,1011,1138,-3817,0,0
39,-11,13,982,1108,-3852,0,0
41,5,42,999,1084,-3861,0,0
40,23,42,1017,1054,-3835,0,0
27,10,24,989,1076,-3813,0,0
17,-7,12,1036,1078,-3836,0,0
-5,5,-11,1013,1073,-3849,0,0
-2,23,-27,980,1102,-3837,0,0
8,27,-12,1040,1060,-3847,0,0
-2,31,-26,1031,1031,-3839,0,0
1,20,-25,991,1081,-3833,0,0
19,9,1,1029,1096,-3828,0,0
36,7,22,1030,1123,-3825,0,0
60,11,44,1002,1122,-3843,0,0
54,15,56,1062,1003,-3839,0,0
36,11,27,1058,944,-3858,0,0
27,16,-3,1003,966,-3893,0,0
33,46,7,1023,997,-3873,0,0
48,48,31,1037,1051,-3808,0,0
27,19,44,1059,1072,-3824,0,0
1,9,23,1101,1035,-3815,0,0
-4,-3,-6,1070,1000,-3832,0,0
-9,-10,-20,1042,972,-3865,0,0
-17,10,-34,1058,970,-3864,0,0
-26,17,-42,1060,1020,-3827,0,0
5,6,-12,1040,1066,-3850,0,0
31,20,19,1084,996,-3846,0,0
18,23,3,1068,993,-3827,0,0
4,-3,-6,1047,1034,-3818,0,0
9,-18,0,1071,1020,-3859,0,0
5,-1,-9,1054,1031,-3848,0,0
16,13,-14,1048,1017,-3853,0,0
9,25,-14,1069,985,-3828,0,0
-3,4,3,1074,1011,-3814,0,0
13,-38,52,1056,1003,-3836,0,0
13,-38,48,1056,962,-3880,0,0
-12,-7,-1,1031,1002,-3849,0,0
-8,3,-20,1034,1060,-3845,0,0
-7,17,-22,1081,1024,-3836,0,0
-63,-10,-56,1057,982,-3780,0,0
-97,-78,-98,1046,1018,-3886,0,0
-72,-2,-112,993,1082,-3932,0,0
-25,107,-82,1022,1113,-3822,0,0
48,102,-15,1035,1123,-3809,0,0
84,79,28,1052,1032,-3841,0,0
46,66,20,1107,922,-3814,0,0
-31,28,-22,1060,1002,-3828,0,0
-37,19,-21,1049,1114,-3840,0,0
-24,34,3,1115,1072,-3790,0,0
4,22,17,1122,1035,-3809,0,0
24,9,20,1089,1017,-3834,0,0
23,14,17,1092,1037,-3819,0,0
20,10,13,1111,1057,-3813,0,0
16,10,2,1112,1030,-3818,0,0
1,3,-16,1096,1036,-3807,0,0
7,-7,-17,1088,1052,-3837,0,0
-3,10,-22,1108,1024,-3824,0,0
-13,9,-28,1080,1037,-3811,0,0
-11,-9,-18,1090,1039,-3815,0,0
-17,-19,-14,1112,1026,-3816,0,0
-23,-20,-10,1068,1058,-3837,0,0
-14,-12,-1,1084,1061,-3821,0,0
-5,-6,-1,1088,1069,-3819,0,0
0,0,-1,1092,1060,-3821,0,0
6,6,-6,1081,1049,-3829,0,0
-2,9,-18,1075,1071,-3819,0,0
2,11,-16,1096,1061,-3809,0,0
-2,4,-15,1084,1043,-3816,0,0
-6,-2,-16,1067,1052,-3836,0,0
-7,4,-10,1087,1074,-3809,0,0
13,2,3,1081,1076,-3828,0,0
21,3,14,1074,1049,-3820,0,0
25,-2,8,1092,1028,-3829,0,0
10,9,-4,1075,1077,-3827,0,0
14,23,4,1093,1063,-3807,0,0
16,19,-2,1085,1043,-3812,0,0
4,8,-14,1087,1055,-3819,0,0
6,3,-11,1102,1038,-3827,0,0
3,7,-17,1086,1043,-3821,0,0
5,-2,-13,1089,1067,-3813,0,0
15,-3,-1,1094,1032,-3831,0,0
1,8,-13,1083,1029,-3819,0,0
-1,-6,-11,1065,1069,-3819,0,0
21,-4,7,1085,1044,-3840,0,0
27,15,4,1090,1041,-3824,0,0
27,11,-4,1093,1035,-3816,0,0
-8,-2,-20,1087,1017,-3822,0,0
-26,-11,-21,1066,1062,-3832,0,0
-3,-1,-9,1090,1057,-3828,0,0
10,5,-8,1086,1019,-3830,0,0
10,3,-9,1062,1037,-3832,0,0
9,4,-13,1096,1054,-3814,0,0
9,0,-4,1089,1055,-3827,0,0
4,4,-4,1077,1056,-3824,0,0
8,4,-4,1087,1026,-3822,0,0
12,4,-8,1071,1041,-3830,0,0
13,5,-5,1089,1046,-3823,0,0
16,3,-1,1072,1039,-3829,0,0
22,0,-4,1081,1022,-3831,0,0
0,4,-20,1087,1034,-3825,0,0
-14,11,-20,1073,1048,-3832,0,0
7,16,-7,1072,1026,-3829,0,0
9,12,-8,1073,1032,-3826,0,0
2,4,-15,1087,1050,-3825,0,0
7,3,-5,1096,1022,-3830,0,0
6,-1,-8,1075,1040,-3825,0,0
12,-2,-3,1075,1042,-3840,0,0
12,13,-4,1097,1021,-3827,0,0
9,13,-10,1073,1040,-3821,0,0
2,2,-15,1091,1047,-3812,0,0
1,-3,-21,1078,1037,-3829,0,0
12,0,-16,1084,992,-3849,0,0
37,25,15,1083,1012,-3882,0,0
145,89,117,1018,1070,-3883,0,0
137,92,165,1108,969,-3751,0,0
-33,-35,55,1239,907,-3717,0,0
-137,-99,-132,1108,1024,-3876,0,0
-157,-26,-212,1045,1127,-3857,0,0
-74,10,-153,1104,1056,-3813,0,0
-22,5,-75,1059,986,-3843,0,0
-4,13,-42,1040,1010,-3856,0,0
-9,19,-15,1108,1071,-3801,0,0
17,4,9,1089,1107,-3815,0,0
44,-1,42,1056,1076,-3828,0,0
70,-4,71,1053,1031,-3839,0,0
62,3,64,1095,1001,-3831,0,0
2,9,12,1088,1047,-3822,0,0
-23,14,-35,1074,1087,-3821,0,0
-27,16,-51,1108,1044,-3817,0,0
-16,14,-46,1101,991,-3837,0,0
-1,16,-26,1063,1005,-3853,0,0
17,24,5,1086,1028,-3841,0,0
17,26,21,1103,1060,-3803,0,0
31,11,17,1109,1048,-3809,0,0
23,0,8,1090,1040,-3825,0,0
18,-3,8,1080,1042,-3830,0,0
14,-3,6,1101,1034,-3817,0,0
13,-8,7,1091,1038,-3826,0,0
23,-8,12,1100,996,-3834,0,0
1,-8,0,1107,1001,-3823,0,0
-3,-9,-8,1085,1027,-3839,0,0
11,-1,-2,1089,1037,-3827,0,0
54,-3,5,1082,1035,-3823,0,0
141,-14,18,1081,975,-3833,0,0
162,-38,20,1088,939,-3842,0,0
95,-55,22,1092,965,-3837,0,0
87,-71,39,1092,860,-3852,0,0
9,-83,49,1022,922,-3900,0,0
-119,-55,84,1073,1218,-3799,0,0
57,-42,119,1067,1033,-3852,0,0
183,-4,72,1018,563,-3993,0,0
18,2,23,975,735,-3898,0,0
-24,-31,1,1053,968,-3850,0,0
-4,-29,-1,1087,965,-3873,0,0
16,-11,12,1018,927,-3875,0,0
28,-22,28,1023,855,-3887,0,0
-14,-48,26,1037,877,-3872,0,0
-38,-61,19,1019,913,-3892,0,0
-49,-66,17,1006,887,-3883,0,0
-24,-83,-2,993,878,-3888,0,0
-56,-80,-12,950,976,-3900,0,0
-18,-57,-3,953,968,-3917,0,0
8,-26,4,954,883,-3904,0,0
-1,-10,0,933,885,-3902,0,0
-44,16,-37,923,908,-3938,0,0
-90,52,-85,944,932,-3918,0,0
-153,57,-134,1003,997,-3865,0,0
-189,40,-161,983,1004,-3858,0,0
-206,38,-195,929,941,-3902,0,0
-211,86,-205,867,1114,-3993,0,0
-158,167,-172,936,943,-3920,0,0
-193,214,-159,926,877,-4005,0,0
-325,287,-249,1166,1148,-3801,0,0
-234,108,-244,1258,1502,-3654,0,0
230,-81,-126,1091,1501,-3888,0,0
321,-54,-78,1019,1407,-3801,0,0
202,-94,-34,941,1365,-3632,0,0
327,-192,37,785,1188,-3626,0,0
404,-186,72,943,960,-3814,0,0
299,-115,39,900,845,-3837,0,0
22,-18,-5,838,972,-3776,0,0
-57,46,-28,804,946,-3691,0,0
-64,90,-41,774,940,-3797,0,0
-186,101,-74,885,992,-3824,0,0
-216,34,-62,942,1095,-3846,0,0
-129,12,-25,964,1124,-3940,0,0
-140,51,-22,1002,1021,-3886,0,0
-264,46,-73,1010,1175,-3848,0,0
-170,60,-96,951,1304,-3964,0,0
-63,101,-57,951,1319,-3820,0,0
137,60,-35,938,1250,-3797,0,0
232,0,-66,923,1153,-3819,0,0
98,-56,-102,910,1158,-3814,0,0
48,-63,-100,972,1234,-3844,0,0
51,-34,-78,1046,1132,-3859,0,0
-93,-34,-62,983,1243,-3813,0,0
-146,-17,-25,904,1277,-3831,0,0
-117,-35,-11,913,1156,-3829,0,0
-344,-76,-68,927,1105,-3933,0,0
-624,-42,-129,894,1312,-3759,0,0
-325,-24,-127,790,1505,-3696,0,0
34,-15,-65,793,1513,-3760,0,0
-5,36,-25,866,1523,-3707,0,0
25,62,17,961,1478,-3707,0,0
48,48,36,892,1414,-3750,0,0
37,31,33,858,1378,-3765,0,0
18,10,30,892,1370,-3770,0,0
-2,-7,28,907,1376,-3759,0,0
-14,-8,4,869,1403,-3793,0,0
-11,20,22,895,1418,-3761,0,0
-5,21,39,938,1433,-3733,0,0
-12,14,16,922,1394,-3744,0,0
-13,23,-7,862,1397,-3770,0,0
-8,38,3,913,1391,-3754,0,0
10,38,13,919,1366,-3765,0,0
13,34,19,945,1392,-3736,0,0
19,35,17,894,1462,-3732,0,0
25,35,11,926,1437,-3698,0,0
25,1,-22,958,1373,-3731,0,0
-2,-7,-43,914,1378,-3773,0,0
-10,11,-25,936,1409,-3725,0,0
10,-5,-7,947,1407,-3745,0,0
33,1,8,887,1403,-3766,0,0
33,30,8,927,1379,-3747,0,0
4,17,-12,981,1369,-3711,0,0
7,-34,-15,938,1389,-3747,0,0
10,-41,-13,877,1407,-3769,0,0
8,-11,-23,912,1416,-3752,0,0
10,-8,-22,955,1395,-3737,0,0
22,-26,-15,932,1350,-3757,0,0
16,-20,5,910,1369,-3773,0,0
14,13,32,858,1449,-3810,0,0
-28,64,31,955,1381,-3697,0,0
56,21,-7,912,1438,-3697,0,0
86,-30,-15,932,1285,-3806,0,0
-20,-20,-50,899,1314,-3777,0,0
3,-12,-53,897,1421,-3775,0,0
29,19,-9,929,1381,-3760,0,0
32,30,7,976,1313,-3760,0,0
12,11,-1,889,1343,-3771,0,0
10,5,2,860,1410,-3760,0,0
19,7,8,946,1374,-3753,0,0
7,7,-8,939,1335,-3770,0,0
-2,17,-13,889,1377,-3769,0,0
3,24,1,938,1380,-3757,0,0
21,14,11,935,1352,-3756,0,0
42,0,30,915,1329,-3777,0,0
37,-5,36,943,1332,-3777,0,0
19,0,32,939,1384,-3764,0,0
20,10,17,927,1342,-3753,0,0
20,-3,-12,935,1276,-3774,0,0
5,-9,-23,916,1292,-3775,0,0
40,5,-20,892,1324,-3788,0,0
18,9,-29,947,1379,-3741,0,0
8,-31,-30,955,1369,-3761,0,0
56,3,-7,922,1299,-3834,0,0
60,69,31,872,1296,-3776,0,0
70,51,29,984,1262,-3756,0,0
6,-15,1,948,1255,-3810,0,0
-64,-37,-13,905,1355,-3754,0,0
-9,-12,9,941,1379,-3754,0,0
35,18,-9,930,1290,-3802,0,0
39,26,-33,919,1230,-3818,0,0
-18,19,-28,926,1314,-3780,0,0
-5,20,-15,933,1342,-3767,0,0
34,26,-7,950,1283,-3789,0,0
-30,27,1,953,1331,-3781,0,0
-9,36,14,936,1331,-3775,0,0
9,40,25,933,1332,-3764,0,0
18,39,19,955,1225,-3799,0,0
11,47,-14,967,1199,-3797,0,0
-26,36,-37,979,1355,-3737,0,0
-1,2,-24,1003,1371,-3763,0,0
-9,4,-12,984,1263,-3784,0,0
-15,22,-4,967,1284,-3768,0,0
-5,18,1,965,1292,-3772,0,0
-13,25,-15,988,1291,-3769,0,0
-57,-6,-29,988,1411,-3726,0,0
-26,-16,-10,970,1311,-3766,0,0
52,11,4,974,1259,-3781,0,0
5,-6,-15,964,1285,-3773,0,0
-11,0,-20,969,1336,-3754,0,0
9,25,-10,977,1368,-3749,0,0
-19,31,-12,979,1374,-3757,0,0
-23,38,-4,987,1357,-3745,0,0
1,25,0,958,1377,-3747,0,0
15,18,10,951,1373,-3757,0,0
23,21,39,986,1361,-3754,0,0
54,18,90,1009,1337,-3761,0,0
56,28,122,1055,1301,-3740,0,0
96,-4,139,1054,1205,-3767,0,0
118,-39,130,1028,1125,-3815,0,0
16,-30,75,1029,1172,-3785,0,0
-35,-8,7,1023,1263,-3779,0,0
-33,19,-34,1019,1267,-3795,0,0
-65,43,-48,1024,1316,-3755,0,0
-40,35,-35,1052,1285,-3754,0,0
-4,25,-16,1054,1249,-3770,0,0
16,19,20,1054,1270,-3742,0,0
32,9,34,1026,1287,-3769,0,0
20,18,23,1017,1274,-3783,0,0
4,35,19,1026,1261,-3768,0,0
5,23,32,1082,1220,-3736,0,0
-23,-19,21,1119,1258,-3742,0,0
2,-39,29,1052,1310,-3753,0,0
13,-24,35,1022,1281,-3772,0,0
7,-3,3,1025,1225,-3791,0,0
-11,10,-35,1014,1211,-3782,0,0
-25,19,-48,1019,1248,-3780,0,0
-30,19,-49,1082,1275,-3756,0,0
-13,10,-37,1075,1285,-3751,0,0
0,4,-8,1044,1288,-3755,0,0
25,-8,27,1050,1270,-3763,0,0
35,-36,32,1056,1236,-3731,0,0
26,-96,21,1068,1278,-3742,0,0
-5,-110,4,997,1315,-3760,0,0
21,-114,9,977,1292,-3772,0,0
98,-104,17,977,1215,-3799,0,0
50,-116,33,986,1334,-3767,0,0
74,-118,50,1017,1268,-3775,0,0
161,-103,41,907,1096,-3868,0,0
88,-82,63,859,1267,-3810,0,0
139,-74,119,918,1292,-3819,0,0
314,-40,134,886,994,-3901,0,0
164,-16,134,858,1031,-3897,0,0
99,-12,154,906,1100,-3866,0,0
161,15,118,923,900,-3917,0,0
102,30,63,902,979,-3860,0,0
134,-10,56,883,985,-3895,0,0
143,-42,59,894,910,-3928,0,0
61,-25,35,976,999,-3860,0,0
43,-37,15,950,1010,-3877,0,0
105,-32,19,879,857,-3952,0,0
57,3,18,861,821,-3984,0,0
-54,51,-9,871,825,-3917,0,0
-80,52,-22,922,948,-3897,0,0
7,48,-2,949,911,-3917,0,0
-77,48,-20,921,931,-3933,0,0
-215,50,-31,942,1002,-3870,0,0
-124,29,-11,959,959,-3882,0,0
-86,4,-7,935,906,-3895,0,0
-271,-3,-40,932,1085,-3862,0,0
-213,2,-46,941,1129,-3834,0,0
-103,3,-32,986,1112,-3830,0,0
-174,0,-39,955,1187,-3812,0,0
26,44,-29,920,1127,-3842,0,0
91,61,-13,928,1070,-3871,0,0
1,55,-29,940,1062,-3863,0,0
-86,57,-20,978,1179,-3821,0,0
-70,52,-3,1015,1146,-3824,0,0
-77,54,-3,1004,1165,-3804,0,0
-70,32,-2,989,1220,-3787,0,0
-21,10,11,996,1196,-3805,0,0
2,11,6,1020,1155,-3811,0,0
-19,6,-18,1005,1170,-3813,0,0
-13,8,-25,965,1195,-3824,0,0
4,24,-16,1002,1182,-3801,0,0
2,19,-17,1018,1181,-3793,0,0
-6,6,-18,997,1175,-3812,0,0
2,6,-6,1005,1184,-3807,0,0
13,-2,5,1012,1161,-3804,0,0
-3,-6,-4,999,1138,-3822,0,0
-43,1,-16,975,1181,-3817,0,0
-30,5,-10,1004,1209,-3790,0,0
4,3,-1,1009,1205,-3802,0,0
8,7,1,986,1191,-3815,0,0
2,12,1,1000,1179,-3810,0,0
-11,14,-11,1007,1178,-3800,0,0
-23,5,-20,1004,1209,-3798,0,0
-7,2,-12,980,1226,-3803,0,0
8,11,-8,1011,1177,-3800,0,0
-12,7,-19,1003,1182,-3800,0,0
-34,6,-25,999,1213,-3811,0,0
-77,15,-39,1009,1232,-3800,0,0
-46,34,-29,985,1226,-3805,0,0
24,37,-3,985,1183,-3824,0,0
66,81,-4,988,1180,-3825,0,0
12,107,-11,1061,1201,-3770,0,0
16,69,-12,1049,1201,-3761,0,0
64,61,-16,1052,1237,-3774,0,0
-9,30,-13,1109,1287,-3719,0,0
-22,-26,-8,1089,1235,-3750,0,0
-24,-27,-16,1030,1219,-3772,0,0
-34,-28,-14,1034,1192,-3782,0,0
-50,-53,-30,1057,1206,-3788,0,0
-83,-52,-36,1037,1290,-3736,0,0
2,-67,-4,1040,1310,-3734,0,0
84,-110,22,1014,1237,-3800,0,0
83,-96,24,964,1177,-3836,0,0
66,-72,8,960,1095,-3839,0,0
-6,-34,-27,923,1166,-3843,0,0
-35,-21,-37,922,1272,-3815,0,0
-22,-12,-25,948,1269,-3807,0,0
-9,5,-9,964,1225,-3796,0,0
-14,19,-10,962,1221,-3806,0,0
4,13,-12,927,1266,-3816,0,0
28,12,-6,950,1164,-3809,0,0
8,7,-5,953,1226,-3806,0,0
-3,25,-9,950,1266,-3786,0,0
30,22,3,979,1173,-3811,0,0
-13,-9,12,992,1232,-3781,0,0
-79,-46,13,989,1275,-3753,0,0
-12,-38,29,948,1216,-3824,0,0
-17,-24,48,909,1295,-3840,0,0
-89,51,22,912,1125,-3832,0,0
-68,102,-21,932,1151,-3804,0,0
-126,61,-32,966,1323,-3737,0,0
-163,6,-27,1000,1439,-3708,0,0
109,-23,-42,1026,1216,-3773,0,0
65,-31,-52,954,1256,-3823,0,0
0,5,-42,926,1342,-3726,0,0
117,-34,-27,990,1257,-3757,0,0
160,-33,-4,953,1191,-3829,0,0
150,-16,21,960,1358,-3814,0,0
95,-25,8,984,1280,-3740,0,0
197,-68,28,859,1087,-3951,0,0
-25,-12,37,878,1191,-3804,0,0
-7,-40,11,956,1199,-3798,0,0
29,-53,-2,915,1167,-3868,0,0
-15,-44,1,948,1260,-3760,0,0
113,-90,24,885,1137,-3858,0,0
128,-77,45,814,1062,-3924,0,0
28,-25,34,851,1081,-3889,0,0
-16,5,23,864,1119,-3883,0,0
-21,35,15,911,1143,-3841,0,0
-20,18,0,909,1106,-3832,0,0
-29,-17,-22,855,1143,-3842,0,0
-30,14,-11,846,1200,-3900,0,0
23,81,52,884,1136,-3859,0,0
13,64,76,965,1128,-3791,0,0
5,-5,24,953,1075,-3840,0,0
-48,-24,-39,892,1176,-3834,0,0
-44,-33,-57,896,1203,-3832,0,0
9,-11,-37,893,1149,-3896,0,0
48,63,14,861,1155,-3869,0,0
63,72,42,918,1111,-3813,0,0
3,24,-9,956,1079,-3831,0,0
-66,-3,-66,925,1163,-3816,0,0
-41,-27,-58,915,1192,-3855,0,0
0,0,-25,891,1170,-3858,0,0
23,34,7,904,1155,-3843,0,0
-11,37,-9,926,1131,-3811,0,0
-62,-12,-78,959,1131,-3818,0,0
-26,-12,-60,874,1202,-3899,0,0
58,74,63,855,1220,-3850,0,0
81,64,107,986,1134,-3769,0,0
2,-15,15,1008,1082,-3810,0,0
-87,-47,-81,942,1202,-3814,0,0
-39,-38,-68,875,1233,-3873,0,0
51,41,7,845,1162,-3891,0,0
36,80,23,956,1118,-3799,0,0
-34,10,-33,1006,1135,-3788,0,0
-66,-37,-73,928,1198,-3826,0,0
-27,-21,-42,885,1208,-3852,0,0
26,11,17,903,1176,-3854,0,0
30,26,38,949,1171,-3815,0,0
16,7,25,943,1171,-3811,0,0
-6,-8,4,917,1184,-3833,0,0
-13,-4,-10,927,1192,-3824,0,0
-15,-1,-17,927,1184,-3823,0,0
-13,5,-16,929,1166,-3826,0,0
-6,9,-19,923,1178,-3827,0,0
-4,-1,-19,920,1192,-3822,0,0
-1,1,-26,931,1198,-3825,0,0
1,0,-16,918,1193,-3821,0,0
6,-1,-8,921,1180,-3830,0,0
7,-2,-5,923,1169,-3829,0,0
2,-1,-3,908,1196,-3825,0,0
3,-7,1,914,1188,-3825,0,0
3,-10,-8,924,1186,-3825,0,0
-9,-4,-21,916,1191,-3824,0,0
-11,3,-19,901,1200,-3840,0,0
-7,7,-11,899,1206,-3824,0,0
7,12,-8,921,1172,-3829,0,0
8,19,-5,925,1201,-3828,0,0
29,19,2,900,1200,-3837,0,0
32,26,-1,909,1158,-3824,0,0
38,34,-20,928,1121,-3838,0,0
32,37,-29,921,1182,-3822,0,0
44,41,-40,913,1161,-3862,0,0
50,82,-59,929,1135,-3845,0,0
102,96,-65,953,1136,-3831,0,0
113,91,-82,954,1113,-3848,0,0
6,82,-109,1006,1169,-3790,0,0
8,47,-126,1016,1194,-3790,0,0
14,45,-125,965,1144,-3879,0,0
-40,83,-91,965,1259,-3769,0,0
20,60,-44,994,1198,-3794,0,0
-24,34,-34,1002,1166,-3796,0,0
-108,5,-34,1007,1163,-3807,0,0
-76,5,-21,987,1226,-3776,0,0
-20,-18,6,1014,1261,-3760,0,0
18,-21,0,996,1163,-3829,0,0
4,-9,-2,965,1197,-3801,0,0
8,-29,11,1001,1255,-3762,0,0
22,-71,33,1008,1256,-3791,0,0
28,-80,64,954,1270,-3794,0,0
101,-55,88,938,1122,-3881,0,0
24,-31,98,920,1116,-3844,0,0
57,4,88,925,1088,-3880,0,0
6,32,69,941,1034,-3894,0,0
-93,40,35,995,1084,-3833,0,0
-78,40,-7,977,1147,-3799,0,0
-30,35,-7,963,1214,-3780,0,0
32,-6,1,1021,1158,-3824,0,0
40,19,-31,986,1071,-3832,0,0
-8,-10,-49,1006,1285,-3741,0,0
136,-50,-58,976,1172,-3836,0,0
10,3,-85,916,1102,-3870,0,0
-128,14,-61,934,1224,-3805,0,0
-23,-16,-19,942,1203,-3813,0,0
7,-3,-4,925,1088,-3877,0,0
-80,47,-23,966,1234,-3814,0,0
24,70,-15,993,1304,-3754,0,0
150,79,-20,995,1089,-3842,0,0
252,129,-31,1003,1177,-3800,0,0
342,99,-47,1031,1069,-3804,0,0
102,19,-21,1013,1266,-3771,0,0
548,26,36,1051,1068,-3877,0,0
491,49,-38,1079,573,-3935,0,0
-34,46,-158,969,616,-3905,0,0
-222,-15,-123,945,1197,-3828,0,0
-64,-114,5,1043,1296,-3746,0,0
20,-179,30,1045,837,-3923,0,0
-354,-132,-9,915,1032,-3921,0,0
27,-103,44,915,1047,-3851,0,0
-49,-116,51,900,969,-3918,0,0
-271,-82,47,906,1066,-3879,0,0
-234,-60,30,937,1035,-3856,0,0
-266,-75,21,911,1150,-3842,0,0
-251,-93,12,868,1228,-3774,0,0
-79,-136,30,774,1240,-3862,0,0
61,-126,62,772,1123,-3909,0,0
-20,-67,46,793,1067,-3932,0,0
-67,22,1,843,1039,-3921,0,0
-71,69,-33,809,1233,-3838,0,0
-55,52,-13,781,1296,-3839,0,0
-35,79,19,874,1258,-3854,0,0
-98,109,28,939,1079,-3868,0,0
-199,109,-49,960,1053,-3781,0,0
-239,1,-155,801,1294,-3776,0,0
-403,-68,-150,753,1574,-3758,0,0
-211,-10,-27,843,1650,-3724,0,0
125,84,56,992,1471,-3700,0,0
145,57,73,937,1362,-3732,0,0
69,-17,90,875,1307,-3739,0,0
90,-90,101,923,1274,-3772,0,0
101,-134,58,858,1242,-3797,0,0
97,-157,32,795,1280,-3841,0,0
21,-105,4,787,1315,-3832,0,0
28,-52,-11,804,1316,-3822,0,0
38,-46,-14,785,1191,-3864,0,0
-57,-32,-19,793,1385,-3797,0,0
38,-33,-23,777,1304,-3839,0,0
8,7,-50,750,1207,-3880,0,0
-90,51,-59,772,1323,-3841,0,0
-87,82,-64,804,1325,-3832,0,0
-29,142,-54,732,1317,-3893,0,0
-57,238,-41,782,1274,-3843,0,0
-32,244,-25,928,1347,-3719,0,0
394,212,8,833,1411,-3780,0,0
813,326,-49,1053,946,-3936,0,0
379,360,-140,1126,1063,-3779,0,0
170,248,-114,966,1268,-3770,0,0
-42,170,-69,1051,1070,-3781,0,0
-100,91,-75,1158,1054,-3713,0,0
-54,-19,-74,1121,1207,-3751,0,0
-45,-12,-36,1100,1258,-3828,0,0
-13,64,15,1143,1292,-3744,0,0
0,47,69,1074,1168,-3770,0,0
25,34,93,1052,963,-3849,0,0
-10,34,50,1179,1016,-3771,0,0
32,15,-18,1066,1124,-3822,0,0
-32,54,-43,1066,1181,-3836,0,0
-117,72,14,1187,1300,-3741,0,0
5,122,-15,1190,1050,-3749,0,0
4,73,-51,1215,1002,-3710,0,0
-30,-56,-41,1150,1154,-3731,0,0
-67,-116,-3,1152,1210,-3782,0,0
-115,-93,4,1153,1244,-3768,0,0
-133,-42,-25,1095,1215,-3788,0,0
-140,16,-58,1083,1169,-3778,0,0
-160,31,-93,1079,1230,-3765,0,0
-121,21,-74,1087,1290,-3746,0,0
-31,9,-46,1099,1264,-3751,0,0
-47,31,-27,1116,1310,-3745,0,0
-19,45,-17,1142,1297,-3704,0,0
18,6,-3,1103,1341,-3700,0,0
79,-7,26,1108,1277,-3744,0,0
74,25,35,1143,1226,-3754,0,0
-30,8,10,1132,1312,-3698,0,0
-19,-47,9,1142,1302,-3713,0,0
24,-65,12,1107,1251,-3739,0,0
21,-43,-11,1125,1231,-3755,0,0
-23,-32,-20,1084,1308,-3740,0,0
-6,-21,-6,1054,1323,-3731,0,0
3,-8,-12,1095,1268,-3760,0,0
-22,39,-22,1110,1253,-3744,0,0
1,19,-24,1105,1277,-3734,0,0
-12,-21,-6,1067,1294,-3746,0,0
9,-4,0,1104,1290,-3747,0,0
4,5,-15,1103,1269,-3724,0,0
8,-14,-19,1052,1314,-3744,0,0
23,2,19,1063,1317,-3745,0,0
28,-20,36,1141,1226,-3742,0,0
-59,-63,-20,1029,1219,-3769,0,0
-128,-7,-58,1014,1308,-3782,0,0
-47,30,-54,1120,1338,-3736,0,0
-253,-22,-98,1074,1354,-3735,0,0
-484,-49,-119,1018,1474,-3677,0,0
-319,2,-51,1069,1464,-3638,0,0
-93,-10,-22,1041,1482,-3647,0,0
-41,0,-1,987,1555,-3652,0,0
145,27,25,1080,1502,-3638,0,0
105,16,4,1064,1455,-3675,0,0
130,24,15,1034,1458,-3649,0,0
212,-21,50,1088,1383,-3682,0,0
119,-122,18,1075,1410,-3625,0,0
310,-207,39,951,1328,-3788,0,0
363,-187,120,1012,1256,-3849,0,0
56,-136,175,1073,1724,-3617,0,0
205,-110,206,899,1375,-3818,0,0
200,1,112,882,729,-4011,0,0
-97,57,-30,871,947,-3859,0,0
-175,2,-84,901,1305,-3764,0,0
-143,-44,-51,1028,1427,-3759,0,0
-42,-4,-3,1031,1309,-3780,0,0
-1,30,4,940,1242,-3778,0,0
-6,-7,-10,895,1248,-3800,0,0
-27,-18,-18,935,1243,-3809,0,0
-48,26,-29,943,1308,-3775,0,0
-29,48,-28,965,1338,-3771,0,0
-12,47,-23,970,1297,-3777,0,0
-13,31,-19,950,1301,-3754,0,0
-13,30,-3,976,1296,-3797,0,0
-9,40,12,1016,1293,-3756,0,0
8,25,25,970,1329,-3759,0,0
-5,35,21,957,1311,-3795,0,0
-39,62,17,982,1280,-3760,0,0
-29,47,5,1045,1316,-3721,0,0
-24,-6,-18,1057,1333,-3741,0,0
-64,-33,-32,1014,1367,-3726,0,0
-43,-26,-28,1004,1346,-3765,0,0
-13,-46,-40,962,1315,-3769,0,0
-18,0,-38,954,1347,-3781,0,0
-31,44,-49,1012,1316,-3767,0,0
-106,6,-59,953,1407,-3729,0,0
-54,43,-30,927,1438,-3761,0,0
180,167,-7,1042,1328,-3798,0,0
-91,136,-48,1058,1372,-3646,0,0
-155,12,-23,1030,1366,-3636,0,0
6,-17,-10,1051,1307,-3734,0,0
-37,-31,-25,1042,1427,-3701,0,0
-6,-17,-13,1027,1430,-3706,0,0
73,23,4,981,1425,-3749,0,0
50,24,-27,1020,1363,-3687,0,0
-4,-30,-47,1045,1369,-3703,0,0
13,-41,-48,1005,1402,-3746,0,0
14,-13,-34,1013,1413,-3739,0,0
-14,9,-27,985,1435,-3699,0,0
5,13,-33,1011,1365,-3731,0,0
-26,14,-62,1036,1320,-3747,0,0
-97,13,-100,950,1431,-3724,0,0
-68,14,-60,966,1530,-3689,0,0
14,6,-12,1058,1408,-3701,0,0
25,-3,-15,974,1415,-3724,0,0
15,2,-29,931,1450,-3725,0,0
-8,16,-39,994,1457,-3725,0,0
-6,31,-24,1020,1437,-3699,0,0
11,17,-11,1017,1431,-3690,0,0
25,-2,3,966,1457,-3710,0,0
27,-3,10,975,1437,-3723,0,0
18,10,-3,1025,1393,-3728,0,0
-15,21,-29,981,1431,-3703,0,0
-14,16,-29,980,1431,-3730,0,0
-14,35,-23,1016,1423,-3710,0,0
4,22,-9,999,1461,-3694,0,0
26,3,13,1002,1412,-3727,0,0
15,21,5,1000,1411,-3741,0,0
13,47,5,977,1447,-3710,0,0
23,34,-8,1028,1406,-3696,0,0
5,10,-6,1066,1462,-3674,0,0
34,-37,20,1051,1416,-3681,0,0
44,-29,15,991,1359,-3756,0,0
-9,0,-3,948,1445,-3706,0,0
-9,-1,1,1047,1398,-3711,0,0
-31,15,-26,1028,1403,-3727,0,0
-28,11,-34,996,1461,-3684,0,0
1,-29,-10,1034,1398,-3699,0,0
-8,-33,-8,989,1432,-3719,0,0
-10,-34,-18,980,1444,-3709,0,0
-2,-19,-23,1008,1419,-3716,0,0
-10,-11,-27,967,1434,-3713,0,0
-7,-13,-26,954,1439,-3731,0,0
-12,5,-26,972,1455,-3718,0,0
7,3,-18,984,1474,-3704,0,0
38,-6,-4,990,1423,-3719,0,0
30,3,-6,962,1425,-3711,0,0
36,-2,-6,994,1444,-3722,0,0
19,27,3,992,1459,-3722,0,0
71,33,38,968,1445,-3724,0,0
123,27,70,994,1383,-3709,0,0
66,-1,27,1012,1314,-3733,0,0
15,-24,-27,961,1340,-3764,0,0
-4,-5,-31,971,1395,-3730,0,0
-8,3,-25,990,1394,-3749,0,0
9,37,-9,984,1405,-3735,0,0
16,46,4,1006,1379,-3718,0,0
1,28,-10,1012,1375,-3734,0,0
1,37,-10,998,1393,-3740,0,0
22,39,8,992,1386,-3730,0,0
17,25,8,1045,1349,-3718,0,0
-12,17,-16,1030,1378,-3719,0,0
-2,17,-16,991,1402,-3736,0,0
7,27,-7,1024,1356,-3728,0,0
-5,20,-15,1028,1375,-3720,0,0
4,21,-8,1014,1391,-3732,0,0
11,33,0,1042,1370,-3718,0,0
7,27,-6,1038,1382,-3723,0,0
12,26,0,1051,1387,-3729,0,0
19,27,3,1055,1373,-3719,0,0
19,26,0,1028,1387,-3725,0,0
31,27,9,1050,1355,-3729,0,0
9,19,10,1084,1323,-3701,0,0
-17,-9,-11,1066,1383,-3709,0,0
-3,-17,-14,1068,1380,-3729,0,0
1,-31,-14,1066,1344,-3704,0,0
5,-32,-9,1022,1372,-3737,0,0
33,-11,16,1028,1402,-3723,0,0
42,4,14,1061,1350,-3737,0,0
48,48,-3,1030,1358,-3754,0,0
108,77,14,1027,1347,-3748,0,0
166,71,45,1051,1394,-3728,0,0
194,54,73,1117,1360,-3727,0,0
119,78,7,1188,1018,-3789,0,0
-56,23,-77,996,1132,-3738,0,0
-171,-46,-62,939,1360,-3749,0,0
-75,14,32,1142,1425,-3717,0,0
19,-4,121,1238,1277,-3701,0,0
-33,-4,101,1168,1129,-3716,0,0
-59,-23,-12,976,1268,-3736,0,0
-128,-30,-91,984,1409,-3721,0,0
-140,-19,-101,1087,1419,-3744,0,0
-89,28,-70,1079,1463,-3714,0,0
38,83,-29,1093,1332,-3732,0,0
29,106,-66,1127,1297,-3715,0,0
-59,66,-95,1140,1351,-3672,0,0
-53,3,-76,1146,1426,-3657,0,0
7,-22,-22,1083,1467,-3699,0,0
37,-7,34,1129,1417,-3680,0,0
33,1,46,1085,1403,-3708,0,0
55,24,51,1085,1377,-3710,0,0
59,42,29,1095,1310,-3720,0,0
17,41,-13,1071,1333,-3713,0,0
-23,26,-36,1162,1343,-3672,0,0
-38,1,-61,1133,1385,-3677,0,0
21,3,-44,1122,1395,-3701,0,0
29,20,-34,1110,1350,-3706,0,0
12,23,-33,1071,1352,-3715,0,0
10,20,-22,1146,1330,-3695,0,0
3,-3,-22,1125,1389,-3682,0,0
14,-10,-1,1092,1394,-3704,0,0
8,-1,4,1149,1347,-3701,0,0
-4,-14,-18,1122,1430,-3685,0,0
38,-25,9,1105,1388,-3705,0,0
48,17,26,1095,1290,-3722,0,0
22,19,-5,1087,1354,-3709,0,0
3,2,-18,1132,1339,-3707,0,0
-16,-21,-35,1119,1348,-3668,0,0
-1,-55,-35,1061,1363,-3724,0,0
-2,-19,-30,1124,1335,-3754,0,0
-1,22,-31,1085,1389,-3696,0,0
30,9,-6,1069,1340,-3717,0,0
5,-7,-6,1134,1286,-3715,0,0
-3,-17,-21,1049,1453,-3691,0,0
48,-25,10,1075,1401,-3711,0,0
37,-11,5,1122,1273,-3728,0,0
3,-24,-24,1057,1341,-3706,0,0
-14,-28,-18,1050,1398,-3718,0,0
3,-1,13,1091,1407,-3728,0,0
9,25,11,1113,1281,-3717,0,0
-8,13,-6,1028,1326,-3738,0,0
-12,15,6,1034,1388,-3748,0,0
-17,14,2,1163,1330,-3680,0,0
-6,-16,-22,1063,1357,-3715,0,0
-14,-32,-2,1038,1370,-3742,0,0
-86,-30,3,1109,1334,-3710,0,0
-193,-32,-2,1050,1446,-3693,0,0
-6,-7,36,1030,1423,-3699,0,0
-3,-14,24,1062,1368,-3753,0,0
-280,-23,-17,1040,1445,-3661,0,0
-160,-19,-30,1068,1446,-3639,0,0
40,-13,-42,1045,1433,-3683,0,0
148,8,-10,1051,1478,-3697,0,0
95,4,-9,1036,1403,-3713,0,0
37,9,-7,1020,1431,-3710,0,0
47,18,4,1048,1431,-3698,0,0
31,10,-12,1057,1390,-3702,0,0
28,-4,-29,1060,1388,-3695,0,0
23,-27,-25,1034,1433,-3698,0,0
-1,-47,-16,1038,1433,-3708,0,0
37,-52,-5,1004,1413,-3723,0,0
40,-20,1,1036,1369,-3737,0,0
3,19,-17,1033,1383,-3716,0,0
-10,59,-20,982,1410,-3724,0,0
-24,82,-7,1059,1416,-3716,0,0
-8,47,-13,1071,1390,-3705,0,0
7,35,-7,1011,1427,-3704,0,0
20,31,9,1079,1375,-3700,0,0
3,22,-15,1057,1407,-3698,0,0
-2,11,-17,1041,1435,-3688,0,0
11,6,-11,1085,1364,-3713,0,0
-7,-5,-34,1091,1434,-3680,0,0
43,-60,-20,1067,1461,-3621,0,0
120,-154,33,1104,1433,-3619,0,0
142,-233,51,1026,1412,-3753,0,0
117,-195,37,873,1417,-3829,0,0
107,-44,45,849,1200,-3906,0,0
43,109,0,883,1035,-3889,0,0
-79,114,-52,938,1249,-3756,0,0
-79,73,-47,1006,1473,-3692,0,0
-43,58,-10,1111,1461,-3658,0,0
-19,18,-8,1061,1369,-3717,0,0
-6,14,-25,946,1331,-3770,0,0
3,40,4,979,1332,-3770,0,0
-8,47,-6,1059,1323,-3717,0,0
-19,14,-29,1026,1409,-3710,0,0
2,0,-8,987,1402,-3741,0,0
30,15,6,1050,1322,-3739,0,0
-9,15,-25,1044,1341,-3715,0,0
-54,-21,-43,1001,1400,-3727,0,0
-33,-18,-22,1017,1378,-3739,0,0
5,3,-12,1018,1343,-3746,0,0
6,7,-13,977,1399,-3737,0,0
15,16,0,1032,1362,-3731,0,0
0,14,-16,1026,1362,-3717,0,0
-11,-5,-19,995,1424,-3727,0,0
2,-1,-4,1023,1372,-3741,0,0
8,21,-10,1005,1352,-3736,0,0
0,16,-17,1022,1375,-3715,0,0
-15,-7,-22,1024,1380,-3736,0,0
-3,-4,-19,980,1399,-3740,0,0
14,23,-12,1024,1395,-3723,0,0
3,20,-12,1028,1371,-3719,0,0
-8,8,-19,1002,1378,-3722,0,0
1,2,-12,1009,1376,-3739,0,0
-3,3,-14,1015,1389,-3726,0,0
-5,-20,-22,1003,1409,-3733,0,0
7,-4,-4,1003,1374,-3742,0,0
6,12,7,1004,1373,-3741,0,0
-30,-5,-1,985,1419,-3716,0,0
-33,5,-1,1035,1393,-3715,0,0
-20,-16,-9,1039,1437,-3693,0,0
-71,-24,-6,988,1423,-3737,0,0
-58,21,-4,965,1407,-3705,0,0
122,85,3,1019,1418,-3703,0,0
166,94,-11,1070,1393,-3707,0,0
36,61,-52,1034,1365,-3704,0,0
22,28,-57,1006,1377,-3755,0,0
35,44,-14,975,1358,-3775,0,0
11,63,21,1059,1357,-3732,0,0
2,45,28,1139,1335,-3680,0,0
27,2,38,1092,1351,-3707,0,0
4,-29,41,1031,1372,-3739,0,0
-59,-35,58,1053,1381,-3712,0,0
-18,-34,101,1116,1437,-3706,0,0
-88,-59,87,1086,1377,-3709,0,0
-87,-29,67,998,1383,-3713,0,0
63,35,62,1031,1249,-3772,0,0
139,96,20,1090,1258,-3737,0,0
82,79,-35,1088,1374,-3681,0,0
20,9,-43,1110,1406,-3699,0,0
21,2,3,1093,1383,-3720,0,0
39,18,45,1080,1348,-3738,0,0
45,9,47,1148,1266,-3719,0,0
-7,-18,-4,1089,1308,-3735,0,0
-63,-36,-36,1083,1333,-3696,0,0
3,-15,-14,1095,1336,-3739,0,0
-14,-6,-4,1113,1357,-3718,0,0
-32,-16,-22,1079,1322,-3716,0,0
93,-8,5,1030,1333,-3710,0,0
114,-29,25,1096,1250,-3770,0,0
-62,-23,-30,1110,1296,-3722,0,0
18,-10,-20,1013,1406,-3707,0,0
79,-11,8,1047,1262,-3771,0,0
58,-6,-24,1076,1222,-3756,0,0
48,-10,-24,1044,1355,-3749,0,0
44,12,13,1077,1308,-3760,0,0
4,18,-3,1097,1249,-3749,0,0
-13,-4,-8,1053,1305,-3741,0,0
21,-11,5,1044,1259,-3766,0,0
1,-2,-2,1054,1297,-3751,0,0
-2,-6,-1,1081,1304,-3741,0,0
9,-6,-4,1046,1261,-3769,0,0
-3,2,-16,1052,1248,-3754,0,0
-17,7,-31,1071,1307,-3750,0,0
-43,25,-34,1059,1287,-3758,0,0
-48,29,-32,1052,1314,-3744,0,0
-14,22,-14,1039,1299,-3761,0,0
-34,27,-35,1079,1252,-3744,0,0
-58,15,-64,1047,1345,-3731,0,0
-17,10,-34,1089,1384,-3730,0,0
12,28,-14,1136,1349,-3719,0,0
19,17,-14,1052,1337,-3697,0,0
36,-27,-3,1009,1295,-3766,0,0
10,-28,-26,1021,1287,-3766,0,0
-11,-29,-36,1046,1368,-3729,0,0
10,-11,-16,1040,1269,-3807,0,0
-53,32,-33,1084,1407,-3650,0,0
241,28,-18,1014,1351,-3772,0,0
215,64,30,1078,1313,-3791,0,0
50,79,8,1131,1064,-3748,0,0
-117,13,-44,1001,1222,-3787,0,0
-293,-48,20,1044,1541,-3719,0,0
-147,27,32,1077,1294,-3750,0,0
3,101,22,1092,1253,-3735,0,0
49,97,44,1152,1309,-3629,0,0
90,13,44,1147,1341,-3692,0,0
73,-31,23,1117,1267,-3736,0,0
90,15,-9,1011,1288,-3784,0,0
86,88,-18,1115,1286,-3795,0,0
14,139,-1,1237,1382,-3667,0,0
70,102,58,1195,1350,-3629,0,0
65,18,45,1153,1167,-3721,0,0
-20,-22,-9,1084,1140,-3807,0,0
-72,-1,-36,1155,1200,-3758,0,0
-43,23,-42,1171,1342,-3726,0,0
30,45,9,1215,1368,-3688,0,0
68,24,46,1201,1256,-3663,0,0
59,-31,37,1151,1216,-3741,0,0
-16,-26,-1,1147,1214,-3758,0,0
-66,13,-69,1130,1228,-3758,0,0
-9,59,-55,1160,1336,-3762,0,0
39,112,2,1234,1335,-3653,0,0
8,68,-12,1217,1230,-3651,0,0
-24,-7,-36,1206,1117,-3772,0,0
-109,-1,-93,1161,1199,-3718,0,0
-97,-15,-95,1128,1392,-3691,0,0
-31,1,-10,1139,1441,-3728,0,0
-9,44,38,1255,1269,-3638,0,0
-30,-25,-5,1217,1268,-3641,0,0
0,-84,16,1163,1357,-3754,0,0
27,-11,48,1182,1341,-3742,0,0
64,54,63,1156,1377,-3700,0,0
126,94,101,1176,1293,-3743,0,0
69,147,39,1192,1119,-3694,0,0
-1,84,-33,1222,1197,-3644,0,0
-14,-10,24,1302,1339,-3688,0,0
47,15,71,1290,1298,-3697,0,0
75,46,58,1213,1258,-3663,0,0
67,34,33,1187,1143,-3724,0,0
-50,10,-41,1233,1106,-3707,0,0
-95,-25,-77,1296,1302,-3683,0,0
-20,-14,-17,1340,1343,-3677,0,0
38,14,23,1227,1279,-3678,0,0
39,19,20,1153,1241,-3712,0,0
21,40,-2,1265,1150,-3749,0,0
-32,58,-39,1261,1266,-3643,0,0
-8,11,-23,1269,1266,-3659,0,0
-4,-21,-13,1322,1182,-3716,0,0
-34,-9,-27,1203,1314,-3679,0,0
-1,1,5,1230,1299,-3684,0,0
14,11,15,1270,1254,-3669,0,0
25,-10,20,1271,1219,-3674,0,0
-5,-40,-10,1277,1185,-3702,0,0
-21,-26,-45,1211,1297,-3738,0,0
3,39,-22,1240,1324,-3701,0,0
44,66,9,1283,1241,-3651,0,0
39,23,7,1267,1193,-3663,0,0
11,-22,-14,1214,1202,-3722,0,0
-50,-15,-43,1229,1224,-3707,0,0
-65,-12,-61,1245,1294,-3673,0,0
-10,-8,-28,1260,1310,-3681,0,0
7,-9,10,1322,1250,-3664,0,0
-28,-32,-24,1212,1248,-3679,0,0
-19,-39,-35,1175,1277,-3718,0,0
-22,-17,-38,1218,1269,-3718,0,0
-10,21,-49,1266,1313,-3708,0,0
19,57,-22,1262,1361,-3657,0,0
57,54,8,1200,1256,-3671,0,0
47,19,3,1175,1211,-3711,0,0
22,4,-3,1223,1240,-3704,0,0
-6,11,-31,1328,1287,-3676,0,0
4,20,-32,1292,1338,-3632,0,0
37,-15,1,1212,1263,-3705,0,0
28,2,-17,1197,1210,-3724,0,0
-9,31,-59,1196,1305,-3696,0,0
19,45,-42,1219,1276,-3699,0,0
0,76,-73,1276,1209,-3709,0,0
-31,76,-114,1326,1240,-3628,0,0
1,32,-127,1175,1340,-3669,0,0
0,11,-64,1293,1308,-3674,0,0
2,28,-55,1318,1307,-3651,0,0
54,49,-59,1207,1371,-3673,0,0
79,30,-6,1285,1273,-3659,0,0
-10,-19,-50,1276,1184,-3648,0,0
-105,-76,-114,1158,1301,-3645,0,0
-75,-131,-72,1197,1330,-3696,0,0
-63,-133,-46,1323,1278,-3695,0,0
-124,-107,-96,1174,1356,-3677,0,0
-101,-71,-102,1087,1387,-3737,0,0
-80,1,-66,1080,1405,-3741,0,0
-30,52,3,1105,1447,-3691,0,0
38,77,61,1225,1407,-3661,0,0
67,68,77,1225,1425,-3600,0,0
90,34,53,1206,1390,-3648,0,0
32,37,2,1219,1360,-3651,0,0
-9,29,-42,1173,1332,-3660,0,0
-22,7,-50,1179,1312,-3695,0,0
1,14,-9,1203,1392,-3688,0,0
56,35,48,1229,1453,-3617,0,0
109,17,71,1213,1353,-3666,0,0
91,27,51,1186,1258,-3720,0,0
24,45,10,1197,1258,-3680,0,0
-17,25,-22,1207,1316,-3678,0,0
-35,15,-36,1216,1316,-3663,0,0
-57,-12,-40,1283,1333,-3630,0,0
-24,-46,-8,1221,1377,-3642,0,0
17,-63,15,1228,1366,-3668,0,0
19,-43,8,1187,1344,-3715,0,0
9,1,-1,1169,1316,-3699,0,0
-26,12,-24,1192,1310,-3683,0,0
-39,8,-46,1195,1338,-3682,0,0
-36,6,-40,1213,1388,-3650,0,0
1,2,-7,1229,1399,-3635,0,0
34,10,-2,1202,1344,-3681,0,0
13,25,-28,1165,1336,-3680,0,0
0,26,-34,1173,1327,-3691,0,0
-22,28,-37,1219,1331,-3649,0,0
-34,1,-41,1234,1390,-3641,0,0
6,-11,-6,1207,1434,-3652,0,0
65,-2,37,1219,1366,-3668,0,0
66,8,32,1187,1310,-3691,0,0
29,14,5,1155,1314,-3695,0,0
-6,19,-19,1200,1328,-3680,0,0
-18,24,-43,1214,1352,-3670,0,0
-21,21,-44,1220,1350,-3647,0,0
-18,-6,-41,1216,1351,-3661,0,0
-15,-10,-23,1207,1387,-3668,0,0
25,18,1,1178,1374,-3702,0,0
28,46,12,1217,1329,-3649,0,0
15,8,1,1216,1334,-3654,0,0
-1,-8,-15,1193,1352,-3688,0,0
1,14,-11,1216,1372,-3646,0,0
6,1,-18,1200,1353,-3671,0,0
-10,9,-37,1204,1336,-3686,0,0
-17,20,-40,1204,1357,-3653,0,0
-11,7,-29,1205,1359,-3662,0,0
1,1,-15,1224,1389,-3649,0,0
29,0,3,1212,1374,-3657,0,0
36,-4,-4,1187,1333,-3691,0,0
4,2,-30,1193,1356,-3669,0,0
-9,14,-14,1207,1363,-3669,0,0
-9,17,-13,1187,1330,-3685,0,0
-20,3,-25,1198,1346,-3665,0,0
-39,-5,-24,1207,1373,-3665,0,0
-71,-4,-26,1207,1396,-3667,0,0
-74,-29,-18,1242,1397,-3615,0,0
-46,-48,11,1180,1429,-3642,0,0
18,-45,35,1156,1400,-3673,0,0
56,-30,37,1195,1363,-3669,0,0
23,-28,-5,1194,1345,-3653,0,0
-17,-55,-23,1120,1421,-3676,0,0
-9,-37,-8,1183,1409,-3652,0,0
14,-8,-11,1183,1417,-3677,0,0
-4,11,-3,1132,1399,-3699,0,0
-8,34,0,1161,1349,-3697,0,0
-96,8,-47,1166,1346,-3651,0,0
-166,-21,-65,1166,1459,-3633,0,0
-73,-34,0,1200,1541,-3594,0,0
1,-68,19,1189,1429,-3664,0,0
-341,-123,-30,1128,1490,-3608,0,0
-200,-101,-5,1031,1516,-3681,0,0
51,4,-31,1099,1426,-3669,0,0
36,20,-53,1094,1618,-3590,0,0
117,9,6,1086,1526,-3629,0,0
91,31,15,1176,1440,-3655,0,0
84,27,-16,1098,1476,-3667,0,0
47,26,-13,1040,1526,-3653,0,0
108,36,22,1188,1429,-3645,0,0
61,19,-12,1144,1414,-3645,0,0
13,-16,-25,1077,1490,-3674,0,0
28,4,7,1148,1428,-3685,0,0
-23,22,-15,1156,1436,-3644,0,0
-8,14,-21,1090,1501,-3659,0,0
40,17,20,1142,1446,-3648,0,0
