-32,-42,90,-1572,343,-3813,0,0
-35,56,197,-1048,345,-4000,0,0
-77,-223,235,-1020,444,-4051,0,0
-83,-543,144,-1353,505,-3863,0,0
-60,-486,40,-1805,485,-3642,0,0
-33,-59,-23,-1677,447,-3721,0,0
-15,139,-41,-1377,451,-3895,0,0
-1,8,-2,-1379,463,-3879,0,0
-20,-121,-10,-1489,489,-3772,0,0
-19,-77,-114,-1797,500,-3743,0,0
31,257,-189,-1690,495,-3745,0,0
44,568,-252,-1700,558,-3833,0,0
10,469,-335,-1969,720,-3827,0,0
-124,-127,-515,-1287,298,-3644,0,0
-183,223,-442,-1142,171,-3780,0,0
-58,943,-212,-419,163,-4286,0,0
60,530,-83,-531,200,-4277,0,0
-13,-357,16,-906,266,-3909,0,0
-119,-672,97,-1376,432,-3947,0,0
-61,-526,49,-1686,497,-3820,0,0
-11,-260,3,-1576,427,-3735,0,0
-18,45,30,-1521,360,-3849,0,0
6,164,56,-1509,414,-3867,0,0
43,249,85,-1360,373,-3879,0,0
19,212,131,-1139,409,-3971,0,0
34,81,161,-949,427,-4031,0,0
21,-193,170,-1195,371,-3905,0,0
-49,-359,87,-1715,449,-3756,0,0
-9,-24,33,-1334,434,-3851,0,0
-32,-50,3,-1162,378,-3920,0,0
-105,-378,-17,-1359,417,-3920,0,0
-95,-471,3,-1574,463,-3797,0,0
-54,-304,-19,-1592,483,-3736,0,0
-23,-175,-75,-1712,521,-3752,0,0
11,2,-60,-1550,449,-3812,0,0
-16,-51,-17,-1568,389,-3828,0,0
-38,-260,24,-1499,470,-3843,0,0
17,-341,18,-1529,516,-3800,0,0
67,-346,-23,-1813,529,-3727,0,0
124,-104,-97,-2104,496,-3827,0,0
113,165,-164,-2049,347,-3652,0,0
34,520,-120,-1554,247,-3467,0,0
49,741,-92,-1884,467,-4137,0,0
206,605,-115,-1241,466,-3781,0,0
51,47,-36,-1275,-86,-3759,0,0
89,344,22,-1654,186,-4240,0,0
141,1,-83,-1310,391,-3888,0,0
183,123,-94,-1074,126,-3652,0,0
210,566,138,-786,254,-3890,0,0
83,-42,234,-1333,141,-3963,0,0
-20,-303,115,-1329,180,-3767,0,0
-63,-67,76,-1235,129,-3604,0,0
-131,-21,114,-1582,406,-4207,0,0
-92,-163,-72,-1784,368,-3642,0,0
-68,341,-110,-1160,288,-3752,0,0
-46,479,-8,-1458,258,-4209,0,0
13,366,-150,-1405,318,-3957,0,0
195,1014,-89,-881,353,-4401,0,0
377,1146,66,-450,112,-4259,0,0
428,832,181,-503,248,-4333,0,0
473,433,293,-549,-17,-4293,0,0
386,-232,339,-650,-114,-4003,0,0
274,-425,356,-716,-156,-3827,0,0
154,-478,412,-986,-38,-3730,0,0
97,-476,344,-1078,-109,-4084,0,0
217,-94,281,-736,-57,-4249,0,0
212,-398,277,-355,-323,-4025,0,0
-45,-1683,257,-1015,-343,-3865,0,0
-409,-2950,119,-1896,-286,-3124,0,0
-836,-3791,-120,-2270,-279,-3299,0,0
-937,-3553,-175,-2410,-13,-3692,0,0
-563,-2590,-87,-3409,307,-3147,0,0
-82,-1320,-32,-3406,299,-2821,0,0
-222,-2480,-168,-3285,203,-2470,0,0
-772,-4127,-192,-3313,-105,-1004,0,0
-1149,-3352,13,-3718,25,-836,0,0
-1108,-1857,223,-3981,459,-1156,0,0
-825,-734,135,-4803,456,-307,0,0
-152,401,-23,-4551,828,-1053,0,0
86,504,-184,-4460,668,-27,0,0
36,1285,-222,-4231,831,-671,0,0
45,1259,-149,-3603,470,-858,0,0
74,630,-225,-3865,449,-1034,0,0
285,944,-118,-3371,216,-1429,0,0
224,408,27,-3334,25,-1370,0,0
144,506,140,-3595,25,-1473,0,0
157,1072,410,-3253,-22,-1868,0,0
154,1032,543,-4115,379,-2013,0,0
-135,-250,322,-4288,626,-1863,0,0
-389,-1163,186,-3800,583,-1445,0,0
-357,-745,191,-4001,747,-1620,0,0
-113,-15,64,-3961,574,-1884,0,0
-30,102,-70,-3979,396,-1207,0,0
-120,231,-4,-4108,553,-1294,0,0
-128,434,-15,-3834,571,-1390,0,0
-115,606,-39,-3669,574,-1692,0,0
-75,391,-61,-3602,574,-1992,0,0
-7,-54,-48,-3642,448,-1887,0,0
22,-313,8,-3740,514,-1761,0,0
17,-301,7,-3810,535,-1618,0,0
-1,-117,4,-3841,527,-1591,0,0
-3,21,12,-3755,526,-1690,0,0
12,-25,23,-3778,537,-1694,0,0
-20,-134,-32,-3730,505,-1768,0,0
-42,-325,-61,-3810,421,-1735,0,0
42,-333,-13,-4034,690,-1405,0,0
57,-133,-28,-3866,574,-1477,0,0
35,-132,-34,-3764,479,-1485,0,0
32,-112,14,-3934,481,-1370,0,0
33,94,27,-3718,448,-1432,0,0
60,213,63,-3428,392,-1423,0,0
-25,-49,92,-3835,473,-1438,0,0
-49,-85,84,-4014,601,-1496,0,0
5,127,40,-3990,546,-1350,0,0
-1,265,47,-3895,587,-1486,0,0
11,388,23,-3770,561,-1743,0,0
32,221,10,-3740,435,-1698,0,0
14,78,45,-3751,552,-1707,0,0
-4,-21,27,-3722,602,-1701,0,0
-18,-99,9,-3754,565,-1673,0,0
-27,-211,9,-3725,547,-1726,0,0
-36,-362,4,-3779,527,-1592,0,0
-18,-280,12,-3937,517,-1351,0,0
4,28,30,-3915,554,-1377,0,0
15,237,37,-3792,588,-1582,0,0
6,114,25,-3709,593,-1688,0,0
-11,-47,-3,-3792,548,-1556,0,0
-21,-15,-1,-3810,550,-1563,0,0
-16,-47,3,-3753,571,-1629,0,0
-8,-101,-3,-3843,568,-1509,0,0
-10,-43,3,-3829,557,-1522,0,0
-9,-2,3,-3852,560,-1479,0,0
-3,104,3,-3824,561,-1517,0,0
2,161,4,-3791,561,-1582,0,0
5,158,10,-3792,562,-1595,0,0
6,168,9,-3782,556,-1646,0,0
4,127,5,-3733,570,-1699,0,0
3,38,11,-3732,568,-1706,0,0
-2,-25,4,-3749,559,-1678,0,0
-8,-47,-4,-3781,534,-1646,0,0
-4,-37,9,-3781,554,-1631,0,0
-2,-18,9,-3766,564,-1636,0,0
-4,-10,11,-3740,559,-1686,0,0
-7,-70,8,-3774,572,-1629,0,0
-7,-50,2,-3797,558,-1597,0,0
-8,-18,2,-3767,552,-1638,0,0
-7,-27,1,-3792,556,-1615,0,0
-6,-7,3,-3769,571,-1629,0,0
-7,-44,1,-3770,561,-1623,0,0
-5,-48,3,-3807,540,-1577,0,0
-2,-2,8,-3805,562,-1590,0,0
-4,-4,11,-3757,553,-1641,0,0
-9,-53,6,-3779,556,-1616,0,0
-11,-60,5,-3807,564,-1564,0,0
-7,-21,6,-3803,565,-1571,0,0
-7,-8,3,-3783,554,-1601,0,0
-6,-43,2,-3817,560,-1551,0,0
0,-8,7,-3801,553,-1570,0,0
-3,-4,9,-3780,561,-1601,0,0
-4,-35,9,-3793,561,-1569,0,0
-2,-35,7,-3823,554,-1529,0,0
-2,-2,7,-3798,562,-1563,0,0
-5,-24,8,-3778,578,-1603,0,0
-8,-90,2,-3786,558,-1580,0,0
-10,-135,3,-3806,557,-1540,0,0
-14,-163,4,-3819,551,-1507,0,0
-25,-185,-1,-3822,574,-1521,0,0
-23,-317,3,-3796,579,-1464,0,0
-25,-344,-7,-3912,549,-1310,0,0
-23,-198,-5,-3958,545,-1211,0,0
-11,4,2,-3926,561,-1276,0,0
-6,88,1,-3886,551,-1372,0,0
-8,83,-9,-3880,563,-1343,0,0
-13,95,-12,-3890,553,-1338,0,0
-8,92,3,-3876,550,-1395,0,0
-5,61,4,-3849,544,-1423,0,0
-3,31,2,-3854,558,-1406,0,0
-1,5,13,-3861,558,-1408,0,0
-1,-22,16,-3858,542,-1411,0,0
0,-31,9,-3858,554,-1388,0,0
-4,-23,10,-3878,566,-1361,0,0
-4,-1,11,-3866,566,-1394,0,0
0,-4,12,-3850,549,-1408,0,0
-7,-37,7,-3865,545,-1396,0,0
-12,-36,2,-3881,563,-1367,0,0
-5,-15,2,-3869,566,-1378,0,0
-5,-10,1,-3863,554,-1397,0,0
-13,-15,-1,-3887,543,-1361,0,0
-10,12,-2,-3886,557,-1349,0,0
-6,64,-3,-3890,559,-1360,0,0
-2,105,0,-3874,563,-1394,0,0
-6,91,2,-3846,548,-1442,0,0
-7,56,2,-3849,537,-1447,0,0
-2,33,9,-3831,562,-1470,0,0
-6,-21,7,-3823,548,-1472,0,0
-14,-90,11,-3839,555,-1437,0,0
-12,-76,2,-3945,551,-1309,0,0
-5,43,11,-3831,542,-1460,0,0
-8,-13,10,-3847,546,-1423,0,0
-11,-7,5,-3905,574,-1347,0,0
-3,68,7,-3822,548,-1465,0,0
-7,2,8,-3840,548,-1448,0,0
-8,-24,9,-3882,557,-1389,0,0
-3,15,16,-3855,557,-1421,0,0
0,-3,16,-3846,563,-1433,0,0
-1,-16,12,-3858,563,-1414,0,0
-3,1,8,-3857,565,-1421,0,0
-3,-1,4,-3854,564,-1420,0,0
-3,3,3,-3860,548,-1421,0,0
-6,4,8,-3848,565,-1433,0,0
-5,-3,7,-3859,569,-1411,0,0
-4,11,3,-3858,561,-1422,0,0
-3,13,6,-3846,555,-1443,0,0
-3,-4,6,-3850,563,-1431,0,0
-4,-5,3,-3870,556,-1415,0,0
-1,21,6,-3859,558,-1430,0,0
-1,17,10,-3822,566,-1473,0,0
-5,-18,4,-3868,568,-1409,0,0
-1,1,5,-3853,565,-1428,0,0
-2,13,2,-3853,545,-1428,0,0
-4,-3,11,-3830,570,-1462,0,0
-4,-17,5,-3872,551,-1407,0,0
-6,13,7,-3832,563,-1454,0,0
-10,-8,2,-3860,554,-1431,0,0
-7,2,2,-3842,571,-1437,0,0
-1,-3,5,-3836,557,-1452,0,0
-5,-23,6,-3850,560,-1435,0,0
-6,-21,5,-3868,547,-1413,0,0
-6,-4,8,-3856,559,-1423,0,0
-3,0,10,-3843,581,-1442,0,0
-1,-8,9,-3842,570,-1434,0,0
-4,-7,5,-3852,552,-1421,0,0
-8,-14,3,-3857,551,-1428,0,0
-5,-24,5,-3855,562,-1428,0,0
-4,-20,7,-3848,579,-1422,0,0
-2,-20,2,-3855,557,-1425,0,0
-6,-28,0,-3871,547,-1405,0,0
-7,2,0,-3881,560,-1391,0,0
-2,44,5,-3849,561,-1424,0,0
-4,24,8,-3832,558,-1455,0,0
-9,-24,5,-3857,553,-1415,0,0
-6,7,3,-3878,567,-1396,0,0
-3,25,8,-3819,566,-1475,0,0
-7,-24,4,-3852,540,-1436,0,0
-6,-34,4,-3872,565,-1404,0,0
-7,-8,1,-3871,561,-1391,0,0
-5,23,4,-3834,564,-1454,0,0
-4,-11,5,-3867,558,-1417,0,0
-4,-6,7,-3861,548,-1412,0,0
-6,2,6,-3851,559,-1425,0,0
-5,1,6,-3849,566,-1431,0,0
-4,-5,6,-3856,568,-1416,0,0
-2,7,5,-3864,547,-1416,0,0
-3,5,5,-3842,545,-1445,0,0
-5,-16,4,-3869,567,-1407,0,0
-2,16,7,-3852,571,-1437,0,0
-4,1,6,-3841,553,-1459,0,0
-10,-32,1,-3870,538,-1403,0,0
-9,1,4,-3874,555,-1395,0,0
-4,26,8,-3831,571,-1458,0,0
-2,-10,6,-3854,561,-1435,0,0
-7,-17,3,-3864,540,-1407,0,0
-9,-1,3,-3858,554,-1414,0,0
-5,7,8,-3846,572,-1438,0,0
-4,-4,9,-3849,568,-1439,0,0
-6,-9,5,-3861,552,-1423,0,0
-5,-5,5,-3866,553,-1414,0,0
-3,4,5,-3844,556,-1443,0,0
-2,-4,8,-3862,575,-1417,0,0
-5,14,4,-3850,553,-1427,0,0
-6,5,5,-3841,542,-1449,0,0
-3,-24,5,-3865,574,-1407,0,0
-1,17,1,-3856,551,-1424,0,0
-3,10,7,-3827,566,-1467,0,0
-7,-26,4,-3876,543,-1402,0,0
-7,-6,9,-3840,562,-1444,0,0
-8,-18,4,-3872,573,-1399,0,0
-5,16,3,-3845,559,-1435,0,0
-7,-3,3,-3854,547,-1436,0,0
-9,-17,3,-3865,553,-1416,0,0
-8,-10,7,-3862,563,-1419,0,0
-5,0,7,-3850,566,-1430,0,0
-5,-8,5,-3852,558,-1426,0,0
-6,-10,6,-3863,556,-1407,0,0
-2,4,7,-3862,558,-1414,0,0
-6,9,6,-3848,552,-1436,0,0
-9,-8,5,-3853,564,-1423,0,0
-8,-9,5,-3871,562,-1411,0,0
-4,1,4,-3855,552,-1426,0,0
-4,-3,4,-3848,560,-1420,0,0
-4,5,6,-3852,562,-1425,0,0
-3,1,7,-3865,561,-1420,0,0
-2,7,6,-3865,553,-1411,0,0
-3,17,7,-3844,564,-1441,0,0
-4,4,7,-3843,564,-1436,0,0
-1,-2,6,-3874,543,-1419,0,0
-10,1,-1,-3852,592,-1419,0,0
-4,9,-2,-3856,522,-1442,0,0
-3,7,5,-3839,551,-1457,0,0
-9,-33,8,-3848,572,-1430,0,0
-5,-28,6,-3881,566,-1391,0,0
0,20,7,-3846,552,-1432,0,0
1,9,8,-3848,556,-1442,0,0
-4,-6,4,-3862,561,-1414,0,0
-6,7,2,-3850,555,-1431,0,0
-3,8,3,-3864,545,-1432,0,0
-3,5,10,-3825,553,-1467,0,0
-4,-33,8,-3880,571,-1385,0,0
1,21,9,-3839,546,-1448,0,0
-1,-2,8,-3853,566,-1432,0,0
-6,7,-2,-3866,585,-1396,0,0
1,60,-4,-3827,506,-1503,0,0
-8,-37,14,-3809,545,-1504,0,0
-16,-88,11,-3907,589,-1326,0,0
-6,34,5,-3870,570,-1397,0,0
-1,60,1,-3810,536,-1501,0,0
-5,-14,5,-3844,541,-1464,0,0
-9,-31,5,-3872,594,-1379,0,0
-2,47,-2,-3854,541,-1441,0,0
-3,38,7,-3806,522,-1524,0,0
-8,-55,12,-3853,576,-1430,0,0
-6,-24,4,-3890,575,-1386,0,0
-5,40,3,-3827,556,-1468,0,0
-4,6,5,-3838,543,-1469,0,0
-4,-19,6,-3863,546,-1427,0,0
-4,4,5,-3859,560,-1433,0,0
-4,19,10,-3820,561,-1490,0,0
-6,-17,6,-3845,580,-1446,0,0
-5,-6,0,-3875,541,-1414,0,0
1,30,-7,-3846,534,-1459,0,0
-3,11,-4,-3809,574,-1487,0,0
-6,-41,2,-3865,566,-1430,0,0
-2,-8,8,-3866,533,-1428,0,0
-4,-3,18,-3804,533,-1514,0,0
-9,-95,18,-3880,569,-1390,0,0
3,-46,20,-3864,583,-1395,0,0
14,-18,16,-3822,565,-1463,0,0
12,-75,-7,-3879,527,-1401,0,0
3,-32,-2,-3910,514,-1367,0,0
6,3,17,-3835,591,-1425,0,0
-2,17,7,-3885,560,-1379,0,0
-21,62,3,-3805,578,-1479,0,0
-28,-43,-5,-3887,538,-1387,0,0
-13,16,-8,-3873,530,-1409,0,0
-11,9,9,-3822,587,-1455,0,0
-6,-24,8,-3892,558,-1377,0,0
1,12,12,-3856,540,-1422,0,0
-4,-7,11,-3871,536,-1395,0,0
-3,16,12,-3851,562,-1419,0,0
0,22,16,-3836,589,-1435,0,0
-3,3,10,-3840,545,-1440,0,0
-9,-20,1,-3867,534,-1414,0,0
-10,-22,1,-3861,568,-1407,0,0
-5,-8,6,-3846,576,-1426,0,0
-5,-15,6,-3839,561,-1429,0,0
-13,-33,-2,-3885,530,-1392,0,0
-16,-11,1,-3872,555,-1392,0,0
-7,0,6,-3850,585,-1411,0,0
-1,-8,6,-3858,564,-1408,0,0
-3,-8,4,-3874,545,-1389,0,0
-6,6,2,-3870,542,-1403,0,0
-3,6,7,-3860,565,-1414,0,0
3,6,9,-3843,574,-1423,0,0
0,-10,6,-3863,557,-1413,0,0
-5,-23,3,-3856,528,-1410,0,0
-5,-23,4,-3893,554,-1367,0,0
-4,21,6,-3857,576,-1407,0,0
-1,13,10,-3840,563,-1441,0,0
-5,-17,5,-3876,543,-1395,0,0
-9,-10,2,-3879,542,-1391,0,0
-6,9,7,-3857,567,-1404,0,0
-3,8,12,-3843,584,-1423,0,0
-5,-8,9,-3860,554,-1402,0,0
-7,-8,3,-3880,532,-1387,0,0
-6,7,3,-3860,558,-1406,0,0
1,10,10,-3847,594,-1416,0,0
3,11,11,-3852,559,-1429,0,0
-5,-3,2,-3867,532,-1413,0,0
-11,-6,-1,-3876,544,-1394,0,0
-5,14,7,-3860,576,-1416,0,0
2,8,16,-3818,575,-1457,0,0
-1,-29,6,-3878,550,-1384,0,0
-7,0,0,-3886,521,-1402,0,0
-5,6,9,-3845,586,-1425,0,0
0,3,11,-3845,586,-1418,0,0
0,0,5,-3852,549,-1425,0,0
-6,-14,1,-3871,529,-1405,0,0
-9,-8,3,-3862,563,-1402,0,0
-4,-1,7,-3852,580,-1419,0,0
-1,-4,9,-3865,565,-1417,0,0
-6,-8,5,-3858,547,-1405,0,0
-10,-6,5,-3872,547,-1408,0,0
-6,-2,5,-3857,571,-1404,0,0
0,5,7,-3846,561,-1421,0,0
-1,-8,6,-3864,557,-1412,0,0
-5,-5,4,-3862,551,-1410,0,0
-6,-4,3,-3861,561,-1401,0,0
-4,11,4,-3864,561,-1411,0,0
-1,14,7,-3855,556,-1424,0,0
-3,4,6,-3859,547,-1417,0,0
-7,3,6,-3858,561,-1421,0,0
-7,2,5,-3836,570,-1439,0,0
-10,-16,8,-3851,558,-1434,0,0
-7,-22,5,-3865,553,-1414,0,0
2,-17,-2,-3867,550,-1430,0,0
16,-2,-1,-3921,545,-1364,0,0
12,63,1,-3850,551,-1476,0,0
7,47,-2,-3847,556,-1427,0,0
13,20,17,-3935,624,-1423,0,0
18,8,-8,-3791,495,-1405,0,0
8,45,-9,-3873,555,-1432,0,0
3,125,-31,-3864,599,-1507,0,0
-16,22,-41,-3782,513,-1533,0,0
-5,-30,-11,-3923,521,-1499,0,0
33,48,-18,-3996,587,-1491,0,0
102,202,-17,-3779,576,-1713,0,0
110,41,-18,-3886,611,-1764,0,0
205,188,-68,-3709,449,-1636,0,0
268,386,-23,-3685,382,-1387,0,0
167,503,23,-3677,316,-1312,0,0
52,627,45,-3687,392,-1586,0,0
51,748,107,-3497,387,-1806,0,0
-17,399,150,-3421,389,-2020,0,0
-70,25,174,-3713,595,-2208,0,0
-36,-149,105,-3775,617,-1983,0,0
-31,-125,56,-3816,598,-1832,0,0
-23,-23,28,-3597,553,-2046,0,0
-10,-119,11,-3614,522,-2069,0,0
-55,-428,5,-3778,599,-1885,0,0
-102,-495,-27,-3825,523,-1774,0,0
-195,-717,-93,-3823,450,-1506,0,0
-207,-451,-79,-3809,652,-1537,0,0
-499,-1042,-141,-3962,451,-831,0,0
-761,-1199,-194,-3806,588,-1337,0,0
-270,-61,-27,-3538,706,-2002,0,0
288,809,44,-3432,346,-1656,0,0
235,447,140,-4137,574,-1266,0,0
-26,-356,65,-4004,735,-1106,0,0
-78,-498,37,-3821,724,-1369,0,0
-62,-724,-13,-4017,584,-1234,0,0
-59,-781,10,-3931,518,-1145,0,0
-91,-930,39,-4022,570,-879,0,0
-106,-985,20,-4120,654,-628,0,0
-41,-858,49,-3802,597,-675,0,0
-15,-875,78,-4266,625,-183,0,0
-22,-545,47,-4256,581,-35,0,0
-10,-81,22,-4204,623,-72,0,0
13,313,-14,-4093,591,-163,0,0
28,649,-16,-4130,625,-187,0,0
34,875,-10,-4066,671,-341,0,0
71,1048,-13,-3933,688,-810,0,0
63,788,2,-3933,635,-941,0,0
19,621,0,-3896,608,-1087,0,0
-32,230,30,-3864,648,-1286,0,0
11,28,31,-3919,629,-1109,0,0
12,-56,45,-3937,608,-1085,0,0
-3,-147,45,-3971,617,-989,0,0
-20,-173,45,-3972,669,-966,0,0
-41,-148,33,-3938,704,-957,0,0
-53,-146,14,-3961,691,-956,0,0
-75,-181,-15,-3976,669,-924,0,0
-67,-239,-23,-3947,629,-944,0,0
-56,-272,5,-4077,633,-682,0,0
-36,-138,14,-3961,711,-869,0,0
-16,-216,0,-4024,626,-745,0,0
20,-97,-10,-4118,642,-634,0,0
19,-28,20,-3965,657,-774,0,0
-22,-72,21,-4040,692,-673,0,0
-8,38,-12,-4049,655,-671,0,0
-8,121,4,-3994,647,-791,0,0
-13,44,-2,-4015,655,-766,0,0
-10,-3,0,-4013,670,-754,0,0
7,-1,1,-4014,654,-749,0,0
-3,27,13,-3985,635,-804,0,0
-21,1,4,-4041,663,-710,0,0
-14,70,-6,-4034,673,-737,0,0
-13,86,-11,-3980,642,-797,0,0
6,72,12,-4005,666,-787,0,0
68,52,4,-4027,645,-842,0,0
37,-67,18,-3946,629,-888,0,0
-32,-136,17,-4040,671,-741,0,0
-33,-37,18,-4059,663,-700,0,0
-38,56,5,-3938,663,-850,0,0
-46,4,-30,-4060,645,-727,0,0
-7,45,-31,-3999,648,-758,0,0
24,25,7,-3961,667,-837,0,0
31,-76,23,-3986,649,-852,0,0
21,-188,29,-4037,682,-746,0,0
22,-182,1,-4041,634,-691,0,0
-22,-100,3,-4044,627,-676,0,0
-41,-34,-1,-4019,670,-691,0,0
-45,-3,-2,-4037,635,-692,0,0
-45,16,7,-4022,630,-732,0,0
-54,12,9,-4006,660,-720,0,0
-95,20,-20,-4019,690,-717,0,0
-57,12,-27,-4093,645,-591,0,0
13,122,14,-3993,631,-717,0,0
44,115,24,-3999,627,-794,0,0
81,71,13,-3990,694,-805,0,0
21,-27,7,-4010,710,-763,0,0
-4,-115,7,-4018,591,-786,0,0
10,-117,8,-4062,619,-642,0,0
13,-39,28,-3986,710,-739,0,0
17,-33,22,-4011,682,-735,0,0
-13,-51,-5,-4009,618,-747,0,0
-49,-113,-21,-4116,619,-563,0,0
-2,79,-11,-4015,675,-666,0,0
0,77,-3,-3943,645,-791,0,0
16,30,-12,-4080,641,-686,0,0
18,28,2,-4046,616,-676,0,0
0,69,7,-4054,665,-674,0,0
10,225,-23,-4065,617,-711,0,0
-1,271,12,-3963,657,-887,0,0
-4,160,7,-3980,651,-877,0,0
-29,118,-7,-3960,594,-918,0,0
-46,64,-16,-4064,604,-805,0,0
-25,87,-1,-3934,679,-920,0,0
6,12,10,-3962,651,-903,0,0
43,25,7,-4033,620,-854,0,0
51,-3,4,-3974,595,-940,0,0
14,-57,27,-4008,664,-847,0,0
4,-18,3,-3938,648,-945,0,0
-33,-96,-17,-3978,588,-926,0,0
-39,-141,-4,-4045,605,-802,0,0
-30,-124,18,-3997,634,-840,0,0
-14,-131,16,-4037,669,-731,0,0
-2,27,22,-4011,645,-800,0,0
0,27,17,-3981,616,-854,0,0
7,-37,5,-4026,622,-788,0,0
17,42,-5,-4048,659,-736,0,0
26,216,-17,-4036,627,-772,0,0
19,318,-9,-3974,660,-928,0,0
0,141,-13,-3920,615,-1031,0,0
-6,-1,-3,-4000,594,-932,0,0
-5,-26,12,-3965,632,-946,0,0
-6,-51,9,-3989,626,-903,0,0
-7,-46,14,-3997,609,-899,0,0
-3,-23,20,-3974,614,-934,0,0
-6,-91,19,-3962,667,-935,0,0
-3,-125,1,-4022,636,-839,0,0
-1,-15,-9,-4027,621,-821,0,0
5,61,-14,-4020,615,-854,0,0
11,74,-3,-3984,615,-902,0,0
4,28,6,-3972,635,-895,0,0
-8,13,8,-3987,621,-906,0,0
-11,-1,9,-3975,614,-929,0,0
-14,-36,8,-3995,599,-899,0,0
-15,-23,11,-4020,635,-841,0,0
-4,37,9,-3969,649,-906,0,0
-2,23,-6,-3999,609,-887,0,0
4,25,3,-3980,611,-923,0,0
0,-13,7,-3986,621,-905,0,0
-2,-6,6,-4003,624,-882,0,0
0,9,14,-3965,630,-943,0,0
-9,-39,4,-3976,626,-916,0,0
-12,-61,-5,-3993,618,-895,0,0
-12,-83,-3,-3985,611,-905,0,0
-8,-72,-1,-4051,625,-799,0,0
2,24,14,-3996,620,-873,0,0
-2,7,9,-3987,602,-887,0,0
-5,-8,7,-4000,621,-866,0,0
-6,-4,10,-4004,637,-858,0,0
-6,3,8,-3989,627,-882,0,0
-4,-10,9,-3998,601,-879,0,0
-12,-36,11,-3995,622,-862,0,0
-13,-68,9,-3989,630,-872,0,0
-19,-111,8,-3988,619,-870,0,0
-20,-121,13,-4022,626,-782,0,0
-16,-59,14,-4029,642,-774,0,0
-12,-11,14,-4004,634,-830,0,0
-1,-36,13,-4010,634,-801,0,0
6,-31,5,-4007,652,-784,0,0
14,-11,-8,-4032,614,-774,0,0
27,57,-18,-4021,624,-778,0,0
12,120,-6,-4007,625,-838,0,0
3,44,1,-3948,616,-915,0,0
-5,-69,-2,-4030,596,-806,0,0
-10,-31,10,-4027,619,-781,0,0
-6,3,8,-3999,629,-819,0,0
-2,-2,6,-4016,618,-811,0,0
-4,9,9,-4016,624,-813,0,0
-5,28,5,-4005,623,-817,0,0
-1,45,2,-4012,626,-827,0,0
0,43,2,-4010,614,-835,0,0
-6,37,5,-4013,620,-834,0,0
-8,23,8,-3969,630,-898,0,0
-4,-34,0,-4009,599,-844,0,0
-2,-48,-3,-3999,631,-830,0,0
-6,-89,-3,-3990,604,-864,0,0
-23,-154,9,-3984,632,-834,0,0
-19,-199,6,-4014,633,-779,0,0
-15,-218,9,-4035,580,-739,0,0
-21,-210,13,-4058,624,-654,0,0
-14,-98,-6,-4082,626,-596,0,0
-4,47,-2,-4033,621,-688,0,0
2,26,15,-3999,629,-741,0,0
6,-39,12,-4038,611,-696,0,0
3,6,13,-4061,618,-646,0,0
11,51,20,-4009,658,-700,0,0
-2,-12,18,-3995,678,-738,0,0
-12,-62,-4,-4086,547,-670,0,0
-13,47,12,-4050,590,-698,0,0
-12,27,25,-3996,688,-789,0,0
0,-24,-10,-4101,573,-591,0,0
6,163,37,-4084,648,-618,0,0
11,296,29,-3965,670,-803,0,0
6,174,1,-3936,641,-925,0,0
3,-5,-6,-4032,617,-790,0,0
9,97,-2,-4082,594,-702,0,0
14,288,6,-3995,641,-839,0,0
9,202,14,-3880,683,-1049,0,0
7,-16,-11,-4034,593,-874,0,0
-2,78,13,-4036,626,-828,0,0
-17,155,14,-3892,638,-1090,0,0
-10,-38,-5,-3969,620,-965,0,0
-9,-35,-5,-4020,635,-858,0,0
-14,1,1,-3973,614,-948,0,0
-2,-6,4,-3980,649,-884,0,0
2,9,10,-4013,627,-895,0,0
-1,43,14,-3980,595,-968,0,0
-8,30,12,-3964,638,-970,0,0
-9,21,5,-3999,624,-910,0,0
-1,94,9,-3986,622,-942,0,0
8,90,17,-3939,613,-1052,0,0
-3,-19,13,-3951,651,-1012,0,0
-9,-29,-5,-3999,655,-910,0,0
-7,5,0,-3972,619,-979,0,0
-5,-27,6,-3956,614,-1001,0,0
-10,-72,5,-3971,635,-963,0,0
-11,-78,2,-3991,641,-937,0,0
-4,-41,1,-3989,633,-920,0,0
-3,-9,4,-3988,620,-936,0,0
-2,-10,6,-3982,615,-952,0,0
-3,-22,4,-3978,636,-941,0,0
-4,-27,3,-3995,632,-914,0,0
8,7,6,-4006,634,-926,0,0
33,-107,-3,-3932,622,-1028,0,0
11,-317,-19,-4024,564,-819,0,0
-20,-114,19,-4010,638,-836,0,0
-14,-64,33,-3993,679,-821,0,0
-2,-43,14,-4000,638,-839,0,0
-11,-104,17,-3982,606,-853,0,0
-15,-126,13,-4035,642,-759,0,0
-6,-31,-4,-4062,627,-704,0,0
-2,127,-9,-4022,616,-770,0,0
3,211,-10,-4015,621,-829,0,0
6,229,-6,-4001,621,-880,0,0
1,208,-13,-3958,623,-944,0,0
5,208,-28,-4026,611,-868,0,0
8,289,-17,-3964,622,-996,0,0
7,214,-14,-3912,595,-1116,0,0
1,37,3,-3880,584,-1169,0,0
-11,-142,13,-3952,593,-1070,0,0
-17,-187,18,-3984,609,-973,0,0
-18,-155,11,-3975,624,-971,0,0
-18,-174,10,-3971,615,-959,0,0
-14,-214,16,-3996,605,-895,0,0
-10,-151,7,-4039,607,-811,0,0
-8,-59,7,-4015,609,-840,0,0
-7,-25,6,-4017,618,-833,0,0
-7,41,-1,-4016,622,-841,0,0
-5,61,0,-3985,592,-905,0,0
-9,23,3,-3992,608,-881,0,0
-7,-19,8,-3994,614,-894,0,0
1,11,-9,-4026,619,-827,0,0
0,72,7,-3985,616,-901,0,0
-2,44,2,-3986,587,-915,0,0
-4,13,7,-3987,609,-924,0,0
-2,1,5,-4001,621,-869,0,0
-2,54,0,-3998,613,-904,0,0
-3,61,-1,-3970,602,-957,0,0
-4,8,0,-3983,595,-945,0,0
-9,-9,7,-3998,610,-913,0,0
-14,3,13,-3986,609,-943,0,0
-9,-22,14,-3989,611,-931,0,0
-3,-24,12,-3992,609,-924,0,0
-7,-22,8,-3989,619,-904,0,0
-7,10,0,-3997,611,-904,0,0
-5,20,3,-3974,600,-953,0,0
0,12,0,-4025,585,-877,0,0
-2,66,9,-3960,633,-957,0,0
-1,5,8,-3976,620,-960,0,0
-1,-6,2,-3990,603,-931,0,0
-4,-9,5,-3988,612,-935,0,0
-4,-10,6,-3972,594,-975,0,0
-8,-47,6,-3992,613,-914,0,0
-3,-19,5,-4017,615,-876,0,0
-1,30,7,-3964,615,-957,0,0
-7,2,3,-3981,594,-949,0,0
-8,-12,6,-3993,611,-916,0,0
-5,-2,6,-3992,607,-925,0,0
-5,4,6,-3982,609,-933,0,0
-5,-1,7,-3973,607,-944,0,0
-6,-22,7,-3972,618,-948,0,0
-5,-42,3,-4023,608,-878,0,0
1,24,1,-4010,602,-899,0,0
-2,37,5,-3953,604,-983,0,0
-4,-22,6,-3997,606,-926,0,0
-3,2,5,-3998,617,-909,0,0
-1,17,6,-3989,610,-937,0,0
-1,10,8,-3980,604,-947,0,0
-1,38,5,-4019,598,-901,0,0
-8,94,10,-3950,616,-993,0,0
-9,35,7,-3969,613,-977,0,0
-6,38,6,-4015,604,-918,0,0
-6,131,2,-3987,615,-964,0,0
0,156,-3,-3937,608,-1064,0,0
0,77,-1,-3936,593,-1089,0,0
-3,-7,7,-3948,610,-1064,0,0
-3,-40,9,-3973,615,-1017,0,0
-4,-17,3,-3973,594,-1021,0,0
-7,-10,7,-3947,608,-1064,0,0
-8,-40,2,-3985,601,-1000,0,0
-5,2,3,-3979,602,-1004,0,0
-4,15,6,-3956,606,-1031,0,0
-4,-2,7,-3955,610,-1033,0,0
-6,-5,5,-3965,614,-1015,0,0
-4,9,3,-3976,627,-1008,0,0
-1,21,0,-3964,565,-1063,0,0
-7,-12,8,-3956,597,-1051,0,0
-7,-10,5,-3981,628,-997,0,0
-6,5,4,-3953,609,-1052,0,0
-7,-11,3,-3958,589,-1047,0,0
-8,-26,6,-3973,612,-1013,0,0
-8,-23,6,-3978,604,-1002,0,0
-5,7,4,-3963,598,-1011,0,0
-3,14,4,-3958,615,-1028,0,0
-3,-11,5,-3955,590,-1049,0,0
-8,-19,3,-3993,594,-999,0,0
-10,10,6,-3954,630,-1028,0,0
-5,2,4,-3966,602,-1023,0,0
-4,-12,10,-3958,591,-1045,0,0
-10,-24,8,-3970,610,-1009,0,0
-7,-8,6,-3975,609,-1008,0,0
-4,-4,9,-3965,610,-1015,0,0
-5,-8,7,-3962,603,-1025,0,0
-8,-20,6,-3965,602,-1021,0,0
-6,-25,7,-3983,606,-993,0,0
-5,0,6,-3966,611,-1010,0,0
-6,-3,5,-3967,601,-1014,0,0
-5,-7,5,-3972,606,-1010,0,0
-4,-3,3,-3976,602,-1005,0,0
-4,-2,5,-3970,605,-1010,0,0
-1,-7,7,-3975,609,-1001,0,0
-1,5,7,-3970,602,-1009,0,0
-4,5,7,-3964,609,-1017,0,0
-4,-1,4,-3977,610,-1003,0,0
-3,6,6,-3977,600,-1003,0,0
-2,11,7,-3966,605,-1019,0,0
-2,10,8,-3961,604,-1028,0,0
-4,3,7,-3960,609,-1026,0,0
-3,-5,6,-3957,608,-1025,0,0
-4,-23,4,-3963,602,-1028,0,0
-7,-40,3,-3978,603,-998,0,0
-6,-24,7,-3968,609,-1004,0,0
-5,-19,6,-3970,605,-1000,0,0
-6,-20,7,-3959,609,-1017,0,0
-5,-24,6,-3988,605,-978,0,0
-6,-11,8,-3961,609,-1001,0,0
-3,-19,8,-3980,606,-984,0,0
-3,-12,6,-3983,614,-969,0,0
-5,12,4,-3951,607,-1006,0,0
-5,-14,4,-3976,602,-988,0,0
-7,-17,8,-3975,610,-1002,0,0
-5,-14,5,-4004,608,-949,0,0
-2,25,5,-3969,609,-998,0,0
-4,2,5,-3968,609,-1004,0,0
-7,-19,5,-3976,609,-988,0,0
-6,-14,5,-3973,611,-982,0,0
-8,-13,4,-3974,602,-997,0,0
-7,-21,3,-3978,609,-975,0,0
-7,-21,9,-3972,604,-980,0,0
-7,-40,12,-3967,607,-992,0,0
-4,-74,10,-3980,617,-952,0,0
1,-55,8,-4002,607,-920,0,0
-3,-2,8,-3982,613,-947,0,0
-4,0,7,-3975,615,-958,0,0
-3,-3,4,-3982,601,-954,0,0
-6,-6,6,-3984,610,-956,0,0
-5,-5,5,-3993,618,-930,0,0
-3,21,6,-3973,605,-974,0,0
-6,2,6,-3998,611,-942,0,0
-4,7,9,-3975,610,-969,0,0
-5,-4,5,-3981,618,-945,0,0
-7,-3,5,-3973,612,-962,0,0
-6,-15,5,-3983,608,-951,0,0
-6,-4,5,-3987,610,-955,0,0
-8,3,6,-3973,615,-962,0,0
-6,-5,4,-3983,609,-960,0,0
-7,-10,5,-3978,609,-957,0,0
-6,-9,5,-3989,615,-945,0,0
-5,0,5,-3983,618,-955,0,0
-6,0,5,-3982,612,-957,0,0
-5,-2,5,-3986,609,-944,0,0
-4,-1,7,-3977,609,-963,0,0
-6,-7,6,-3982,614,-951,0,0
-9,-7,6,-3986,617,-951,0,0
-5,-4,6,-3989,611,-955,0,0
-3,-7,7,-3984,607,-956,0,0
-4,-9,5,-3990,612,-941,0,0
-5,0,6,-3968,614,-963,0,0
-5,-12,5,-3989,621,-934,0,0
-4,-1,5,-3983,610,-950,0,0
-6,-2,5,-3984,606,-957,0,0
-6,-4,7,-3979,614,-954,0,0
-7,-8,6,-3978,616,-944,0,0
-9,-5,6,-3980,612,-952,0,0
-7,-14,5,-3978,611,-953,0,0
-7,-16,4,-3989,614,-930,0,0
-7,-4,6,-3981,618,-945,0,0
-6,-4,4,-3986,611,-939,0,0
-5,2,2,-3983,618,-938,0,0
-4,8,1,-3982,601,-946,0,0
-4,-13,8,-3975,616,-961,0,0
-6,-7,2,-3999,617,-917,0,0
-5,4,6,-3972,610,-960,0,0
-4,-7,4,-3982,603,-951,0,0
-6,-10,6,-3985,617,-935,0,0
-2,2,6,-3989,614,-928,0,0
-1,11,7,-3980,608,-951,0,0
-4,0,5,-3987,605,-944,0,0
-4,0,7,-3981,620,-938,0,0
-4,2,4,-3983,609,-946,0,0
-4,2,4,-3981,605,-949,0,0
-4,-4,6,-3982,608,-946,0,0
-5,-1,6,-3980,612,-951,0,0
-6,-2,6,-3981,618,-950,0,0
-4,-8,7,-3991,611,-937,0,0
-4,2,6,-3981,611,-944,0,0
-6,4,4,-3981,610,-952,0,0
-5,-4,5,-3987,610,-939,0,0
-5,-4,6,-3980,613,-942,0,0
-5,2,5,-3986,607,-949,0,0
-4,1,5,-3978,605,-949,0,0
-3,-2,6,-3988,613,-943,0,0
-4,3,7,-3982,613,-956,0,0
-5,-3,4,-3982,612,-953,0,0
-5,-2,4,-3984,612,-944,0,0
-5,1,6,-3979,610,-952,0,0
-6,-4,4,-3977,607,-958,0,0
-5,-10,4,-3987,613,-943,0,0
-4,-7,5,-3982,608,-944,0,0
-5,-8,5,-3982,603,-951,0,0
-4,-11,5,-3987,615,-933,0,0
-3,1,4,-3984,610,-948,0,0
-1,-4,4,-3987,608,-948,0,0
-3,-4,6,-3988,612,-937,0,0
-3,2,8,-3976,610,-948,0,0
-4,0,6,-3982,609,-949,0,0
-2,1,7,-3984,611,-947,0,0
-3,-1,6,-3977,606,-955,0,0
-5,-7,4,-3985,609,-947,0,0
-4,-3,7,-3988,616,-941,0,0
-4,2,7,-3983,609,-949,0,0
-6,-2,5,-3978,609,-954,0,0
-6,-8,5,-3990,617,-939,0,0
-5,2,6,-3979,609,-949,0,0
-4,-2,6,-3980,607,-947,0,0
-5,-7,5,-3985,606,-941,0,0
-6,-3,6,-3980,605,-954,0,0
-6,-6,5,-3982,611,-943,0,0
-6,-5,5,-3983,610,-937,0,0
-4,0,6,-3980,604,-951,0,0
-4,-3,7,-3988,606,-944,0,0
-5,-3,7,-3981,610,-953,0,0
-7,-4,6,-3974,614,-956,0,0
-7,-7,5,-3986,613,-944,0,0
-4,-4,6,-3989,607,-940,0,0
-6,-3,6,-3976,608,-951,0,0
-7,-10,6,-3988,616,-939,0,0
-6,-6,6,-3993,614,-937,0,0
-5,0,5,-3984,604,-944,0,0
-6,-3,6,-3988,609,-938,0,0
-7,0,6,-3983,616,-945,0,0
-8,-2,4,-3974,612,-956,0,0
-7,-15,5,-3988,615,-931,0,0
-6,-4,5,-3988,610,-944,0,0
-7,-7,5,-3982,608,-943,0,0
-7,-12,6,-3988,614,-931,0,0
-6,-5,6,-3987,610,-938,0,0
-5,-7,5,-3987,612,-935,0,0
-4,-7,5,-3990,615,-924,0,0
-5,-1,6,-3984,612,-941,0,0
-6,-2,5,-3984,615,-937,0,0
-4,-4,6,-3987,614,-932,0,0
-5,-1,4,-3978,602,-945,0,0
-7,-4,3,-3986,608,-936,0,0
-4,2,5,-3988,615,-935,0,0
-4,3,7,-3978,613,-944,0,0
-3,-12,7,-3988,611,-931,0,0
-3,-9,5,-3990,614,-928,0,0
-3,1,3,-4006,591,-917,0,0
-7,19,7,-3968,627,-949,0,0
-4,-3,5,-3988,606,-942,0,0
-5,-10,4,-3992,610,-933,0,0
-5,-2,6,-3983,605,-942,0,0
-4,-6,7,-3986,623,-917,0,0
-3,6,6,-3989,609,-938,0,0
-2,5,7,-3977,605,-953,0,0
-6,-4,5,-3985,609,-942,0,0
-8,-3,3,-3987,612,-936,0,0
-5,-2,4,-3984,607,-944,0,0
-4,-2,4,-3992,613,-935,0,0
-3,3,5,-3986,610,-947,0,0
-3,-5,5,-3989,613,-932,0,0
-2,7,4,-3993,612,-937,0,0
0,14,7,-3975,583,-973,0,0
-6,-15,9,-3990,634,-919,0,0
-7,-5,6,-3986,621,-941,0,0
-1,16,1,-3987,602,-947,0,0
-5,-1,7,-3967,610,-973,0,0
-5,-19,4,-3989,607,-932,0,0
-6,-13,7,-3991,618,-938,0,0
-6,-2,5,-3995,602,-930,0,0
-1,14,6,-3981,613,-949,0,0
-3,1,5,-3977,607,-956,0,0
-7,-9,5,-3985,612,-943,0,0
-7,-6,5,-3984,611,-944,0,0
-6,-1,5,-3987,606,-942,0,0
-3,2,6,-3984,609,-946,0,0
-3,-2,5,-3983,615,-944,0,0
-4,-2,6,-3984,616,-940,0,0
-5,0,7,-3983,606,-952,0,0
-4,-2,5,-3985,608,-941,0,0
-3,-3,6,-3972,615,-946,0,0
-4,-7,5,-3987,604,-946,0,0
-5,3,3,-3988,611,-943,0,0
-5,-2,5,-3986,607,-951,0,0
-6,-8,5,-3987,608,-948,0,0
-6,1,4,-3988,614,-944,0,0
-6,-1,6,-3976,609,-959,0,0
-6,-13,6,-3988,608,-936,0,0
-6,-7,7,-3992,612,-931,0,0
-4,-1,6,-3988,610,-940,0,0
-3,1,7,-3985,615,-943,0,0
-4,-2,6,-3982,611,-944,0,0
-8,-3,3,-3977,602,-953,0,0
-11,-10,2,-3985,600,-937,0,0
-6,-5,7,-3986,615,-938,0,0
-3,-6,6,-3984,612,-944,0,0
-5,-6,6,-3981,609,-946,0,0
-7,-8,4,-3987,612,-933,0,0
-6,0,7,-3985,616,-937,0,0
-5,-2,5,-3981,603,-946,0,0
-7,-9,5,-3987,612,-940,0,0
-6,-7,6,-3989,612,-938,0,0
-6,-6,5,-3989,608,-934,0,0
-5,-6,6,-3980,608,-942,0,0
-6,-11,5,-3986,615,-936,0,0
-6,-12,4,-3991,612,-930,0,0
-6,-8,6,-3990,611,-930,0,0
-6,-4,7,-3989,614,-927,0,0
-5,-4,6,-3985,607,-932,0,0
-6,-6,5,-3982,611,-940,0,0
-7,-9,3,-3989,612,-924,0,0
-5,-2,6,-3990,609,-923,0,0
-6,-3,5,-3984,609,-939,0,0
-6,-9,5,-3989,611,-922,0,0
-4,-7,6,-3987,614,-916,0,0
-4,1,7,-3983,609,-931,0,0
-5,-2,5,-3984,607,-933,0,0
-6,-1,4,-3986,613,-930,0,0
-5,-2,5,-3987,608,-932,0,0
-4,-3,5,-3988,610,-932,0,0
-7,-6,5,-3989,608,-932,0,0
-5,-6,6,-3986,609,-920,0,0
-3,-4,5,-3987,610,-927,0,0
-4,-1,6,-3985,607,-929,0,0
-2,0,6,-3990,612,-929,0,0
-2,4,5,-3987,607,-933,0,0
-4,4,7,-3973,614,-938,0,0
-3,-2,4,-3991,612,-920,0,0
-3,5,6,-3984,614,-932,0,0
-4,1,5,-3975,609,-939,0,0
-2,-2,6,-3986,614,-931,0,0
-3,4,6,-3986,613,-939,0,0
-5,0,4,-3988,608,-940,0,0
-4,-1,5,-3985,610,-933,0,0
-6,0,5,-3987,610,-938,0,0
-5,-2,4,-3989,607,-938,0,0
-5,-5,4,-3989,610,-940,0,0
-5,-6,4,-3992,605,-926,0,0
-4,-3,6,-3979,609,-937,0,0
-6,-7,6,-3986,607,-937,0,0
-4,-6,6,-3990,610,-933,0,0
-3,1,6,-3986,612,-937,0,0
-4,1,6,-3987,611,-937,0,0
-5,0,6,-3985,616,-938,0,0
-5,-2,4,-3992,610,-932,0,0
-3,0,5,-3990,609,-935,0,0
-3,0,7,-3986,610,-933,0,0
-3,2,6,-3983,608,-942,0,0
-6,1,6,-3983,610,-944,0,0
-5,-5,6,-3992,610,-936,0,0
-5,-3,5,-3992,606,-935,0,0
-6,-5,6,-3985,607,-934,0,0
-7,-5,5,-3989,612,-929,0,0
-5,-4,5,-3990,607,-933,0,0
-3,-6,6,-3989,606,-936,0,0
-5,-3,5,-3985,609,-936,0,0
-8,-6,4,-3980,607,-934,0,0
-4,-8,5,-3994,608,-927,0,0
-1,9,5,-4001,605,-923,0,0
-6,3,8,-3953,613,-969,0,0
-6,-27,4,-4007,613,-906,0,0
-4,16,4,-3984,604,-940,0,0
-4,-1,5,-3980,605,-947,0,0
-5,-12,5,-3990,604,-926,0,0
-5,-7,7,-3987,616,-924,0,0
-5,6,5,-3988,609,-935,0,0
-6,1,6,-3983,610,-943,0,0
-6,-5,5,-3986,604,-933,0,0
-6,-5,6,-3980,611,-934,0,0
-7,-5,6,-3985,612,-939,0,0
-7,-5,6,-3987,610,-934,0,0
-7,-6,4,-3986,607,-930,0,0
-8,-10,5,-3987,608,-935,0,0
-8,-11,6,-3992,614,-929,0,0
-7,-3,5,-3987,606,-934,0,0
-7,-4,5,-3986,605,-931,0,0
-10,-3,1,-3995,610,-921,0,0
-3,-9,6,-3996,605,-927,0,0
8,-23,5,-3969,616,-945,0,0
5,-33,-8,-4000,613,-905,0,0
0,-3,-2,-4001,587,-918,0,0
-6,-8,9,-3979,602,-935,0,0
-9,-7,7,-3997,609,-905,0,0
-6,7,9,-3985,607,-921,0,0
-5,4,8,-3989,604,-925,0,0
-8,-2,5,-3989,608,-921,0,0
-6,-3,5,-3990,609,-922,0,0
-5,-5,6,-3989,606,-918,0,0
-5,-2,7,-3983,612,-913,0,0
-4,-4,3,-3983,601,-934,0,0
-4,-18,4,-4002,600,-904,0,0
-6,-3,7,-3982,615,-921,0,0
-5,-4,5,-3997,606,-909,0,0
-3,6,7,-3986,608,-925,0,0
-4,1,7,-3987,611,-928,0,0
-6,1,5,-3995,613,-911,0,0
-4,9,8,-3989,605,-929,0,0
-3,3,8,-3988,610,-936,0,0
-5,-2,4,-3993,607,-920,0,0
-4,3,6,-3987,605,-919,0,0
-3,4,7,-3988,612,-918,0,0
-7,8,5,-3987,603,-937,0,0
-7,-2,5,-3986,612,-925,0,0
-5,-1,5,-3992,609,-923,0,0
-6,1,5,-3981,601,-937,0,0
-6,-7,4,-3987,600,-924,0,0
-7,-4,5,-3992,607,-924,0,0
-5,-5,6,-3989,608,-924,0,0
-3,-7,7,-3996,612,-920,0,0
-2,2,8,-3989,610,-922,0,0
-3,5,7,-3988,611,-929,0,0
-3,0,6,-3989,611,-931,0,0
-3,2,6,-3983,610,-931,0,0
-4,0,5,-3989,603,-924,0,0
-3,3,7,-3988,605,-930,0,0
-3,-2,7,-3981,609,-943,0,0
-7,-5,4,-3994,610,-928,0,0
-5,-2,6,-3990,604,-931,0,0
-3,-1,5,-3985,606,-933,0,0
-5,-3,5,-3976,612,-937,0,0
-9,-11,1,-3985,607,-940,0,0
-8,-11,1,-3993,607,-921,0,0
-5,-3,6,-3985,605,-929,0,0
-5,-4,5,-3990,604,-930,0,0
-6,-4,7,-3993,613,-927,0,0
-3,-4,7,-3987,610,-925,0,0
-2,-2,8,-3985,607,-927,0,0
-5,-2,6,-3993,609,-914,0,0
-6,1,4,-3983,603,-935,0,0
-6,-6,3,-3995,603,-923,0,0
-3,-1,5,-3999,604,-914,0,0
-2,6,7,-3986,601,-938,0,0
-4,-3,7,-3987,609,-935,0,0
-5,-6,7,-3989,616,-930,0,0
-5,-6,5,-3991,610,-930,0,0
-7,-4,4,-3986,594,-931,0,0
-7,-7,6,-3991,608,-917,0,0
-5,-2,6,-3986,608,-930,0,0
-6,-5,4,-3982,607,-933,0,0
-7,-8,2,-3992,603,-924,0,0
-6,-3,0,-3999,599,-919,0,0
-5,-3,4,-3989,611,-916,0,0
-4,-4,8,-3988,603,-920,0,0
-4,0,7,-3986,598,-930,0,0
-4,-5,6,-3983,599,-920,0,0
-4,-5,7,-3994,607,-919,0,0
-5,-2,5,-3989,606,-934,0,0
-7,-4,0,-3990,597,-925,0,0
-5,-2,0,-3992,600,-913,0,0
-4,-1,3,-3985,604,-929,0,0
-4,-3,6,-3991,610,-916,0,0
-5,0,7,-3994,607,-920,0,0
-5,-1,8,-3993,601,-924,0,0
-4,-1,8,-3985,602,-928,0,0
-6,-3,6,-3982,603,-938,0,0
-7,-10,1,-3989,603,-927,0,0
-4,-8,-1,-3995,606,-905,0,0
-5,1,3,-3993,598,-918,0,0
-6,-7,5,-3988,604,-918,0,0
-6,-4,6,-3993,606,-913,0,0
-5,-1,7,-3989,598,-923,0,0
-7,-4,5,-3989,604,-924,0,0
-6,-1,7,-3994,606,-920,0,0
-2,4,8,-3987,604,-930,0,0
-1,0,7,-3994,601,-919,0,0
-1,1,7,-3989,601,-921,0,0
-4,-2,5,-3981,606,-937,0,0
-4,-8,6,-3997,607,-912,0,0
-1,8,6,-3995,603,-928,0,0
-2,3,5,-3986,598,-933,0,0
-6,-2,5,-4000,606,-914,0,0
-5,6,6,-3987,609,-929,0,0
-5,1,6,-3978,606,-940,0,0
-7,-7,5,-3988,604,-928,0,0
-8,-8,5,-3994,597,-925,0,0
-7,-9,5,-3993,605,-926,0,0
-6,-10,6,-3996,607,-918,0,0
-3,-1,5,-3988,603,-918,0,0
-1,2,7,-3990,602,-927,0,0
-4,2,7,-3987,604,-933,0,0
-7,-3,4,-3991,603,-922,0,0
-6,-5,3,-3992,604,-920,0,0
-4,-1,6,-4000,600,-925,0,0
-3,4,6,-3985,608,-931,0,0
-3,-2,6,-3988,605,-929,0,0
-4,-2,6,-3997,602,-922,0,0
-5,3,7,-3987,607,-931,0,0
-4,-2,5,-3992,606,-928,0,0
-5,-1,6,-3989,608,-935,0,0
-6,-6,5,-3994,602,-935,0,0
-6,-7,5,-3990,601,-925,0,0
-6,-4,5,-3987,601,-925,0,0
-6,-10,5,-3991,601,-927,0,0
-5,-7,6,-3991,601,-916,0,0
-2,3,7,-3984,608,-922,0,0
-3,2,6,-3984,605,-931,0,0
-4,1,6,-3985,602,-929,0,0
-5,-2,6,-3985,607,-936,0,0
-5,-13,4,-3993,608,-919,0,0
-4,-15,7,-3986,605,-922,0,0
-5,-12,5,-3986,601,-927,0,0
-6,-10,5,-3987,608,-916,0,0
-6,-7,5,-3992,607,-914,0,0
-3,-3,5,-3991,599,-919,0,0
-5,-2,5,-3988,600,-924,0,0
-6,-3,6,-3991,610,-924,0,0
-6,-3,7,-3989,610,-919,0,0
-6,-5,6,-3988,601,-919,0,0
-6,-6,5,-3991,594,-917,0,0
-6,-11,6,-3986,608,-917,0,0
-6,-10,6,-3990,611,-904,0,0
-4,-2,6,-3998,603,-902,0,0
-6,6,7,-3979,601,-929,0,0
-5,-8,6,-3995,600,-908,0,0
-6,-4,6,-3993,617,-913,0,0
-6,-3,6,-3984,599,-926,0,0
-5,-12,7,-3995,613,-901,0,0
-6,-3,6,-3992,607,-914,0,0
-5,-6,4,-3989,606,-916,0,0
-7,-8,6,-3986,610,-916,0,0
-8,-6,3,-3994,606,-903,0,0
-4,-2,6,-4000,605,-913,0,0
-5,-3,6,-3989,603,-916,0,0
-7,-7,7,-3984,609,-905,0,0
-6,-3,5,-3989,613,-907,0,0
-4,0,5,-3992,604,-911,0,0
-5,0,5,-3995,602,-907,0,0
-5,2,7,-3981,613,-916,0,0
-5,-4,5,-3983,610,-914,0,0
-6,-4,4,-3996,603,-910,0,0
-5,-5,6,-3994,608,-906,0,0
-6,-4,4,-3992,602,-919,0,0
-6,-9,5,-3990,613,-908,0,0
-4,-7,6,-3998,615,-903,0,0
-2,1,6,-3989,605,-912,0,0
-3,3,5,-3993,599,-912,0,0
-2,1,7,-3996,609,-907,0,0
-3,4,7,-3986,612,-916,0,0
-5,-2,4,-3989,606,-917,0,0
-6,-6,3,-3994,603,-906,0,0
-4,-2,5,-3999,603,-907,0,0
-4,3,6,-3993,608,-917,0,0
-3,4,6,-3990,606,-917,0,0
-4,-2,5,-3986,610,-914,0,0
-5,0,5,-4000,602,-910,0,0
-5,0,6,-3993,602,-913,0,0
-6,-4,6,-3995,608,-898,0,0
-3,3,8,-3986,608,-922,0,0
-6,-3,6,-3989,614,-921,0,0
-7,-8,4,-3991,606,-917,0,0
-4,-7,6,-3987,613,-919,0,0
-4,-3,3,-4015,601,-893,0,0
-7,4,8,-3977,614,-936,0,0
-5,-11,5,-4007,603,-894,0,0
-3,7,7,-3984,608,-927,0,0
-4,-6,6,-3989,607,-910,0,0
-5,1,5,-3984,606,-917,0,0
-6,-3,5,-3990,606,-921,0,0
-7,-6,5,-3997,610,-910,0,0
-3,2,7,-3986,610,-917,0,0
-3,0,5,-3987,603,-922,0,0
-5,-6,6,-3988,605,-914,0,0
-5,-5,6,-3991,609,-903,0,0
-5,1,6,-3990,608,-918,0,0
-4,-3,7,-3983,600,-918,0,0
-6,-4,5,-3992,608,-910,0,0
-6,-3,5,-3990,603,-916,0,0
-4,-5,5,-4000,606,-908,0,0
-6,-3,6,-3991,607,-917,0,0
-6,-8,5,-3994,612,-912,0,0
-5,-5,5,-3988,610,-914,0,0
-6,-2,5,-3990,608,-913,0,0
-4,-4,5,-4000,603,-900,0,0
-2,3,7,-3991,603,-918,0,0
-4,0,6,-3989,603,-918,0,0
-5,-5,5,-3986,608,-908,0,0
-6,-2,5,-3987,604,-918,0,0
-7,-6,4,-3998,599,-912,0,0
-3,-4,8,-3991,604,-906,0,0
-5,1,6,-3987,602,-912,0,0
-6,-3,6,-3988,608,-917,0,0
-6,-7,5,-3999,608,-903,0,0
-7,-3,6,-3992,601,-912,0,0
-7,-7,6,-3986,605,-910,0,0
-4,-5,6,-3990,611,-912,0,0
-5,-3,6,-3987,602,-910,0,0
-7,-10,5,-3987,602,-911,0,0
-6,-10,5,-3995,608,-896,0,0
-7,-4,5,-3988,608,-913,0,0
-8,-10,4,-3988,610,-907,0,0
-6,-8,5,-3996,605,-895,0,0
-3,1,5,-3993,604,-909,0,0
-4,0,6,-3992,603,-912,0,0
-6,-4,5,-3995,606,-911,0,0
-7,-6,5,-3996,612,-900,0,0
-6,-5,4,-3999,607,-898,0,0
-4,-2,6,-3986,602,-909,0,0
-6,-8,5,-3991,605,-909,0,0
-6,-10,5,-3999,609,-894,0,0
-5,-3,5,-3997,607,-900,0,0
-5,-1,6,-3992,604,-904,0,0
-6,-3,5,-3995,610,-901,0,0
-5,0,5,-3995,615,-902,0,0
-5,-1,4,-3992,602,-907,0,0
-5,-7,4,-3994,604,-900,0,0
-5,-3,6,-4001,603,-897,0,0
-4,-1,6,-3994,603,-906,0,0
-3,-3,7,-3998,606,-894,0,0
-2,2,7,-3996,607,-899,0,0
-2,2,6,-3998,609,-901,0,0
-3,4,6,-3989,601,-914,0,0
-6,-2,5,-3993,609,-904,0,0
-4,-1,5,-3996,606,-895,0,0
-2,4,6,-3994,598,-903,0,0
-4,0,5,-3982,603,-909,0,0
-4,-3,6,-3998,607,-895,0,0
-3,3,7,-3994,610,-911,0,0
-4,1,6,-3995,609,-915,0,0
-5,-2,5,-3997,605,-903,0,0
-4,2,6,-3991,602,-910,0,0
-5,-1,5,-3989,611,-919,0,0
-5,-6,4,-3995,607,-910,0,0
-4,-4,7,-3991,605,-908,0,0
-6,-5,6,-3997,601,-911,0,0
-5,-4,6,-3992,610,-910,0,0
-4,-1,7,-3989,613,-907,0,0
-4,0,6,-3991,605,-907,0,0
-3,-2,6,-3993,607,-910,0,0
-5,0,6,-3990,608,-916,0,0
-7,-2,4,-3990,605,-915,0,0
-4,-5,5,-3997,606,-901,0,0
-3,1,6,-3995,599,-914,0,0
-5,-2,5,-3989,607,-916,0,0
-5,-2,7,-3997,613,-908,0,0
-4,0,6,-3991,612,-916,0,0
-4,-3,6,-3992,601,-906,0,0
-5,-2,6,-3992,604,-905,0,0
-5,-2,5,-3988,609,-913,0,0
-5,-4,6,-3985,610,-915,0,0
-6,-6,5,-3990,605,-908,0,0
-5,-9,5,-3993,601,-910,0,0
-6,-9,6,-4002,607,-899,0,0
-6,0,5,-3985,616,-911,0,0
-3,-4,6,-3995,606,-905,0,0
-3,-3,6,-3992,603,-906,0,0
-6,-1,5,-3992,605,-905,0,0
-6,-3,6,-3994,605,-906,0,0
-6,-3,5,-3990,608,-910,0,0
-5,-3,4,-3991,604,-905,0,0
-6,-3,5,-3992,600,-913,0,0
-7,-8,5,-3990,605,-907,0,0
-6,-7,5,-3992,611,-904,0,0
-5,-4,5,-3991,606,-903,0,0
-4,-1,6,-3988,599,-906,0,0
-6,-4,4,-3997,601,-905,0,0
-7,-4,5,-3995,606,-901,0,0
-6,-5,6,-3990,607,-904,0,0
-5,-4,5,-3991,601,-904,0,0
-7,-7,5,-3991,600,-905,0,0
-7,-10,6,-3991,609,-894,0,0
-6,-7,6,-3991,605,-903,0,0
-7,-7,5,-3998,604,-901,0,0
-4,-8,7,-3999,609,-891,0,0
-3,-3,6,-3990,607,-898,0,0
-6,-4,4,-3994,612,-902,0,0
-5,-6,3,-3997,609,-895,0,0
-3,-1,4,-4001,601,-896,0,0
-5,0,5,-3994,602,-906,0,0
-5,-5,3,-3993,609,-892,0,0
-2,2,6,-3993,604,-891,0,0
0,3,7,-3995,603,-892,0,0
-4,2,5,-3992,601,-900,0,0
-5,1,5,-3988,603,-901,0,0
-5,0,6,-3989,605,-905,0,0
-5,-2,4,-3988,607,-903,0,0
-6,-4,4,-3996,597,-901,0,0
-5,-3,4,-3995,602,-899,0,0
-5,-2,5,-3988,608,-900,0,0
-5,-5,7,-3996,600,-891,0,0
-2,2,7,-3999,606,-896,0,0
-2,4,6,-3991,609,-913,0,0
-4,-3,6,-3992,608,-905,0,0
-6,-3,5,-3999,609,-907,0,0
-4,-3,4,-4005,605,-891,0,0
-4,0,6,-3991,603,-909,0,0
-4,-3,6,-3994,607,-904,0,0
-4,-3,6,-3996,607,-901,0,0
-4,-1,6,-3996,603,-902,0,0
-5,1,7,-3994,602,-910,0,0
-4,-1,6,-3991,604,-907,0,0
-4,-1,5,-3993,602,-904,0,0
-4,-2,5,-3995,607,-899,0,0
-3,-2,6,-3994,604,-909,0,0
-6,-9,5,-3997,601,-903,0,0
-7,-6,5,-3994,609,-897,0,0
-4,-4,6,-4000,607,-897,0,0
-5,-2,6,-3998,603,-901,0,0
-4,0,6,-3999,609,-903,0,0
-4,1,5,-3993,604,-912,0,0
-6,-5,3,-3991,604,-901,0,0
-7,-5,4,-3992,604,-900,0,0
-5,-5,5,-3999,602,-894,0,0
-4,-1,7,-3989,601,-908,0,0
-5,-5,5,-3994,608,-895,0,0
-5,-1,6,-3996,609,-894,0,0
-5,-3,4,-3999,599,-903,0,0
-6,-6,5,-3998,599,-902,0,0
-5,-4,6,-3991,606,-900,0,0
-5,-1,5,-3993,602,-900,0,0
-5,0,5,-3987,607,-903,0,0
-5,-3,4,-3992,602,-901,0,0
-6,-9,5,-3997,603,-899,0,0
-9,-11,5,-3998,606,-894,0,0
-6,-5,5,-3998,607,-890,0,0
-4,-1,7,-3995,602,-903,0,0
-4,0,7,-3995,606,-896,0,0
-5,-1,7,-3994,605,-896,0,0
-7,-2,5,-3989,602,-907,0,0
-9,-5,3,-3998,607,-902,0,0
-6,-7,5,-3998,604,-899,0,0
-3,1,5,-4003,591,-896,0,0
-8,-8,10,-3980,626,-908,0,0
-6,-9,3,-4011,602,-878,0,0
-3,12,7,-3986,610,-909,0,0
-6,-7,7,-3992,607,-908,0,0
-5,-5,4,-3995,602,-895,0,0
-6,-5,8,-3992,609,-904,0,0
-7,-7,5,-4005,612,-879,0,0
-6,7,4,-3993,605,-897,0,0
-6,-3,4,-3990,606,-904,0,0
-7,-8,5,-3993,605,-898,0,0
-7,-10,6,-3996,604,-895,0,0
-6,-6,5,-4001,602,-884,0,0
-4,3,5,-3991,606,-894,0,0
-5,-2,4,-3997,605,-887,0,0
-6,-3,5,-3993,609,-895,0,0
-5,-3,5,-4001,605,-890,0,0
-3,2,6,-4004,604,-884,0,0
-5,5,5,-3989,602,-900,0,0
-3,0,6,-3991,607,-898,0,0
-2,5,8,-3994,611,-895,0,0
-2,6,8,-3990,605,-906,0,0
-4,-2,7,-3990,602,-906,0,0
-6,-13,6,-3995,608,-892,0,0
-6,-7,3,-4001,601,-886,0,0
-5,3,4,-3989,604,-901,0,0
-7,-1,3,-3998,603,-905,0,0
-6,-6,4,-4003,605,-894,0,0
-5,-1,6,-3987,603,-907,0,0
-6,-7,5,-3994,607,-887,0,0
-4,0,6,-4001,607,-882,0,0
-3,8,6,-3990,607,-899,0,0
-5,1,4,-3992,603,-906,0,0
-6,-3,5,-3998,609,-893,0,0
-5,3,5,-3997,602,-898,0,0
-2,5,7,-3991,603,-900,0,0
-3,5,5,-3993,598,-906,0,0
-4,0,7,-3994,609,-909,0,0
-3,-10,8,-3992,614,-903,0,0
-3,0,3,-4011,598,-873,0,0
-4,14,8,-3974,607,-932,0,0
-3,-7,4,-3994,601,-908,0,0
-6,-8,7,-3990,609,-904,0,0
-5,-4,7,-3996,603,-909,0,0
-5,-6,5,-3997,610,-899,0,0
-6,-6,5,-3995,603,-897,0,0
-7,-3,6,-3991,606,-903,0,0
-5,-5,7,-3993,612,-900,0,0
-5,0,5,-4001,606,-902,0,0
-5,3,6,-3987,600,-922,0,0
-5,-14,6,-3998,611,-889,0,0
-4,6,5,-3994,592,-907,0,0
-4,-5,9,-3996,613,-898,0,0
-2,-3,6,-3992,605,-909,0,0
-4,2,4,-4000,606,-894,0,0
-6,-3,6,-3989,609,-908,0,0
-3,-5,4,-3999,598,-896,0,0
-4,-7,7,-3992,607,-898,0,0
-6,0,4,-4007,602,-890,0,0
-3,9,6,-3982,613,-913,0,0
-3,-4,5,-3996,606,-901,0,0
-6,-5,5,-3991,606,-906,0,0
-5,-6,5,-3994,600,-902,0,0
-5,-3,5,-3995,609,-901,0,0
-5,-1,5,-3995,608,-904,0,0
-4,0,6,-3991,606,-909,0,0
-5,-1,5,-3996,600,-905,0,0
-6,-3,5,-3995,607,-910,0,0
-5,-5,6,-3993,608,-898,0,0
-5,-5,6,-3990,606,-897,0,0
-6,-5,5,-3997,607,-903,0,0
-6,-7,6,-4002,603,-897,0,0
-6,-3,5,-3995,605,-904,0,0
-7,-1,4,-3993,604,-910,0,0
-5,-8,6,-4001,609,-899,0,0
-1,1,8,-3999,594,-896,0,0
-5,1,8,-3982,608,-923,0,0
-6,-11,5,-4001,608,-894,0,0
-6,2,6,-3990,613,-902,0,0
-4,-3,5,-3998,597,-898,0,0
-5,-7,7,-3994,604,-904,0,0
-6,-9,5,-3999,605,-891,0,0
-5,0,6,-3988,613,-903,0,0
-5,-4,4,-3999,597,-901,0,0
-6,-3,4,-3997,602,-897,0,0
-7,-5,6,-3990,608,-904,0,0
-5,-6,6,-3996,608,-896,0,0
-5,1,5,-3993,604,-903,0,0
-7,-7,6,-3996,598,-902,0,0
-4,-6,6,-4006,613,-885,0,0
-3,4,7,-3988,603,-912,0,0
-5,-8,6,-3992,613,-899,0,0
-6,-3,5,-3989,608,-901,0,0
-7,-8,5,-3998,605,-898,0,0
-5,-11,6,-3989,613,-906,0,0
-3,-16,1,-4014,597,-880,0,0
-8,9,6,-3992,603,-900,0,0
-7,-1,9,-3982,614,-900,0,0
-4,-8,5,-4010,604,-882,0,0
-6,-1,6,-3995,603,-902,0,0
-6,-6,6,-3993,611,-890,0,0
-5,-4,5,-3997,609,-893,0,0
-6,-3,3,-3993,600,-898,0,0
-6,-6,4,-3990,604,-896,0,0
-7,-8,4,-4003,606,-881,0,0
-5,2,6,-3991,607,-896,0,0
-4,0,4,-4000,611,-883,0,0
-2,9,4,-3997,602,-891,0,0
-1,0,7,-3978,614,-910,0,0
-3,-13,3,-4002,606,-875,0,0
-5,10,2,-4013,600,-879,0,0
-4,19,8,-3978,602,-934,0,0
-4,-9,5,-4006,605,-884,0,0
-3,3,7,-3991,606,-897,0,0
-2,0,9,-3988,603,-905,0,0
-3,-6,7,-3998,612,-886,0,0
-4,1,6,-3991,599,-903,0,0
-4,0,5,-3997,606,-901,0,0
-5,0,6,-3992,612,-901,0,0
-5,-3,5,-3993,606,-899,0,0
-4,-4,5,-3990,603,-897,0,0
-6,-6,4,-3996,604,-896,0,0
-5,-1,7,-3993,609,-900,0,0
-4,-5,6,-3996,605,-900,0,0
-4,-5,6,-3999,603,-893,0,0
-3,0,6,-4001,609,-898,0,0
-3,1,7,-3993,610,-912,0,0
-3,-1,5,-3991,610,-903,0,0
-6,-2,4,-3992,600,-902,0,0
-5,-3,6,-4002,602,-895,0,0
-2,3,6,-3989,605,-905,0,0
-4,-1,5,-3987,601,-910,0,0
-5,-9,7,-4002,608,-889,0,0
-4,7,5,-4001,601,-899,0,0
-4,3,8,-3984,605,-918,0,0
-7,-2,7,-4010,611,-880,0,0
-6,13,10,-3980,602,-928,0,0
-5,-9,6,-3991,609,-909,0,0
-4,-5,4,-3995,607,-899,0,0
-4,-3,5,-3987,599,-916,0,0
-6,-14,5,-3991,614,-894,0,0
-6,-4,4,-4001,607,-897,0,0
-5,2,5,-4002,606,-903,0,0
-4,6,6,-3994,605,-905,0,0
-5,9,10,-3999,611,-898,0,0
-5,16,11,-3990,612,-922,0,0
-5,9,8,-3992,606,-911,0,0
-11,12,11,-4008,601,-881,0,0
-11,37,14,-3975,613,-950,0,0
-11,21,6,-4002,610,-921,0,0
-7,42,13,-4008,604,-921,0,0
-5,23,14,-3949,621,-1017,0,0
6,-53,-9,-4006,618,-927,0,0
1,-49,5,-4072,594,-868,0,0
13,32,1,-3987,635,-980,0,0
21,-22,1,-4001,589,-917,0,0
13,-30,14,-4053,661,-893,0,0
10,-3,14,-4030,581,-901,0,0
20,51,2,-4121,595,-841,0,0
5,127,-17,-4108,559,-773,0,0
0,351,-33,-4020,634,-1016,0,0
97,635,-50,-3999,661,-1221,0,0
187,520,-68,-4051,682,-1457,0,0
455,1016,-72,-4010,545,-1295,0,0
595,1624,-35,-3794,483,-1300,0,0
471,1562,17,-3380,494,-2100,0,0
298,755,-61,-3716,517,-2292,0,0
453,960,0,-3285,521,-2522,0,0
466,533,25,-3489,411,-2637,0,0
546,82,-122,-3604,360,-2810,0,0
707,192,-122,-3539,233,-2436,0,0
711,324,-62,-3679,232,-2186,0,0
665,493,-106,-3799,100,-2044,0,0
861,1393,-117,-3312,-103,-2300,0,0
952,1833,-70,-3038,-155,-3056,0,0
1004,1558,-64,-2719,-373,-3109,0,0
1248,2452,20,-2525,-738,-2685,0,0
1108,3160,213,-1313,-1080,-2595,0,0
490,2317,150,-1604,-895,-3352,0,0
280,2018,-290,-2228,-705,-3791,0,0
265,1842,-958,-1907,-816,-4184,0,0
503,1998,-1282,-1401,-1184,-4597,0,0
442,1255,-1722,-558,-1490,-4035,0,0
-189,-257,-2168,-733,-1502,-2690,0,0
-746,-178,-2300,-710,-848,-3017,0,0
-779,844,-2155,432,-460,-3617,0,0
-682,789,-1925,1060,-9,-4079,0,0
-358,417,-1602,769,-24,-4571,0,0
-266,-519,-1269,1003,-327,-4060,0,0
-665,-1594,-1080,575,-178,-3844,0,0
-828,-975,-765,313,432,-4516,0,0
-743,143,-331,441,561,-4485,0,0
-717,-94,-21,38,470,-4665,0,0
-457,-977,90,-478,113,-4429,0,0
-54,-603,57,-788,-481,-3913,0,0
-94,-295,-100,-504,-309,-4624,0,0
-149,-431,-237,-140,89,-4262,0,0
-176,-545,-213,-1036,198,-3423,0,0
-226,83,-227,-1400,286,-4290,0,0
-3,487,-228,-73,173,-4409,0,0
-33,-68,-73,-472,-20,-3965,0,0
-63,-20,-11,-826,145,-4110,0,0
49,286,-16,-679,137,-4170,0,0
59,191,-2,-435,26,-4062,0,0
-36,-127,22,-415,118,-4139,0,0
-72,-451,66,-358,45,-4061,0,0
-138,-704,113,-898,166,-3974,0,0
-92,-342,86,-1013,287,-4072,0,0
-21,-62,44,-850,228,-4008,0,0
8,114,22,-829,160,-4005,0,0
3,157,27,-761,164,-4062,0,0
-14,47,31,-648,206,-4164,0,0
-20,-113,25,-770,179,-4057,0,0
-13,-33,2,-863,219,-4020,0,0
-4,48,-27,-721,188,-4109,0,0
-17,-53,-29,-740,178,-4101,0,0
-16,-79,-30,-863,179,-3974,0,0
3,36,0,-800,187,-4008,0,0
0,46,9,-797,201,-4029,0,0
23,196,15,-847,192,-4043,0,0
19,177,17,-499,139,-4165,0,0
-33,-222,24,-697,173,-4052,0,0
-16,-175,18,-964,228,-4000,0,0
23,70,4,-682,173,-4087,0,0
-26,-105,12,-663,176,-4118,0,0
-74,-227,-3,-982,245,-3983,0,0
-40,-98,5,-750,146,-4038,0,0
-38,-147,15,-953,237,-4012,0,0
-8,-22,-2,-901,219,-4009,0,0
11,38,4,-849,199,-4046,0,0
14,33,17,-840,212,-4056,0,0
2,18,7,-858,205,-4043,0,0
-18,-6,-6,-823,192,-4063,0,0
-30,-69,-6,-848,205,-4038,0,0
-21,-114,5,-909,220,-4004,0,0
-11,-48,4,-908,214,-4011,0,0
-6,-20,8,-895,212,-4030,0,0
-7,6,7,-900,211,-4040,0,0
-7,17,4,-880,206,-4040,0,0
-10,-11,4,-890,219,-4036,0,0
-11,-11,5,-908,225,-4020,0,0
-5,-1,8,-895,218,-4010,0,0
-9,12,11,-921,217,-4019,0,0
-4,50,10,-888,209,-4044,0,0
5,11,20,-790,199,-4084,0,0
-3,-56,13,-959,227,-4010,0,0
-11,15,-10,-868,223,-4046,0,0
-9,-8,-11,-849,219,-4053,0,0
-6,-81,8,-917,202,-3971,0,0
-15,-11,14,-992,249,-3987,0,0
3,80,10,-808,196,-4108,0,0
5,-43,24,-852,205,-4035,0,0
-12,-55,6,-1002,246,-4002,0,0
-8,37,-20,-824,220,-4052,0,0
4,12,9,-1014,205,-3928,0,0
28,238,16,-909,233,-4045,0,0
27,170,23,-619,164,-4129,0,0
-10,-59,20,-909,229,-4020,0,0
-11,23,-4,-829,213,-4064,0,0
-14,-8,-12,-774,205,-4084,0,0
-9,-64,-13,-805,188,-4027,0,0
-16,-123,9,-916,221,-3997,0,0
-15,-42,7,-888,218,-3997,0,0
-8,16,15,-882,218,-4038,0,0
-1,17,14,-798,192,-4085,0,0
-11,-40,11,-914,225,-4025,0,0
-13,-25,-3,-839,228,-4039,0,0
-4,-24,0,-898,217,-4021,0,0
-4,-13,-1,-866,211,-4039,0,0
-11,-52,5,-870,208,-4039,0,0
-19,-89,6,-893,220,-4030,0,0
-18,-102,8,-919,227,-4012,0,0
-14,-65,7,-958,223,-4003,0,0
-8,0,4,-921,221,-4024,0,0
-8,-22,6,-908,222,-4026,0,0
-13,-78,9,-933,228,-4022,0,0
-18,-74,7,-986,231,-3996,0,0
-9,-3,3,-959,229,-4014,0,0
-8,-1,3,-945,225,-4023,0,0
-8,-16,5,-964,235,-4009,0,0
-8,-14,5,-963,234,-4010,0,0
-5,-6,5,-965,228,-4012,0,0
-3,6,7,-953,227,-4018,0,0
-5,0,8,-956,228,-4012,0,0
-5,7,5,-949,226,-4018,0,0
-6,-7,5,-950,226,-4021,0,0
-7,-17,7,-963,226,-4016,0,0
-7,-22,7,-951,231,-4019,0,0
-9,-37,6,-970,234,-4006,0,0
-8,-17,4,-983,234,-4008,0,0
-5,-5,7,-965,234,-4011,0,0
-6,-15,7,-973,236,-4008,0,0
-9,-14,4,-972,229,-4006,0,0
-9,-25,5,-983,233,-4006,0,0
-8,-13,4,-987,233,-3999,0,0
-7,-6,5,-978,229,-4010,0,0
-6,-13,6,-991,235,-4006,0,0
-6,-7,4,-984,235,-4007,0,0
-8,-9,5,-988,233,-4006,0,0
-6,-10,7,-981,237,-4008,0,0
-5,-25,8,-982,231,-4008,0,0
-7,-44,8,-996,236,-3999,0,0
-10,-35,5,-1013,240,-3993,0,0
-7,-2,3,-1010,234,-3999,0,0
-5,-1,5,-999,237,-4007,0,0
-6,-11,6,-1005,239,-3996,0,0
-7,-13,3,-1002,240,-3996,0,0
-8,-8,2,-1009,239,-3996,0,0
-3,-2,8,-1012,235,-4002,0,0
-4,-1,7,-999,238,-4002,0,0
-6,-5,4,-1000,237,-4003,0,0
-6,-5,4,-1015,241,-4000,0,0
-3,3,7,-999,245,-3999,0,0
-4,-13,7,-1003,236,-4005,0,0
-7,-24,4,-1009,235,-4001,0,0
-11,-34,2,-1008,240,-4005,0,0
-16,-52,3,-1022,245,-3994,0,0
-11,-42,7,-1052,238,-3986,0,0
-6,-6,6,-1034,240,-3996,0,0
-5,-6,5,-1024,245,-4000,0,0
-7,-16,6,-1041,247,-3992,0,0
-5,-6,7,-1035,249,-3992,0,0
-5,-10,8,-1033,245,-3994,0,0
-7,-26,7,-1032,237,-3997,0,0
-10,-41,7,-1045,249,-3990,0,0
-11,-47,7,-1055,251,-3989,0,0
-9,-39,7,-1063,244,-3985,0,0
-9,-22,5,-1079,241,-3985,0,0
-7,-11,7,-1061,247,-3994,0,0
-7,-14,8,-1065,251,-3986,0,0
-5,-5,7,-1073,253,-3984,0,0
-3,-1,7,-1061,246,-3987,0,0
-4,-6,7,-1078,245,-3981,0,0
-4,6,6,-1066,250,-3984,0,0
-4,0,6,-1058,249,-3992,0,0
-7,-9,3,-1072,242,-3981,0,0
-5,-9,4,-1071,245,-3982,0,0
-4,-10,7,-1064,252,-3983,0,0
-6,-13,6,-1070,253,-3986,0,0
-8,-20,6,-1084,245,-3978,0,0
-6,-6,6,-1079,250,-3977,0,0
-7,-3,5,-1077,247,-3985,0,0
-4,-7,8,-1079,246,-3990,0,0
-4,-4,7,-1071,247,-3986,0,0
-4,-5,3,-1079,255,-3984,0,0
-7,-7,4,-1077,251,-3986,0,0
-6,-6,6,-1084,248,-3983,0,0
-6,-5,7,-1076,245,-3985,0,0
-8,-17,7,-1072,252,-3983,0,0
-10,-24,6,-1089,256,-3978,0,0
-8,-22,6,-1092,257,-3980,0,0
-6,-14,6,-1087,252,-3981,0,0
-7,-14,4,-1087,249,-3978,0,0
-6,-9,4,-1100,254,-3979,0,0
-7,-7,4,-1093,255,-3977,0,0
-5,-6,5,-1099,256,-3979,0,0
-5,-2,6,-1093,248,-3983,0,0
-4,-4,5,-1098,251,-3979,0,0
-5,-2,6,-1093,258,-3977,0,0
-5,-4,7,-1095,256,-3981,0,0
-6,-7,5,-1099,250,-3984,0,0
-6,-7,5,-1102,249,-3975,0,0
-5,-5,6,-1099,259,-3971,0,0
-5,-1,4,-1093,260,-3974,0,0
-5,-6,3,-1106,254,-3977,0,0
-4,-4,5,-1110,249,-3977,0,0
-4,0,6,-1098,253,-3981,0,0
-4,-2,5,-1099,256,-3982,0,0
-4,-4,6,-1104,256,-3975,0,0
-3,-1,7,-1099,246,-3983,0,0
-4,1,6,-1094,250,-3980,0,0
-6,-4,5,-1090,255,-3979,0,0
-8,-11,5,-1099,253,-3977,0,0
-7,-8,5,-1100,251,-3976,0,0
-5,-5,4,-1097,257,-3975,0,0
-8,-10,4,-1103,254,-3975,0,0
-7,-11,4,-1108,255,-3969,0,0
-6,-6,6,-1102,252,-3974,0,0
-6,-4,6,-1101,252,-3975,0,0
-4,-3,7,-1105,251,-3976,0,0
-4,0,7,-1099,253,-3979,0,0
-4,-2,7,-1102,249,-3974,0,0
-5,-2,5,-1098,255,-3975,0,0
-6,-6,3,-1101,258,-3977,0,0
-5,-5,5,-1117,259,-3973,0,0
-3,8,5,-1106,250,-3984,0,0
-2,10,3,-1103,254,-3978,0,0
-3,-1,4,-1102,253,-3982,0,0
-4,-8,6,-1107,251,-3973,0,0
-3,-5,8,-1098,248,-3977,0,0
-6,-9,5,-1089,249,-3983,0,0
-8,-16,3,-1103,252,-3970,0,0
-7,-13,4,-1111,256,-3970,0,0
-5,-8,5,-1108,251,-3977,0,0
-5,-8,5,-1111,251,-3977,0,0
-6,-9,5,-1117,254,-3973,0,0
-5,-9,7,-1113,257,-3973,0,0
-6,-7,7,-1114,255,-3975,0,0
-5,-7,6,-1111,254,-3977,0,0
-6,-9,5,-1120,253,-3974,0,0
-7,-8,4,-1116,255,-3975,0,0
-5,-9,4,-1114,256,-3973,0,0
-6,-9,4,-1123,252,-3972,0,0
-7,-7,6,-1125,255,-3972,0,0
-5,-2,4,-1116,255,-3977,0,0
-4,-5,6,-1120,257,-3974,0,0
-2,2,10,-1123,256,-3976,0,0
-2,4,10,-1112,252,-3976,0,0
-5,-1,7,-1113,252,-3973,0,0
-6,-1,6,-1123,256,-3970,0,0
-3,3,7,-1115,258,-3974,0,0
-5,-1,5,-1111,254,-3974,0,0
-7,-4,3,-1116,250,-3976,0,0
-7,-5,3,-1117,254,-3971,0,0
-5,-3,6,-1119,257,-3973,0,0
-6,-2,6,-1113,252,-3978,0,0
-6,-2,6,-1118,255,-3976,0,0
-7,-1,7,-1110,258,-3975,0,0
-9,-4,5,-1114,260,-3973,0,0
-8,-4,5,-1115,257,-3974,0,0
-6,-5,6,-1119,255,-3977,0,0
-6,-3,6,-1124,254,-3973,0,0
-4,-4,6,-1118,256,-3973,0,0
-5,-6,6,-1116,259,-3972,0,0
-7,-6,4,-1119,255,-3971,0,0
-6,-5,5,-1125,258,-3974,0,0
-4,-2,6,-1116,260,-3973,0,0
-4,-1,6,-1116,256,-3975,0,0
-6,-7,5,-1115,253,-3970,0,0
-7,-9,3,-1117,255,-3968,0,0
-7,-7,3,-1126,253,-3976,0,0
-5,-5,6,-1125,258,-3967,0,0
-5,-2,8,-1119,258,-3968,0,0
-7,-4,7,-1122,253,-3982,0,0
-7,-4,4,-1121,259,-3975,0,0
-7,-5,4,-1128,257,-3972,0,0
-5,-5,7,-1126,261,-3974,0,0
-5,-3,6,-1122,254,-3977,0,0
-6,-6,5,-1124,257,-3971,0,0
-5,-1,5,-1122,257,-3975,0,0
-5,-3,6,-1134,262,-3976,0,0
-3,2,8,-1120,257,-3969,0,0
-3,-1,6,-1116,255,-3971,0,0
-6,-6,3,-1124,261,-3976,0,0
-5,-2,4,-1127,259,-3970,0,0
-5,-3,5,-1118,255,-3975,0,0
-6,-6,4,-1127,255,-3970,0,0
-5,-3,5,-1123,254,-3971,0,0
-4,-3,6,-1123,255,-3971,0,0
-4,-4,6,-1126,261,-3974,0,0
-4,-4,6,-1121,253,-3972,0,0
-5,-4,5,-1125,255,-3973,0,0
-4,-1,7,-1129,261,-3972,0,0
-3,-2,7,-1121,257,-3973,0,0
-5,-4,6,-1125,259,-3973,0,0
-5,-2,6,-1122,258,-3972,0,0
-4,-1,6,-1121,255,-3971,0,0
-6,-5,3,-1123,258,-3973,0,0
-6,-5,4,-1128,255,-3971,0,0
-5,-7,6,-1133,255,-3970,0,0
-4,-3,6,-1120,257,-3972,0,0
-4,-7,5,-1129,258,-3964,0,0
-5,-6,5,-1130,261,-3967,0,0
-5,-3,5,-1128,257,-3968,0,0
-4,-5,5,-1125,252,-3973,0,0
-5,-8,5,-1131,256,-3969,0,0
-6,-7,6,-1131,259,-3966,0,0
-7,-7,5,-1129,258,-3970,0,0
-6,-7,5,-1132,259,-3970,0,0
-5,-7,4,-1137,256,-3968,0,0
-6,-7,5,-1139,259,-3972,0,0
-6,-6,6,-1131,259,-3972,0,0
-6,-6,7,-1130,258,-3973,0,0
-6,-6,5,-1131,256,-3973,0,0
-5,-6,7,-1134,259,-3966,0,0
-5,-2,7,-1128,260,-3967,0,0
-6,-6,5,-1131,258,-3968,0,0
-2,7,6,-1153,258,-3962,0,0
4,49,7,-1117,261,-3977,0,0
-1,24,6,-1100,255,-3982,0,0
-3,-4,5,-1132,256,-3966,0,0
-2,3,6,-1110,254,-3984,0,0
-4,-11,9,-1117,253,-3978,0,0
-6,-12,7,-1113,257,-3971,0,0
-7,-16,5,-1124,257,-3970,0,0
-5,-7,6,-1128,256,-3971,0,0
-4,-3,5,-1125,253,-3970,0,0
-4,-8,4,-1122,256,-3967,0,0
-5,-6,4,-1124,259,-3971,0,0
-5,-4,5,-1130,257,-3967,0,0
-4,2,6,-1119,255,-3968,0,0
-5,-1,6,-1123,256,-3972,0,0
-4,-2,8,-1123,260,-3972,0,0
-5,-4,7,-1120,258,-3974,0,0
-7,-6,5,-1124,259,-3972,0,0
-5,-2,4,-1125,253,-3970,0,0
-5,-4,7,-1129,256,-3970,0,0
-4,-3,6,-1116,255,-3973,0,0
-4,-7,4,-1124,257,-3973,0,0
-7,-5,4,-1128,259,-3968,0,0
-7,-4,6,-1131,255,-3966,0,0
-6,-2,6,-1127,254,-3972,0,0
-6,-1,5,-1123,258,-3967,0,0
-5,-4,4,-1129,257,-3968,0,0
-6,-3,5,-1131,252,-3967,0,0
-5,-2,5,-1121,254,-3973,0,0
-5,-6,5,-1127,263,-3968,0,0
-5,-6,6,-1128,261,-3969,0,0
-5,-5,7,-1127,251,-3968,0,0
-5,-2,5,-1127,254,-3967,0,0
-5,0,5,-1123,259,-3973,0,0
-6,-3,6,-1129,262,-3966,0,0
-4,-2,7,-1126,260,-3970,0,0
-5,-4,6,-1125,248,-3975,0,0
-6,-4,5,-1129,253,-3970,0,0
-6,-2,5,-1121,262,-3971,0,0
-5,-4,5,-1128,261,-3973,0,0
-4,-3,8,-1133,257,-3973,0,0
-2,1,6,-1119,250,-3976,0,0
-5,-6,4,-1132,256,-3966,0,0
-5,-3,5,-1126,264,-3968,0,0
-5,-2,5,-1131,260,-3969,0,0
-5,-1,5,-1125,256,-3967,0,0
-4,-1,5,-1130,259,-3974,0,0
-5,-2,6,-1129,257,-3973,0,0
-4,0,8,-1130,256,-3965,0,0
-2,1,9,-1117,252,-3971,0,0
-4,-1,6,-1130,257,-3966,0,0
1,18,9,-1135,264,-3961,0,0
-2,15,16,-1116,256,-3986,0,0
-7,6,23,-1116,239,-3982,0,0
-8,-16,29,-1153,284,-4036,0,0
-1,-73,27,-1146,263,-4036,0,0
6,-144,34,-1154,274,-3960,0,0
32,-143,50,-1234,399,-4187,0,0
174,-38,90,-1193,341,-4230,0,0
299,-215,159,-1200,426,-4292,0,0
401,-490,227,-1112,326,-4084,0,0
478,-665,313,-1274,265,-4173,0,0
685,-370,467,-1202,221,-4379,0,0
903,-238,632,-1175,67,-4288,0,0
1064,-511,740,-1383,153,-4105,0,0
1200,-707,822,-1510,100,-3749,0,0
1256,-676,885,-1633,-196,-3376,0,0
1309,31,1078,-1449,-511,-3134,0,0
1272,1083,1448,-1157,-881,-3138,0,0
967,1190,1692,-1264,-904,-3667,0,0
485,-204,1569,-1503,-907,-3454,0,0
188,-1005,1403,-1952,-933,-3174,0,0
-212,-1744,1177,-2209,-834,-3143,0,0
-627,-2493,837,-2769,-622,-2834,0,0
-791,-2153,636,-3473,-384,-2830,0,0
-767,-1322,404,-3629,-164,-2926,0,0
-551,-756,144,-3204,64,-3316,0,0
-619,-1461,-102,-3307,-124,-2247,0,0
-552,-1199,-142,-3659,319,-2874,0,0
-564,-1030,-134,-3376,120,-2704,0,0
-681,-1622,-156,-3261,114,-2235,0,0
-654,-1472,-53,-4025,306,-1813,0,0
-427,-664,0,-3692,323,-2025,0,0
-411,-902,-44,-3616,126,-1335,0,0
-551,-1134,-85,-4072,499,-1650,0,0
-325,-896,-102,-3259,453,-1771,0,0
-417,-1864,-187,-3978,134,-272,0,0
-363,-824,81,-4064,257,-604,0,0
-449,-802,291,-3991,398,-1092,0,0
-587,-1628,199,-4381,295,-260,0,0
-463,-1206,121,-4444,513,100,0,0
-115,64,166,-4105,657,-331,0,0
197,611,98,-4412,608,-298,0,0
318,819,-21,-4305,616,-589,0,0
173,161,-155,-4063,424,-439,0,0
-1,-106,-109,-3908,265,-133,0,0
-178,-138,-22,-4068,364,-241,0,0
-286,-485,51,-3724,406,-682,0,0
-258,-889,105,-4055,419,-129,0,0
-270,-782,117,-4266,451,-105,0,0
-178,-365,71,-4120,444,23,0,0
-88,212,33,-4152,478,283,0,0
-132,649,66,-4136,500,150,0,0
-117,533,38,-4165,616,-180,0,0
17,263,8,-4306,598,-336,0,0
80,96,25,-4184,602,-652,0,0
177,-29,2,-3956,547,-517,0,0
261,8,49,-4109,544,-404,0,0
305,102,72,-4074,462,-287,0,0
285,76,51,-4142,304,368,0,0
46,-24,68,-4198,468,48,0,0
-42,-43,89,-4011,538,-353,0,0
-13,-13,86,-4136,487,-88,0,0
-54,5,86,-4103,604,-303,0,0
-73,-76,60,-4058,620,-341,0,0
-55,-67,26,-4101,597,-286,0,0
-64,-96,18,-4053,600,-430,0,0
-60,-261,-6,-4079,578,-260,0,0
-27,-199,2,-4125,577,-129,0,0
-14,-141,5,-4081,597,-174,0,0
-5,-100,3,-4106,574,-34,0,0
-4,36,14,-4122,581,-13,0,0
4,181,23,-4094,592,-142,0,0
22,221,18,-4087,563,-161,0,0
13,189,19,-4092,569,-195,0,0
-5,66,29,-4043,605,-343,0,0
3,-23,7,-4085,571,-226,0,0
-10,3,11,-4088,604,-175,0,0
-12,82,11,-4085,591,-256,0,0
-3,89,5,-4077,586,-330,0,0
5,32,4,-4077,597,-300,0,0
14,64,10,-4101,597,-252,0,0
13,85,8,-4079,573,-251,0,0
-2,70,13,-4078,606,-296,0,0
-1,78,13,-4076,588,-324,0,0
-5,82,4,-4070,610,-364,0,0
-9,28,4,-4069,604,-413,0,0
-1,-35,-1,-4099,575,-327,0,0
-7,-7,5,-4086,593,-317,0,0
-8,22,8,-4070,600,-359,0,0
-3,1,5,-4077,604,-363,0,0
-1,-24,4,-4081,601,-351,0,0
2,-29,2,-4081,584,-311,0,0
-2,-6,4,-4086,599,-319,0,0
-3,6,6,-4077,595,-362,0,0
-3,-13,2,-4080,594,-326,0,0
-4,-1,4,-4090,586,-312,0,0
-7,19,7,-4077,584,-328,0,0
-12,13,4,-4078,598,-373,0,0
-9,-12,3,-4075,598,-339,0,0
-9,3,4,-4094,596,-331,0,0
-7,17,7,-4087,581,-355,0,0
-2,36,2,-4091,579,-327,0,0
-7,42,9,-4050,610,-415,0,0
-6,-35,10,-4075,612,-351,0,0
-8,-5,11,-4091,575,-327,0,0
-16,8,13,-4053,608,-422,0,0
-14,-65,3,-4072,591,-353,0,0
-6,-45,-3,-4101,587,-261,0,0
-9,25,-5,-4059,613,-378,0,0
-10,-9,-18,-4081,582,-359,0,0
-12,-16,-12,-4098,572,-332,0,0
-6,-13,-1,-4086,590,-326,0,0
-5,-8,5,-4096,582,-317,0,0
-13,14,8,-4090,568,-334,0,0
-23,24,42,-4121,580,-297,0,0
-50,20,79,-4026,610,-387,0,0
12,-62,34,-4014,660,-408,0,0
51,-74,11,-4125,608,-266,0,0
30,28,-8,-4078,618,-343,0,0
0,-40,-35,-4032,593,-460,0,0
-35,-109,-22,-4142,578,-226,0,0
-39,-64,-1,-4070,602,-295,0,0
-8,-106,2,-4086,597,-261,0,0
1,-80,-3,-4096,567,-194,0,0
-41,-20,48,-4118,567,-207,0,0
-13,31,33,-4055,651,-290,0,0
0,-19,13,-4077,610,-284,0,0
-16,-22,16,-4079,611,-289,0,0
-18,-11,5,-4088,605,-241,0,0
-10,2,0,-4072,606,-268,0,0
7,8,-2,-4095,606,-225,0,0
9,46,7,-4074,604,-266,0,0
3,34,15,-4053,601,-304,0,0
2,-17,12,-4071,637,-278,0,0
28,-25,-14,-4117,608,-241,0,0
15,19,-9,-4067,568,-284,0,0
-12,-14,17,-4080,611,-256,0,0
-11,-45,10,-4067,619,-275,0,0
-5,-65,-6,-4101,603,-235,0,0
-6,-14,-11,-4106,562,-208,0,0
-10,34,-11,-4075,601,-262,0,0
-8,9,-11,-4087,602,-243,0,0
-9,4,-7,-4095,588,-253,0,0
-16,-1,0,-4082,596,-260,0,0
-15,-9,1,-4102,594,-230,0,0
-13,23,14,-4110,563,-179,0,0
-33,55,58,-4047,613,-328,0,0
0,-56,32,-4074,637,-273,0,0
32,-32,24,-4102,599,-232,0,0
24,9,18,-4048,629,-293,0,0
28,-5,-11,-4092,618,-255,0,0
9,20,-31,-4085,597,-285,0,0
-49,54,-26,-4100,594,-259,0,0
-45,12,-7,-4083,607,-251,0,0
-4,-27,-12,-4088,583,-250,0,0
5,-18,0,-4107,555,-239,0,0
-18,-26,55,-4092,606,-258,0,0
-7,6,39,-4067,610,-263,0,0
10,17,13,-4050,614,-311,0,0
4,-33,5,-4091,606,-260,0,0
-3,-23,10,-4086,612,-253,0,0
-1,-22,10,-4072,610,-261,0,0
-2,-20,0,-4084,598,-252,0,0
-2,-1,0,-4076,608,-241,0,0
2,12,-9,-4049,610,-263,0,0
4,-25,-2,-4081,628,-281,0,0
12,-48,-26,-4105,584,-218,0,0
-13,-9,-12,-4082,586,-275,0,0
-25,-40,0,-4097,599,-211,0,0
-6,-13,-12,-4095,592,-217,0,0
-6,-3,-12,-4082,584,-241,0,0
-15,-23,-5,-4091,581,-213,0,0
-10,-15,-3,-4091,582,-221,0,0
-14,-9,18,-4112,555,-187,0,0
-18,-12,62,-4094,605,-229,0,0
4,-23,45,-4062,599,-222,0,0
21,-5,22,-4065,632,-255,0,0
14,-42,14,-4080,607,-233,0,0
3,-33,5,-4059,608,-200,0,0
13,-8,-13,-4085,633,-220,0,0
-3,7,-34,-4079,593,-238,0,0
-49,38,-43,-4109,583,-178,0,0
-40,27,-12,-4110,584,-178,0,0
-14,-10,4,-4078,581,-228,0,0
-4,-23,7,-4087,562,-206,0,0
-22,-33,49,-4103,599,-190,0,0
-12,-18,35,-4073,612,-210,0,0
11,-1,11,-4081,611,-221,0,0
3,-9,10,-4104,598,-192,0,0
-1,-2,15,-4079,606,-226,0,0
0,0,6,-4085,608,-197,0,0
6,20,-1,-4077,593,-204,0,0
0,18,0,-4061,602,-224,0,0
-3,10,3,-4089,601,-223,0,0
7,13,-12,-4109,594,-201,0,0
-1,49,-22,-4089,583,-235,0,0
-7,21,-10,-4079,601,-233,0,0
0,9,-10,-4085,586,-230,0,0
-7,16,-5,-4083,573,-251,0,0
-19,-12,4,-4102,561,-223,0,0
-20,-10,25,-4113,574,-187,0,0
-16,10,52,-4049,602,-257,0,0
1,-11,22,-4076,619,-253,0,0
16,-8,12,-4107,578,-228,0,0
8,8,17,-4078,609,-253,0,0
-2,-3,9,-4095,608,-227,0,0
0,6,8,-4091,594,-230,0,0
3,4,8,-4073,603,-240,0,0
-1,-3,4,-4083,606,-229,0,0
-3,6,6,-4073,600,-246,0,0
-3,7,-1,-4099,617,-234,0,0
-3,5,-2,-4104,581,-229,0,0
-6,24,12,-4078,606,-244,0,0
-4,3,5,-4073,610,-267,0,0
-3,-7,2,-4097,600,-235,0,0
-1,0,10,-4080,606,-250,0,0
-1,1,6,-4085,599,-243,0,0
-6,-3,5,-4068,601,-264,0,0
-10,-14,-1,-4080,605,-252,0,0
-14,-20,-2,-4110,605,-222,0,0
-8,-11,13,-4084,597,-232,0,0
1,-10,8,-4075,603,-246,0,0
-1,-5,3,-4083,592,-236,0,0
-7,12,4,-4078,604,-254,0,0
-7,6,-11,-4085,606,-251,0,0
-6,-8,0,-4082,605,-266,0,0
-10,-7,-9,-4100,592,-224,0,0
-13,24,-10,-4099,590,-224,0,0
-13,12,-8,-4079,589,-255,0,0
-15,-12,17,-4104,571,-200,0,0
-6,-30,51,-4062,617,-272,0,0
35,-63,25,-4085,605,-241,0,0
40,-17,13,-4078,610,-240,0,0
4,26,-11,-4073,614,-253,0,0
-20,70,-27,-4099,573,-248,0,0
-47,67,1,-4104,577,-241,0,0
-19,-22,21,-4067,630,-281,0,0
2,-27,-5,-4094,573,-228,0,0
-4,15,8,-4053,604,-270,0,0
-7,-3,10,-4101,604,-239,0,0
4,20,3,-4084,589,-269,0,0
5,11,0,-4076,593,-269,0,0
-10,-4,6,-4076,597,-269,0,0
-10,-6,6,-4087,594,-258,0,0
-7,0,4,-4080,592,-265,0,0
-12,4,-7,-4078,597,-275,0,0
-18,9,-9,-4111,577,-226,0,0
-8,28,6,-4076,602,-273,0,0
3,7,-11,-4084,592,-279,0,0
1,3,-3,-4085,585,-281,0,0
-8,-4,4,-4085,585,-275,0,0
-13,-9,4,-4094,580,-258,0,0
-11,-12,27,-4125,568,-176,0,0
14,-33,69,-4011,633,-353,0,0
56,-120,5,-4089,609,-268,0,0
14,0,-4,-4107,584,-215,0,0
-17,56,-7,-4059,620,-306,0,0
-34,42,-21,-4133,568,-224,0,0
-50,52,14,-4079,597,-272,0,0
-27,-21,36,-4063,606,-290,0,0
7,-41,3,-4076,602,-258,0,0
2,-4,-5,-4077,598,-245,0,0
-7,11,3,-4089,611,-267,0,0
3,9,-7,-4085,584,-282,0,0
1,-19,1,-4093,589,-248,0,0
-5,-9,14,-4084,598,-259,0,0
-3,0,7,-4077,601,-276,0,0
-6,-22,5,-4083,598,-258,0,0
-5,-11,4,-4095,597,-250,0,0
-6,-1,5,-4084,587,-271,0,0
-9,-6,-2,-4078,601,-253,0,0
-11,19,-14,-4092,588,-246,0,0
-6,26,-9,-4079,590,-291,0,0
-6,-12,-4,-4088,587,-271,0,0
-14,-20,1,-4092,579,-249,0,0
-11,-5,3,-4087,581,-253,0,0
-7,-20,36,-4126,571,-207,0,0
13,-45,73,-4058,608,-266,0,0
60,-41,24,-4031,627,-320,0,0
28,-36,-16,-4108,605,-191,0,0
-1,46,-20,-4072,604,-281,0,0
-31,59,-20,-4104,560,-267,0,0
-63,33,23,-4105,601,-236,0,0
-17,-43,30,-4064,625,-257,0,0
12,-6,-8,-4071,571,-251,0,0
-6,18,6,-4070,617,-266,0,0
-1,9,-2,-4115,604,-243,0,0
9,23,-12,-4077,577,-304,0,0
-7,-16,6,-4084,593,-264,0,0
-11,-19,9,-4092,598,-249,0,0
-6,0,5,-4087,594,-258,0,0
-6,0,9,-4085,593,-266,0,0
-3,-2,8,-4079,603,-254,0,0
-1,8,5,-4087,594,-257,0,0
-1,3,6,-4077,587,-283,0,0
-7,-9,1,-4091,596,-258,0,0
-16,-6,-4,-4083,596,-271,0,0
-18,-1,-10,-4098,584,-244,0,0
-13,11,4,-4104,575,-236,0,0
5,-13,48,-4104,590,-248,0,0
43,-101,59,-4036,626,-311,0,0
34,-66,13,-4079,598,-190,0,0
10,56,-17,-4048,623,-301,0,0
-10,43,-33,-4106,586,-248,0,0
-34,65,-17,-4107,581,-255,0,0
-48,33,7,-4084,603,-282,0,0
-42,-12,21,-4090,590,-251,0,0
-8,-36,13,-4078,605,-267,0,0
8,-18,-5,-4076,581,-240,0,0
-6,18,8,-4068,615,-272,0,0
-2,8,-5,-4109,598,-258,0,0
6,7,-10,-4092,574,-275,0,0
-4,-5,11,-4088,594,-263,0,0
-6,-3,12,-4080,604,-280,0,0
-6,-15,3,-4078,593,-279,0,0
-8,-17,-5,-4089,591,-252,0,0
-5,9,-10,-4091,584,-247,0,0
-2,13,-6,-4085,583,-273,0,0
-4,-6,-2,-4092,583,-269,0,0
-15,-14,12,-4099,581,-240,0,0
-14,-20,50,-4103,579,-220,0,0
15,-66,64,-4019,609,-330,0,0
46,-110,13,-4091,623,-223,0,0
10,-13,-4,-4094,601,-214,0,0
1,58,-25,-4074,609,-275,0,0
-43,66,-32,-4126,560,-230,0,0
-68,51,26,-4102,595,-240,0,0
-6,-32,29,-4042,619,-282,0,0
13,-18,-4,-4082,580,-222,0,0
-7,26,7,-4081,608,-262,0,0
0,22,-7,-4105,594,-268,0,0
7,4,-6,-4078,586,-277,0,0
-7,-14,12,-4090,598,-252,0,0
-8,-13,11,-4077,599,-269,0,0
-10,-10,7,-4089,593,-252,0,0
-6,-4,8,-4076,604,-254,0,0
-4,-5,7,-4086,595,-255,0,0
-3,2,3,-4089,584,-264,0,0
-5,-4,4,-4090,597,-258,0,0
-7,0,7,-4086,606,-258,0,0
-5,-1,6,-4085,602,-260,0,0
-2,-5,4,-4088,591,-258,0,0
-4,-2,5,-4086,595,-252,0,0
-5,6,4,-4085,604,-260,0,0
-4,8,7,-4082,601,-270,0,0
-5,2,6,-4084,594,-262,0,0
-5,4,5,-4091,584,-254,0,0
-7,5,4,-4081,599,-265,0,0
-7,2,4,-4081,598,-267,0,0
-4,-4,5,-4084,599,-261,0,0
-2,0,5,-4088,597,-261,0,0
-4,2,5,-4085,593,-271,0,0
-7,-8,6,-4088,597,-272,0,0
-5,-9,5,-4085,597,-257,0,0
-1,-1,3,-4081,591,-263,0,0
-1,-3,2,-4082,593,-264,0,0
-4,-1,-2,-4085,594,-264,0,0
-5,0,-4,-4094,594,-259,0,0
-4,3,-1,-4086,594,-270,0,0
-5,2,-1,-4081,584,-265,0,0
-5,6,-3,-4086,589,-268,0,0
-6,3,-7,-4087,579,-276,0,0
-5,-10,-7,-4081,583,-275,0,0
-6,-33,-4,-4083,583,-265,0,0
-15,-39,5,-4100,569,-235,0,0
-14,-20,20,-4108,570,-207,0,0
-18,-26,56,-4078,603,-249,0,0
25,-54,38,-4059,612,-283,0,0
59,-72,10,-4080,609,-242,0,0
15,4,-9,-4098,587,-212,0,0
-17,70,-20,-4084,583,-265,0,0
-49,38,13,-4121,577,-229,0,0
-13,-26,27,-4047,633,-261,0,0
8,-18,0,-4090,579,-219,0,0
-4,12,1,-4064,602,-292,0,0
-3,-30,-14,-4101,596,-228,0,0
0,-8,-5,-4091,587,-242,0,0
-2,-30,9,-4082,590,-253,0,0
-1,-42,2,-4108,590,-168,0,0
-1,5,4,-4069,592,-268,0,0
-2,-56,-3,-4075,585,-255,0,0
-3,-107,-5,-4092,589,-204,0,0
-9,-98,-1,-4093,587,-174,0,0
-11,-79,5,-4095,586,-154,0,0
-11,-31,9,-4107,581,-111,0,0
-18,38,16,-4097,591,-153,0,0
-15,62,17,-4091,589,-202,0,0
-9,27,20,-4079,601,-244,0,0
-3,-33,5,-4081,595,-210,0,0
2,-40,-4,-4084,595,-193,0,0
9,-76,2,-4095,590,-140,0,0
-4,-105,19,-4075,603,-158,0,0
-8,-138,12,-4090,598,-139,0,0
-8,-130,9,-4089,603,-105,0,0
-15,-167,13,-4070,597,-128,0,0
-26,-318,9,-4077,597,-95,0,0
-22,-390,3,-4103,630,-19,0,0
3,-388,4,-4063,647,46,0,0
31,-301,-6,-4097,554,270,0,0
14,-186,3,-4095,532,403,0,0
-7,12,14,-4093,573,360,0,0
-17,172,21,-4070,608,184,0,0
-42,96,35,-4077,617,123,0,0
-42,69,34,-4087,623,86,0,0
-26,57,17,-4076,616,54,0,0
9,40,-4,-4095,612,132,0,0
41,197,-15,-4105,591,195,0,0
37,320,-10,-4094,604,88,0,0
23,347,0,-4076,595,-19,0,0
2,245,9,-4070,616,-114,0,0
8,192,5,-4077,608,-141,0,0
6,138,3,-4086,590,-112,0,0
-4,150,4,-4099,597,-138,0,0
-6,151,9,-4078,615,-241,0,0
1,94,3,-4078,597,-232,0,0
-2,37,7,-4089,604,-205,0,0
-5,28,9,-4076,608,-224,0,0
-9,19,8,-4081,607,-220,0,0
-7,24,8,-4091,601,-221,0,0
-5,37,6,-4080,599,-251,0,0
-10,-7,5,-4072,607,-259,0,0
-9,-36,5,-4089,605,-206,0,0
-7,-9,7,-4087,604,-210,0,0
-6,9,5,-4083,600,-236,0,0
-5,17,6,-4091,605,-215,0,0
0,70,2,-4087,604,-219,0,0
3,85,3,-4076,611,-263,0,0
5,59,-3,-4095,591,-246,0,0
7,125,-14,-4098,582,-268,0,0
0,90,8,-4039,613,-398,0,0
-3,-30,3,-4089,588,-309,0,0
-7,-29,6,-4091,600,-287,0,0
-7,-19,9,-4080,609,-305,0,0
-3,-24,5,-4088,598,-286,0,0
-4,-20,2,-4082,589,-304,0,0
-2,-15,-2,-4082,589,-296,0,0
5,-15,-12,-4083,585,-325,0,0
14,-51,-17,-4072,592,-307,0,0
-6,-137,-5,-4071,605,-285,0,0
-8,-147,1,-4112,618,-135,0,0
-2,42,-9,-4110,563,-159,0,0
4,116,9,-4098,543,-272,0,0
14,138,14,-4093,557,-294,0,0
10,143,14,-4084,611,-311,0,0
15,165,12,-4087,616,-332,0,0
17,143,9,-4051,601,-351,0,0
9,75,8,-4053,603,-392,0,0
12,74,8,-4115,559,-367,0,0
5,189,5,-4089,592,-357,0,0
-8,244,9,-4055,604,-493,0,0
-2,160,12,-4040,600,-596,0,0
8,23,8,-4059,600,-503,0,0
2,34,8,-4081,585,-497,0,0
-1,42,11,-4036,591,-588,0,0
-2,-27,5,-4068,592,-505,0,0
-7,4,8,-4074,596,-497,0,0
-9,42,4,-4067,611,-523,0,0
-2,69,2,-4070,587,-535,0,0
-4,61,6,-4051,588,-588,0,0
-6,15,3,-4057,588,-572,0,0
-7,-16,1,-4060,601,-557,0,0
-8,-13,-2,-4060,606,-520,0,0
-9,16,4,-4053,582,-581,0,0
-10,-33,1,-4049,579,-581,0,0
-12,-92,3,-4053,599,-549,0,0
-13,-147,2,-4055,601,-538,0,0
-7,-174,0,-4065,578,-512,0,0
-17,-209,0,-4068,586,-426,0,0
-22,-197,-6,-4067,598,-430,0,0
-23,-264,-7,-4062,596,-457,0,0
-15,-272,-23,-4116,573,-195,0,0
-1,-71,-23,-4129,558,-159,0,0
3,89,-5,-4135,554,-272,0,0
6,202,-2,-4079,572,-409,0,0
-3,82,-2,-4025,596,-506,0,0
-2,-65,-6,-4092,567,-391,0,0
28,-10,11,-4136,536,-311,0,0
46,116,4,-4191,640,-209,0,0
26,186,-43,-4144,535,-327,0,0
-5,147,-56,-4158,595,-724,0,0
-45,-228,-79,-4130,468,-397,0,0
-117,-400,-95,-4142,505,-197,0,0
-97,-251,-98,-3827,564,-386,0,0
-141,-586,-40,-3834,428,-214,0,0
-111,-537,52,-4048,453,-99,0,0
-153,-688,108,-3960,528,2,0,0
-218,-824,164,-4056,478,338,0,0
-216,-727,157,-4374,580,203,0,0
-25,-329,-8,-4201,741,206,0,0
123,-209,-91,-3890,611,410,0,0
108,-205,-9,-4066,395,605,0,0
-30,-308,19,-4387,571,681,0,0
-55,-255,-81,-4267,612,511,0,0
84,114,-152,-4129,666,608,0,0
118,244,-162,-4186,614,570,0,0
111,339,-162,-4130,477,498,0,0
175,614,-117,-3827,325,328,0,0
158,534,-65,-3677,314,245,0,0
85,374,59,-3806,313,292,0,0
20,391,120,-4371,424,285,0,0
39,652,95,-3963,522,-57,0,0
-52,346,87,-3960,448,-22,0,0
-33,481,152,-4251,610,-315,0,0
-4,355,73,-4384,607,-385,0,0
65,442,-28,-3869,382,-226,0,0
41,586,72,-3808,389,-289,0,0
-49,507,202,-4429,668,-555,0,0
-23,382,89,-4240,761,-791,0,0
28,221,-19,-3822,513,-710,0,0
1,43,33,-4138,599,-655,0,0
6,20,8,-4066,555,-630,0,0
-5,6,18,-3998,606,-720,0,0
-7,-65,9,-4067,580,-605,0,0
-5,-20,6,-4094,583,-588,0,0
-8,-4,7,-4048,569,-607,0,0
-3,-16,12,-4065,595,-603,0,0
7,8,13,-4040,590,-631,0,0
-3,-14,12,-4047,584,-651,0,0
-9,-38,4,-4055,584,-607,0,0
-10,-22,1,-4073,596,-580,0,0
-5,29,0,-4062,583,-614,0,0
-4,32,8,-4039,576,-656,0,0
-17,-9,11,-4042,585,-624,0,0
-26,-4,16,-4081,592,-599,0,0
-19,-28,21,-4020,602,-675,0,0
8,-46,2,-4049,588,-558,0,0
-12,49,16,-4018,610,-624,0,0
-2,55,1,-4102,603,-602,0,0
59,126,-44,-4036,611,-662,0,0
65,26,-74,-3973,597,-780,0,0
36,-70,-81,-4131,529,-570,0,0
8,90,-38,-4116,490,-587,0,0
-24,134,37,-4009,533,-711,0,0
-29,-9,49,-4024,581,-734,0,0
-11,-34,16,-4020,552,-699,0,0
-15,43,-9,-4072,580,-631,0,0
-7,69,-11,-4057,547,-684,0,0
19,55,38,-4071,516,-717,0,0
-24,30,93,-4077,585,-705,0,0
-26,53,59,-3980,639,-737,0,0
8,85,-34,-4016,548,-740,0,0
-20,29,-7,-3932,563,-842,0,0
-10,-74,-17,-4174,623,-633,0,0
-9,62,-54,-4013,542,-756,0,0
-52,22,21,-4092,530,-686,0,0
-10,1,46,-3965,585,-769,0,0
4,35,-1,-4042,569,-723,0,0
3,81,-17,-4033,594,-761,0,0
38,8,-10,-4018,528,-810,0,0
15,-12,8,-4058,549,-723,0,0
-10,44,25,-4038,572,-782,0,0
-7,53,16,-4011,573,-808,0,0
-4,1,9,-4014,569,-803,0,0
-4,-37,7,-4036,569,-778,0,0
0,-27,9,-4050,576,-748,0,0
1,13,4,-4030,573,-770,0,0
3,20,2,-4021,569,-786,0,0
-3,8,9,-4029,562,-783,0,0
-7,11,5,-4025,557,-781,0,0
-6,12,3,-4036,561,-777,0,0
-8,8,10,-4001,571,-805,0,0
-3,-28,14,-4052,580,-769,0,0
3,16,5,-4045,573,-739,0,0
1,66,7,-4015,556,-813,0,0
-1,16,8,-4000,571,-830,0,0
-1,-18,8,-4037,573,-788,0,0
1,-11,5,-4016,575,-804,0,0
-2,-15,-3,-4035,562,-777,0,0
-3,13,-2,-4026,561,-798,0,0
-4,13,-1,-4006,565,-823,0,0
-7,-19,3,-4034,566,-784,0,0
-7,2,5,-4026,563,-797,0,0
-8,6,2,-4024,562,-796,0,0
-8,3,7,-4023,570,-816,0,0
-6,13,1,-4043,568,-789,0,0
-4,52,5,-4031,558,-781,0,0
1,60,12,-4005,561,-835,0,0
-4,28,7,-4021,556,-830,0,0
-5,26,6,-4018,580,-823,0,0
-4,33,4,-4024,567,-829,0,0
-3,49,2,-4016,560,-840,0,0
0,59,1,-4020,564,-838,0,0
0,75,-1,-4012,564,-864,0,0
-2,55,10,-3970,555,-915,0,0
-7,-18,16,-4053,575,-841,0,0
-6,59,4,-4038,587,-822,0,0
-3,87,1,-3940,566,-979,0,0
-10,-57,0,-3981,542,-953,0,0
-11,-120,6,-3992,569,-900,0,0
-15,-149,9,-3993,545,-849,0,0
-35,-127,16,-4044,547,-824,0,0
-49,-71,16,-4100,584,-718,0,0
-12,10,18,-4012,580,-810,0,0
-4,3,24,-4005,576,-843,0,0
5,-14,4,-3996,562,-808,0,0
-1,33,-4,-4035,581,-770,0,0
10,83,-16,-4017,591,-841,0,0
25,24,-27,-4002,545,-867,0,0
12,12,-7,-4041,560,-814,0,0
-2,45,8,-3999,562,-860,0,0
-2,10,9,-3999,558,-866,0,0
-4,-6,6,-4024,558,-830,0,0
-4,9,9,-4009,567,-851,0,0
-1,7,6,-4024,561,-844,0,0
-4,12,6,-4007,562,-860,0,0
-5,7,6,-4010,557,-856,0,0
-6,3,7,-4008,563,-867,0,0
-6,1,8,-4017,563,-854,0,0
-4,14,2,-4023,554,-850,0,0
-4,15,8,-3992,557,-883,0,0
-4,-18,9,-4041,573,-846,0,0
-2,12,2,-4006,567,-849,0,0
0,15,6,-4003,556,-883,0,0
-5,-6,7,-4005,556,-875,0,0
-10,-26,8,-4007,562,-878,0,0
-10,-32,6,-4028,568,-838,0,0
-7,-11,7,-4020,562,-850,0,0
-4,-4,6,-4011,552,-853,0,0
-4,-13,9,-4004,560,-860,0,0
-6,-26,13,-4014,572,-849,0,0
-6,-12,10,-4028,568,-829,0,0
-4,13,11,-4006,561,-852,0,0
-1,14,6,-4013,564,-850,0,0
-1,11,6,-3998,565,-868,0,0
-4,-16,11,-4004,562,-870,0,0
-5,-26,12,-4019,569,-841,0,0
-7,-8,9,-4014,569,-846,0,0
-7,-7,10,-4009,574,-856,0,0
-7,-10,5,-4015,572,-845,0,0
-5,-8,5,-4018,571,-844,0,0
-2,4,7,-4015,568,-845,0,0
-4,1,7,-4011,566,-855,0,0
-6,-6,8,-4014,577,-842,0,0
-5,-5,7,-4013,576,-849,0,0
-6,-6,5,-4018,568,-841,0,0
-4,-4,4,-4009,566,-848,0,0
-7,-11,6,-4008,577,-849,0,0
-7,-13,5,-4017,578,-846,0,0
-1,-15,5,-4011,579,-841,0,0
2,-13,1,-4019,560,-834,0,0
2,-16,3,-4011,568,-836,0,0
3,-25,6,-4024,570,-827,0,0
3,-38,6,-4001,567,-861,0,0
-3,-88,8,-4016,564,-829,0,0
-5,-129,23,-4028,560,-792,0,0
-9,-131,41,-4028,568,-777,0,0
-13,-139,51,-4002,587,-795,0,0
-19,-206,41,-4022,608,-751,0,0
-13,-196,31,-4057,602,-656,0,0
-12,-111,18,-4051,607,-655,0,0
-8,-61,3,-4048,612,-659,0,0
-9,0,-20,-4043,605,-646,0,0
-19,32,-22,-4081,581,-610,0,0
-16,40,9,-4036,584,-674,0,0
2,7,14,-4017,602,-711,0,0
5,-23,-1,-4043,599,-661,0,0
-4,12,7,-4067,594,-637,0,0
-5,41,11,-4028,590,-715,0,0
-7,13,1,-4044,588,-692,0,0
-11,6,5,-4035,598,-687,0,0
-13,4,6,-4037,591,-690,0,0
-15,-6,5,-4048,594,-684,0,0
-11,-3,6,-4041,601,-677,0,0
-6,10,-2,-4030,602,-693,0,0
-11,11,-9,-4044,587,-687,0,0
-13,11,2,-4049,576,-690,0,0
-10,-5,11,-4030,587,-710,0,0
-13,-34,15,-4050,593,-665,0,0
-14,7,22,-4059,602,-668,0,0
-12,20,16,-4029,607,-699,0,0
-2,6,5,-4041,587,-681,0,0
-7,42,2,-3988,582,-688,0,0
-2,12,-9,-4035,652,-754,0,0
40,-104,-25,-4075,536,-675,0,0
0,-51,40,-4082,564,-660,0,0
-29,16,68,-4041,642,-673,0,0
-4,88,-3,-3951,605,-734,0,0
-20,46,-31,-4051,629,-713,0,0
-26,44,-42,-4075,564,-693,0,0
-35,39,9,-4068,551,-691,0,0
-21,16,43,-4025,625,-713,0,0
30,41,5,-4019,604,-689,0,0
1,146,-6,-4019,625,-735,0,0
3,124,-18,-4020,600,-823,0,0
21,7,-14,-4013,551,-800,0,0
3,-24,6,-4046,597,-742,0,0
-5,14,-3,-4015,600,-780,0,0
-6,-23,8,-4031,569,-776,0,0
-5,-15,21,-4051,570,-742,0,0
-4,10,9,-3981,599,-805,0,0
-20,15,-11,-4041,604,-721,0,0
15,2,0,-4024,591,-803,0,0
49,-48,22,-4033,560,-779,0,0
15,-14,30,-4061,589,-730,0,0
-33,53,45,-4045,593,-752,0,0
-29,73,39,-3948,619,-846,0,0
-4,1,-14,-3992,605,-787,0,0
2,-20,-31,-4025,622,-791,0,0
13,-32,-48,-4034,558,-789,0,0
5,-39,-13,-4050,577,-760,0,0
-6,15,0,-4041,583,-749,0,0
-7,38,-4,-4009,579,-812,0,0
-9,-9,-2,-4029,563,-795,0,0
-8,-16,2,-4026,583,-775,0,0
-5,-18,-10,-4023,574,-784,0,0
-5,-19,-9,-4037,566,-777,0,0
-5,-11,0,-4033,565,-778,0,0
-7,-6,4,-4012,572,-789,0,0
-19,-7,-3,-4052,562,-737,0,0
-19,12,5,-4031,578,-765,0,0
-12,29,4,-4042,558,-775,0,0
-16,11,22,-4028,567,-797,0,0
-6,-63,23,-3985,579,-820,0,0
-1,-87,-1,-4053,575,-697,0,0
-2,34,-11,-4061,585,-720,0,0
14,46,-16,-3996,558,-823,0,0
-2,-7,-5,-4048,554,-742,0,0
-9,5,19,-4012,567,-785,0,0
-11,-14,16,-4038,565,-769,0,0
-8,12,13,-4037,575,-771,0,0
-9,22,14,-4016,583,-785,0,0
-6,15,10,-4045,568,-762,0,0
-5,38,13,-4021,570,-794,0,0
-7,17,10,-4000,572,-803,0,0
-10,-13,7,-4031,573,-780,0,0
-8,5,15,-4036,577,-773,0,0
-4,17,16,-4012,577,-797,0,0
-4,3,5,-4025,577,-785,0,0
-7,-1,6,-4023,576,-794,0,0
-5,-10,7,-4026,579,-798,0,0
-4,-17,6,-4030,582,-781,0,0
-7,-1,6,-4029,576,-780,0,0
-9,1,8,-4025,578,-790,0,0
-8,-6,9,-4021,586,-794,0,0
-5,-12,9,-4021,584,-785,0,0
-3,-12,6,-4024,575,-779,0,0
-6,-9,8,-4024,580,-784,0,0
-5,-9,7,-4023,588,-783,0,0
-4,-9,7,-4025,588,-780,0,0
-3,-5,6,-4027,581,-782,0,0
-5,-6,4,-4027,573,-787,0,0
-6,-13,7,-4031,584,-778,0,0
-3,-8,7,-4027,589,-776,0,0
-2,7,6,-4020,582,-773,0,0
-3,9,7,-4021,578,-782,0,0
-5,3,7,-4023,581,-787,0,0
-6,-5,8,-4019,580,-789,0,0
-3,-8,6,-4022,586,-780,0,0
0,-2,6,-4024,574,-783,0,0
-4,-7,9,-4027,580,-776,0,0
-4,-3,12,-4028,586,-775,0,0
-3,5,13,-4016,590,-787,0,0
-4,-6,9,-4020,588,-787,0,0
-3,-4,5,-4027,579,-780,0,0
-6,-2,5,-4018,587,-790,0,0
-7,-11,3,-4034,586,-771,0,0
-4,2,4,-4022,584,-780,0,0
-3,-6,4,-4018,574,-790,0,0
-6,-25,9,-4031,583,-777,0,0
-6,-12,12,-4036,596,-760,0,0
-3,7,11,-4020,592,-782,0,0
-2,-6,8,-4029,583,-778,0,0
-4,-3,8,-4032,587,-771,0,0
-3,-3,7,-4018,585,-789,0,0
-5,-15,7,-4024,591,-778,0,0
-9,-12,8,-4027,585,-771,0,0
-8,-6,8,-4030,585,-767,0,0
-6,3,5,-4022,587,-781,0,0
-6,-2,6,-4028,594,-771,0,0
-4,1,9,-4028,594,-768,0,0
-4,9,6,-4023,583,-782,0,0
-6,-2,4,-4018,589,-786,0,0
-5,-12,4,-4028,593,-769,0,0
-3,3,7,-4030,587,-771,0,0
-2,11,7,-4021,584,-787,0,0
-3,-2,8,-4028,591,-780,0,0
-5,-3,7,-4028,596,-777,0,0
-7,-2,4,-4024,591,-778,0,0
-4,-7,5,-4022,587,-784,0,0
-4,-10,4,-4028,595,-776,0,0
-5,-2,3,-4027,592,-775,0,0
-3,-2,6,-4020,589,-777,0,0
-5,-8,6,-4024,587,-775,0,0
-8,-5,6,-4031,588,-769,0,0
-8,2,8,-4024,589,-777,0,0
-6,-5,7,-4023,595,-774,0,0
-3,0,6,-4024,592,-770,0,0
-4,6,8,-4017,584,-779,0,0
-3,-1,7,-4025,591,-771,0,0
-4,-3,6,-4023,599,-776,0,0
-7,-1,5,-4027,593,-779,0,0
-4,1,6,-4024,593,-777,0,0
-3,-1,5,-4019,592,-781,0,0
-5,-9,5,-4025,592,-775,0,0
-6,-4,6,-4028,593,-770,0,0
-4,3,6,-4024,591,-773,0,0
-7,1,6,-4019,590,-789,0,0
-5,-11,6,-4025,593,-773,0,0
-5,-3,6,-4021,590,-778,0,0
-4,-5,3,-4038,572,-782,0,0
-12,-62,7,-4000,549,-821,0,0
-26,-176,22,-4003,622,-754,0,0
-23,-177,33,-4046,640,-679,0,0
-6,-92,21,-4055,602,-667,0,0
2,-4,11,-4083,597,-637,0,0
11,120,9,-4057,608,-666,0,0
14,213,3,-4026,605,-743,0,0
12,238,0,-4042,589,-765,0,0
9,281,8,-4024,614,-805,0,0
7,284,21,-3992,606,-876,0,0
6,243,24,-3981,605,-931,0,0
4,237,13,-3945,605,-1009,0,0
-6,105,10,-3914,621,-1068,0,0
-3,11,-8,-3996,612,-938,0,0
-11,18,-1,-3928,598,-1064,0,0
-18,-95,-3,-3952,603,-994,0,0
-18,-118,-12,-4018,606,-907,0,0
-12,-30,-7,-4009,591,-922,0,0
-6,17,-11,-3996,616,-941,0,0
0,54,-4,-3975,599,-962,0,0
10,87,4,-3968,603,-1010,0,0
20,50,-4,-3961,577,-1038,0,0
14,-1,-12,-3997,587,-991,0,0
21,15,-25,-4031,591,-954,0,0
37,67,-27,-4018,592,-942,0,0
19,85,6,-8,647,-905,0,0
10,131,29,-4380,580,-999,0,0
124,565,-47,-3999,674,-1166,0,0
275,874,-110,-4023,599,-1426,0,0
197,409,-127,-4121,639,-1719,0,0
160,-43,-256,-4101,788,-2099,0,0
512,268,-309,-3961,491,-1592,0,0
736,676,-273,-3845,308,-1326,0,0
755,960,-181,-3614,237,-1577,0,0
773,971,-160,-3923,216,-1700,0,0
620,569,-227,-3668,22,-1915,0,0
590,238,-373,-3687,-72,-1680,0,0
1004,1942,-192,-3467,-142,-1704,0,0
1264,3763,173,-3170,-420,-2232,0,0
1200,4062,135,-2980,-456,-3184,0,0
864,2906,-341,-2645,-700,-3451,0,0
484,1525,-883,-2152,-1050,-3278,0,0
19,558,-1208,-1620,-1306,-3005,0,0
-551,-109,-1343,-1842,-1161,-2772,0,0
-765,446,-1278,-2063,-796,-3366,0,0
-444,2167,-1197,-1892,-669,-3238,0,0
41,37,-1011,275,-931,-4012,0,0
89,3031,-875,1045,-924,-4695,0,0
-66,905,-952,281,-1043,-4258,0,0
-1,562,-1110,119,-902,-4133,0,0
155,1033,-1098,895,-836,-4128,0,0
147,734,-941,1550,-644,-3908,0,0
106,689,-522,1660,-551,-3816,0,0
-44,253,-322,627,-564,-4270,0,0
45,263,-500,516,-497,-4161,0,0
98,432,-558,1200,-297,-3860,0,0
-87,-212,-461,991,-228,-3841,0,0
-260,-242,-403,1039,-365,-3669,0,0
-245,298,-150,1860,-725,-4240,0,0
-117,-17,62,1523,-938,-4149,0,0
-61,-145,140,914,-883,-3744,0,0
-98,7,108,1056,-767,-3875,0,0
-111,-56,82,1112,-563,-4078,0,0
-89,-149,109,941,-517,-3913,0,0
-110,-68,130,640,-492,-3838,0,0
-116,83,38,681,-559,-4151,0,0
-51,78,-56,1030,-662,-4103,0,0
-23,-26,-85,1093,-576,-3907,0,0
-22,-13,-110,1140,-502,-3910,0,0
-45,-28,-106,1133,-559,-3837,0,0
-90,0,-63,1077,-535,-3844,0,0
-154,-71,-21,1013,-467,-3992,0,0
-159,-117,-14,984,-485,-4009,0,0
-128,25,15,1134,-591,-3893,0,0
-139,50,85,984,-505,-4051,0,0
-114,7,129,811,-451,-4242,0,0
-27,35,129,879,-434,-4108,0,0
22,25,50,887,-331,-3982,0,0
54,50,-62,962,-375,-4134,0,0
127,51,-104,916,-408,-4211,0,0
174,-42,-132,925,-468,-3861,0,0
130,-13,-139,1105,-558,-3687,0,0
37,30,-81,1230,-588,-3754,0,0
-34,28,6,1161,-519,-3905,0,0
-64,-7,57,1076,-475,-3964,0,0
-52,15,70,996,-479,-4026,0,0
-27,15,45,987,-466,-3956,0,0
-32,-10,17,965,-455,-3957,0,0
-29,0,1,1045,-477,-3978,0,0
-32,-31,-5,1056,-487,-3904,0,0
-51,-41,6,985,-479,-3967,0,0
-41,-19,10,1017,-467,-4038,0,0
-18,-25,21,1031,-454,-3961,0,0
-12,-7,22,979,-433,-3958,0,0
-9,14,17,1008,-443,-3983,0,0
-9,-1,22,1041,-485,-3928,0,0
-24,1,37,1048,-471,-3927,0,0
-39,-14,44,1061,-461,-3963,0,0
-44,-26,51,1004,-419,-3958,0,0
-36,2,47,960,-404,-4014,0,0
-13,2,26,937,-415,-4014,0,0
3,0,8,966,-442,-3940,0,0
0,20,5,1062,-450,-3943,0,0
-9,-10,15,1050,-443,-3936,0,0
-25,-16,23,998,-448,-3939,0,0
-35,1,22,999,-446,-3991,0,0
-25,2,21,985,-433,-3984,0,0
-13,14,14,1004,-422,-3985,0,0
-5,8,5,1027,-423,-3975,0,0
-6,-9,2,1004,-429,-3950,0,0
-9,-6,2,1002,-438,-3975,0,0
-4,-6,4,1007,-430,-3975,0,0
0,0,1,1013,-431,-3960,0,0
-4,4,4,995,-437,-3951,0,0
-6,43,19,1027,-430,-3962,0,0
-7,38,17,1049,-441,-3971,0,0
-7,4,6,1033,-442,-3961,0,0
-5,-7,2,1024,-420,-3966,0,0
-1,-2,6,1033,-422,-3959,0,0
-2,-4,7,1027,-435,-3944,0,0
-5,-7,1,1028,-430,-3963,0,0
-6,-11,1,1018,-442,-3952,0,0
-6,0,6,1019,-436,-3971,0,0
-5,11,13,1034,-431,-3954,0,0
-6,3,8,1037,-433,-3965,0,0
-7,-13,6,1020,-435,-3959,0,0
-8,-6,8,1029,-433,-3957,0,0
-9,-7,4,1028,-432,-3966,0,0
-6,-6,3,1016,-428,-3957,0,0
-5,0,3,1026,-426,-3970,0,0
-1,-4,1,1007,-432,-3968,0,0
-1,8,3,1026,-431,-3957,0,0
-3,16,6,1042,-433,-3961,0,0
-4,6,9,1037,-429,-3951,0,0
-4,4,8,1044,-433,-3954,0,0
-4,-3,3,1031,-438,-3955,0,0
-5,-4,2,1031,-437,-3957,0,0
-7,-3,4,1033,-433,-3962,0,0
-4,-5,4,1030,-435,-3955,0,0
-7,-3,5,1023,-433,-3963,0,0
-5,4,6,1036,-438,-3962,0,0
-4,1,9,1036,-428,-3948,0,0
-7,-1,8,1039,-430,-3957,0,0
-8,-5,7,1040,-433,-3954,0,0
-8,-3,9,1027,-431,-3965,0,0
-7,-4,7,1039,-433,-3955,0,0
-7,-7,8,1026,-429,-3953,0,0
-5,-3,7,1025,-429,-3968,0,0
-2,-3,3,1036,-433,-3946,0,0
-7,-5,6,1034,-430,-3960,0,0
-6,-7,6,1024,-427,-3951,0,0
-6,-6,2,1041,-432,-3952,0,0
-9,-10,4,1020,-431,-3975,0,0
-8,-4,7,1018,-428,-3960,0,0
-8,-3,6,1044,-433,-3960,0,0
-7,-14,5,1022,-425,-3958,0,0
-7,-7,5,1021,-426,-3961,0,0
-8,-7,9,1031,-433,-3950,0,0
-12,-15,7,1023,-427,-3963,0,0
-12,-27,4,1021,-430,-3967,0,0
-11,-31,6,1008,-424,-3958,0,0
-14,-21,5,1015,-421,-3962,0,0
-13,-23,5,1022,-427,-3976,0,0
-10,-29,5,989,-422,-3968,0,0
-8,-16,4,1007,-424,-3973,0,0
-5,-13,6,988,-413,-3970,0,0
-4,-7,4,995,-420,-3965,0,0
-6,-3,5,1009,-426,-3973,0,0
-7,-7,7,986,-421,-3963,0,0
-9,-3,6,1013,-422,-3971,0,0
-8,-8,5,1000,-418,-3972,0,0
-9,-10,8,984,-424,-3970,0,0
-9,-5,6,997,-421,-3975,0,0
-6,-5,3,994,-417,-3966,0,0
-5,-4,5,990,-418,-3974,0,0
-4,1,8,996,-422,-3971,0,0
-2,5,7,986,-420,-3973,0,0
5,21,6,1002,-424,-3963,0,0
-2,5,7,1009,-407,-3948,0,0
-8,4,8,1006,-417,-3977,0,0
-6,1,7,996,-421,-3966,0,0
-5,3,4,1010,-422,-3967,0,0
-5,1,6,1002,-426,-3975,0,0
-4,3,5,995,-415,-3966,0,0
-3,9,5,1009,-421,-3956,0,0
-6,7,7,1006,-419,-3965,0,0
-5,10,5,1008,-424,-3968,0,0
-4,9,4,1027,-424,-3968,0,0
-6,0,5,1015,-420,-3962,0,0
-8,1,6,1004,-422,-3975,0,0
-4,2,6,1021,-426,-3961,0,0
-5,-2,6,1014,-418,-3964,0,0
-5,1,7,1007,-416,-3965,0,0
-2,7,4,1015,-420,-3966,0,0
-1,8,2,1026,-420,-3964,0,0
-3,5,5,1023,-424,-3964,0,0
-4,2,5,1017,-420,-3969,0,0
-3,1,5,1032,-413,-3950,0,0
-7,-3,6,1026,-423,-3966,0,0
-5,-5,5,1019,-422,-3956,0,0
-5,-1,5,1021,-423,-3963,0,0
-4,-2,7,1000,-415,-3967,0,0
-2,3,3,1018,-417,-3957,0,0
-1,8,3,1029,-422,-3967,0,0
-3,7,7,1030,-423,-3952,0,0
-5,0,5,1032,-419,-3961,0,0
-6,-5,5,1026,-422,-3955,0,0
-9,-4,9,1020,-425,-3967,0,0
-8,-5,8,1025,-420,-3959,0,0
-7,-7,7,1024,-417,-3947,0,0
-6,-3,5,1018,-419,-3968,0,0
-5,-4,4,1023,-421,-3957,0,0
-6,-2,7,1033,-429,-3958,0,0
-7,-5,7,1021,-421,-3960,0,0
-6,-4,4,1015,-417,-3968,0,0
-4,-3,4,1026,-422,-3962,0,0
-5,-4,7,1026,-416,-3957,0,0
-5,-4,5,1011,-419,-3959,0,0
-5,-4,4,1029,-421,-3962,0,0
-5,-2,7,1013,-418,-3968,0,0
-5,-2,6,1020,-418,-3960,0,0
-5,-3,6,1025,-421,-3962,0,0
-5,-2,7,1017,-423,-3964,0,0
-5,-1,3,1028,-414,-3962,0,0
-5,-3,4,1026,-415,-3961,0,0
-6,-2,6,1014,-425,-3968,0,0
-7,-4,7,1010,-421,-3970,0,0
-6,-2,6,1031,-419,-3953,0,0
-6,-3,7,1016,-415,-3964,0,0
-3,0,5,1016,-417,-3958,0,0
-5,1,7,1024,-418,-3964,0,0
-5,-2,4,1023,-424,-3962,0,0
-5,-4,3,1019,-425,-3966,0,0
-5,-5,5,1017,-416,-3956,0,0
-5,-4,5,1025,-415,-3956,0,0
-5,-6,5,1021,-420,-3963,0,0
-4,-3,4,1022,-425,-3959,0,0
-4,-5,6,1012,-415,-3958,0,0
-5,-2,6,1024,-415,-3960,0,0
-5,-2,5,1023,-417,-3963,0,0
-5,-3,5,1018,-424,-3956,0,0
-5,-4,5,1019,-424,-3962,0,0
-6,-5,6,1031,-417,-3962,0,0
-5,-8,7,1012,-413,-3978,0,0
0,-14,4,1021,-418,-3956,0,0
-1,-12,5,1015,-426,-3950,0,0
-9,-9,8,1014,-423,-3964,0,0
-8,-7,7,1015,-417,-3954,0,0
-8,-5,5,1013,-417,-3961,0,0
-6,-3,6,1013,-416,-3970,0,0
-5,-2,8,1007,-420,-3960,0,0
-5,-4,5,1005,-420,-3971,0,0
-3,-9,2,1024,-420,-3962,0,0
-7,-28,7,1018,-429,-3961,0,0
-9,-18,11,1002,-419,-3978,0,0
-7,-28,7,995,-413,-3957,0,0
-7,-24,1,1010,-423,-3971,0,0
-9,-24,7,978,-417,-3969,0,0
-7,-12,6,979,-421,-3969,0,0
-8,-9,4,986,-420,-3971,0,0
-7,-4,7,998,-414,-3971,0,0
-8,-4,8,990,-420,-3963,0,0
-9,-5,8,986,-417,-3974,0,0
-9,-3,6,997,-413,-3972,0,0
-10,-1,6,999,-417,-3988,0,0
-6,-6,4,983,-413,-3970,0,0
-3,-2,5,986,-412,-3971,0,0
-1,3,7,991,-418,-3962,0,0
-3,4,7,979,-412,-3966,0,0
-3,8,6,991,-421,-3969,0,0
-7,4,8,994,-421,-3966,0,0
-9,0,8,1002,-414,-3973,0,0
-9,-3,6,1013,-414,-3963,0,0
-11,-5,9,1001,-412,-3981,0,0
-6,-7,7,976,-406,-3982,0,0
0,4,4,996,-420,-3981,0,0
11,27,6,1004,-425,-3969,0,0
3,12,6,990,-400,-3933,0,0
-11,13,8,1017,-415,-3969,0,0
-11,4,9,1009,-426,-3971,0,0
-7,2,6,1014,-414,-3967,0,0
-5,6,4,1015,-417,-3972,0,0
-6,-2,6,1012,-419,-3975,0,0
-6,-1,9,1010,-414,-3961,0,0
-4,3,8,1007,-423,-3964,0,0
-3,0,10,1001,-413,-3953,0,0
-7,3,11,1002,-415,-3963,0,0
-6,4,8,1014,-416,-3976,0,0
-5,0,6,1008,-415,-3965,0,0
-5,1,4,1013,-422,-3973,0,0
-5,-4,5,1016,-415,-3957,0,0
-6,-2,6,1019,-415,-3966,0,0
-5,-8,3,1006,-423,-3966,0,0
-3,-2,4,1007,-418,-3970,0,0
-2,5,7,1009,-414,-3965,0,0
-3,4,6,1008,-415,-3964,0,0
-4,0,5,1014,-419,-3960,0,0
-5,2,5,1024,-419,-3964,0,0
-5,1,7,1017,-404,-3963,0,0
-5,-1,6,1015,-416,-3963,0,0
-6,-5,5,1016,-433,-3973,0,0
-8,-7,8,1006,-425,-3967,0,0
-5,-6,7,1008,-406,-3953,0,0
-4,-2,5,1006,-413,-3963,0,0
-2,3,4,1011,-414,-3969,0,0
-2,6,5,1019,-425,-3961,0,0
-5,1,3,1021,-424,-3964,0,0
-5,-5,3,1014,-412,-3972,0,0
-4,-7,4,1012,-412,-3974,0,0
-1,-3,4,1013,-423,-3971,0,0
-1,-10,3,1017,-420,-3947,0,0
-5,-5,3,1021,-417,-3961,0,0
-7,-2,6,1012,-413,-3964,0,0
-6,1,6,1010,-416,-3972,0,0
-6,2,4,1017,-421,-3966,0,0
-5,1,5,1013,-419,-3965,0,0
-6,-2,7,1019,-414,-3965,0,0
-5,-3,5,1013,-413,-3967,0,0
-4,-4,5,1022,-423,-3961,0,0
-5,-2,6,1021,-415,-3960,0,0
-8,-11,4,1014,-417,-3956,0,0
-11,-18,5,1005,-417,-3972,0,0
-9,-14,7,1004,-420,-3972,0,0
-2,-3,6,1023,-425,-3984,0,0
2,-10,4,999,-410,-3947,0,0
-3,-6,3,1012,-410,-3977,0,0
-4,-8,6,1016,-426,-3961,0,0
-7,-14,4,988,-417,-3961,0,0
-6,-9,1,1017,-421,-3973,0,0
-6,-10,5,1005,-410,-3965,0,0
-5,-5,8,997,-417,-3967,0,0
-5,-7,6,1006,-424,-3965,0,0
-5,-6,4,1008,-418,-3968,0,0
-7,-10,6,992,-407,-3965,0,0
-6,-7,5,1000,-415,-3964,0,0
-6,-6,5,1006,-417,-3961,0,0
-6,-4,7,998,-417,-3976,0,0
-4,0,6,997,-418,-3973,0,0
-2,0,6,1003,-406,-3965,0,0
-6,-2,5,1006,-410,-3965,0,0
-7,-3,3,1002,-422,-3965,0,0
-9,-6,6,987,-417,-3981,0,0
-7,-4,8,1010,-418,-3967,0,0
-6,-6,4,997,-412,-3963,0,0
-4,-3,5,991,-416,-3973,0,0
-3,-2,6,1002,-413,-3961,0,0
-5,-3,5,1004,-411,-3965,0,0
-6,-1,5,1005,-421,-3970,0,0
-5,-4,4,996,-415,-3970,0,0
-4,-3,4,997,-416,-3969,0,0
-5,-4,6,1003,-419,-3958,0,0
-6,-7,4,991,-418,-3966,0,0
-4,-5,3,993,-411,-3973,0,0
-4,1,5,1001,-412,-3969,0,0
-4,1,6,990,-416,-3972,0,0
-3,2,4,996,-417,-3970,0,0
-4,6,7,1003,-413,-3971,0,0
-4,3,8,1000,-409,-3960,0,0
-6,-5,4,1001,-418,-3967,0,0
-6,-4,4,1013,-419,-3978,0,0
-4,-6,7,990,-424,-3965,0,0
-6,-1,7,991,-426,-3973,0,0
-2,0,5,1006,-415,-3963,0,0
-2,2,5,1002,-398,-3955,0,0
-5,4,8,1008,-409,-3973,0,0
-4,-1,6,996,-428,-3966,0,0
-4,0,2,1002,-429,-3966,0,0
-6,-2,5,1009,-413,-3972,0,0
-5,-4,6,1005,-408,-3961,0,0
-7,-2,5,1004,-420,-3967,0,0
-7,-2,6,1006,-434,-3973,0,0
-5,2,7,1005,-418,-3971,0,0
-5,-2,7,997,-407,-3966,0,0
0,11,5,1004,-418,-3967,0,0
-4,5,5,1013,-421,-3956,0,0
-8,-3,7,1003,-422,-3966,0,0
-7,-2,5,1004,-412,-3963,0,0
-6,-4,5,1026,-411,-3966,0,0
-6,-2,7,1015,-417,-3966,0,0
-8,-3,7,998,-422,-3970,0,0
-8,-5,7,1004,-414,-3970,0,0
-7,-4,6,1013,-410,-3957,0,0
-6,-2,8,999,-410,-3969,0,0
-3,2,5,1006,-421,-3968,0,0
-4,-4,5,1006,-419,-3963,0,0
-5,1,7,1013,-415,-3969,0,0
-4,0,6,1005,-405,-3977,0,0
2,1,5,1027,-423,-3981,0,0
3,-4,14,1009,-418,-3942,0,0
-2,-1,12,988,-414,-3955,0,0
-3,-2,3,1007,-424,-3964,0,0
-3,-1,5,1019,-414,-3969,0,0
