-9,0,6,1087,-775,-3910,0,0
-8,-2,6,1084,-779,-3910,0,0
-10,-14,3,1091,-777,-3914,0,0
-10,-20,2,1056,-774,-3914,0,0
-7,0,9,1086,-780,-3909,0,0
-7,-15,7,1083,-780,-3917,0,0
-7,-21,6,1078,-766,-3919,0,0
-7,-23,6,1071,-778,-3917,0,0
-7,-21,6,1067,-777,-3919,0,0
-5,-17,6,1067,-771,-3918,0,0
-4,-11,9,1060,-777,-3923,0,0
-4,-3,8,1064,-778,-3915,0,0
-4,-8,7,1073,-773,-3917,0,0
-6,-14,7,1058,-775,-3921,0,0
-6,-9,5,1056,-775,-3921,0,0
-5,-6,4,1062,-775,-3920,0,0
-4,-11,4,1060,-774,-3925,0,0
-3,-15,6,1059,-779,-3917,0,0
-6,-16,7,1050,-768,-3920,0,0
-5,-5,6,1056,-771,-3924,0,0
-5,-3,7,1060,-776,-3918,0,0
-4,-8,6,1054,-775,-3922,0,0
-3,-7,5,1049,-771,-3921,0,0
-5,-3,5,1061,-774,-3921,0,0
-4,-3,6,1048,-773,-3922,0,0
-4,-3,6,1053,-775,-3923,0,0
-5,-4,5,1052,-773,-3921,0,0
-4,-3,6,1052,-772,-3922,0,0
-5,-4,6,1051,-776,-3924,0,0
-7,-3,6,1049,-776,-3926,0,0
-7,-3,5,1054,-776,-3925,0,0
-6,-5,5,1053,-774,-3926,0,0
-5,-4,6,1056,-778,-3920,0,0
-5,-3,6,1053,-775,-3922,0,0
-4,-5,4,1056,-776,-3926,0,0
-5,-7,4,1043,-779,-3925,0,0
-4,3,7,1049,-772,-3921,0,0
-4,-7,1,1069,-783,-3916,0,0
-7,-13,2,1028,-768,-3932,0,0
-6,5,11,1063,-778,-3922,0,0
-6,-5,6,1054,-777,-3918,0,0
-5,-6,6,1042,-771,-3927,0,0
-5,-2,6,1052,-772,-3924,0,0
-5,-2,5,1050,-775,-3922,0,0
-5,-2,5,1047,-779,-3927,0,0
-4,-3,5,1052,-776,-3921,0,0
-4,-5,5,1048,-772,-3926,0,0
-4,-1,4,1051,-783,-3929,0,0
-5,-6,5,1051,-774,-3920,0,0
-4,-3,5,1055,-765,-3927,0,0
-3,-2,4,1048,-783,-3931,0,0
-4,-3,6,1044,-782,-3924,0,0
-5,-2,7,1061,-765,-3922,0,0
-3,-3,4,1051,-772,-3925,0,0
-5,-3,4,1046,-786,-3927,0,0
-5,-2,5,1059,-771,-3922,0,0
-3,-3,5,1038,-768,-3927,0,0
-4,5,5,1056,-785,-3922,0,0
-4,-2,4,1056,-778,-3922,0,0
-4,-2,4,1051,-773,-3925,0,0
-4,-2,1,1049,-782,-3923,0,0
-6,-8,3,1047,-769,-3929,0,0
-6,1,4,1059,-778,-3926,0,0
-5,-1,5,1052,-781,-3923,0,0
-5,-2,6,1052,-772,-3917,0,0
-5,-1,4,1062,-770,-3924,0,0
-5,-4,3,1052,-779,-3928,0,0
-6,-1,5,1052,-774,-3926,0,0
-6,0,4,1056,-769,-3920,0,0
-5,1,5,1042,-769,-3922,0,0
-5,4,5,1073,-782,-3914,0,0
-6,-14,-1,1046,-768,-3925,0,0
-6,0,6,1041,-771,-3926,0,0
-4,6,7,1066,-784,-3918,0,0
-5,0,5,1049,-766,-3923,0,0
-4,1,6,1061,-775,-3916,0,0
-5,-11,5,1056,-776,-3922,0,0
-4,-12,7,1053,-772,-3925,0,0
-5,-18,7,1052,-776,-3921,0,0
-7,-17,8,1045,-771,-3925,0,0
-5,-9,5,1056,-772,-3921,0,0
-4,-12,8,1043,-776,-3928,0,0
-2,-4,6,1041,-775,-3924,0,0
0,-7,4,1042,-778,-3924,0,0
-1,-7,6,1035,-771,-3927,0,0
-5,-9,11,1024,-782,-3936,0,0
-15,-1,11,1095,-785,-3911,0,0
-11,-25,8,1037,-765,-3930,0,0
-14,-24,7,981,-799,-3956,0,0
-17,-1,-6,1137,-740,-3906,0,0
-9,-25,5,999,-762,-3947,0,0
-11,13,6,1048,-779,-3924,0,0
-8,-11,4,1023,-768,-3930,0,0
-9,-11,4,1035,-766,-3929,0,0
-8,-12,7,1037,-765,-3930,0,0
-7,-17,1,1038,-768,-3934,0,0
-4,-19,-7,1045,-758,-3922,0,0
0,-37,5,1006,-769,-3941,0,0
-5,-20,6,1017,-775,-3935,0,0
-6,-26,2,1051,-753,-3927,0,0
3,-40,8,1005,-762,-3939,0,0
0,-19,13,977,-787,-3945,0,0
-10,-8,10,1012,-765,-3938,0,0
-5,-28,6,1003,-781,-3937,0,0
-7,-41,8,1011,-765,-3938,0,0
-20,-12,23,948,-769,-3952,0,0
-28,49,32,1009,-768,-3948,0,0
-22,24,20,1043,-755,-3929,0,0
-10,0,21,1016,-753,-3936,0,0
3,-12,28,1006,-757,-3945,0,0
5,-24,18,980,-772,-3950,0,0
6,3,18,1041,-752,-3926,0,0
28,-31,32,1085,-749,-3914,0,0
24,-53,24,862,-821,-3980,0,0
-4,3,-4,927,-791,-3957,0,0
-16,10,-11,973,-784,-3955,0,0
-34,47,-10,1060,-761,-3920,0,0
-22,7,-2,1019,-760,-3932,0,0
-15,-13,3,1007,-766,-3942,0,0
-10,-17,3,985,-768,-3945,0,0
-10,-3,1,1002,-766,-3939,0,0
-6,-11,1,1008,-762,-3938,0,0
-6,-19,-4,978,-766,-3951,0,0
-7,5,0,1014,-751,-3934,0,0
-3,-8,4,992,-768,-3947,0,0
2,-16,2,1004,-762,-3941,0,0
9,-26,3,990,-765,-3950,0,0
12,-26,5,1000,-765,-3942,0,0
10,-2,12,1002,-770,-3936,0,0
8,-19,6,948,-788,-3959,0,0
-1,-8,0,991,-772,-3941,0,0
0,-8,4,988,-773,-3942,0,0
-1,-8,3,966,-774,-3951,0,0
-4,-3,2,979,-776,-3947,0,0
-4,-5,1,984,-780,-3946,0,0
-4,-3,1,983,-778,-3941,0,0
-2,3,3,986,-780,-3945,0,0
-1,0,3,979,-776,-3948,0,0
-2,-2,4,983,-777,-3946,0,0
-3,0,2,983,-782,-3940,0,0
-4,1,3,987,-775,-3945,0,0
-4,3,4,981,-774,-3950,0,0
-5,1,5,990,-774,-3947,0,0
-5,-3,5,988,-779,-3947,0,0
-4,0,5,985,-776,-3942,0,0
-4,1,4,982,-772,-3938,0,0
-2,-2,6,992,-772,-3945,0,0
-3,-15,7,985,-777,-3943,0,0
-4,-10,6,981,-782,-3942,0,0
-4,-9,3,987,-775,-3944,0,0
-4,-12,3,988,-785,-3947,0,0
-3,-6,5,975,-781,-3948,0,0
-2,-5,2,977,-778,-3947,0,0
-4,-1,3,986,-777,-3942,0,0
-5,-3,6,998,-779,-3942,0,0
-6,-12,8,973,-780,-3949,0,0
-6,-2,6,979,-776,-3943,0,0
-3,-6,5,983,-775,-3947,0,0
-4,-8,6,973,-775,-3946,0,0
-4,-6,7,980,-781,-3946,0,0
-5,-10,6,977,-776,-3946,0,0
-5,-9,7,976,-778,-3944,0,0
-4,-7,6,974,-780,-3954,0,0
-3,-5,7,976,-785,-3946,0,0
-3,-6,7,975,-782,-3946,0,0
-4,-7,6,977,-775,-3947,0,0
-4,-9,5,968,-773,-3950,0,0
-2,-10,5,964,-780,-3948,0,0
-3,-7,5,970,-785,-3941,0,0
-5,-4,7,977,-779,-3945,0,0
-5,-7,7,969,-783,-3953,0,0
-4,-6,8,979,-789,-3946,0,0
-4,-5,6,973,-776,-3949,0,0
-2,-4,5,964,-787,-3950,0,0
-3,-2,5,968,-783,-3944,0,0
-4,-5,7,967,-777,-3947,0,0
-3,-5,9,968,-788,-3941,0,0
-4,-8,8,968,-786,-3946,0,0
-5,-9,7,962,-780,-3950,0,0
-5,-7,8,969,-782,-3946,0,0
-5,-11,5,961,-785,-3954,0,0
-4,-10,5,961,-781,-3950,0,0
-3,-6,5,958,-782,-3951,0,0
-2,-7,2,964,-787,-3952,0,0
-4,-9,4,960,-785,-3951,0,0
-3,-5,5,963,-779,-3948,0,0
-3,-7,5,966,-783,-3949,0,0
-5,-8,4,956,-789,-3953,0,0
-6,-6,5,961,-782,-3950,0,0
-4,-6,5,958,-784,-3952,0,0
-5,-6,4,958,-785,-3951,0,0
-6,-7,4,962,-783,-3950,0,0
-7,-11,4,959,-780,-3955,0,0
-3,-11,3,948,-778,-3952,0,0
-2,-14,3,950,-786,-3956,0,0
-2,-8,3,951,-786,-3952,0,0
-3,-6,2,954,-779,-3956,0,0
-3,-6,2,959,-785,-3954,0,0
-4,-7,4,949,-793,-3951,0,0
-5,-8,6,959,-783,-3951,0,0
-7,-15,5,951,-778,-3955,0,0
-4,-11,4,930,-790,-3955,0,0
-2,-3,5,947,-784,-3953,0,0
-4,-4,3,954,-776,-3952,0,0
-4,-4,2,941,-795,-3951,0,0
-4,-1,5,948,-788,-3956,0,0
-5,0,5,949,-771,-3955,0,0
-5,0,4,945,-785,-3957,0,0
-6,0,6,948,-794,-3955,0,0
-8,0,5,954,-775,-3956,0,0
-9,1,5,947,-785,-3954,0,0
-11,4,6,943,-788,-3951,0,0
-14,13,8,957,-772,-3949,0,0
-15,28,6,939,-768,-3961,0,0
-16,46,15,941,-786,-3946,0,0
-15,49,12,1021,-793,-3936,0,0
-14,6,1,968,-773,-3954,0,0
-10,10,11,967,-765,-3956,0,0
-6,16,16,981,-778,-3946,0,0
-3,12,16,1011,-770,-3941,0,0
-3,-11,-3,982,-778,-3951,0,0
-2,-3,6,945,-766,-3957,0,0
0,21,15,1026,-786,-3935,0,0
-3,-8,4,976,-782,-3945,0,0
-3,-5,6,980,-766,-3948,0,0
-2,1,4,989,-786,-3947,0,0
-2,-6,0,982,-785,-3937,0,0
-3,-5,1,987,-771,-3944,0,0
-2,-7,1,984,-774,-3946,0,0
-2,-5,3,981,-788,-3949,0,0
-3,-4,3,990,-779,-3944,0,0
-4,-7,3,980,-780,-3945,0,0
-4,-3,6,987,-772,-3940,0,0
-5,-8,3,984,-784,-3947,0,0
-5,-11,4,970,-779,-3955,0,0
-3,-2,7,986,-780,-3949,0,0
-4,-4,6,985,-783,-3940,0,0
-4,-5,5,983,-765,-3948,0,0
-3,-7,7,975,-797,-3949,0,0
-3,-7,9,983,-785,-3941,0,0
-5,-6,4,984,-767,-3948,0,0
-4,-8,4,979,-792,-3945,0,0
-4,-9,6,974,-783,-3948,0,0
-2,-5,2,978,-775,-3949,0,0
-4,-7,3,976,-784,-3942,0,0
-5,-8,5,972,-787,-3947,0,0
-5,-8,7,980,-782,-3951,0,0
-4,-7,6,977,-778,-3944,0,0
-4,-6,5,971,-783,-3948,0,0
-5,-6,6,974,-784,-3945,0,0
-3,-9,3,977,-779,-3944,0,0
-1,-12,3,964,-790,-3953,0,0
-2,-6,5,972,-782,-3951,0,0
-5,-5,5,972,-782,-3949,0,0
-5,-1,8,971,-786,-3946,0,0
-3,-1,7,973,-787,-3944,0,0
-5,-4,6,972,-778,-3947,0,0
-3,-5,6,968,-786,-3951,0,0
-1,-6,6,966,-785,-3950,0,0
-2,-9,6,965,-783,-3951,0,0
-4,-5,5,975,-783,-3942,0,0
-3,-5,7,961,-788,-3945,0,0
-4,-4,7,968,-784,-3948,0,0
-5,-6,4,967,-785,-3948,0,0
-4,-4,5,969,-788,-3946,0,0
-4,-5,4,966,-785,-3951,0,0
-1,-2,3,976,-785,-3953,0,0
-3,-3,4,968,-790,-3950,0,0
-5,-3,6,966,-790,-3946,0,0
-4,-6,6,971,-787,-3947,0,0
-4,-6,6,961,-786,-3951,0,0
-5,-2,7,965,-788,-3946,0,0
-4,-5,6,969,-789,-3951,0,0
-5,-4,5,964,-782,-3945,0,0
-5,-1,6,967,-791,-3947,0,0
-4,-6,5,961,-789,-3955,0,0
-5,-1,5,967,-784,-3953,0,0
-4,-1,5,970,-788,-3945,0,0
-5,-3,5,962,-791,-3947,0,0
-5,-1,6,973,-787,-3945,0,0
-4,-3,6,964,-788,-3954,0,0
-5,-4,5,963,-790,-3951,0,0
-5,-3,5,965,-786,-3952,0,0
-5,-1,3,966,-789,-3947,0,0
-4,-1,4,966,-794,-3947,0,0
-4,-1,5,970,-783,-3948,0,0
-3,-2,3,964,-784,-3954,0,0
-4,-3,3,972,-795,-3951,0,0
-5,-3,4,965,-782,-3947,0,0
-3,2,3,969,-788,-3943,0,0
-5,0,4,964,-792,-3949,0,0
-6,1,6,974,-788,-3946,0,0
-6,-3,6,976,-783,-3943,0,0
-5,-4,7,969,-793,-3949,0,0
-5,-1,5,967,-795,-3947,0,0
-5,0,4,973,-783,-3947,0,0
-4,-2,4,967,-786,-3949,0,0
-5,-1,4,973,-790,-3945,0,0
-5,0,4,973,-788,-3947,0,0
-5,0,5,969,-787,-3947,0,0
-5,-1,6,974,-787,-3947,0,0
-4,-1,5,972,-787,-3945,0,0
-4,-1,5,974,-788,-3936,0,0
-5,-3,5,973,-786,-3942,0,0
-5,-4,4,973,-790,-3947,0,0
-5,-4,5,978,-789,-3946,0,0
-4,-5,7,976,-794,-3945,0,0
-5,-7,8,970,-783,-3948,0,0
-4,-5,4,969,-786,-3944,0,0
-4,-6,4,976,-791,-3944,0,0
-4,-8,5,965,-783,-3951,0,0
-4,-4,3,968,-791,-3948,0,0
-4,-3,2,974,-787,-3947,0,0
-5,-4,6,976,-790,-3944,0,0
-5,-9,7,969,-794,-3947,0,0
-5,-8,7,965,-789,-3943,0,0
-3,-5,5,967,-793,-3947,0,0
-5,-8,5,965,-791,-3954,0,0
-6,-8,6,968,-786,-3946,0,0
-5,-9,6,963,-792,-3949,0,0
-5,-6,6,961,-789,-3944,0,0
-5,-3,7,969,-787,-3943,0,0
-5,-5,6,964,-791,-3946,0,0
-5,-3,6,964,-792,-3947,0,0
-4,-4,6,972,-782,-3948,0,0
-4,-5,5,964,-790,-3951,0,0
-4,-5,5,962,-799,-3946,0,0
-4,-4,6,964,-783,-3944,0,0
-5,-4,5,962,-785,-3952,0,0
-5,-5,7,958,-797,-3953,0,0
-6,-4,7,956,-786,-3956,0,0
-4,-2,5,965,-794,-3949,0,0
-4,-7,5,959,-792,-3947,0,0
-3,-3,4,960,-787,-3951,0,0
-5,-1,3,971,-787,-3945,0,0
-5,-3,5,963,-790,-3948,0,0
-5,-6,6,962,-793,-3949,0,0
-5,-6,7,964,-786,-3954,0,0
-5,-4,6,961,-789,-3953,0,0
-5,-6,5,957,-797,-3949,0,0
-5,-3,3,963,-786,-3948,0,0
-3,-1,3,956,-790,-3949,0,0
-3,4,-1,958,-787,-3954,0,0
-3,0,-9,969,-789,-3949,0,0
-3,-4,2,973,-789,-3946,0,0
-5,-9,6,958,-786,-3954,0,0
-5,-1,9,958,-793,-3950,0,0
-5,-1,8,962,-796,-3950,0,0
-5,-1,7,967,-779,-3951,0,0
-5,-2,6,957,-791,-3948,0,0
-5,0,7,964,-788,-3950,0,0
-5,3,9,967,-785,-3943,0,0
-7,9,11,965,-794,-3945,0,0
-7,10,12,966,-794,-3947,0,0
-6,5,6,972,-778,-3949,0,0
-4,1,3,970,-790,-3946,0,0
-4,-1,6,970,-794,-3950,0,0
-4,0,9,969,-788,-3942,0,0
-6,3,9,976,-788,-3943,0,0
-6,-7,6,974,-793,-3947,0,0
-5,-18,2,954,-790,-3952,0,0
-3,-7,2,973,-789,-3949,0,0
-4,-5,4,970,-797,-3944,0,0
-7,0,10,982,-797,-3945,0,0
-9,-2,19,955,-785,-3954,0,0
-6,0,11,959,-789,-3951,0,0
-5,-2,-1,968,-788,-3951,0,0
-3,-2,-5,969,-785,-3945,0,0
-2,-1,-2,962,-792,-3949,0,0
-4,2,0,973,-791,-3948,0,0
-4,4,2,981,-785,-3944,0,0
-5,-2,4,963,-790,-3946,0,0
-5,-3,3,968,-789,-3945,0,0
-4,-2,0,978,-785,-3948,0,0
-3,-3,0,970,-795,-3946,0,0
-5,-3,3,975,-794,-3946,0,0
-5,-2,2,972,-779,-3945,0,0
-3,0,1,971,-791,-3945,0,0
-4,0,1,974,-801,-3943,0,0
-3,7,0,971,-785,-3951,0,0
-3,9,-2,991,-781,-3943,0,0
-5,0,5,980,-804,-3943,0,0
-7,-10,12,978,-792,-3943,0,0
-7,-12,11,981,-770,-3945,0,0
-6,-11,8,964,-798,-3952,0,0
-5,-7,10,981,-800,-3943,0,0
-6,-12,8,965,-773,-3946,0,0
-4,-1,6,972,-788,-3946,0,0
-5,-4,5,971,-799,-3950,0,0
-5,-5,6,971,-777,-3950,0,0
-5,-4,4,973,-786,-3949,0,0
-4,-2,3,965,-799,-3947,0,0
-5,-2,5,978,-789,-3942,0,0
-4,-4,5,976,-783,-3950,0,0
-6,-7,5,970,-794,-3950,0,0
-5,-8,8,966,-789,-3945,0,0
-4,-7,7,980,-781,-3950,0,0
-5,-13,6,954,-789,-3954,0,0
-5,-8,7,963,-792,-3942,0,0
-4,-11,6,971,-785,-3951,0,0
-4,-8,4,955,-791,-3959,0,0
-5,-5,4,969,-792,-3947,0,0
-6,-7,5,958,-783,-3947,0,0
-6,-7,7,967,-790,-3947,0,0
-6,-8,8,957,-787,-3953,0,0
-5,-3,7,961,-787,-3948,0,0
-4,-5,6,961,-789,-3947,0,0
-5,-1,7,954,-788,-3949,0,0
-4,2,7,974,-790,-3950,0,0
-4,-6,5,960,-792,-3946,0,0
-5,-3,6,955,-792,-3951,0,0
-4,-1,6,964,-785,-3952,0,0
-4,-4,5,968,-791,-3945,0,0
-4,-5,5,954,-793,-3951,0,0
-5,-2,8,963,-786,-3954,0,0
-5,-2,7,971,-793,-3942,0,0
-5,-6,6,958,-793,-3948,0,0
-5,-1,7,970,-785,-3946,0,0
-4,-4,5,965,-790,-3952,0,0
-5,-5,6,958,-797,-3953,0,0
-3,-2,6,962,-788,-3950,0,0
-3,-2,5,964,-797,-3948,0,0
-5,-7,4,956,-796,-3953,0,0
-3,-2,4,963,-786,-3949,0,0
-3,-3,4,965,-791,-3947,0,0
-6,-3,5,961,-796,-3956,0,0
-6,-5,7,968,-790,-3954,0,0
-5,-8,6,958,-787,-3946,0,0
-4,-2,6,962,-791,-3947,0,0
-4,-3,5,963,-792,-3950,0,0
-5,-5,5,960,-793,-3952,0,0
-4,-3,5,960,-794,-3948,0,0
-4,-4,5,953,-791,-3947,0,0
-3,-3,5,960,-791,-3949,0,0
-4,-4,5,962,-790,-3946,0,0
-6,-5,5,960,-791,-3948,0,0
-4,-4,6,960,-794,-3955,0,0
-5,-5,6,960,-792,-3949,0,0
-5,-6,6,958,-793,-3951,0,0
-4,-5,5,960,-793,-3950,0,0
-5,-4,5,953,-791,-3949,0,0
-5,-3,5,955,-789,-3957,0,0
-5,-2,5,959,-794,-3954,0,0
-4,-3,6,958,-792,-3949,0,0
-5,-3,6,953,-793,-3950,0,0
-4,-2,4,959,-787,-3955,0,0
-4,-4,4,956,-794,-3948,0,0
-4,-3,4,951,-792,-3952,0,0
-3,1,4,962,-793,-3951,0,0
-6,-1,4,955,-790,-3949,0,0
-6,-1,5,960,-795,-3951,0,0
-4,-3,6,959,-791,-3951,0,0
-5,-4,6,955,-795,-3948,0,0
-5,-2,4,956,-796,-3956,0,0
-5,0,4,958,-795,-3951,0,0
-5,1,3,960,-793,-3947,0,0
-5,1,1,959,-793,-3949,0,0
-5,2,3,959,-795,-3952,0,0
-4,4,3,963,-791,-3950,0,0
-5,-2,4,966,-795,-3947,0,0
-5,1,6,969,-786,-3951,0,0
-5,-6,3,977,-790,-3946,0,0
-5,-11,5,945,-788,-3956,0,0
-3,6,9,971,-802,-3945,0,0
-5,-1,4,966,-788,-3948,0,0
-5,-1,4,969,-790,-3952,0,0
-4,-2,4,965,-792,-3947,0,0
-4,-1,5,959,-789,-3951,0,0
-3,-1,5,974,-796,-3943,0,0
-4,-4,2,957,-793,-3950,0,0
-4,3,6,958,-790,-3951,0,0
-5,3,7,991,-790,-3946,0,0
-4,-15,-1,954,-789,-3957,0,0
-4,-6,2,964,-791,-3946,0,0
-5,-3,6,972,-796,-3944,0,0
-5,-9,7,967,-792,-3949,0,0
-6,-9,8,955,-789,-3951,0,0
-4,-4,7,966,-790,-3945,0,0
-5,-6,7,964,-791,-3948,0,0
-5,-5,6,961,-791,-3953,0,0
-6,-4,4,963,-795,-3944,0,0
-6,-4,6,959,-792,-3948,0,0
-6,-4,6,961,-790,-3950,0,0
-5,-4,8,962,-788,-3949,0,0
-5,-5,8,958,-795,-3958,0,0
-4,-4,7,965,-792,-3955,0,0
-5,-5,6,960,-794,-3946,0,0
-4,-5,7,957,-791,-3951,0,0
-3,-4,7,962,-795,-3953,0,0
-4,-8,5,968,-794,-3947,0,0
-4,-14,4,950,-792,-3953,0,0
-3,-4,9,950,-797,-3953,0,0
-4,0,5,965,-796,-3949,0,0
-6,-6,4,953,-788,-3951,0,0
-4,-3,5,958,-795,-3954,0,0
-2,-3,3,958,-799,-3951,0,0
-5,-4,5,955,-789,-3945,0,0
-5,-2,6,962,-793,-3948,0,0
-5,-7,7,952,-797,-3953,0,0
-6,-4,9,951,-790,-3953,0,0
-5,1,7,952,-789,-3949,0,0
-4,0,5,960,-797,-3950,0,0
-5,-6,3,955,-796,-3947,0,0
-5,-4,5,950,-783,-3954,0,0
-5,-10,2,985,-791,-3948,0,0
-5,-29,0,897,-794,-3960,0,0
-4,15,14,977,-799,-3949,0,0
-5,-5,6,958,-792,-3952,0,0
-5,-5,5,949,-790,-3960,0,0
-4,0,5,954,-801,-3951,0,0
-5,-3,5,958,-789,-3948,0,0
-5,-3,4,957,-793,-3945,0,0
-4,-3,4,949,-802,-3952,0,0
-5,3,7,951,-788,-3958,0,0
-4,0,7,967,-796,-3947,0,0
-5,-9,4,936,-795,-3960,0,0
-4,2,6,954,-796,-3951,0,0
-4,0,5,964,-788,-3950,0,0
-4,-1,2,948,-791,-3956,0,0
-3,0,3,956,-797,-3951,0,0
-5,1,4,957,-789,-3950,0,0
-5,-1,5,963,-798,-3947,0,0
-6,-6,6,952,-799,-3952,0,0
-4,0,4,955,-787,-3949,0,0
-5,-3,2,967,-787,-3951,0,0
-6,-11,3,959,-793,-3954,0,0
-4,-4,5,943,-802,-3957,0,0
-4,6,4,968,-794,-3948,0,0
-6,0,4,953,-795,-3954,0,0
-5,3,5,963,-797,-3951,0,0
-4,-1,5,954,-793,-3951,0,0
-5,-1,4,958,-797,-3956,0,0
-4,0,4,964,-788,-3949,0,0
-4,1,4,965,-787,-3945,0,0
-5,0,4,959,-796,-3952,0,0
-5,-1,5,959,-791,-3953,0,0
-5,0,5,974,-790,-3948,0,0
-4,-4,5,961,-793,-3944,0,0
-5,-2,6,963,-793,-3947,0,0
-4,-3,3,962,-792,-3948,0,0
-5,-7,5,962,-797,-3951,0,0
-5,-7,5,950,-790,-3951,0,0
-3,-4,2,962,-790,-3950,0,0
-3,-2,4,964,-794,-3945,0,0
-5,-6,7,959,-797,-3949,0,0
-6,-8,8,959,-789,-3950,0,0
-5,-5,6,957,-791,-3950,0,0
-5,-7,5,959,-797,-3949,0,0
-5,-7,7,957,-792,-3955,0,0
-5,-10,4,965,-796,-3946,0,0
-5,-13,4,941,-788,-3957,0,0
-4,1,9,958,-798,-3950,0,0
-2,6,10,964,-787,-3951,0,0
-2,-19,3,971,-794,-3945,0,0
-3,-21,1,919,-795,-3963,0,0
-4,5,8,966,-800,-3953,0,0
-5,-7,5,957,-792,-3950,0,0
-4,-6,6,958,-798,-3952,0,0
-5,-6,6,949,-800,-3957,0,0
-5,-2,8,956,-791,-3951,0,0
-4,-4,7,945,-794,-3954,0,0
-6,4,10,952,-788,-3965,0,0
-3,1,7,984,-816,-3968,0,0
-6,-16,4,928,-791,-3905,0,0
-1,-7,2,945,-769,-3959,0,0
-4,-8,3,939,-820,-3958,0,0
-7,-13,4,965,-788,-3951,0,0
-4,-21,8,920,-799,-3959,0,0
-3,-2,8,950,-799,-3953,0,0
-6,-6,4,935,-800,-3954,0,0
-5,1,8,951,-795,-3955,0,0
-6,-2,6,944,-801,-3956,0,0
-6,-2,5,948,-800,-3953,0,0
-4,0,5,947,-790,-3956,0,0
-5,-4,5,949,-810,-3952,0,0
-6,0,4,950,-773,-3951,0,0
-5,-3,5,947,-828,-3957,0,0
-6,-6,4,940,-780,-3957,0,0
-4,2,5,957,-791,-3948,0,0
-4,-5,2,940,-798,-3958,0,0
-4,7,10,943,-799,-3960,0,0
-5,-17,4,969,-805,-3937,0,0
-6,-9,4,919,-784,-3964,0,0
-4,3,6,955,-816,-3949,0,0
-6,-5,5,937,-788,-3956,0,0
-4,6,5,958,-790,-3954,0,0
-3,-5,3,940,-814,-3953,0,0
-4,-2,5,945,-802,-3951,0,0
-4,3,3,932,-800,-3959,0,0
-5,12,6,980,-782,-3947,0,0
-4,-6,0,944,-803,-3953,0,0
-6,-8,8,921,-823,-3958,0,0
-5,5,7,968,-778,-3947,0,0
-4,-3,-3,963,-780,-3948,0,0
-4,-9,1,928,-828,-3957,0,0
-5,-3,6,947,-792,-3953,0,0
-4,3,3,973,-773,-3949,0,0
-3,-5,0,940,-818,-3952,0,0
-7,-4,1,949,-800,-3948,0,0
-5,1,3,958,-774,-3957,0,0
-3,3,5,951,-812,-3951,0,0
-5,9,10,941,-797,-3951,0,0
-3,8,7,995,-781,-3948,0,0
-5,-20,-1,933,-814,-3955,0,0
-4,2,8,942,-802,-3957,0,0
-5,3,5,968,-790,-3948,0,0
-5,-5,5,952,-798,-3949,0,0
-4,-2,6,948,-800,-3949,0,0
-3,-1,4,948,-800,-3949,0,0
-6,10,11,978,-780,-3945,0,0
-5,-14,7,953,-810,-3947,0,0
-5,-15,2,941,-791,-3956,0,0
-5,-2,8,950,-796,-3952,0,0
-6,-5,8,966,-799,-3948,0,0
-6,-11,8,941,-797,-3953,0,0
-5,-5,5,956,-800,-3945,0,0
-3,-9,3,943,-795,-3956,0,0
-5,-4,6,949,-795,-3956,0,0
-4,-5,4,951,-802,-3952,0,0
-5,-5,5,945,-801,-3954,0,0
-5,-3,5,950,-793,-3946,0,0
-5,-3,8,951,-798,-3947,0,0
-6,-4,9,949,-798,-3959,0,0
-5,-4,8,951,-797,-3955,0,0
-5,-4,7,947,-798,-3959,0,0
-5,-6,6,942,-794,-3959,0,0
-5,-4,6,954,-795,-3956,0,0
-6,-6,5,945,-797,-3950,0,0
-6,-7,6,952,-798,-3956,0,0
-6,-11,4,940,-796,-3953,0,0
-6,-6,4,943,-797,-3953,0,0
-4,-7,3,944,-798,-3950,0,0
-4,-4,3,939,-791,-3958,0,0
-3,0,4,946,-803,-3954,0,0
-6,-3,4,945,-798,-3956,0,0
-6,-4,5,945,-794,-3957,0,0
-5,-5,6,940,-798,-3954,0,0
-6,-4,6,944,-794,-3956,0,0
-5,-3,5,945,-799,-3958,0,0
-4,-3,5,944,-797,-3958,0,0
-5,-2,6,941,-792,-3958,0,0
-5,-6,4,950,-795,-3953,0,0
-7,-9,4,931,-792,-3953,0,0
-6,1,8,937,-800,-3956,0,0
-3,-1,6,948,-800,-3951,0,0
-5,-5,4,944,-788,-3951,0,0
-5,-4,5,946,-798,-3948,0,0
-4,-5,6,939,-798,-3952,0,0
-5,-4,6,944,-794,-3953,0,0
-5,-4,5,940,-797,-3955,0,0
-6,-2,6,932,-796,-3956,0,0
-4,2,8,952,-803,-3955,0,0
-5,-6,5,937,-798,-3957,0,0
-4,-3,5,936,-791,-3958,0,0
-4,0,4,947,-796,-3957,0,0
-2,1,1,938,-800,-3957,0,0
-3,4,3,948,-796,-3951,0,0
-6,-1,3,945,-792,-3948,0,0
-5,-4,4,948,-799,-3956,0,0
-5,-7,6,935,-800,-3955,0,0
-5,0,6,948,-789,-3956,0,0
-4,0,4,945,-800,-3955,0,0
-5,-1,5,942,-802,-3958,0,0
-6,-1,4,951,-794,-3955,0,0
-4,-1,2,947,-802,-3953,0,0
-4,0,3,950,-807,-3953,0,0
-4,-2,3,940,-793,-3955,0,0
-4,6,4,960,-798,-3951,0,0
-5,-4,-1,948,-803,-3950,0,0
-5,-8,1,937,-795,-3952,0,0
-5,1,6,934,-804,-3951,0,0
-5,2,6,960,-789,-3950,0,0
-4,0,2,951,-791,-3954,0,0
-4,0,5,946,-814,-3950,0,0
-6,-3,5,946,-795,-3954,0,0
-6,-1,4,952,-794,-3952,0,0
-4,-4,3,961,-789,-3955,0,0
-4,-6,4,942,-802,-3954,0,0
-3,-1,4,938,-809,-3952,0,0
-4,1,4,964,-788,-3947,0,0
-5,-10,3,947,-793,-3957,0,0
-4,-7,9,950,-802,-3955,0,0
-5,-5,8,953,-798,-3954,0,0
-5,-8,5,933,-807,-3957,0,0
-4,-4,8,949,-806,-3952,0,0
-5,-1,7,943,-795,-3957,0,0
-4,-5,5,960,-800,-3948,0,0
-5,-11,5,937,-800,-3954,0,0
-5,-4,7,950,-793,-3955,0,0
-5,-4,7,947,-798,-3956,0,0
-4,-3,7,938,-803,-3955,0,0
-6,-9,10,934,-806,-3955,0,0
-5,-2,7,949,-785,-3957,0,0
-4,-5,6,941,-805,-3952,0,0
-5,-5,7,936,-809,-3953,0,0
-5,-4,7,958,-789,-3952,0,0
-4,-6,5,929,-801,-3959,0,0
-5,-4,5,937,-820,-3953,0,0
-5,-4,6,950,-784,-3955,0,0
-4,-2,2,945,-788,-3951,0,0
-4,-5,2,930,-821,-3956,0,0
-6,0,8,940,-808,-3955,0,0
-5,-2,6,960,-784,-3947,0,0
-4,-7,6,933,-804,-3956,0,0
-6,-4,8,940,-809,-3952,0,0
-5,-4,7,946,-789,-3952,0,0
-4,-4,5,938,-798,-3959,0,0
-5,-4,5,938,-805,-3957,0,0
-5,-4,6,936,-803,-3955,0,0
-4,-2,5,946,-785,-3957,0,0
-4,-4,5,939,-806,-3961,0,0
-6,-4,7,930,-813,-3956,0,0
-5,-1,6,950,-783,-3947,0,0
-3,-3,4,944,-790,-3960,0,0
-4,-4,4,932,-811,-3954,0,0
-4,-2,7,944,-794,-3952,0,0
-2,9,8,941,-791,-3961,0,0
-2,1,8,964,-810,-3956,0,0
-5,-13,7,926,-798,-3959,0,0
-5,-4,8,944,-794,-3954,0,0
-4,-6,2,933,-805,-3959,0,0
-5,-7,4,948,-807,-3956,0,0
-4,-7,3,930,-800,-3966,0,0
-3,2,4,947,-801,-3958,0,0
-4,-1,5,937,-808,-3956,0,0
-4,-1,6,943,-801,-3953,0,0
-3,-4,5,936,-802,-3954,0,0
-3,0,5,941,-802,-3951,0,0
-5,-1,5,940,-803,-3957,0,0
-5,-2,6,941,-801,-3951,0,0
-5,-2,5,931,-797,-3954,0,0
-5,1,4,943,-803,-3954,0,0
-5,0,3,943,-804,-3955,0,0
-5,1,3,941,-802,-3954,0,0
-4,1,3,945,-802,-3955,0,0
-5,1,3,945,-799,-3957,0,0
-5,0,4,944,-798,-3959,0,0
-5,0,5,945,-800,-3954,0,0
-6,-1,6,947,-801,-3953,0,0
-6,-1,7,944,-800,-3957,0,0
-5,0,6,942,-799,-3954,0,0
-3,1,4,945,-803,-3950,0,0
-4,1,2,950,-804,-3957,0,0
-4,-2,4,946,-806,-3951,0,0
-5,0,5,945,-798,-3954,0,0
-4,-2,2,955,-807,-3954,0,0
-4,-4,4,950,-804,-3949,0,0
-4,-3,4,948,-801,-3951,0,0
-4,-2,2,952,-800,-3957,0,0
-4,-2,5,954,-804,-3950,0,0
-3,-6,6,952,-800,-3953,0,0
-4,-5,6,944,-799,-3954,0,0
-5,1,6,944,-804,-3953,0,0
-7,-5,5,964,-804,-3948,0,0
-7,-13,4,929,-796,-3956,0,0
-5,-2,7,951,-804,-3953,0,0
-5,-6,5,945,-799,-3956,0,0
-5,-5,5,945,-799,-3957,0,0
-5,-5,5,950,-804,-3954,0,0
-5,-6,6,945,-805,-3951,0,0
-5,-8,6,942,-800,-3954,0,0
-4,-5,6,947,-803,-3953,0,0
-4,-6,6,947,-803,-3952,0,0
-6,-9,5,941,-802,-3957,0,0
-4,-8,5,941,-804,-3955,0,0
-2,-5,5,945,-799,-3951,0,0
-1,-5,6,945,-804,-3952,0,0
-1,-4,4,938,-807,-3956,0,0
-4,-5,3,939,-805,-3956,0,0
-4,-7,5,940,-800,-3954,0,0
-3,-5,4,935,-802,-3957,0,0
-4,-3,4,942,-803,-3957,0,0
-5,-6,6,940,-801,-3952,0,0
-3,-12,6,943,-804,-3953,0,0
-1,-14,5,930,-812,-3956,0,0
-4,-5,5,936,-809,-3959,0,0
-4,-8,4,940,-806,-3954,0,0
-4,-11,3,928,-805,-3958,0,0
-4,-6,4,931,-803,-3963,0,0
-4,-4,6,932,-808,-3954,0,0
-5,-5,5,931,-806,-3960,0,0
-4,-3,6,929,-805,-3957,0,0
-5,-2,7,935,-806,-3956,0,0
-6,0,7,920,-812,-3955,0,0
-5,7,9,954,-804,-3947,0,0
-6,-20,-2,939,-804,-3955,0,0
-7,-13,3,924,-801,-3964,0,0
-6,-6,4,923,-807,-3955,0,0
-4,-3,6,925,-799,-3956,0,0
-4,1,8,937,-808,-3958,0,0
-6,-4,6,930,-806,-3961,0,0
-5,-3,7,924,-803,-3959,0,0
-4,0,5,937,-802,-3959,0,0
-5,-4,5,929,-804,-3956,0,0
-4,0,4,933,-800,-3962,0,0
-3,0,3,932,-806,-3959,0,0
-5,-1,6,936,-809,-3951,0,0
-5,-2,6,938,-805,-3957,0,0
-5,-5,4,925,-802,-3957,0,0
-3,0,4,940,-809,-3956,0,0
-5,-3,4,929,-806,-3961,0,0
-4,0,6,931,-807,-3957,0,0
-4,-2,5,934,-809,-3960,0,0
-5,-5,4,927,-805,-3957,0,0
-4,-1,7,936,-805,-3959,0,0
-5,-1,6,938,-810,-3955,0,0
-5,-2,4,924,-805,-3959,0,0
-4,3,4,937,-804,-3956,0,0
-4,1,2,931,-803,-3952,0,0
-4,3,4,935,-807,-3952,0,0
-4,2,3,935,-805,-3955,0,0
-4,3,4,934,-803,-3955,0,0
-5,-1,3,948,-812,-3950,0,0
-6,-7,3,930,-798,-3961,0,0
-4,-1,6,945,-810,-3954,0,0
-4,-5,3,932,-801,-3958,0,0
-4,2,5,938,-807,-3952,0,0
-5,-4,3,942,-809,-3955,0,0
-4,-4,4,929,-805,-3955,0,0
-3,2,3,938,-808,-3954,0,0
-7,0,3,943,-806,-3951,0,0
-6,-4,6,940,-808,-3951,0,0
-5,-7,7,928,-804,-3955,0,0
-5,-1,7,943,-800,-3952,0,0
-5,-5,5,935,-807,-3958,0,0
-6,-2,8,936,-811,-3951,0,0
-5,-5,6,945,-805,-3949,0,0
-5,-16,1,936,-807,-3954,0,0
-5,-9,4,926,-804,-3957,0,0
-5,-4,7,936,-803,-3956,0,0
-4,-3,8,939,-807,-3956,0,0
-6,-7,7,932,-809,-3955,0,0
-6,-6,7,929,-804,-3962,0,0
-4,-4,7,934,-800,-3960,0,0
-4,-6,5,928,-807,-3958,0,0
-5,-3,5,935,-808,-3950,0,0
-5,-4,5,931,-804,-3955,0,0
-5,-5,6,932,-807,-3958,0,0
-5,-3,6,932,-805,-3955,0,0
-5,-4,5,940,-808,-3949,0,0
-4,-7,6,927,-802,-3959,0,0
-5,-1,6,930,-805,-3959,0,0
-5,-2,6,937,-805,-3954,0,0
-5,-4,7,931,-807,-3957,0,0
-6,-6,7,932,-805,-3958,0,0
-5,-5,7,928,-806,-3959,0,0
-4,-2,6,931,-804,-3959,0,0
-4,-4,6,926,-805,-3961,0,0
-4,-2,5,930,-805,-3957,0,0
-5,-3,5,932,-806,-3960,0,0
-4,-3,6,929,-805,-3957,0,0
-4,0,6,927,-804,-3958,0,0
-5,0,7,940,-809,-3951,0,0
-5,-10,3,939,-807,-3954,0,0
-6,-15,0,927,-808,-3959,0,0
-6,-11,2,923,-803,-3953,0,0
-5,-4,7,918,-806,-3956,0,0
-4,0,8,930,-811,-3955,0,0
-5,-4,6,923,-802,-3959,0,0
-4,-2,6,927,-810,-3957,0,0
-4,-4,6,925,-807,-3959,0,0
-4,-3,7,930,-804,-3960,0,0
-4,-3,5,922,-803,-3961,0,0
-5,-4,4,928,-811,-3952,0,0
-5,-5,4,921,-804,-3959,0,0
-4,-1,2,927,-804,-3958,0,0
-4,-1,3,927,-809,-3958,0,0
-5,0,5,930,-806,-3958,0,0
-6,-2,6,931,-803,-3953,0,0
-5,-3,6,925,-807,-3957,0,0
-4,-1,5,927,-805,-3960,0,0
-4,-2,5,928,-803,-3956,0,0
-5,0,6,929,-807,-3956,0,0
-4,-2,5,925,-807,-3958,0,0
-4,0,5,927,-803,-3960,0,0
-4,2,4,930,-809,-3956,0,0
-4,1,4,928,-807,-3962,0,0
-5,1,5,932,-807,-3955,0,0
-4,1,3,936,-806,-3956,0,0
-4,-1,3,932,-811,-3957,0,0
-4,0,5,937,-806,-3957,0,0
-4,-1,5,928,-806,-3956,0,0
-4,1,6,929,-816,-3961,0,0
-4,0,6,937,-813,-3956,0,0
-4,-2,5,937,-805,-3954,0,0
-4,-2,6,934,-810,-3958,0,0
-3,-2,4,926,-804,-3963,0,0
-3,-2,3,941,-810,-3952,0,0
-3,-3,4,931,-808,-3957,0,0
-3,-1,2,929,-811,-3954,0,0
-4,1,1,944,-806,-3951,0,0
-6,-4,4,942,-806,-3956,0,0
-6,-7,7,933,-805,-3953,0,0
-5,-6,7,932,-805,-3956,0,0
-4,-4,5,933,-807,-3957,0,0
-5,-6,7,937,-811,-3960,0,0
-5,-6,8,928,-809,-3956,0,0
-5,-5,6,938,-810,-3960,0,0
-5,-4,6,934,-811,-3957,0,0
-6,-5,7,932,-804,-3954,0,0
-6,-7,7,935,-805,-3955,0,0
-5,-6,7,937,-812,-3957,0,0
-6,-6,7,930,-811,-3955,0,0
-5,-5,6,927,-805,-3962,0,0
-3,-4,6,931,-809,-3955,0,0
-4,-4,6,932,-806,-3956,0,0
-5,-4,6,934,-809,-3958,0,0
-6,-6,6,926,-807,-3953,0,0
-5,-4,6,927,-809,-3954,0,0
-5,-6,6,940,-810,-3957,0,0
-5,-6,5,929,-807,-3961,0,0
-3,-3,4,929,-810,-3956,0,0
-5,-2,5,928,-810,-3957,0,0
-6,-1,8,931,-812,-3958,0,0
-6,-4,8,933,-810,-3955,0,0
-6,-6,7,922,-810,-3961,0,0
-5,-4,5,922,-811,-3962,0,0
-5,-3,5,926,-812,-3955,0,0
-6,-2,6,927,-805,-3962,0,0
-5,-3,6,927,-807,-3957,0,0
-5,-2,6,924,-810,-3955,0,0
-5,-2,7,932,-810,-3958,0,0
-6,-4,6,927,-809,-3953,0,0
-5,-3,6,927,-810,-3958,0,0
-5,-3,7,932,-810,-3958,0,0
-5,-5,7,933,-807,-3960,0,0
-4,-5,7,928,-812,-3958,0,0
-4,-5,7,926,-808,-3955,0,0
-5,-6,8,927,-807,-3961,0,0
-5,-4,6,927,-807,-3959,0,0
-5,-4,7,925,-806,-3955,0,0
-5,-3,7,926,-806,-3957,0,0
-5,-4,6,927,-813,-3960,0,0
-5,-5,5,920,-812,-3958,0,0
-4,-2,4,927,-807,-3961,0,0
-5,-1,4,925,-807,-3961,0,0
-5,2,6,951,-813,-3954,0,0
-6,-24,-3,927,-811,-3956,0,0
-6,-12,3,896,-798,-3967,0,0
-5,5,8,939,-813,-3953,0,0
-4,-3,3,921,-812,-3956,0,0
-3,5,5,924,-808,-3957,0,0
-3,3,3,929,-810,-3961,0,0
-5,1,4,927,-810,-3960,0,0
-5,3,7,929,-808,-3954,0,0
-4,2,6,934,-807,-3952,0,0
-2,1,5,930,-811,-3958,0,0
-2,3,4,932,-815,-3956,0,0
-3,1,4,932,-809,-3956,0,0
-3,0,5,932,-814,-3953,0,0
-4,-1,5,931,-816,-3956,0,0
-4,-1,5,933,-813,-3955,0,0
-4,-1,3,935,-813,-3953,0,0
-4,-3,3,932,-816,-3955,0,0
-3,1,4,933,-809,-3957,0,0
-2,0,2,935,-813,-3951,0,0
-4,-1,5,944,-812,-3953,0,0
-4,-1,3,928,-805,-3952,0,0
-4,9,4,945,-815,-3952,0,0
-5,0,4,958,-820,-3948,0,0
-7,-18,2,931,-808,-3958,0,0
-6,-7,5,924,-807,-3961,0,0
-5,-2,3,939,-814,-3949,0,0
-4,-2,5,929,-809,-3952,0,0
-5,-2,6,944,-819,-3953,0,0
-6,-9,5,925,-813,-3958,0,0
-5,-2,7,946,-813,-3953,0,0
-5,-4,7,927,-815,-3950,0,0
-5,0,10,934,-811,-3953,0,0
-6,-7,6,940,-811,-3954,0,0
-5,-7,6,927,-813,-3959,0,0
-5,-2,7,936,-812,-3951,0,0
-6,-4,5,934,-810,-3954,0,0
-6,-7,3,943,-813,-3956,0,0
-6,-13,4,931,-816,-3955,0,0
-6,-7,7,923,-810,-3955,0,0
-5,-3,4,929,-803,-3957,0,0
-5,-3,6,924,-811,-3959,0,0
-5,-1,7,941,-817,-3956,0,0
-5,-5,4,926,-807,-3964,0,0
-5,-1,6,931,-810,-3963,0,0
-6,-2,6,934,-814,-3956,0,0
-5,-5,7,931,-809,-3960,0,0
-5,-2,5,933,-809,-3962,0,0
-5,-3,5,926,-812,-3959,0,0
-6,-2,7,933,-808,-3955,0,0
-5,-2,7,935,-812,-3953,0,0
-5,-4,5,924,-814,-3959,0,0
-5,-2,6,932,-812,-3954,0,0
-4,-1,7,935,-811,-3949,0,0
-5,-2,7,931,-812,-3960,0,0
-5,4,8,944,-816,-3956,0,0
-6,-5,5,943,-809,-3958,0,0
-5,-19,-1,915,-810,-3960,0,0
-5,-4,5,928,-807,-3961,0,0
-5,-1,5,935,-811,-3957,0,0
-4,-1,5,935,-815,-3958,0,0
-5,-4,6,925,-813,-3958,0,0
-6,-3,6,926,-810,-3953,0,0
-5,-1,4,927,-811,-3961,0,0
-4,-1,6,933,-816,-3953,0,0
-4,-3,6,926,-810,-3956,0,0
-3,1,6,933,-810,-3958,0,0
-5,-3,5,937,-811,-3960,0,0
-6,-6,6,924,-810,-3958,0,0
-5,-3,7,937,-811,-3957,0,0
-4,-5,6,924,-809,-3959,0,0
-4,3,8,924,-810,-3957,0,0
-5,3,6,954,-818,-3948,0,0
-6,-18,-2,924,-806,-3959,0,0
-4,-5,3,924,-808,-3960,0,0
-2,-1,5,933,-814,-3955,0,0
-3,-2,5,927,-808,-3953,0,0
-4,-1,5,921,-813,-3958,0,0
-4,3,4,929,-812,-3959,0,0
-4,2,3,933,-810,-3955,0,0
-4,1,5,935,-816,-3954,0,0
-4,-2,3,936,-817,-3955,0,0
-5,-2,3,931,-814,-3961,0,0
-3,2,5,936,-813,-3954,0,0
-3,0,6,927,-812,-3956,0,0
-6,3,8,930,-810,-3955,0,0
-5,-2,5,945,-815,-3950,0,0
-4,-9,2,928,-813,-3959,0,0
-4,-3,3,929,-812,-3959,0,0
-4,-2,3,941,-810,-3948,0,0
-3,1,4,924,-811,-3954,0,0
-2,4,0,940,-816,-3955,0,0
-5,1,2,938,-813,-3958,0,0
-4,-1,5,949,-818,-3953,0,0
-5,-7,6,934,-812,-3959,0,0
-5,-3,6,938,-814,-3956,0,0
-4,-3,4,933,-815,-3955,0,0
-5,-3,4,935,-817,-3959,0,0
-5,-5,4,937,-808,-3956,0,0
-5,-4,4,939,-812,-3953,0,0
-4,-5,5,934,-813,-3955,0,0
-4,-2,6,931,-813,-3955,0,0
-5,3,10,953,-812,-3955,0,0
-5,-18,3,933,-820,-3958,0,0
-5,-12,6,911,-802,-3966,0,0
-5,3,9,952,-814,-3953,0,0
-4,-9,4,925,-812,-3964,0,0
-4,-4,7,936,-819,-3953,0,0
-5,-5,7,935,-810,-3956,0,0
-5,-5,6,936,-814,-3951,0,0
-5,-6,6,921,-815,-3955,0,0
-3,-3,3,935,-813,-3956,0,0
-4,-6,4,934,-815,-3955,0,0
-4,-6,4,925,-810,-3957,0,0
-4,-2,5,930,-809,-3953,0,0
-4,-1,6,932,-816,-3953,0,0
-2,-1,8,930,-817,-3955,0,0
-3,7,13,946,-804,-3955,0,0
-5,-11,7,954,-812,-3947,0,0
-4,-22,5,894,-824,-3958,0,0
-5,-3,9,936,-821,-3950,0,0
-6,-5,7,921,-808,-3960,0,0
-5,0,6,931,-818,-3951,0,0
-5,-4,5,926,-817,-3956,0,0
-5,-2,6,931,-813,-3956,0,0
-4,-2,6,926,-819,-3960,0,0
-3,-2,5,924,-819,-3957,0,0
-4,7,9,932,-813,-3959,0,0
-5,1,6,948,-820,-3952,0,0
-5,-9,4,915,-812,-3961,0,0
-4,0,6,936,-818,-3952,0,0
-4,-4,5,930,-816,-3956,0,0
-5,-6,5,925,-818,-3955,0,0
-5,-4,6,928,-813,-3953,0,0
-4,-5,5,930,-818,-3957,0,0
-5,-4,6,929,-811,-3962,0,0
-5,-9,3,929,-818,-3955,0,0
-5,-8,4,921,-814,-3957,0,0
-4,-1,4,930,-819,-3957,0,0
-4,-2,3,932,-819,-3958,0,0
-5,-1,5,937,-817,-3954,0,0
-6,-5,6,934,-817,-3957,0,0
-6,-7,5,919,-816,-3955,0,0
-5,-2,6,934,-815,-3957,0,0
-5,-6,5,927,-816,-3960,0,0
-5,-4,5,924,-818,-3954,0,0
-5,-3,4,933,-817,-3956,0,0
-5,-5,3,917,-812,-3960,0,0
-4,3,6,930,-818,-3952,0,0
-5,-1,5,922,-815,-3962,0,0
-4,2,6,938,-820,-3953,0,0
-4,-4,5,925,-816,-3964,0,0
-6,0,5,931,-815,-3962,0,0
-5,2,5,929,-817,-3953,0,0
-5,1,6,936,-813,-3955,0,0
-5,-9,2,920,-815,-3957,0,0
-5,1,6,926,-812,-3956,0,0
-4,0,4,932,-822,-3950,0,0
-4,-1,4,931,-812,-3958,0,0
-4,1,4,940,-815,-3959,0,0
-4,-2,4,930,-813,-3957,0,0
-4,1,3,936,-821,-3959,0,0
-4,-3,3,934,-816,-3957,0,0
-4,-2,5,929,-806,-3956,0,0
-3,1,2,934,-815,-3953,0,0
-5,1,3,940,-821,-3954,0,0
-5,-2,6,937,-812,-3959,0,0
-5,-6,7,932,-812,-3955,0,0
-5,-3,6,932,-815,-3957,0,0
-5,-2,4,939,-814,-3954,0,0
-5,-4,4,933,-811,-3954,0,0
-5,-4,4,933,-813,-3959,0,0
-4,-4,4,938,-815,-3958,0,0
-5,-4,5,938,-816,-3955,0,0
-6,-6,7,940,-816,-3954,0,0
-5,-5,8,937,-812,-3952,0,0
-4,-5,7,932,-813,-3957,0,0
-5,-6,6,933,-815,-3954,0,0
-5,-5,6,936,-815,-3956,0,0
-4,-4,7,934,-817,-3954,0,0
-4,-5,6,934,-814,-3958,0,0
-5,-5,7,929,-813,-3957,0,0
-4,-3,7,931,-816,-3957,0,0
-5,-6,6,926,-812,-3961,0,0
-4,-4,4,928,-813,-3956,0,0
-3,-5,4,938,-819,-3948,0,0
-5,-6,5,926,-813,-3959,0,0
-3,-2,4,932,-815,-3955,0,0
-6,-3,5,936,-818,-3951,0,0
-5,-4,7,935,-819,-3951,0,0
-5,-8,8,929,-820,-3956,0,0
-6,-6,8,924,-815,-3952,0,0
-6,0,7,932,-814,-3951,0,0
-5,-5,5,929,-817,-3955,0,0
-4,-6,6,920,-815,-3957,0,0
-6,-3,6,929,-812,-3955,0,0
-5,-6,4,927,-816,-3958,0,0
-5,-5,5,926,-817,-3959,0,0
-5,-1,7,931,-815,-3961,0,0
-5,-5,5,930,-815,-3956,0,0
-5,-3,5,926,-817,-3959,0,0
-6,-4,6,931,-816,-3955,0,0
-5,-5,6,928,-813,-3959,0,0
-5,-3,7,929,-816,-3958,0,0
-5,-6,5,926,-818,-3959,0,0
-5,-4,5,928,-811,-3957,0,0
-5,-4,5,931,-814,-3960,0,0
-6,-6,5,927,-815,-3959,0,0
-6,-6,6,922,-814,-3956,0,0
-5,-4,6,920,-811,-3957,0,0
-5,-4,4,930,-814,-3953,0,0
-4,-6,5,919,-812,-3959,0,0
-3,0,4,928,-815,-3952,0,0
-5,-2,4,923,-812,-3956,0,0
-6,-1,6,928,-817,-3957,0,0
-5,-8,4,929,-806,-3955,0,0
-5,-7,6,917,-817,-3955,0,0
-5,-3,4,926,-819,-3950,0,0
-5,-6,3,924,-801,-3957,0,0
-5,-2,4,923,-817,-3955,0,0
-4,-2,4,926,-817,-3955,0,0
-5,-2,4,927,-802,-3953,0,0
-4,-1,4,924,-818,-3960,0,0
-5,-2,6,925,-823,-3961,0,0
-5,-2,6,928,-808,-3959,0,0
-6,-4,6,928,-813,-3959,0,0
-5,-4,4,923,-814,-3954,0,0
-5,1,4,923,-815,-3954,0,0
-5,-1,4,927,-818,-3958,0,0
-5,-2,5,924,-813,-3957,0,0
-4,-1,4,925,-811,-3960,0,0
-3,1,2,932,-816,-3958,0,0
-4,-1,4,931,-817,-3954,0,0
-5,-3,7,929,-817,-3952,0,0
-5,-2,7,929,-810,-3957,0,0
-5,-3,5,936,-820,-3956,0,0
-5,-6,6,926,-818,-3959,0,0
-3,-1,4,929,-809,-3961,0,0
-5,0,2,937,-811,-3955,0,0
-7,-4,5,928,-810,-3954,0,0
-6,-5,6,923,-814,-3951,0,0
-6,-2,7,931,-814,-3954,0,0
-5,-4,4,922,-813,-3958,0,0
-5,-3,3,926,-813,-3951,0,0
-3,-4,3,928,-813,-3956,0,0
-3,-6,3,926,-816,-3959,0,0
-4,-5,4,931,-815,-3957,0,0
-4,-6,6,935,-811,-3958,0,0
-5,-10,7,929,-815,-3958,0,0
-5,-11,7,919,-813,-3965,0,0
-5,-9,6,920,-814,-3957,0,0
-3,-7,5,925,-815,-3961,0,0
-2,-7,5,925,-817,-3957,0,0
-2,-7,5,923,-813,-3956,0,0
-3,-6,5,921,-814,-3958,0,0
-4,-5,5,922,-815,-3960,0,0
-5,-5,6,920,-816,-3960,0,0
-5,-5,6,920,-813,-3966,0,0
-4,-5,5,922,-816,-3966,0,0
-5,-6,7,918,-815,-3964,0,0
-4,-5,6,912,-818,-3962,0,0
-3,-5,5,918,-815,-3959,0,0
-5,-5,7,922,-820,-3962,0,0
-4,-6,8,919,-818,-3958,0,0
-5,-6,7,915,-813,-3956,0,0
-5,-5,6,916,-814,-3961,0,0
-4,-4,4,917,-817,-3960,0,0
-5,-2,4,914,-814,-3966,0,0
-4,-3,4,916,-818,-3964,0,0
-5,-4,4,917,-813,-3958,0,0
-5,-3,5,922,-812,-3962,0,0
-5,-3,5,922,-815,-3960,0,0
-5,-4,6,915,-817,-3956,0,0
-5,-4,6,916,-817,-3959,0,0
-5,-5,6,917,-814,-3958,0,0
-5,-5,7,917,-818,-3957,0,0
-7,-4,7,916,-818,-3953,0,0
-6,-3,6,916,-816,-3958,0,0
-8,-6,6,915,-820,-3960,0,0
-8,-5,6,914,-815,-3963,0,0
-6,-3,6,916,-815,-3964,0,0
-8,-6,6,914,-815,-3960,0,0
-7,-4,5,910,-814,-3961,0,0
-4,-3,5,915,-814,-3957,0,0
-5,-3,4,914,-813,-3963,0,0
-6,-4,3,914,-814,-3964,0,0
-6,-3,5,916,-813,-3963,0,0
-7,-4,7,919,-814,-3959,0,0
-7,-9,7,911,-814,-3961,0,0
-8,-7,7,914,-811,-3959,0,0
-8,-7,6,910,-812,-3961,0,0
-7,-6,6,913,-815,-3965,0,0
-8,-7,7,915,-810,-3957,0,0
-7,-11,6,911,-806,-3961,0,0
-6,-14,7,901,-811,-3970,0,0
-5,-9,7,912,-809,-3960,0,0
-7,-6,6,910,-807,-3967,0,0
-7,-7,6,909,-812,-3969,0,0
-6,-6,6,903,-812,-3964,0,0
-5,-6,6,901,-807,-3966,0,0
-5,-3,5,906,-811,-3968,0,0
-5,-2,5,899,-810,-3962,0,0
-5,-2,5,899,-808,-3960,0,0
-4,0,3,907,-808,-3966,0,0
-3,2,2,904,-813,-3969,0,0
-1,4,3,907,-812,-3964,0,0
-1,3,3,910,-808,-3965,0,0
-2,3,2,910,-809,-3960,0,0
-2,1,3,916,-809,-3962,0,0
-3,-2,4,914,-817,-3960,0,0
-2,0,4,908,-812,-3963,0,0
-2,1,2,914,-811,-3965,0,0
-5,1,4,916,-815,-3958,0,0
-6,-4,4,918,-815,-3962,0,0
-5,-5,6,906,-811,-3958,0,0
-4,-1,5,908,-809,-3961,0,0
-3,1,3,913,-811,-3965,0,0
-4,1,3,915,-808,-3960,0,0
-4,1,4,915,-808,-3960,0,0
-3,0,3,913,-811,-3963,0,0
-3,-1,3,918,-813,-3960,0,0
-4,-1,4,917,-814,-3957,0,0
-4,-1,5,912,-814,-3961,0,0
-4,0,5,916,-813,-3960,0,0
-4,-2,5,915,-811,-3964,0,0
-4,-1,4,914,-812,-3962,0,0
-4,-1,5,912,-812,-3963,0,0
-4,-3,5,915,-811,-3963,0,0
-3,-4,5,920,-814,-3961,0,0
-4,-4,6,919,-818,-3956,0,0
-4,-4,6,915,-810,-3962,0,0
-3,-5,6,918,-813,-3958,0,0
-4,-5,6,911,-813,-3961,0,0
-3,-4,5,917,-819,-3960,0,0
-4,-7,6,917,-813,-3962,0,0
-4,-4,4,912,-813,-3966,0,0
-4,-2,3,917,-819,-3962,0,0
-5,-5,6,915,-813,-3962,0,0
-5,-8,7,913,-815,-3957,0,0
-5,-7,8,912,-814,-3963,0,0
-5,-5,6,913,-814,-3961,0,0
-4,-6,6,912,-814,-3962,0,0
-5,-5,6,910,-813,-3960,0,0
-4,-3,6,910,-816,-3960,0,0
-4,-3,5,913,-813,-3960,0,0
-5,-4,5,908,-816,-3962,0,0
-5,-3,6,912,-813,-3962,0,0
-5,-3,6,913,-819,-3955,0,0
-5,-4,6,911,-820,-3956,0,0
-5,-4,6,913,-811,-3968,0,0
-5,-3,6,915,-815,-3965,0,0
-4,-3,6,912,-818,-3961,0,0
-4,-3,6,912,-817,-3962,0,0
-5,-3,6,914,-812,-3964,0,0
-4,-3,5,910,-815,-3961,0,0
-5,-3,5,912,-817,-3956,0,0
-5,-4,6,913,-811,-3959,0,0
-5,-4,6,909,-809,-3964,0,0
-4,-2,4,917,-819,-3965,0,0
-5,-6,5,909,-813,-3964,0,0
-4,-3,3,909,-813,-3964,0,0
-4,-3,3,912,-819,-3960,0,0
-6,-3,6,912,-815,-3961,0,0
-6,-3,7,918,-813,-3959,0,0
-6,-7,6,907,-817,-3958,0,0
-5,-4,6,912,-816,-3960,0,0
-4,-4,6,908,-807,-3964,0,0
-5,-4,5,907,-816,-3962,0,0
-4,-3,6,901,-816,-3960,0,0
-4,1,6,922,-815,-3963,0,0
-4,-4,4,911,-812,-3963,0,0
-5,-4,4,906,-814,-3960,0,0
-5,-1,8,909,-818,-3963,0,0
-5,-3,5,908,-813,-3963,0,0
-5,-4,5,906,-814,-3961,0,0
-6,-3,6,911,-815,-3962,0,0
-6,-4,6,910,-811,-3964,0,0
-5,-4,6,906,-813,-3961,0,0
-4,-3,5,910,-816,-3965,0,0
-4,-2,5,912,-814,-3958,0,0
-5,-4,5,904,-814,-3963,0,0
-4,-4,5,910,-817,-3965,0,0
-4,-3,5,907,-818,-3962,0,0
-5,-2,5,906,-814,-3962,0,0
-5,-2,5,908,-816,-3961,0,0
-4,-4,6,906,-813,-3962,0,0
-4,-1,5,911,-812,-3960,0,0
-3,-3,2,914,-818,-3961,0,0
-5,-1,4,907,-815,-3963,0,0
-5,3,8,920,-812,-3966,0,0
-6,-11,4,911,-817,-3958,0,0
-6,-5,5,897,-810,-3963,0,0
-4,4,6,917,-821,-3964,0,0
-6,-4,3,900,-814,-3960,0,0
-5,1,4,913,-816,-3959,0,0
-4,0,3,915,-818,-3960,0,0
-5,-1,5,907,-819,-3956,0,0
-4,-1,5,906,-814,-3957,0,0
-5,-1,5,918,-817,-3960,0,0
-5,-6,5,909,-812,-3963,0,0
-5,-3,6,911,-815,-3963,0,0
-5,-1,6,909,-814,-3960,0,0
-5,1,4,911,-815,-3961,0,0
-5,2,4,910,-817,-3960,0,0
-4,2,4,909,-812,-3964,0,0
-4,1,3,918,-815,-3959,0,0
-4,1,3,908,-819,-3955,0,0
-3,1,3,917,-813,-3959,0,0
-4,-1,3,919,-813,-3962,0,0
-5,-1,4,911,-816,-3964,0,0
-3,-1,5,920,-823,-3960,0,0
-4,-4,7,917,-815,-3956,0,0
-3,-3,4,910,-815,-3958,0,0
-3,-2,2,918,-821,-3958,0,0
-4,-1,7,919,-817,-3961,0,0
-4,-6,7,934,-819,-3952,0,0
-5,-15,3,884,-816,-3962,0,0
-4,2,7,923,-818,-3961,0,0
-5,-6,4,915,-824,-3963,0,0
-4,-3,6,911,-820,-3964,0,0
-4,-3,5,920,-825,-3956,0,0
-5,-5,5,910,-819,-3959,0,0
-4,-4,6,913,-815,-3959,0,0
-5,-6,8,915,-817,-3963,0,0
-6,-6,8,911,-815,-3960,0,0
-5,-6,8,915,-822,-3958,0,0
-5,-6,7,908,-818,-3959,0,0
-5,-5,5,913,-817,-3960,0,0
-4,-3,5,912,-819,-3964,0,0
-4,-4,5,906,-820,-3965,0,0
-4,-4,6,910,-815,-3966,0,0
-4,-4,6,910,-814,-3962,0,0
-5,-4,5,906,-821,-3965,0,0
-4,0,6,915,-820,-3964,0,0
-4,-4,5,917,-818,-3963,0,0
-5,-6,7,904,-819,-3962,0,0
-4,-3,5,908,-818,-3963,0,0
-4,-4,5,913,-819,-3962,0,0
-5,3,10,923,-809,-3962,0,0
-6,-12,5,924,-827,-3956,0,0
-6,-15,5,878,-811,-3971,0,0
-5,3,9,921,-821,-3960,0,0
-6,-7,4,896,-817,-3966,0,0
-5,-1,6,909,-816,-3961,0,0
-4,-2,3,907,-816,-3963,0,0
-4,-1,5,908,-823,-3967,0,0
-5,-2,6,910,-819,-3964,0,0
-5,-5,6,902,-812,-3963,0,0
-4,-1,5,916,-823,-3961,0,0
-4,-4,6,907,-820,-3963,0,0
-5,-5,8,910,-814,-3959,0,0
-4,-4,6,904,-818,-3963,0,0
-5,-4,6,909,-820,-3964,0,0
-5,-4,6,907,-816,-3962,0,0
-4,-3,5,907,-818,-3961,0,0
-5,-3,5,907,-817,-3958,0,0
-5,-2,6,908,-816,-3962,0,0
-5,-2,5,912,-817,-3962,0,0
-4,0,4,907,-819,-3959,0,0
-4,-3,6,909,-820,-3963,0,0
-5,-2,5,909,-818,-3961,0,0
-3,-1,2,910,-821,-3960,0,0
-5,0,2,912,-820,-3964,0,0
-6,-1,6,916,-817,-3961,0,0
-6,-4,7,908,-823,-3961,0,0
-5,-2,6,906,-821,-3958,0,0
-5,-1,4,910,-818,-3963,0,0
-5,2,4,904,-815,-3962,0,0
-4,2,4,910,-823,-3956,0,0
-4,-4,2,916,-820,-3961,0,0
-5,-5,2,906,-815,-3963,0,0
-5,2,6,917,-822,-3961,0,0
-5,-1,4,913,-818,-3957,0,0
-6,-1,6,912,-813,-3960,0,0
-5,-1,5,917,-823,-3958,0,0
-4,-1,4,910,-820,-3966,0,0
-5,-1,5,917,-813,-3965,0,0
-3,0,4,914,-821,-3964,0,0
-3,0,5,914,-819,-3956,0,0
-4,-1,5,915,-817,-3956,0,0
-5,-1,4,913,-819,-3962,0,0
-4,1,6,929,-817,-3954,0,0
-5,-8,0,906,-823,-3962,0,0
-5,-3,4,920,-821,-3959,0,0
-4,-2,5,921,-822,-3958,0,0
-2,-2,2,908,-821,-3967,0,0
-4,-2,5,927,-821,-3954,0,0
-7,-7,8,922,-815,-3960,0,0
-6,-9,10,916,-817,-3966,0,0
-6,-8,9,909,-825,-3959,0,0
-6,-5,7,913,-822,-3964,0,0
-5,-6,7,920,-809,-3963,0,0
-3,-6,4,908,-824,-3963,0,0
-4,-6,4,907,-826,-3964,0,0
-5,-4,6,919,-813,-3958,0,0
-4,-5,5,918,-820,-3957,0,0
-5,-5,5,908,-827,-3963,0,0
-4,-5,6,919,-815,-3967,0,0
-4,-5,6,915,-816,-3957,0,0
-4,-5,6,907,-824,-3959,0,0
-5,-3,6,907,-818,-3962,0,0
-5,-4,6,911,-821,-3962,0,0
-5,-4,7,912,-824,-3962,0,0
-5,-4,7,910,-825,-3964,0,0
-5,2,9,915,-816,-3961,0,0
-5,-8,2,928,-829,-3952,0,0
-5,-13,3,882,-817,-3964,0,0
-3,2,8,918,-827,-3959,0,0
-3,-6,2,903,-822,-3962,0,0
-5,0,5,913,-821,-3969,0,0
-6,-3,5,912,-821,-3963,0,0
-7,-6,6,906,-819,-3963,0,0
-6,-4,5,907,-824,-3964,0,0
-6,-4,4,909,-824,-3961,0,0
-6,-5,6,912,-822,-3964,0,0
-5,-4,6,906,-826,-3962,0,0
-4,-3,6,912,-824,-3959,0,0
-4,-4,5,912,-819,-3964,0,0
-5,-3,6,909,-822,-3962,0,0
-5,-1,7,911,-821,-3963,0,0
-5,-3,4,917,-817,-3961,0,0
-5,-3,5,907,-819,-3962,0,0
-5,-3,6,906,-819,-3961,0,0
-4,-3,6,912,-814,-3963,0,0
-5,-4,5,911,-820,-3959,0,0
-4,-4,5,908,-820,-3957,0,0
-5,-3,5,913,-815,-3962,0,0
-5,-4,5,907,-821,-3961,0,0
-4,-3,7,906,-826,-3960,0,0
-4,-2,5,914,-815,-3961,0,0
-4,-6,4,906,-822,-3965,0,0
-4,-3,5,902,-829,-3962,0,0
-2,0,4,912,-820,-3961,0,0
-3,0,4,910,-820,-3962,0,0
-5,-1,5,914,-826,-3965,0,0
-5,-3,5,914,-821,-3963,0,0
-5,0,5,918,-817,-3963,0,0
-5,-3,5,903,-822,-3968,0,0
-6,0,6,908,-818,-3957,0,0
-5,-1,5,918,-817,-3963,0,0
-5,-2,5,906,-823,-3961,0,0
-5,-2,6,910,-825,-3963,0,0
-5,-1,5,914,-817,-3959,0,0
-4,-2,5,909,-823,-3956,0,0
-5,-1,5,907,-823,-3956,0,0
-4,-1,4,913,-814,-3957,0,0
-5,-1,3,909,-822,-3960,0,0
-4,-2,3,908,-825,-3959,0,0
-4,0,3,916,-816,-3961,0,0
-5,-1,4,916,-818,-3958,0,0
-4,-1,4,915,-820,-3964,0,0
-4,0,5,914,-820,-3959,0,0
-5,-2,4,916,-823,-3956,0,0
-5,-1,5,912,-819,-3964,0,0
-3,-1,4,919,-823,-3954,0,0
-4,-3,5,911,-822,-3957,0,0
-4,0,3,912,-822,-3958,0,0
-5,0,3,916,-822,-3963,0,0
-6,-1,5,919,-818,-3960,0,0
-5,-6,7,914,-822,-3956,0,0
-5,-3,6,911,-820,-3963,0,0
-5,-2,4,916,-813,-3966,0,0
-4,-3,4,920,-823,-3954,0,0
-5,-4,5,917,-814,-3957,0,0
-5,-4,4,913,-820,-3959,0,0
-5,-3,6,911,-826,-3955,0,0
-5,-4,7,920,-823,-3959,0,0
-6,-5,7,922,-822,-3956,0,0
-5,-6,7,912,-822,-3961,0,0
-4,-4,7,912,-822,-3955,0,0
-5,-5,6,913,-820,-3962,0,0
-5,-5,7,916,-824,-3957,0,0
-5,-5,6,915,-819,-3959,0,0
-4,-5,5,918,-816,-3962,0,0
-4,-6,5,908,-822,-3962,0,0
-5,-5,7,914,-829,-3963,0,0
-5,-3,6,915,-808,-3963,0,0
-3,-3,4,914,-825,-3960,0,0
-5,-7,6,904,-826,-3962,0,0
-5,-2,6,919,-812,-3961,0,0
-3,-3,3,915,-823,-3956,0,0
-6,-3,6,912,-822,-3963,0,0
-6,-4,7,917,-814,-3960,0,0
-4,-7,7,911,-824,-3959,0,0
-5,-4,7,910,-827,-3961,0,0
-4,-4,6,911,-815,-3955,0,0
-5,-4,5,912,-821,-3961,0,0
-4,-3,5,910,-825,-3957,0,0
-5,-3,5,911,-817,-3959,0,0
-5,-3,5,913,-820,-3961,0,0
-6,-3,6,915,-826,-3958,0,0
-6,-4,6,911,-818,-3962,0,0
-5,-3,5,913,-819,-3960,0,0
-4,-4,6,909,-823,-3965,0,0
-4,-3,6,913,-826,-3964,0,0
-3,-4,5,913,-818,-3958,0,0
-4,-4,5,905,-823,-3959,0,0
-5,-3,5,908,-825,-3963,0,0
-5,-3,6,907,-824,-3965,0,0
-5,-3,6,914,-821,-3965,0,0
-4,-3,6,916,-820,-3961,0,0
-5,-3,6,906,-824,-3965,0,0
-4,-3,5,909,-827,-3959,0,0
-4,-5,6,908,-824,-3961,0,0
-4,-3,4,906,-824,-3966,0,0
-4,-1,3,911,-829,-3960,0,0
-6,-1,5,912,-824,-3961,0,0
-6,-4,6,918,-821,-3959,0,0
-5,-6,7,906,-825,-3963,0,0
-4,-2,6,911,-825,-3954,0,0
-5,-3,5,907,-821,-3960,0,0
-5,-2,5,910,-828,-3967,0,0
-4,-3,5,908,-826,-3963,0,0
-5,-3,5,913,-825,-3960,0,0
-6,-3,5,911,-824,-3960,0,0
-5,-1,6,914,-822,-3965,0,0
-5,-2,6,913,-825,-3966,0,0
-6,-3,6,910,-821,-3963,0,0
-5,-3,7,910,-821,-3958,0,0
-5,-3,8,913,-826,-3960,0,0
-5,-3,6,910,-821,-3964,0,0
-4,-3,5,908,-822,-3963,0,0
-5,-4,6,905,-825,-3959,0,0
-5,-2,5,907,-826,-3959,0,0
-4,-2,4,911,-823,-3963,0,0
-5,-2,4,907,-823,-3966,0,0
-4,-2,6,911,-821,-3966,0,0
-4,-3,5,908,-819,-3961,0,0
-5,-2,6,914,-827,-3957,0,0
-5,-5,6,905,-827,-3963,0,0
-5,-1,4,906,-825,-3962,0,0
-4,-1,3,908,-823,-3967,0,0
-5,1,4,910,-820,-3958,0,0
-6,-3,5,918,-823,-3960,0,0
-5,-5,5,911,-821,-3963,0,0
-5,-3,6,911,-822,-3959,0,0
-5,-1,4,909,-823,-3959,0,0
-4,-1,3,911,-823,-3957,0,0
-4,-1,4,908,-824,-3961,0,0
-4,0,4,914,-822,-3964,0,0
-4,-1,5,911,-825,-3963,0,0
-4,-1,5,913,-828,-3960,0,0
-6,-2,6,916,-823,-3960,0,0
-6,-2,6,913,-824,-3957,0,0
-4,-2,5,911,-824,-3962,0,0
-5,-1,4,915,-827,-3962,0,0
-4,-1,4,915,-829,-3960,0,0
-5,-1,4,913,-825,-3957,0,0
-5,-1,4,914,-823,-3960,0,0
-5,-1,4,912,-824,-3963,0,0
-4,-1,4,917,-826,-3961,0,0
-4,-2,4,920,-824,-3956,0,0
-5,-2,5,911,-824,-3960,0,0
-5,-1,4,913,-825,-3960,0,0
-4,-3,4,923,-827,-3957,0,0
-5,-4,6,910,-820,-3961,0,0
-3,-2,2,916,-823,-3958,0,0
-5,-3,3,918,-826,-3956,0,0
-6,-6,8,914,-826,-3956,0,0
-5,-7,9,914,-824,-3962,0,0
-6,-4,7,917,-821,-3960,0,0
-4,-4,4,919,-820,-3956,0,0
-5,-4,4,920,-812,-3960,0,0
-5,-6,4,908,-832,-3963,0,0
-3,-4,5,906,-834,-3963,0,0
-3,-4,6,909,-816,-3961,0,0
-5,-5,6,914,-825,-3955,0,0
-5,-4,7,914,-823,-3959,0,0
-5,-4,7,913,-824,-3960,0,0
-4,-4,7,908,-828,-3961,0,0
-4,-4,7,913,-822,-3953,0,0
-5,-4,6,914,-817,-3958,0,0
-4,-4,5,910,-821,-3963,0,0
-4,-8,8,908,-825,-3970,0,0
-4,-3,7,912,-825,-3960,0,0
-5,-3,6,909,-824,-3963,0,0
-5,-3,6,911,-827,-3957,0,0
-5,-5,6,907,-827,-3963,0,0
-4,-4,5,909,-823,-3958,0,0
-4,-9,6,909,-831,-3958,0,0
-4,-10,6,905,-829,-3962,0,0
-3,-5,4,909,-826,-3958,0,0
-5,-1,2,917,-807,-3958,0,0
-6,-5,5,900,-845,-3962,0,0
-7,-6,9,899,-832,-3961,0,0
-6,-1,6,916,-802,-3955,0,0
-5,-3,4,901,-832,-3961,0,0
-5,-4,6,896,-840,-3961,0,0
-6,0,6,912,-818,-3957,0,0
-4,0,1,930,-789,-3958,0,0
-3,-8,2,885,-865,-3966,0,0
-5,-2,8,901,-834,-3958,0,0
-5,0,7,925,-797,-3960,0,0
-5,-6,4,896,-836,-3966,0,0
-6,-4,7,900,-841,-3962,0,0
-5,-2,7,918,-809,-3960,0,0
-4,-4,5,905,-825,-3965,0,0
-5,-4,7,894,-840,-3967,0,0
-6,-1,8,917,-818,-3957,0,0
-4,1,2,935,-781,-3959,0,0
-2,-8,1,879,-874,-3971,0,0
-5,0,7,901,-833,-3963,0,0
-4,2,6,934,-788,-3953,0,0
-3,-5,4,899,-840,-3960,0,0
-4,-3,5,896,-835,-3967,0,0
-5,-2,7,926,-812,-3961,0,0
-6,-6,6,895,-826,-3962,0,0
-3,-1,4,902,-836,-3961,0,0
-5,-1,4,914,-820,-3959,0,0
-7,-2,5,908,-826,-3959,0,0
-5,-6,7,902,-829,-3960,0,0
-6,-3,7,904,-821,-3960,0,0
-5,-2,5,905,-829,-3958,0,0
-5,-4,4,903,-832,-3967,0,0
-5,-4,4,909,-822,-3966,0,0
-5,-3,5,906,-826,-3963,0,0
-5,-3,5,908,-828,-3959,0,0
-6,-2,6,911,-826,-3965,0,0
-5,-3,6,911,-824,-3962,0,0
-5,-3,6,907,-825,-3961,0,0
-5,-3,6,907,-822,-3965,0,0
-5,-3,6,909,-826,-3963,0,0
-5,-3,6,907,-825,-3965,0,0
-4,-4,6,903,-824,-3965,0,0
-6,-4,6,906,-827,-3966,0,0
-5,-3,5,909,-826,-3960,0,0
-4,-3,5,908,-827,-3959,0,0
-4,-2,4,907,-825,-3962,0,0
-5,-2,5,906,-828,-3967,0,0
-5,-2,6,906,-828,-3961,0,0
-4,-3,6,908,-822,-3962,0,0
-4,-3,5,910,-827,-3960,0,0
-5,-4,6,907,-826,-3961,0,0
-4,-1,5,906,-825,-3958,0,0
-4,-1,3,909,-826,-3963,0,0
-6,0,5,910,-827,-3963,0,0
-7,-3,6,910,-827,-3960,0,0
-7,-4,6,903,-827,-3962,0,0
-6,-2,5,907,-827,-3961,0,0
-5,-2,5,909,-823,-3959,0,0
-4,-1,4,911,-824,-3959,0,0
-5,-1,3,906,-826,-3962,0,0
-5,-1,3,909,-826,-3960,0,0
-4,0,4,907,-827,-3959,0,0
-5,-1,5,912,-824,-3960,0,0
-5,-1,6,907,-828,-3962,0,0
-5,-1,5,912,-826,-3961,0,0
-6,-1,5,916,-825,-3957,0,0
-6,-1,5,907,-825,-3962,0,0
-5,-2,5,906,-825,-3961,0,0
-4,-1,5,912,-823,-3961,0,0
-4,-1,6,916,-825,-3964,0,0
-4,-1,4,912,-826,-3961,0,0
-4,-1,4,913,-821,-3959,0,0
-5,-1,4,914,-825,-3960,0,0
-5,0,5,916,-830,-3963,0,0
-5,0,4,908,-822,-3961,0,0
-4,-1,3,919,-828,-3961,0,0
-4,-2,5,918,-823,-3963,0,0
-3,-1,3,915,-823,-3959,0,0
-3,-1,2,920,-830,-3953,0,0
-6,-4,6,921,-827,-3955,0,0
-6,-7,8,912,-821,-3961,0,0
-6,-4,8,907,-824,-3960,0,0
-6,-3,6,915,-824,-3964,0,0
-5,-5,7,913,-823,-3967,0,0
-5,-4,7,909,-825,-3960,0,0
-5,-5,6,910,-823,-3962,0,0
-4,-4,6,915,-823,-3956,0,0
-5,-4,7,915,-826,-3954,0,0
-6,-5,8,913,-822,-3964,0,0
-5,-6,7,914,-818,-3956,0,0
-5,-5,6,910,-827,-3960,0,0
-6,-6,6,913,-823,-3964,0,0
-6,-5,6,913,-820,-3961,0,0
-4,-4,4,907,-821,-3958,0,0
-3,-4,3,908,-823,-3959,0,0
-4,-4,4,911,-824,-3961,0,0
-4,-5,4,912,-827,-3962,0,0
-4,-5,5,914,-827,-3965,0,0
-5,-5,6,904,-823,-3964,0,0
-5,-5,5,911,-827,-3957,0,0
-6,-7,6,903,-826,-3961,0,0
-5,-3,6,907,-823,-3961,0,0
-3,-2,3,907,-826,-3963,0,0
-6,-2,5,906,-824,-3959,0,0
-7,-4,7,910,-824,-3963,0,0
-6,-6,7,904,-820,-3962,0,0
-6,-3,6,907,-823,-3962,0,0
-5,-2,5,907,-819,-3962,0,0
-6,-2,5,908,-821,-3962,0,0
-6,-3,5,906,-826,-3965,0,0
-4,-3,6,905,-827,-3962,0,0
-5,-4,5,905,-824,-3962,0,0
-5,-4,5,904,-823,-3961,0,0
-5,-3,6,908,-823,-3961,0,0
-5,-3,5,906,-821,-3970,0,0
-4,-3,5,907,-823,-3969,0,0
-5,-3,5,908,-826,-3961,0,0
-6,-3,5,908,-822,-3962,0,0
-5,-3,6,906,-823,-3964,0,0
-5,-3,6,906,-823,-3959,0,0
-5,-4,6,906,-827,-3961,0,0
-4,-4,6,905,-826,-3963,0,0
-5,-4,6,902,-822,-3962,0,0
-4,-2,6,908,-821,-3963,0,0
-5,-2,6,903,-823,-3962,0,0
-5,-3,5,909,-826,-3964,0,0
-5,-5,5,904,-823,-3962,0,0
-3,-1,3,911,-827,-3961,0,0
-2,-3,3,903,-825,-3962,0,0
-8,-1,6,909,-827,-3962,0,0
-8,-6,7,905,-822,-3960,0,0
-6,-5,6,904,-821,-3963,0,0
-5,-2,5,908,-822,-3960,0,0
-5,-3,5,907,-824,-3960,0,0
-5,-2,5,904,-825,-3961,0,0
-5,-1,4,907,-821,-3958,0,0
-5,-2,5,904,-822,-3966,0,0
-4,-1,5,907,-821,-3963,0,0
-4,-1,6,909,-824,-3956,0,0
-5,-3,6,906,-823,-3962,0,0
-5,-3,5,905,-824,-3963,0,0
-5,-1,4,908,-824,-3964,0,0
-5,-1,4,908,-822,-3959,0,0
-5,-1,4,907,-825,-3960,0,0
-5,-1,5,906,-824,-3960,0,0
-5,-1,4,910,-824,-3963,0,0
-5,-2,4,906,-826,-3964,0,0
-5,-1,4,912,-824,-3967,0,0
-5,0,4,915,-821,-3960,0,0
-6,-2,5,912,-823,-3961,0,0
-5,-2,4,909,-823,-3962,0,0
-4,-1,4,917,-827,-3962,0,0
-5,-3,5,908,-823,-3964,0,0
-3,0,3,902,-823,-3962,0,0
-4,2,1,914,-828,-3959,0,0
-7,0,4,918,-823,-3962,0,0
-6,-4,6,909,-819,-3965,0,0
-6,-3,6,908,-821,-3961,0,0
-5,0,5,915,-824,-3973,0,0
-5,-2,4,914,-823,-3963,0,0
-5,-3,4,910,-821,-3961,0,0
-5,-2,4,917,-824,-3960,0,0
-4,-4,4,916,-825,-3959,0,0
-5,-4,4,911,-824,-3958,0,0
-6,-3,5,916,-819,-3962,0,0
-5,-4,6,911,-825,-3955,0,0
-5,-5,6,907,-826,-3961,0,0
-5,-5,6,911,-818,-3957,0,0
-4,-5,6,910,-819,-3954,0,0
-5,-5,6,912,-822,-3960,0,0
-4,-6,6,910,-821,-3960,0,0
-3,-5,6,908,-820,-3960,0,0
-5,-5,6,910,-823,-3962,0,0
-5,-5,6,910,-825,-3961,0,0
-5,-6,7,912,-822,-3963,0,0
-4,-4,6,910,-825,-3962,0,0
-4,-7,6,909,-823,-3962,0,0
-4,-5,6,906,-823,-3966,0,0
-3,-3,3,909,-828,-3961,0,0
-5,-3,5,911,-827,-3960,0,0
-6,-4,6,915,-823,-3964,0,0
-7,-6,7,905,-823,-3959,0,0
-6,-4,7,900,-825,-3961,0,0
-4,-4,5,911,-821,-3960,0,0
-6,-4,5,906,-820,-3962,0,0
-5,-3,6,907,-823,-3965,0,0
-5,-3,6,910,-822,-3966,0,0
-5,-4,6,902,-816,-3962,0,0
-5,-3,6,906,-825,-3963,0,0
-6,-3,6,907,-824,-3962,0,0
-6,-3,7,908,-823,-3959,0,0
-6,-4,6,903,-823,-3959,0,0
-5,-3,6,905,-822,-3965,0,0
-4,-3,5,908,-819,-3968,0,0
-4,-3,6,906,-816,-3974,0,0
-5,-4,5,903,-822,-3967,0,0
-4,-3,4,904,-824,-3962,0,0
-4,-3,5,906,-824,-3965,0,0
-4,-2,5,905,-824,-3963,0,0
-5,-2,6,904,-822,-3966,0,0
-5,-2,5,901,-817,-3965,0,0
-4,-2,4,908,-827,-3960,0,0
-4,-4,5,903,-823,-3960,0,0
-4,-1,5,907,-818,-3958,0,0
-4,-1,4,909,-822,-3960,0,0
-6,-2,5,909,-824,-3961,0,0
-7,-4,6,908,-824,-3961,0,0
-6,-4,5,903,-822,-3963,0,0
-6,-2,5,907,-822,-3962,0,0
-5,-4,4,903,-817,-3962,0,0
-5,-2,4,904,-822,-3962,0,0
-5,-3,4,903,-821,-3965,0,0
-4,-2,4,906,-822,-3961,0,0
-4,-2,5,905,-822,-3965,0,0
-5,-1,5,905,-825,-3963,0,0
-5,-1,5,907,-819,-3957,0,0
-4,-2,5,904,-826,-3959,0,0
-5,-1,5,905,-825,-3962,0,0
-4,-1,5,910,-822,-3963,0,0
-4,0,5,908,-823,-3963,0,0
-4,-1,4,909,-825,-3963,0,0
-4,0,4,910,-823,-3961,0,0
-5,0,4,913,-819,-3963,0,0
-5,-1,4,908,-824,-3964,0,0
-5,0,4,910,-826,-3968,0,0
-5,-1,4,911,-826,-3957,0,0
-5,-1,5,907,-820,-3961,0,0
-5,0,4,912,-824,-3964,0,0
-4,-3,5,912,-822,-3959,0,0
-3,-1,4,905,-820,-3964,0,0
-4,1,2,915,-828,-3958,0,0
-6,-1,5,917,-820,-3958,0,0
-5,-4,7,911,-820,-3958,0,0
-5,-3,6,911,-823,-3960,0,0
-5,-1,5,915,-825,-3957,0,0
-4,-1,4,919,-817,-3961,0,0
-5,-3,5,912,-823,-3959,0,0
-4,-3,4,910,-822,-3963,0,0
-4,-3,4,915,-821,-3963,0,0
-5,-3,5,915,-823,-3960,0,0
-5,-4,7,916,-828,-3963,0,0
-6,-6,8,916,-823,-3958,0,0
-4,-6,8,912,-823,-3960,0,0
-4,-5,5,913,-822,-3960,0,0
-5,-5,6,916,-822,-3961,0,0
-5,-6,6,910,-823,-3963,0,0
-4,-5,5,913,-825,-3958,0,0
-5,-6,6,909,-825,-3968,0,0
-5,-5,6,910,-823,-3962,0,0
-4,-4,6,913,-825,-3956,0,0
-6,-5,6,910,-821,-3958,0,0
-6,-4,6,906,-819,-3961,0,0
-4,-3,5,914,-825,-3960,0,0
-5,-6,6,902,-820,-3964,0,0
-4,-3,5,903,-822,-3964,0,0
-4,-2,4,908,-821,-3961,0,0
-6,-3,6,911,-821,-3957,0,0
-6,-7,7,904,-825,-3966,0,0
-5,-5,7,904,-826,-3967,0,0
-5,-3,5,906,-822,-3960,0,0
-5,-4,5,907,-818,-3962,0,0
-5,-3,5,906,-820,-3968,0,0
-5,-2,4,910,-828,-3962,0,0
-4,-3,5,906,-821,-3957,0,0
-5,-2,6,911,-820,-3963,0,0
-6,-3,6,912,-824,-3963,0,0
-5,-3,6,906,-827,-3965,0,0
-4,-3,6,909,-823,-3964,0,0
-5,-3,6,907,-820,-3966,0,0
-5,-4,6,902,-824,-3960,0,0
-5,-4,6,908,-821,-3962,0,0
-5,-4,5,906,-824,-3961,0,0
-5,-3,5,907,-821,-3964,0,0
-5,-3,6,905,-822,-3964,0,0
-4,-3,5,908,-826,-3961,0,0
-4,-2,4,909,-828,-3957,0,0
-5,-4,6,911,-823,-3963,0,0
-6,-4,6,903,-819,-3955,0,0
-4,-3,6,908,-823,-3959,0,0
-4,-6,6,906,-823,-3968,0,0
-5,-4,6,905,-822,-3967,0,0
-4,-3,5,904,-824,-3958,0,0
-6,-2,5,906,-825,-3961,0,0
-6,-3,6,913,-821,-3965,0,0
-6,-6,6,904,-825,-3964,0,0
-6,-4,5,901,-827,-3959,0,0
-5,-3,5,904,-823,-3961,0,0
-4,-3,5,903,-824,-3962,0,0
-4,-3,3,901,-820,-3963,0,0
-4,-2,3,908,-820,-3962,0,0
-5,-3,5,904,-824,-3964,0,0
-5,-1,5,906,-822,-3960,0,0
-5,-2,6,906,-823,-3962,0,0
-5,-2,6,907,-826,-3964,0,0
-5,-2,6,901,-820,-3968,0,0
-5,-2,5,906,-822,-3963,0,0
-5,0,5,908,-821,-3959,0,0
-5,-1,6,904,-820,-3963,0,0
-6,-2,7,903,-823,-3964,0,0
-5,0,4,903,-821,-3963,0,0
-4,-1,3,903,-825,-3960,0,0
-4,0,3,901,-822,-3958,0,0
-5,-1,3,909,-823,-3962,0,0
-5,-1,3,915,-826,-3964,0,0
-5,-1,4,906,-819,-3959,0,0
-4,0,4,910,-821,-3960,0,0
-4,-3,4,910,-822,-3964,0,0
-4,-1,4,906,-822,-3964,0,0
-3,1,2,909,-824,-3964,0,0
-6,1,4,914,-824,-3963,0,0
-6,-3,6,918,-822,-3959,0,0
-6,-4,6,911,-822,-3966,0,0
-5,-1,5,913,-826,-3964,0,0
-5,-1,3,915,-822,-3961,0,0
-5,-2,5,912,-822,-3966,0,0
-4,-1,4,909,-821,-3961,0,0
-5,-1,4,913,-821,-3956,0,0
-5,-2,5,914,-823,-3959,0,0
-5,-3,5,914,-820,-3962,0,0
-5,-4,7,914,-820,-3960,0,0
-5,-5,7,911,-822,-3959,0,0
-6,-4,6,911,-822,-3962,0,0
-4,-4,5,913,-822,-3961,0,0
-5,-5,6,910,-822,-3961,0,0
-4,-5,6,907,-822,-3962,0,0
-5,-5,7,906,-820,-3959,0,0
-5,-5,6,906,-822,-3954,0,0
-4,-4,6,908,-824,-3961,0,0
-5,-5,5,913,-826,-3961,0,0
-5,-6,7,909,-821,-3962,0,0
-5,-3,6,910,-819,-3964,0,0
-5,-6,6,914,-827,-3957,0,0
-4,-7,6,904,-820,-3961,0,0
-3,-4,3,908,-825,-3960,0,0
-5,-3,4,903,-823,-3962,0,0
-6,-4,7,913,-819,-3965,0,0
-6,-7,8,908,-823,-3963,0,0
-5,-5,7,906,-821,-3966,0,0
-5,-3,6,907,-823,-3963,0,0
-5,-4,6,908,-822,-3965,0,0
-5,-3,5,901,-822,-3969,0,0
-5,-2,4,909,-824,-3963,0,0
-5,-3,6,912,-824,-3967,0,0
-6,-3,7,908,-823,-3964,0,0
-5,-3,7,907,-823,-3958,0,0
-5,-3,5,906,-821,-3967,0,0
-6,-2,6,911,-825,-3966,0,0
-5,-4,6,902,-825,-3965,0,0
-5,-5,5,907,-819,-3960,0,0
-5,-3,5,908,-820,-3961,0,0
-5,-3,5,905,-823,-3962,0,0
-4,-4,5,902,-823,-3964,0,0
-4,-3,4,910,-825,-3959,0,0
-5,-3,4,903,-824,-3967,0,0
-5,-2,6,907,-824,-3966,0,0
-5,-3,6,902,-821,-3964,0,0
-5,-3,6,903,-823,-3960,0,0
-5,-3,6,908,-820,-3965,0,0
-5,-6,6,903,-824,-3966,0,0
-4,-3,6,901,-823,-3965,0,0
-3,-2,3,907,-823,-3958,0,0
-6,-2,3,901,-824,-3960,0,0
-7,-2,6,911,-822,-3957,0,0
-5,-6,6,905,-818,-3964,0,0
-6,-4,6,905,-819,-3967,0,0
-5,-3,5,903,-817,-3965,0,0
-5,-3,5,909,-821,-3964,0,0
-5,-2,5,905,-820,-3964,0,0
-5,-1,5,903,-825,-3963,0,0
-4,-3,6,906,-823,-3963,0,0
-4,-2,5,905,-820,-3963,0,0
-5,-2,6,909,-823,-3960,0,0
-5,-3,6,906,-820,-3964,0,0
-5,-3,6,906,-822,-3960,0,0
-5,-3,6,905,-821,-3960,0,0
-4,-4,6,907,-824,-3961,0,0
-5,-4,6,905,-820,-3959,0,0
-5,-3,6,901,-822,-3966,0,0
-4,-2,5,904,-818,-3962,0,0
-4,-3,5,906,-822,-3960,0,0
-4,-3,4,903,-823,-3959,0,0
-5,-2,4,906,-821,-3954,0,0
-6,-2,6,909,-827,-3960,0,0
-5,-3,7,905,-823,-3959,0,0
-5,-2,6,907,-822,-3961,0,0
-4,-4,6,905,-825,-3962,0,0
-4,-2,6,902,-822,-3964,0,0
-2,-1,3,908,-826,-3960,0,0
-6,0,2,904,-821,-3959,0,0
-8,0,4,910,-820,-3963,0,0
-5,-4,5,908,-823,-3963,0,0
-5,-1,6,910,-823,-3963,0,0
-5,-2,5,907,-819,-3967,0,0
-4,-1,4,912,-823,-3959,0,0
-5,-1,4,909,-824,-3958,0,0
-5,-1,5,904,-819,-3958,0,0
-4,-1,6,909,-819,-3958,0,0
-5,0,5,910,-819,-3960,0,0
-5,0,5,908,-823,-3956,0,0
-5,-1,5,911,-820,-3960,0,0
-5,-1,5,912,-820,-3960,0,0
-4,-1,5,910,-825,-3957,0,0
-5,-1,4,911,-822,-3964,0,0
-4,-1,5,911,-819,-3958,0,0
-5,0,5,913,-820,-3958,0,0
-5,-1,4,912,-821,-3962,0,0
-4,-2,4,910,-825,-3957,0,0
-5,-1,4,908,-823,-3958,0,0
-5,-1,4,910,-820,-3958,0,0
-5,-1,5,916,-821,-3960,0,0
-4,-1,4,909,-821,-3963,0,0
-4,-2,4,916,-821,-3957,0,0
-5,-4,6,913,-820,-3961,0,0
-3,-1,2,912,-828,-3962,0,0
-4,-2,2,915,-825,-3958,0,0
-7,-6,7,918,-819,-3960,0,0
-7,-8,8,909,-817,-3961,0,0
-6,-4,7,909,-821,-3960,0,0
-5,-4,5,913,-821,-3962,0,0
-5,-5,5,913,-820,-3959,0,0
-5,-5,5,908,-821,-3966,0,0
-4,-4,5,914,-825,-3961,0,0
-4,-5,5,916,-820,-3961,0,0
-6,-5,6,912,-820,-3961,0,0
-6,-6,7,909,-822,-3961,0,0
-5,-6,8,907,-824,-3964,0,0
-5,-6,8,911,-828,-3966,0,0
-5,-5,6,904,-821,-3964,0,0
-4,-4,5,910,-822,-3958,0,0
-5,-4,5,909,-821,-3964,0,0
-5,-4,6,910,-821,-3961,0,0
-5,-4,6,910,-820,-3962,0,0
-5,-3,5,903,-826,-3964,0,0
-4,-3,5,906,-826,-3965,0,0
-5,-3,6,908,-825,-3959,0,0
-5,-3,6,904,-820,-3964,0,0
-5,-2,6,911,-824,-3966,0,0
-5,-5,7,904,-825,-3960,0,0
-4,-3,6,906,-822,-3962,0,0
-3,-2,3,902,-823,-3962,0,0
-7,-2,5,907,-817,-3961,0,0
-7,-3,7,913,-818,-3963,0,0
-6,-5,7,902,-822,-3962,0,0
-6,-3,6,901,-823,-3962,0,0
-5,-2,4,905,-822,-3963,0,0
-5,-2,4,907,-822,-3964,0,0
-5,-3,4,904,-825,-3959,0,0
-5,-3,5,908,-824,-3960,0,0
-4,-2,5,906,-819,-3966,0,0
-4,-2,5,905,-822,-3961,0,0
-5,-3,6,902,-825,-3961,0,0
-6,-3,7,906,-825,-3965,0,0
-5,-3,7,901,-822,-3965,0,0
-5,-3,6,904,-823,-3961,0,0
-6,-3,6,908,-824,-3963,0,0
-5,-3,7,906,-826,-3962,0,0
-4,-2,6,902,-820,-3964,0,0
-6,-3,4,900,-823,-3961,0,0
-5,-3,5,909,-820,-3960,0,0
-5,-3,4,912,-821,-3960,0,0
-4,-3,5,905,-826,-3957,0,0
-5,-4,6,907,-823,-3964,0,0
-5,-4,7,899,-818,-3963,0,0
-5,-2,6,905,-822,-3957,0,0
-5,-6,6,906,-823,-3963,0,0
-4,-3,5,905,-819,-3968,0,0
-3,-2,3,903,-824,-3964,0,0
-6,-2,5,903,-821,-3968,0,0
-7,-3,6,910,-817,-3964,0,0
-5,-5,7,905,-822,-3962,0,0
-5,-3,6,909,-821,-3964,0,0
-4,-3,5,903,-817,-3968,0,0
-5,-3,4,906,-823,-3962,0,0
-5,-3,4,905,-823,-3964,0,0
-4,-3,4,908,-824,-3962,0,0
-4,-3,5,906,-819,-3964,0,0
-5,-3,5,904,-822,-3962,0,0
-5,-3,6,905,-823,-3964,0,0
-5,-3,6,904,-820,-3964,0,0
-4,-3,6,906,-825,-3963,0,0
-5,-3,6,906,-818,-3958,0,0
-4,-2,5,905,-820,-3958,0,0
-5,-1,5,907,-822,-3961,0,0
-5,-1,5,907,-821,-3961,0,0
-5,-2,5,904,-819,-3966,0,0
-5,-4,5,905,-820,-3965,0,0
-5,-3,5,907,-821,-3960,0,0
-5,-2,6,907,-823,-3962,0,0
-5,-2,5,908,-825,-3960,0,0
-5,-2,5,902,-821,-3963,0,0
-4,-1,5,908,-825,-3960,0,0
-6,-4,5,906,-826,-3962,0,0
-5,-1,5,903,-821,-3961,0,0
-3,-1,2,906,-823,-3963,0,0
-5,1,2,913,-826,-3966,0,0
-7,-1,5,911,-822,-3962,0,0
-6,-3,6,904,-819,-3966,0,0
-6,-1,5,909,-824,-3964,0,0
-6,-1,4,911,-825,-3966,0,0
-5,0,4,912,-825,-3958,0,0
-5,-1,4,912,-816,-3963,0,0
-4,-1,4,911,-825,-3965,0,0
-5,-2,5,903,-823,-3961,0,0
-5,-2,6,911,-819,-3967,0,0
-6,-2,6,915,-824,-3964,0,0
-4,-2,7,913,-824,-3962,0,0
-5,-2,6,906,-818,-3962,0,0
-5,-1,4,912,-822,-3963,0,0
-5,-1,5,908,-825,-3962,0,0
-5,-1,4,912,-825,-3964,0,0
-4,-1,5,911,-823,-3961,0,0
-5,-2,5,907,-826,-3962,0,0
-5,-2,5,911,-824,-3966,0,0
-4,-3,5,910,-820,-3965,0,0
-4,-3,6,914,-821,-3963,0,0
-5,-4,6,912,-823,-3960,0,0
-6,-3,6,907,-820,-3961,0,0
-4,-3,4,912,-821,-3965,0,0
-5,-5,5,913,-826,-3956,0,0
-5,-4,6,904,-818,-3961,0,0
-3,-2,4,915,-824,-3967,0,0
-5,-4,4,915,-821,-3959,0,0
-7,-7,8,914,-823,-3964,0,0
-6,-7,9,908,-820,-3967,0,0
-5,-3,7,908,-823,-3960,0,0
-6,-4,6,909,-823,-3961,0,0
-4,-5,6,913,-820,-3961,0,0
-4,-4,6,911,-827,-3960,0,0
-5,-5,5,913,-824,-3962,0,0
-5,-4,5,904,-819,-3959,0,0
-5,-4,6,907,-820,-3964,0,0
-5,-4,6,909,-823,-3964,0,0
-6,-4,6,903,-821,-3963,0,0
-5,-4,6,907,-822,-3964,0,0
-4,-4,5,902,-828,-3961,0,0
-4,-3,5,904,-825,-3964,0,0
-5,-3,5,906,-819,-3958,0,0
-6,-3,6,906,-823,-3962,0,0
-5,-4,6,905,-822,-3963,0,0
-5,-3,5,906,-824,-3958,0,0
-5,-4,6,905,-823,-3962,0,0
-4,-3,6,907,-826,-3961,0,0
-5,-3,6,909,-821,-3961,0,0
-5,-3,6,905,-823,-3962,0,0
-5,-2,5,906,-825,-3965,0,0
-5,-5,5,906,-822,-3966,0,0
-4,-3,4,905,-824,-3965,0,0
-2,-3,2,908,-823,-3963,0,0
-6,-1,4,908,-822,-3961,0,0
-8,-3,7,912,-822,-3960,0,0
-7,-7,7,903,-824,-3962,0,0
-5,-3,6,908,-820,-3958,0,0
-5,-3,5,911,-822,-3965,0,0
-5,-3,4,903,-821,-3968,0,0
-6,-2,4,906,-820,-3966,0,0
-4,-2,4,905,-820,-3959,0,0
-4,-3,5,904,-823,-3959,0,0
-6,-2,6,906,-823,-3963,0,0
-5,-3,7,907,-824,-3964,0,0
-5,-4,6,904,-828,-3963,0,0
-6,-3,6,909,-823,-3964,0,0
-6,-4,6,906,-819,-3962,0,0
-5,-4,5,903,-822,-3958,0,0
-4,-3,5,906,-818,-3959,0,0
-5,-4,5,905,-819,-3960,0,0
-6,-3,5,903,-823,-3966,0,0
-6,-3,6,905,-823,-3962,0,0
-4,-3,6,910,-823,-3963,0,0
-5,-4,5,906,-825,-3961,0,0
-5,-2,6,905,-825,-3962,0,0
-5,-2,6,903,-820,-3963,0,0
-6,-3,6,906,-820,-3966,0,0
-5,-4,6,907,-824,-3968,0,0
-5,-5,6,900,-823,-3966,0,0
-4,-2,3,905,-825,-3959,0,0
-4,-2,3,905,-824,-3960,0,0
-7,-1,5,912,-824,-3962,0,0
-7,-5,7,904,-821,-3963,0,0
-6,-5,6,901,-822,-3959,0,0
-5,-2,6,908,-819,-3959,0,0
-5,-4,6,904,-823,-3963,0,0
-5,-4,5,904,-825,-3962,0,0
-4,-2,4,907,-821,-3968,0,0
-5,-3,4,905,-819,-3970,0,0
-4,-2,5,906,-825,-3964,0,0
-4,-2,5,907,-825,-3961,0,0
-5,-3,7,908,-826,-3967,0,0
-5,-4,6,909,-823,-3960,0,0
-5,-2,6,906,-821,-3966,0,0
-5,-3,5,905,-820,-3959,0,0
-5,-2,6,906,-818,-3965,0,0
-4,-3,6,903,-820,-3966,0,0
-4,-2,5,903,-823,-3962,0,0
-4,-1,5,903,-824,-3959,0,0
-4,-2,5,906,-822,-3963,0,0
-4,-3,5,902,-822,-3963,0,0
-4,-1,5,907,-820,-3955,0,0
-5,-2,5,904,-822,-3962,0,0
-4,-2,5,903,-823,-3967,0,0
-4,-2,4,910,-824,-3963,0,0
-5,-4,5,907,-822,-3959,0,0
-3,-1,4,905,-824,-3962,0,0
-3,0,2,908,-824,-3959,0,0
-7,1,4,913,-822,-3959,0,0
-8,-4,6,908,-825,-3964,0,0
-6,-4,7,901,-823,-3966,0,0
-4,-1,6,909,-818,-3957,0,0
-4,-2,4,911,-822,-3965,0,0
-4,-2,4,908,-818,-3961,0,0
-4,-1,3,907,-821,-3964,0,0
-5,-2,4,910,-824,-3965,0,0
-5,-2,6,911,-817,-3960,0,0
-5,-1,6,914,-820,-3964,0,0
-5,-3,6,907,-820,-3961,0,0
-4,-3,7,910,-824,-3966,0,0
-4,-2,6,909,-820,-3959,0,0
-4,-1,5,907,-820,-3958,0,0
-4,-2,5,912,-827,-3964,0,0
-4,-2,4,914,-821,-3961,0,0
-4,-2,4,907,-818,-3954,0,0
-4,-3,5,910,-821,-3958,0,0
-5,-3,4,912,-824,-3962,0,0
-5,-4,5,908,-825,-3963,0,0
-5,-4,6,911,-825,-3965,0,0
-5,-3,6,908,-821,-3963,0,0
-4,-1,6,917,-824,-3962,0,0
-5,-7,7,910,-825,-3961,0,0
-4,-5,6,903,-819,-3964,0,0
-3,-3,2,911,-824,-3966,0,0
-6,-4,5,914,-823,-3959,0,0
-8,-8,9,907,-823,-3961,0,0
-7,-7,8,905,-823,-3962,0,0
-3,-5,5,906,-820,-3962,0,0
-4,-4,5,910,-824,-3961,0,0
-5,-5,5,903,-823,-3966,0,0
-5,-3,5,910,-826,-3965,0,0
-5,-4,5,909,-819,-3959,0,0
-5,-5,6,903,-819,-3961,0,0
-5,-4,7,907,-824,-3965,0,0
-5,-5,7,906,-822,-3965,0,0
-6,-4,7,907,-820,-3962,0,0
-5,-4,6,908,-820,-3967,0,0
-3,-3,5,905,-821,-3964,0,0
-4,-3,6,909,-821,-3958,0,0
-4,-3,5,905,-825,-3961,0,0
-5,-3,5,903,-826,-3964,0,0
-5,-3,4,908,-823,-3957,0,0
-4,-2,4,911,-825,-3960,0,0
-4,-3,5,908,-826,-3961,0,0
-5,-4,6,904,-823,-3964,0,0
-4,-3,5,902,-823,-3968,0,0
-4,-4,5,912,-828,-3960,0,0
-4,-6,6,902,-821,-3961,0,0
-4,-2,5,903,-823,-3964,0,0
-2,-2,2,909,-827,-3965,0,0
-6,-1,4,906,-818,-3964,0,0
-7,-4,7,907,-821,-3962,0,0
-6,-6,7,902,-826,-3964,0,0
-6,-3,6,905,-826,-3962,0,0
-4,-2,5,904,-826,-3968,0,0
-5,-2,6,898,-826,-3960,0,0
-5,-1,5,906,-824,-3961,0,0
-5,-3,5,903,-826,-3958,0,0
-5,-3,5,902,-828,-3962,0,0
-5,0,6,909,-827,-3960,0,0
-5,-2,7,909,-823,-3960,0,0
-4,-5,5,913,-824,-3958,0,0
-4,-11,4,894,-825,-3963,0,0
-4,-2,7,909,-825,-3962,0,0
-5,-4,4,904,-824,-3964,0,0
-5,-3,6,902,-823,-3965,0,0
-6,-3,5,906,-821,-3961,0,0
-5,-2,5,903,-823,-3962,0,0
-5,-2,4,906,-822,-3967,0,0
-5,-3,5,906,-819,-3963,0,0
-5,-3,6,907,-829,-3965,0,0
-5,-3,6,902,-827,-3959,0,0
-6,-3,5,907,-821,-3965,0,0
-5,-5,5,906,-827,-3961,0,0
-4,-3,6,903,-823,-3964,0,0
-3,-2,4,908,-825,-3964,0,0
-4,-1,4,904,-829,-3964,0,0
-7,-2,6,912,-827,-3968,0,0
-7,-6,6,904,-824,-3967,0,0
-5,-4,6,906,-824,-3968,0,0
-5,-3,6,904,-823,-3963,0,0
-5,-3,5,906,-820,-3967,0,0
-5,-3,4,907,-825,-3960,0,0
-5,-2,4,907,-826,-3961,0,0
-5,-2,4,903,-825,-3961,0,0
-5,1,6,906,-822,-3960,0,0
-5,-4,5,910,-823,-3962,0,0
-6,-6,6,901,-824,-3961,0,0
-4,-1,6,906,-826,-3958,0,0
-5,-2,6,902,-820,-3966,0,0
-6,-1,6,905,-819,-3964,0,0
-4,0,6,908,-823,-3960,0,0
-5,0,5,906,-825,-3960,0,0
-5,-1,4,906,-825,-3958,0,0
-4,-1,4,911,-828,-3962,0,0
-4,-1,4,907,-823,-3962,0,0
-5,-1,4,910,-823,-3963,0,0
-4,-1,4,910,-822,-3965,0,0
-4,-1,4,906,-822,-3964,0,0
-4,-2,4,911,-828,-3968,0,0
-5,-4,5,906,-821,-3964,0,0
-3,-1,4,905,-824,-3960,0,0
-3,-1,1,906,-825,-3964,0,0
-7,0,4,912,-822,-3961,0,0
-7,-3,7,908,-826,-3964,0,0
-6,-2,6,904,-823,-3966,0,0
-4,-1,4,912,-824,-3959,0,0
-4,-2,5,914,-823,-3964,0,0
-4,-3,4,910,-824,-3963,0,0
-5,-4,3,910,-822,-3963,0,0
-5,-1,5,910,-825,-3964,0,0
-6,-2,5,907,-822,-3963,0,0
-5,0,7,915,-820,-3961,0,0
-4,-1,7,914,-821,-3961,0,0
-5,-4,6,903,-823,-3964,0,0
-5,-1,6,914,-822,-3962,0,0
-5,-4,5,913,-820,-3964,0,0
-5,-2,7,905,-828,-3961,0,0
-4,3,9,932,-824,-3960,0,0
-5,-19,1,902,-817,-3961,0,0
-5,-3,8,903,-822,-3968,0,0
-5,-3,5,920,-825,-3961,0,0
-6,-6,6,903,-818,-3965,0,0
-5,-2,6,917,-826,-3960,0,0
-4,-8,7,909,-826,-3962,0,0
-4,-5,7,905,-822,-3967,0,0
-2,-4,3,907,-827,-3964,0,0
-4,-3,5,912,-822,-3962,0,0
-6,-7,7,905,-823,-3958,0,0
-6,-7,7,903,-825,-3958,0,0
-6,-3,6,905,-827,-3963,0,0
-4,-4,5,908,-821,-3960,0,0
-5,-5,6,906,-824,-3962,0,0
-5,-4,5,905,-823,-3964,0,0
-5,-3,5,910,-822,-3964,0,0
-4,-4,5,907,-824,-3965,0,0
-5,-4,7,905,-822,-3967,0,0
-6,-4,7,907,-824,-3962,0,0
-5,-3,6,906,-822,-3959,0,0
-5,-4,6,905,-828,-3961,0,0
-5,-4,6,904,-825,-3959,0,0
-5,-4,5,901,-820,-3963,0,0
-4,-3,6,905,-823,-3966,0,0
-4,-3,6,906,-821,-3959,0,0
-3,-3,5,904,-822,-3962,0,0
-4,-3,5,906,-824,-3964,0,0
-5,-4,6,907,-821,-3959,0,0
-5,-2,6,897,-824,-3966,0,0
-5,-2,6,919,-827,-3960,0,0
-4,-9,4,898,-827,-3965,0,0
-4,-4,4,895,-823,-3965,0,0
-5,-2,4,908,-826,-3972,0,0
-7,-3,6,903,-824,-3966,0,0
-7,-3,7,908,-825,-3959,0,0
-6,-6,6,902,-825,-3960,0,0
-5,-3,7,908,-819,-3964,0,0
-5,-3,5,895,-823,-3964,0,0
-4,-2,4,905,-822,-3964,0,0
-5,-2,4,906,-825,-3963,0,0
-5,-2,4,901,-824,-3966,0,0
-5,-2,5,906,-820,-3963,0,0
-4,-2,4,908,-824,-3961,0,0
-5,-2,5,903,-827,-3962,0,0
-5,-1,6,908,-822,-3965,0,0
-5,0,6,899,-821,-3967,0,0
-4,5,8,915,-824,-3963,0,0
-4,-10,3,903,-824,-3968,0,0
-5,-2,6,899,-822,-3964,0,0
-5,1,4,909,-827,-3960,0,0
-5,0,5,904,-824,-3963,0,0
-5,0,4,912,-822,-3962,0,0
-5,-1,5,906,-827,-3965,0,0
-4,0,4,914,-822,-3971,0,0
-4,-2,4,911,-825,-3965,0,0
-5,-3,6,909,-825,-3966,0,0
-2,-1,3,904,-824,-3962,0,0
-3,1,3,918,-824,-3963,0,0
-8,-1,5,913,-824,-3956,0,0
-7,-4,7,912,-825,-3960,0,0
-6,-3,6,905,-822,-3961,0,0
-6,-1,5,910,-820,-3960,0,0
-6,-1,4,913,-822,-3965,0,0
-7,-1,4,907,-823,-3959,0,0
-5,-2,4,913,-827,-3958,0,0
-3,-2,4,910,-823,-3964,0,0
-4,0,5,917,-825,-3962,0,0
-5,-3,6,914,-824,-3963,0,0
-5,-2,6,910,-825,-3962,0,0
-5,-3,6,911,-822,-3959,0,0
-4,-4,6,913,-825,-3960,0,0
-5,-5,6,914,-829,-3962,0,0
-5,1,9,911,-821,-3957,0,0
-5,-2,8,926,-826,-3955,0,0
-6,-12,3,901,-827,-3960,0,0
-5,-6,7,906,-824,-3967,0,0
-5,-4,6,909,-819,-3962,0,0
-3,-3,4,911,-823,-3966,0,0
-4,-7,5,907,-826,-3963,0,0
-4,-6,5,904,-821,-3963,0,0
-3,-4,3,906,-824,-3961,0,0
-5,-4,6,909,-828,-3959,0,0
-7,-6,7,907,-822,-3964,0,0
-6,-7,9,899,-824,-3964,0,0
-5,-5,6,907,-822,-3965,0,0
-5,-4,4,912,-823,-3964,0,0
-5,-5,5,903,-823,-3962,0,0
-5,-3,5,905,-825,-3962,0,0
-5,-4,5,905,-826,-3961,0,0
-5,-3,5,906,-822,-3960,0,0
-5,-3,6,904,-825,-3960,0,0
-5,-2,6,908,-824,-3964,0,0
-5,-3,7,900,-821,-3963,0,0
-4,-1,9,924,-819,-3959,0,0
-5,-16,2,891,-822,-3967,0,0
-5,-1,9,901,-822,-3962,0,0
-5,-1,6,912,-823,-3961,0,0
-5,-3,6,901,-829,-3966,0,0
-5,-1,6,907,-826,-3961,0,0
-5,-3,6,903,-826,-3965,0,0
-5,-3,5,900,-821,-3965,0,0
-4,-5,5,911,-828,-3956,0,0
-4,-4,5,902,-820,-3966,0,0
-3,-1,3,904,-821,-3963,0,0
-5,-2,4,905,-827,-3964,0,0
-7,-3,7,904,-827,-3966,0,0
-7,-5,7,902,-823,-3962,0,0
-5,-4,7,903,-822,-3960,0,0
-5,-3,6,903,-823,-3963,0,0
-5,-3,5,901,-821,-3966,0,0
-5,-2,5,901,-824,-3967,0,0
-4,-2,4,900,-825,-3967,0,0
-5,-2,4,903,-826,-3961,0,0
-6,3,7,898,-818,-3964,0,0
-5,-5,4,918,-823,-3962,0,0
-5,-10,4,881,-818,-3968,0,0
-5,2,7,913,-830,-3961,0,0
-4,-4,4,898,-818,-3969,0,0
-4,1,6,908,-826,-3964,0,0
-4,-2,6,899,-824,-3963,0,0
-4,-1,5,901,-821,-3959,0,0
-4,0,4,905,-823,-3961,0,0
-5,0,5,907,-829,-3967,0,0
-4,-1,4,900,-818,-3965,0,0
-4,3,3,918,-824,-3963,0,0
-5,-4,4,907,-828,-3962,0,0
-4,0,5,904,-822,-3963,0,0
-2,1,0,898,-824,-3959,0,0
-5,4,2,919,-829,-3958,0,0
-6,-2,5,909,-822,-3962,0,0
-5,-3,7,907,-822,-3973,0,0
-5,-1,5,908,-822,-3963,0,0
-5,0,5,914,-820,-3963,0,0
-5,1,7,897,-823,-3963,0,0
-4,1,5,932,-827,-3960,0,0
-5,-13,0,885,-820,-3967,0,0
-4,3,5,922,-831,-3961,0,0
-4,-3,4,906,-825,-3967,0,0
-4,0,7,915,-823,-3959,0,0
-4,-2,4,908,-820,-3964,0,0
-5,-1,4,914,-827,-3966,0,0
-5,-2,5,914,-825,-3960,0,0
-4,-3,5,910,-823,-3962,0,0
-5,-4,6,914,-821,-3960,0,0
-5,-6,6,910,-823,-3962,0,0
-5,-5,7,912,-824,-3963,0,0
-4,-3,4,910,-824,-3963,0,0
-4,-5,5,912,-827,-3959,0,0
-3,-5,6,900,-821,-3963,0,0
-2,-1,1,910,-824,-3963,0,0
-4,-4,3,920,-823,-3959,0,0
-7,-6,7,918,-823,-3954,0,0
-7,-8,7,901,-819,-3962,0,0
-5,-4,7,907,-821,-3964,0,0
-4,-4,6,912,-824,-3963,0,0
-5,-6,6,903,-825,-3962,0,0
-4,-3,6,903,-823,-3958,0,0
-4,-3,4,910,-824,-3960,0,0
-5,-4,5,905,-821,-3964,0,0
-5,-3,6,912,-825,-3957,0,0
-5,-3,7,911,-825,-3959,0,0
-5,-5,6,905,-826,-3962,0,0
-4,-4,6,904,-826,-3959,0,0
-4,-6,6,905,-825,-3962,0,0
-4,-5,5,908,-824,-3962,0,0
-5,-5,6,901,-824,-3960,0,0
-4,-4,7,906,-826,-3964,0,0
-5,-4,6,902,-823,-3960,0,0
-4,-4,5,902,-824,-3961,0,0
-5,-6,6,905,-824,-3962,0,0
-4,-4,5,904,-824,-3969,0,0
-3,-3,4,909,-827,-3962,0,0
-5,-3,5,909,-828,-3961,0,0
-6,-4,7,908,-827,-3964,0,0
-6,-7,7,899,-826,-3964,0,0
-5,-4,6,901,-824,-3966,0,0
-5,-4,5,901,-822,-3966,0,0
-5,-4,6,903,-827,-3960,0,0
-5,0,7,897,-826,-3960,0,0
-5,-2,6,927,-825,-3959,0,0
-6,-14,3,879,-819,-3971,0,0
-4,3,8,917,-833,-3957,0,0
-4,-6,4,899,-820,-3962,0,0
-5,-1,7,906,-826,-3957,0,0
-5,-2,7,903,-827,-3967,0,0
-4,-3,6,901,-826,-3966,0,0
-4,-3,6,907,-823,-3967,0,0
-5,-4,6,897,-821,-3968,0,0
-4,-2,5,907,-824,-3960,0,0
-4,-3,5,900,-823,-3960,0,0
-5,-4,6,903,-827,-3962,0,0
-4,-3,5,903,-826,-3964,0,0
-4,-3,4,907,-830,-3962,0,0
-5,-4,5,898,-825,-3969,0,0
-2,-2,3,903,-824,-3964,0,0
-4,-2,4,904,-828,-3957,0,0
-6,-1,6,910,-827,-3962,0,0
-5,-3,5,904,-825,-3966,0,0
-4,-2,5,903,-822,-3964,0,0
-5,-1,5,902,-825,-3966,0,0
-5,-2,5,903,-825,-3966,0,0
-5,-2,5,903,-826,-3966,0,0
-5,-1,5,902,-823,-3963,0,0
-5,-1,5,898,-829,-3965,0,0
-4,0,5,901,-830,-3963,0,0
-4,0,5,903,-822,-3962,0,0
-5,-1,5,903,-823,-3965,0,0
-5,0,5,906,-828,-3966,0,0
-4,0,5,905,-823,-3966,0,0
-5,0,6,906,-825,-3962,0,0
-4,0,5,903,-829,-3961,0,0
-4,-1,5,909,-825,-3964,0,0
-4,-1,5,913,-828,-3962,0,0
-4,-1,5,908,-830,-3959,0,0
-5,-1,5,910,-827,-3956,0,0
-5,0,3,901,-821,-3965,0,0
-4,1,3,913,-829,-3960,0,0
-5,-2,5,910,-827,-3959,0,0
-3,-1,4,904,-821,-3966,0,0
-3,1,2,918,-828,-3962,0,0
-6,-3,6,916,-827,-3962,0,0
-6,-6,7,909,-826,-3960,0,0
-5,-2,8,914,-826,-3960,0,0
-5,-10,2,902,-821,-3965,0,0
-4,-2,6,914,-831,-3963,0,0
-5,-5,5,908,-827,-3966,0,0
-4,-3,6,915,-823,-3958,0,0
-4,-4,6,910,-827,-3965,0,0
-5,-5,7,905,-824,-3964,0,0
-5,-4,7,914,-828,-3964,0,0
-5,-6,7,906,-826,-3963,0,0
-5,-5,7,907,-828,-3964,0,0
-5,-6,6,907,-828,-3962,0,0
-5,-5,7,909,-827,-3954,0,0
-5,-5,7,909,-827,-3962,0,0
-5,-5,7,907,-828,-3965,0,0
-4,-5,7,906,-826,-3961,0,0
-5,-5,6,895,-826,-3963,0,0
-4,-4,4,910,-827,-3964,0,0
-4,-7,5,903,-826,-3962,0,0
-4,-4,5,903,-829,-3963,0,0
-4,-3,4,908,-831,-3966,0,0
-6,-2,6,910,-830,-3964,0,0
-6,-4,8,906,-826,-3962,0,0
-5,-5,8,901,-828,-3965,0,0
-5,-4,6,905,-827,-3961,0,0
-4,-4,5,903,-827,-3967,0,0
-4,-4,6,903,-830,-3967,0,0
-4,-3,5,909,-825,-3961,0,0
-4,-3,5,905,-827,-3960,0,0
-5,-3,6,904,-832,-3957,0,0
-5,-3,6,906,-830,-3964,0,0
-5,-3,6,906,-829,-3963,0,0
-5,-2,6,905,-829,-3962,0,0
-6,-3,7,904,-829,-3958,0,0
-4,-3,5,906,-831,-3965,0,0
-4,-3,6,904,-827,-3966,0,0
-6,-4,6,906,-829,-3964,0,0
-5,-3,5,903,-828,-3963,0,0
-4,-3,5,909,-827,-3961,0,0
-5,-4,6,898,-826,-3964,0,0
-3,-2,5,906,-833,-3964,0,0
-4,-5,5,890,-829,-3965,0,0
-5,4,8,915,-827,-3961,0,0
-3,-15,-1,897,-832,-3958,0,0
-5,-4,6,887,-828,-3966,0,0
-5,0,7,917,-829,-3961,0,0
-6,-4,6,898,-821,-3967,0,0
-4,0,6,910,-830,-3963,0,0
-4,-2,5,899,-827,-3963,0,0
-4,1,5,907,-827,-3959,0,0
-4,-1,5,897,-827,-3965,0,0
-3,0,5,909,-828,-3962,0,0
-3,-2,4,901,-831,-3966,0,0
-4,1,4,905,-828,-3963,0,0
-4,0,4,910,-829,-3959,0,0
-5,0,4,906,-829,-3962,0,0
-5,1,5,910,-829,-3962,0,0
-5,1,6,909,-832,-3960,0,0
-5,0,6,904,-827,-3959,0,0
-5,1,5,913,-827,-3956,0,0
-5,1,5,907,-825,-3962,0,0
-5,1,5,915,-831,-3960,0,0
-5,0,4,910,-824,-3963,0,0
-4,2,2,914,-826,-3960,0,0
-4,-1,3,914,-829,-3962,0,0
-4,-2,4,905,-827,-3963,0,0
-2,0,-1,916,-829,-3959,0,0
-5,4,5,908,-825,-3961,0,0
-6,0,8,943,-831,-3953,0,0
-7,-17,4,885,-820,-3966,0,0
-5,4,9,921,-835,-3962,0,0
-4,-4,3,910,-824,-3961,0,0
-4,-2,6,918,-828,-3957,0,0
-5,-4,4,912,-831,-3961,0,0
-4,-2,5,916,-832,-3957,0,0
-4,-4,5,915,-822,-3958,0,0
-6,-6,7,921,-831,-3961,0,0
-6,-6,9,912,-827,-3963,0,0
-5,-6,8,912,-829,-3955,0,0
-5,-5,7,910,-829,-3963,0,0
-5,-4,6,912,-832,-3959,0,0
-5,-5,7,910,-826,-3966,0,0
-5,-4,6,910,-826,-3962,0,0
-5,-4,5,905,-828,-3959,0,0
-5,-4,5,913,-831,-3960,0,0
-4,-5,7,904,-828,-3961,0,0
-3,-3,3,908,-826,-3960,0,0
-4,-4,3,911,-833,-3962,0,0
-5,-3,6,918,-830,-3960,0,0
-6,-7,7,905,-831,-3959,0,0
-6,-6,7,904,-826,-3963,0,0
-5,-5,6,906,-830,-3959,0,0
-4,-5,7,909,-833,-3965,0,0
-5,-4,6,908,-831,-3962,0,0
-5,-5,5,910,-831,-3959,0,0
-5,-3,6,905,-831,-3960,0,0
-5,-3,6,907,-831,-3958,0,0
-4,-3,6,909,-829,-3959,0,0
-5,-4,6,905,-832,-3965,0,0
-5,-4,6,908,-830,-3965,0,0
-5,-4,5,911,-826,-3964,0,0
-4,-4,5,902,-829,-3962,0,0
-5,-3,7,907,-833,-3960,0,0
-6,-5,7,904,-830,-3961,0,0
-4,-4,7,906,-827,-3963,0,0
-4,-4,5,906,-831,-3963,0,0
-5,-4,5,904,-829,-3963,0,0
-4,-2,3,904,-831,-3959,0,0
-5,-1,3,906,-833,-3965,0,0
-6,-1,5,906,-828,-3966,0,0
-5,-5,6,907,-831,-3966,0,0
-4,-5,6,904,-833,-3963,0,0
-6,-3,5,905,-829,-3962,0,0
-6,-3,5,906,-836,-3963,0,0
-5,-1,5,903,-831,-3961,0,0
-5,-1,4,905,-825,-3961,0,0
-5,-1,4,904,-828,-3962,0,0
-5,1,5,905,-831,-3958,0,0
-5,1,5,909,-826,-3959,0,0
-4,0,5,909,-833,-3962,0,0
-5,-1,5,905,-832,-3963,0,0
-5,-1,5,907,-830,-3962,0,0
-5,-1,5,910,-830,-3956,0,0
-4,-1,6,910,-832,-3959,0,0
-4,-1,5,908,-828,-3962,0,0
-5,-1,5,908,-830,-3964,0,0
-5,-1,5,915,-827,-3963,0,0
-4,-3,5,919,-830,-3957,0,0
-4,-2,6,904,-831,-3962,0,0
-3,1,2,908,-831,-3958,0,0
-5,1,3,917,-828,-3964,0,0
-6,-2,6,919,-829,-3961,0,0
-5,-5,7,912,-830,-3962,0,0
-5,-1,6,912,-829,-3957,0,0
-5,-1,5,912,-828,-3958,0,0
-4,-3,5,909,-829,-3961,0,0
-4,-2,5,916,-827,-3965,0,0
-4,-1,4,916,-828,-3962,0,0
-5,-2,4,912,-833,-3958,0,0
-5,-3,6,914,-830,-3958,0,0
-5,-5,7,915,-828,-3960,0,0
-5,-5,7,914,-828,-3964,0,0
-5,-5,6,910,-825,-3961,0,0
-4,-5,6,914,-830,-3959,0,0
-4,-5,5,913,-826,-3968,0,0
-5,-5,6,915,-828,-3958,0,0
-5,-6,7,911,-833,-3959,0,0
-5,-5,5,909,-834,-3960,0,0
-3,-6,5,913,-837,-3959,0,0
-4,-6,5,906,-830,-3964,0,0
-3,-4,4,911,-833,-3961,0,0
-5,-3,5,913,-834,-3961,0,0
-5,-5,7,908,-831,-3957,0,0
-5,-7,8,905,-830,-3966,0,0
-5,-4,7,904,-829,-3963,0,0
-4,-4,6,911,-831,-3962,0,0
-5,-4,6,906,-833,-3966,0,0
-4,-3,6,904,-831,-3962,0,0
-4,-3,6,911,-833,-3961,0,0
-5,-3,6,906,-833,-3962,0,0
-5,-4,7,910,-832,-3964,0,0
-5,-4,7,906,-834,-3964,0,0
-4,-4,6,908,-832,-3965,0,0
-5,-5,6,908,-830,-3960,0,0
-5,-4,6,909,-830,-3960,0,0
-5,-3,5,903,-829,-3961,0,0
-5,-3,5,904,-831,-3963,0,0
-5,-3,6,911,-832,-3962,0,0
-4,-3,6,905,-837,-3960,0,0
-5,-4,5,904,-830,-3961,0,0
-5,-4,4,909,-831,-3964,0,0
-5,-4,5,906,-832,-3962,0,0
-3,-2,4,907,-831,-3965,0,0
-5,-2,5,906,-832,-3963,0,0
-6,-3,6,906,-829,-3956,0,0
-5,-6,7,907,-832,-3964,0,0
-5,-5,7,902,-833,-3967,0,0
-5,-4,6,902,-830,-3964,0,0
-5,-4,5,910,-836,-3960,0,0
-5,-3,5,903,-830,-3966,0,0
-5,-2,4,906,-830,-3962,0,0
-4,-3,5,907,-836,-3960,0,0
-4,-1,5,907,-834,-3958,0,0
-5,-2,5,904,-831,-3964,0,0
-5,-3,6,908,-833,-3962,0,0
-6,-1,6,908,-831,-3957,0,0
-5,-2,6,908,-834,-3956,0,0
-5,-1,5,908,-832,-3964,0,0
-5,-2,6,907,-830,-3963,0,0
-5,-4,7,901,-837,-3963,0,0
-4,-3,4,902,-834,-3960,0,0
-4,-2,4,910,-831,-3966,0,0
-5,-2,5,909,-829,-3964,0,0
-5,-2,4,905,-829,-3957,0,0
-4,0,3,912,-832,-3962,0,0
-4,-3,4,907,-830,-3962,0,0
-3,-2,4,902,-828,-3966,0,0
-3,0,2,909,-831,-3959,0,0
-6,0,3,912,-834,-3959,0,0
-6,-4,6,908,-833,-3960,0,0
-6,-5,8,903,-829,-3962,0,0
-4,-1,6,905,-835,-3964,0,0
-4,-2,4,909,-832,-3956,0,0
-5,-2,4,908,-831,-3955,0,0
-5,-1,4,906,-832,-3960,0,0
-4,-1,3,908,-833,-3955,0,0
-4,-1,4,913,-832,-3958,0,0
-5,-1,5,912,-835,-3966,0,0
-6,-2,6,909,-836,-3961,0,0
-5,-3,6,908,-830,-3960,0,0
-4,-4,6,908,-835,-3961,0,0
-5,-4,5,910,-835,-3958,0,0
-6,-4,6,915,-832,-3955,0,0
-4,-5,6,911,-834,-3961,0,0
-5,-5,6,908,-834,-3960,0,0
-6,-5,6,911,-831,-3964,0,0
-5,-4,6,911,-829,-3958,0,0
-3,-4,4,908,-834,-3962,0,0
-4,-6,5,918,-837,-3959,0,0
-5,-6,7,906,-832,-3961,0,0
-4,-4,5,902,-833,-3961,0,0
-5,-3,4,911,-835,-3960,0,0
-7,-6,7,911,-834,-3956,0,0
-5,-9,9,901,-832,-3963,0,0
-5,-5,8,899,-829,-3962,0,0
-4,-2,5,909,-836,-3961,0,0
-5,-4,6,904,-830,-3956,0,0
-5,-4,6,905,-827,-3962,0,0
-5,-3,4,911,-831,-3964,0,0
-4,-3,5,904,-834,-3965,0,0
-5,-4,5,907,-829,-3959,0,0
-5,-3,5,908,-833,-3958,0,0
-5,-3,5,907,-832,-3957,0,0
-5,-4,6,906,-831,-3960,0,0
-5,-4,6,905,-834,-3965,0,0
-5,-4,6,907,-834,-3962,0,0
-5,-4,6,903,-836,-3964,0,0
-5,-4,6,903,-833,-3969,0,0
-4,-4,5,902,-832,-3957,0,0
-4,-3,4,900,-833,-3961,0,0
-5,-4,4,907,-831,-3964,0,0
-4,-3,5,902,-831,-3961,0,0
-5,-3,5,903,-831,-3964,0,0
-4,-5,5,906,-832,-3961,0,0
-5,-4,5,904,-831,-3964,0,0
-4,-2,4,906,-831,-3965,0,0
-6,-3,5,899,-834,-3963,0,0
-6,-4,6,907,-830,-3959,0,0
-5,-6,6,904,-830,-3960,0,0
-5,-5,6,905,-832,-3960,0,0
-5,-3,5,901,-831,-3964,0,0
-6,-3,5,902,-830,-3960,0,0
-6,-3,5,904,-832,-3957,0,0
-4,-2,4,905,-834,-3965,0,0
-4,-3,4,901,-834,-3967,0,0
-5,-2,5,901,-836,-3962,0,0
-5,-3,6,905,-837,-3963,0,0
-5,-3,6,903,-833,-3961,0,0
-5,-3,7,902,-830,-3957,0,0
-5,-4,7,902,-837,-3965,0,0
-5,-3,7,905,-835,-3957,0,0
-6,-4,6,905,-835,-3965,0,0
-5,-2,5,899,-837,-3963,0,0
-5,0,5,904,-831,-3958,0,0
-5,-3,3,899,-830,-3961,0,0
-5,-2,4,902,-834,-3967,0,0
-5,-2,4,905,-835,-3958,0,0
-4,-4,2,904,-831,-3966,0,0
-4,-1,3,902,-830,-3961,0,0
-4,-4,3,913,-835,-3960,0,0
-4,-8,3,900,-834,-3966,0,0
-3,-1,2,902,-833,-3963,0,0
-5,1,2,905,-829,-3961,0,0
-6,1,4,913,-830,-3959,0,0
-5,-2,7,899,-832,-3958,0,0
-5,5,10,913,-836,-3962,0,0
-5,2,7,905,-825,-3965,0,0
-6,0,6,909,-836,-3959,0,0
-5,-3,6,900,-829,-3964,0,0
-5,1,6,908,-834,-3962,0,0
-5,0,5,911,-835,-3960,0,0
-5,-1,5,911,-831,-3961,0,0
-5,0,5,908,-834,-3958,0,0
-5,-1,5,913,-837,-3960,0,0
-5,-4,4,907,-834,-3959,0,0
-5,-2,5,914,-829,-3960,0,0
-5,-1,5,912,-835,-3965,0,0
-4,0,6,907,-834,-3967,0,0
-5,1,6,919,-833,-3956,0,0
-5,-4,4,914,-829,-3957,0,0
-5,-4,4,908,-832,-3962,0,0
-4,-2,4,918,-834,-3961,0,0
-4,-5,3,912,-837,-3962,0,0
-4,-3,3,903,-833,-3965,0,0
-4,-4,4,922,-836,-3960,0,0
-5,-7,7,907,-833,-3961,0,0
-3,-2,6,901,-833,-3964,0,0
-4,-3,4,913,-835,-3958,0,0
-6,-5,8,919,-827,-3960,0,0
-6,-8,10,907,-829,-3958,0,0
-6,-5,8,905,-832,-3962,0,0
-5,-5,5,905,-831,-3958,0,0
-5,-7,6,910,-836,-3961,0,0
-5,-7,5,905,-827,-3963,0,0
-4,-5,4,905,-828,-3961,0,0
-4,-4,5,909,-835,-3961,0,0
-5,-5,5,907,-832,-3963,0,0
-5,-3,6,906,-833,-3965,0,0
-5,-4,6,903,-833,-3966,0,0
-5,-2,8,906,-833,-3961,0,0
-6,-4,6,910,-838,-3964,0,0
-5,-4,6,902,-834,-3963,0,0
-5,-2,6,907,-833,-3960,0,0
-5,-4,6,904,-832,-3964,0,0
-5,-2,6,909,-833,-3957,0,0
-5,-4,5,905,-833,-3961,0,0
-5,-3,7,907,-837,-3958,0,0
-4,-4,6,906,-834,-3961,0,0
-5,-3,5,900,-832,-3961,0,0
-5,-4,6,911,-833,-3957,0,0
-5,-5,5,902,-833,-3965,0,0
-3,-2,3,905,-833,-3966,0,0
-5,-2,4,904,-835,-3966,0,0
-6,-2,6,912,-837,-3965,0,0
-5,-6,6,902,-832,-3957,0,0
-4,-5,6,904,-835,-3964,0,0
-5,-4,4,905,-834,-3965,0,0
-4,-4,5,905,-832,-3961,0,0
-5,-4,5,905,-829,-3957,0,0
-5,-5,5,900,-833,-3963,0,0
-5,-2,5,900,-835,-3963,0,0
-4,-2,5,915,-832,-3962,0,0
-5,-5,6,905,-828,-3969,0,0
-6,-2,6,905,-834,-3967,0,0
-6,-3,5,910,-836,-3960,0,0
-5,-4,6,899,-830,-3959,0,0
-5,-4,7,903,-836,-3967,0,0
-5,-4,5,902,-833,-3967,0,0
-5,-3,5,903,-836,-3966,0,0
-4,-2,6,905,-835,-3962,0,0
-5,-2,5,901,-834,-3962,0,0
-5,-2,4,903,-835,-3961,0,0
-5,-3,5,903,-837,-3962,0,0
-4,-2,6,907,-834,-3963,0,0
-5,-2,5,902,-836,-3963,0,0
-6,-4,5,903,-835,-3959,0,0
-4,-3,6,903,-834,-3962,0,0
-2,-2,4,911,-836,-3966,0,0
-5,-2,4,905,-835,-3964,0,0
-6,-2,6,913,-831,-3959,0,0
-6,-5,7,907,-834,-3964,0,0
-5,-3,7,902,-836,-3969,0,0
-4,-1,5,902,-832,-3964,0,0
-5,-2,5,905,-836,-3960,0,0
-4,-1,4,907,-835,-3961,0,0
-5,-1,5,905,-834,-3959,0,0
-4,-2,6,904,-829,-3962,0,0
-4,0,5,902,-836,-3965,0,0
-6,0,6,907,-837,-3960,0,0
-5,0,6,903,-829,-3960,0,0
-5,1,4,907,-830,-3965,0,0
-5,0,4,912,-830,-3965,0,0
-5,-1,5,907,-833,-3961,0,0
-4,0,5,905,-833,-3964,0,0
-5,-1,5,910,-833,-3963,0,0
-5,-1,5,909,-833,-3963,0,0
-6,-2,5,911,-833,-3962,0,0
-5,-1,5,914,-835,-3963,0,0
-4,-1,4,913,-837,-3965,0,0
-5,-3,5,912,-833,-3961,0,0
-6,-2,4,905,-830,-3961,0,0
-5,0,4,912,-838,-3960,0,0
-5,-3,5,912,-836,-3962,0,0
-4,-2,4,903,-831,-3958,0,0
-4,0,1,914,-833,-3958,0,0
-5,-1,3,913,-833,-3956,0,0
-6,-3,6,918,-832,-3959,0,0
-7,-4,7,908,-830,-3961,0,0
-5,-1,7,917,-833,-3956,0,0
-6,-1,5,915,-831,-3959,0,0
-5,-2,5,910,-830,-3960,0,0
-4,-3,4,913,-833,-3959,0,0
-4,-2,4,912,-836,-3960,0,0
-5,-2,5,910,-827,-3956,0,0
-5,-4,6,915,-833,-3961,0,0
-5,-5,7,912,-835,-3962,0,0
-5,-6,8,907,-831,-3959,0,0
-5,-5,7,908,-834,-3962,0,0
-4,-4,5,912,-833,-3959,0,0
-5,-4,6,913,-832,-3961,0,0
-5,-5,6,910,-828,-3957,0,0
-5,-6,6,911,-832,-3961,0,0
-5,-6,6,908,-831,-3964,0,0
-4,-3,6,916,-830,-3958,0,0
-5,-5,6,912,-832,-3958,0,0
-5,-4,6,906,-832,-3964,0,0
-4,-4,5,914,-836,-3962,0,0
-5,-7,7,908,-835,-3964,0,0
-4,-4,5,908,-833,-3964,0,0
-5,-3,3,909,-831,-3961,0,0
-6,-3,6,910,-831,-3959,0,0
-6,-6,9,907,-831,-3961,0,0
-6,-5,8,906,-832,-3960,0,0
-5,-2,6,904,-838,-3958,0,0
-5,-3,5,902,-831,-3965,0,0
-5,-3,6,911,-831,-3966,0,0
-5,-2,5,909,-837,-3960,0,0
-4,-3,5,908,-837,-3957,0,0
-5,-4,5,909,-833,-3959,0,0
-5,-3,6,908,-835,-3959,0,0
-6,-4,7,905,-833,-3964,0,0
-5,-4,7,907,-831,-3966,0,0
-4,-3,6,903,-835,-3962,0,0
-4,-3,6,906,-838,-3961,0,0
-5,-2,6,905,-835,-3960,0,0
-6,-3,6,906,-836,-3956,0,0
-5,-2,5,910,-833,-3959,0,0
-5,-2,5,905,-831,-3965,0,0
-4,-2,5,905,-833,-3964,0,0
-5,-3,5,906,-834,-3962,0,0
-5,-3,5,905,-832,-3958,0,0
-5,-3,6,903,-835,-3964,0,0
-5,-3,6,909,-836,-3963,0,0
-5,-5,6,906,-836,-3964,0,0
-4,-2,4,908,-833,-3962,0,0
-4,-3,4,909,-832,-3958,0,0
-6,-2,7,908,-833,-3965,0,0
-7,-4,7,911,-829,-3959,0,0
-5,-4,6,903,-834,-3959,0,0
-5,-3,6,901,-831,-3960,0,0
-4,-3,5,904,-830,-3963,0,0
-5,-3,6,905,-832,-3962,0,0
-5,-2,4,909,-834,-3962,0,0
-4,-3,5,903,-836,-3964,0,0
-5,-2,6,906,-832,-3960,0,0
-5,-1,6,909,-830,-3958,0,0
-5,-1,6,907,-835,-3960,0,0
-5,-2,6,902,-838,-3964,0,0
-5,-2,5,909,-831,-3961,0,0
-5,-1,5,911,-834,-3965,0,0
-4,-2,5,902,-835,-3966,0,0
-5,-1,5,912,-829,-3962,0,0
-5,0,4,905,-831,-3960,0,0
-4,0,4,907,-831,-3961,0,0
-5,0,4,909,-830,-3959,0,0
-5,0,4,911,-834,-3959,0,0
-5,0,5,908,-836,-3958,0,0
-5,0,6,908,-836,-3958,0,0
-4,1,4,910,-833,-3960,0,0
-5,-2,4,914,-838,-3957,0,0
-5,-2,6,908,-831,-3960,0,0
-4,0,3,905,-830,-3962,0,0
-5,-1,2,915,-832,-3958,0,0
-6,-4,5,911,-835,-3957,0,0
-6,-5,7,906,-834,-3959,0,0
-5,-1,6,910,-829,-3965,0,0
-5,1,4,914,-831,-3959,0,0
-5,-2,3,911,-832,-3955,0,0
-5,-1,4,912,-836,-3956,0,0
-5,-2,5,913,-833,-3959,0,0
-5,-3,4,914,-831,-3960,0,0
-5,-2,5,912,-834,-3956,0,0
-5,-3,7,916,-832,-3961,0,0
-5,-5,7,913,-831,-3963,0,0
-5,-4,6,908,-828,-3955,0,0
-5,-5,6,912,-835,-3958,0,0
-5,-5,6,918,-832,-3960,0,0
-5,-6,7,914,-834,-3956,0,0
-6,-6,6,910,-835,-3963,0,0
-5,-6,6,912,-835,-3961,0,0
-5,-7,7,913,-836,-3959,0,0
-5,-7,6,910,-833,-3963,0,0
-5,-6,6,906,-833,-3959,0,0
-5,-5,5,910,-837,-3961,0,0
-4,-8,6,909,-837,-3963,0,0
-4,-4,5,902,-830,-3960,0,0
-3,-2,2,906,-833,-3956,0,0
-5,-2,4,910,-836,-3960,0,0
-6,-5,7,913,-831,-3958,0,0
-6,-7,8,902,-834,-3963,0,0
-5,-4,7,901,-831,-3960,0,0
-5,-4,6,905,-830,-3960,0,0
-5,-4,6,908,-833,-3964,0,0
-4,-3,5,903,-833,-3964,0,0
-4,-4,5,906,-834,-3964,0,0
-4,-4,6,906,-829,-3960,0,0
-4,-4,6,905,-832,-3960,0,0
-5,-3,6,906,-835,-3956,0,0
-5,-3,6,905,-831,-3964,0,0
-5,-4,6,905,-834,-3966,0,0
-5,-3,6,906,-832,-3963,0,0
-6,-3,6,905,-833,-3959,0,0
-6,-5,5,902,-833,-3960,0,0
-5,-4,5,902,-830,-3963,0,0
-5,-3,5,905,-832,-3961,0,0
-5,-3,5,904,-834,-3960,0,0
-5,-4,4,906,-834,-3967,0,0
-4,-3,5,903,-834,-3962,0,0
-5,-4,5,903,-833,-3959,0,0
-5,-3,5,905,-833,-3962,0,0
-4,-4,5,909,-838,-3959,0,0
-4,-6,5,903,-834,-3967,0,0
-4,-3,4,903,-836,-3966,0,0
-4,-2,4,905,-834,-3960,0,0
-6,-2,7,911,-833,-3957,0,0
-6,-6,7,905,-832,-3966,0,0
-6,-5,7,899,-832,-3961,0,0
-5,-3,6,902,-830,-3959,0,0
-5,-4,4,905,-833,-3964,0,0
-5,-3,5,906,-833,-3967,0,0
-4,-2,4,903,-830,-3958,0,0
-5,-3,4,902,-829,-3963,0,0
-6,-3,5,901,-828,-3967,0,0
-5,-4,5,906,-832,-3962,0,0
-5,-5,6,903,-836,-3964,0,0
-5,-4,6,900,-834,-3961,0,0
-5,-3,6,901,-828,-3962,0,0
-5,-3,5,901,-833,-3966,0,0
-5,-2,5,899,-833,-3963,0,0
-4,-2,5,901,-836,-3958,0,0
-5,0,4,903,-837,-3962,0,0
-5,0,4,903,-828,-3968,0,0
-4,0,4,906,-829,-3963,0,0
-5,1,4,907,-833,-3959,0,0
-5,0,5,909,-835,-3959,0,0
-5,0,5,907,-834,-3960,0,0
-5,-1,6,902,-834,-3957,0,0
-5,-1,5,916,-835,-3961,0,0
-6,-3,6,907,-832,-3963,0,0
-4,-1,4,904,-831,-3961,0,0
-4,1,2,903,-834,-3958,0,0
-6,0,4,912,-833,-3960,0,0
-5,-4,6,910,-835,-3966,0,0
-5,-3,6,907,-834,-3963,0,0
-5,-1,4,907,-830,-3958,0,0
-5,-1,3,912,-831,-3964,0,0
-5,-2,4,907,-833,-3964,0,0
-4,-1,4,909,-833,-3963,0,0
-4,-1,4,908,-835,-3961,0,0
-5,-1,5,910,-838,-3961,0,0
-5,-1,6,911,-835,-3959,0,0
-6,-2,7,909,-834,-3962,0,0
-6,-2,6,904,-829,-3962,0,0
-5,-2,5,910,-831,-3963,0,0
-4,-1,4,911,-833,-3961,0,0
-5,-2,6,914,-832,-3962,0,0
-5,-5,7,910,-830,-3965,0,0
-5,-5,6,910,-837,-3963,0,0
-5,-5,5,907,-832,-3962,0,0
-4,-5,5,910,-831,-3962,0,0
-4,-6,6,907,-836,-3963,0,0
-5,-6,6,908,-831,-3962,0,0
-5,-4,4,908,-831,-3967,0,0
-5,-7,5,916,-838,-3961,0,0
-5,-7,7,905,-835,-3963,0,0
-3,-4,4,905,-832,-3961,0,0
-5,-3,5,905,-829,-3962,0,0
-7,-6,8,906,-830,-3963,0,0
-6,-8,9,903,-829,-3961,0,0
-5,-5,8,902,-832,-3960,0,0
-5,-4,5,901,-832,-3965,0,0
-5,-4,5,904,-833,-3961,0,0
-6,-3,5,903,-830,-3957,0,0
-5,-2,4,907,-833,-3964,0,0
-5,-2,5,903,-835,-3963,0,0
-6,-4,6,906,-834,-3960,0,0
-6,-5,7,905,-831,-3962,0,0
-6,-4,7,903,-834,-3966,0,0
-6,-5,6,906,-832,-3960,0,0
-5,-4,6,899,-836,-3961,0,0
-5,-3,6,905,-831,-3960,0,0
-5,-3,5,902,-827,-3963,0,0
-4,-3,5,901,-830,-3962,0,0
-4,-3,5,901,-829,-3969,0,0
-4,-3,5,905,-828,-3966,0,0
-4,-3,5,905,-828,-3961,0,0
-5,-2,5,906,-830,-3960,0,0
-5,-2,6,906,-832,-3966,0,0
-4,-2,6,903,-833,-3967,0,0
-5,-4,6,909,-832,-3959,0,0
-5,-4,7,902,-833,-3959,0,0
-4,-1,5,902,-834,-3962,0,0
-5,-2,4,908,-832,-3964,0,0
-6,-2,5,911,-835,-3964,0,0
-6,-5,6,900,-833,-3963,0,0
-5,-4,7,901,-834,-3963,0,0
-5,-2,6,906,-833,-3963,0,0
-5,-3,5,902,-832,-3962,0,0
-4,-3,5,904,-832,-3969,0,0
-4,-2,4,906,-835,-3963,0,0
-4,-2,4,905,-833,-3962,0,0
-4,-3,6,907,-831,-3961,0,0
-4,-4,7,900,-835,-3966,0,0
-5,-4,7,902,-837,-3964,0,0
-5,-4,7,904,-830,-3958,0,0
-5,-4,6,905,-829,-3962,0,0
-5,-3,6,903,-831,-3964,0,0
-5,-3,6,901,-832,-3965,0,0
-5,-2,5,907,-832,-3961,0,0
-4,-3,5,905,-833,-3958,0,0
-4,-3,5,900,-829,-3967,0,0
-4,-3,4,898,-827,-3960,0,0
-4,-2,2,902,-837,-3963,0,0
-5,0,2,909,-834,-3963,0,0
-6,-2,6,906,-833,-3960,0,0
-6,-4,7,900,-834,-3965,0,0
-5,-5,7,906,-837,-3961,0,0
-5,-7,6,903,-832,-3962,0,0
-5,-4,5,900,-834,-3967,0,0
-4,-2,4,895,-834,-3964,0,0
-6,0,4,899,-825,-3964,0,0
-6,-5,5,902,-831,-3962,0,0
-4,-3,5,901,-830,-3961,0,0
-4,-1,4,903,-826,-3964,0,0
-5,-2,4,903,-829,-3965,0,0
-5,-1,4,904,-829,-3960,0,0
-5,-1,5,905,-824,-3957,0,0
-4,-2,5,902,-829,-3967,0,0
-5,-1,5,903,-827,-3971,0,0
-5,-2,6,908,-829,-3964,0,0
-6,-3,7,904,-825,-3956,0,0
-5,-2,6,906,-825,-3957,0,0
-5,-1,5,907,-828,-3966,0,0
-5,-1,4,907,-829,-3961,0,0
-5,1,4,906,-830,-3963,0,0
-5,0,4,905,-824,-3965,0,0
-5,-1,4,908,-824,-3957,0,0
-5,-2,5,907,-827,-3961,0,0
-5,-2,6,909,-824,-3960,0,0
-5,-2,5,908,-826,-3967,0,0
-4,-2,5,905,-825,-3960,0,0
-4,-2,5,906,-828,-3958,0,0
-4,-1,4,906,-822,-3966,0,0
-3,0,3,914,-825,-3959,0,0
-5,-3,6,906,-822,-3952,0,0
-4,-1,4,906,-825,-3964,0,0
-4,1,2,912,-827,-3963,0,0
-6,0,5,913,-830,-3960,0,0
-8,-5,7,913,-830,-3962,0,0
-6,-3,7,907,-823,-3964,0,0
-5,-1,4,906,-827,-3958,0,0
-5,-2,4,911,-828,-3962,0,0
-5,-2,4,908,-828,-3961,0,0
-4,-2,4,909,-828,-3958,0,0
-5,-3,4,912,-826,-3960,0,0
-5,-2,5,913,-826,-3962,0,0
-5,-4,5,912,-825,-3959,0,0
-6,-5,7,912,-826,-3956,0,0
-6,-5,8,912,-828,-3966,0,0
-5,-6,7,907,-822,-3964,0,0
-4,-5,6,909,-826,-3964,0,0
-5,-5,5,908,-830,-3970,0,0
-5,-5,6,907,-826,-3963,0,0
-4,-5,6,906,-824,-3963,0,0
-5,-5,6,900,-823,-3963,0,0
-4,-5,5,905,-831,-3962,0,0
-4,-7,5,905,-838,-3960,0,0
-5,-6,6,901,-829,-3967,0,0
-5,-4,5,912,-830,-3965,0,0
-5,-6,6,909,-833,-3963,0,0
-3,-4,5,899,-833,-3968,0,0
-4,-3,4,906,-832,-3965,0,0
-5,-3,5,906,-830,-3963,0,0
-6,-5,7,902,-829,-3959,0,0
-5,-6,8,899,-828,-3962,0,0
-6,-2,6,907,-833,-3959,0,0
-5,-4,6,903,-833,-3961,0,0
-5,-5,6,898,-831,-3966,0,0
-5,-2,3,899,-832,-3964,0,0
-4,0,1,909,-835,-3958,0,0
-5,1,4,913,-831,-3958,0,0
-6,-4,9,909,-825,-3959,0,0
-6,-7,9,899,-833,-3961,0,0
-5,-6,7,901,-829,-3958,0,0
-5,-4,7,907,-829,-3963,0,0
-5,-5,8,898,-827,-3967,0,0
-5,-3,6,899,-834,-3966,0,0
-4,-2,3,899,-828,-3965,0,0
-4,-2,2,896,-829,-3957,0,0
-4,2,4,907,-838,-3958,0,0
-4,-2,2,912,-825,-3962,0,0
-4,-5,3,893,-830,-3964,0,0
-4,-1,6,909,-840,-3968,0,0
-6,-6,6,900,-826,-3964,0,0
-5,-2,7,909,-832,-3959,0,0
-4,-3,7,910,-835,-3963,0,0
-5,-5,7,903,-825,-3960,0,0
-3,-4,6,898,-830,-3966,0,0
-6,-3,6,900,-837,-3967,0,0
-8,-2,6,905,-826,-3961,0,0
-7,-5,6,908,-834,-3960,0,0
-6,-4,5,906,-830,-3958,0,0
-6,-3,6,901,-832,-3965,0,0
-6,-3,6,901,-835,-3968,0,0
-4,-3,5,897,-834,-3963,0,0
-4,-3,4,902,-834,-3962,0,0
-5,-3,5,902,-833,-3962,0,0
-4,-1,6,904,-834,-3964,0,0
-5,-3,6,904,-827,-3968,0,0
-5,-3,6,906,-832,-3964,0,0
-5,-3,6,903,-831,-3967,0,0
-4,-2,5,901,-827,-3964,0,0
-4,-2,5,905,-833,-3964,0,0
-4,-2,5,900,-833,-3960,0,0
-5,-1,6,901,-830,-3959,0,0
-4,0,5,908,-830,-3961,0,0
-5,-1,4,906,-837,-3962,0,0
-5,0,5,907,-826,-3965,0,0
-5,0,5,901,-830,-3961,0,0
-4,0,5,908,-837,-3959,0,0
-5,0,5,905,-827,-3960,0,0
-4,0,3,900,-833,-3960,0,0
-4,-2,4,908,-836,-3960,0,0
-4,-1,5,905,-829,-3962,0,0
-3,1,2,906,-832,-3957,0,0
-5,1,3,910,-834,-3961,0,0
-7,-2,6,913,-829,-3958,0,0
-7,-4,7,905,-832,-3957,0,0
-5,-1,5,907,-836,-3964,0,0
-5,-1,4,907,-832,-3967,0,0
-6,-1,4,910,-829,-3960,0,0
-5,-1,4,908,-826,-3961,0,0
-4,-1,4,911,-831,-3964,0,0
-5,-1,4,914,-829,-3964,0,0
-5,0,4,912,-825,-3958,0,0
-5,-2,6,908,-833,-3959,0,0
-6,-3,6,914,-830,-3961,0,0
-5,-2,6,912,-825,-3958,0,0
-5,-2,5,912,-833,-3964,0,0
-4,-3,6,911,-828,-3961,0,0
-5,-4,5,911,-828,-3956,0,0
-4,-4,6,911,-832,-3964,0,0
-5,-6,6,908,-831,-3962,0,0
-5,-5,6,909,-828,-3960,0,0
-5,-5,5,916,-829,-3959,0,0
-5,-7,5,908,-831,-3958,0,0
-5,-4,5,910,-825,-3963,0,0
-4,-6,6,915,-833,-3958,0,0
-5,-7,8,905,-830,-3966,0,0
-2,-4,4,903,-830,-3963,0,0
-4,-4,5,907,-833,-3962,0,0
-8,-6,8,916,-827,-3959,0,0
-7,-7,9,901,-828,-3958,0,0
-6,-4,6,906,-828,-3964,0,0
-5,-4,5,904,-830,-3964,0,0
-5,-4,5,907,-831,-3960,0,0
-5,-4,6,903,-829,-3961,0,0
-4,-2,4,911,-826,-3960,0,0
-5,-3,5,902,-831,-3961,0,0
-5,-1,5,911,-831,-3965,0,0
-6,-4,7,908,-829,-3962,0,0
-5,-4,7,904,-832,-3958,0,0
-5,-5,6,903,-831,-3964,0,0
-5,-4,6,905,-833,-3960,0,0
-5,-5,6,897,-832,-3965,0,0
-6,-3,6,909,-828,-3962,0,0
-5,-4,6,900,-829,-3961,0,0
-3,-3,6,901,-831,-3959,0,0
-4,-2,6,901,-830,-3963,0,0
-4,-3,4,903,-829,-3960,0,0
-5,-4,5,907,-829,-3959,0,0
-4,-4,6,904,-828,-3968,0,0
-5,-2,5,906,-834,-3968,0,0
-7,-6,5,902,-829,-3963,0,0
-5,-4,5,897,-827,-3964,0,0
-2,-2,3,900,-836,-3968,0,0
-4,-1,6,904,-832,-3963,0,0
-5,-4,6,906,-824,-3955,0,0
-6,-6,7,898,-836,-3962,0,0
-6,-3,7,906,-827,-3957,0,0
-5,-3,5,904,-821,-3965,0,0
-6,-3,5,903,-834,-3965,0,0
-5,-2,5,904,-825,-3961,0,0
-4,-2,4,905,-827,-3963,0,0
-5,-4,5,897,-833,-3963,0,0
-5,-2,6,911,-830,-3965,0,0
-5,-3,7,907,-831,-3964,0,0
-6,-4,7,900,-830,-3963,0,0
-5,-4,7,900,-826,-3961,0,0
-5,-3,4,902,-830,-3968,0,0
-5,0,4,904,-835,-3966,0,0
-5,-1,4,907,-829,-3964,0,0
-4,-2,6,909,-827,-3961,0,0
-5,-3,7,904,-834,-3964,0,0
-5,-5,6,905,-833,-3964,0,0
-4,-4,5,910,-827,-3964,0,0
-4,-4,5,902,-827,-3959,0,0
-5,-3,6,893,-827,-3969,0,0
-4,0,4,911,-828,-3963,0,0
-4,-4,3,899,-835,-3965,0,0
-3,-1,4,903,-832,-3962,0,0
-4,1,3,906,-828,-3964,0,0
-6,1,5,905,-835,-3956,0,0
-6,-4,6,906,-831,-3961,0,0
-6,-3,6,901,-827,-3964,0,0
-5,0,4,903,-829,-3962,0,0
-5,0,4,909,-831,-3960,0,0
