-3,1,-5,-3446,-784,-2197,0,0
-42,5,11,-3491,-778,-2319,0,0
-27,5,15,-3525,-784,-2348,0,0
-14,14,0,-3449,-770,-2376,0,0
3,13,3,-3485,-755,-2295,0,0
-2,54,2,-3498,-779,-2320,0,0
-5,26,-3,-3440,-799,-2337,0,0
-1,10,-3,-3476,-765,-2337,0,0
0,31,0,-3466,-763,-2363,0,0
4,20,-9,-3454,-768,-2323,0,0
-2,5,-7,-3492,-762,-2325,0,0
-6,19,-20,-3499,-799,-2311,0,0
-11,49,-29,-3441,-773,-2357,0,0
-7,56,-22,-3377,-784,-2379,0,0
-8,55,5,-3380,-804,-2412,0,0
4,63,19,-3434,-731,-2599,0,0
115,91,20,-3395,-613,-2925,0,0
379,92,16,-3401,-591,-2816,0,0
620,658,34,-3346,-904,-2175,0,0
590,1312,187,-3128,-1113,-2309,0,0
431,1196,284,-2935,-1011,-2611,0,0
279,723,308,-2892,-1021,-2494,0,0
115,751,333,-2824,-1098,-2508,0,0
-92,981,384,-2627,-990,-2743,0,0
-238,749,428,-2567,-728,-3434,0,0
-183,35,336,-2868,-487,-3603,0,0
-34,-246,181,-3140,-573,-3141,0,0
37,26,30,-3135,-777,-3115,0,0
84,318,-111,-2904,-791,-3349,0,0
72,292,-252,-2834,-785,-3012,0,0
-30,361,-258,-2556,-778,-3020,0,0
-93,349,-154,-2449,-767,-3319,0,0
-95,348,-80,-2594,-774,-3292,0,0
-84,462,16,-2131,-721,-3542,0,0
-26,332,92,-2427,-751,-3674,0,0
105,548,100,-2102,-749,-3605,0,0
141,-53,84,-2316,-800,-3446,0,0
120,-182,10,-2557,-847,-3259,0,0
62,25,-64,-2410,-881,-3286,0,0
0,73,-61,-2241,-800,-3431,0,0
-32,-61,-5,-2277,-822,-3489,0,0
-4,126,4,-2312,-836,-3437,0,0
13,264,2,-2179,-810,-3529,0,0
-18,-89,-11,-2304,-838,-3393,0,0
-46,-75,-16,-2305,-835,-3450,0,0
-29,5,-16,-2262,-824,-3589,0,0
-11,-55,-7,-2192,-806,-3512,0,0
-38,-148,11,-2285,-845,-3282,0,0
-35,-50,11,-2396,-861,-3452,0,0
-7,45,-22,-2310,-798,-3465,0,0
-14,-2,-53,-2324,-815,-3376,0,0
-27,-28,-66,-2323,-842,-3521,0,0
-30,-132,-79,-2463,-851,-3377,0,0
-47,1,-45,-2308,-806,-3333,0,0
-85,188,40,-2504,-786,-3451,0,0
-52,861,53,-1793,-759,-3734,0,0
61,275,105,-1838,-803,-3868,0,0
105,-587,51,-2573,-872,-3247,0,0
52,-64,-28,-2434,-867,-3213,0,0
-43,216,-15,-2036,-785,-3629,0,0
-52,-106,10,-2248,-820,-3654,0,0
7,49,-24,-2193,-804,-3446,0,0
-4,111,-19,-2117,-815,-3528,0,0
-21,-67,-2,-2199,-832,-3545,0,0
-5,-20,-3,-2213,-840,-3545,0,0
9,-5,-11,-2156,-799,-3576,0,0
-7,-97,-4,-2202,-819,-3448,0,0
-9,-44,6,-2240,-859,-3490,0,0
12,16,2,-2204,-834,-3522,0,0
16,-7,-14,-2208,-823,-3449,0,0
0,-8,-23,-2189,-829,-3532,0,0
13,-70,-40,-2177,-852,-3589,0,0
-2,-334,-64,-2439,-892,-3276,0,0
-78,-156,-46,-2404,-880,-3135,0,0
-180,281,44,-2472,-795,-3471,0,0
-129,951,41,-1717,-715,-3904,0,0
31,379,70,-1777,-796,-3952,0,0
91,-528,22,-2390,-892,-3303,0,0
39,-120,-36,-2301,-852,-3286,0,0
-56,177,8,-1942,-769,-3748,0,0
-46,-143,41,-2178,-796,-3632,0,0
-3,49,3,-2149,-767,-3468,0,0
-10,148,4,-2055,-780,-3632,0,0
-4,-78,0,-2169,-814,-3633,0,0
15,-56,-11,-2101,-813,-3613,0,0
2,-77,-2,-2093,-799,-3481,0,0
-10,-50,11,-2132,-824,-3502,0,0
21,6,1,-2133,-816,-3655,0,0
61,-164,-34,-2085,-824,-3627,0,0
85,-519,-68,-2276,-882,-3481,0,0
20,-605,-62,-2540,-883,-3020,0,0
-107,45,30,-2474,-812,-3272,0,0
-152,787,26,-2293,-803,-3563,0,0
-44,1011,68,-1434,-748,-3988,0,0
68,-310,112,-2230,-818,-3712,0,0
95,-419,-1,-2572,-875,-3173,0,0
4,219,-40,-2099,-823,-3546,0,0
-23,77,-32,-2010,-801,-3817,0,0
9,-155,-44,-2105,-801,-3444,0,0
-49,-84,0,-2109,-827,-3453,0,0
-44,-29,33,-2189,-864,-3603,0,0
6,-3,26,-2217,-832,-3543,0,0
11,85,36,-2135,-805,-3483,0,0
-3,106,52,-2144,-805,-3568,0,0
-2,124,35,-2131,-816,-3559,0,0
-17,83,21,-2114,-811,-3540,0,0
-24,61,4,-2112,-802,-3600,0,0
-18,47,-17,-2121,-826,-3575,0,0
-14,67,-24,-2078,-794,-3596,0,0
-2,54,-28,-2048,-787,-3642,0,0
19,-26,-59,-1844,-761,-3895,0,0
185,-742,-88,-1370,-665,-4730,0,0
509,-3515,-54,-2127,-808,-3273,0,0
350,-488,-294,-4453,-1431,-616,0,0
-114,-1039,-361,-4188,-1259,-1917,0,0
-132,2046,-258,-2084,-789,-3047,0,0
-44,1407,114,-2168,-870,-2969,0,0
-103,309,314,-3228,-1052,-2718,0,0
-162,812,279,-3100,-1055,-2899,0,0
-162,946,170,-2734,-963,-3386,0,0
-66,572,62,-2611,-904,-3421,0,0
-13,358,-9,-2599,-879,-3242,0,0
-12,263,-12,-2431,-864,-3271,0,0
-21,179,20,-2395,-872,-3295,0,0
-30,201,33,-2557,-923,-3303,0,0
-29,281,13,-2470,-899,-3364,0,0
-11,283,-7,-2428,-877,-3431,0,0
-3,210,-17,-2319,-859,-3372,0,0
-33,162,8,-2253,-870,-3350,0,0
-64,128,40,-2346,-899,-3393,0,0
-61,215,20,-2325,-891,-3479,0,0
-40,217,-20,-2239,-855,-3554,0,0
-7,136,-53,-2284,-873,-3510,0,0
-13,146,-65,-2303,-897,-3362,0,0
-27,329,-52,-2032,-847,-3655,0,0
3,181,-45,-1986,-875,-3670,0,0
-5,-12,-47,-2187,-940,-3379,0,0
-65,90,-57,-2277,-931,-3427,0,0
-93,277,-61,-2002,-818,-3669,0,0
-78,81,-21,-1864,-797,-3810,0,0
27,-198,22,-2170,-913,-3778,0,0
112,-81,16,-2122,-910,-3488,0,0
96,52,26,-2027,-891,-3488,0,0
41,9,45,-2044,-906,-3484,0,0
-8,-5,51,-2102,-919,-3449,0,0
-61,37,45,-2131,-916,-3485,0,0
-91,98,36,-2099,-892,-3587,0,0
-76,198,36,-2012,-842,-3668,0,0
-52,200,38,-2029,-842,-3670,0,0
-37,185,45,-1923,-834,-3640,0,0
-34,153,56,-1940,-833,-3678,0,0
-15,161,48,-1989,-843,-3670,0,0
-7,218,31,-1876,-832,-3656,0,0
-27,173,21,-1829,-819,-3675,0,0
-36,103,12,-1867,-822,-3749,0,0
-25,-42,-24,-1774,-785,-3828,0,0
15,-423,-82,-1672,-765,-4002,0,0
83,-1044,-121,-2469,-914,-3514,0,0
78,-445,-137,-2330,-933,-3178,0,0
23,316,-50,-1799,-853,-3586,0,0
3,166,53,-1876,-857,-3538,0,0
-44,89,111,-2067,-881,-3441,0,0
-86,180,106,-2116,-877,-3656,0,0
-70,107,40,-2113,-834,-3673,0,0
-50,79,-19,-2078,-844,-3646,0,0
-32,119,-39,-1935,-792,-3675,0,0
-2,92,-40,-1924,-816,-3773,0,0
43,18,-23,-1950,-850,-3684,0,0
36,-4,-7,-1917,-841,-3536,0,0
-6,1,6,-1954,-851,-3598,0,0
-18,-5,10,-1975,-867,-3660,0,0
-7,10,7,-1965,-838,-3676,0,0
2,24,1,-1947,-837,-3649,0,0
3,26,5,-1951,-846,-3649,0,0
0,13,4,-1956,-870,-3645,0,0
0,6,8,-1947,-848,-3650,0,0
-2,8,3,-1945,-848,-3676,0,0
2,5,0,-1925,-849,-3660,0,0
-2,-6,-2,-1947,-851,-3635,0,0
0,2,-6,-1968,-870,-3651,0,0
2,5,-9,-1927,-858,-3644,0,0
-4,1,-5,-1937,-845,-3651,0,0
1,9,1,-1921,-865,-3656,0,0
4,27,9,-1923,-862,-3694,0,0
4,5,7,-1931,-873,-3682,0,0
15,-4,-7,-1923,-866,-3692,0,0
25,-85,-13,-1842,-839,-3713,0,0
24,-361,-13,-2091,-898,-3586,0,0
29,-259,-13,-2096,-930,-3478,0,0
8,35,24,-1945,-873,-3573,0,0
-21,48,75,-1939,-853,-3545,0,0
-45,77,98,-2082,-881,-3572,0,0
-50,193,87,-1986,-846,-3594,0,0
-60,105,46,-2009,-800,-3728,0,0
-21,-9,-15,-2130,-885,-3772,0,0
25,67,-50,-1907,-868,-3600,0,0
6,31,-25,-1866,-822,-3616,0,0
-6,-5,5,-1915,-841,-3654,0,0
-2,4,26,-1960,-851,-3663,0,0
1,17,21,-2022,-841,-3666,0,0
8,12,-4,-1989,-851,-3655,0,0
1,2,-25,-1917,-872,-3630,0,0
-60,-76,5,-1939,-863,-3537,0,0
-80,-86,-3,-2071,-901,-3651,0,0
-40,-4,-24,-1938,-888,-3625,0,0
-64,-24,-7,-1889,-902,-3486,0,0
-120,-7,37,-1931,-920,-3543,0,0
-165,-20,69,-1954,-872,-3530,0,0
-218,-46,87,-1951,-842,-3474,0,0
-289,-34,111,-1959,-781,-3537,0,0
-346,-126,111,-1997,-618,-3559,0,0
-386,-129,91,-2153,-375,-3576,0,0
-364,68,55,-2198,-308,-3871,0,0
-242,181,22,-2030,-265,-3951,0,0
-116,88,-22,-1995,-416,-3811,0,0
-64,91,-29,-1908,-533,-3746,0,0
-35,71,-10,-1906,-461,-3778,0,0
10,85,-9,-2006,-372,-3790,0,0
9,92,-25,-1795,-310,-3671,0,0
-45,-100,21,-1834,-309,-3814,0,0
23,-256,42,-1914,-361,-4028,0,0
198,-480,27,-2123,-416,-3837,0,0
289,-357,24,-2157,-472,-3589,0,0
291,-95,37,-2058,-535,-3605,0,0
304,-65,54,-2041,-590,-3579,0,0
299,-62,75,-2152,-630,-3493,0,0
269,46,108,-2034,-661,-3486,0,0
207,-68,136,-2125,-704,-3420,0,0
141,-170,130,-2294,-727,-3396,0,0
84,-116,99,-2286,-743,-3407,0,0
16,-118,62,-2250,-744,-3414,0,0
-39,-172,21,-2266,-746,-3424,0,0
-73,-104,0,-2290,-730,-3415,0,0
-109,-20,0,-2235,-684,-3506,0,0
-98,-30,6,-2254,-667,-3554,0,0
-66,-6,23,-2257,-640,-3537,0,0
-23,67,57,-2317,-601,-3545,0,0
28,64,76,-2322,-592,-3609,0,0
93,-11,78,-2312,-575,-3616,0,0
156,-9,84,-2293,-604,-3602,0,0
254,177,138,-2163,-606,-3688,0,0
372,381,254,-2086,-559,-3606,0,0
420,554,373,-2243,-612,-3550,0,0
423,730,418,-1972,-678,-3799,0,0
458,612,428,-1700,-757,-3725,0,0
376,150,321,-2073,-916,-3423,0,0
196,-85,85,-2280,-1116,-3336,0,0
54,-129,-162,-2286,-1209,-3353,0,0
-69,-70,-326,-1884,-1027,-3370,0,0
-197,-51,-385,-1840,-913,-3442,0,0
-326,-106,-427,-2038,-872,-3497,0,0
-423,9,-466,-1705,-870,-3434,0,0
-545,-38,-423,-1714,-790,-3447,0,0
-583,220,-312,-1752,-806,-3657,0,0
-603,304,-197,-1642,-722,-3459,0,0
-647,426,-51,-1584,-492,-3915,0,0
-627,355,44,-1643,-447,-3798,0,0
-667,47,103,-1561,-392,-3774,0,0
-676,-231,163,-1874,-208,-4007,0,0
-572,-239,176,-1843,-63,-4131,0,0
-407,-340,95,-2074,-17,-4145,0,0
-249,-28,17,-1915,-105,-3823,0,0
-199,261,25,-1808,-17,-3878,0,0
-116,422,43,-1637,104,-4040,0,0
-10,234,27,-1533,53,-3832,0,0
-19,35,27,-1662,22,-3822,0,0
-26,38,8,-1716,-4,-3819,0,0
-40,83,-9,-1674,-7,-3814,0,0
-53,137,-16,-1631,16,-3839,0,0
-49,157,-8,-1542,39,-3874,0,0
-32,95,8,-1539,53,-3883,0,0
-8,35,19,-1549,40,-3869,0,0
-5,3,24,-1584,17,-3844,0,0
-17,45,26,-1571,25,-3855,0,0
-27,52,26,-1550,55,-3860,0,0
-64,46,33,-1598,42,-3835,0,0
-90,72,52,-1501,69,-3922,0,0
-48,-97,87,-1475,86,-3942,0,0
1,-309,138,-1347,88,-3923,0,0
4,-578,151,-1624,83,-3833,0,0
1,-587,93,-1884,90,-3707,0,0
-14,-330,19,-1953,137,-3606,0,0
-11,59,-17,-1890,118,-3668,0,0
-27,193,-33,-1752,93,-3787,0,0
-25,112,-21,-1662,139,-3825,0,0
10,-16,4,-1695,145,-3802,0,0
11,-75,-13,-1863,89,-3705,0,0
1,66,-29,-1738,100,-3771,0,0
34,57,-46,-1644,133,-3823,0,0
90,60,-67,-1812,92,-3730,0,0
72,314,-91,-1952,2,-3644,0,0
-31,670,-122,-1803,-4,-3750,0,0
-55,952,-105,-1378,84,-3999,0,0
27,793,-49,-1196,-14,-4008,0,0
-31,279,0,-935,67,-4091,0,0
-68,-337,94,-1224,137,-4015,0,0
49,-426,96,-1395,30,-3876,0,0
24,-452,103,-1416,-37,-3839,0,0
-16,-467,101,-1494,38,-3936,0,0
6,-414,56,-1682,84,-3793,0,0
-7,-193,33,-1729,78,-3774,0,0
-42,-53,22,-1661,72,-3826,0,0
-36,-56,29,-1550,84,-3886,0,0
-15,-234,58,-1586,84,-3860,0,0
-3,-432,75,-1720,83,-3816,0,0
-6,-559,63,-1821,72,-3763,0,0
-7,-813,45,-1886,113,-3713,0,0
20,-676,37,-2199,112,-3486,0,0
2,-254,32,-2160,103,-3526,0,0
-10,-55,-7,-2200,96,-3494,0,0
-22,210,-14,-2106,96,-3592,0,0
-26,190,-14,-1962,119,-3684,0,0
-2,88,3,-2000,103,-3667,0,0
14,7,10,-2035,110,-3639,0,0
19,9,8,-2045,84,-3603,0,0
4,57,9,-2059,96,-3598,0,0
9,164,19,-2025,104,-3644,0,0
9,205,7,-1940,75,-3702,0,0
30,247,6,-1939,56,-3673,0,0
24,358,10,-1991,13,-3714,0,0
43,506,42,-1711,-4,-3850,0,0
65,353,43,-1670,-22,-3887,0,0
61,10,21,-1689,129,-3804,0,0
66,-60,17,-1788,201,-3815,0,0
88,-76,18,-1732,19,-3838,0,0
91,-265,-6,-1752,-67,-3827,0,0
105,-411,-44,-1822,-185,-3918,0,0
163,-286,-77,-1850,-308,-3490,0,0
99,178,-66,-2014,-284,-3567,0,0
14,339,-100,-1810,-159,-3601,0,0
-131,-35,-125,-1787,-59,-3517,0,0
-189,-164,-63,-1749,89,-3808,0,0
-145,-134,-19,-1869,222,-3758,0,0
-75,-31,45,-1834,405,-3905,0,0
7,-275,55,-1988,356,-3729,0,0
45,-263,36,-2054,11,-3636,0,0
52,-187,31,-2002,-159,-3701,0,0
39,-236,27,-2019,-70,-3565,0,0
7,-89,11,-2072,36,-3574,0,0
-16,-17,-3,-2056,6,-3610,0,0
-26,-15,6,-1998,-30,-3648,0,0
-13,-58,19,-2033,-9,-3648,0,0
-4,-14,34,-2076,-11,-3591,0,0
-4,41,31,-2095,-10,-3681,0,0
8,45,20,-2022,-17,-3622,0,0
2,92,12,-2046,14,-3637,0,0
-5,99,0,-2001,-8,-3667,0,0
-8,27,-7,-1974,1,-3652,0,0
-3,9,0,-1985,12,-3667,0,0
-3,2,5,-2027,-28,-3643,0,0
1,7,9,-1998,-10,-3717,0,0
-2,-31,7,-1977,-7,-3634,0,0
-15,-95,17,-1983,11,-3697,0,0
6,-198,21,-2022,0,-3637,0,0
5,-152,26,-2145,-23,-3536,0,0
-18,-9,14,-2132,-26,-3561,0,0
-25,45,1,-2048,18,-3637,0,0
-11,50,1,-2043,16,-3647,0,0
0,40,6,-2062,-14,-3612,0,0
-7,66,5,-2059,-14,-3624,0,0
-9,84,2,-2041,-7,-3656,0,0
-7,78,2,-2018,-24,-3674,0,0
0,60,7,-2013,-47,-3680,0,0
6,84,12,-1972,70,-3671,0,0
8,74,-2,-1942,67,-3671,0,0
13,5,-9,-1962,-31,-3653,0,0
2,-5,-4,-1990,-24,-3672,0,0
-2,4,-5,-2000,-15,-3642,0,0
-4,13,-5,-1986,-23,-3680,0,0
-1,5,-12,-1965,-25,-3686,0,0
-3,-17,0,-1978,-16,-3658,0,0
-1,-10,7,-1983,-8,-3668,0,0
-6,4,8,-1974,-12,-3646,0,0
-16,-19,12,-1958,-20,-3720,0,0
2,-82,23,-2004,-27,-3655,0,0
-16,-68,25,-2046,-18,-3625,0,0
-11,-13,18,-1982,-10,-3683,0,0
1,-8,14,-1999,15,-3653,0,0
-1,13,6,-2013,3,-3624,0,0
-9,37,7,-1978,-5,-3669,0,0
-11,27,8,-1991,0,-3663,0,0
-13,22,7,-1992,-4,-3671,0,0
-6,17,5,-1994,-16,-3677,0,0
-10,13,3,-1976,-7,-3649,0,0
-9,12,9,-1982,-6,-3693,0,0
-1,-7,12,-1979,-5,-3642,0,0
-10,3,8,-1967,7,-3687,0,0
-6,-6,3,-1979,-1,-3668,0,0
-4,9,2,-1987,-13,-3665,0,0
-6,16,1,-1968,10,-3671,0,0
-7,17,0,-1962,-1,-3681,0,0
2,16,4,-2009,-20,-3673,0,0
-5,26,2,-1980,-14,-3656,0,0
-42,-1,13,-1883,37,-3673,0,0
-48,-114,40,-1907,70,-3733,0,0
17,-272,62,-1973,51,-3623,0,0
31,-249,78,-2188,68,-3621,0,0
50,-170,64,-2148,104,-3695,0,0
103,-125,52,-2134,190,-3600,0,0
141,-10,55,-2197,315,-3603,0,0
191,92,46,-2222,468,-3659,0,0
225,174,38,-1977,396,-3412,0,0
122,98,72,-2047,28,-3263,0,0
-10,227,97,-2037,48,-3351,0,0
-161,416,73,-1967,24,-3640,0,0
-238,404,66,-1887,-185,-3708,0,0
-229,487,88,-1795,-408,-3975,0,0
-111,610,34,-1797,-560,-4095,0,0
12,585,-53,-1479,-523,-3902,0,0
87,397,-110,-1448,-415,-3992,0,0
96,149,-138,-1468,-140,-3927,0,0
52,40,-128,-1403,53,-3938,0,0
-1,-78,-77,-1437,168,-3826,0,0
-38,-133,-20,-1733,36,-3844,0,0
28,-32,0,-1702,-42,-3823,0,0
46,225,3,-1652,-79,-3819,0,0
13,425,2,-1396,-110,-3905,0,0
10,133,14,-1310,-44,-4028,0,0
40,-36,30,-1433,-59,-3856,0,0
5,-4,33,-1448,-63,-3904,0,0
-3,-8,43,-1434,-66,-3929,0,0
11,-30,46,-1425,-43,-3891,0,0
-9,-29,42,-1406,-30,-3909,0,0
-11,-21,38,-1409,-27,-3912,0,0
-13,-50,25,-1438,-42,-3913,0,0
-10,-45,26,-1486,-48,-3910,0,0
-5,-20,29,-1493,-44,-3888,0,0
1,1,30,-1457,-25,-3906,0,0
3,-1,25,-1444,-31,-3903,0,0
0,0,21,-1458,-45,-3899,0,0
-4,-4,15,-1450,-47,-3904,0,0
-9,-11,10,-1456,-34,-3906,0,0
-3,-20,9,-1469,-30,-3899,0,0
-2,-23,9,-1471,-40,-3898,0,0
-5,-21,10,-1476,-40,-3896,0,0
-6,-7,7,-1472,-40,-3893,0,0
-5,-1,4,-1484,-42,-3890,0,0
-6,2,6,-1466,-35,-3902,0,0
-7,-1,5,-1451,-36,-3892,0,0
1,-14,6,-1498,-57,-3886,0,0
5,-1,12,-1481,-39,-3896,0,0
4,4,6,-1457,-29,-3899,0,0
0,-2,4,-1454,-33,-3904,0,0
-3,-14,4,-1496,-54,-3894,0,0
-3,-4,6,-1473,-46,-3893,0,0
-3,-10,3,-1472,-32,-3899,0,0
8,-19,7,-1499,-42,-3891,0,0
-9,-4,9,-1469,-44,-3892,0,0
-31,-5,22,-1452,-50,-3876,0,0
-70,-8,43,-1512,-21,-3910,0,0
-28,0,9,-1476,-27,-3899,0,0
4,-12,12,-1453,-21,-3889,0,0
3,-41,29,-1488,-23,-3900,0,0
3,-36,24,-1508,-25,-3886,0,0
-1,-12,10,-1518,-28,-3868,0,0
-10,28,6,-1491,-20,-3895,0,0
4,32,4,-1467,-24,-3889,0,0
25,24,3,-1531,-36,-3901,0,0
19,90,-3,-1447,-60,-3899,0,0
-53,-42,37,-1396,1,-3922,0,0
-43,-20,29,-1557,17,-3875,0,0
16,28,1,-1388,-25,-3892,0,0
14,-45,15,-1472,-59,-3896,0,0
-4,-48,12,-1496,-34,-3892,0,0
-4,-15,-1,-1512,-6,-3891,0,0
-2,11,6,-1479,-17,-3883,0,0
-4,6,14,-1483,-24,-3907,0,0
2,-6,13,-1459,-25,-3893,0,0
0,-39,19,-1490,-31,-3885,0,0
-5,-23,21,-1545,-43,-3870,0,0
-15,-17,33,-1508,-35,-3905,0,0
-6,-77,55,-1388,-19,-3938,0,0
31,-110,77,-1481,9,-3871,0,0
11,-78,70,-1583,-30,-3800,0,0
-35,-30,39,-1570,-18,-3868,0,0
-30,39,-5,-1578,4,-3877,0,0
-23,100,-25,-1514,18,-3873,0,0
-15,83,-27,-1422,-2,-3910,0,0
8,-12,8,-1483,-31,-3892,0,0
-1,-20,13,-1539,-6,-3878,0,0
2,28,-9,-1473,21,-3884,0,0
12,15,-12,-1525,-19,-3881,0,0
12,93,-16,-1619,-58,-3916,0,0
32,167,-1,-1270,-28,-3940,0,0
19,-166,45,-1333,27,-4007,0,0
42,-282,72,-1551,-101,-3899,0,0
78,-175,75,-1511,-222,-3866,0,0
16,-197,72,-1537,-346,-3819,0,0
-117,-102,18,-1633,-330,-3855,0,0
-202,58,-70,-1682,-319,-3855,0,0
-171,157,-143,-1599,-330,-3830,0,0
-151,26,-157,-1445,32,-3755,0,0
-165,-147,-149,-1700,360,-3811,0,0
-91,41,-129,-1665,650,-3819,0,0
-49,51,-79,-1551,693,-3743,0,0
-4,46,-5,-1580,338,-3805,0,0
43,51,27,-1566,-35,-3905,0,0
33,44,34,-1556,-111,-3903,0,0
7,29,17,-1548,-32,-3865,0,0
-14,32,-5,-1550,80,-3860,0,0
-19,59,-24,-1530,71,-3878,0,0
-5,67,-29,-1561,41,-3879,0,0
19,152,4,-1547,40,-3857,0,0
-49,132,21,-1374,93,-3938,0,0
-52,-103,31,-1405,81,-3992,0,0
53,-273,35,-1464,-2,-3915,0,0
55,-364,32,-1563,-54,-3873,0,0
51,-269,17,-1711,-99,-3843,0,0
24,-145,0,-1690,-65,-3821,0,0
2,-70,-22,-1773,-80,-3810,0,0
36,10,-104,-1690,-231,-3791,0,0
28,66,-130,-1655,-215,-3768,0,0
-14,77,-148,-1674,-80,-3728,0,0
-87,55,-159,-1585,92,-3682,0,0
-143,-19,-122,-1570,378,-3789,0,0
-141,-25,-51,-1631,509,-3830,0,0
-62,45,2,-1610,243,-3966,0,0
50,-3,11,-1634,-65,-3866,0,0
31,-33,21,-1674,-126,-3777,0,0
-22,-29,14,-1679,23,-3826,0,0
-24,28,-8,-1626,91,-3853,0,0
-10,38,-18,-1652,37,-3839,0,0
23,28,-11,-1672,-4,-3886,0,0
23,57,1,-1617,-9,-3747,0,0
-68,-114,18,-1458,159,-3801,0,0
-34,-263,29,-1697,180,-3875,0,0
77,-203,47,-1679,83,-3750,0,0
82,-163,75,-1802,182,-3868,0,0
123,-45,60,-1892,354,-3937,0,0
191,91,67,-1751,338,-3712,0,0
190,20,127,-1715,249,-3604,0,0
121,-66,170,-1678,50,-3636,0,0
69,-72,213,-1759,-124,-3620,0,0
-4,-156,212,-1847,-92,-3644,0,0
-84,-106,186,-1827,-157,-3710,0,0
-114,8,151,-1861,-249,-3967,0,0
-52,206,65,-1744,-371,-3944,0,0
3,283,23,-1600,-395,-3817,0,0
34,224,-2,-1592,-292,-3903,0,0
41,135,-33,-1630,-27,-3873,0,0
27,94,-45,-1570,82,-3859,0,0
32,25,-58,-1773,4,-3794,0,0
32,241,-29,-1582,-17,-3784,0,0
-39,176,10,-1366,2,-3924,0,0
-36,-158,21,-1597,42,-4000,0,0
92,-72,14,-1697,-52,-3851,0,0
82,4,10,-1593,-91,-3616,0,0
-117,-8,32,-1531,38,-3871,0,0
-91,1,15,-1643,41,-4019,0,0
82,1,-9,-1582,-31,-3828,0,0
126,-97,3,-1594,-29,-3799,0,0
79,-31,10,-1553,-45,-3823,0,0
11,-39,2,-1619,-62,-3782,0,0
-19,6,-7,-1637,-64,-3856,0,0
-7,22,-25,-1622,-59,-3881,0,0
13,12,-45,-1579,-44,-3874,0,0
43,47,-62,-1717,-42,-3847,0,0
8,270,-36,-1482,-149,-3732,0,0
-7,82,36,-1521,-124,-4243,0,0
128,-310,-17,-1845,-210,-4031,0,0
134,-387,-188,-1951,-327,-3659,0,0
23,-175,-350,-1838,-234,-3463,0,0
-103,81,-423,-1768,-121,-3548,0,0
-250,106,-405,-1487,-18,-3731,0,0
-262,100,-275,-1376,-31,-3967,0,0
-145,82,-134,-1461,-133,-4024,0,0
-65,26,-50,-1525,-81,-3942,0,0
-27,32,-21,-1636,-126,-3858,0,0
-30,38,-38,-1720,-132,-3812,0,0
-28,235,-81,-1720,-65,-3754,0,0
-65,647,-84,-1320,10,-3712,0,0
-137,131,28,-1020,133,-4112,0,0
-36,-498,142,-1420,-11,-3997,0,0
122,-358,222,-1620,-136,-4003,0,0
204,-291,220,-1548,-116,-4023,0,0
189,-145,136,-1790,-210,-3485,0,0
34,-18,45,-1844,-134,-3705,0,0
-40,0,-45,-1754,-180,-3802,0,0
-76,36,-69,-1617,-176,-3820,0,0
-71,23,-51,-1579,-124,-3940,0,0
-33,30,-51,-1664,-106,-3855,0,0
-27,209,-37,-1671,-141,-3648,0,0
-110,306,17,-1399,-100,-3928,0,0
-80,-68,26,-1624,-76,-4187,0,0
41,-104,4,-1628,-142,-3813,0,0
47,-29,6,-1605,-91,-3707,0,0
-11,102,4,-1696,-126,-3811,0,0
-38,344,-12,-1525,-133,-3774,0,0
-116,325,39,-1184,73,-3862,0,0
-68,-114,62,-1454,144,-4271,0,0
141,-130,103,-1390,64,-3825,0,0
211,1,240,-1459,-25,-3897,0,0
213,125,350,-1147,-65,-4089,0,0
237,2,380,-1378,-171,-3837,0,0
146,-51,318,-1678,-273,-3674,0,0
0,-129,179,-1693,-256,-3754,0,0
-48,-116,52,-1709,-213,-3911,0,0
-46,37,-38,-1612,-171,-3912,0,0
-39,153,-82,-1559,-127,-3919,0,0
-45,251,-55,-1382,-94,-3962,0,0
3,90,-5,-1374,-63,-4027,0,0
93,-10,-12,-1497,-148,-3915,0,0
89,-118,-50,-1506,-187,-3747,0,0
-10,-125,-84,-1547,-187,-3789,0,0
-91,-180,-132,-1552,-204,-3829,0,0
-127,-132,-161,-1573,-155,-3897,0,0
-118,-18,-172,-1516,-137,-3921,0,0
-103,17,-164,-1468,-105,-3897,0,0
-89,32,-140,-1424,-110,-3839,0,0
-121,22,-108,-1483,-96,-3825,0,0
-129,38,-70,-1439,-43,-4028,0,0
-59,14,-61,-1472,-64,-3933,0,0
-28,35,-43,-1518,-90,-3927,0,0
-6,14,-35,-1522,-96,-3903,0,0
12,272,-25,-1570,-70,-3732,0,0
-45,472,19,-1021,79,-4116,0,0
33,-330,70,-1279,89,-4217,0,0
226,-467,116,-1452,29,-4028,0,0
391,-365,181,-1471,48,-3948,0,0
446,-128,269,-1538,-51,-3697,0,0
359,-100,310,-1639,-127,-3681,0,0
291,-149,291,-1690,-228,-3743,0,0
229,-49,249,-1683,-355,-3784,0,0
157,2,185,-1699,-431,-3730,0,0
72,-23,131,-1714,-449,-3721,0,0
0,-53,48,-1773,-505,-3794,0,0
-57,32,-43,-1743,-564,-3784,0,0
-79,97,-113,-1610,-534,-3905,0,0
-66,95,-152,-1607,-462,-3871,0,0
-48,183,-146,-1574,-376,-3910,0,0
-34,252,-60,-1347,-318,-3917,0,0
-26,-136,22,-1526,-260,-4094,0,0
80,-205,84,-1574,-312,-3882,0,0
133,-136,143,-1635,-362,-3770,0,0
107,-88,160,-1564,-359,-3772,0,0
38,-28,143,-1660,-361,-3729,0,0
-44,-5,95,-1758,-361,-3813,0,0
-68,50,39,-1716,-381,-3837,0,0
-50,133,19,-1586,-334,-3846,0,0
-68,151,10,-1660,-265,-3915,0,0
-73,8,38,-1226,-237,-4006,0,0
-42,-454,85,-1360,-188,-3553,0,0
-154,-9,85,-1961,-157,-3808,0,0
-90,241,-4,-1720,-328,-4071,0,0
25,-58,-56,-1641,-333,-3827,0,0
30,56,-47,-1587,-255,-3880,0,0
11,71,-43,-1513,-229,-3790,0,0
-28,15,-22,-1594,-212,-3843,0,0
-47,20,-15,-1615,-251,-3885,0,0
-22,11,-8,-1568,-286,-3906,0,0
2,-15,10,-1568,-281,-3836,0,0
-9,-3,17,-1631,-261,-3925,0,0
-3,105,-16,-1626,-275,-3808,0,0
-30,108,-11,-1457,-202,-3952,0,0
13,-146,20,-1506,-204,-3976,0,0
90,-106,53,-1573,-284,-3806,0,0
70,-11,83,-1599,-327,-3732,0,0
-4,-25,77,-1655,-298,-3765,0,0
-44,-16,48,-1663,-232,-3855,0,0
-30,18,16,-1619,-189,-3982,0,0
41,67,8,-1505,-226,-3930,0,0
86,51,58,-1380,-248,-3826,0,0
90,80,145,-1391,-202,-3909,0,0
106,146,204,-1425,-257,-3991,0,0
169,51,211,-1574,-274,-3989,0,0
226,153,202,-1489,-298,-3919,0,0
257,266,235,-1346,-290,-3907,0,0
219,119,287,-1331,-275,-3818,0,0
152,-7,286,-1502,-379,-3888,0,0
125,-37,233,-1591,-491,-3873,0,0
105,-74,148,-1743,-490,-3799,0,0
87,96,28,-1748,-503,-3810,0,0
39,146,-48,-1397,-447,-3799,0,0
-44,84,-45,-1326,-379,-3933,0,0
-65,71,-32,-1323,-386,-3980,0,0
-42,52,-18,-1351,-433,-3950,0,0
-40,25,-15,-1380,-428,-3924,0,0
-54,0,-12,-1357,-393,-3934,0,0
-65,-85,-3,-1387,-401,-3941,0,0
-69,-166,-15,-1495,-394,-3918,0,0
-55,-50,-27,-1442,-353,-3948,0,0
-25,8,-16,-1402,-371,-3918,0,0
-13,5,7,-1453,-378,-3908,0,0
-8,16,13,-1454,-364,-3916,0,0
-5,17,6,-1411,-361,-3911,0,0
-7,9,8,-1394,-372,-3935,0,0
3,-30,19,-1434,-376,-3930,0,0
-2,-46,15,-1461,-383,-3878,0,0
-32,-101,-5,-1435,-375,-3912,0,0
-29,-52,-12,-1436,-337,-3918,0,0
-9,18,4,-1411,-354,-3921,0,0
-5,-4,13,-1430,-351,-3901,0,0
-18,-6,5,-1419,-358,-3902,0,0
-41,-16,2,-1450,-373,-3886,0,0
-75,-109,4,-1458,-356,-3873,0,0
-83,-118,-16,-1545,-330,-3914,0,0
-38,65,-44,-1512,-329,-3973,0,0
17,75,-14,-1454,-312,-3892,0,0
27,44,16,-1467,-296,-3914,0,0
-9,54,26,-1472,-368,-3900,0,0
-78,2,27,-1404,-371,-3824,0,0
-44,-16,2,-1501,-300,-3935,0,0
-1,53,-20,-1490,-300,-3958,0,0
38,86,-11,-1285,-247,-3963,0,0
-15,52,72,-1110,-199,-3910,0,0
-31,54,95,-1427,-309,-4051,0,0
91,16,61,-1502,-273,-4071,0,0
214,188,119,-1246,-338,-3932,0,0
241,301,229,-1106,-480,-3945,0,0
224,225,349,-1179,-536,-3894,0,0
161,214,431,-1144,-559,-3874,0,0
65,78,478,-1114,-545,-3865,0,0
-18,-141,475,-1430,-503,-3814,0,0
-109,-151,389,-1652,-415,-3821,0,0
-191,-120,279,-1478,-188,-3989,0,0
-173,-274,183,-1551,12,-3996,0,0
-88,-147,82,-1550,43,-4031,0,0
5,6,11,-1253,-197,-3956,0,0
-26,-85,8,-1323,-423,-3860,0,0
-100,-50,12,-1422,-426,-3937,0,0
-112,-47,0,-1459,-286,-3931,0,0
-107,-22,4,-1404,-45,-3944,0,0
-76,-1,36,-1370,61,-3944,0,0
-30,2,71,-1398,-70,-3935,0,0
3,24,81,-1409,-188,-3935,0,0
11,29,69,-1410,-175,-3924,0,0
0,29,60,-1372,-126,-3929,0,0
-5,26,46,-1357,-132,-3936,0,0
-7,23,21,-1364,-146,-3943,0,0
-9,16,-26,-1326,-138,-3947,0,0
-18,-6,-42,-1371,-141,-3932,0,0
-21,-10,-52,-1395,-158,-3928,0,0
-19,-15,-44,-1402,-160,-3928,0,0
-7,-24,-25,-1400,-154,-3924,0,0
-2,-16,-17,-1387,-137,-3917,0,0
-4,-19,-11,-1398,-147,-3928,0,0
-7,-15,-11,-1409,-199,-3924,0,0
-4,-10,9,-1417,-186,-3919,0,0
5,0,39,-1415,-116,-3922,0,0
17,26,47,-1389,-72,-3930,0,0
19,34,14,-1373,-91,-3935,0,0
10,29,-40,-1341,-147,-3933,0,0
-23,-6,-83,-1358,-271,-3888,0,0
-68,-43,-57,-1374,-383,-3938,0,0
-61,-84,3,-1397,-233,-3961,0,0
-23,-106,58,-1465,-39,-3911,0,0
10,-82,104,-1491,-12,-3883,0,0
19,-48,118,-1456,-108,-3891,0,0
15,-7,103,-1408,-159,-3920,0,0
4,-9,85,-1420,-143,-3922,0,0
-2,-17,64,-1439,-132,-3904,0,0
-12,-20,47,-1466,-178,-3898,0,0
-33,-7,54,-1464,-152,-3901,0,0
-37,9,68,-1430,-78,-3908,0,0
-22,-10,71,-1429,-71,-3912,0,0
-27,-2,53,-1434,-105,-3911,0,0
-39,18,28,-1423,-122,-3926,0,0
-31,19,12,-1426,-99,-3925,0,0
-14,16,15,-1429,-58,-3916,0,0
-2,-6,32,-1417,-49,-3922,0,0
13,-23,26,-1420,-81,-3920,0,0
10,-29,-6,-1419,-92,-3921,0,0
-6,-35,-34,-1426,-76,-3907,0,0
-11,-38,-39,-1465,-86,-3892,0,0
-6,-30,-36,-1447,-80,-3916,0,0
-5,-43,-53,-1448,-92,-3902,0,0
-20,-47,-64,-1487,-118,-3895,0,0
-24,-41,-68,-1481,-107,-3904,0,0
-21,-40,-72,-1485,-88,-3890,0,0
-21,-38,-60,-1515,-103,-3888,0,0
-19,-31,-46,-1495,-105,-3892,0,0
-11,-31,-39,-1508,-113,-3888,0,0
-3,-23,-35,-1521,-108,-3880,0,0
-4,13,-40,-1495,-88,-3890,0,0
-3,38,-40,-1521,-107,-3884,0,0
-3,57,-39,-1522,-103,-3875,0,0
-12,129,-29,-1510,-144,-3876,0,0
-12,184,-11,-1480,-77,-3923,0,0
2,224,-11,-1370,-67,-3944,0,0
23,201,-28,-1309,-113,-4043,0,0
100,48,6,-1325,-155,-4022,0,0
145,86,30,-1367,-240,-3968,0,0
148,198,45,-1375,-369,-4005,0,0
172,309,23,-1346,-286,-3967,0,0
159,239,-12,-1138,-176,-3906,0,0
106,-32,-59,-1206,-140,-3829,0,0
2,-14,-92,-1337,-178,-3867,0,0
-58,42,-102,-1239,-225,-3931,0,0
-80,-33,-124,-1199,-367,-3967,0,0
-135,-21,-166,-1232,-560,-3995,0,0
-288,159,-260,-1036,-727,-3950,0,0
-598,569,-372,-885,-605,-4103,0,0
-619,689,-339,-954,-345,-4101,0,0
-525,233,-280,-901,1,-3932,0,0
-387,43,-283,-857,310,-4213,0,0
-140,32,-298,-1005,455,-3888,0,0
67,-106,-256,-1039,804,-3993,0,0
316,-497,-175,-1066,595,-3952,0,0
304,-421,-97,-1144,127,-4162,0,0
-34,-213,-147,-879,-280,-4017,0,0
11,-515,-62,-1524,-373,-3925,0,0
17,-229,-46,-1534,-98,-3816,0,0
-35,122,-63,-1143,47,-3996,0,0
-36,18,-53,-1149,-54,-4034,0,0
-20,-129,-32,-1359,-74,-3939,0,0
-12,-62,-8,-1357,-57,-3936,0,0
-4,-1,17,-1274,-52,-3960,0,0
3,-26,31,-1299,-56,-3944,0,0
-15,-93,16,-1336,-62,-3933,0,0
-26,-68,3,-1329,-41,-3953,0,0
-17,16,14,-1297,-33,-3959,0,0
-3,14,29,-1302,-39,-3953,0,0
1,8,35,-1323,-39,-3941,0,0
-1,35,31,-1293,-46,-3953,0,0
-1,26,28,-1298,-41,-3948,0,0
0,33,24,-1297,-41,-3952,0,0
-3,34,16,-1268,-42,-3959,0,0
-7,16,9,-1272,-39,-3959,0,0
-4,24,4,-1282,-41,-3956,0,0
-18,27,-6,-1295,-43,-3950,0,0
-22,62,-3,-1295,-38,-3950,0,0
-20,85,-2,-1218,-43,-3984,0,0
-8,45,-7,-1211,-27,-3985,0,0
0,42,-2,-1258,-26,-3961,0,0
-1,94,-1,-1232,-45,-3977,0,0
-6,83,-9,-1187,-36,-3990,0,0
-13,35,3,-1192,-38,-3982,0,0
-12,5,6,-1190,-38,-3983,0,0
-9,-3,5,-1202,-34,-3979,0,0
-10,10,7,-1198,-35,-3982,0,0
-10,26,7,-1194,-37,-3980,0,0
-19,41,6,-1200,-29,-3972,0,0
-27,72,1,-1155,-28,-3988,0,0
-7,56,7,-1107,-28,-4017,0,0
1,-1,6,-1187,-27,-3985,0,0
-3,16,0,-1133,-27,-4003,0,0
-4,-1,3,-1136,-24,-3992,0,0
-4,-8,2,-1164,-25,-3981,0,0
-39,10,2,-1183,-30,-3991,0,0
-58,37,10,-1137,-16,-3991,0,0
-11,20,11,-1103,-17,-4000,0,0
1,-19,12,-1157,-3,-3988,0,0
-5,-12,3,-1162,-11,-3988,0,0
-5,-1,0,-1122,-17,-4001,0,0
2,-14,-1,-1143,-14,-3993,0,0
-7,-5,-4,-1154,-14,-3984,0,0
-30,20,3,-1133,7,-3979,0,0
-50,90,29,-1115,11,-3992,0,0
-22,57,33,-1170,-44,-3999,0,0
-15,58,15,-1070,-1,-4012,0,0
-4,37,9,-1071,12,-4022,0,0
6,-10,1,-1093,-9,-4017,0,0
18,-63,-7,-1080,-15,-4026,0,0
49,-166,-11,-1055,-8,-4054,0,0
87,-228,-5,-1198,-6,-3927,0,0
50,-59,18,-1267,-21,-3940,0,0
9,-15,5,-1201,-40,-3983,0,0
1,-15,3,-1160,-40,-3992,0,0
1,-37,9,-1220,-42,-3969,0,0
-3,-18,10,-1204,-41,-3982,0,0
-5,-12,4,-1183,-38,-3986,0,0
-5,-29,2,-1211,-36,-3975,0,0
-5,-26,4,-1220,-42,-3974,0,0
-5,-20,6,-1212,-40,-3975,0,0
-6,-9,4,-1216,-42,-3973,0,0
-7,-9,5,-1223,-43,-3975,0,0
-6,-6,5,-1222,-36,-3977,0,0
-5,-7,4,-1220,-37,-3975,0,0
-8,-5,6,-1220,-37,-3972,0,0
-17,1,12,-1216,-30,-3983,0,0
-11,3,15,-1219,-30,-3975,0,0
-9,13,15,-1215,-36,-3974,0,0
-7,8,11,-1224,-43,-3971,0,0
-6,10,9,-1218,-31,-3980,0,0
-4,7,10,-1209,-29,-3977,0,0
-2,0,8,-1206,-29,-3975,0,0
-3,-1,5,-1211,-31,-3977,0,0
-2,2,8,-1223,-37,-3976,0,0
-3,13,12,-1199,-30,-3978,0,0
-13,12,8,-1199,-25,-3975,0,0
-32,12,13,-1202,-19,-3977,0,0
-32,16,12,-1187,-24,-3981,0,0
-12,8,8,-1190,-24,-3978,0,0
-8,7,6,-1192,-19,-3976,0,0
-7,1,6,-1192,-16,-3979,0,0
-5,3,5,-1193,-24,-3978,0,0
-4,5,5,-1189,-24,-3981,0,0
-4,3,8,-1182,-21,-3982,0,0
-3,-6,6,-1192,-20,-3977,0,0
-5,-5,5,-1193,-17,-3980,0,0
-14,-14,1,-1190,-18,-3974,0,0
-19,2,-8,-1188,-14,-3980,0,0
-14,12,-3,-1186,-15,-3988,0,0
-12,5,-1,-1183,-12,-3984,0,0
-13,8,-1,-1196,-8,-3974,0,0
-10,25,-1,-1170,-13,-3987,0,0
-4,4,3,-1182,-20,-3984,0,0
-5,3,8,-1183,-14,-3980,0,0
-1,15,6,-1153,-7,-3992,0,0
-3,-3,-1,-1176,-14,-3989,0,0
-15,-10,-4,-1177,-9,-3978,0,0
-26,-12,-8,-1180,-14,-3975,0,0
-22,-20,-7,-1176,-14,-3978,0,0
-14,8,-20,-1199,-17,-3985,0,0
-9,-3,-6,-1123,-3,-4004,0,0
6,-31,12,-1234,-8,-3965,0,0
2,6,13,-1202,-21,-3978,0,0
3,11,20,-1174,-22,-3985,0,0
-7,-50,20,-1224,-25,-3970,0,0
-27,-25,12,-1205,5,-3963,0,0
-27,51,9,-1155,21,-3988,0,0
-13,34,11,-1142,-6,-4009,0,0
-5,13,15,-1163,1,-3985,0,0
-6,25,10,-1174,8,-3987,0,0
-3,20,8,-1154,-3,-3998,0,0
5,7,8,-1151,4,-3991,0,0
7,-17,1,-1152,-7,-3990,0,0
18,-40,0,-1148,-13,-4018,0,0
54,-112,16,-1213,-4,-3955,0,0
54,-33,21,-1224,0,-3943,0,0
16,-8,-4,-1179,-49,-3995,0,0
4,-32,-15,-1197,-42,-3981,0,0
3,-18,-5,-1231,-23,-3970,0,0
6,13,9,-1207,-16,-3980,0,0
9,15,19,-1216,-38,-3981,0,0
9,20,24,-1199,-42,-3977,0,0
4,17,15,-1185,-37,-3987,0,0
1,9,12,-1197,-39,-3980,0,0
-2,6,11,-1190,-43,-3976,0,0
-7,7,3,-1176,-47,-3986,0,0
-7,6,0,-1190,-29,-3980,0,0
0,14,17,-1196,-32,-3975,0,0
4,38,27,-1200,-52,-3978,0,0
12,98,37,-1200,-17,-3967,0,0
18,255,30,-1120,-42,-3998,0,0
2,246,9,-1018,-53,-4039,0,0
-7,127,-7,-1040,-45,-4012,0,0
-11,189,-30,-1055,-45,-4004,0,0
-12,323,-43,-980,-47,-4036,0,0
-8,280,-33,-875,-52,-4076,0,0
-6,113,4,-879,-56,-4061,0,0
-21,-41,31,-886,-61,-4055,0,0
-29,-129,18,-887,-44,-4058,0,0
-22,-149,11,-936,-14,-4038,0,0
-13,-82,8,-954,-32,-4039,0,0
-8,-63,3,-933,-30,-4047,0,0
-7,-77,2,-997,-32,-4023,0,0
-10,-33,-4,-1001,-25,-4027,0,0
-19,-10,-13,-998,-32,-4026,0,0
-27,10,-24,-1042,-36,-4004,0,0
-14,115,-22,-927,-39,-4044,0,0
2,107,-8,-971,0,-4013,0,0
12,317,-1,-1019,-39,-4011,0,0
-6,405,-3,-771,-36,-4097,0,0
-16,285,1,-809,-24,-4046,0,0
-18,366,-19,-724,-37,-4084,0,0
-13,291,-28,-544,-43,-4125,0,0
4,133,-25,-591,-32,-4111,0,0
2,46,1,-625,-22,-4101,0,0
0,-27,28,-615,-12,-4091,0,0
-7,-59,27,-631,-47,-4088,0,0
-41,-51,3,-620,-36,-4103,0,0
-52,-106,-9,-612,-13,-4098,0,0
-26,-106,-22,-711,-36,-4079,0,0
-8,-35,-8,-732,-6,-4075,0,0
1,-13,8,-701,-10,-4087,0,0
10,-27,30,-682,-18,-4087,0,0
4,-53,34,-673,-16,-4080,0,0
-9,-73,25,-734,-14,-4069,0,0
-15,-35,16,-723,-17,-4078,0,0
-26,-60,22,-701,2,-4068,0,0
-29,-69,20,-746,-14,-4080,0,0
-25,-35,-2,-738,-42,-4098,0,0
-31,-89,5,-741,14,-4071,0,0
-22,-104,38,-824,35,-4058,0,0
-9,-32,61,-797,22,-4042,0,0
-15,10,58,-801,40,-4086,0,0
-1,106,17,-827,-10,-4108,0,0
-3,48,-45,-670,-4,-4157,0,0
12,-154,-80,-798,-24,-4145,0,0
67,-173,-72,-930,-67,-4196,0,0
155,-161,-89,-951,-13,-4172,0,0
179,-270,-139,-987,-80,-3967,0,0
103,-492,-194,-988,-139,-3868,0,0
4,-629,-264,-1185,-140,-3864,0,0
-70,-426,-304,-1124,-103,-3952,0,0
-77,-308,-311,-1179,-47,-4029,0,0
-37,-77,-271,-1184,-72,-3974,0,0
-7,89,-209,-1119,-99,-3993,0,0
9,95,-157,-1119,-140,-3929,0,0
-17,62,-130,-1173,-173,-3933,0,0
-39,106,-128,-1209,-164,-4044,0,0
-23,222,-130,-1200,-182,-4115,0,0
27,292,-115,-1135,-227,-4126,0,0
87,293,-98,-1118,-260,-4020,0,0
86,425,-75,-819,-243,-3873,0,0
27,408,-29,-711,-112,-3910,0,0
-11,461,-31,-916,-83,-4123,0,0
-19,295,-81,-678,-137,-4119,0,0
-9,-199,-107,-669,-227,-4343,0,0
111,-466,-115,-833,-278,-4299,0,0
192,-642,-140,-795,-289,-4127,0,0
162,-1421,-172,-988,-321,-3806,0,0
57,-1705,-114,-1651,-371,-3465,0,0
-50,-482,82,-1534,-300,-3754,0,0
-59,202,192,-1545,-270,-3954,0,0
-48,110,176,-1649,-288,-3820,0,0
-71,34,120,-1621,-260,-3820,0,0
-95,32,44,-1698,-260,-3863,0,0
-89,156,-19,-1559,-234,-3927,0,0
-68,163,-72,-1540,-236,-3911,0,0
-67,158,-109,-1446,-219,-3927,0,0
-72,105,-109,-1420,-183,-3968,0,0
-50,204,-55,-1563,-218,-3943,0,0
-26,497,-9,-1329,-292,-3881,0,0
-65,314,70,-602,-160,-3842,0,0
-100,-258,105,-1318,-36,-4076,0,0
-32,-92,15,-1555,-166,-4205,0,0
91,-76,-57,-1323,-249,-4139,0,0
155,-187,-85,-1409,-229,-3871,0,0
130,-215,-111,-1260,-214,-3990,0,0
121,-903,-136,-1292,-241,-4053,0,0
114,-1678,-136,-1888,-323,-3523,0,0
57,-1005,-14,-2040,-344,-3473,0,0
28,33,124,-2025,-331,-3584,0,0
-10,497,182,-1996,-326,-3557,0,0
-65,556,142,-1772,-244,-3823,0,0
-62,255,1,-1894,-282,-3874,0,0
-46,175,-77,-1813,-327,-3740,0,0
-78,229,-44,-1665,-289,-3705,0,0
-109,270,75,-1431,-203,-3853,0,0
-70,-17,184,-1574,-159,-3964,0,0
-6,68,197,-1694,-185,-3915,0,0
30,303,164,-1691,-223,-3880,0,0
38,218,105,-1653,-219,-3872,0,0
24,122,74,-1454,-206,-3830,0,0
-4,36,78,-1507,-184,-3789,0,0
-45,43,78,-1597,-179,-3846,0,0
-56,92,61,-1508,-176,-3936,0,0
-45,29,59,-1385,-147,-3946,0,0
-17,-87,61,-1503,-138,-3944,0,0
6,-94,10,-1598,-167,-3858,0,0
10,-17,-62,-1622,-191,-3850,0,0
20,71,-120,-1519,-178,-3889,0,0
36,72,-155,-1416,-154,-3967,0,0
51,-118,-209,-1772,-264,-3847,0,0
-1,-195,-242,-1605,-309,-3728,0,0
-58,-305,-145,-1415,-215,-3823,0,0
-69,-74,47,-1489,-170,-3882,0,0
-16,-18,196,-1609,-185,-4050,0,0
57,-48,225,-1622,-192,-3796,0,0
48,253,205,-1710,-190,-3758,0,0
16,399,140,-1643,-214,-3929,0,0
7,198,84,-1375,-185,-3831,0,0
-61,24,76,-1418,-151,-3789,0,0
-67,34,63,-1544,-158,-4029,0,0
-5,13,-25,-1581,-213,-3916,0,0
0,75,-95,-1576,-209,-3804,0,0
-28,211,-110,-1415,-149,-3896,0,0
-50,119,-107,-1252,-123,-3953,0,0
-49,-294,-106,-921,-137,-4253,0,0
83,-1880,-145,-1100,-129,-4567,0,0
263,-1224,-218,-3050,-324,-2873,0,0
162,-905,-129,-2713,-329,-2950,0,0
66,447,41,-2066,-276,-3412,0,0
5,324,88,-2313,-310,-3208,0,0
-87,730,150,-2244,-291,-3441,0,0
-145,608,121,-2164,-252,-3626,0,0
-142,390,43,-2187,-192,-3784,0,0
-81,601,1,-1999,-197,-3771,0,0
-38,623,-5,-1731,-177,-3749,0,0
-26,428,-5,-1783,-170,-3815,0,0
-7,467,-2,-1659,-193,-3862,0,0
-18,209,-19,-1463,-185,-3837,0,0
-21,-81,-58,-1682,-186,-3897,0,0
30,-72,-74,-1544,-196,-4051,0,0
120,-457,-93,-1820,-232,-3849,0,0
126,-496,-132,-1996,-278,-3640,0,0
83,-429,-161,-1847,-288,-3711,0,0
49,-710,-174,-1951,-303,-3677,0,0
40,-864,-150,-2034,-327,-3643,0,0
26,-987,-110,-2290,-354,-3367,0,0
12,-624,-24,-2402,-354,-3439,0,0
35,-100,50,-2375,-347,-3440,0,0
46,260,84,-2418,-342,-3289,0,0
-13,603,107,-2353,-352,-3352,0,0
-67,616,98,-2142,-330,-3584,0,0
-73,340,54,-2184,-327,-3599,0,0
-74,364,19,-2125,-312,-3645,0,0
-58,443,12,-1969,-285,-3703,0,0
-47,394,49,-1919,-273,-3628,0,0
-66,458,124,-1725,-254,-3685,0,0
-36,181,161,-1794,-186,-4003,0,0
39,75,104,-1941,-257,-3817,0,0
56,244,60,-1830,-269,-3735,0,0
34,125,18,-1741,-268,-3770,0,0
3,-42,7,-1708,-258,-3709,0,0
-31,-66,23,-1780,-255,-3762,0,0
-20,-16,38,-1787,-258,-3836,0,0
1,-11,37,-1792,-234,-3819,0,0
9,5,34,-1764,-231,-3744,0,0
3,-1,32,-1784,-232,-3746,0,0
-10,-13,21,-1811,-257,-3752,0,0
-16,5,11,-1789,-259,-3793,0,0
-3,14,12,-1783,-238,-3782,0,0
3,2,12,-1762,-216,-3767,0,0
-4,10,7,-1793,-242,-3764,0,0
-10,22,13,-1769,-257,-3797,0,0
-2,-11,14,-1782,-253,-3790,0,0
1,5,5,-1767,-242,-3781,0,0
0,1,4,-1764,-223,-3783,0,0
-1,-4,7,-1786,-231,-3766,0,0
-5,-1,-18,-1810,-216,-3788,0,0
6,20,-56,-1761,-250,-3803,0,0
31,39,-39,-1601,-246,-3873,0,0
51,-45,-30,-1919,-298,-3714,0,0
17,70,-90,-1945,-326,-3708,0,0
8,126,-115,-1663,-264,-3863,0,0
15,22,-105,-1760,-300,-3727,0,0
-1,86,-80,-1648,-295,-3838,0,0
2,0,-50,-1629,-313,-3766,0,0
-12,-22,-33,-1751,-326,-3777,0,0
-20,-4,-42,-1778,-315,-3841,0,0
-9,-11,-65,-1750,-327,-3803,0,0
0,-13,-83,-1769,-327,-3834,0,0
9,-57,-97,-1705,-332,-3886,0,0
41,-209,-92,-1625,-334,-3923,0,0
82,-550,-89,-1813,-347,-3817,0,0
86,-680,-85,-1902,-389,-3647,0,0
61,-691,-54,-2005,-412,-3569,0,0
24,-678,-14,-2181,-441,-3464,0,0
10,-361,35,-2282,-428,-3498,0,0
-23,31,89,-2152,-404,-3363,0,0
-92,174,158,-2146,-379,-3422,0,0
-123,284,211,-2219,-345,-3605,0,0
-122,328,202,-2223,-308,-3632,0,0
-76,375,153,-2180,-258,-3771,0,0
-24,492,122,-1858,-276,-3659,0,0
-45,271,109,-1743,-225,-3718,0,0
-21,26,7,-1964,-170,-3912,0,0
103,64,-64,-2073,-296,-4027,0,0
198,84,-103,-1921,-341,-3634,0,0
138,15,-120,-1902,-350,-3453,0,0
24,-25,-114,-1858,-331,-3630,0,0
-19,-38,-95,-1865,-357,-3740,0,0
-12,-63,-94,-1965,-391,-3778,0,0
12,-30,-96,-1874,-374,-3782,0,0
35,-60,-89,-1894,-386,-3725,0,0
21,-239,-85,-1857,-419,-3686,0,0
-26,-688,-73,-1959,-416,-3609,0,0
-53,-868,-37,-2205,-443,-3494,0,0
-31,-477,54,-2195,-412,-3559,0,0
-4,1,156,-2084,-346,-3480,0,0
-2,104,202,-2348,-349,-3501,0,0
-12,168,180,-2488,-381,-3460,0,0
-50,352,166,-2156,-389,-3489,0,0
-40,120,191,-2039,-248,-3810,0,0
31,-39,156,-2286,-278,-3597,0,0
48,369,149,-2116,-321,-3521,0,0
27,507,143,-2203,-356,-3578,0,0
-4,770,195,-1535,-322,-3847,0,0
63,249,230,-1693,-279,-4053,0,0
113,-55,183,-1966,-474,-3691,0,0
85,65,139,-1844,-588,-3667,0,0
59,13,108,-1827,-504,-3745,0,0
10,-23,82,-1949,-305,-3567,0,0
-48,22,84,-1919,-195,-3598,0,0
-40,269,95,-1902,-152,-3851,0,0
22,373,65,-1897,-194,-3773,0,0
20,398,29,-1860,-81,-3614,0,0
-51,487,10,-1593,166,-3790,0,0
-55,464,-17,-1622,103,-3933,0,0
-13,448,-18,-1340,-131,-3971,0,0
27,231,-11,-1412,-249,-4027,0,0
49,101,-38,-1394,-308,-3995,0,0
48,-94,-73,-1393,-281,-3966,0,0
73,-296,-134,-1505,-251,-4158,0,0
133,-1048,-265,-1391,-292,-4212,0,0
168,-2709,-425,-1769,-377,-3772,0,0
152,-3131,-394,-2616,-522,-2854,0,0
83,-1268,-164,-2807,-534,-2925,0,0
56,107,17,-2557,-527,-3110,0,0
13,352,86,-2623,-521,-2983,0,0
-60,712,144,-2558,-445,-3230,0,0
-84,813,139,-2498,-411,-3495,0,0
-66,493,75,-2302,-435,-3572,0,0
-57,175,48,-2357,-431,-3423,0,0
-77,239,82,-2283,-384,-3495,0,0
-73,189,115,-2123,-322,-3572,0,0
-41,-89,133,-2312,-295,-3602,0,0
16,-78,64,-2659,-344,-3548,0,0
65,448,5,-2264,-392,-3536,0,0
66,459,50,-1761,-330,-3604,0,0
29,-77,73,-2230,-308,-3490,0,0
-3,63,62,-2277,-357,-3556,0,0
7,114,32,-2104,-333,-3717,0,0
12,-129,-44,-2250,-398,-3495,0,0
-33,-82,-60,-2143,-392,-3439,0,0
-53,42,-19,-2090,-352,-3538,0,0
-75,31,15,-2205,-349,-3445,0,0
-105,319,53,-1997,-296,-3608,0,0
-113,221,122,-1781,-223,-3663,0,0
-145,-214,159,-2108,-218,-3415,0,0
-233,-247,172,-2180,-179,-3410,0,0
-304,-253,124,-2332,-229,-3506,0,0
-300,-20,75,-2283,-252,-3542,0,0
-299,197,39,-2195,-160,-3549,0,0
-270,542,43,-2229,84,-3909,0,0
-123,726,-19,-2082,98,-3857,0,0
-31,780,-61,-1842,-16,-3665,0,0
-62,738,-36,-1627,-53,-3932,0,0
-43,303,-62,-1587,-43,-3909,0,0
-18,103,-69,-1527,38,-3899,0,0
16,-219,-82,-1474,95,-3941,0,0
48,-572,-105,-1946,24,-3625,0,0
-30,-301,-44,-1932,-111,-3659,0,0
-57,-7,39,-1757,-127,-3849,0,0
-5,10,53,-1861,-111,-3756,0,0
0,63,55,-1848,-17,-3721,0,0
-16,141,36,-1883,27,-3715,0,0
-25,313,8,-1859,1,-3717,0,0
-32,534,16,-1674,-35,-3826,0,0
-34,509,27,-1462,-34,-3938,0,0
-35,193,13,-1432,53,-3900,0,0
-5,51,-11,-1536,98,-3855,0,0
3,12,-27,-1460,12,-3904,0,0
11,-114,-35,-1512,-3,-3870,0,0
24,-95,-44,-1612,10,-3830,0,0
0,38,-56,-1652,-16,-3812,0,0
-9,123,-69,-1524,-11,-3888,0,0
0,98,-54,-1452,-24,-3918,0,0
13,10,-24,-1502,-33,-3896,0,0
21,-45,-17,-1557,-32,-3861,0,0
-4,-17,-5,-1558,-66,-3855,0,0
-25,2,21,-1530,-50,-3883,0,0
-12,14,35,-1507,-35,-3879,0,0
-9,9,49,-1512,-21,-3876,0,0
-9,6,37,-1546,-10,-3866,0,0
-8,66,21,-1549,-13,-3863,0,0
-10,130,18,-1489,-28,-3891,0,0
-16,123,26,-1439,-22,-3914,0,0
-15,69,22,-1471,0,-3897,0,0
-13,74,22,-1469,-12,-3884,0,0
-40,75,45,-1441,-41,-3914,0,0
-77,1,75,-1458,1,-3915,0,0
-71,-50,152,-1184,68,-4036,0,0
-10,-537,167,-1226,134,-4022,0,0
72,-672,80,-1984,39,-3595,0,0
17,1,4,-1797,-15,-3726,0,0
-40,242,-76,-1610,-14,-3827,0,0
-52,353,-87,-1504,56,-3898,0,0
-16,262,-56,-1361,84,-3948,0,0
20,34,-34,-1412,65,-3913,0,0
47,-41,-39,-1480,17,-3888,0,0
53,-6,-51,-1573,-7,-3859,0,0
23,185,-65,-1626,-34,-3804,0,0
-23,458,-56,-1408,-40,-3911,0,0
-27,363,-8,-1146,-18,-4053,0,0
4,-14,51,-1289,5,-3961,0,0
-1,-69,71,-1375,-4,-3910,0,0
-17,4,58,-1323,3,-3948,0,0
-5,-17,45,-1334,11,-3939,0,0
-10,-35,35,-1333,16,-3930,0,0
-17,-1,24,-1383,8,-3915,0,0
-16,43,20,-1302,15,-3953,0,0
-12,9,20,-1302,13,-3956,0,0
-9,-30,21,-1326,17,-3939,0,0
-6,-32,20,-1333,23,-3931,0,0
-14,-22,15,-1361,20,-3923,0,0
-16,4,14,-1322,29,-3941,0,0
-7,-13,17,-1322,20,-3947,0,0
-6,-36,20,-1352,21,-3937,0,0
-13,-33,25,-1367,33,-3917,0,0
-10,0,18,-1320,36,-3936,0,0
-7,-11,10,-1353,25,-3932,0,0
-16,-6,11,-1378,27,-3918,0,0
-22,17,12,-1329,25,-3947,0,0
-16,-38,24,-1293,43,-3963,0,0
-11,-105,30,-1395,39,-3902,0,0
-26,-83,37,-1338,69,-3941,0,0
-4,-147,29,-1404,65,-3897,0,0
3,-83,11,-1493,19,-3869,0,0
-10,10,-5,-1415,40,-3914,0,0
-8,1,-5,-1405,60,-3915,0,0
-3,-16,7,-1404,55,-3918,0,0
2,-31,6,-1446,27,-3895,0,0
-6,-1,-2,-1431,42,-3903,0,0
-3,13,-6,-1410,54,-3920,0,0
1,-7,-12,-1430,42,-3902,0,0
-4,-27,-19,-1382,45,-3921,0,0
-2,-109,-14,-1392,86,-3909,0,0
23,-65,-15,-1552,43,-3829,0,0
-5,5,-15,-1422,7,-3923,0,0
-6,-50,-11,-1510,3,-3886,0,0
-5,21,-11,-1456,30,-3899,0,0
-11,-4,-11,-1415,32,-3918,0,0
-4,-44,-5,-1503,35,-3876,0,0
-3,9,-5,-1498,22,-3887,0,0
-7,11,-1,-1413,28,-3923,0,0
-9,-60,1,-1464,41,-3889,0,0
-1,-11,-9,-1544,34,-3852,0,0
-14,32,-17,-1433,27,-3913,0,0
-1,-37,-19,-1460,37,-3893,0,0
11,11,-28,-1582,21,-3841,0,0
-22,145,-19,-1466,10,-3877,0,0
-36,176,-9,-1394,-13,-3936,0,0
-9,99,20,-1322,3,-3951,0,0
-2,-49,44,-1385,40,-3935,0,0
1,-59,36,-1516,49,-3878,0,0
-2,86,16,-1477,26,-3888,0,0
-14,163,18,-1282,-4,-3965,0,0
-16,-65,22,-1317,69,-3960,0,0
19,-112,-12,-1501,89,-3858,0,0
15,1,-31,-1363,14,-3917,0,0
5,-61,-16,-1405,16,-3917,0,0
15,-23,-13,-1460,35,-3887,0,0
2,26,-26,-1392,15,-3915,0,0
2,-5,-22,-1416,12,-3918,0,0
6,6,-17,-1437,12,-3902,0,0
4,14,-17,-1403,20,-3917,0,0
3,23,-20,-1398,8,-3924,0,0
4,-4,-18,-1447,15,-3909,0,0
-1,43,-6,-1423,4,-3893,0,0
-24,84,21,-1360,-16,-3927,0,0
-3,54,19,-1361,-32,-3945,0,0
10,10,10,-1356,2,-3925,0,0
1,23,3,-1405,8,-3917,0,0
-1,90,-5,-1413,-10,-3922,0,0
0,145,0,-1358,-19,-3925,0,0
-20,181,18,-1323,-29,-3960,0,0
-32,120,59,-1249,17,-3975,0,0
-49,71,119,-1231,31,-3961,0,0
-93,-44,168,-980,63,-4090,0,0
15,-471,108,-1373,90,-3924,0,0
57,-306,40,-1673,71,-3731,0,0
-9,136,-10,-1407,-3,-3914,0,0
-33,147,-47,-1266,25,-3970,0,0
-3,60,-53,-1236,85,-3976,0,0
42,-56,-52,-1387,60,-3910,0,0
35,7,-61,-1386,11,-3919,0,0
21,114,-77,-1452,-32,-3888,0,0
-19,322,-62,-1321,-37,-3940,0,0
-23,223,-5,-1011,25,-4076,0,0
19,-132,58,-1312,24,-3934,0,0
-7,1,83,-1339,-24,-3925,0,0
-22,77,73,-1209,-17,-4007,0,0
-13,-55,65,-1243,-1,-3953,0,0
-27,-36,59,-1263,27,-3959,0,0
-31,-16,41,-1223,50,-3966,0,0
-30,-35,28,-1265,31,-3959,0,0
-20,-112,44,-1083,104,-4034,0,0
13,-325,46,-1357,104,-3889,0,0
15,-161,22,-1527,32,-3831,0,0
-16,50,-16,-1345,36,-3928,0,0
-9,46,-18,-1301,34,-3959,0,0
2,-10,-6,-1337,26,-3946,0,0
6,-14,0,-1350,47,-3931,0,0
0,-17,-13,-1340,34,-3931,0,0
-5,-37,-16,-1348,50,-3923,0,0
1,-58,-13,-1313,55,-3952,0,0
4,-114,0,-1421,65,-3866,0,0
-31,22,6,-1508,82,-3853,0,0
-29,177,-12,-1290,-43,-3995,0,0
-8,17,6,-1247,-32,-3990,0,0
11,-110,26,-1374,51,-3926,0,0
11,-74,14,-1446,65,-3882,0,0
-10,15,-5,-1393,31,-3914,0,0
-12,31,-7,-1351,28,-3936,0,0
-5,14,2,-1358,41,-3934,0,0
-6,14,8,-1370,30,-3929,0,0
-11,23,2,-1379,32,-3913,0,0
-11,25,-6,-1328,57,-3937,0,0
0,-41,-9,-1343,62,-3928,0,0
14,-60,-9,-1375,38,-3919,0,0
18,-42,-12,-1384,27,-3912,0,0
5,-11,-22,-1411,24,-3909,0,0
-4,24,-28,-1355,23,-3939,0,0
6,-6,-23,-1378,38,-3922,0,0
4,17,-32,-1414,17,-3906,0,0
-3,58,-35,-1318,14,-3947,0,0
5,-10,-25,-1368,23,-3932,0,0
0,14,-15,-1417,1,-3898,0,0
-23,53,3,-1333,14,-3941,0,0
-6,43,-2,-1357,-9,-3945,0,0
1,36,0,-1302,-10,-3945,0,0
-4,-4,3,-1382,1,-3934,0,0
-4,41,-5,-1350,8,-3930,0,0
-3,51,-4,-1292,-2,-3951,0,0
-4,19,-1,-1359,6,-3933,0,0
-3,57,3,-1338,1,-3935,0,0
-4,96,23,-1363,-31,-3933,0,0
-63,123,89,-1184,13,-3995,0,0
-72,-77,145,-1078,103,-4040,0,0
19,-320,105,-1378,84,-3938,0,0
38,-237,45,-1514,34,-3833,0,0
-6,37,-17,-1456,-17,-3885,0,0
-35,142,-46,-1318,28,-3949,0,0
-25,106,-27,-1256,75,-3980,0,0
10,-28,-13,-1238,79,-3967,0,0
25,-115,-22,-1393,16,-3909,0,0
17,-25,-44,-1441,8,-3888,0,0
10,106,-59,-1388,8,-3912,0,0
-11,195,-51,-1341,-15,-3927,0,0
-26,186,-10,-1171,0,-4021,0,0
-1,-14,49,-1254,44,-3968,0,0
3,-12,85,-1335,3,-3935,0,0
-11,34,87,-1231,-6,-3998,0,0
-5,-49,77,-1299,-12,-3958,0,0
-8,-56,58,-1341,16,-3917,0,0
-20,16,37,-1236,41,-3973,0,0
-10,-61,23,-1218,74,-3978,0,0
-9,-135,22,-1335,91,-3893,0,0
-18,-53,29,-1261,79,-3959,0,0
-6,-120,27,-1333,50,-3919,0,0
-6,-72,8,-1409,45,-3891,0,0
-12,20,-9,-1313,46,-3955,0,0
4,-30,-7,-1309,49,-3960,0,0
16,-45,-12,-1463,33,-3869,0,0
-16,56,-25,-1294,57,-3959,0,0
-4,-45,-20,-1291,65,-3953,0,0
7,-84,-3,-1423,32,-3908,0,0
-17,-52,22,-1388,42,-3909,0,0
-14,-2,16,-1454,69,-3892,0,0
-12,105,-6,-1337,-13,-3960,0,0
-15,12,6,-1296,3,-3966,0,0
6,-70,17,-1388,58,-3917,0,0
12,-32,8,-1416,48,-3903,0,0
-1,10,-2,-1380,32,-3926,0,0
-6,13,-1,-1366,37,-3928,0,0
-4,7,8,-1361,46,-3927,0,0
-4,-6,10,-1370,34,-3923,0,0
-5,-5,5,-1374,36,-3922,0,0
-7,12,2,-1369,40,-3926,0,0
-6,17,2,-1358,44,-3933,0,0
-6,28,0,-1380,37,-3929,0,0
-6,63,-6,-1376,12,-3929,0,0
-9,93,-7,-1327,23,-3942,0,0
-15,38,-13,-1291,65,-3932,0,0
1,9,-6,-1290,65,-3944,0,0
10,-60,-4,-1332,46,-3936,0,0
12,-54,-1,-1341,42,-3929,0,0
11,-36,-3,-1359,40,-3918,0,0
1,12,-16,-1398,19,-3918,0,0
-14,67,-25,-1360,18,-3927,0,0
-25,112,-13,-1331,48,-3930,0,0
-13,140,0,-1240,6,-3987,0,0
-5,15,27,-1212,-4,-3974,0,0
6,-71,45,-1332,37,-3946,0,0
7,-28,38,-1335,56,-3921,0,0
-4,28,23,-1301,31,-3942,0,0
-7,32,16,-1267,22,-3962,0,0
-3,2,15,-1280,20,-3954,0,0
-4,-2,16,-1302,33,-3942,0,0
-9,7,16,-1293,34,-3952,0,0
-7,5,15,-1276,33,-3956,0,0
-7,-10,16,-1286,39,-3951,0,0
-3,-4,15,-1296,30,-3941,0,0
-3,7,21,-1294,24,-3952,0,0
-5,2,24,-1273,41,-3951,0,0
-2,-7,14,-1271,48,-3951,0,0
-1,-19,6,-1270,49,-3951,0,0
-4,-34,-4,-1290,29,-3948,0,0
-6,-35,-15,-1288,23,-3947,0,0
-7,-47,-16,-1313,34,-3944,0,0
-6,-46,-14,-1317,50,-3936,0,0
-7,-37,-12,-1329,20,-3931,0,0
-9,-26,-7,-1335,18,-3942,0,0
-9,-19,-3,-1350,38,-3930,0,0
-12,5,0,-1335,44,-3931,0,0
-12,13,2,-1331,32,-3938,0,0
-7,22,2,-1312,28,-3942,0,0
-12,4,-4,-1290,29,-3948,0,0
-12,-15,-22,-1322,30,-3941,0,0
-12,-16,-29,-1304,16,-3949,0,0
-7,-45,-9,-1343,39,-3942,0,0
5,-34,23,-1361,89,-3918,0,0
12,-4,48,-1366,64,-3922,0,0
12,34,55,-1335,33,-3934,0,0
8,48,33,-1300,9,-3941,0,0
-4,23,0,-1286,-13,-3960,0,0
-12,-9,-15,-1299,6,-3952,0,0
-14,-31,-27,-1320,44,-3934,0,0
-18,-35,-27,-1358,69,-3926,0,0
-11,-4,-14,-1332,62,-3934,0,0
0,-5,4,-1311,25,-3945,0,0
2,-21,13,-1360,21,-3926,0,0
1,12,13,-1348,24,-3928,0,0
-6,36,12,-1323,31,-3934,0,0
-6,34,14,-1311,37,-3944,0,0
-4,26,17,-1289,25,-3952,0,0
-5,3,12,-1307,28,-3946,0,0
-6,-2,5,-1320,34,-3937,0,0
-6,6,5,-1305,36,-3945,0,0
-6,-1,4,-1312,31,-3948,0,0
-3,3,4,-1311,30,-3946,0,0
-5,4,4,-1303,43,-3942,0,0
-2,11,-9,-1286,45,-3947,0,0
7,14,-27,-1323,17,-3945,0,0
9,52,-11,-1334,3,-3934,0,0
-3,107,-8,-1302,3,-3945,0,0
-11,106,10,-1219,29,-3980,0,0
-5,44,43,-1254,42,-3966,0,0
-4,66,62,-1266,18,-3960,0,0
-13,67,59,-1186,33,-3997,0,0
-7,19,39,-1249,44,-3950,0,0
-12,59,21,-1210,41,-3966,0,0
-15,57,14,-1242,12,-3977,0,0
-21,31,30,-1309,-20,-3981,0,0
-33,25,60,-1003,-13,-4051,0,0
-11,-280,102,-873,123,-4096,0,0
41,-555,90,-1516,213,-3758,0,0
14,-66,22,-1618,74,-3775,0,0
-39,223,-45,-1234,-7,-3995,0,0
-26,125,-41,-1180,39,-4006,0,0
-2,-5,-9,-1237,73,-3965,0,0
13,-48,2,-1294,52,-3944,0,0
4,-37,-8,-1290,22,-3941,0,0
-7,-15,-21,-1328,29,-3935,0,0
-7,36,-26,-1296,47,-3950,0,0
-4,17,-19,-1227,65,-3975,0,0
5,-35,-24,-1324,43,-3937,0,0
10,17,-31,-1291,45,-3951,0,0
0,54,-25,-1344,45,-3931,0,0
-13,116,3,-1340,47,-3923,0,0
-28,138,15,-1247,31,-3942,0,0
-76,133,10,-1135,-11,-4047,0,0
-29,-101,44,-934,64,-4094,0,0
27,-429,56,-1321,51,-3909,0,0
-2,-311,-11,-1492,58,-3851,0,0
-19,-22,-63,-1484,80,-3882,0,0
-16,165,-76,-1331,80,-3937,0,0
8,175,-61,-1243,31,-3966,0,0
35,81,-38,-1291,12,-3946,0,0
3,149,-29,-1391,-31,-3913,0,0
-24,196,-6,-1097,39,-4066,0,0
-7,-28,44,-1323,33,-3973,0,0
-49,52,104,-1184,10,-3978,0,0
-39,-112,145,-849,39,-4136,0,0
4,-674,127,-1415,135,-3845,0,0
27,-334,58,-1681,202,-3699,0,0
-17,107,-3,-1477,29,-3893,0,0
-32,162,-43,-1275,14,-3967,0,0
-13,93,-39,-1305,77,-3950,0,0
9,48,-24,-1317,98,-3950,0,0
23,18,-23,-1353,51,-3937,0,0
15,55,-31,-1394,20,-3908,0,0
-2,161,-32,-1306,40,-3942,0,0
-5,138,-18,-1219,64,-3982,0,0
1,19,-5,-1264,64,-3959,0,0
11,-29,0,-1215,47,-3982,0,0
11,-116,-6,-1303,36,-3930,0,0
14,-44,-10,-1371,51,-3913,0,0
-1,14,-10,-1230,38,-3971,0,0
-8,-81,-9,-1316,42,-3938,0,0
-3,5,-16,-1481,31,-3881,0,0
-19,208,-18,-1282,-2,-3957,0,0
-27,158,13,-1080,-18,-4035,0,0
-6,-89,60,-1185,29,-4002,0,0
15,-162,63,-1375,65,-3908,0,0
-1,-41,36,-1323,55,-3923,0,0
-16,1,1,-1305,31,-3951,0,0
-14,36,-13,-1312,30,-3951,0,0
-12,57,-2,-1253,53,-3976,0,0
-9,3,4,-1237,41,-3975,0,0
-9,-29,7,-1335,36,-3940,0,0
-7,60,6,-1295,37,-3949,0,0
-10,-5,9,-1162,82,-3982,0,0
18,-78,-13,-1377,55,-3897,0,0
6,12,-16,-1200,46,-3980,0,0
6,-86,-11,-1312,51,-3934,0,0
24,-31,-14,-1356,36,-3920,0,0
5,23,-27,-1276,12,-3960,0,0
-2,12,-41,-1294,22,-3947,0,0
1,22,-41,-1289,25,-3957,0,0
-17,11,-19,-1281,27,-3951,0,0
-14,21,-4,-1289,18,-3951,0,0
2,1,2,-1250,-13,-3964,0,0
-3,-55,22,-1299,1,-3948,0,0
-3,-33,15,-1342,38,-3928,0,0
-2,22,4,-1301,18,-3950,0,0
-8,26,4,-1301,18,-3949,0,0
-3,34,7,-1291,16,-3951,0,0
-1,35,10,-1259,17,-3962,0,0
-2,22,3,-1284,20,-3947,0,0
2,40,-2,-1264,17,-3958,0,0
4,27,4,-1253,15,-3971,0,0
4,15,5,-1285,22,-3948,0,0
-4,49,7,-1279,3,-3952,0,0
-38,85,30,-1255,11,-3961,0,0
-63,153,84,-1163,12,-3992,0,0
-23,-60,112,-847,52,-4146,0,0
51,-555,61,-1531,85,-3819,0,0
24,-70,-7,-1546,45,-3820,0,0
-36,197,-37,-1197,4,-3995,0,0
-27,82,-26,-1216,38,-3988,0,0
-2,9,-8,-1255,63,-3962,0,0
5,-24,7,-1273,44,-3957,0,0
2,-25,0,-1288,18,-3952,0,0
0,3,-20,-1289,30,-3944,0,0
2,33,-30,-1275,32,-3944,0,0
2,59,-25,-1283,2,-3953,0,0
-2,66,1,-1242,2,-3978,0,0
-2,22,30,-1271,25,-3963,0,0
-17,68,48,-1280,17,-3954,0,0
-33,118,64,-1194,15,-3994,0,0
-25,28,80,-1166,1,-4001,0,0
-19,-67,84,-1231,6,-3984,0,0
-14,-156,66,-1053,111,-4033,0,0
-9,-358,46,-1348,154,-3840,0,0
-19,-89,26,-1396,110,-3880,0,0
-25,12,7,-1267,42,-3962,0,0
-14,-28,3,-1317,41,-3945,0,0
-12,-27,9,-1321,63,-3942,0,0
-13,-44,16,-1292,81,-3953,0,0
-4,-77,12,-1363,67,-3919,0,0
-6,-28,0,-1365,59,-3922,0,0
-7,-3,-6,-1324,65,-3941,0,0
1,-23,-9,-1343,64,-3929,0,0
9,-8,-19,-1320,77,-3933,0,0
47,-9,-38,-1196,128,-3983,0,0
86,2,-49,-1384,72,-3903,0,0
28,129,-66,-1743,-50,-3776,0,0
-80,474,-116,-1361,-38,-3930,0,0
-63,422,-77,-769,59,-4139,0,0
6,-142,60,-1027,23,-4044,0,0
30,-402,135,-1264,32,-3971,0,0
27,-375,102,-1526,45,-3852,0,0
-18,-53,43,-1440,32,-3890,0,0
-45,87,9,-1325,15,-3950,0,0
-48,59,11,-1266,62,-3966,0,0
-34,-56,33,-1264,100,-3956,0,0
-11,-100,49,-1323,61,-3936,0,0
-17,-125,48,-1349,43,-3928,0,0
-15,-123,32,-1401,70,-3897,0,0
-11,-30,6,-1405,84,-3903,0,0
-4,20,-20,-1371,84,-3923,0,0
9,34,-39,-1371,69,-3919,0,0
23,59,-42,-1365,70,-3924,0,0
22,77,-46,-1392,51,-3904,0,0
12,115,-49,-1349,43,-3928,0,0
6,126,-38,-1315,33,-3942,0,0
-6,86,-15,-1225,49,-3979,0,0
9,-36,10,-1278,34,-3955,0,0
11,-67,19,-1358,34,-3926,0,0
-3,-3,2,-1323,37,-3932,0,0
-2,8,-7,-1301,39,-3949,0,0
0,-13,0,-1307,37,-3944,0,0
-4,-14,1,-1334,30,-3929,0,0
-6,10,-1,-1299,36,-3945,0,0
-3,-13,1,-1317,38,-3942,0,0
-1,-8,0,-1319,41,-3942,0,0
3,-3,-6,-1286,41,-3952,0,0
10,-5,-10,-1282,51,-3962,0,0
-1,28,-29,-1524,-2,-3840,0,0
-51,268,-48,-1335,-7,-3927,0,0
-56,261,-17,-992,54,-4065,0,0
-13,-76,49,-1140,55,-4008,0,0
14,-218,75,-1294,42,-3950,0,0
6,-181,57,-1357,36,-3917,0,0
-14,-45,21,-1385,27,-3906,0,0
-30,57,10,-1270,55,-3959,0,0
-24,5,18,-1265,57,-3960,0,0
-27,-30,32,-1304,52,-3947,0,0
-32,-41,49,-1302,48,-3956,0,0
-25,-129,65,-1255,87,-3973,0,0
-8,-249,58,-1350,96,-3913,0,0
-6,-143,30,-1481,61,-3861,0,0
-14,-2,4,-1403,74,-3909,0,0
-9,34,-19,-1356,98,-3923,0,0
3,54,-24,-1377,89,-3917,0,0
9,60,-22,-1337,80,-3942,0,0
34,18,-16,-1297,83,-3947,0,0
59,-6,-21,-1426,43,-3895,0,0
36,93,-57,-1434,26,-3892,0,0
4,223,-77,-1359,41,-3928,0,0
-8,283,-64,-1292,54,-3957,0,0
-11,298,-55,-1190,13,-3977,0,0
-9,154,-29,-1048,11,-4040,0,0
4,-94,32,-1140,42,-3998,0,0
12,-150,46,-1277,34,-3939,0,0
2,-65,20,-1316,16,-3933,0,0
-16,34,-2,-1243,18,-3971,0,0
-16,37,-2,-1161,39,-3996,0,0
-2,-42,12,-1250,25,-3959,0,0
-8,-18,23,-1266,27,-3954,0,0
-12,10,16,-1203,35,-3975,0,0
-12,-25,15,-1223,30,-3970,0,0
-15,-43,19,-1262,29,-3962,0,0
-12,-27,26,-1215,47,-3969,0,0
-6,-47,29,-1279,27,-3945,0,0
-15,19,28,-1274,38,-3966,0,0
-8,44,31,-1202,52,-3973,0,0
-9,26,32,-1285,33,-3948,0,0
-17,56,38,-1125,47,-4012,0,0
-11,-134,38,-1240,90,-3952,0,0
9,-51,14,-1346,66,-3913,0,0
-11,43,-1,-1202,36,-3981,0,0
-10,-30,-15,-1232,52,-3971,0,0
3,-27,-17,-1267,58,-3953,0,0
6,-28,-8,-1227,67,-3955,0,0
8,-40,-7,-1322,27,-3924,0,0
-14,27,-10,-1254,44,-3962,0,0
-13,16,-3,-1241,59,-3965,0,0
-9,-1,4,-1256,50,-3955,0,0
-10,7,16,-1286,36,-3953,0,0
-1,39,23,-1237,49,-3960,0,0
-11,3,26,-1204,32,-3983,0,0
-5,-55,7,-1287,55,-3953,0,0
11,-28,-20,-1245,74,-3959,0,0
25,-23,-45,-1347,36,-3916,0,0
-1,107,-51,-1280,17,-3950,0,0
-8,99,-28,-1100,35,-4018,0,0
10,-69,-3,-1246,46,-3962,0,0
12,-45,-2,-1288,28,-3945,0,0
5,7,-12,-1256,15,-3963,0,0
5,11,-17,-1238,32,-3962,0,0
3,22,-14,-1274,26,-3947,0,0
2,65,-10,-1218,19,-3974,0,0
0,33,-3,-1181,9,-3989,0,0
3,-28,-2,-1260,25,-3960,0,0
4,46,-7,-1243,19,-3963,0,0
8,70,-5,-1205,-2,-3987,0,0
1,33,-2,-1188,-5,-3972,0,0
-45,-25,37,-1241,75,-3943,0,0
-36,38,60,-1151,29,-3996,0,0
2,-34,33,-1171,-27,-3991,0,0
0,-70,21,-1263,7,-3959,0,0
0,-8,-2,-1236,59,-3955,0,0
-10,26,-8,-1190,31,-3981,0,0
-8,-9,2,-1187,26,-3984,0,0
-1,-42,9,-1231,25,-3974,0,0
-9,-39,11,-1234,38,-3969,0,0
-10,-15,4,-1243,31,-3959,0,0
-11,-5,8,-1210,25,-3974,0,0
-10,-29,13,-1228,31,-3971,0,0
-11,-34,15,-1252,33,-3958,0,0
-15,-18,15,-1237,16,-3958,0,0
-29,-25,25,-1265,22,-3954,0,0
-43,-22,43,-1235,34,-3973,0,0
-50,-63,75,-1253,32,-3982,0,0
-38,-248,120,-1134,86,-4054,0,0
-3,-521,143,-1353,94,-3968,0,0
18,-565,126,-1545,49,-3874,0,0
7,-493,75,-1643,11,-3793,0,0
2,-209,23,-1675,43,-3777,0,0
36,39,-19,-1575,76,-3867,0,0
81,182,-33,-1586,198,-3708,0,0
50,491,8,-1379,158,-3928,0,0
32,182,34,-1376,35,-3968,0,0
28,1,30,-1482,6,-3881,0,0
13,73,19,-1413,46,-3909,0,0
11,50,16,-1396,48,-3915,0,0
0,-8,17,-1417,28,-3914,0,0
-42,-102,22,-1366,29,-3943,0,0
-122,-397,13,-1383,86,-3913,0,0
-136,-584,-17,-1543,171,-3795,0,0
-52,-394,-21,-1615,235,-3780,0,0
75,39,-49,-1687,147,-3741,0,0
103,346,-125,-1912,-49,-3722,0,0
24,660,-214,-1807,-129,-3769,0,0
-50,1048,-249,-1335,36,-3954,0,0
-17,1157,-189,-938,72,-4114,0,0
29,707,-110,-758,-54,-4137,0,0
39,213,-38,-942,-92,-4032,0,0
27,56,28,-872,27,-4065,0,0
31,-25,25,-1130,-7,-3989,0,0
0,63,10,-945,-43,-4037,0,0
-41,10,23,-895,24,-4036,0,0
-42,-71,59,-938,-22,-4048,0,0
-48,-139,101,-934,-39,-4037,0,0
-34,-183,86,-1007,18,-4030,0,0
-31,-158,68,-1094,25,-3992,0,0
-47,-89,78,-1021,27,-4026,0,0
-57,-192,78,-1090,27,-4017,0,0
-51,-243,90,-1076,66,-4024,0,0
-16,-254,129,-1055,48,-4039,0,0
8,-445,161,-1160,42,-4046,0,0
-3,-636,144,-1467,-30,-4041,0,0
31,-794,105,-1331,-39,-3939,0,0
77,-683,59,-1718,141,-3591,0,0
50,79,-43,-1898,239,-3520,0,0
26,809,-53,-1261,139,-3996,0,0
36,395,15,-1092,54,-4114,0,0
41,-120,42,-1488,12,-3869,0,0
11,1,21,-1459,15,-3886,0,0
0,80,11,-1317,53,-3951,0,0
7,19,12,-1376,36,-3916,0,0
2,11,7,-1382,18,-3922,0,0
-1,20,5,-1356,33,-3929,0,0
-2,12,6,-1342,32,-3929,0,0
-2,6,3,-1361,26,-3925,0,0
-3,5,4,-1376,23,-3929,0,0
-3,12,11,-1351,39,-3932,0,0
-2,11,6,-1346,30,-3930,0,0
0,1,2,-1368,26,-3926,0,0
-1,5,5,-1352,31,-3927,0,0
-2,4,7,-1353,28,-3927,0,0
-3,5,6,-1350,24,-3928,0,0
-5,2,5,-1354,22,-3933,0,0
-5,1,6,-1346,26,-3933,0,0
-4,-3,7,-1348,24,-3927,0,0
-7,-4,9,-1346,26,-3933,0,0
-8,-8,10,-1344,28,-3929,0,0
-9,-15,6,-1347,28,-3929,0,0
-8,-18,2,-1356,26,-3929,0,0
-14,-24,2,-1361,26,-3923,0,0
-26,-50,3,-1349,30,-3932,0,0
-30,-90,0,-1379,34,-3926,0,0
-25,-85,-2,-1414,39,-3904,0,0
-14,-35,-3,-1403,34,-3916,0,0
-12,-29,-4,-1413,41,-3904,0,0
-6,-4,-3,-1408,44,-3908,0,0
-5,7,-2,-1406,42,-3915,0,0
-2,10,0,-1406,33,-3914,0,0
5,11,8,-1415,35,-3911,0,0
7,24,11,-1380,41,-3921,0,0
4,17,4,-1397,31,-3914,0,0
-2,9,2,-1397,35,-3917,0,0
-3,0,5,-1397,29,-3914,0,0
-5,2,5,-1377,35,-3918,0,0
-13,-11,0,-1395,29,-3916,0,0
-30,-45,-4,-1405,23,-3923,0,0
-65,-159,-6,-1393,44,-3920,0,0
-45,-172,4,-1467,86,-3797,0,0
-43,81,1,-1496,122,-3811,0,0
-59,191,-59,-1328,136,-3964,0,0
-25,92,-106,-1202,97,-4008,0,0
21,-11,-119,-1459,41,-3895,0,0
28,200,-117,-1569,-2,-3841,0,0
-12,349,-127,-1370,-49,-3966,0,0
-38,369,-130,-1294,-8,-3970,0,0
8,415,-85,-1082,27,-4030,0,0
27,169,-19,-1062,-29,-4027,0,0
7,-35,48,-1211,-62,-3966,0,0
-77,25,112,-1317,-27,-3928,0,0
-116,43,175,-536,173,-4228,0,0
51,-729,161,-1246,169,-3964,0,0
92,-563,92,-1686,38,-3743,0,0
17,-16,-10,-1473,-38,-3879,0,0
-22,201,-98,-1379,6,-3921,0,0
-34,350,-112,-1345,42,-3913,0,0
-51,401,-63,-1012,68,-4073,0,0
11,18,27,-984,75,-4065,0,0
37,-234,58,-1334,16,-3923,0,0
3,-73,26,-1326,33,-3915,0,0
-10,75,-14,-1218,45,-3972,0,0
-5,41,-7,-1164,41,-3998,0,0
3,-43,8,-1204,38,-3981,0,0
-30,-121,29,-1212,65,-3963,0,0
-31,-116,9,-1302,62,-3937,0,0
26,-28,-39,-1245,52,-3955,0,0
41,-39,-68,-1356,29,-3936,0,0
23,165,-95,-1352,10,-3930,0,0
12,277,-84,-1181,-34,-4006,0,0
7,129,-35,-1159,-86,-3979,0,0
-47,15,70,-1253,5,-4072,0,0
-57,-132,204,-987,6,-4022,0,0
-78,-492,225,-812,116,-4106,0,0
53,-684,86,-1859,148,-3646,0,0
66,0,14,-1519,65,-3794,0,0
-4,185,-61,-1482,-80,-3908,0,0
-40,380,-98,-1372,-17,-3938,0,0
-16,352,-31,-1049,85,-4071,0,0
2,36,35,-1084,83,-4002,0,0
7,-86,32,-1243,48,-3963,0,0
14,-46,1,-1330,43,-3919,0,0
0,68,-16,-1233,35,-3970,0,0
-21,10,6,-1173,26,-3998,0,0
-53,-136,43,-1195,66,-3958,0,0
-8,-166,12,-1270,72,-3940,0,0
24,-100,-37,-1370,50,-3906,0,0
29,56,-83,-1396,6,-3936,0,0
21,178,-111,-1313,3,-3951,0,0
4,226,-98,-1217,-3,-3990,0,0
11,121,-57,-1143,-20,-3988,0,0
-7,-14,19,-1322,-75,-3942,0,0
-104,69,127,-1189,15,-3996,0,0
-114,-56,217,-599,101,-4215,0,0
50,-895,145,-1431,145,-3906,0,0
107,-563,49,-1831,78,-3637,0,0
25,70,-42,-1566,-56,-3842,0,0
-32,245,-104,-1478,-39,-3890,0,0
-48,376,-77,-1258,48,-3989,0,0
-27,145,4,-1111,105,-4042,0,0
21,-101,53,-1299,50,-3935,0,0
27,-101,30,-1396,13,-3909,0,0
-5,20,-11,-1461,13,-3883,0,0
-33,155,-10,-1239,50,-3980,0,0
-9,37,3,-1225,33,-3985,0,0
3,-69,9,-1344,22,-3928,0,0
-26,-58,8,-1288,49,-3941,0,0
-39,-75,0,-1343,57,-3938,0,0
15,-32,-26,-1330,52,-3935,0,0
27,-29,-45,-1389,28,-3920,0,0
21,56,-72,-1404,10,-3918,0,0
16,145,-73,-1294,7,-3952,0,0
23,111,-45,-1241,2,-3973,0,0
13,54,-7,-1391,-61,-3899,0,0
-63,92,61,-1338,-11,-3981,0,0
-76,78,148,-807,73,-4114,0,0
20,-493,135,-1380,83,-3934,0,0
51,-270,21,-1685,57,-3714,0,0
3,182,-53,-1395,-17,-3913,0,0
-27,229,-85,-1346,-4,-3944,0,0
-22,299,-64,-1241,14,-3976,0,0
-24,171,-9,-1127,21,-4025,0,0
-25,-32,53,-1207,49,-3983,0,0
10,-67,66,-1134,49,-4010,0,0
39,-199,25,-1397,17,-3903,0,0
0,20,-9,-1395,8,-3897,0,0
-26,141,-8,-1147,37,-4007,0,0
-30,-30,31,-1203,38,-3990,0,0
-39,-138,35,-1275,42,-3956,0,0
-4,-116,-4,-1312,57,-3928,0,0
17,-73,-24,-1291,48,-3957,0,0
33,-83,-46,-1351,17,-3946,0,0
26,-11,-71,-1419,-4,-3913,0,0
2,76,-66,-1297,-7,-3945,0,0
1,35,-6,-1230,-42,-3977,0,0
-20,-106,80,-1460,-37,-3878,0,0
-87,75,167,-1145,62,-4030,0,0
-15,-294,160,-1054,144,-4078,0,0
67,-527,56,-1848,30,-3686,0,0
14,61,-18,-1555,-20,-3841,0,0
-33,274,-62,-1434,-16,-3907,0,0
-43,232,-22,-1233,67,-4015,0,0
-2,-10,33,-1188,81,-3971,0,0
11,-138,38,-1384,53,-3919,0,0
14,-85,4,-1491,18,-3865,0,0
-5,58,-16,-1360,23,-3928,0,0
-9,28,-5,-1343,37,-3944,0,0
-12,-40,22,-1358,40,-3924,0,0
-47,-65,28,-1461,41,-3882,0,0
-49,31,18,-1330,42,-3952,0,0
-10,-55,19,-1385,54,-3915,0,0
-4,-39,21,-1446,48,-3894,0,0
-14,22,21,-1413,42,-3925,0,0
-7,29,23,-1359,48,-3929,0,0
8,-77,13,-1212,96,-3982,0,0
32,-363,-45,-1455,85,-3922,0,0
9,-358,-37,-1858,81,-3645,0,0
-46,248,-25,-1446,-17,-3926,0,0
-8,213,7,-1261,-42,-3973,0,0
16,12,65,-1411,18,-3941,0,0
18,-130,49,-1489,129,-3864,0,0
22,-25,-22,-1639,91,-3785,0,0
-4,195,-28,-1339,14,-3939,0,0
-8,70,-20,-1447,10,-3913,0,0
-4,83,3,-1388,41,-3918,0,0
-7,31,13,-1354,37,-3940,0,0
-10,-39,17,-1447,32,-3892,0,0
-43,12,35,-1451,44,-3892,0,0
-44,65,26,-1418,36,-3910,0,0
-46,50,47,-1316,64,-3964,0,0
-15,-41,75,-1389,62,-3936,0,0
-3,-74,80,-1429,9,-3955,0,0
-19,-295,63,-1234,57,-3987,0,0
12,-459,23,-1662,117,-3751,0,0
-20,-137,7,-1563,169,-3799,0,0
-60,-21,-27,-1480,165,-3854,0,0
49,79,-29,-1444,109,-3934,0,0
95,113,-36,-1770,-58,-3747,0,0
-11,442,-96,-1664,-44,-3794,0,0
-42,343,-105,-664,215,-4292,0,0
96,-575,-50,-1682,112,-3741,0,0
0,-62,-22,-2033,-27,-3602,0,0
-69,458,-40,-1129,-99,-4067,0,0
-23,132,23,-1194,-25,-4030,0,0
10,-181,81,-1404,90,-3943,0,0
37,-163,51,-1649,88,-3792,0,0
4,36,-12,-1456,62,-3869,0,0
-5,124,-36,-1442,-13,-3907,0,0
-1,119,-3,-1299,30,-3966,0,0
-2,-77,6,-1415,57,-3913,0,0
5,-40,3,-1489,39,-3871,0,0
-11,34,-6,-1398,11,-3921,0,0
-7,7,-3,-1406,30,-3921,0,0
0,-13,6,-1412,42,-3910,0,0
-6,-41,0,-1393,30,-3929,0,0
-27,-166,-6,-1435,56,-3893,0,0
-42,-73,-13,-1666,61,-3767,0,0
-29,223,-16,-1303,-23,-3974,0,0
-8,57,20,-1316,-27,-3966,0,0
-3,-95,41,-1473,56,-3897,0,0
9,-26,11,-1541,100,-3843,0,0
0,88,-27,-1390,46,-3915,0,0
3,64,-33,-1395,-6,-3934,0,0
13,-2,-2,-1364,34,-3934,0,0
7,-70,7,-1452,51,-3889,0,0
3,-3,-7,-1453,22,-3893,0,0
-2,8,-5,-1386,23,-3924,0,0
4,-30,0,-1451,33,-3891,0,0
-1,6,0,-1429,13,-3906,0,0
-4,-12,7,-1383,19,-3929,0,0
-1,-43,14,-1467,27,-3889,0,0
-25,-23,25,-1418,32,-3914,0,0
-43,-66,26,-1514,42,-3855,0,0
-41,48,13,-1423,29,-3915,0,0
-27,-33,39,-1281,32,-3990,0,0
-13,-292,54,-1544,45,-3870,0,0
-5,-204,50,-1528,83,-3862,0,0
2,-142,38,-1587,39,-3818,0,0
-16,-12,11,-1599,30,-3832,0,0
-23,78,-8,-1523,55,-3876,0,0
-13,44,5,-1458,72,-3907,0,0
1,-55,23,-1529,63,-3875,0,0
9,-53,14,-1560,63,-3847,0,0
4,-29,-3,-1560,41,-3852,0,0
-10,7,-11,-1549,57,-3867,0,0
-7,9,-4,-1535,65,-3865,0,0
-5,-9,6,-1536,59,-3868,0,0
-2,-27,11,-1543,49,-3866,0,0
1,-37,10,-1550,53,-3858,0,0
-3,-34,9,-1573,58,-3854,0,0
-4,-8,8,-1567,57,-3849,0,0
-4,3,6,-1557,50,-3866,0,0
-7,-3,6,-1571,60,-3855,0,0
-7,10,3,-1549,67,-3859,0,0
-6,2,3,-1543,54,-3862,0,0
-4,-10,2,-1551,53,-3864,0,0
3,-11,-7,-1553,68,-3858,0,0
17,-2,-25,-1541,64,-3863,0,0
30,21,-47,-1594,41,-3842,0,0
25,119,-62,-1620,34,-3821,0,0
13,315,-78,-1525,53,-3856,0,0
17,455,-80,-1478,-12,-3895,0,0
-4,481,-60,-1325,-54,-3958,0,0
-15,336,-13,-1191,-31,-3990,0,0
-48,111,49,-1230,24,-3970,0,0
-66,13,141,-946,87,-4086,0,0
2,-464,156,-1231,97,-3994,0,0
68,-406,57,-1743,21,-3739,0,0
-2,183,-33,-1552,-35,-3829,0,0
-66,448,-76,-1284,9,-3984,0,0
-45,297,-22,-1025,79,-4076,0,0
7,-86,47,-1046,83,-4019,0,0
22,-267,48,-1380,28,-3913,0,0
-2,-75,13,-1471,6,-3871,0,0
-30,100,-1,-1178,69,-3988,0,0
-4,-30,7,-1225,58,-3977,0,0
-9,-138,22,-1329,21,-3941,0,0
-44,-175,28,-1321,60,-3944,0,0
-13,-213,26,-1346,66,-3931,0,0
7,-270,38,-1376,42,-3930,0,0
9,-333,39,-1469,35,-3896,0,0
16,-296,25,-1590,51,-3826,0,0
0,-99,5,-1650,54,-3798,0,0
-20,86,-14,-1513,55,-3880,0,0
-14,49,-11,-1474,49,-3900,0,0
-3,-34,10,-1519,56,-3877,0,0
5,-53,11,-1541,61,-3859,0,0
-1,-30,-7,-1554,36,-3851,0,0
-5,2,-15,-1531,60,-3870,0,0
3,-3,-23,-1518,66,-3874,0,0
16,-4,-36,-1535,51,-3869,0,0
24,24,-52,-1582,22,-3851,0,0
13,82,-57,-1567,22,-3858,0,0
2,135,-50,-1561,-3,-3846,0,0
-21,185,-8,-1393,-17,-3936,0,0
-14,30,45,-1454,16,-3914,0,0
-18,3,102,-1424,40,-3908,0,0
-27,-119,109,-1356,78,-3955,0,0
7,-279,60,-1612,74,-3798,0,0
-3,-22,6,-1669,22,-3786,0,0
-32,151,-21,-1428,41,-3920,0,0
-14,37,-4,-1411,62,-3924,0,0
-12,-111,23,-1495,55,-3883,0,0
-35,-119,18,-1603,61,-3827,0,0
-11,0,-17,-1512,70,-3876,0,0
14,-15,-31,-1487,62,-3887,0,0
28,-40,-50,-1587,38,-3846,0,0
18,47,-72,-1612,23,-3834,0,0
11,157,-68,-1532,27,-3873,0,0
-2,193,-43,-1489,-19,-3886,0,0
-24,119,10,-1374,1,-3955,0,0
-11,-26,70,-1465,38,-3902,0,0
-7,-101,103,-1338,51,-3963,0,0
-2,-298,76,-1584,66,-3824,0,0
0,-82,31,-1671,43,-3783,0,0
-26,107,-6,-1497,43,-3889,0,0
-18,56,-6,-1434,48,-3915,0,0
2,-42,12,-1500,48,-3887,0,0
-9,-66,18,-1549,48,-3860,0,0
-32,-49,17,-1540,60,-3860,0,0
-11,-37,2,-1523,59,-3873,0,0
11,-31,-9,-1569,51,-3851,0,0
3,-7,-12,-1543,34,-3866,0,0
-7,7,-14,-1585,36,-3850,0,0
-5,48,-11,-1499,56,-3883,0,0
1,-19,2,-1516,41,-3880,0,0
2,-28,4,-1591,38,-3840,0,0
-5,20,-1,-1505,47,-3875,0,0
-1,-16,-3,-1540,39,-3867,0,0
11,-6,-2,-1570,25,-3851,0,0
8,44,-7,-1559,17,-3856,0,0
-7,51,-8,-1491,30,-3896,0,0
-8,-1,13,-1547,40,-3864,0,0
-13,13,40,-1515,44,-3870,0,0
-15,1,56,-1496,27,-3884,0,0
-12,-27,44,-1548,46,-3866,0,0
-11,-6,26,-1500,71,-3879,0,0
-7,-14,11,-1553,52,-3859,0,0
-8,24,4,-1496,40,-3885,0,0
-11,-25,11,-1488,52,-3892,0,0
-14,-71,11,-1548,68,-3860,0,0
0,-50,-7,-1536,69,-3859,0,0
21,-45,-28,-1562,58,-3843,0,0
16,18,-50,-1608,25,-3842,0,0
6,105,-64,-1568,25,-3858,0,0
-1,146,-47,-1498,24,-3882,0,0
1,97,-12,-1435,7,-3913,0,0
7,-23,26,-1520,9,-3884,0,0
0,-7,45,-1528,35,-3868,0,0
-14,36,64,-1422,21,-3919,0,0
-20,-133,62,-1489,46,-3886,0,0
-6,-81,36,-1609,54,-3819,0,0
-12,35,13,-1460,50,-3896,0,0
-6,-4,-3,-1517,30,-3873,0,0
-13,-24,9,-1488,56,-3889,0,0
-23,-77,18,-1556,60,-3852,0,0
-8,-27,-1,-1542,50,-3862,0,0
1,-13,-15,-1525,39,-3873,0,0
4,-20,-21,-1542,54,-3871,0,0
13,13,-30,-1572,32,-3850,0,0
6,46,-35,-1506,33,-3883,0,0
12,33,-34,-1547,14,-3867,0,0
10,51,-14,-1529,9,-3868,0,0
2,39,9,-1489,22,-3903,0,0
8,-9,19,-1535,28,-3869,0,0
2,23,30,-1557,4,-3853,0,0
-30,75,61,-1416,3,-3929,0,0
-28,-98,81,-1411,80,-3925,0,0
1,-166,54,-1655,60,-3790,0,0
-20,29,19,-1545,32,-3870,0,0
-15,36,1,-1481,39,-3887,0,0
-6,-1,3,-1522,51,-3874,0,0
-7,-30,10,-1513,61,-3874,0,0
-15,-32,14,-1573,32,-3850,0,0
-38,3,22,-1503,66,-3885,0,0
-11,-35,6,-1499,60,-3893,0,0
12,-55,-7,-1587,39,-3844,0,0
0,-8,-12,-1551,44,-3860,0,0
-5,14,-18,-1559,53,-3853,0,0
1,39,-22,-1505,47,-3876,0,0
10,-10,-16,-1531,40,-3880,0,0
15,-6,-22,-1571,36,-3850,0,0
11,33,-34,-1528,29,-3871,0,0
14,41,-35,-1581,5,-3852,0,0
-7,139,-18,-1524,-5,-3870,0,0
-16,85,17,-1401,32,-3941,0,0
-16,-40,46,-1558,28,-3852,0,0
-32,28,66,-1464,34,-3901,0,0
-25,-7,79,-1447,27,-3924,0,0
-27,-166,75,-1480,79,-3889,0,0
-4,-146,50,-1573,84,-3829,0,0
-10,-49,13,-1588,54,-3829,0,0
-16,35,-10,-1523,54,-3873,0,0
-7,9,-12,-1495,74,-3891,0,0
-11,-61,12,-1548,73,-3859,0,0
-29,-67,15,-1577,62,-3856,0,0
-10,-46,1,-1551,78,-3856,0,0
20,-45,-22,-1512,87,-3875,0,0
40,-80,-50,-1601,42,-3837,0,0
41,26,-87,-1719,18,-3787,0,0
9,225,-107,-1636,15,-3822,0,0
-22,318,-74,-1455,-1,-3913,0,0
-15,167,-5,-1332,7,-3977,0,0
-13,-77,80,-1542,21,-3868,0,0
-30,30,125,-1495,25,-3903,0,0
6,-32,129,-1287,41,-3992,0,0
18,-270,79,-1624,66,-3785,0,0
-1,-16,21,-1656,76,-3772,0,0
-36,156,-20,-1426,60,-3905,0,0
-35,51,-15,-1406,51,-3930,0,0
-23,-97,17,-1419,73,-3914,0,0
-1,-201,5,-1548,73,-3845,0,0
15,-109,-23,-1646,54,-3796,0,0
-4,44,-48,-1590,31,-3847,0,0
-15,93,-53,-1491,47,-3902,0,0
4,41,-36,-1473,55,-3904,0,0
16,-48,-15,-1531,44,-3867,0,0
13,-9,-11,-1622,-7,-3832,0,0
-10,79,18,-1494,2,-3890,0,0
-16,45,54,-1524,56,-3901,0,0
-11,69,80,-1495,58,-3890,0,0
1,34,84,-1431,36,-3926,0,0
5,-100,58,-1484,60,-3860,0,0
-5,-62,15,-1619,80,-3785,0,0
-20,114,-7,-1464,73,-3900,0,0
-14,34,1,-1388,55,-3943,0,0
-11,-140,24,-1457,68,-3898,0,0
-5,-195,9,-1539,83,-3848,0,0
27,-122,-20,-1634,61,-3805,0,0
24,14,-51,-1593,32,-3844,0,0
13,80,-79,-1569,26,-3862,0,0
9,149,-87,-1615,19,-3829,0,0
-20,257,-63,-1548,-19,-3858,0,0
-45,214,8,-1306,9,-4000,0,0
-21,-61,95,-1371,54,-3946,0,0
19,-144,124,-1525,39,-3889,0,0
21,-92,83,-1524,26,-3861,0,0
3,-39,32,-1523,50,-3825,0,0
-14,41,-8,-1532,88,-3838,0,0
-16,114,-9,-1417,65,-3924,0,0
2,19,12,-1391,38,-3940,0,0
3,-72,21,-1491,30,-3892,0,0
-33,-110,23,-1455,61,-3896,0,0
-41,-167,9,-1544,68,-3851,0,0
-3,-68,15,-1536,68,-3868,0,0
0,-74,7,-1549,35,-3865,0,0
-8,-55,-9,-1560,54,-3844,0,0
2,-33,-19,-1530,86,-3871,0,0
19,-46,-32,-1577,53,-3840,0,0
25,-2,-58,-1605,17,-3843,0,0
13,77,-76,-1656,0,-3814,0,0
-20,252,-62,-1578,-7,-3847,0,0
-31,240,-6,-1342,19,-3986,0,0
-21,-17,78,-1455,53,-3913,0,0
-2,-47,123,-1454,40,-3930,0,0
-1,-213,101,-1403,49,-3932,0,0
10,-291,42,-1722,65,-3720,0,0
-9,73,-6,-1653,71,-3795,0,0
-26,167,-25,-1420,51,-3938,0,0
-12,-3,8,-1433,50,-3923,0,0
-31,-191,39,-1516,65,-3860,0,0
-21,-217,21,-1607,99,-3809,0,0
28,-103,-14,-1599,87,-3838,0,0
46,-75,-56,-1627,11,-3826,0,0
28,36,-105,-1768,0,-3761,0,0
2,312,-124,-1654,29,-3815,0,0
-17,435,-88,-1500,-17,-3879,0,0
-33,344,-12,-1307,-28,-4015,0,0
-3,-18,77,-1365,32,-3948,0,0
0,-181,125,-1309,68,-3968,0,0
17,-390,91,-1612,44,-3814,0,0
10,-144,37,-1685,25,-3766,0,0
-18,72,-6,-1529,38,-3869,0,0
-14,79,-19,-1495,45,-3887,0,0
5,16,2,-1453,40,-3918,0,0
-4,-105,27,-1557,18,-3856,0,0
-63,-100,35,-1608,45,-3818,0,0
-33,-9,1,-1495,69,-3892,0,0
7,-89,-9,-1546,56,-3860,0,0
9,-82,-27,-1636,27,-3820,0,0
3,4,-39,-1597,47,-3842,0,0
8,36,-44,-1584,33,-3852,0,0
7,61,-36,-1631,-11,-3824,0,0
-20,141,-2,-1580,-9,-3870,0,0
-20,96,36,-1442,65,-3930,0,0
5,-13,67,-1480,45,-3895,0,0
-12,-152,62,-1556,49,-3855,0,0
-11,-79,30,-1663,48,-3792,0,0
-17,54,10,-1498,53,-3889,0,0
-3,-17,-5,-1536,48,-3867,0,0
-5,-6,0,-1560,47,-3870,0,0
-38,-77,22,-1518,60,-3869,0,0
-35,-77,4,-1642,39,-3815,0,0
-2,-15,-14,-1523,59,-3878,0,0
16,-103,-27,-1557,74,-3862,0,0
33,-79,-57,-1741,51,-3767,0,0
19,130,-83,-1664,-7,-3807,0,0
-26,272,-65,-1629,-69,-3835,0,0
-50,271,5,-1337,30,-4013,0,0
6,-29,78,-1450,83,-3910,0,0
17,-148,114,-1497,54,-3907,0,0
18,-257,85,-1563,49,-3845,0,0
25,-156,37,-1700,52,-3742,0,0
-14,59,-14,-1636,48,-3809,0,0
-62,55,1,-1464,41,-3908,0,0
-92,-141,40,-1625,44,-3816,0,0
-37,-68,42,-1591,101,-3870,0,0
13,-151,50,-1500,55,-3913,0,0
3,-458,38,-1692,29,-3833,0,0
5,-469,19,-1838,101,-3696,0,0
7,-234,12,-1865,118,-3683,0,0
2,-49,-11,-1867,62,-3710,0,0
12,57,-29,-1741,85,-3778,0,0
59,48,-49,-1830,62,-3727,0,0
42,174,-91,-1936,15,-3663,0,0
-3,413,-113,-1817,10,-3738,0,0
-19,553,-91,-1630,1,-3840,0,0
-31,474,-39,-1500,-20,-3915,0,0
-24,200,30,-1362,32,-3989,0,0
8,-106,92,-1465,41,-3900,0,0
-3,-236,95,-1558,41,-3873,0,0
0,-251,64,-1621,52,-3814,0,0
-1,-138,30,-1734,38,-3749,0,0
-19,56,-1,-1625,47,-3826,0,0
-13,62,-7,-1543,55,-3885,0,0
6,-42,3,-1605,38,-3846,0,0
8,-43,14,-1660,31,-3815,0,0
-14,-6,17,-1627,44,-3824,0,0
-50,6,16,-1646,38,-3821,0,0
-34,18,5,-1570,56,-3860,0,0
-6,-37,0,-1616,49,-3842,0,0
-4,-58,5,-1647,47,-3826,0,0
-5,-26,6,-1675,58,-3808,0,0
-9,13,11,-1648,60,-3821,0,0
-5,23,18,-1635,64,-3820,0,0
-2,39,19,-1639,42,-3827,0,0
-7,41,22,-1606,52,-3847,0,0
-5,27,23,-1611,66,-3838,0,0
-4,28,26,-1598,59,-3839,0,0
0,8,27,-1603,54,-3836,0,0
0,20,21,-1589,62,-3843,0,0
-2,5,16,-1584,56,-3852,0,0
-3,-17,13,-1605,59,-3837,0,0
-2,-10,9,-1603,65,-3839,0,0
-5,-10,8,-1600,69,-3850,0,0
-2,-20,7,-1607,58,-3840,0,0
-3,-18,10,-1611,56,-3834,0,0
-7,-12,9,-1607,65,-3835,0,0
-10,-8,11,-1635,52,-3828,0,0
-11,10,24,-1602,77,-3835,0,0
-5,-4,30,-1591,59,-3840,0,0
-3,-32,28,-1612,46,-3838,0,0
0,-50,39,-1655,60,-3822,0,0
7,-39,66,-1648,93,-3814,0,0
10,-13,63,-1607,100,-3823,0,0
7,3,30,-1571,107,-3842,0,0
1,-8,-32,-1576,45,-3854,0,0
-6,-56,-62,-1623,7,-3833,0,0
-9,-71,-57,-1654,44,-3823,0,0
-12,-63,-44,-1679,83,-3809,0,0
-11,-51,-31,-1693,79,-3805,0,0
-5,-21,-11,-1683,57,-3807,0,0
-4,-6,-4,-1664,46,-3812,0,0
-2,-4,-7,-1673,44,-3807,0,0
0,-5,-2,-1662,47,-3811,0,0
5,-7,-5,-1662,30,-3822,0,0
7,-14,-10,-1684,44,-3805,0,0
7,4,-19,-1681,58,-3814,0,0
8,21,-29,-1670,32,-3818,0,0
-1,24,-22,-1660,27,-3817,0,0
-10,2,-12,-1627,28,-3850,0,0
3,-66,10,-1676,39,-3817,0,0
15,-62,33,-1713,48,-3786,0,0
13,-36,26,-1674,43,-3807,0,0
15,-9,-2,-1736,33,-3786,0,0
7,78,-20,-1697,16,-3806,0,0
0,118,-21,-1678,6,-3811,0,0
-5,140,-14,-1628,9,-3834,0,0
-5,102,-1,-1622,11,-3833,0,0
-26,94,19,-1651,-1,-3832,0,0
-42,82,39,-1547,30,-3897,0,0
-26,-60,75,-1424,68,-3928,0,0
2,-304,66,-1675,67,-3792,0,0
14,-153,29,-1791,21,-3728,0,0
-13,31,-7,-1676,30,-3808,0,0
-12,64,-26,-1629,48,-3834,0,0
2,16,-1,-1600,49,-3850,0,0
5,-55,17,-1685,30,-3804,0,0
-40,-25,35,-1713,38,-3778,0,0
-56,36,18,-1637,50,-3832,0,0
-15,-2,6,-1609,73,-3838,0,0
1,-61,19,-1677,47,-3813,0,0
0,-42,14,-1708,45,-3789,0,0
-9,9,2,-1663,58,-3815,0,0
-6,2,0,-1645,66,-3825,0,0
0,-35,1,-1675,63,-3810,0,0
-2,-26,-5,-1698,54,-3792,0,0
-5,10,-13,-1683,50,-3808,0,0
-4,0,-12,-1641,60,-3827,0,0
6,-33,-15,-1675,59,-3807,0,0
17,-13,-25,-1695,54,-3795,0,0
17,29,-43,-1707,31,-3795,0,0
14,78,-52,-1669,26,-3819,0,0
16,110,-42,-1684,7,-3806,0,0
0,194,-18,-1637,-12,-3823,0,0
-20,169,13,-1628,-5,-3850,0,0
-20,99,40,-1505,44,-3906,0,0
1,-65,76,-1442,60,-3918,0,0
13,-252,67,-1673,51,-3787,0,0
8,-111,27,-1727,22,-3759,0,0
-13,45,-7,-1661,9,-3819,0,0
-12,75,-4,-1558,55,-3868,0,0
4,-27,9,-1576,44,-3854,0,0
-23,-92,24,-1684,31,-3793,0,0
-46,-5,9,-1685,32,-3807,0,0
-18,30,-5,-1573,59,-3860,0,0
-4,-45,5,-1617,36,-3844,0,0
-1,-62,10,-1696,34,-3797,0,0
-11,-2,7,-1658,55,-3816,0,0
-12,1,6,-1622,44,-3833,0,0
-5,-23,8,-1656,39,-3816,0,0
-4,-13,6,-1656,37,-3821,0,0
-7,-11,6,-1658,45,-3817,0,0
-6,-5,6,-1647,56,-3821,0,0
-1,-13,6,-1650,43,-3822,0,0
-2,-16,3,-1665,39,-3815,0,0
-5,-10,0,-1662,48,-3815,0,0
-3,-11,-2,-1654,52,-3823,0,0
1,-15,-7,-1666,54,-3812,0,0
6,-9,-11,-1663,37,-3814,0,0
4,-9,-13,-1692,35,-3804,0,0
4,20,-27,-1639,54,-3830,0,0
17,12,-46,-1657,41,-3812,0,0
21,45,-57,-1658,19,-3829,0,0
20,85,-55,-1738,-19,-3784,0,0
-2,201,-38,-1666,-27,-3807,0,0
-20,234,-1,-1532,-8,-3903,0,0
-18,91,43,-1531,8,-3885,0,0
-24,5,80,-1486,5,-3901,0,0
-17,-114,81,-1540,42,-3875,0,0
2,-138,53,-1628,60,-3815,0,0
-5,-60,18,-1621,42,-3818,0,0
-12,20,-13,-1635,18,-3824,0,0
-12,44,-11,-1527,33,-3883,0,0
4,-47,2,-1584,34,-3850,0,0
1,-44,2,-1645,23,-3814,0,0
-32,-8,9,-1616,31,-3837,0,0
-46,-4,11,-1594,42,-3850,0,0
-33,-24,12,-1584,50,-3853,0,0
-5,-50,23,-1612,39,-3845,0,0
-2,-59,20,-1622,38,-3834,0,0
-6,-40,-2,-1658,39,-3815,0,0
-11,-8,-9,-1607,54,-3837,0,0
-3,-32,-10,-1635,53,-3822,0,0
4,-30,-21,-1616,50,-3835,0,0
14,-43,-34,-1660,45,-3820,0,0
19,-1,-43,-1711,23,-3791,0,0
7,75,-39,-1643,14,-3830,0,0
3,107,-22,-1644,-16,-3826,0,0
-13,103,23,-1577,3,-3872,0,0
-10,30,53,-1607,32,-3855,0,0
-8,-6,73,-1515,56,-3883,0,0
0,-150,66,-1579,58,-3851,0,0
15,-157,34,-1724,29,-3761,0,0
-5,14,-2,-1686,15,-3792,0,0
-31,73,-11,-1595,29,-3854,0,0
-49,-2,16,-1595,53,-3840,0,0
-35,-35,22,-1636,49,-3828,0,0
-3,-48,19,-1625,37,-3832,0,0
1,-61,14,-1659,46,-3815,0,0
-6,-29,3,-1668,44,-3810,0,0
-10,-15,-3,-1645,50,-3829,0,0
-9,-22,-4,-1673,57,-3812,0,0
-8,-9,-1,-1657,54,-3820,0,0
-6,-16,1,-1666,44,-3817,0,0
-5,-6,0,-1668,51,-3810,0,0
-7,10,-1,-1670,49,-3810,0,0
-6,16,1,-1656,50,-3820,0,0
-3,19,4,-1650,48,-3822,0,0
2,6,6,-1634,48,-3825,0,0
10,-13,2,-1649,51,-3819,0,0
14,1,-11,-1673,37,-3808,0,0
12,31,-31,-1631,34,-3826,0,0
16,33,-44,-1656,33,-3819,0,0
22,69,-42,-1681,15,-3805,0,0
1,167,-31,-1682,-19,-3791,0,0
-36,259,2,-1577,-15,-3890,0,0
-25,133,48,-1443,33,-3949,0,0
6,-109,90,-1408,64,-3923,0,0
9,-327,73,-1689,45,-3768,0,0
-3,-92,34,-1755,23,-3749,0,0
-27,63,8,-1569,31,-3863,0,0
-14,15,2,-1550,59,-3865,0,0
3,-24,7,-1620,41,-3836,0,0
1,-26,7,-1625,37,-3828,0,0
-1,-13,-3,-1618,31,-3831,0,0
-2,-12,-2,-1613,30,-3846,0,0
-3,-35,4,-1635,36,-3828,0,0
-16,-27,11,-1645,40,-3815,0,0
-36,-14,20,-1642,50,-3814,0,0
-34,4,15,-1635,53,-3826,0,0
-9,22,10,-1609,48,-3843,0,0
-3,-9,14,-1622,34,-3840,0,0
-4,-15,9,-1653,50,-3819,0,0
-5,29,-1,-1630,54,-3821,0,0
-5,30,-12,-1604,51,-3839,0,0
-3,12,-4,-1610,41,-3842,0,0
-1,-2,-1,-1629,37,-3830,0,0
