24,-15,28,226,2983,-2551,0,0
4,-14,21,234,2963,-2564,0,0
-24,-3,5,234,2990,-2539,0,0
-4,1,6,220,3006,-2539,0,0
17,0,9,231,2993,-2547,0,0
21,-3,14,232,2989,-2548,0,0
21,-10,23,235,2982,-2552,0,0
21,-16,33,232,2981,-2556,0,0
17,-12,25,239,2964,-2567,0,0
-6,1,-3,247,2955,-2572,0,0
-27,4,-10,235,2991,-2549,0,0
-9,-2,8,229,2985,-2550,0,0
-5,-1,7,236,2972,-2560,0,0
-4,4,-4,236,2989,-2549,0,0
12,-3,11,233,2975,-2559,0,0
3,-15,21,237,2967,-2561,0,0
-20,0,-3,249,2951,-2573,0,0
-52,18,-36,234,2989,-2551,0,0
-34,6,-13,224,3010,-2537,0,0
-1,-1,9,225,2979,-2553,0,0
-2,2,2,230,2998,-2548,0,0
15,-5,14,245,2980,-2556,0,0
0,-2,10,239,2962,-2569,0,0
-28,2,-1,226,2994,-2542,0,0
-10,-3,2,228,2993,-2542,0,0
1,-4,3,235,2977,-2556,0,0
-13,-6,-1,223,2983,-2548,0,0
-12,-3,0,223,3003,-2536,0,0
14,-10,22,229,2991,-2550,0,0
22,-14,25,246,2969,-2559,0,0
-2,5,-10,242,2960,-2564,0,0
-27,10,-12,219,2994,-2545,0,0
-5,-2,6,227,2995,-2544,0,0
11,-1,7,230,2981,-2554,0,0
11,-6,11,237,2980,-2560,0,0
9,-18,28,240,2983,-2552,0,0
15,-15,26,232,2959,-2568,0,0
-11,5,-9,246,2954,-2573,0,0
-46,16,-24,237,2979,-2553,0,0
-44,8,-14,226,2990,-2545,0,0
-32,10,-15,226,2989,-2542,0,0
-30,12,-20,222,2995,-2538,0,0
-11,-3,0,229,3006,-2537,0,0
11,-14,24,227,2982,-2548,0,0
-12,-6,7,233,2976,-2547,0,0
-32,11,-14,234,3003,-2530,0,0
-15,1,6,223,2999,-2531,0,0
-4,-1,8,227,2988,-2539,0,0
-17,7,-11,223,2998,-2544,0,0
-17,-1,1,229,3010,-2526,0,0
9,-12,20,224,3004,-2528,0,0
21,-12,23,231,2983,-2549,0,0
-2,-1,5,243,2980,-2547,0,0
-18,6,-4,227,3004,-2534,0,0
-6,1,4,221,2994,-2541,0,0
-6,1,1,225,3003,-2530,0,0
16,-5,12,230,3003,-2537,0,0
28,-15,24,230,2982,-2553,0,0
14,-18,29,230,2975,-2556,0,0
-3,-9,16,239,2978,-2550,0,0
-12,6,-7,242,2993,-2540,0,0
-4,-3,8,221,2988,-2549,0,0
-8,-7,9,232,2990,-2546,0,0
2,0,3,231,2989,-2546,0,0
9,-8,14,226,2983,-2555,0,0
16,-18,28,239,2977,-2549,0,0
14,-14,24,239,2964,-2563,0,0
-13,-2,1,240,2976,-2560,0,0
-21,0,4,230,2991,-2549,0,0
-8,-1,3,235,2978,-2554,0,0
-10,5,-5,229,2985,-2556,0,0
-4,-5,6,222,2996,-2540,0,0
20,-27,32,231,2990,-2537,0,0
43,-19,44,232,2969,-2567,0,0
28,-15,36,260,2943,-2580,0,0
-9,-3,14,247,2961,-2572,0,0
-15,5,1,244,2983,-2550,0,0
-1,4,0,236,2971,-2565,0,0
-1,6,-14,235,2974,-2568,0,0
-1,-7,12,239,2984,-2562,0,0
19,-17,33,240,2976,-2566,0,0
14,-18,40,255,2965,-2578,0,0
-30,-10,19,267,2932,-2596,0,0
-42,11,-21,253,2967,-2566,0,0
-37,11,-19,241,2991,-2550,0,0
-24,6,-16,232,2971,-2564,0,0
-24,6,-16,237,2996,-2539,0,0
5,-6,12,235,2981,-2549,0,0
19,-15,27,236,2989,-2552,0,0
30,-18,35,247,2969,-2565,0,0
7,-1,7,261,2940,-2587,0,0
-36,7,-17,247,2986,-2561,0,0
-30,1,-4,235,2975,-2567,0,0
-36,9,-19,234,2976,-2554,0,0
-27,14,-26,246,3004,-2533,0,0
8,-3,10,235,2987,-2554,0,0
6,-26,29,235,2977,-2551,0,0
-8,-6,7,248,2962,-2565,0,0
-33,13,-22,261,2972,-2563,0,0
-52,10,-24,239,2992,-2545,0,0
-60,7,-22,216,2997,-2536,0,0
-59,14,-32,222,3019,-2516,0,0
-14,15,-26,241,3027,-2513,0,0
23,-5,19,221,3007,-2533,0,0
24,-27,48,220,2992,-2541,0,0
10,-15,22,251,2973,-2546,0,0
-20,11,-20,250,2979,-2547,0,0
-41,8,-11,225,3006,-2531,0,0
-31,-3,2,218,3020,-2510,0,0
5,3,-6,227,3011,-2522,0,0
23,-7,12,233,3010,-2528,0,0
28,-18,36,228,2993,-2538,0,0
26,-18,37,227,2999,-2531,0,0
33,-18,32,247,2972,-2561,0,0
-6,-5,4,259,2961,-2564,0,0
-46,9,-17,233,3006,-2529,0,0
-17,7,0,214,3007,-2526,0,0
14,3,2,229,3001,-2539,0,0
29,-5,16,244,2985,-2546,0,0
14,-18,31,243,2984,-2546,0,0
10,-16,27,238,2987,-2546,0,0
11,-14,25,241,2969,-2555,0,0
0,-8,18,245,2973,-2555,0,0
-8,1,5,245,2982,-2552,0,0
-9,3,2,235,2994,-2545,0,0
3,1,4,241,2985,-2547,0,0
13,-1,7,241,2983,-2556,0,0
18,-11,19,237,2981,-2556,0,0
15,-19,31,236,2979,-2554,0,0
20,-20,33,252,2963,-2566,0,0
9,-10,19,263,2945,-2577,0,0
-22,-2,3,243,2973,-2560,0,0
-18,-1,3,235,2980,-2547,0,0
3,1,1,249,2969,-2564,0,0
5,1,3,253,2971,-2564,0,0
6,-11,17,240,2975,-2563,0,0
13,-16,26,242,2970,-2564,0,0
24,-16,30,253,2967,-2567,0,0
22,-16,31,260,2938,-2587,0,0
-15,-4,8,251,2938,-2589,0,0
-39,10,-16,255,2981,-2558,0,0
-18,3,-7,250,2969,-2568,0,0
-17,4,-10,246,2961,-2572,0,0
-27,8,-15,244,2965,-2568,0,0
-34,8,-16,238,2985,-2558,0,0
-17,2,-6,241,2990,-2551,0,0
3,-5,9,244,2970,-2567,0,0
-16,-5,3,250,2958,-2572,0,0
-45,5,-17,245,2969,-2558,0,0
-46,10,-22,231,2994,-2535,0,0
-20,14,-25,232,2999,-2536,0,0
-1,11,-14,243,2986,-2552,0,0
-3,0,3,225,2987,-2551,0,0
-10,-7,10,228,2996,-2536,0,0
7,-6,9,241,2994,-2544,0,0
12,-10,13,242,2972,-2563,0,0
-19,-11,12,233,2973,-2548,0,0
-27,0,-1,228,3002,-2525,0,0
18,3,6,231,3014,-2534,0,0
59,-10,33,237,2976,-2566,0,0
52,-18,45,237,2965,-2567,0,0
38,-17,37,250,2963,-2568,0,0
28,-11,20,254,2957,-2585,0,0
5,-8,10,246,2954,-2586,0,0
-13,-9,10,252,2958,-2580,0,0
-13,-5,7,243,2976,-2566,0,0
16,5,2,256,2968,-2570,0,0
28,14,0,251,2949,-2583,0,0
25,1,20,224,2985,-2571,0,0
77,-15,50,252,2977,-2569,0,0
123,-24,67,267,2929,-2609,0,0
86,-41,78,265,2899,-2631,0,0
70,-48,74,276,2910,-2635,0,0
81,-45,72,280,2892,-2650,0,0
53,-53,73,273,2892,-2657,0,0
43,-53,70,270,2892,-2657,0,0
61,-45,68,270,2885,-2668,0,0
57,-47,71,281,2889,-2663,0,0
78,-59,88,309,2863,-2682,0,0
87,-74,112,291,2839,-2714,0,0
74,-84,115,293,2848,-2710,0,0
74,-86,104,321,2831,-2715,0,0
98,-90,114,317,2812,-2744,0,0
100,-98,114,325,2795,-2750,0,0
105,-115,125,313,2793,-2752,0,0
109,-137,144,302,2778,-2784,0,0
144,-141,158,268,2739,-2828,0,0
146,-132,157,289,2723,-2837,0,0
105,-129,170,338,2709,-2843,0,0
81,-135,172,349,2685,-2870,0,0
37,-151,176,342,2681,-2869,0,0
33,-159,179,325,2678,-2866,0,0
36,-154,181,331,2677,-2875,0,0
67,-153,186,348,2660,-2889,0,0
72,-151,186,341,2650,-2901,0,0
67,-136,169,349,2617,-2927,0,0
35,-127,144,341,2606,-2930,0,0
19,-113,117,353,2597,-2940,0,0
-30,-87,84,344,2606,-2927,0,0
-30,-59,56,306,2630,-2931,0,0
1,-48,44,327,2625,-2922,0,0
19,-26,30,355,2620,-2915,0,0
14,-13,22,341,2609,-2941,0,0
-15,-9,11,336,2599,-2944,0,0
-51,-1,-9,338,2607,-2933,0,0
-76,15,-33,336,2624,-2919,0,0
-83,30,-49,338,2634,-2903,0,0
-85,32,-57,325,2659,-2892,0,0
-79,35,-55,327,2671,-2886,0,0
-79,43,-61,334,2653,-2888,0,0
-88,37,-65,324,2692,-2863,0,0
-92,23,-49,341,2714,-2844,0,0
-90,13,-27,307,2707,-2842,0,0
-73,-1,-7,292,2727,-2831,0,0
-31,-7,14,317,2740,-2811,0,0
-7,-11,31,334,2724,-2817,0,0
10,-11,23,323,2706,-2841,0,0
1,0,-5,316,2691,-2855,0,0
-45,16,-28,314,2699,-2852,0,0
-61,12,-25,318,2733,-2826,0,0
-64,15,-22,326,2743,-2803,0,0
-65,30,-37,320,2743,-2793,0,0
-51,43,-49,318,2747,-2804,0,0
-51,53,-65,305,2753,-2799,0,0
-55,53,-70,305,2758,-2798,0,0
-78,38,-58,299,2789,-2769,0,0
-72,2,-5,297,2829,-2737,0,0
-3,-27,48,297,2805,-2746,0,0
52,-11,22,300,2775,-2776,0,0
56,20,-5,311,2752,-2796,0,0
34,-6,22,308,2771,-2786,0,0
50,-17,45,307,2763,-2793,0,0
53,-7,32,311,2724,-2819,0,0
22,8,6,327,2738,-2808,0,0
-6,23,-9,331,2732,-2814,0,0
-26,21,-16,326,2761,-2791,0,0
-11,14,-9,324,2744,-2805,0,0
-37,8,-21,323,2737,-2817,0,0
-93,-9,-13,300,2735,-2818,0,0
-155,-14,-17,289,2748,-2796,0,0
-172,26,-55,296,2815,-2735,0,0
-112,86,-85,282,2830,-2732,0,0
-43,106,-79,294,2838,-2733,0,0
-22,69,-54,350,2866,-2684,0,0
-17,11,7,323,2861,-2699,0,0
7,-34,55,300,2790,-2764,0,0
-62,-25,23,307,2796,-2748,0,0
-109,1,-18,304,2834,-2707,0,0
-102,15,-28,312,2870,-2674,0,0
-89,15,-18,322,2859,-2680,0,0
-91,18,-21,296,2888,-2665,0,0
-38,15,-10,303,2935,-2626,0,0
57,4,17,303,2894,-2655,0,0
91,-18,45,285,2864,-2687,0,0
90,-37,67,296,2854,-2696,0,0
85,-34,69,306,2842,-2708,0,0
88,-43,83,305,2846,-2717,0,0
82,-53,100,346,2818,-2727,0,0
62,-50,86,363,2779,-2750,0,0
26,-38,63,348,2766,-2766,0,0
-45,-27,41,338,2783,-2760,0,0
-88,-13,34,340,2792,-2737,0,0
-38,-7,11,324,2823,-2730,0,0
-11,-11,24,341,2834,-2713,0,0
23,-26,50,348,2823,-2716,0,0
44,-33,60,344,2816,-2735,0,0
26,-52,84,360,2793,-2751,0,0
12,-53,84,362,2767,-2753,0,0
21,-39,55,336,2793,-2747,0,0
17,-19,35,349,2783,-2756,0,0
10,-9,23,351,2789,-2758,0,0
45,-19,41,368,2797,-2745,0,0
70,-15,38,356,2769,-2766,0,0
71,-9,29,351,2779,-2773,0,0
57,-8,38,410,2722,-2798,0,0
-13,-2,15,406,2692,-2815,0,0
-93,0,-31,396,2735,-2795,0,0
-128,-18,-28,356,2799,-2766,0,0
-166,-45,19,372,2775,-2754,0,0
-210,-31,-8,301,2762,-2764,0,0
-199,-30,-31,322,2820,-2742,0,0
-231,-32,-37,378,2871,-2671,0,0
-249,17,-80,319,2887,-2627,0,0
-224,60,-120,266,2971,-2579,0,0
-249,65,-122,267,2982,-2561,0,0
-208,41,-83,331,2989,-2530,0,0
-174,23,-53,337,2994,-2516,0,0
-157,12,-41,300,3014,-2499,0,0
-147,8,-34,290,3007,-2491,0,0
-125,7,-34,251,3062,-2461,0,0
-63,20,-29,270,3090,-2427,0,0
21,35,-24,323,3062,-2440,0,0
36,17,-11,299,3043,-2481,0,0
11,-54,44,250,3061,-2481,0,0
-22,-73,60,242,2971,-2529,0,0
-115,43,-59,312,3017,-2461,0,0
-109,111,-130,323,3065,-2441,0,0
-133,45,-83,266,3070,-2463,0,0
-241,6,-55,248,3057,-2424,0,0
-228,28,-77,242,3102,-2370,0,0
-237,26,-75,231,3171,-2321,0,0
-296,29,-76,252,3182,-2277,0,0
-255,44,-91,232,3186,-2275,0,0
-312,30,-101,218,3278,-2164,0,0
-308,-27,-45,194,3378,-2051,0,0
-116,-64,30,173,3324,-2090,0,0
-57,-31,17,172,3281,-2109,0,0
-108,3,-12,167,3335,-2063,0,0
-72,-21,48,141,3394,-2043,0,0
17,-77,173,200,3311,-2123,0,0
198,-117,266,306,3309,-2119,0,0
247,-170,318,295,3246,-2181,0,0
225,-199,282,246,3077,-2309,0,0
85,-187,159,323,3171,-2258,0,0
35,-130,86,439,3142,-2266,0,0
105,-108,54,322,3166,-2311,0,0
44,-176,89,203,3210,-2282,0,0
44,-151,104,233,3192,-2268,0,0
90,-123,106,391,3180,-2227,0,0
82,-111,89,349,3081,-2358,0,0
-30,-67,3,234,3083,-2418,0,0
-96,-72,9,243,3250,-2265,0,0
-65,-119,73,288,3171,-2262,0,0
-92,-100,62,351,3142,-2250,0,0
-169,-11,-40,445,3124,-2251,0,0
-273,24,-177,268,3208,-2255,0,0
-291,-39,-139,92,3243,-2255,0,0
-258,-130,-35,199,3307,-2184,0,0
-349,-168,11,258,3131,-2142,0,0
-547,-14,-143,181,3275,-2080,0,0
-673,56,-267,221,3291,-1959,0,0
-723,32,-303,-119,3476,-1925,0,0
-862,-66,-116,58,3730,-1556,0,0
-609,-22,-75,47,3719,-1380,0,0
-157,11,-18,21,3641,-1466,0,0
30,80,-7,-75,3626,-1529,0,0
135,84,143,13,3498,-1678,0,0
53,47,171,399,3583,-1525,0,0
200,-27,39,69,3606,-1586,0,0
342,-49,85,28,3577,-1659,0,0
534,25,131,76,3628,-1659,0,0
858,123,102,350,3423,-1762,0,0
737,114,-27,265,3358,-2022,0,0
587,-75,48,-38,3216,-2294,0,0
260,-237,270,43,3274,-2234,0,0
-7,-192,323,325,3181,-2142,0,0
-141,12,34,412,3167,-2050,0,0
-60,204,-211,291,3296,-2070,0,0
28,200,-217,199,3365,-2131,0,0
-45,6,-28,175,3333,-2119,0,0
-128,-220,135,201,3337,-2089,0,0
-86,-315,216,190,3344,-2044,0,0
-22,-240,178,180,3277,-2077,0,0
4,-110,89,189,3300,-2038,0,0
83,-17,35,208,3342,-2037,0,0
135,10,26,228,3293,-2107,0,0
131,6,14,208,3254,-2175,0,0
39,3,-3,242,3259,-2154,0,0
-20,-1,1,239,3272,-2155,0,0
-62,-21,7,218,3265,-2156,0,0
-86,-34,8,187,3296,-2110,0,0
-86,-29,11,180,3297,-2103,0,0
-30,-20,11,199,3316,-2068,0,0
43,-26,32,219,3318,-2071,0,0
110,-21,45,205,3302,-2088,0,0
193,-12,42,224,3281,-2129,0,0
149,3,32,219,3232,-2209,0,0
62,6,12,215,3175,-2258,0,0
-15,20,-25,240,3208,-2213,0,0
-71,55,-64,211,3250,-2162,0,0
-69,68,-70,194,3269,-2161,0,0
-46,54,-44,212,3270,-2156,0,0
-61,24,-21,228,3288,-2134,0,0
-51,-6,-3,204,3284,-2137,0,0
-16,-2,1,181,3282,-2133,0,0
11,15,2,206,3269,-2143,0,0
18,27,-12,201,3276,-2139,0,0
25,34,-15,214,3276,-2140,0,0
26,48,-25,213,3257,-2156,0,0
53,47,-30,200,3283,-2146,0,0
52,54,-16,211,3251,-2181,0,0
-9,65,-30,253,3221,-2193,0,0
-46,62,-48,222,3273,-2160,0,0
-53,11,-16,195,3286,-2149,0,0
-42,-39,30,187,3269,-2156,0,0
-64,-8,11,235,3239,-2160,0,0
-113,68,-54,222,3276,-2110,0,0
-103,120,-79,184,3303,-2098,0,0
-92,159,-92,145,3316,-2084,0,0
-43,169,-57,161,3324,-2086,0,0
-5,158,-31,199,3363,-2053,0,0
34,153,-31,295,3299,-2077,0,0
56,143,-40,287,3298,-2080,0,0
36,144,-56,230,3276,-2130,0,0
-42,159,-82,260,3250,-2146,0,0
-137,166,-112,288,3288,-2080,0,0
-169,175,-138,255,3297,-2055,0,0
-193,156,-157,234,3333,-2044,0,0
-270,172,-184,166,3408,-1960,0,0
-233,153,-160,236,3352,-1967,0,0
-254,139,-167,185,3423,-1880,0,0
-303,143,-175,183,3443,-1851,0,0
-308,163,-191,139,3459,-1818,0,0
-355,191,-236,101,3503,-1759,0,0
-281,190,-179,97,3559,-1684,0,0
-128,178,-125,117,3557,-1648,0,0
-124,163,-130,100,3582,-1600,0,0
-88,136,-106,117,3545,-1636,0,0
-100,59,-68,141,3556,-1630,0,0
-77,-17,-32,99,3551,-1657,0,0
-92,-50,-13,71,3555,-1637,0,0
-88,-71,1,84,3588,-1582,0,0
-38,-78,10,64,3598,-1530,0,0
22,-41,15,48,3589,-1539,0,0
60,-12,19,70,3585,-1602,0,0
85,-63,58,94,3549,-1658,0,0
19,-96,52,81,3546,-1631,0,0
-34,-65,21,79,3543,-1623,0,0
-27,-3,-8,46,3582,-1579,0,0
17,-4,-1,50,3579,-1596,0,0
39,-31,30,80,3553,-1643,0,0
23,-39,26,83,3533,-1666,0,0
-58,-26,-3,81,3541,-1654,0,0
-121,-20,-20,80,3564,-1614,0,0
-116,-16,-25,86,3581,-1576,0,0
-113,-22,-28,39,3598,-1554,0,0
-92,-21,-21,36,3602,-1537,0,0
-57,-20,-13,52,3598,-1528,0,0
-41,-16,-11,27,3592,-1550,0,0
-40,-17,-6,12,3606,-1526,0,0
-32,-11,-7,30,3597,-1529,0,0
-21,-6,0,39,3618,-1499,0,0
6,1,6,34,3589,-1546,0,0
-17,10,-17,4,3608,-1530,0,0
-43,9,-25,45,3589,-1533,0,0
-80,9,-35,36,3605,-1520,0,0
-89,8,-39,7,3617,-1493,0,0
-68,15,-42,-1,3620,-1479,0,0
-42,22,-43,-9,3638,-1454,0,0
-5,12,-18,10,3628,-1471,0,0
27,-11,13,-43,3633,-1461,0,0
40,-24,33,-20,3616,-1488,0,0
44,-6,16,4,3613,-1508,0,0
29,-7,17,10,3602,-1527,0,0
4,-9,13,16,3616,-1493,0,0
9,-1,5,9,3605,-1519,0,0
-14,5,-4,3,3604,-1518,0,0
-27,0,0,-10,3620,-1489,0,0
-13,-5,6,13,3608,-1506,0,0
-17,0,1,-6,3620,-1498,0,0
1,-3,6,-2,3613,-1503,0,0
8,-4,10,10,3607,-1508,0,0
-13,-4,9,-1,3608,-1514,0,0
-23,8,-9,10,3614,-1504,0,0
-18,7,-13,-9,3616,-1491,0,0
-16,0,-3,-23,3614,-1492,0,0
-14,-4,1,-3,3615,-1498,0,0
-26,-2,-6,7,3606,-1519,0,0
-53,-7,-7,-5,3625,-1475,0,0
-38,-4,-5,-27,3630,-1458,0,0
-12,8,-11,-8,3618,-1485,0,0
7,5,-1,-12,3630,-1472,0,0
18,-10,18,-36,3631,-1468,0,0
13,-26,32,-20,3619,-1477,0,0
14,-10,14,-3,3610,-1488,0,0
-1,8,-7,-2,3610,-1504,0,0
-25,5,-6,-12,3614,-1490,0,0
-18,0,2,-29,3630,-1466,0,0
16,3,5,-28,3622,-1479,0,0
35,-2,11,-2,3622,-1486,0,0
38,-9,14,-2,3607,-1507,0,0
12,-13,19,-9,3610,-1509,0,0
1,-8,14,-1,3607,-1507,0,0
-17,8,-8,-2,3600,-1518,0,0
-61,0,-15,-13,3619,-1501,0,0
-66,-1,-8,-8,3624,-1469,0,0
-37,12,-15,-15,3631,-1464,0,0
-12,14,-12,-2,3622,-1477,0,0
-1,7,-2,-37,3627,-1474,0,0
15,-7,15,-39,3625,-1474,0,0
32,-25,29,-12,3619,-1484,0,0
46,-6,18,9,3608,-1523,0,0
28,-3,5,-5,3611,-1516,0,0
-20,-13,7,-17,3606,-1505,0,0
-43,-1,-11,7,3605,-1497,0,0
-48,5,-18,-31,3634,-1473,0,0
-28,-18,12,-32,3641,-1448,0,0
16,-16,25,0,3623,-1481,0,0
33,2,10,-12,3621,-1496,0,0
28,-9,22,-29,3611,-1502,0,0
26,-17,30,-30,3628,-1480,0,0
61,-14,31,0,3611,-1512,0,0
44,-9,21,12,3578,-1560,0,0
-25,-7,3,7,3596,-1525,0,0
-52,0,-5,-1,3605,-1519,0,0
-51,17,-27,-8,3623,-1507,0,0
-40,7,-21,-28,3623,-1489,0,0
-24,-10,2,-20,3628,-1470,0,0
-1,-7,9,-11,3619,-1484,0,0
12,-4,12,-14,3615,-1500,0,0
26,-10,20,-13,3621,-1492,0,0
45,-10,24,-24,3620,-1502,0,0
49,-11,23,-13,3602,-1526,0,0
31,-11,21,8,3595,-1532,0,0
11,-11,5,17,3585,-1549,0,0
-18,-3,-6,4,3602,-1535,0,0
-25,-10,0,-11,3612,-1513,0,0
-17,-3,-3,-2,3611,-1513,0,0
-24,5,-3,-19,3612,-1514,0,0
-21,-6,6,-17,3609,-1502,0,0
-11,-6,5,-17,3620,-1497,0,0
7,-3,8,-7,3603,-1519,0,0
-5,0,5,-14,3605,-1520,0,0
-8,-1,5,-16,3615,-1506,0,0
3,1,4,-1,3608,-1522,0,0
-5,0,3,-3,3609,-1517,0,0
-9,-1,6,-7,3605,-1516,0,0
-14,-1,2,-19,3609,-1518,0,0
-10,1,0,-8,3608,-1509,0,0
-1,0,6,-15,3613,-1514,0,0
-1,-3,8,-9,3603,-1521,0,0
-7,-2,6,-7,3616,-1508,0,0
-4,2,2,-13,3605,-1523,0,0
-15,-2,0,-8,3613,-1510,0,0
-12,-3,3,-11,3610,-1506,0,0
-1,2,4,-13,3609,-1508,0,0
4,1,5,-13,3608,-1518,0,0
2,-1,6,-12,3611,-1509,0,0
10,0,6,-10,3608,-1517,0,0
17,2,4,-13,3614,-1515,0,0
14,0,7,-15,3597,-1535,0,0
-6,-7,12,-15,3604,-1522,0,0
6,0,5,-12,3607,-1519,0,0
16,5,4,-2,3598,-1539,0,0
-5,2,4,-9,3606,-1530,0,0
0,0,4,-10,3609,-1524,0,0
1,-6,7,-16,3599,-1534,0,0
-3,-8,11,-11,3604,-1520,0,0
15,-1,9,-9,3596,-1531,0,0
12,2,6,-13,3597,-1546,0,0
-2,-1,6,-6,3598,-1544,0,0
-7,-3,7,-8,3599,-1536,0,0
1,-4,9,-6,3603,-1528,0,0
17,-2,11,-17,3598,-1538,0,0
12,-2,10,-2,3587,-1557,0,0
-7,-4,6,0,3601,-1543,0,0
2,-4,7,-8,3592,-1548,0,0
11,-8,13,4,3584,-1562,0,0
24,-2,9,-14,3574,-1583,0,0
48,-2,1,-28,3602,-1576,0,0
34,-4,0,-11,3617,-1512,0,0
77,0,24,-21,3616,-1530,0,0
148,24,36,18,3573,-1604,0,0
161,32,37,28,3552,-1640,0,0
151,9,43,25,3570,-1639,0,0
143,-10,50,-8,3553,-1657,0,0
173,-6,65,21,3531,-1697,0,0
186,-6,70,40,3508,-1734,0,0
172,-25,84,45,3486,-1771,0,0
144,-30,78,77,3475,-1801,0,0
102,-3,37,93,3457,-1824,0,0
52,8,13,91,3471,-1823,0,0
13,3,7,74,3470,-1819,0,0
3,-9,11,67,3482,-1807,0,0
15,-26,25,74,3488,-1790,0,0
36,-22,36,70,3473,-1804,0,0
47,-2,22,71,3460,-1810,0,0
44,39,-16,84,3455,-1837,0,0
0,50,-35,80,3450,-1861,0,0
-49,35,-31,73,3450,-1851,0,0
-60,11,-13,56,3479,-1801,0,0
1,-15,23,68,3488,-1781,0,0
61,-18,45,71,3456,-1833,0,0
82,-16,52,66,3458,-1846,0,0
111,-19,71,85,3444,-1873,0,0
85,-21,56,140,3407,-1904,0,0
57,-29,38,119,3438,-1875,0,0
48,-15,23,72,3413,-1913,0,0
17,4,2,110,3408,-1910,0,0
-18,21,-13,125,3434,-1887,0,0
-40,26,-18,116,3414,-1906,0,0
-64,20,-20,78,3422,-1902,0,0
-74,24,-30,84,3442,-1857,0,0
-45,58,-54,82,3436,-1865,0,0
-44,76,-70,81,3453,-1872,0,0
-46,8,-9,96,3487,-1833,0,0
-5,-45,51,114,3455,-1836,0,0
14,-26,41,94,3458,-1847,0,0
23,-14,26,74,3448,-1852,0,0
0,-2,9,89,3450,-1836,0,0
-21,15,-2,105,3463,-1838,0,0
-43,25,-2,116,3431,-1898,0,0
-79,0,15,102,3449,-1854,0,0
-106,-8,8,103,3462,-1821,0,0
-99,-3,-7,92,3463,-1823,0,0
-106,2,-16,80,3475,-1807,0,0
-88,-5,-13,79,3480,-1790,0,0
-11,-1,-1,78,3510,-1752,0,0
30,-4,18,91,3486,-1781,0,0
30,-17,39,105,3483,-1789,0,0
30,-28,42,95,3479,-1786,0,0
39,-24,34,93,3468,-1804,0,0
19,-21,28,118,3468,-1818,0,0
-2,-27,29,117,3458,-1821,0,0
-42,-33,21,96,3472,-1812,0,0
-57,-19,8,92,3461,-1813,0,0
-68,1,-9,107,3473,-1790,0,0
-84,18,-46,99,3479,-1769,0,0
-111,21,-55,97,3469,-1797,0,0
-165,6,-39,75,3506,-1741,0,0
-168,11,-33,80,3543,-1691,0,0
-126,-1,-15,68,3517,-1696,0,0
-132,1,-21,70,3531,-1681,0,0
-135,-8,-16,72,3553,-1655,0,0
-127,-7,-13,55,3535,-1644,0,0
-116,-14,-13,50,3569,-1625,0,0
-133,7,-38,69,3571,-1588,0,0
-148,18,-43,30,3599,-1571,0,0
-123,0,-27,37,3607,-1547,0,0
-93,4,-30,53,3593,-1523,0,0
-88,17,-35,25,3604,-1535,0,0
-86,22,-36,27,3606,-1524,0,0
-88,28,-41,7,3616,-1492,0,0
-71,26,-35,14,3625,-1474,0,0
-47,24,-24,25,3629,-1462,0,0
-26,19,-14,10,3618,-1483,0,0
-24,5,-1,-6,3623,-1479,0,0
-26,10,-7,4,3625,-1464,0,0
-2,21,-14,-2,3633,-1462,0,0
5,20,-8,9,3619,-1483,0,0
-10,11,1,-1,3625,-1473,0,0
-23,14,-2,-13,3629,-1467,0,0
-16,2,2,0,3629,-1459,0,0
-4,0,3,11,3625,-1463,0,0
-3,7,6,-10,3623,-1479,0,0
-19,2,0,-11,3624,-1471,0,0
-13,-8,6,11,3631,-1459,0,0
-9,-8,9,1,3614,-1485,0,0
-32,-10,6,9,3613,-1487,0,0
-78,-12,-3,-14,3617,-1472,0,0
-103,5,-14,-14,3659,-1391,0,0
-16,25,-11,46,3676,-1363,0,0
54,-9,25,14,3645,-1452,0,0
21,-37,38,-64,3606,-1511,0,0
-21,-47,34,-4,3652,-1412,0,0
29,-27,23,61,3625,-1439,0,0
15,18,-17,-14,3638,-1457,0,0
1,-8,21,-7,3626,-1466,0,0
-17,-25,28,3,3630,-1454,0,0
-4,-16,16,26,3622,-1445,0,0
10,1,4,22,3649,-1427,0,0
18,-7,15,-17,3623,-1481,0,0
-6,11,-5,11,3638,-1448,0,0
14,-5,12,10,3639,-1450,0,0
35,-25,25,23,3625,-1465,0,0
26,-26,29,32,3615,-1468,0,0
17,-4,12,-5,3624,-1474,0,0
14,19,-3,12,3618,-1496,0,0
-9,5,2,3,3639,-1475,0,0
17,-37,33,27,3624,-1478,0,0
4,-34,18,22,3592,-1508,0,0
-52,27,-37,2,3619,-1486,0,0
-40,48,-52,34,3649,-1439,0,0
-2,1,6,9,3635,-1468,0,0
-32,-23,24,-38,3610,-1499,0,0
-58,-21,2,40,3640,-1424,0,0
-15,14,-13,20,3623,-1470,0,0
-41,8,-10,-24,3632,-1470,0,0
-50,-15,2,-1,3655,-1404,0,0
-8,-4,3,4,3637,-1433,0,0
-5,0,3,14,3621,-1467,0,0
-44,-1,-1,-16,3644,-1439,0,0
-33,-1,-4,-8,3655,-1403,0,0
9,-6,6,6,3646,-1416,0,0
28,-1,14,11,3620,-1465,0,0
-9,6,2,-14,3636,-1447,0,0
-3,3,0,-12,3648,-1419,0,0
19,3,6,11,3645,-1426,0,0
21,2,6,1,3646,-1446,0,0
41,-43,52,-31,3646,-1443,0,0
69,-30,47,24,3607,-1467,0,0
70,22,-5,45,3620,-1485,0,0
43,0,14,4,3620,-1497,0,0
5,-20,27,-7,3611,-1487,0,0
-13,6,-6,11,3602,-1507,0,0
-41,10,-19,25,3623,-1488,0,0
-45,1,-9,11,3631,-1464,0,0
-37,-11,5,-19,3631,-1458,0,0
-10,-9,9,4,3637,-1448,0,0
36,-3,11,-2,3637,-1455,0,0
76,-25,40,-2,3641,-1457,0,0
128,-57,90,38,3631,-1474,0,0
154,-51,75,21,3586,-1548,0,0
136,-2,28,34,3558,-1601,0,0
64,9,5,12,3578,-1593,0,0
-8,-5,3,48,3582,-1571,0,0
-28,-3,0,82,3591,-1562,0,0
-38,-12,16,67,3584,-1560,0,0
-34,-59,30,61,3612,-1500,0,0
32,-59,16,-45,3575,-1561,0,0
71,12,-2,20,3559,-1599,0,0
42,34,-10,28,3578,-1599,0,0
-35,45,-37,15,3548,-1640,0,0
-129,8,-28,65,3621,-1523,0,0
-83,-33,24,31,3624,-1497,0,0
-10,-26,28,27,3575,-1546,0,0
7,-13,14,19,3613,-1526,0,0
45,-28,38,-1,3590,-1543,0,0
61,-9,12,14,3574,-1560,0,0
58,31,-11,42,3572,-1601,0,0
14,35,-19,33,3569,-1582,0,0
-9,24,-14,39,3594,-1563,0,0
3,5,3,35,3581,-1575,0,0
-5,-8,12,25,3579,-1581,0,0
-23,-5,3,15,3573,-1582,0,0
-21,8,-9,30,3604,-1545,0,0
5,4,6,41,3571,-1575,0,0
-5,10,-1,-23,3580,-1574,0,0
14,7,9,3,3594,-1551,0,0
61,11,17,86,3579,-1584,0,0
79,7,14,36,3565,-1620,0,0
45,-8,24,31,3570,-1617,0,0
2,-24,39,20,3545,-1638,0,0
-40,-19,21,64,3579,-1583,0,0
-1,-4,13,60,3574,-1605,0,0
-16,7,-2,35,3537,-1651,0,0
-87,6,-28,34,3579,-1584,0,0
-72,18,-24,37,3583,-1558,0,0
-35,27,-31,20,3584,-1575,0,0
-1,10,-5,-31,3632,-1525,0,0
70,-17,45,-9,3570,-1591,0,0
40,-23,52,91,3575,-1588,0,0
61,-14,45,130,3582,-1579,0,0
85,2,36,72,3527,-1656,0,0
2,1,15,52,3551,-1633,0,0
-1,-12,11,34,3598,-1577,0,0
74,-13,24,27,3547,-1645,0,0
54,6,7,68,3538,-1665,0,0
-1,-16,20,60,3556,-1641,0,0
-9,-23,22,72,3531,-1663,0,0
-50,10,-21,58,3549,-1656,0,0
-83,3,-18,53,3565,-1620,0,0
-76,1,-17,58,3563,-1608,0,0
-42,8,-18,40,3589,-1581,0,0
7,-10,15,51,3591,-1584,0,0
34,-17,33,40,3558,-1627,0,0
19,-16,23,51,3559,-1619,0,0
24,-15,21,72,3569,-1605,0,0
41,-25,33,85,3556,-1649,0,0
17,-41,28,67,3546,-1666,0,0
-18,-54,12,146,3528,-1728,0,0
-73,-81,-10,40,3527,-1672,0,0
-220,-87,-12,-111,3582,-1534,0,0
-180,-53,-1,-23,3646,-1388,0,0
90,19,22,-22,3639,-1443,0,0
267,33,52,35,3588,-1616,0,0
233,-13,88,140,3518,-1722,0,0
107,-23,62,135,3476,-1767,0,0
-4,-32,44,43,3533,-1683,0,0
-11,-23,32,42,3556,-1641,0,0
76,2,22,127,3550,-1650,0,0
90,23,11,138,3489,-1762,0,0
-17,8,-10,96,3481,-1794,0,0
-135,-29,-9,48,3531,-1685,0,0
-158,-15,-23,54,3572,-1591,0,0
-52,-2,-4,25,3602,-1538,0,0
82,4,23,78,3560,-1630,0,0
112,6,31,76,3532,-1688,0,0
57,-12,43,100,3526,-1727,0,0
32,-61,50,121,3520,-1700,0,0
-27,-82,42,21,3533,-1679,0,0
11,-30,45,63,3526,-1692,0,0
71,16,13,132,3540,-1679,0,0
87,22,9,97,3516,-1737,0,0
78,-18,39,90,3502,-1735,0,0
28,-21,41,102,3514,-1730,0,0
23,-17,34,116,3498,-1751,0,0
19,-39,40,87,3523,-1716,0,0
69,-36,48,106,3525,-1714,0,0
134,-34,67,105,3507,-1767,0,0
199,-48,90,157,3460,-1821,0,0
165,-42,76,109,3447,-1847,0,0
152,-32,67,144,3454,-1868,0,0
182,-45,83,134,3509,-1792,0,0
225,-26,95,176,3376,-1924,0,0
124,-26,80,209,3335,-2018,0,0
-24,-30,51,200,3335,-2024,0,0
-168,-20,-12,134,3358,-1969,0,0
-169,-20,-23,110,3469,-1833,0,0
40,-24,32,124,3511,-1778,0,0
289,-17,81,157,3451,-1865,0,0
365,-1,91,196,3350,-2007,0,0
329,-8,90,233,3297,-2105,0,0
205,-41,85,235,3278,-2118,0,0
119,-74,78,176,3300,-2095,0,0
132,-77,76,193,3296,-2106,0,0
166,-29,45,186,3264,-2149,0,0
185,-10,38,205,3274,-2167,0,0
190,-58,84,253,3264,-2178,0,0
187,-54,83,185,3176,-2250,0,0
161,33,17,197,3149,-2283,0,0
139,81,-23,243,3186,-2282,0,0
140,81,-13,293,3175,-2310,0,0
97,32,-3,287,3183,-2317,0,0
10,-12,13,188,3123,-2347,0,0
-58,1,0,268,3164,-2304,0,0
-28,20,-15,217,3188,-2278,0,0
-13,2,2,214,3227,-2258,0,0
37,-65,80,271,3207,-2279,0,0
54,-101,103,262,3151,-2324,0,0
5,-92,83,249,3106,-2352,0,0
-32,-62,53,220,3152,-2320,0,0
-33,-52,57,227,3200,-2275,0,0
23,-18,43,276,3162,-2298,0,0
22,48,-26,265,3116,-2357,0,0
-32,55,-51,258,3143,-2344,0,0
-47,-14,16,281,3226,-2252,0,0
34,-57,78,262,3181,-2284,0,0
84,-16,35,249,3111,-2365,0,0
18,46,-43,267,3098,-2368,0,0
-81,88,-98,274,3100,-2382,0,0
-181,86,-125,253,3162,-2320,0,0
-240,3,-72,288,3269,-2197,0,0
-212,-102,29,257,3250,-2180,0,0
-168,-125,34,186,3222,-2209,0,0
-52,-108,31,122,3244,-2167,0,0
66,22,3,238,3152,-2255,0,0
68,221,-139,184,3182,-2281,0,0
43,290,-191,328,3163,-2284,0,0
-168,139,-166,256,3344,-2132,0,0
-332,-70,-37,40,3289,-2174,0,0
-301,-114,34,238,3266,-2086,0,0
-235,100,-149,273,3275,-2071,0,0
-171,209,-222,195,3395,-1995,0,0
-38,133,-134,58,3405,-1991,0,0
-9,59,-51,49,3348,-2057,0,0
-24,32,6,222,3368,-1997,0,0
32,38,-6,195,3327,-2046,0,0
2,14,-16,113,3338,-2075,0,0
-56,-22,15,137,3347,-2036,0,0
-39,3,17,170,3371,-1997,0,0
45,-12,28,130,3392,-2005,0,0
117,-63,85,134,3351,-2035,0,0
138,-76,112,175,3340,-2052,0,0
174,-62,105,236,3328,-2070,0,0
233,-70,114,235,3292,-2122,0,0
249,-103,147,204,3250,-2180,0,0
229,-99,127,189,3216,-2225,0,0
211,-67,79,189,3219,-2231,0,0
176,-46,60,248,3168,-2296,0,0
91,-45,69,267,3120,-2340,0,0
-25,-36,40,228,3159,-2307,0,0
-79,-9,0,207,3185,-2277,0,0
-30,22,-31,204,3225,-2238,0,0
48,43,-35,219,3223,-2242,0,0
59,41,-19,245,3181,-2282,0,0
51,0,17,222,3195,-2280,0,0
81,-31,56,221,3178,-2293,0,0
86,-44,66,224,3161,-2311,0,0
81,-38,49,211,3137,-2336,0,0
78,-11,7,249,3139,-2334,0,0
68,18,-19,254,3121,-2365,0,0
45,-2,10,210,3139,-2364,0,0
30,-52,60,192,3142,-2358,0,0
20,-89,98,218,3162,-2343,0,0
62,-87,114,263,3122,-2379,0,0
92,-49,79,281,3079,-2413,0,0
86,-25,49,273,3053,-2442,0,0
43,-3,17,259,3077,-2431,0,0
7,8,-8,270,3081,-2417,0,0
-11,14,-14,258,3087,-2420,0,0
-21,7,-4,244,3081,-2431,0,0
-28,5,-8,255,3076,-2426,0,0
-28,23,-28,266,3108,-2391,0,0
-14,13,-11,253,3116,-2387,0,0
6,-24,28,241,3109,-2400,0,0
11,-28,39,239,3069,-2436,0,0
-18,7,-2,247,3065,-2436,0,0
-23,37,-35,262,3121,-2379,0,0
19,19,-2,263,3145,-2353,0,0
61,-16,37,264,3079,-2421,0,0
37,-31,42,238,3069,-2444,0,0
2,-34,35,242,3098,-2408,0,0
16,-20,19,275,3080,-2415,0,0
32,-14,20,281,3063,-2444,0,0
7,-17,26,263,3044,-2462,0,0
-33,-11,15,253,3055,-2444,0,0
-47,8,-11,259,3087,-2416,0,0
-34,28,-30,271,3072,-2432,0,0
-49,46,-39,270,3071,-2431,0,0
-64,64,-54,254,3091,-2412,0,0
-65,62,-49,242,3111,-2394,0,0
-70,51,-46,263,3102,-2388,0,0
-83,50,-42,257,3136,-2362,0,0
-59,38,-14,271,3133,-2350,0,0
-49,10,-6,255,3133,-2361,0,0
-33,-6,3,235,3167,-2331,0,0
23,-28,38,266,3140,-2336,0,0
33,-63,64,277,3114,-2371,0,0
-2,-67,45,240,3095,-2405,0,0
-38,-31,14,231,3080,-2405,0,0
-74,36,-43,277,3132,-2349,0,0
-61,88,-81,303,3141,-2337,0,0
-66,68,-71,269,3137,-2344,0,0
-86,49,-64,231,3157,-2327,0,0
-61,50,-60,231,3193,-2282,0,0
-30,9,-26,175,3207,-2284,0,0
-11,-55,39,175,3184,-2299,0,0
-23,-79,56,262,3148,-2307,0,0
-25,-34,21,269,3127,-2337,0,0
-38,-6,-4,227,3173,-2299,0,0
-38,0,-1,228,3200,-2271,0,0
2,6,3,235,3189,-2286,0,0
-3,13,-3,241,3139,-2332,0,0
-65,7,-15,216,3159,-2314,0,0
-99,-14,-8,207,3195,-2270,0,0
-67,-22,3,224,3224,-2233,0,0
-7,-27,18,234,3206,-2250,0,0
21,-30,27,232,3190,-2271,0,0
24,-40,34,217,3199,-2268,0,0
31,-58,51,206,3195,-2276,0,0
38,-50,51,208,3162,-2296,0,0
18,-3,10,240,3156,-2312,0,0
-14,43,-39,254,3172,-2284,0,0
-28,59,-54,237,3184,-2291,0,0
-39,45,-49,214,3182,-2288,0,0
-54,12,-22,202,3191,-2272,0,0
-47,-10,4,197,3229,-2242,0,0
8,-37,40,210,3220,-2248,0,0
50,-48,57,237,3186,-2264,0,0
44,-26,40,235,3163,-2295,0,0
15,-6,16,214,3170,-2302,0,0
7,-12,14,211,3187,-2287,0,0
4,-23,19,223,3176,-2282,0,0
-2,-5,6,225,3161,-2302,0,0
-10,14,-14,227,3176,-2296,0,0
-21,18,-16,228,3179,-2284,0,0
-33,19,-20,223,3176,-2284,0,0
-48,23,-29,214,3166,-2293,0,0
-65,31,-40,217,3183,-2280,0,0
-62,33,-42,217,3198,-2259,0,0
-53,39,-46,202,3217,-2241,0,0
-44,27,-34,199,3222,-2236,0,0
-32,3,-8,197,3217,-2237,0,0
-13,-10,9,191,3229,-2224,0,0
19,-12,15,207,3209,-2241,0,0
27,-9,14,208,3206,-2244,0,0
30,-12,22,195,3221,-2244,0,0
51,-28,33,213,3204,-2264,0,0
43,-33,46,214,3182,-2278,0,0
16,-38,46,207,3179,-2282,0,0
2,-23,26,218,3184,-2278,0,0
-4,-2,5,224,3185,-2277,0,0
-12,2,3,210,3193,-2269,0,0
3,-11,19,206,3207,-2260,0,0
30,-19,29,223,3193,-2270,0,0
28,-23,32,223,3180,-2284,0,0
29,-32,38,221,3190,-2286,0,0
36,-30,36,221,3170,-2303,0,0
29,-18,24,221,3156,-2320,0,0
7,-9,13,220,3166,-2317,0,0
-5,-27,25,232,3193,-2279,0,0
0,-50,41,236,3182,-2278,0,0
10,-43,36,225,3142,-2328,0,0
3,-17,16,207,3128,-2349,0,0
-25,8,-11,216,3163,-2306,0,0
-29,16,-28,219,3185,-2290,0,0
-13,3,0,222,3185,-2291,0,0
-3,-4,9,231,3154,-2314,0,0
-14,12,-8,222,3155,-2306,0,0
-20,26,-23,214,3190,-2292,0,0
-6,2,-2,214,3194,-2287,0,0
11,-33,35,225,3175,-2293,0,0
5,-18,22,225,3132,-2333,0,0
-44,21,-26,218,3162,-2313,0,0
-38,35,-42,218,3189,-2271,0,0
-19,30,-28,213,3192,-2273,0,0
-16,8,-7,210,3201,-2270,0,0
9,-14,19,217,3183,-2282,0,0
17,0,7,224,3157,-2305,0,0
-12,20,-17,210,3169,-2301,0,0
-25,12,-12,203,3199,-2276,0,0
-10,-1,2,209,3181,-2286,0,0
-15,-14,13,213,3177,-2295,0,0
-32,-15,9,221,3158,-2303,0,0
-74,15,-28,216,3169,-2290,0,0
-64,45,-49,205,3209,-2258,0,0
-31,46,-43,208,3216,-2240,0,0
-30,24,-26,197,3220,-2239,0,0
-16,-2,0,194,3219,-2238,0,0
-4,-7,10,211,3195,-2256,0,0
-3,11,-7,206,3206,-2254,0,0
0,4,2,191,3218,-2250,0,0
14,-20,27,197,3219,-2244,0,0
33,-34,43,207,3195,-2261,0,0
19,-29,38,211,3160,-2291,0,0
-26,16,-18,211,3174,-2281,0,0
-42,33,-38,203,3229,-2243,0,0
-19,8,-6,192,3220,-2239,0,0
6,-14,20,196,3222,-2236,0,0
48,-22,32,200,3205,-2259,0,0
53,-17,32,220,3172,-2286,0,0
28,-12,25,206,3186,-2282,0,0
21,-7,15,202,3188,-2279,0,0
17,-13,20,215,3179,-2285,0,0
2,-23,28,218,3172,-2294,0,0
-4,-22,25,215,3172,-2288,0,0
-8,-4,7,209,3169,-2295,0,0
-23,14,-14,220,3180,-2287,0,0
-21,10,-8,210,3201,-2264,0,0
10,-6,15,198,3204,-2270,0,0
39,-23,31,203,3177,-2292,0,0
21,-23,29,220,3162,-2303,0,0
13,-10,17,223,3171,-2301,0,0
23,-6,17,211,3170,-2303,0,0
5,-16,21,214,3167,-2309,0,0
0,-19,21,224,3168,-2307,0,0
-11,-18,18,225,3152,-2314,0,0
-30,-7,4,215,3151,-2313,0,0
-46,18,-22,216,3173,-2296,0,0
-36,26,-28,208,3197,-2279,0,0
-9,7,-3,210,3196,-2274,0,0
11,-15,24,210,3180,-2288,0,0
14,-14,20,215,3174,-2288,0,0
24,-7,12,216,3179,-2294,0,0
24,-10,16,224,3164,-2307,0,0
8,-16,23,209,3164,-2304,0,0
4,-15,20,216,3164,-2305,0,0
-4,-14,18,223,3165,-2311,0,0
-15,-13,14,219,3161,-2314,0,0
-16,-2,5,219,3164,-2300,0,0
-11,6,-3,218,3181,-2298,0,0
2,0,5,218,3180,-2296,0,0
21,-12,21,218,3171,-2302,0,0
20,-12,21,219,3152,-2313,0,0
7,0,7,229,3153,-2316,0,0
5,8,-3,219,3163,-2314,0,0
4,9,-3,219,3165,-2314,0,0
5,-4,9,221,3161,-2324,0,0
-13,-12,11,226,3152,-2326,0,0
-40,-2,-1,223,3145,-2323,0,0
-59,18,-25,219,3173,-2301,0,0
-44,22,-26,222,3195,-2282,0,0
-10,13,-9,207,3188,-2289,0,0
-1,-3,5,207,3174,-2302,0,0
-8,-6,7,220,3163,-2304,0,0
-15,6,-5,217,3174,-2294,0,0
-14,5,-3,214,3183,-2289,0,0
-8,-1,4,220,3175,-2289,0,0
-13,-3,4,222,3162,-2304,0,0
-34,-1,-2,213,3163,-2298,0,0
-35,8,-14,209,3188,-2282,0,0
-24,11,-14,213,3191,-2271,0,0
-20,12,-13,214,3190,-2274,0,0
-8,9,-7,206,3196,-2280,0,0
2,-4,11,203,3204,-2261,0,0
21,-16,18,213,3180,-2282,0,0
15,-4,9,216,3174,-2299,0,0
4,-8,12,215,3184,-2285,0,0
7,-12,17,202,3175,-2285,0,0
7,-9,13,213,3175,-2291,0,0
3,-4,9,220,3170,-2300,0,0
-9,-3,7,214,3177,-2288,0,0
-11,0,4,208,3182,-2285,0,0
-5,4,1,218,3184,-2287,0,0
9,-2,9,211,3194,-2278,0,0
26,-13,22,209,3175,-2293,0,0
19,-12,16,221,3162,-2309,0,0
4,0,5,221,3163,-2312,0,0
-8,11,4,220,3173,-2303,0,0
-16,5,12,208,3187,-2289,0,0
5,-3,9,220,3169,-2298,0,0
2,-6,6,229,3158,-2314,0,0
-14,-10,14,214,3183,-2291,0,0
2,-4,12,214,3177,-2292,0,0
15,0,9,228,3164,-2309,0,0
8,-4,14,223,3166,-2300,0,0
-1,-11,19,219,3170,-2302,0,0
-5,-4,11,219,3164,-2313,0,0
-2,2,3,232,3169,-2311,0,0
5,-10,9,222,3166,-2309,0,0
4,-12,10,217,3164,-2306,0,0
-3,-4,6,220,3160,-2313,0,0
0,-2,4,222,3166,-2308,0,0
4,-5,11,224,3163,-2307,0,0
2,-9,15,221,3162,-2308,0,0
8,-9,14,229,3159,-2318,0,0
-1,-9,13,235,3149,-2324,0,0
-3,-7,10,223,3159,-2317,0,0
-5,-4,6,222,3155,-2321,0,0
-11,0,2,229,3165,-2311,0,0
-4,-3,6,229,3158,-2318,0,0
-6,-3,5,222,3151,-2326,0,0
-10,1,1,223,3164,-2312,0,0
-2,-1,4,225,3160,-2317,0,0
1,-8,8,234,3166,-2309,0,0
1,-8,12,226,3153,-2318,0,0
-8,1,2,217,3164,-2319,0,0
1,1,2,227,3164,-2319,0,0
7,-1,8,228,3148,-2333,0,0
-5,-2,7,220,3159,-2321,0,0
-2,-2,7,225,3161,-2313,0,0
0,1,3,226,3144,-2332,0,0
-13,1,1,230,3153,-2333,0,0
-23,2,-2,224,3160,-2322,0,0
-25,3,-3,221,3162,-2316,0,0
-26,5,-7,227,3163,-2315,0,0
-22,11,-10,223,3167,-2313,0,0
-21,6,-4,217,3176,-2305,0,0
-16,-2,2,221,3165,-2306,0,0
-20,3,-14,227,3157,-2308,0,0
-30,7,-7,217,3179,-2293,0,0
-15,6,-3,214,3185,-2283,0,0
-6,2,3,218,3171,-2299,0,0
-10,-1,5,222,3170,-2300,0,0
-15,0,5,219,3177,-2293,0,0
-12,2,1,215,3180,-2288,0,0
-5,-1,3,224,3173,-2295,0,0
-12,0,4,226,3168,-2300,0,0
-15,1,1,215,3184,-2282,0,0
-10,1,4,219,3177,-2285,0,0
-6,5,1,219,3180,-2291,0,0
7,1,5,222,3190,-2286,0,0
10,-11,15,219,3173,-2294,0,0
5,-9,13,216,3176,-2293,0,0
7,-2,7,224,3173,-2301,0,0
11,-5,12,223,3181,-2294,0,0
14,-7,18,222,3168,-2306,0,0
9,-12,10,219,3160,-2317,0,0
0,-3,5,230,3170,-2305,0,0
2,-5,10,224,3165,-2311,0,0
-2,-6,9,217,3167,-2306,0,0
-5,-3,6,222,3166,-2306,0,0
-4,-3,8,225,3168,-2305,0,0
2,-4,9,224,3169,-2302,0,0
2,-2,7,226,3159,-2310,0,0
0,-1,6,222,3172,-2303,0,0
10,-8,12,225,3166,-2315,0,0
5,-13,16,229,3157,-2315,0,0
-3,-8,11,217,3161,-2317,0,0
2,-12,4,226,3170,-2312,0,0
5,-8,13,235,3154,-2325,0,0
-2,-10,15,218,3159,-2324,0,0
3,-8,12,220,3159,-2315,0,0
3,-6,11,233,3156,-2317,0,0
5,-5,11,229,3149,-2324,0,0
-6,-4,8,226,3150,-2331,0,0
-14,-1,3,227,3162,-2317,0,0
-6,-2,4,236,3154,-2320,0,0
-6,-5,6,231,3152,-2319,0,0
-9,-1,3,225,3162,-2307,0,0
-3,-1,5,217,3158,-2322,0,0
-2,-5,5,229,3160,-2317,0,0
3,-5,8,228,3151,-2326,0,0
-4,-1,4,228,3154,-2325,0,0
-6,0,2,222,3162,-2314,0,0
-1,-2,7,223,3156,-2325,0,0
3,-2,5,231,3159,-2324,0,0
-2,-1,5,229,3150,-2328,0,0
-11,-2,6,227,3157,-2325,0,0
-16,0,-1,231,3157,-2323,0,0
-20,4,-7,230,3157,-2320,0,0
-28,4,-6,227,3156,-2323,0,0
-36,1,-5,223,3165,-2311,0,0
-29,12,-11,219,3170,-2300,0,0
-18,7,-7,219,3179,-2302,0,0
-7,-3,3,224,3159,-2312,0,0
-20,-1,-1,226,3160,-2311,0,0
-25,5,-6,221,3176,-2290,0,0
-8,2,0,219,3180,-2291,0,0
-1,-3,7,221,3170,-2300,0,0
-6,-4,7,217,3168,-2304,0,0
-10,-3,4,220,3177,-2296,0,0
-11,-1,4,218,3169,-2306,0,0
-15,-1,2,218,3175,-2296,0,0
-15,0,1,215,3176,-2297,0,0
-14,-2,3,217,3178,-2282,0,0
-7,-2,5,218,3171,-2291,0,0
-7,3,2,214,3176,-2294,0,0
5,0,6,225,3185,-2292,0,0
11,-9,14,217,3169,-2302,0,0
0,-7,9,223,3170,-2300,0,0
1,-1,5,216,3176,-2290,0,0
11,-2,8,223,3175,-2296,0,0
10,-4,9,220,3164,-2308,0,0
2,-7,10,216,3166,-2308,0,0
-3,-6,9,222,3171,-2302,0,0
2,-3,9,222,3172,-2303,0,0
9,-12,10,223,3159,-2314,0,0
-2,-4,8,223,3166,-2306,0,0
-5,-4,8,224,3175,-2302,0,0
3,-4,9,219,3167,-2315,0,0
0,-3,6,225,3163,-2315,0,0
-3,-2,7,216,3181,-2296,0,0
16,-8,13,226,3161,-2316,0,0
9,-9,12,229,3156,-2321,0,0
-2,-6,9,223,3160,-2318,0,0
-1,-2,6,225,3163,-2316,0,0
4,-4,10,223,3160,-2319,0,0
4,-7,12,229,3153,-2322,0,0
-2,-4,8,226,3159,-2319,0,0
-5,-5,8,227,3162,-2320,0,0
2,-7,12,221,3164,-2316,0,0
7,-6,11,228,3148,-2323,0,0
-2,-6,9,232,3156,-2320,0,0
-4,-5,9,224,3155,-2324,0,0
-7,-2,4,226,3158,-2322,0,0
-7,0,2,231,3159,-2320,0,0
0,-3,7,226,3154,-2327,0,0
-2,-6,6,226,3159,-2323,0,0
-2,-7,11,221,3153,-2325,0,0
0,-1,5,231,3159,-2323,0,0
1,-10,7,231,3157,-2328,0,0
-2,-7,13,223,3158,-2327,0,0
4,-5,10,231,3155,-2328,0,0
-1,-5,9,230,3147,-2328,0,0
-1,-4,6,229,3144,-2329,0,0
-6,2,0,233,3148,-2327,0,0
-13,3,-9,231,3150,-2331,0,0
-15,1,0,229,3165,-2320,0,0
-3,1,2,229,3154,-2330,0,0
-10,3,-1,226,3154,-2326,0,0
-15,3,-2,224,3165,-2316,0,0
-6,-4,6,227,3154,-2325,0,0
-8,-6,5,233,3146,-2324,0,0
-19,2,-4,226,3147,-2329,0,0
-26,5,-7,221,3168,-2307,0,0
-13,2,0,225,3161,-2316,0,0
-10,1,2,224,3156,-2320,0,0
-18,-1,1,228,3164,-2316,0,0
-18,0,0,224,3155,-2315,0,0
-19,3,-2,220,3165,-2309,0,0
-16,2,-2,222,3170,-2312,0,0
-20,1,-1,226,3170,-2306,0,0
-17,-1,1,223,3174,-2300,0,0
-11,0,3,224,3167,-2305,0,0
-13,3,1,216,3170,-2300,0,0
0,-1,5,222,3179,-2302,0,0
1,-7,8,225,3157,-2318,0,0
-16,-1,1,221,3160,-2309,0,0
-17,2,0,215,3187,-2290,0,0
4,-3,8,219,3175,-2297,0,0
5,-5,10,227,3162,-2308,0,0
-1,-5,10,218,3170,-2295,0,0
5,-4,11,221,3169,-2300,0,0
9,-5,11,226,3165,-2314,0,0
4,-6,11,218,3166,-2312,0,0
1,-5,8,222,3167,-2309,0,0
-1,-3,7,223,3160,-2309,0,0
1,-4,9,227,3164,-2318,0,0
3,-3,8,224,3155,-2320,0,0
-3,4,1,225,3169,-2304,0,0
5,-1,4,223,3167,-2309,0,0
8,-8,10,230,3154,-2320,0,0
-2,-6,9,223,3156,-2319,0,0
-1,-2,5,222,3163,-2313,0,0
9,-5,10,225,3158,-2324,0,0
7,-6,12,229,3152,-2328,0,0
2,-6,12,227,3157,-2322,0,0
4,-6,13,224,3158,-2314,0,0
10,-14,13,225,3155,-2330,0,0
6,-7,12,232,3149,-2336,0,0
-5,-6,10,233,3150,-2325,0,0
-8,-7,10,227,3155,-2320,0,0
0,-3,7,226,3152,-2335,0,0
-4,1,2,229,3149,-2333,0,0
-6,-1,5,225,3162,-2323,0,0
4,-6,9,225,3148,-2337,0,0
0,-8,10,226,3149,-2329,0,0
1,-4,7,228,3144,-2332,0,0
0,-2,5,230,3153,-2331,0,0
1,-7,12,226,3150,-2337,0,0
1,-13,10,228,3148,-2335,0,0
1,-2,4,232,3149,-2331,0,0
0,-5,9,235,3141,-2342,0,0
-7,-1,4,224,3148,-2338,0,0
-11,1,-1,227,3146,-2341,0,0
-16,2,0,227,3151,-2336,0,0
-8,1,2,232,3154,-2333,0,0
-3,-1,5,230,3149,-2339,0,0
-15,2,0,227,3151,-2333,0,0
-13,3,-2,230,3163,-2325,0,0
-2,-6,6,229,3145,-2335,0,0
-14,-3,2,223,3143,-2335,0,0
-24,6,-7,224,3160,-2330,0,0
-19,4,-4,234,3157,-2321,0,0
-10,-1,4,227,3160,-2319,0,0
-9,-2,3,226,3151,-2330,0,0
-18,-1,1,224,3162,-2320,0,0
-14,2,0,222,3163,-2319,0,0
-12,2,0,225,3157,-2320,0,0
-15,1,1,227,3157,-2317,0,0
-14,4,-1,226,3161,-2313,0,0
-15,4,-2,223,3158,-2315,0,0
-13,2,1,221,3159,-2311,0,0
-9,6,-3,217,3173,-2312,0,0
3,1,3,221,3169,-2316,0,0
-5,-9,8,219,3153,-2317,0,0
-15,-3,2,226,3164,-2308,0,0
-5,2,1,220,3172,-2303,0,0
7,-4,10,226,3167,-2309,0,0
9,-7,14,221,3159,-2314,0,0
5,-5,10,222,3154,-2319,0,0
0,-4,7,223,3161,-2314,0,0
7,-2,7,222,3157,-2322,0,0
5,-4,9,223,3151,-2329,0,0
-9,-2,5,226,3162,-2319,0,0
-9,2,1,223,3165,-2316,0,0
3,-9,6,227,3164,-2318,0,0
7,-4,10,226,3151,-2323,0,0
2,-1,7,221,3162,-2318,0,0
13,-4,9,230,3162,-2324,0,0
10,-10,11,235,3138,-2343,0,0
-10,-13,14,219,3160,-2320,0,0
5,-3,6,226,3156,-2320,0,0
11,-3,8,231,3148,-2341,0,0
3,-11,16,222,3154,-2334,0,0
5,-7,13,224,3149,-2331,0,0
2,-5,10,229,3144,-2340,0,0
5,-7,12,232,3145,-2343,0,0
3,-16,13,227,3142,-2344,0,0
-4,-4,8,227,3148,-2341,0,0
-2,-3,7,237,3150,-2336,0,0
-4,-5,9,232,3141,-2337,0,0
-6,-2,6,225,3147,-2339,0,0
-2,0,4,223,3155,-2332,0,0
7,-6,10,230,3139,-2342,0,0
2,-8,12,235,3142,-2339,0,0
3,-5,9,230,3128,-2355,0,0
-9,-3,6,227,3147,-2338,0,0
-3,-6,9,228,3146,-2336,0,0
5,-6,12,233,3138,-2350,0,0
-4,-5,9,234,3140,-2350,0,0
-9,-4,8,233,3144,-2343,0,0
-2,-4,7,231,3143,-2345,0,0
-1,-5,9,232,3139,-2347,0,0
-10,0,4,233,3141,-2345,0,0
-13,2,-1,231,3148,-2343,0,0
-4,0,4,232,3136,-2351,0,0
-12,4,-2,234,3134,-2350,0,0
-15,6,-4,222,3158,-2333,0,0
2,-3,7,226,3140,-2346,0,0
-3,-6,7,236,3140,-2342,0,0
-16,0,1,233,3136,-2347,0,0
-22,5,-5,231,3152,-2334,0,0
-6,1,2,226,3146,-2338,0,0
-6,-3,5,230,3139,-2343,0,0
-13,1,1,233,3150,-2338,0,0
-16,1,1,228,3145,-2339,0,0
-18,0,0,224,3147,-2339,0,0
-19,1,-9,228,3147,-2329,0,0
-20,4,-3,228,3153,-2329,0,0
-20,1,-1,227,3156,-2324,0,0
-19,0,1,226,3152,-2324,0,0
-14,4,-2,228,3153,-2328,0,0
-4,4,-2,225,3168,-2327,0,0
-1,-6,8,224,3149,-2339,0,0
-16,-5,3,227,3152,-2322,0,0
-15,3,-2,222,3168,-2319,0,0
0,-1,5,225,3160,-2321,0,0
0,-4,9,219,3148,-2332,0,0
-5,-5,9,225,3155,-2323,0,0
-3,-6,9,232,3154,-2321,0,0
0,-3,8,225,3158,-2327,0,0
-4,-2,6,222,3152,-2329,0,0
-11,-4,6,227,3163,-2317,0,0
-2,-1,6,223,3163,-2321,0,0
3,-1,6,225,3151,-2325,0,0
-2,-3,7,217,3150,-2330,0,0
-7,0,4,222,3165,-2315,0,0
13,-5,11,230,3160,-2321,0,0
16,-11,14,237,3130,-2341,0,0
-7,-5,6,228,3143,-2328,0,0
-5,3,0,226,3167,-2323,0,0
9,-1,7,230,3151,-2339,0,0
5,-6,13,231,3142,-2337,0,0
0,-5,6,225,3151,-2329,0,0
3,-3,6,228,3152,-2335,0,0
2,-3,8,232,3145,-2339,0,0
3,-6,9,228,3145,-2337,0,0
2,-12,8,230,3143,-2339,0,0
-4,-4,8,226,3147,-2335,0,0
4,-5,10,234,3149,-2341,0,0
3,-5,9,230,3133,-2349,0,0
-8,-4,6,222,3154,-2333,0,0
6,-6,9,229,3146,-2340,0,0
8,-7,10,233,3133,-2353,0,0
-3,-7,11,229,3136,-2345,0,0
-4,-1,4,228,3144,-2340,0,0
3,-3,8,231,3144,-2345,0,0
2,-6,13,229,3136,-2355,0,0
0,-7,10,227,3145,-2349,0,0
1,-13,7,235,3136,-2351,0,0
-5,-4,8,232,3134,-2356,0,0
-8,-5,9,230,3131,-2350,0,0
-8,-1,3,234,3139,-2344,0,0
-9,-1,3,234,3140,-2348,0,0
-8,-3,5,233,3141,-2344,0,0
-7,3,-9,232,3134,-2353,0,0
-10,3,0,225,3146,-2343,0,0
1,-3,7,224,3142,-2343,0,0
6,-5,6,233,3129,-2352,0,0
-9,0,3,229,3128,-2362,0,0
-20,4,-3,228,3150,-2339,0,0
-9,1,2,225,3144,-2345,0,0
-11,-1,1,232,3135,-2353,0,0
-21,2,-1,233,3148,-2335,0,0
-17,2,0,227,3141,-2339,0,0
-20,2,-1,224,3143,-2345,0,0
-22,2,-3,231,3147,-2341,0,0
-23,1,-10,223,3150,-2326,0,0
-19,1,-2,218,3153,-2330,0,0
-15,4,-3,229,3146,-2337,0,0
-13,3,-1,226,3155,-2328,0,0
-6,-1,4,222,3163,-2325,0,0
-3,-5,5,230,3143,-2337,0,0
-19,-1,-1,222,3151,-2336,0,0
-19,2,-2,217,3165,-2322,0,0
-3,-1,4,221,3157,-2324,0,0
-4,-4,8,225,3152,-2332,0,0
-8,-5,8,224,3157,-2322,0,0
-4,-4,8,224,3149,-2321,0,0
-8,0,3,221,3153,-2322,0,0
-10,-2,3,228,3155,-2321,0,0
-10,-4,6,226,3150,-2328,0,0
-9,-2,6,219,3160,-2317,0,0
0,-1,6,220,3156,-2322,0,0
0,0,4,225,3153,-2328,0,0
8,-10,8,220,3173,-2314,0,0
26,-13,20,227,3153,-2327,0,0
15,-11,14,228,3128,-2345,0,0
-9,1,1,222,3147,-2334,0,0
-6,1,2,225,3159,-2327,0,0
8,-6,12,228,3149,-2337,0,0
7,-6,11,220,3142,-2344,0,0
4,-5,9,226,3150,-2340,0,0
7,-5,10,226,3144,-2339,0,0
4,-4,9,219,3143,-2345,0,0
-2,-6,10,227,3142,-2344,0,0
-2,-6,9,230,3144,-2341,0,0
1,-11,8,226,3141,-2343,0,0
-1,-3,8,229,3142,-2342,0,0
-1,-1,5,229,3142,-2350,0,0
3,-2,6,230,3145,-2346,0,0
4,-7,10,234,3140,-2348,0,0
3,-8,10,227,3143,-2343,0,0
0,-3,7,229,3136,-2351,0,0
-1,-4,8,233,3144,-2343,0,0
6,-6,12,230,3132,-2352,0,0
3,-5,10,234,3132,-2354,0,0
0,-4,7,232,3134,-2355,0,0
-1,-3,8,230,3138,-2351,0,0
2,-12,10,230,3135,-2353,0,0
-3,-5,9,236,3124,-2363,0,0
-12,-2,4,232,3140,-2353,0,0
-6,-2,6,227,3137,-2350,0,0
-5,-5,9,232,3132,-2351,0,0
-6,-4,7,231,3142,-2344,0,0
4,-3,8,234,3130,-2360,0,0
0,-7,8,239,3128,-2358,0,0
-1,-6,10,230,3128,-2351,0,0
-1,2,1,232,3128,-2355,0,0
-7,2,0,233,3130,-2357,0,0
-4,-2,6,229,3133,-2352,0,0
-3,0,2,233,3125,-2360,0,0
-9,1,1,234,3135,-2356,0,0
-9,1,1,229,3134,-2356,0,0
-17,1,0,231,3131,-2349,0,0
-24,2,-3,235,3141,-2346,0,0
-23,5,-6,233,3138,-2348,0,0
-26,2,-10,228,3144,-2348,0,0
-22,2,-1,224,3145,-2340,0,0
-16,6,-5,236,3146,-2346,0,0
-15,1,0,228,3149,-2342,0,0
-16,-5,2,227,3140,-2333,0,0
-21,-1,-2,224,3147,-2331,0,0
-12,3,-4,230,3152,-2329,0,0
-7,-2,5,227,3155,-2332,0,0
-6,-6,8,222,3146,-2334,0,0
-8,-2,4,227,3153,-2334,0,0
-9,-2,5,227,3149,-2338,0,0
-10,-2,6,225,3148,-2334,0,0
-11,-1,3,226,3144,-2339,0,0
-16,-2,1,218,3154,-2328,0,0
-18,-2,2,221,3159,-2323,0,0
-10,-1,3,219,3154,-2324,0,0
-9,0,3,220,3153,-2329,0,0
2,1,4,223,3176,-2315,0,0
14,-15,13,231,3145,-2333,0,0
2,-7,10,225,3135,-2339,0,0
-7,0,3,223,3157,-2327,0,0
5,1,5,221,3160,-2323,0,0
13,-5,12,222,3139,-2342,0,0
4,-7,12,226,3147,-2337,0,0
4,-4,8,229,3149,-2331,0,0
3,-3,8,230,3142,-2344,0,0
-1,-7,12,227,3151,-2330,0,0
7,-6,11,234,3141,-2344,0,0
-5,-1,5,226,3141,-2347,0,0
-5,-1,6,221,3149,-2336,0,0
3,-10,7,222,3143,-2338,0,0
-1,-2,6,228,3137,-2343,0,0
-3,-3,9,223,3156,-2338,0,0
12,-8,14,229,3141,-2344,0,0
8,-7,10,235,3127,-2351,0,0
-8,-3,6,228,3142,-2344,0,0
-1,-3,8,230,3149,-2345,0,0
12,-6,13,229,3137,-2355,0,0
5,-7,11,230,3132,-2355,0,0
-7,-5,9,232,3137,-2347,0,0
-3,-4,9,227,3138,-2344,0,0
4,-4,8,227,3135,-2351,0,0
-2,-5,8,238,3126,-2357,0,0
-11,-2,5,234,3137,-2347,0,0
-6,-3,6,232,3138,-2345,0,0
-2,-3,6,234,3133,-2349,0,0
-2,1,2,234,3139,-2351,0,0
-2,-3,8,225,3134,-2356,0,0
-1,-8,10,235,3138,-2355,0,0
5,-7,10,234,3131,-2353,0,0
-3,-3,8,236,3123,-2363,0,0
-6,-1,5,230,3140,-2350,0,0
4,-3,7,232,3131,-2357,0,0
-3,-1,3,236,3128,-2364,0,0
-10,1,0,231,3144,-2349,0,0
-1,1,4,232,3126,-2372,0,0
-12,0,4,228,3130,-2358,0,0
-17,1,1,230,3131,-2353,0,0
-18,2,-1,234,3135,-2354,0,0
-18,1,0,228,3139,-2352,0,0
-18,2,-9,228,3136,-2342,0,0
-18,4,-3,229,3141,-2342,0,0
-11,2,1,223,3145,-2342,0,0
-4,-4,4,230,3137,-2350,0,0
-17,-2,1,230,3133,-2352,0,0
-26,3,-3,223,3151,-2331,0,0
-12,1,1,226,3153,-2333,0,0
-3,-3,7,223,3139,-2347,0,0
-12,-1,3,227,3147,-2344,0,0
-14,1,1,232,3149,-2333,0,0
-10,-2,4,225,3149,-2336,0,0
-9,-4,5,228,3148,-2337,0,0
-11,-2,2,231,3144,-2335,0,0
-12,-1,2,223,3149,-2337,0,0
-10,-1,3,224,3152,-2332,0,0
-7,0,3,226,3146,-2332,0,0
-5,2,2,224,3151,-2332,0,0
0,-3,7,225,3150,-2331,0,0
0,-15,8,223,3137,-2342,0,0
-13,-3,3,226,3144,-2329,0,0
-6,0,4,226,3162,-2321,0,0
10,-4,11,228,3149,-2342,0,0
3,-5,11,220,3136,-2346,0,0
-7,-2,5,223,3154,-2332,0,0
3,-3,10,232,3154,-2329,0,0
9,-4,12,232,3137,-2341,0,0
-1,-4,9,226,3138,-2342,0,0
-9,-2,5,228,3139,-2337,0,0
-8,-2,6,225,3147,-2336,0,0
-1,-3,7,230,3147,-2343,0,0
2,0,5,232,3140,-2346,0,0
0,3,4,227,3147,-2343,0,0
9,-4,10,232,3147,-2336,0,0
14,-9,11,233,3136,-2346,0,0
2,-3,6,233,3131,-2356,0,0
-12,0,5,223,3147,-2346,0,0
2,-5,12,227,3150,-2345,0,0
13,-5,12,236,3125,-2357,0,0
-5,-5,8,230,3132,-2352,0,0
-8,-4,7,230,3145,-2340,0,0
2,-3,9,233,3133,-2348,0,0
-3,-4,7,232,3128,-2357,0,0
-11,-3,4,229,3143,-2347,0,0
0,-1,4,233,3134,-2356,0,0
-4,-2,7,234,3134,-2355,0,0
-5,-3,8,231,3140,-2342,0,0
3,0,4,231,3134,-2353,0,0
2,-4,9,227,3141,-2352,0,0
6,-7,10,235,3126,-2359,0,0
3,-6,10,234,3128,-2360,0,0
-3,-3,7,233,3136,-2354,0,0
1,-3,8,232,3133,-2355,0,0
7,-5,9,236,3125,-2366,0,0
0,-4,9,237,3124,-2363,0,0
-3,-3,6,227,3132,-2361,0,0
-4,-3,6,227,3130,-2360,0,0
-5,-3,6,235,3122,-2364,0,0
-8,-2,4,229,3128,-2363,0,0
-9,-2,5,231,3141,-2356,0,0
-1,-5,8,232,3131,-2358,0,0
1,-1,4,233,3130,-2364,0,0
-7,1,1,234,3132,-2358,0,0
-4,-3,6,234,3139,-2352,0,0
7,-4,6,240,3121,-2366,0,0
-7,0,2,230,3121,-2368,0,0
-15,3,-1,231,3135,-2356,0,0
-3,0,3,237,3134,-2357,0,0
-1,-2,7,232,3120,-2370,0,0
-16,-2,3,232,3131,-2357,0,0
-17,-1,2,234,3133,-2358,0,0
-13,-1,2,234,3130,-2363,0,0
-19,-3,2,233,3130,-2361,0,0
-22,-2,1,225,3141,-2351,0,0
-22,4,-4,231,3138,-2350,0,0
-22,1,-1,235,3139,-2344,0,0
-17,0,1,231,3142,-2345,0,0
-14,3,-1,228,3144,-2344,0,0
-3,0,4,233,3145,-2342,0,0
-4,-5,4,240,3127,-2357,0,0
-20,-1,-1,223,3140,-2341,0,0
-17,1,-1,223,3151,-2336,0,0
-4,0,3,231,3145,-2340,0,0
-2,-4,7,223,3134,-2346,0,0
-7,-4,6,229,3140,-2340,0,0
-6,-4,6,226,3147,-2338,0,0
1,-4,7,230,3140,-2341,0,0
-1,-5,9,232,3133,-2352,0,0
-16,-4,5,228,3137,-2347,0,0
-18,1,0,223,3150,-2335,0,0
-9,2,-1,229,3151,-2335,0,0
0,-13,8,229,3142,-2332,0,0
8,-5,12,220,3152,-2329,0,0
30,-8,18,224,3145,-2343,0,0
28,-13,19,242,3122,-2365,0,0
4,-9,14,232,3131,-2357,0,0
-3,-3,8,228,3141,-2350,0,0
-3,-2,4,231,3129,-2355,0,0
-12,-3,3,232,3137,-2349,0,0
-6,-3,7,227,3148,-2342,0,0
17,-8,16,227,3136,-2355,0,0
16,-7,15,235,3122,-2365,0,0
11,0,6,237,3130,-2358,0,0
8,-11,10,227,3133,-2364,0,0
6,-8,16,237,3119,-2366,0,0
-3,-6,11,239,3119,-2369,0,0
-19,-1,1,243,3108,-2376,0,0
-33,7,-8,225,3140,-2352,0,0
-10,0,2,217,3156,-2342,0,0
25,-11,16,235,3140,-2353,0,0
32,-13,22,242,3115,-2376,0,0
12,-7,15,239,3111,-2379,0,0
7,-10,17,234,3128,-2365,0,0
21,-16,27,236,3127,-2365,0,0
17,-12,19,248,3098,-2399,0,0
-16,-7,8,247,3101,-2394,0,0
-37,-5,2,235,3121,-2366,0,0
-25,6,-10,240,3117,-2375,0,0
-20,11,-11,237,3135,-2367,0,0
-5,-3,8,222,3148,-2351,0,0
30,-13,23,234,3128,-2365,0,0
34,-11,19,246,3094,-2398,0,0
5,-2,7,241,3110,-2386,0,0
3,2,1,234,3128,-2368,0,0
9,1,2,238,3096,-2392,0,0
-18,5,-5,249,3092,-2402,0,0
-47,9,-13,240,3120,-2376,0,0
-54,12,-17,235,3116,-2371,0,0
-45,20,-27,235,3135,-2357,0,0
-27,10,-12,232,3162,-2336,0,0
0,-8,13,225,3141,-2351,0,0
13,-12,18,227,3128,-2364,0,0
13,-9,13,241,3122,-2372,0,0
5,-6,11,245,3125,-2364,0,0
8,-5,12,229,3122,-2373,0,0
-4,-1,4,235,3104,-2385,0,0
-39,6,-11,240,3114,-2375,0,0
-60,3,-11,229,3135,-2360,0,0
-59,7,-16,230,3132,-2352,0,0
-39,18,-24,225,3154,-2328,0,0
-7,13,-9,224,3169,-2318,0,0
27,-6,17,218,3158,-2336,0,0
43,-19,30,227,3124,-2356,0,0
21,-18,26,233,3117,-2369,0,0
3,-9,12,239,3131,-2358,0,0
5,-7,13,231,3133,-2358,0,0
-2,-10,14,222,3120,-2377,0,0
-23,-1,-2,240,3111,-2371,0,0
-49,9,-14,240,3125,-2365,0,0
-58,14,-20,227,3147,-2347,0,0
-35,19,-21,229,3161,-2329,0,0
2,8,-3,215,3173,-2321,0,0
36,-13,22,217,3150,-2339,0,0
42,-21,28,231,3122,-2362,0,0
18,-15,22,230,3130,-2364,0,0
17,-11,19,242,3141,-2353,0,0
29,-14,26,234,3130,-2360,0,0
18,-18,27,229,3107,-2387,0,0
-7,-7,8,243,3101,-2390,0,0
-35,5,-9,242,3113,-2376,0,0
-52,11,-14,222,3131,-2360,0,0
-37,17,-20,231,3142,-2340,0,0
-11,11,-9,220,3159,-2335,0,0
14,-15,16,222,3151,-2345,0,0
34,-16,28,229,3126,-2363,0,0
27,-14,22,232,3125,-2371,0,0
21,-15,22,234,3128,-2367,0,0
26,-14,22,233,3127,-2363,0,0
21,-9,19,241,3099,-2394,0,0
-9,0,2,244,3097,-2397,0,0
-42,3,-6,237,3123,-2369,0,0
-46,6,-10,229,3118,-2368,0,0
-44,14,-21,238,3137,-2358,0,0
-20,9,-10,226,3158,-2336,0,0
15,-9,17,219,3151,-2340,0,0
49,-16,30,231,3120,-2371,0,0
40,-18,29,234,3110,-2383,0,0
21,-22,30,245,3121,-2371,0,0
27,-21,32,242,3112,-2378,0,0
19,-17,25,234,3080,-2419,0,0
-22,-10,10,247,3105,-2392,0,0
-41,3,-9,245,3102,-2397,0,0
-62,15,-25,231,3109,-2385,0,0
-61,25,-35,235,3133,-2355,0,0
-26,32,-34,240,3160,-2330,0,0
11,7,2,214,3159,-2345,0,0
40,-19,32,220,3132,-2365,0,0
41,-25,27,241,3101,-2388,0,0
8,-9,14,245,3106,-2390,0,0
-1,-11,15,240,3125,-2372,0,0
2,-8,14,233,3118,-2381,0,0
-15,-1,0,243,3093,-2403,0,0
-59,9,-19,244,3097,-2389,0,0
-92,16,-29,227,3131,-2361,0,0
-72,27,-39,220,3149,-2340,0,0
-34,30,-34,229,3171,-2321,0,0
-5,13,-13,221,3159,-2329,0,0
4,-2,5,214,3148,-2342,0,0
14,-14,21,213,3160,-2337,0,0
33,-27,28,226,3133,-2352,0,0
22,-17,24,240,3126,-2362,0,0
10,-14,21,231,3132,-2358,0,0
0,-8,13,230,3117,-2373,0,0
-27,2,-5,230,3112,-2380,0,0
-57,6,-14,224,3135,-2354,0,0
-57,9,-16,224,3147,-2334,0,0
-31,16,-20,226,3165,-2322,0,0
-2,5,1,211,3162,-2324,0,0
31,-11,24,219,3154,-2331,0,0
45,-26,41,228,3120,-2367,0,0
10,-28,32,239,3109,-2371,0,0
-19,0,-4,242,3127,-2362,0,0
-37,14,-20,228,3137,-2354,0,0
-46,10,-19,225,3152,-2336,0,0
-38,7,-16,220,3143,-2347,0,0
-43,-4,-7,219,3129,-2353,0,0
-49,-33,24,204,3155,-2324,0,0
-42,-28,17,227,3148,-2324,0,0
-22,7,-19,239,3152,-2331,0,0
-27,8,-16,204,3164,-2332,0,0
-45,-8,-3,207,3176,-2297,0,0
-37,-1,-4,221,3175,-2289,0,0
-34,17,-24,246,3165,-2303,0,0
-66,24,-37,206,3178,-2309,0,0
-122,17,-39,182,3201,-2277,0,0
-133,2,-32,189,3219,-2239,0,0
-104,7,-33,193,3226,-2222,0,0
-59,15,-29,195,3228,-2229,0,0
-32,7,-13,162,3247,-2211,0,0
2,-5,6,163,3258,-2188,0,0
55,1,7,189,3214,-2241,0,0
33,6,0,206,3190,-2269,0,0
-5,-2,2,170,3236,-2233,0,0
34,-18,23,166,3239,-2211,0,0
62,-17,31,191,3187,-2264,0,0
53,1,17,221,3190,-2268,0,0
63,3,18,206,3180,-2288,0,0
53,-2,19,189,3183,-2297,0,0
50,-9,25,183,3216,-2263,0,0
81,-14,34,176,3186,-2283,0,0
87,-16,36,196,3152,-2334,0,0
61,-26,51,204,3142,-2347,0,0
36,-31,53,223,3142,-2336,0,0
32,-21,40,239,3133,-2343,0,0
26,1,14,250,3126,-2358,0,0
5,13,-5,220,3143,-2337,0,0
-12,8,-4,207,3134,-2347,0,0
-20,4,-5,208,3126,-2366,0,0
-37,-5,1,217,3150,-2336,0,0
-37,-5,2,224,3153,-2325,0,0
-19,8,-2,224,3165,-2324,0,0
-2,10,-1,208,3162,-2328,0,0
8,-3,8,206,3147,-2339,0,0
6,-3,4,211,3155,-2332,0,0
17,-9,14,205,3162,-2318,0,0
37,-12,22,219,3146,-2333,0,0
48,-8,24,217,3127,-2362,0,0
25,-15,25,227,3121,-2369,0,0
2,-18,23,224,3112,-2381,0,0
-24,-13,17,218,3117,-2364,0,0
-29,5,-1,239,3145,-2336,0,0
-3,16,-7,234,3153,-2342,0,0
2,2,4,217,3132,-2360,0,0
-36,-12,6,205,3108,-2383,0,0
-84,-16,1,207,3137,-2351,0,0
-58,9,-10,235,3177,-2290,0,0
-3,34,-16,236,3173,-2308,0,0
34,24,-1,201,3183,-2319,0,0
68,-15,32,207,3156,-2330,0,0
55,-31,43,217,3101,-2383,0,0
-8,-35,36,191,3115,-2389,0,0
-36,-36,37,217,3174,-2315,0,0
40,-21,45,254,3189,-2282,0,0
132,-16,58,261,3139,-2347,0,0
122,-49,88,259,3072,-2435,0,0
29,-81,97,259,3047,-2449,0,0
-30,-53,49,207,3047,-2448,0,0
-65,0,-9,243,3100,-2392,0,0
-39,33,-33,296,3141,-2343,0,0
15,41,-23,249,3133,-2374,0,0
27,22,-6,224,3097,-2412,0,0
9,6,-3,269,3096,-2392,0,0
-32,10,-16,237,3092,-2415,0,0
-72,-7,-7,230,3137,-2365,0,0
-25,-8,8,269,3137,-2345,0,0
12,19,-9,257,3106,-2384,0,0
15,27,-20,232,3114,-2391,0,0
10,9,-3,218,3122,-2379,0,0
8,-10,16,237,3108,-2392,0,0
-4,-10,13,250,3104,-2392,0,0
-11,-19,20,234,3120,-2379,0,0
8,-48,51,238,3140,-2355,0,0
49,-65,76,252,3122,-2373,0,0
80,-56,69,251,3083,-2420,0,0
74,-41,53,249,3073,-2431,0,0
61,-38,45,254,3085,-2419,0,0
51,-45,57,263,3074,-2433,0,0
23,-42,51,266,3047,-2460,0,0
-27,-32,27,258,3021,-2486,0,0
-78,-15,-1,252,3024,-2466,0,0
-111,24,-41,255,3075,-2420,0,0
-68,64,-72,253,3116,-2394,0,0
-23,70,-71,245,3122,-2385,0,0
-8,38,-35,233,3128,-2383,0,0
11,-6,14,240,3125,-2383,0,0
40,-27,42,249,3100,-2410,0,0
46,-33,48,250,3085,-2416,0,0
52,-32,49,253,3100,-2413,0,0
60,-27,44,263,3071,-2435,0,0
18,-22,30,272,3037,-2465,0,0
-44,-9,5,264,3019,-2480,0,0
-107,17,-36,253,3051,-2442,0,0
-130,48,-70,244,3103,-2398,0,0
-88,64,-80,245,3128,-2377,0,0
-54,61,-69,244,3127,-2367,0,0
-32,33,-37,232,3140,-2365,0,0
-7,-8,12,226,3145,-2354,0,0
34,-27,41,230,3122,-2374,0,0
45,-26,39,242,3099,-2397,0,0
37,-25,40,250,3102,-2389,0,0
42,-12,29,250,3099,-2400,0,0
29,-4,17,252,3087,-2420,0,0
-21,-2,-1,260,3053,-2447,0,0
-87,10,-28,251,3081,-2408,0,0
-107,26,-44,238,3122,-2370,0,0
-65,35,-45,236,3136,-2360,0,0
-23,31,-32,230,3142,-2356,0,0
7,6,-1,216,3155,-2341,0,0
46,-19,33,228,3131,-2360,0,0
64,-28,44,246,3103,-2393,0,0
40,-36,50,237,3108,-2396,0,0
41,-39,56,236,3110,-2392,0,0
64,-28,48,256,3103,-2402,0,0
58,-20,39,258,3066,-2431,0,0
19,-17,27,265,3052,-2448,0,0
-33,-17,10,259,3057,-2439,0,0
-76,-13,-9,258,3074,-2420,0,0
-96,13,-31,252,3096,-2404,0,0
-75,36,-46,241,3110,-2386,0,0
-26,38,-40,234,3138,-2358,0,0
8,28,-18,234,3133,-2369,0,0
17,18,-9,236,3103,-2393,0,0
7,15,-12,244,3115,-2387,0,0
22,-16,6,223,3168,-2337,0,0
81,-21,16,229,3133,-2338,0,0
131,-17,15,264,3092,-2416,0,0
165,-31,31,275,3059,-2467,0,0
135,-4,-2,222,2991,-2508,0,0
124,57,-74,209,3031,-2485,0,0
156,81,-88,223,3082,-2462,0,0
250,100,-63,206,3047,-2450,0,0
393,100,-29,230,3013,-2519,0,0
504,56,13,234,2936,-2600,0,0
458,62,21,238,2806,-2735,0,0
332,44,34,273,2705,-2839,0,0
132,12,31,290,2735,-2825,0,0
-9,-14,45,302,2787,-2777,0,0
-16,-22,51,285,2813,-2751,0,0
-33,-6,24,254,2752,-2792,0,0
-60,7,-10,270,2777,-2776,0,0
-98,33,-55,275,2798,-2748,0,0
-128,35,-54,250,2825,-2739,0,0
-127,3,-9,261,2904,-2685,0,0
-72,-28,37,289,2861,-2675,0,0
-18,-23,33,255,2851,-2698,0,0
1,-2,1,263,2850,-2709,0,0
-5,-5,11,270,2846,-2701,0,0
-22,-20,39,271,2864,-2702,0,0
-31,-32,43,276,2863,-2687,0,0
0,-24,28,271,2862,-2682,0,0
8,-15,15,267,2818,-2727,0,0
-60,-13,0,254,2829,-2720,0,0
-109,-12,-6,276,2893,-2662,0,0
-71,-4,-4,291,2890,-2646,0,0
-29,0,3,249,2891,-2660,0,0
3,4,-2,263,2888,-2666,0,0
18,-9,16,264,2878,-2675,0,0
14,-19,24,279,2857,-2689,0,0
-18,-10,10,268,2867,-2675,0,0
-21,-2,3,250,2902,-2652,0,0
23,-2,8,273,2888,-2658,0,0
35,-1,14,278,2856,-2690,0,0
-8,-6,9,261,2838,-2707,0,0
-63,2,-13,266,2848,-2692,0,0
-88,18,-35,268,2892,-2657,0,0
-66,23,-35,264,2901,-2648,0,0
-43,14,-17,257,2911,-2639,0,0
-8,-5,14,240,2940,-2626,0,0
35,-20,35,264,2910,-2644,0,0
52,-25,44,260,2894,-2655,0,0
52,-32,49,262,2875,-2673,0,0
37,-31,43,271,2854,-2687,0,0
19,-19,32,277,2876,-2662,0,0
43,-5,23,269,2886,-2670,0,0
48,2,13,269,2858,-2695,0,0
20,5,3,292,2836,-2709,0,0
-9,7,-7,282,2829,-2715,0,0
-26,17,-29,255,2869,-2686,0,0
-9,22,-28,260,2891,-2671,0,0
42,16,-13,279,2871,-2676,0,0
63,-5,21,262,2846,-2718,0,0
2,-29,41,268,2825,-2724,0,0
-16,-29,38,273,2844,-2699,0,0
3,-16,16,279,2856,-2701,0,0
6,-7,12,284,2842,-2714,0,0
-17,-13,19,280,2842,-2707,0,0
-33,-4,6,278,2843,-2705,0,0
-34,9,-14,277,2856,-2699,0,0
-47,10,-21,275,2852,-2699,0,0
-50,13,-29,271,2855,-2697,0,0
-61,8,-21,268,2885,-2670,0,0
-29,0,-6,262,2897,-2658,0,0
6,-10,19,249,2889,-2666,0,0
27,-22,37,261,2868,-2685,0,0
34,-26,43,280,2859,-2695,0,0
21,-29,38,279,2846,-2704,0,0
5,-16,34,271,2868,-2695,0,0
14,-16,38,281,2877,-2678,0,0
11,-15,28,291,2843,-2700,0,0
-19,-12,18,280,2829,-2716,0,0
-39,3,-6,284,2829,-2702,0,0
-71,19,-29,281,2863,-2683,0,0
-80,19,-31,275,2889,-2666,0,0
-48,11,-15,275,2903,-2651,0,0
-8,-1,8,264,2895,-2660,0,0
11,-8,18,271,2881,-2661,0,0
9,-8,15,283,2867,-2672,0,0
-7,-2,5,279,2877,-2668,0,0
0,-3,8,278,2891,-2664,0,0
13,-2,8,278,2871,-2677,0,0
2,2,-2,280,2882,-2671,0,0
-1,-3,5,279,2879,-2674,0,0
-15,-4,-2,283,2843,-2698,0,0
-71,8,-25,278,2844,-2686,0,0
-105,21,-39,267,2910,-2639,0,0
-63,23,-32,262,2933,-2623,0,0
-19,8,-9,269,2927,-2635,0,0
2,-14,22,268,2902,-2642,0,0
6,-21,31,265,2903,-2645,0,0
6,-25,25,270,2894,-2650,0,0
8,-13,21,269,2901,-2646,0,0
10,-7,14,275,2903,-2646,0,0
8,-4,9,278,2887,-2651,0,0
-9,0,2,274,2881,-2661,0,0
-40,6,-16,272,2889,-2660,0,0
-60,8,-28,268,2890,-2656,0,0
-77,10,-26,267,2913,-2627,0,0
-64,16,-26,267,2938,-2608,0,0
-34,13,-15,257,2938,-2608,0,0
-1,6,6,258,2950,-2604,0,0
44,-11,31,267,2935,-2619,0,0
54,-26,39,269,2900,-2647,0,0
29,-20,28,272,2888,-2649,0,0
8,-5,9,265,2906,-2637,0,0
9,-2,6,275,2910,-2639,0,0
3,-1,4,274,2891,-2653,0,0
-21,3,-6,268,2895,-2648,0,0
-31,8,-12,258,2921,-2624,0,0
1,3,0,256,2941,-2613,0,0
40,-20,32,267,2903,-2644,0,0
31,-28,44,271,2878,-2660,0,0
16,-5,23,267,2898,-2650,0,0
29,3,19,276,2908,-2646,0,0
51,-25,38,273,2901,-2654,0,0
61,-28,44,276,2875,-2667,0,0
35,-18,28,277,2855,-2690,0,0
4,-2,3,289,2830,-2711,0,0
-63,13,-26,287,2853,-2689,0,0
-86,22,-35,270,2907,-2646,0,0
-51,19,-27,274,2912,-2641,0,0
-15,9,-9,271,2902,-2649,0,0
9,-3,8,259,2908,-2644,0,0
45,-17,30,264,2920,-2644,0,0
78,-40,56,278,2886,-2667,0,0
63,-49,68,281,2842,-2695,0,0
34,-26,42,273,2857,-2691,0,0
44,-11,28,292,2866,-2686,0,0
27,-13,24,293,2831,-2715,0,0
-2,-2,2,285,2804,-2730,0,0
-70,17,-33,288,2836,-2713,0,0
-120,24,-43,275,2876,-2675,0,0
-100,27,-42,273,2914,-2641,0,0
-39,23,-29,261,2918,-2641,0,0
3,4,2,266,2911,-2644,0,0
30,-22,38,279,2896,-2655,0,0
43,-31,49,272,2881,-2669,0,0
47,-22,38,281,2863,-2678,0,0
32,-15,19,285,2856,-2689,0,0
9,-5,9,282,2876,-2682,0,0
-3,-3,4,289,2833,-2698,0,0
-58,13,-24,278,2840,-2701,0,0
-105,28,-47,278,2882,-2663,0,0
-97,39,-57,280,2913,-2637,0,0
-60,37,-47,267,2913,-2637,0,0
-38,13,-17,261,2926,-2625,0,0
-7,-7,14,258,2925,-2626,0,0
20,-17,29,262,2906,-2642,0,0
28,-18,30,273,2900,-2650,0,0
27,-17,31,278,2902,-2649,0,0
31,-15,29,271,2892,-2656,0,0
27,-16,25,278,2880,-2670,0,0
-13,-6,3,292,2836,-2693,0,0
-96,15,-33,271,2869,-2662,0,0
-119,32,-54,268,2932,-2616,0,0
-62,39,-52,264,2947,-2604,0,0
-30,27,-31,263,2930,-2610,0,0
-20,7,-6,260,2943,-2608,0,0
12,-15,27,262,2950,-2605,0,0
48,-24,41,263,2912,-2626,0,0
49,-20,33,270,2903,-2638,0,0
41,-15,29,273,2911,-2635,0,0
37,-26,33,275,2893,-2650,0,0
15,-17,25,279,2864,-2670,0,0
-35,3,-8,276,2872,-2662,0,0
-72,20,-34,276,2908,-2634,0,0
-68,20,-34,266,2918,-2619,0,0
-50,21,-29,261,2926,-2615,0,0
-25,26,-27,264,2950,-2607,0,0
8,11,-4,264,2958,-2603,0,0
45,-17,35,254,2936,-2618,0,0
62,-24,44,266,2897,-2642,0,0
45,-14,30,275,2886,-2651,0,0
20,-6,15,280,2895,-2646,0,0
0,-10,7,275,2882,-2655,0,0
-33,5,-7,272,2883,-2659,0,0
-60,15,-22,272,2903,-2637,0,0
-62,18,-27,263,2917,-2622,0,0
-42,18,-22,260,2934,-2613,0,0
-8,4,-3,254,2949,-2610,0,0
29,-19,27,264,2930,-2621,0,0
38,-29,42,269,2906,-2639,0,0
33,-24,37,268,2906,-2639,0,0
29,-15,28,270,2903,-2636,0,0
36,-13,27,276,2911,-2639,0,0
47,-15,29,280,2892,-2654,0,0
19,-26,25,282,2861,-2677,0,0
-30,-7,6,279,2857,-2673,0,0
-66,10,-23,273,2898,-2643,0,0
-54,14,-23,272,2920,-2632,0,0
-15,4,-3,266,2929,-2628,0,0
16,-15,25,264,2913,-2633,0,0
24,-27,42,267,2899,-2645,0,0
25,-29,42,278,2890,-2647,0,0
21,-28,40,283,2885,-2657,0,0
12,-23,34,276,2895,-2646,0,0
32,-12,25,272,2896,-2654,0,0
51,-5,16,288,2884,-2672,0,0
19,-10,20,291,2850,-2696,0,0
-29,-8,7,275,2853,-2692,0,0
-57,8,-23,277,2868,-2672,0,0
-66,24,-39,289,2893,-2649,0,0
-50,24,-32,273,2914,-2641,0,0
-25,8,-8,257,2920,-2633,0,0
-1,-5,9,267,2911,-2637,0,0
13,-9,16,284,2890,-2647,0,0
7,-6,17,273,2886,-2658,0,0
2,-5,13,264,2911,-2641,0,0
26,-7,17,281,2903,-2647,0,0
25,-9,13,289,2872,-2671,0,0
-17,0,-4,286,2850,-2687,0,0
-78,14,-27,269,2887,-2662,0,0
-87,23,-38,267,2925,-2622,0,0
-56,23,-32,274,2928,-2617,0,0
-27,13,-14,266,2921,-2629,0,0
-16,0,3,260,2918,-2628,0,0
-13,0,2,263,2925,-2613,0,0
3,-4,8,275,2927,-2611,0,0
20,-15,26,271,2917,-2621,0,0
22,-14,25,267,2913,-2629,0,0
13,-6,12,274,2903,-2637,0,0
1,3,-2,278,2898,-2649,0,0
-28,4,-9,282,2882,-2662,0,0
-87,10,-27,260,2897,-2636,0,0
-88,19,-35,262,2960,-2585,0,0
-23,16,-18,265,2974,-2576,0,0
30,-7,16,261,2933,-2609,0,0
33,-21,35,263,2913,-2634,0,0
22,-19,32,274,2928,-2617,0,0
33,-19,33,270,2917,-2623,0,0
37,-13,29,265,2908,-2634,0,0
30,-7,16,277,2913,-2637,0,0
21,-5,11,281,2887,-2656,0,0
-16,2,-3,277,2876,-2660,0,0
-58,18,-30,267,2896,-2633,0,0
-52,35,-45,264,2943,-2607,0,0
-10,26,-26,267,2930,-2624,0,0
-1,3,2,254,2923,-2624,0,0
8,-9,18,259,2927,-2616,0,0
35,-5,17,271,2938,-2609,0,0
74,-6,23,273,2926,-2616,0,0
117,2,23,264,2885,-2644,0,0
135,20,12,269,2913,-2643,0,0
180,36,14,293,2888,-2653,0,0
308,55,-6,276,2852,-2689,0,0
435,85,-43,277,2767,-2768,0,0
528,120,-60,288,2733,-2819,0,0
553,124,-39,313,2629,-2930,0,0
454,86,-9,323,2557,-3000,0,0
420,66,10,280,2593,-2968,0,0
391,73,26,366,2421,-3112,0,0
317,53,13,347,2430,-3079,0,0
432,49,26,323,2414,-3127,0,0
552,40,24,331,2356,-3159,0,0
705,44,40,358,2323,-3232,0,0
809,19,50,393,2148,-3330,0,0
839,2,34,418,1917,-3492,0,0
734,-9,-30,370,1775,-3520,0,0
638,-11,-70,367,1685,-3563,0,0
620,21,-81,357,1643,-3625,0,0
458,18,-64,342,1640,-3658,0,0
194,-5,-35,340,1549,-3673,0,0
43,-9,-5,352,1526,-3659,0,0
70,-10,-6,353,1604,-3672,0,0
136,-4,-19,351,1623,-3686,0,0
146,-3,-10,334,1509,-3639,0,0
143,19,10,337,1479,-3693,0,0
153,30,6,354,1455,-3707,0,0
202,40,-9,394,1416,-3761,0,0
178,40,-60,365,1358,-3745,0,0
142,48,-89,348,1381,-3753,0,0
80,45,-77,385,1356,-3786,0,0
14,21,-50,386,1366,-3765,0,0
-7,12,-19,353,1372,-3750,0,0
-27,14,-15,347,1371,-3750,0,0
-49,20,-21,353,1403,-3750,0,0
-28,15,-12,378,1430,-3741,0,0
13,5,21,357,1425,-3743,0,0
64,-3,27,376,1396,-3754,0,0
65,-3,9,373,1333,-3764,0,0
1,14,-34,395,1274,-3773,0,0
-108,17,-40,390,1319,-3758,0,0
-159,5,-8,343,1468,-3719,0,0
-82,3,-3,368,1497,-3731,0,0
16,-4,8,374,1459,-3719,0,0
86,-1,15,356,1402,-3719,0,0
99,8,-2,372,1381,-3757,0,0
79,6,3,382,1367,-3760,0,0
62,6,34,363,1354,-3745,0,0
82,5,31,385,1402,-3765,0,0
145,11,12,399,1349,-3763,0,0
144,18,1,380,1252,-3794,0,0
64,13,-21,398,1206,-3832,0,0
-51,-11,-42,405,1259,-3800,0,0
-92,-9,-24,355,1318,-3740,0,0
-34,5,12,355,1397,-3772,0,0
43,3,28,379,1354,-3773,0,0
106,5,35,371,1290,-3767,0,0
120,14,30,399,1252,-3813,0,0
88,14,22,397,1258,-3802,0,0
88,8,33,388,1279,-3796,0,0
117,6,45,403,1224,-3805,0,0
117,3,43,409,1207,-3818,0,0
104,-1,24,415,1163,-3840,0,0
47,-3,-16,423,1089,-3843,0,0
-28,2,-39,389,1110,-3825,0,0
-71,6,-29,391,1203,-3842,0,0
-82,-4,-14,413,1222,-3813,0,0
-36,-8,17,384,1240,-3793,0,0
20,3,20,375,1213,-3813,0,0
25,7,9,420,1193,-3841,0,0
2,-6,28,413,1186,-3828,0,0
-14,-10,38,384,1203,-3810,0,0
9,0,28,402,1214,-3817,0,0
39,7,1,422,1196,-3828,0,0
57,6,-3,403,1185,-3824,0,0
35,7,-6,411,1144,-3830,0,0
12,3,-30,437,1126,-3860,0,0
-19,-2,-44,401,1146,-3819,0,0
-38,-6,-37,378,1166,-3838,0,0
-18,-27,-9,390,1229,-3832,0,0
32,-25,-2,412,1225,-3830,0,0
97,-17,-6,388,1178,-3799,0,0
192,-7,-10,370,1143,-3843,0,0
240,-12,-7,364,1182,-3835,0,0
390,0,-19,385,1088,-3857,0,0
555,21,-28,366,998,-3891,0,0
600,42,-29,357,836,-3895,0,0
557,54,-6,445,652,-4019,0,0
424,19,-7,432,634,-4005,0,0
259,6,-14,419,567,-3998,0,0
108,-6,-20,391,560,-3986,0,0
30,-1,-16,385,565,-3989,0,0
-50,4,-1,424,578,-3995,0,0
-45,0,39,404,664,-3969,0,0
18,1,26,408,600,-3989,0,0
-4,1,-16,416,585,-3990,0,0
-17,1,-6,390,644,-3983,0,0
14,1,28,405,638,-4003,0,0
48,5,26,387,630,-3988,0,0
62,3,15,414,572,-3983,0,0
32,3,2,431,503,-3999,0,0
-65,-3,-26,413,543,-4008,0,0
-111,-7,-43,391,664,-3976,0,0
-50,5,-32,408,643,-3978,0,0
-2,6,1,395,626,-3987,0,0
0,1,20,397,607,-3993,0,0
1,-5,30,406,633,-3985,0,0
17,-7,30,403,606,-3995,0,0
2,-6,21,404,610,-3989,0,0
1,-8,18,408,623,-3990,0,0
17,-3,12,403,630,-3990,0,0
40,-2,29,409,602,-3986,0,0
26,-7,46,412,549,-3982,0,0
-37,2,21,423,584,-3954,0,0
-42,27,2,447,535,-3995,0,0
-143,12,13,417,599,-3996,0,0
-260,-2,9,405,752,-3992,0,0
-269,-5,2,423,707,-3981,0,0
-251,-16,40,413,754,-3947,0,0
-226,-5,50,399,820,-3929,0,0
-152,-9,36,461,791,-3995,0,0
-119,-38,32,390,812,-3887,0,0
-119,27,34,388,908,-3868,0,0
-28,119,3,407,838,-3883,0,0
35,136,-19,551,1028,-4004,0,0
194,127,-81,511,769,-3853,0,0
140,122,-51,408,599,-3984,0,0
-53,80,-103,603,825,-4077,0,0
-299,17,-94,573,710,-3838,0,0
-291,-16,47,424,997,-3890,0,0
-121,27,-18,462,1125,-3872,0,0
110,45,-40,551,840,-3886,0,0
91,17,-11,544,842,-3919,0,0
-18,-3,-5,530,840,-3911,0,0
-34,-42,31,488,905,-3866,0,0
148,-37,81,428,899,-3872,0,0
48,17,-5,637,910,-4020,0,0
-94,-14,-52,592,827,-3870,0,0
-69,-37,-14,454,818,-3899,0,0
-74,-32,-9,406,861,-3912,0,0
-204,-4,-59,571,1099,-3895,0,0
-4,-1,-22,540,934,-3860,0,0
66,-14,63,412,804,-3879,0,0
-37,-9,42,495,1086,-3955,0,0
30,-26,1,571,923,-3852,0,0
97,-64,88,452,823,-3884,0,0
156,-95,91,444,950,-3967,0,0
196,-119,93,468,707,-3939,0,0
9,-114,110,495,739,-3991,0,0
-139,-113,53,473,941,-3931,0,0
-49,-97,-3,402,986,-3888,0,0
54,-64,-23,357,866,-3864,0,0
192,-20,7,356,832,-3915,0,0
175,-3,26,477,708,-4004,0,0
66,-8,38,400,792,-3875,0,0
80,41,52,375,749,-3970,0,0
51,38,43,439,831,-3936,0,0
195,28,19,402,777,-3939,0,0
197,34,19,420,567,-4000,0,0
3,16,10,482,570,-4022,0,0
-126,-10,-2,435,708,-3947,0,0
-81,-23,-10,408,742,-3951,0,0
-105,-6,-15,436,690,-3990,0,0
-129,-15,-2,432,899,-3968,0,0
74,-25,-11,372,807,-3878,0,0
215,20,-21,393,654,-3968,0,0
145,8,-26,438,627,-3993,0,0
123,-2,-5,437,762,-3977,0,0
191,9,-4,416,617,-3962,0,0
206,14,12,431,561,-4020,0,0
119,-2,-15,422,512,-3995,0,0
40,5,-42,430,523,-3991,0,0
-25,13,-31,433,521,-3994,0,0
-98,0,-1,427,599,-3978,0,0
-80,-4,32,456,625,-4032,0,0
-20,-19,32,383,648,-3947,0,0
60,7,10,416,588,-4001,0,0
84,-2,0,422,597,-4000,0,0
121,-3,4,411,574,-4003,0,0
105,3,-10,444,490,-4006,0,0
51,-8,13,441,502,-4001,0,0
26,-6,13,430,512,-4009,0,0
-1,-7,-14,424,489,-4014,0,0
-13,-9,-41,413,533,-3993,0,0
-5,6,-40,439,487,-3996,0,0
-50,-4,13,418,524,-4002,0,0
-48,-11,40,395,589,-4008,0,0
12,4,23,409,540,-3989,0,0
9,14,23,438,481,-3973,0,0
-18,27,57,448,526,-3987,0,0
-58,24,86,478,484,-4055,0,0
-157,0,59,408,612,-3976,0,0
-73,20,23,441,631,-4002,0,0
-24,13,-8,476,516,-3997,0,0
-66,-4,-30,444,521,-3986,0,0
-119,-5,-35,433,620,-3998,0,0
-70,-2,-31,435,665,-3964,0,0
0,5,-12,434,645,-4005,0,0
-58,-11,1,452,527,-3962,0,0
-79,-10,42,432,689,-3970,0,0
-15,3,34,431,671,-3968,0,0
19,3,25,449,643,-3980,0,0
29,1,25,451,643,-3975,0,0
17,2,14,455,596,-3981,0,0
-26,3,-8,460,558,-3984,0,0
-85,-1,-23,449,627,-3979,0,0
-102,-5,-23,441,673,-3967,0,0
-80,-6,-15,444,688,-3959,0,0
-34,-3,7,440,709,-3962,0,0
6,5,16,438,686,-3974,0,0
14,0,18,444,684,-3973,0,0
28,1,27,458,679,-3965,0,0
42,5,26,453,657,-3969,0,0
49,0,24,458,648,-3972,0,0
40,2,23,468,605,-3981,0,0
-15,-8,6,453,572,-3982,0,0
-118,-20,-24,463,698,-3994,0,0
-176,-6,-46,490,623,-3966,0,0
-228,-25,20,441,665,-3944,0,0
-230,-29,51,394,836,-3937,0,0
-114,-8,14,427,859,-3930,0,0
33,6,-6,445,828,-3927,0,0
94,11,3,444,722,-3950,0,0
45,3,25,450,713,-3960,0,0
-17,-4,46,438,757,-3953,0,0
-50,-6,39,462,745,-3963,0,0
-73,-6,5,466,737,-3934,0,0
-92,-6,-17,435,796,-3943,0,0
-92,-3,-35,445,846,-3932,0,0
-49,-1,-22,446,849,-3917,0,0
29,1,-10,423,897,-3924,0,0
144,0,-31,460,887,-3938,0,0
104,5,-68,504,982,-3922,0,0
-65,10,-136,486,1062,-3859,0,0
-153,40,-195,388,843,-3888,0,0
73,89,-196,372,605,-3884,0,0
301,143,-128,407,469,-3979,0,0
443,139,-98,569,264,-4177,0,0
-50,78,-47,531,606,-3946,0,0
-288,61,28,515,778,-3980,0,0
-302,31,-4,517,947,-3912,0,0
-23,36,-28,513,922,-3857,0,0
273,57,-5,566,849,-3899,0,0
275,27,-7,722,783,-3961,0,0
-18,-17,-41,774,688,-3869,0,0
15,-9,-52,523,583,-3917,0,0
159,8,-45,311,574,-4038,0,0
46,25,-69,342,540,-4009,0,0
-91,20,-61,455,467,-4062,0,0
-236,-39,-40,576,677,-3976,0,0
-321,-44,-18,511,796,-3903,0,0
-260,-39,-13,440,927,-3898,0,0
-117,-4,-37,442,988,-3887,0,0
-19,25,-34,531,816,-3918,0,0
-7,19,0,558,814,-3929,0,0
-1,-4,5,484,842,-3905,0,0
1,-6,2,486,857,-3917,0,0
67,5,-3,497,890,-3900,0,0
45,16,14,544,699,-3988,0,0
-186,-28,12,568,859,-3947,0,0
-108,-67,-10,540,989,-3903,0,0
39,-33,-39,370,775,-3799,0,0
-91,41,-17,490,660,-4041,0,0
-410,11,-10,614,1095,-3836,0,0
-34,-2,8,508,1219,-3802,0,0
338,49,-25,367,816,-3863,0,0
105,56,-11,546,648,-4080,0,0
-176,-25,11,640,1062,-3834,0,0
145,-32,68,474,898,-3812,0,0
260,2,74,435,726,-3970,0,0
43,-9,7,552,784,-3975,0,0
-55,-20,-21,559,828,-3912,0,0
-55,-16,-10,518,849,-3915,0,0
-39,-12,-20,498,871,-3920,0,0
-25,-18,-34,468,837,-3903,0,0
-2,-3,-34,465,905,-3916,0,0
29,6,-29,543,806,-3930,0,0
-9,-21,17,479,868,-3888,0,0
63,-12,15,469,897,-3921,0,0
155,-4,-30,489,847,-3924,0,0
241,5,-33,461,829,-3916,0,0
361,22,-43,476,790,-3953,0,0
432,24,-74,474,625,-3966,0,0
227,29,-64,512,407,-4001,0,0
-120,67,-28,607,601,-3986,0,0
-193,-25,49,653,500,-4061,0,0
-311,-117,160,358,588,-3817,0,0
-363,3,119,365,1009,-3976,0,0
-173,86,-77,651,839,-3892,0,0
75,31,-33,599,728,-3921,0,0
75,-9,37,407,716,-3951,0,0
6,-17,47,416,764,-3991,0,0
-154,-58,2,583,798,-3963,0,0
-88,-43,-9,549,765,-3886,0,0
-51,-14,-2,450,792,-3934,0,0
-134,-7,-9,460,672,-3973,0,0
-324,-33,17,526,889,-3899,0,0
-167,-48,19,447,1261,-3832,0,0
306,49,-76,479,905,-3913,0,0
300,46,-52,526,461,-3997,0,0
-254,4,32,538,782,-3952,0,0
-262,29,16,514,1174,-3776,0,0
173,54,0,488,842,-3919,0,0
183,22,-16,456,753,-3933,0,0
138,15,11,474,812,-4006,0,0
-78,-26,23,615,788,-3908,0,0
-69,-43,33,512,855,-3918,0,0
-144,-58,66,499,676,-3963,0,0
-215,-61,97,432,1002,-3823,0,0
-43,26,58,523,938,-3928,0,0
-3,21,-2,587,914,-3884,0,0
130,-2,1,472,844,-3896,0,0
89,5,10,475,755,-3951,0,0
-58,-2,13,512,822,-3918,0,0
-118,-3,13,521,924,-3914,0,0
-49,4,2,516,922,-3890,0,0
26,14,-1,500,876,-3905,0,0
18,10,0,516,826,-3927,0,0
-41,1,1,513,882,-3907,0,0
-26,2,9,511,899,-3896,0,0
-7,3,3,520,879,-3906,0,0
-7,3,2,511,866,-3906,0,0
-41,2,-3,525,878,-3905,0,0
-55,4,-11,527,917,-3884,0,0
-13,5,-7,500,931,-3898,0,0
13,4,-2,521,888,-3905,0,0
-6,6,6,531,868,-3901,0,0
-23,6,0,522,884,-3902,0,0
-34,-2,-10,508,909,-3893,0,0
-26,1,-4,512,922,-3888,0,0
-14,1,21,529,913,-3901,0,0
-2,4,30,521,922,-3883,0,0
20,8,17,525,901,-3902,0,0
0,2,8,538,903,-3900,0,0
-11,6,2,544,903,-3890,0,0
-8,7,-9,527,897,-3898,0,0
-3,5,-8,533,926,-3894,0,0
0,7,-1,537,890,-3905,0,0
-9,4,-3,526,881,-3894,0,0
-32,4,-10,526,888,-3903,0,0
-56,-1,-6,532,936,-3886,0,0
-26,0,15,520,953,-3880,0,0
-1,7,27,528,919,-3894,0,0
-13,5,31,553,925,-3884,0,0
3,2,23,546,912,-3881,0,0
-4,7,-2,546,889,-3900,0,0
-46,4,-10,552,945,-3887,0,0
-18,0,1,536,962,-3877,0,0
22,6,1,551,913,-3892,0,0
-9,2,-19,557,866,-3897,0,0
-63,0,-30,542,913,-3895,0,0
-89,-5,-27,537,955,-3878,0,0
-72,-6,-18,534,989,-3868,0,0
-37,-4,-8,536,979,-3872,0,0
-16,-2,0,538,970,-3875,0,0
-15,0,4,545,967,-3876,0,0
-17,-4,15,528,973,-3876,0,0
-14,-2,16,532,988,-3878,0,0
-3,-1,8,551,981,-3868,0,0
-4,1,-13,559,967,-3870,0,0
-12,4,-9,541,959,-3882,0,0
-41,-2,-6,529,973,-3869,0,0
-54,-1,-14,515,996,-3861,0,0
-41,3,-18,543,1012,-3862,0,0
-14,-4,22,560,1028,-3857,0,0
4,-16,59,517,1014,-3853,0,0
30,-1,51,523,987,-3872,0,0
7,4,22,566,941,-3873,0,0
-23,3,0,572,986,-3862,0,0
-19,0,5,536,1026,-3865,0,0
-1,3,17,532,1011,-3861,0,0
-5,8,9,567,952,-3868,0,0
-36,6,-6,566,956,-3870,0,0
-67,-4,-12,551,971,-3877,0,0
-110,-32,4,537,1028,-3843,0,0
-65,-38,29,521,1083,-3826,0,0
63,-13,18,551,1035,-3850,0,0
79,-26,17,543,949,-3862,0,0
161,19,-19,479,1215,-3822,0,0
309,65,-78,635,764,-3956,0,0
37,-2,18,541,900,-3888,0,0
-34,-15,66,531,945,-3894,0,0
-25,-10,29,552,993,-3865,0,0
36,2,-27,573,878,-3904,0,0
-51,-17,-25,553,820,-3912,0,0
-183,-31,25,516,998,-3861,0,0
-100,-15,41,525,1079,-3840,0,0
55,0,29,556,928,-3867,0,0
58,8,35,537,959,-3872,0,0
45,12,24,572,883,-3909,0,0
-3,-8,0,529,1022,-3841,0,0
101,18,-27,564,932,-3903,0,0
42,3,-1,580,864,-3895,0,0
-7,3,30,530,988,-3883,0,0
32,0,-9,569,842,-3902,0,0
-70,-25,-13,545,851,-3894,0,0
-89,-24,2,529,1035,-3862,0,0
22,-17,12,539,945,-3882,0,0
28,-16,36,522,933,-3891,0,0
30,-17,27,566,939,-3907,0,0
51,-42,7,530,863,-3883,0,0
31,-41,3,500,939,-3871,0,0
26,5,-35,523,943,-3890,0,0
80,40,-41,552,943,-3893,0,0
114,23,5,593,768,-3941,0,0
-47,-31,27,495,803,-3919,0,0
-107,-41,-26,474,953,-3897,0,0
9,-21,-67,549,1010,-3895,0,0
178,-15,-29,479,850,-3883,0,0
193,-8,2,428,898,-3890,0,0
72,62,-70,571,750,-3933,0,0
-36,87,-31,669,787,-3909,0,0
-84,-8,87,603,672,-4026,0,0
-347,-135,115,396,765,-3858,0,0
-436,-27,68,434,1269,-3827,0,0
17,32,-36,672,1003,-3863,0,0
162,0,-10,489,846,-3857,0,0
85,27,-11,450,835,-3965,0,0
-147,-14,-23,562,918,-3912,0,0
-203,-23,17,535,1058,-3844,0,0
-67,-3,33,518,1028,-3855,0,0
44,7,23,498,1004,-3865,0,0
83,14,15,522,935,-3890,0,0
35,-4,24,545,907,-3889,0,0
24,-8,32,520,1029,-3866,0,0
86,4,27,564,867,-3904,0,0
4,-26,31,537,853,-3910,0,0
14,-43,3,470,1062,-3859,0,0
173,-6,-58,549,829,-3922,0,0
68,-23,-27,491,964,-3865,0,0
180,11,-29,508,873,-3921,0,0
97,11,-11,537,772,-3931,0,0
-25,2,42,510,818,-3921,0,0
-67,3,25,531,866,-3918,0,0
-27,-2,-16,483,992,-3887,0,0
120,44,-56,509,794,-3933,0,0
-8,26,-17,577,734,-3897,0,0
-17,-33,44,592,947,-3998,0,0
8,-53,-21,435,766,-3856,0,0
-59,-3,15,479,644,-3954,0,0
-308,49,26,582,1129,-3818,0,0
73,41,30,564,1022,-3882,0,0
180,26,2,517,698,-3960,0,0
7,-8,19,481,722,-3899,0,0
-118,-42,60,531,932,-3935,0,0
-34,-66,32,591,1000,-3928,0,0
53,-60,-25,477,881,-3867,0,0
192,-45,-68,422,895,-3896,0,0
349,30,-129,501,815,-3939,0,0
196,71,-96,682,441,-3947,0,0
-290,-23,98,526,754,-3940,0,0
-303,-52,111,410,1000,-3912,0,0
-58,-3,34,439,934,-3901,0,0
75,22,-5,531,829,-3922,0,0
50,18,3,559,761,-3938,0,0
-33,7,19,507,803,-3929,0,0
-71,2,21,504,873,-3913,0,0
-31,9,13,512,899,-3895,0,0
32,9,1,531,800,-3922,0,0
-17,7,-19,525,786,-3929,0,0
-73,2,-22,511,864,-3916,0,0
-75,-2,-12,514,891,-3899,0,0
-37,10,-7,525,877,-3908,0,0
-48,10,27,519,903,-3898,0,0
-33,20,32,522,878,-3908,0,0
-75,37,5,536,931,-3893,0,0
-103,54,-24,627,818,-3968,0,0
-250,-34,44,545,890,-3851,0,0
-252,-41,73,448,1050,-3845,0,0
-155,-1,20,583,1069,-3864,0,0
15,-9,-11,546,1002,-3803,0,0
18,5,-13,513,873,-3915,0,0
-140,-18,-8,575,1024,-3861,0,0
-121,-33,31,507,1138,-3812,0,0
18,1,20,522,1141,-3841,0,0
160,5,20,535,945,-3861,0,0
62,-1,34,530,895,-3929,0,0
-138,-14,12,569,1075,-3817,0,0
-15,-9,17,547,1115,-3841,0,0
107,1,26,501,968,-3842,0,0
49,12,25,561,949,-3907,0,0
-21,-9,2,578,981,-3859,0,0
-3,-27,-3,519,918,-3857,0,0
41,-33,-10,473,1124,-3843,0,0
132,-15,-19,565,897,-3920,0,0
38,-67,36,523,1014,-3865,0,0
158,-48,24,468,1005,-3878,0,0
237,-22,-22,471,974,-3866,0,0
384,36,-69,607,776,-4003,0,0
164,-31,-59,497,774,-3907,0,0
229,7,-56,367,978,-3858,0,0
288,95,-47,609,500,-3992,0,0
-71,26,50,649,719,-4023,0,0
-188,-80,50,497,591,-3940,0,0
-353,-33,80,376,763,-3876,0,0
-279,62,4,543,1207,-3875,0,0
160,44,-41,617,798,-3900,0,0
118,17,37,485,695,-3942,0,0
-11,-5,47,446,737,-3948,0,0
-161,-18,14,597,896,-3925,0,0
-61,-11,4,574,950,-3859,0,0
81,7,13,480,824,-3909,0,0
43,3,7,508,758,-3951,0,0
-75,-12,3,559,821,-3933,0,0
-95,-13,-7,523,877,-3891,0,0
-50,5,-18,518,868,-3909,0,0
-38,-2,-11,525,891,-3911,0,0
-31,-6,19,506,891,-3897,0,0
-16,10,26,527,855,-3912,0,0
-26,-2,11,561,891,-3914,0,0
-5,-21,9,520,875,-3892,0,0
-14,-23,15,494,871,-3902,0,0
-9,-2,8,552,913,-3894,0,0
33,8,-1,550,831,-3914,0,0
-25,-9,-15,498,832,-3915,0,0
-72,-8,-19,519,917,-3903,0,0
-28,-3,0,519,954,-3881,0,0
36,7,24,513,909,-3906,0,0
16,4,12,543,778,-3929,0,0
-99,-23,26,523,898,-3888,0,0
-65,-15,18,485,985,-3870,0,0
69,10,-21,530,958,-3900,0,0
129,5,-16,552,881,-3934,0,0
131,-6,-14,475,775,-3893,0,0
-109,26,-21,573,657,-3975,0,0
-334,24,-12,628,1188,-3870,0,0
140,1,-19,445,1031,-3781,0,0
399,43,-12,364,618,-3916,0,0
57,9,21,680,571,-4139,0,0
-427,-143,42,697,947,-3852,0,0
-74,-112,36,240,1435,-3634,0,0
833,113,-113,423,795,-4043,0,0
372,63,-76,765,232,-4053,0,0
-352,-64,139,591,846,-3961,0,0
-305,-75,87,489,738,-3919,0,0
-240,-48,85,391,709,-3863,0,0
-287,45,33,501,1177,-3847,0,0
119,81,-86,582,1152,-3867,0,0
469,47,-142,504,656,-3928,0,0
374,3,-25,430,567,-4013,0,0
-10,5,0,652,722,-3947,0,0
-159,-19,72,588,725,-3943,0,0
-146,-81,92,437,876,-3929,0,0
-52,-49,-5,490,757,-3922,0,0
-50,-7,-5,515,594,-3956,0,0
-296,-38,36,558,899,-3927,0,0
79,-41,-60,391,1555,-3684,0,0
982,145,-172,444,425,-4024,0,0
314,84,-38,633,31,-4110,0,0
-562,42,66,658,838,-3899,0,0
-444,-36,110,644,870,-4033,0,0
-252,-122,91,331,771,-3720,0,0
-45,-2,115,353,806,-4076,0,0
-250,-59,-33,688,1039,-3836,0,0
286,20,-89,439,1118,-3761,0,0
576,105,-70,493,427,-4119,0,0
-133,4,3,687,463,-3985,0,0
-480,-80,137,525,952,-3852,0,0
-178,-37,90,415,980,-3878,0,0
46,10,-18,485,867,-3927,0,0
48,24,-40,546,802,-3938,0,0
-31,8,-15,559,807,-3932,0,0
-77,-2,0,521,819,-3915,0,0
-92,-3,-5,480,889,-3895,0,0
-64,3,-22,520,893,-3908,0,0
-47,-3,-6,517,894,-3890,0,0
0,2,26,499,925,-3901,0,0
38,3,34,518,877,-3915,0,0
-16,-2,18,532,808,-3922,0,0
-92,-3,15,533,896,-3894,0,0
-87,-4,32,523,936,-3890,0,0
-13,-2,27,510,964,-3884,0,0
86,-8,-2,527,875,-3918,0,0
102,-27,-31,504,854,-3908,0,0
74,-50,-28,521,805,-3943,0,0
-45,-56,-9,495,833,-3921,0,0
-48,-36,-4,412,1029,-3843,0,0
70,30,-34,577,785,-3930,0,0
9,36,30,562,837,-3863,0,0
39,0,87,489,864,-3961,0,0
37,-20,22,424,925,-3920,0,0
131,-16,-52,509,862,-3924,0,0
157,-5,-48,477,660,-3918,0,0
-216,39,-46,549,701,-3952,0,0
-343,90,-14,643,1062,-3837,0,0
-26,24,97,518,824,-3933,0,0
-193,-29,76,461,868,-3960,0,0
-272,-44,28,442,1025,-3833,0,0
-36,-29,17,465,929,-3847,0,0
-138,-27,23,640,834,-3914,0,0
-117,-44,65,535,1296,-3795,0,0
230,-9,0,456,1012,-3842,0,0
341,1,-26,442,758,-3915,0,0
167,-10,-22,539,934,-3966,0,0
118,8,-57,556,883,-3893,0,0
93,6,-30,510,839,-3939,0,0
-12,-13,13,507,780,-3926,0,0
-54,-21,54,461,985,-3892,0,0
100,4,9,476,837,-3911,0,0
20,8,0,558,731,-3942,0,0
-7,4,25,519,930,-3878,0,0
79,11,22,497,747,-3948,0,0
-12,2,15,515,882,-3920,0,0
51,1,-13,516,837,-3920,0,0
110,3,-26,477,754,-3930,0,0
13,-13,-15,535,704,-3985,0,0
-190,6,24,530,818,-3883,0,0
-160,69,11,536,1105,-3874,0,0
145,63,-6,552,678,-3944,0,0
9,9,16,520,745,-3954,0,0
-27,-12,23,447,800,-3916,0,0
-195,-45,23,630,718,-3923,0,0
-181,-89,47,514,1115,-3838,0,0
210,-29,-39,382,1119,-3814,0,0
625,90,-135,502,529,-4019,0,0
31,24,-57,709,418,-4067,0,0
-503,-75,86,575,974,-3860,0,0
-211,-62,116,387,965,-3853,0,0
44,-4,34,421,879,-3927,0,0
62,25,-54,577,825,-3926,0,0
22,15,-12,569,811,-3926,0,0
-38,1,36,503,840,-3920,0,0
-45,-3,25,500,841,-3916,0,0
-39,-1,-17,521,852,-3909,0,0
-36,6,-37,537,827,-3915,0,0
-77,-4,-15,503,828,-3911,0,0
-113,-16,28,487,974,-3900,0,0
-21,4,15,516,938,-3886,0,0
53,11,15,512,834,-3912,0,0
-34,1,13,539,799,-3935,0,0
-120,-5,29,508,1021,-3875,0,0
5,18,8,523,921,-3888,0,0
56,13,0,527,853,-3906,0,0
-1,8,-13,543,839,-3916,0,0
-57,-12,0,516,897,-3892,0,0
-58,-5,-2,509,928,-3893,0,0
-42,-3,-4,532,936,-3885,0,0
-1,-7,33,509,924,-3894,0,0
-3,7,36,525,908,-3899,0,0
-16,5,29,532,941,-3890,0,0
-59,18,6,562,850,-3922,0,0
-188,-11,33,546,925,-3879,0,0
-181,-24,44,513,1016,-3859,0,0
-71,-10,9,528,1008,-3844,0,0
57,-3,-3,511,944,-3860,0,0
-40,-4,-23,538,902,-3929,0,0
-148,-30,-32,578,1164,-3828,0,0
87,-20,-20,472,1022,-3804,0,0
226,20,10,436,844,-3928,0,0
-87,-6,12,630,896,-3952,0,0
-158,-27,36,539,1193,-3788,0,0
161,7,14,437,976,-3841,0,0
158,19,0,541,785,-3978,0,0
-104,-35,34,593,975,-3868,0,0
-56,-78,41,498,1032,-3814,0,0
213,-20,-30,421,1043,-3867,0,0
290,20,-93,539,772,-3968,0,0
135,-11,-41,482,950,-3882,0,0
180,13,-16,547,765,-3970,0,0
-9,-18,27,512,773,-3919,0,0
-23,-14,55,490,831,-3914,0,0
23,-36,19,506,985,-3931,0,0
282,1,-92,380,981,-3831,0,0
535,86,-127,489,524,-4021,0,0
32,57,-21,688,384,-3984,0,0
-380,48,84,558,904,-3864,0,0
-150,12,65,609,765,-4040,0,0
-212,-63,60,450,618,-3888,0,0
-200,-45,71,353,978,-3912,0,0
-96,-28,-21,577,997,-3875,0,0
198,5,-73,533,1045,-3854,0,0
494,67,-75,452,577,-3963,0,0
63,23,-3,590,419,-4078,0,0
-436,-49,58,592,883,-3877,0,0
-234,-44,82,473,983,-3869,0,0
79,-12,8,425,816,-3904,0,0
106,13,-47,507,820,-3951,0,0
25,17,-46,589,765,-3945,0,0
-70,-11,36,507,776,-3918,0,0
-71,-14,64,450,880,-3917,0,0
-3,5,33,527,845,-3922,0,0
17,2,16,531,779,-3924,0,0
-11,-1,14,508,828,-3924,0,0
2,-8,24,535,840,-3940,0,0
28,-25,27,507,824,-3925,0,0
50,-33,2,523,749,-3960,0,0
6,-31,-34,442,796,-3882,0,0
71,-11,-70,473,938,-3947,0,0
224,29,-96,568,812,-3940,0,0
303,26,-43,445,615,-3870,0,0
97,30,28,539,476,-4058,0,0
-228,28,50,611,806,-3860,0,0
4,4,83,470,834,-3922,0,0
46,-8,87,509,517,-4028,0,0
-231,-23,85,497,723,-3956,0,0
-347,-22,49,550,814,-3939,0,0
-291,-27,20,542,872,-3901,0,0
-180,-17,21,461,917,-3883,0,0
-98,8,3,513,951,-3911,0,0
-43,13,-5,539,884,-3897,0,0
-91,0,30,500,846,-3913,0,0
-211,-24,43,525,891,-3909,0,0
-278,-23,21,526,997,-3874,0,0
-289,-11,22,515,1062,-3848,0,0
-185,-3,32,521,1087,-3830,0,0
-70,-2,29,519,1089,-3832,0,0
-10,-5,7,515,1038,-3852,0,0
-59,-7,-23,510,1037,-3863,0,0
-90,-5,-22,522,1134,-3822,0,0
-45,2,6,512,1120,-3832,0,0
-47,-6,31,487,1099,-3840,0,0
-54,-5,40,513,1127,-3824,0,0
-33,2,22,545,1082,-3831,0,0
-89,5,-6,526,1135,-3821,0,0
-59,4,-2,506,1211,-3812,0,0
33,9,13,530,1164,-3825,0,0
40,8,5,538,1063,-3832,0,0
-14,2,-8,523,1083,-3835,0,0
-79,-2,-29,528,1105,-3830,0,0
-118,-11,-23,514,1197,-3793,0,0
-88,-6,0,515,1204,-3796,0,0
-47,4,8,517,1190,-3790,0,0
18,6,16,509,1192,-3807,0,0
30,5,17,544,1148,-3822,0,0
-5,-6,18,523,1139,-3807,0,0
-41,-11,14,519,1190,-3812,0,0
-34,-10,12,536,1203,-3796,0,0
3,-1,3,530,1166,-3802,0,0
-1,5,-21,523,1146,-3813,0,0
-45,0,-24,524,1169,-3815,0,0
-78,-15,-9,509,1248,-3793,0,0
-26,-25,6,515,1213,-3781,0,0
-4,-21,22,506,1205,-3805,0,0
13,-15,24,520,1204,-3798,0,0
7,-13,22,510,1155,-3806,0,0
-29,-9,8,518,1207,-3792,0,0
-13,-5,-4,515,1238,-3785,0,0
31,-9,5,512,1219,-3795,0,0
38,3,1,502,1140,-3825,0,0
-25,-2,-19,522,1142,-3814,0,0
-67,-3,-26,505,1196,-3793,0,0
-70,0,-25,498,1255,-3789,0,0
-18,-4,-2,506,1259,-3778,0,0
30,-1,24,504,1216,-3803,0,0
27,-9,23,508,1184,-3811,0,0
2,-11,18,501,1186,-3801,0,0
-18,-2,5,511,1192,-3802,0,0
-25,1,-6,518,1236,-3793,0,0
-4,-2,1,504,1232,-3792,0,0
21,-10,4,496,1196,-3801,0,0
-5,-1,-4,514,1166,-3810,0,0
-39,-4,-8,510,1192,-3797,0,0
-45,9,6,497,1237,-3793,0,0
-21,8,27,496,1260,-3785,0,0
26,-1,29,507,1214,-3792,0,0
24,4,25,535,1184,-3803,0,0
-3,-5,17,517,1198,-3801,0,0
-20,-9,13,504,1236,-3800,0,0
10,-8,7,516,1227,-3793,0,0
34,3,-1,526,1183,-3800,0,0
-6,10,-6,524,1168,-3811,0,0
-41,15,-9,512,1217,-3795,0,0
-24,11,-25,506,1228,-3787,0,0
-14,1,-18,512,1209,-3799,0,0
-23,-13,19,519,1236,-3790,0,0
8,-11,40,507,1230,-3785,0,0
28,-4,34,521,1193,-3803,0,0
-6,-4,26,524,1176,-3811,0,0
-44,-1,7,523,1228,-3786,0,0
-15,10,-7,532,1248,-3780,0,0
35,9,6,519,1206,-3787,0,0
17,0,16,529,1159,-3826,0,0
-45,-15,-12,531,1185,-3794,0,0
-54,-12,-35,513,1217,-3780,0,0
-57,-4,-36,507,1238,-3798,0,0
-45,-6,3,503,1304,-3758,0,0
33,-1,37,493,1271,-3787,0,0
65,-3,42,521,1209,-3788,0,0
62,-3,55,515,1156,-3808,0,0
-1,-6,38,531,1169,-3808,0,0
-27,-9,24,527,1233,-3779,0,0
6,-2,18,532,1256,-3790,0,0
58,3,18,528,1192,-3788,0,0
36,10,12,536,1130,-3831,0,0
-17,6,-9,524,1161,-3796,0,0
-19,-3,-23,513,1187,-3812,0,0
-81,-24,-14,544,1184,-3816,0,0
-114,4,37,529,1339,-3748,0,0
76,-1,38,497,1288,-3757,0,0
174,-13,17,497,1073,-3834,0,0
-6,-39,26,551,1094,-3860,0,0
-137,-63,31,524,1227,-3775,0,0
-102,-36,18,493,1267,-3771,0,0
12,-11,6,514,1249,-3782,0,0
80,-11,18,485,1143,-3808,0,0
-60,-23,-3,512,1098,-3870,0,0
-239,-52,-12,529,1264,-3761,0,0
-112,-35,13,440,1378,-3721,0,0
16,-12,17,462,1229,-3820,0,0
-87,-23,32,517,1237,-3785,0,0
-93,-22,43,486,1306,-3738,0,0
-15,6,11,475,1274,-3768,0,0
-21,12,4,493,1269,-3784,0,0
-40,6,8,499,1334,-3751,0,0
17,6,3,482,1322,-3758,0,0
29,2,-5,508,1213,-3800,0,0
-47,4,-6,495,1282,-3771,0,0
-55,16,-30,460,1298,-3764,0,0
-57,8,-25,519,1266,-3776,0,0
-63,-5,10,500,1388,-3725,0,0
24,-6,25,456,1333,-3750,0,0
51,-4,7,489,1280,-3767,0,0
50,-14,11,496,1321,-3761,0,0
60,-8,-2,480,1276,-3775,0,0
30,-1,-22,488,1293,-3770,0,0
27,-7,-3,517,1237,-3787,0,0
-29,3,27,495,1281,-3769,0,0
-13,17,4,484,1295,-3758,0,0
13,28,-16,481,1273,-3773,0,0
21,29,-4,504,1253,-3782,0,0
-6,20,27,501,1299,-3769,0,0
3,8,25,509,1286,-3771,0,0
20,-1,8,512,1241,-3792,0,0
-25,-12,1,512,1239,-3789,0,0
-64,-16,-1,508,1296,-3758,0,0
-19,-12,-4,495,1315,-3759,0,0
49,6,-15,483,1319,-3760,0,0
56,13,-27,532,1187,-3803,0,0
-38,-1,-3,506,1262,-3765,0,0
-18,8,-28,496,1285,-3774,0,0
-19,8,-34,483,1264,-3787,0,0
-45,-2,-11,503,1303,-3765,0,0
-24,0,35,506,1300,-3756,0,0
16,5,36,488,1315,-3756,0,0
56,11,14,516,1238,-3782,0,0
19,-10,22,514,1217,-3783,0,0
5,-23,27,478,1370,-3736,0,0
180,48,-25,517,1313,-3790,0,0
161,22,12,560,1103,-3856,0,0
-49,-43,41,514,1156,-3812,0,0
-130,-28,25,505,1204,-3780,0,0
-76,-8,-1,485,1336,-3736,0,0
56,8,-13,525,1218,-3796,0,0
18,-12,9,506,1203,-3812,0,0
-21,-31,30,494,1258,-3785,0,0
-5,-25,29,500,1277,-3780,0,0
70,-24,25,503,1248,-3781,0,0
122,-32,38,502,1191,-3809,0,0
99,-43,54,506,1154,-3824,0,0
57,-76,45,503,1200,-3843,0,0
76,-98,-1,470,1196,-3842,0,0
79,-109,-37,481,1105,-3868,0,0
-2,-94,-33,422,1116,-3838,0,0
-14,-64,2,376,1199,-3769,0,0
44,-53,5,419,1123,-3842,0,0
65,-33,-11,411,1140,-3802,0,0
72,-10,-20,441,1057,-3883,0,0
0,-26,4,393,1132,-3815,0,0
25,-9,18,369,1150,-3824,0,0
56,8,-4,428,1089,-3880,0,0
35,-1,2,411,1080,-3840,0,0
32,7,-12,401,1068,-3869,0,0
-16,0,-29,405,1064,-3867,0,0
-74,-11,-3,402,1102,-3850,0,0
-54,-6,28,379,1179,-3824,0,0
21,2,37,415,1114,-3860,0,0
22,-3,38,394,1095,-3854,0,0
21,-2,31,401,1088,-3857,0,0
3,0,16,427,1064,-3870,0,0
-20,-2,2,400,1122,-3844,0,0
-2,1,-1,412,1102,-3852,0,0
-9,5,-6,422,1054,-3868,0,0
-66,3,-21,411,1064,-3869,0,0
-104,-2,-33,383,1133,-3830,0,0
-85,7,-23,410,1153,-3830,0,0
-83,4,14,414,1152,-3839,0,0
-133,-10,66,411,1135,-3862,0,0
-227,-30,88,405,1172,-3820,0,0
-218,-27,57,402,1283,-3763,0,0
-84,8,32,423,1269,-3786,0,0
-32,12,19,411,1317,-3787,0,0
41,11,3,423,1276,-3797,0,0
89,15,-12,389,1233,-3783,0,0
63,8,-48,419,1163,-3864,0,0
-81,-13,-67,468,1183,-3829,0,0
-213,-36,9,426,1140,-3846,0,0
-408,-49,77,376,1359,-3758,0,0
-271,-43,55,359,1546,-3628,0,0
90,-3,6,378,1435,-3722,0,0
181,13,-12,432,1274,-3798,0,0
128,3,29,401,1297,-3785,0,0
61,1,47,401,1262,-3789,0,0
13,-1,42,432,1307,-3785,0,0
30,-10,27,430,1276,-3779,0,0
105,-4,-5,387,1294,-3770,0,0
174,9,-56,397,1247,-3809,0,0
256,14,-87,388,1314,-3760,0,0
407,41,-92,424,1131,-3839,0,0
345,26,-50,405,1054,-3882,0,0
184,12,-9,439,958,-3918,0,0
-9,-12,28,405,1034,-3859,0,0
-14,-5,29,386,1124,-3848,0,0
62,6,8,417,977,-3876,0,0
-9,-5,24,434,1063,-3885,0,0
-7,-3,2,411,1072,-3859,0,0
12,6,-16,406,992,-3886,0,0
-43,0,-19,418,1007,-3883,0,0
-77,-2,-24,392,1087,-3860,0,0
-39,-1,-17,408,1113,-3857,0,0
17,-3,14,401,1083,-3866,0,0
21,-4,31,407,1036,-3872,0,0
-6,-6,20,411,1049,-3875,0,0
-9,-3,9,415,1071,-3860,0,0
9,0,9,403,1070,-3861,0,0
18,1,9,411,1060,-3866,0,0
11,-1,15,415,1040,-3874,0,0
-9,-5,1,420,1025,-3872,0,0
