-6,-2056,1,1925,-894,-3452,0,0
-13,-5,0,1953,-889,-3450,0,0
-27,12,-1,1972,-889,-3455,0,0
-48,17,-13,1936,-879,-3430,0,0
-34,31,11,1944,-867,-3482,0,0
-9,90,30,2014,-862,-3477,0,0
7,-4,24,1964,-867,-3460,0,0
12,-38,14,1949,-1002,-3469,0,0
13,-31,12,1919,-877,-3473,0,0
20,-22,3,1938,-902,-3411,0,0
-4,-18,-6,1975,-898,-3385,0,0
-40,-18,9,1951,-866,-3490,0,0
-16,-48,6,1949,-870,-3498,0,0
5,-114,23,2008,-893,-3377,0,0
2,-63,58,1937,-893,-3496,0,0
25,51,49,1820,-883,-3560,0,0
30,-48,-6,1878,-902,-3509,0,0
33,-6,-12,1932,-898,-3468,0,0
44,20,4,1965,-933,-3414,0,0
10,-34,27,1974,-921,-3427,0,0
-17,-40,47,1936,-914,-3472,0,0
-17,20,43,1701,-914,-3489,0,0
-15,116,-28,1926,-972,-3471,0,0
-27,-106,-12,2202,-851,-3448,0,0
-6,-47,55,1837,-902,-3517,0,0
6,-10,52,1824,-945,-3477,0,0
-14,-62,6,1871,-928,-3459,0,0
-27,14,-4,1863,-924,-3457,0,0
-45,14,2,1935,-915,-3486,0,0
-33,-11,2,1954,-882,-3507,0,0
-15,-40,12,1936,-906,-3468,0,0
-14,-37,24,1841,-909,-3528,0,0
16,-17,4,1898,-879,-3536,0,0
36,-37,2,1902,-914,-3455,0,0
8,-30,28,1848,-950,-3448,0,0
-22,-14,26,1867,-890,-3511,0,0
-13,-7,21,1903,-900,-3532,0,0
13,-11,29,1878,-933,-3499,0,0
11,-10,27,1845,-935,-3498,0,0
0,-26,11,1828,-927,-3476,0,0
-13,5,-3,1863,-925,-3503,0,0
-11,29,-1,1879,-918,-3509,0,0
4,31,1,1891,-949,-3479,0,0
-11,31,-11,1884,-921,-3469,0,0
-28,33,-13,1858,-913,-3477,0,0
-26,36,-15,1893,-908,-3512,0,0
-16,45,-17,1932,-901,-3503,0,0
-8,39,-11,1912,-911,-3462,0,0
-11,45,-14,1887,-916,-3441,0,0
-30,52,-24,1917,-898,-3480,0,0
-25,55,-18,1956,-892,-3502,0,0
-7,49,-11,1951,-883,-3458,0,0
-4,45,-15,1937,-896,-3417,0,0
-8,44,-17,1950,-894,-3446,0,0
-14,36,-19,1976,-881,-3453,0,0
-17,28,-10,1975,-1004,-3442,0,0
-11,39,3,2003,-880,-3454,0,0
-5,27,0,1979,-879,-3431,0,0
-8,26,-5,1958,-891,-3424,0,0
-13,21,-2,1992,-862,-3465,0,0
-7,18,5,2019,-866,-3419,0,0
-4,9,4,1998,-880,-3398,0,0
-13,-4,-3,1993,-872,-3419,0,0
-14,-23,4,2025,-860,-3461,0,0
0,-38,24,2029,-873,-3429,0,0
-1,-49,42,2003,-861,-3409,0,0
-2,-60,47,1987,-904,-3444,0,0
0,-45,44,1950,-1010,-3428,0,0
-9,-56,43,1940,-868,-3484,0,0
1,-48,39,1946,-898,-3470,0,0
5,-43,41,1944,-904,-3420,0,0
-2,-45,42,1944,-897,-3482,0,0
9,-48,41,1912,-901,-3495,0,0
15,-57,36,1894,-904,-3483,0,0
21,-50,34,1901,-915,-3477,0,0
15,-46,24,1879,-925,-3463,0,0
3,-47,15,1879,-933,-3480,0,0
-6,-21,18,1873,-926,-3477,0,0
-7,-27,11,1889,-923,-3495,0,0
2,-20,6,1901,-908,-3502,0,0
4,-18,16,1889,-933,-3479,0,0
0,-17,19,1870,-949,-3481,0,0
-6,-15,8,1854,-939,-3470,0,0
-16,-2,0,1862,-922,-3490,0,0
-15,-2,1,1897,-924,-3506,0,0
-7,-5,8,1883,-929,-3489,0,0
-3,-9,8,1861,-918,-3489,0,0
-7,-10,6,1883,-917,-3499,0,0
-7,-8,8,1888,-930,-3499,0,0
-2,-8,12,1871,-918,-3504,0,0
11,-11,11,1871,-929,-3494,0,0
10,-28,7,1874,-930,-3485,0,0
4,-24,7,1859,-938,-3490,0,0
-2,-21,10,1845,-932,-3503,0,0
-2,-21,7,1859,-932,-3526,0,0
6,-10,12,1873,-933,-3494,0,0
5,-23,17,1857,-935,-3493,0,0
1,-28,19,1833,-941,-3512,0,0
-2,-16,15,1821,-950,-3509,0,0
-2,-9,6,1852,-942,-3502,0,0
1,-7,1,1873,-936,-3504,0,0
-5,-17,9,1858,-944,-3514,0,0
2,-8,22,1818,-958,-3523,0,0
1,-9,12,1808,-957,-3512,0,0
-3,6,1,1840,-957,-3492,0,0
-8,17,-5,1853,-933,-3466,0,0
-30,19,-7,1848,-962,-3512,0,0
-26,25,-2,1842,-950,-3533,0,0
-12,35,-2,1853,-927,-3509,0,0
-13,38,-10,1866,-935,-3460,0,0
-25,40,-21,1865,-951,-3476,0,0
-31,35,-23,1863,-931,-3518,0,0
-24,35,-18,1897,-906,-3519,0,0
-9,34,-11,1904,-906,-3474,0,0
-15,34,-17,1897,-933,-3464,0,0
-23,36,-16,1886,-920,-3486,0,0
-22,39,-16,1889,-893,-3486,0,0
-23,39,-18,1927,-891,-3489,0,0
-11,41,-22,1942,-903,-3455,0,0
-11,45,-17,1929,-918,-3433,0,0
-24,39,-18,1907,-881,-3471,0,0
-23,42,-23,1949,-874,-3475,0,0
-17,37,-28,1979,-887,-3453,0,0
-15,39,-19,1971,-885,-3447,0,0
-19,35,-9,1959,-869,-3447,0,0
-21,30,-15,1954,-864,-3449,0,0
-19,28,-8,2017,-853,-3466,0,0
-7,6,4,2005,-993,-3447,0,0
3,-2,9,1960,-872,-3422,0,0
-6,-8,3,1989,-859,-3429,0,0
-6,-24,9,2033,-849,-3460,0,0
7,-37,28,2000,-874,-3441,0,0
9,-43,46,1939,-874,-3462,0,0
9,-42,40,1928,-881,-3446,0,0
2,-48,20,1958,-884,-3440,0,0
-1,-47,20,1965,-890,-3470,0,0
8,-58,33,1921,-881,-3495,0,0
18,-49,37,1910,-892,-3464,0,0
16,-44,32,1924,-900,-3459,0,0
8,-43,23,1896,-909,-3466,0,0
5,-44,22,1919,-898,-3491,0,0
11,-48,27,1904,-903,-3500,0,0
17,-41,36,1877,-914,-3489,0,0
14,-36,30,1876,-925,-3478,0,0
11,-35,17,1860,-929,-3490,0,0
8,-32,17,1861,-929,-3483,0,0
-4,-18,19,1882,-926,-3503,0,0
-2,-15,20,1876,-929,-3512,0,0
13,-23,14,1860,-936,-3495,0,0
6,-25,10,1844,-939,-3468,0,0
-7,-19,4,1854,-935,-3491,0,0
-11,-9,-2,1860,-930,-3515,0,0
-11,-5,2,1856,-938,-3506,0,0
-10,8,6,1877,-924,-3505,0,0
-6,-6,5,1860,-917,-3512,0,0
1,-12,10,1864,-941,-3500,0,0
0,-16,10,1859,-930,-3508,0,0
1,-9,8,1843,-929,-3497,0,0
-1,-10,0,1859,-936,-3504,0,0
3,-15,1,1870,-933,-3518,0,0
9,-19,13,1856,-942,-3503,0,0
2,-23,14,1832,-936,-3498,0,0
-3,-9,7,1834,-939,-3517,0,0
-4,-6,6,1851,-936,-3525,0,0
2,-13,11,1860,-944,-3515,0,0
6,-20,15,1854,-943,-3497,0,0
-3,-18,18,1833,-942,-3520,0,0
-2,-5,21,1827,-942,-3510,0,0
0,-1,6,1825,-959,-3499,0,0
-7,-18,-2,1816,-941,-3524,0,0
-2,-13,-4,1844,-945,-3523,0,0
-6,-15,8,1858,-933,-3512,0,0
-9,-13,23,1830,-940,-3516,0,0
-6,-11,22,1819,-953,-3534,0,0
1,5,11,1815,-950,-3508,0,0
-9,-2,4,1819,-948,-3508,0,0
-14,2,5,1831,-952,-3538,0,0
-4,7,7,1850,-945,-3515,0,0
0,11,2,1819,-963,-3473,0,0
-14,23,-5,1791,-962,-3488,0,0
-36,33,-17,1832,-936,-3520,0,0
-30,31,-19,1886,-922,-3538,0,0
-12,28,-5,1877,-928,-3501,0,0
-13,22,0,1837,-945,-3489,0,0
-19,29,-10,1836,-936,-3500,0,0
-24,33,-22,1871,-912,-3492,0,0
-27,36,-18,1904,-918,-3519,0,0
-14,40,-15,1904,-912,-3498,0,0
-10,31,-7,1861,-926,-3471,0,0
-17,26,-20,1875,-912,-3480,0,0
-23,28,-20,1922,-902,-3495,0,0
-13,19,-12,1911,-903,-3490,0,0
-7,22,-8,1902,-898,-3478,0,0
-15,23,-8,1897,-912,-3453,0,0
-26,30,-15,1908,-896,-3480,0,0
-26,32,-10,1938,-875,-3492,0,0
-16,17,-1,1927,-887,-3495,0,0
0,23,-2,1913,-897,-3459,0,0
-8,26,-7,1933,-894,-3443,0,0
-13,15,-11,1937,-1012,-3471,0,0
-9,-4,-10,1947,-875,-3487,0,0
0,-5,1,1961,-877,-3468,0,0
3,-8,12,1952,-888,-3456,0,0
-3,-16,18,1922,-890,-3464,0,0
-5,-27,15,1929,-879,-3477,0,0
-5,-39,18,1950,-879,-3480,0,0
1,-51,28,1942,-887,-3499,0,0
12,-52,39,1915,-898,-3470,0,0
16,-49,35,1888,-916,-3460,0,0
10,-58,23,1874,-894,-3499,0,0
14,-50,21,1904,-902,-3497,0,0
19,-41,32,1903,-914,-3485,0,0
12,-56,39,1845,-911,-3515,0,0
17,-44,26,1832,-928,-3495,0,0
12,-29,20,1856,-925,-3504,0,0
7,-35,15,1852,-931,-3516,0,0
6,-22,19,1849,-929,-3509,0,0
2,-31,26,1852,-926,-3508,0,0
10,-16,14,1828,-948,-3498,0,0
6,-23,6,1822,-946,-3501,0,0
-1,-20,0,1841,-935,-3514,0,0
-2,-17,4,1835,-929,-3524,0,0
-3,-8,9,1845,-934,-3508,0,0
-8,-6,5,1846,-947,-3504,0,0
-9,-6,6,1810,-949,-3526,0,0
-4,-9,9,1828,-938,-3552,0,0
6,-16,8,1827,-947,-3522,0,0
4,-8,9,1832,-934,-3497,0,0
-1,-11,1,1843,-933,-3515,0,0
3,-9,4,1829,-952,-3534,0,0
10,-17,12,1816,-954,-3524,0,0
7,-14,13,1813,-937,-3506,0,0
-5,-8,3,1814,-947,-3510,0,0
-12,-5,1,1829,-954,-3547,0,0
1,-11,13,1840,-943,-3552,0,0
14,-20,19,1819,-960,-3489,0,0
0,-15,13,1785,-955,-3512,0,0
-11,-6,2,1804,-939,-3559,0,0
2,-10,3,1839,-959,-3519,0,0
3,-21,9,1804,-971,-3518,0,0
-3,-19,3,1774,-948,-3520,0,0
-13,-11,-11,1780,-959,-3512,0,0
-30,-2,-10,1799,-956,-3538,0,0
-43,0,5,1811,-920,-3530,0,0
-42,-14,-4,1807,-962,-3536,0,0
-16,4,-24,1820,-957,-3480,0,0
-35,56,-15,1748,-963,-3476,0,0
-43,146,-31,1773,-906,-3526,0,0
-32,252,-79,1806,-898,-3487,0,0
-15,384,-113,1843,-927,-3442,0,0
-16,501,-133,1985,-928,-3285,0,0
-43,865,-144,2092,-930,-3110,0,0
-117,1260,-152,2138,-910,-3069,0,0
-165,1135,-185,2715,-824,-3050,0,0
-200,732,-231,2657,-713,-2997,0,0
-251,1055,-226,2685,-698,-2824,0,0
-172,1906,-122,3086,-759,-2403,0,0
-186,3181,-32,3299,-661,-2004,0,0
-171,3192,-164,3737,-422,-2230,0,0
-11,2118,-153,3844,-606,-1240,0,0
-41,2440,-74,4007,-494,-814,0,0
-201,1928,-2,3921,-520,-684,0,0
-188,1674,-34,3909,-499,-301,0,0
-220,1310,-99,4026,-417,-180,0,0
-176,428,-117,3907,-375,-334,0,0
2,231,-59,3716,-384,-341,0,0
136,197,-53,3955,-455,205,0,0
48,268,-86,3994,-401,283,0,0
49,23,-30,4019,-428,65,0,0
100,-93,46,3975,-429,69,0,0
94,67,61,3854,-467,141,0,0
71,-86,40,3893,-496,226,0,0
15,-8,-26,3857,-410,243,0,0
0,92,-101,3943,-421,186,0,0
13,-28,-92,4017,-409,100,0,0
13,-2,-53,3868,-406,172,0,0
-63,45,-69,3880,-361,196,0,0
-65,74,-75,4071,-302,258,0,0
-27,-58,-6,4108,-305,241,0,0
24,-270,90,3991,-314,44,0,0
51,-322,137,3959,-326,102,0,0
33,-303,161,3976,-329,5,0,0
14,-506,198,3911,-391,-133,0,0
39,-560,183,3937,-506,-187,0,0
72,-517,149,3875,-708,-283,0,0
75,-403,105,3764,-707,-268,0,0
27,-237,52,3924,-515,-235,0,0
-53,-210,30,3947,-467,-327,0,0
-113,-142,49,3916,-560,-531,0,0
-67,-184,59,3949,-685,-387,0,0
-61,-130,70,3901,-572,-451,0,0
-49,-106,79,3815,-628,-629,0,0
24,-113,39,3762,-674,-522,0,0
-19,-86,-13,3943,-506,-561,0,0
-15,-144,6,3958,-575,-682,0,0
68,-239,37,3827,-684,-575,0,0
84,-175,38,3915,-620,-533,0,0
19,-112,60,3943,-554,-651,0,0
-57,-67,92,3810,-585,-688,0,0
-90,-68,74,3767,-629,-801,0,0
4,-57,40,3861,-683,-720,0,0
84,-155,29,3874,-691,-610,0,0
45,-198,29,3830,-709,-663,0,0
-16,-42,34,3842,-655,-806,0,0
-11,-113,38,3812,-592,-860,0,0
42,-159,34,3827,-732,-793,0,0
42,-64,6,3746,-761,-709,0,0
9,112,-49,3666,-661,-797,0,0
-33,246,-105,3818,-602,-830,0,0
-57,221,-89,4001,-560,-768,0,0
-6,37,-7,4087,-524,-652,0,0
46,-173,102,4028,-674,-635,0,0
50,-352,148,3763,-818,-692,0,0
-1,-197,124,3677,-747,-803,0,0
-42,-21,78,3788,-612,-900,0,0
-8,-117,65,3876,-701,-884,0,0
-42,-190,66,3749,-723,-837,0,0
-139,-80,47,3734,-697,-932,0,0
-121,-34,32,3838,-730,-964,0,0
-44,-219,32,3904,-814,-805,0,0
-59,-551,56,3817,-785,-887,0,0
-133,-524,58,3746,-714,-1185,0,0
-175,-909,57,3852,-714,-1431,0,0
-132,-1507,78,3602,-701,-1528,0,0
-92,-1551,91,3551,-777,-1670,0,0
-91,-1383,86,3349,-798,-1919,0,0
-94,-1075,75,3157,-807,-2134,0,0
-86,-689,72,3121,-744,-2306,0,0
-105,-403,88,3049,-722,-2378,0,0
-85,-209,47,3033,-811,-2322,0,0
-55,91,-8,3138,-826,-2305,0,0
-65,169,-28,3167,-719,-2288,0,0
-77,120,-5,3269,-730,-2375,0,0
-51,67,14,3257,-733,-2351,0,0
-23,-22,20,3197,-751,-2255,0,0
-1,0,23,3228,-747,-2303,0,0
7,-37,22,3169,-721,-2357,0,0
-3,-92,23,3139,-740,-2325,0,0
-21,-89,18,3172,-778,-2348,0,0
-26,-126,4,3117,-747,-2382,0,0
-12,-118,-16,3102,-748,-2370,0,0
-16,-39,-26,3173,-727,-2368,0,0
-19,-46,-19,3167,-738,-2384,0,0
2,-18,10,3144,-735,-2437,0,0
13,-21,6,3121,-714,-2384,0,0
1,-6,2,3113,-736,-2400,0,0
-4,15,1,3112,-748,-2417,0,0
6,16,-15,3094,-731,-2378,0,0
4,14,-24,3159,-730,-2373,0,0
-4,17,-20,3201,-728,-2365,0,0
-5,29,6,3151,-705,-2400,0,0
-9,-3,20,3158,-715,-2403,0,0
-9,-41,19,3169,-729,-2381,0,0
-2,-60,29,3136,-727,-2382,0,0
0,-39,34,3105,-760,-2417,0,0
-7,-50,16,3087,-741,-2414,0,0
-7,-45,5,3113,-737,-2408,0,0
-12,-29,0,3121,-739,-2412,0,0
-16,-43,2,3130,-735,-2437,0,0
0,-58,15,3144,-747,-2433,0,0
1,-78,24,3113,-738,-2425,0,0
3,-126,28,3091,-725,-2469,0,0
15,-147,28,3063,-762,-2493,0,0
20,-151,20,3023,-755,-2489,0,0
3,-136,11,3061,-751,-2484,0,0
-13,-131,20,3050,-753,-2539,0,0
-9,-155,25,2959,-731,-2587,0,0
4,-158,8,2970,-775,-2588,0,0
7,-126,-6,2934,-774,-2573,0,0
-2,-54,-10,2973,-792,-2537,0,0
-19,-9,-4,3029,-771,-2574,0,0
-11,-2,21,3013,-743,-2622,0,0
9,-42,27,2897,-726,-2645,0,0
4,-50,5,2899,-772,-2607,0,0
-16,-10,-19,2950,-773,-2586,0,0
-17,6,-16,3013,-741,-2641,0,0
-1,-32,1,2970,-724,-2630,0,0
11,-47,11,2935,-757,-2621,0,0
2,-12,12,2948,-777,-2616,0,0
-4,-11,19,2974,-745,-2629,0,0
6,-54,20,2922,-758,-2617,0,0
1,-56,5,2899,-773,-2625,0,0
-8,-7,2,2950,-763,-2649,0,0
-6,-13,9,2940,-758,-2653,0,0
-3,-43,10,2929,-762,-2620,0,0
-9,-25,13,2934,-764,-2662,0,0
-1,-40,14,2902,-758,-2658,0,0
1,-35,12,2920,-763,-2660,0,0
-2,-28,19,2931,-770,-2648,0,0
-4,-44,25,2929,-776,-2662,0,0
6,-46,17,2855,-780,-2660,0,0
3,-19,0,2860,-779,-2679,0,0
-4,-17,-11,2917,-757,-2670,0,0
-10,-7,3,2945,-768,-2666,0,0
-7,-15,20,2898,-766,-2691,0,0
6,-29,14,2841,-795,-2699,0,0
-4,-21,-2,2863,-781,-2665,0,0
-17,31,-9,2892,-758,-2644,0,0
-27,58,-21,2871,-779,-2680,0,0
-23,70,-31,2909,-781,-2689,0,0
-6,72,-26,2940,-758,-2632,0,0
-9,51,-24,2941,-748,-2625,0,0
-7,50,-29,2944,-722,-2660,0,0
6,26,-26,2957,-754,-2635,0,0
8,24,-12,2960,-753,-2620,0,0
3,16,-6,2937,-715,-2645,0,0
13,5,-17,2926,-744,-2611,0,0
7,17,-27,2947,-753,-2603,0,0
2,25,-27,2958,-724,-2616,0,0
0,36,-29,2947,-739,-2614,0,0
2,45,-26,2999,-720,-2632,0,0
12,17,-17,2983,-724,-2593,0,0
6,-5,-18,2955,-718,-2616,0,0
2,-7,-12,2973,-706,-2628,0,0
6,-8,1,2984,-706,-2606,0,0
3,-24,5,2971,-720,-2607,0,0
0,-34,8,2966,-731,-2611,0,0
3,-40,11,2979,-711,-2623,0,0
4,-65,20,2936,-706,-2645,0,0
-8,-72,26,2932,-715,-2641,0,0
-16,-44,34,2938,-738,-2644,0,0
-6,-61,26,2922,-764,-2630,0,0
-14,-73,14,2916,-732,-2647,0,0
-13,-53,14,2940,-711,-2676,0,0
-9,-56,17,2918,-742,-2662,0,0
-8,-40,22,2876,-762,-2686,0,0
-11,-29,21,2848,-723,-2708,0,0
-5,-11,2,2928,-721,-2743,0,0
11,-65,-12,2983,-705,-2765,0,0
27,-92,4,2894,-787,-2606,0,0
-13,-138,41,2911,-791,-2666,0,0
-13,-193,48,2861,-724,-2763,0,0
40,-271,39,2858,-717,-2868,0,0
91,-434,31,2764,-755,-2926,0,0
119,-788,10,2604,-747,-2971,0,0
148,-1085,-37,2459,-794,-3056,0,0
147,-910,-67,2438,-823,-3077,0,0
137,-671,-60,2369,-831,-3214,0,0
157,-630,-48,2338,-862,-3388,0,0
174,-861,-58,2024,-985,-3302,0,0
173,-825,-67,1898,-816,-3462,0,0
240,-439,-73,2026,-882,-3474,0,0
210,-396,-52,1931,-994,-3332,0,0
133,-391,-10,1814,-1009,-3442,0,0
104,-212,-7,1762,-958,-3497,0,0
69,-117,-7,1693,-1003,-3452,0,0
17,4,4,1720,-997,-3565,0,0
13,-27,1,1777,-965,-3592,0,0
12,-123,9,1716,-1000,-3521,0,0
-9,-69,18,1705,-984,-3550,0,0
1,-82,4,1740,-983,-3600,0,0
27,-349,1,1761,-956,-3746,0,0
86,-1064,58,1848,-908,-3955,0,0
163,-1900,24,1072,-1010,-3770,0,0
220,-1473,37,1029,-1103,-3853,0,0
197,-1547,15,662,-1089,-3900,0,0
146,-1235,-5,276,-1155,-3744,0,0
77,-542,-23,387,-1211,-3820,0,0
-1,-245,-16,289,-1173,-3793,0,0
-71,307,7,191,-1180,-3672,0,0
-141,1307,1,445,-1169,-3680,0,0
-262,1906,-4,1094,-1128,-3753,0,0
-351,1982,52,1364,-1018,-3808,0,0
-335,2201,149,1722,-1000,-3685,0,0
-317,2026,155,2006,-951,-3543,0,0
-300,1805,175,2030,-800,-3450,0,0
-246,2183,157,2231,-940,-3122,0,0
-200,2302,94,2887,-924,-2849,0,0
-205,1765,32,2801,-826,-2498,0,0
-215,1951,-21,3172,-857,-2452,0,0
-174,1645,-23,3498,-779,-2112,0,0
-167,1226,14,3561,-786,-1872,0,0
-145,1276,73,3603,-795,-1789,0,0
-91,1099,67,3570,-786,-1533,0,0
-125,1069,41,3597,-853,-1280,0,0
-153,1208,5,3640,-827,-1152,0,0
-143,1332,-40,3844,-769,-847,0,0
-163,1532,4,3946,-705,-638,0,0
-150,1546,58,3941,-768,-358,0,0
-142,1502,101,3963,-850,-45,0,0
-158,1010,67,3956,-888,-7,0,0
-103,475,51,4026,-810,8,0,0
-16,147,77,3993,-788,72,0,0
8,66,111,3947,-902,185,0,0
22,1,97,3918,-892,314,0,0
4,-115,18,3912,-915,419,0,0
-85,-19,-106,3987,-857,36,0,0
-115,-84,-211,3847,-796,-77,0,0
-79,54,-298,3868,-899,92,0,0
-66,1,-337,3810,-806,226,0,0
-46,-11,-276,3605,-505,447,0,0
-53,447,-180,3954,-620,316,0,0
-3,485,-20,3698,-568,198,0,0
146,570,318,3566,-552,287,0,0
228,453,488,3567,-625,442,0,0
200,389,517,3815,-750,415,0,0
210,407,429,4032,-766,540,0,0
203,185,209,4068,-794,678,0,0
101,-140,73,4199,-984,512,0,0
53,-696,63,3777,-1040,290,0,0
67,-786,-8,3989,-1084,498,0,0
-16,-878,-23,3972,-989,163,0,0
-75,-1569,-40,3968,-936,-178,0,0
-40,-1682,-67,3841,-854,-72,0,0
-74,-858,-41,3903,-924,-145,0,0
-125,-590,40,3870,-885,-604,0,0
-107,-664,36,3781,-996,-708,0,0
-48,-722,37,3789,-966,-821,0,0
-2,-600,13,3705,-986,-733,0,0
-7,-131,2,3803,-983,-921,0,0
-13,-573,-2,3841,-903,-1206,0,0
41,-929,11,3652,-898,-1055,0,0
71,-445,33,3737,-949,-1237,0,0
42,-646,5,3521,-998,-1158,0,0
9,-172,-5,3609,-959,-1322,0,0
1,73,-16,3631,-924,-1429,0,0
6,-31,-54,3589,-935,-1367,0,0
5,6,-58,3661,-926,-1370,0,0
-12,-38,-56,3644,-923,-1344,0,0
-26,-98,-55,3648,-885,-1403,0,0
-10,-64,-27,3725,-858,-1443,0,0
6,-164,9,3604,-901,-1394,0,0
7,-47,3,3579,-900,-1482,0,0
-16,-165,1,3681,-876,-1536,0,0
-44,-360,-3,3462,-891,-1419,0,0
22,-134,-57,3582,-878,-1680,0,0
136,-459,-40,3742,-849,-1717,0,0
185,-1101,-18,3481,-806,-1846,0,0
273,-1114,-41,3438,-913,-2156,0,0
426,-1461,-109,3315,-971,-2197,0,0
487,-1943,-217,2975,-888,-2493,0,0
528,-1372,-302,3002,-889,-2911,0,0
330,-1656,-404,3161,-970,-3264,0,0
-68,-2235,-421,2592,-1029,-3510,0,0
-393,-2085,-401,2136,-1088,-3236,0,0
-736,-3290,-422,1731,-721,-3256,0,0
-1094,-4516,-350,860,-511,-3162,0,0
-1170,-3809,-79,277,-291,-3287,0,0
-829,-2363,115,436,67,-3800,0,0
-412,-574,403,414,158,-3943,0,0
-158,-203,562,-304,288,-3866,0,0
159,-575,394,-592,254,-3708,0,0
425,-520,85,-792,22,-3661,0,0
464,244,-159,-1155,-60,-5094,0,0
363,3033,-389,-101,-209,-4923,0,0
231,2993,-237,901,-371,-3628,0,0
-15,263,-211,1012,-432,-3656,0,0
-62,404,-73,1532,-534,-4331,0,0
297,1000,200,1453,-376,-4444,0,0
381,526,232,893,-354,-3707,0,0
145,5,121,905,-454,-3588,0,0
5,-18,40,1077,-425,-3910,0,0
54,149,-16,1017,-357,-4047,0,0
129,266,-54,1044,-405,-3908,0,0
123,207,-65,1138,-469,-3844,0,0
93,161,-53,1224,-507,-3852,0,0
69,111,-45,1249,-514,-3843,0,0
60,60,-49,1241,-516,-3873,0,0
65,24,-53,1209,-505,-3868,0,0
69,28,-59,1205,-491,-3848,0,0
73,60,-72,1237,-497,-3854,0,0
82,70,-76,1262,-515,-3864,0,0
92,63,-74,1253,-533,-3852,0,0
93,58,-68,1263,-538,-3837,0,0
81,53,-56,1275,-554,-3816,0,0
65,40,-49,1288,-581,-3830,0,0
60,20,-45,1287,-581,-3830,0,0
59,29,-38,1293,-592,-3820,0,0
45,23,-31,1294,-599,-3809,0,0
37,3,-33,1293,-587,-3821,0,0
46,22,-49,1306,-594,-3825,0,0
50,52,-55,1322,-607,-3788,0,0
38,45,-50,1339,-617,-3819,0,0
36,16,-37,1320,-602,-3822,0,0
37,32,-39,1315,-602,-3800,0,0
32,58,-39,1339,-622,-3797,0,0
21,52,-24,1353,-624,-3802,0,0
16,38,-10,1343,-612,-3813,0,0
10,50,17,1338,-621,-3810,0,0
-4,68,54,1326,-613,-3815,0,0
-2,121,85,1325,-606,-3804,0,0
-12,182,108,1403,-639,-3756,0,0
-13,187,103,1496,-657,-3786,0,0
7,115,102,1574,-690,-3708,0,0
-47,-57,116,1533,-736,-3650,0,0
-101,-40,138,1443,-668,-3707,0,0
-129,-14,113,1392,-599,-3703,0,0
-139,-30,67,1486,-505,-3754,0,0
-119,76,77,1536,-567,-3777,0,0
-115,95,123,1465,-539,-3738,0,0
-98,73,89,1551,-639,-3731,0,0
-72,58,39,1527,-684,-3740,0,0
-28,134,-5,1476,-619,-3834,0,0
21,3,-46,1595,-677,-3734,0,0
26,-134,-90,1388,-726,-3627,0,0
19,81,-179,1623,-770,-3656,0,0
-94,-269,-237,1439,-907,-3212,0,0
-568,-1008,-444,1795,-845,-3127,0,0
-1162,-2047,-540,1780,321,-4594,0,0
-873,-2119,-396,618,634,-4403,0,0
-681,-1909,-384,-278,528,-4025,0,0
-636,-1377,-490,21,-161,-4360,0,0
-673,-1451,-430,-241,62,-4232,0,0
-707,-1277,-457,-401,508,-4058,0,0
-686,-1045,-468,-481,890,-3958,0,0
-517,-656,-431,-668,818,-3978,0,0
-264,-333,-569,-1085,946,-3638,0,0
-129,583,-662,-560,1185,-3815,0,0
189,259,-502,-672,1008,-3727,0,0
368,490,-313,-755,961,-3745,0,0
508,508,-142,-251,1029,-4301,0,0
699,615,32,-404,628,-3720,0,0
677,1471,231,-247,574,-3978,0,0
789,1570,295,101,294,-4019,0,0
958,1316,325,219,52,-4090,0,0
1181,1347,195,313,-228,-3555,0,0
1209,1670,71,1020,-481,-3449,0,0
1108,1024,23,905,-714,-3758,0,0
1248,956,-156,1320,-1080,-3624,0,0
1120,737,-149,1830,-1271,-3356,0,0
814,-192,-49,1288,-1376,-3383,0,0
471,-478,-76,774,-1556,-3409,0,0
169,583,-258,640,-1446,-3681,0,0
2,1460,-144,1942,-1642,-4298,0,0
-46,750,163,1862,-1318,-4660,0,0
239,1646,416,2193,-1299,-4001,0,0
287,2665,716,2338,-1412,-2777,0,0
-14,4224,990,2628,-1451,-2234,0,0
-344,6064,1097,2808,-1636,-1609,0,0
-603,6824,904,3561,-1893,-498,0,0
-780,7490,633,4015,-1903,-95,0,0
-717,6604,349,3945,-2287,686,0,0
-671,4319,198,3378,-2567,1366,0,0
-674,1461,146,3423,-2497,1722,0,0
-560,-1116,207,3113,-2295,1434,0,0
-374,-1794,215,2826,-2296,1060,0,0
-186,-1648,161,2867,-2489,1089,0,0
-92,-1242,22,2844,-2451,747,0,0
-29,-1188,-61,3273,-2423,674,0,0
-75,-1708,-46,3322,-2584,841,0,0
-181,-844,73,3423,-2616,334,0,0
-210,-1054,118,3685,-2464,499,0,0
-329,-1482,-21,3484,-2268,124,0,0
-285,-1023,84,3373,-2135,52,0,0
-256,-687,182,3348,-2033,79,0,0
-250,-702,231,3236,-2057,-71,0,0
-188,-201,326,3405,-2090,-258,0,0
-108,32,396,3353,-2047,-366,0,0
-1,-216,349,3188,-2186,-378,0,0
98,-411,251,3420,-2515,-388,0,0
18,-609,103,3913,-2926,-638,0,0
-105,-1181,61,3274,-2326,-927,0,0
-4,-1444,142,2554,-2462,-833,0,0
108,-1442,15,2695,-2774,-928,0,0
80,-1133,-76,3094,-2797,-1548,0,0
173,-1428,36,3167,-2759,-1700,0,0
227,-1853,108,2698,-2855,-1171,0,0
84,-1296,103,2469,-2787,-1602,0,0
-18,-663,170,2501,-2749,-1900,0,0
-34,-157,166,2281,-2686,-1879,0,0
-63,175,124,2527,-2844,-1754,0,0
-124,-117,111,2550,-2769,-1836,0,0
-53,-706,149,2394,-2698,-2152,0,0
-23,-805,126,2617,-2738,-2219,0,0
70,-969,162,2536,-2678,-2606,0,0
350,-1306,246,2301,-2905,-2613,0,0
519,-997,261,1835,-3034,-2297,0,0
595,-716,219,1830,-2977,-2337,0,0
624,-1224,263,2176,-3070,-2247,0,0
513,-2366,323,1600,-2957,-2107,0,0
387,-2646,311,922,-2749,-2021,0,0
319,-1571,228,457,-2669,-2151,0,0
234,125,53,556,-2755,-2468,0,0
150,1025,-152,979,-3071,-2520,0,0
162,1016,-274,1586,-3849,-2542,0,0
143,1150,-318,1115,-3380,-2059,0,0
-139,2261,-244,1292,-3463,-2004,0,0
-352,2889,-8,2415,-3456,-2431,0,0
-347,1416,90,2260,-3436,-2176,0,0
-473,246,150,1838,-3274,-1724,0,0
-665,81,98,1682,-2671,-1981,0,0
-574,268,8,1968,-2561,-2092,0,0
-348,488,-63,2219,-2716,-1953,0,0
-26,438,-65,2219,-2709,-1978,0,0
117,278,-142,2411,-3362,-2225,0,0
61,153,-245,2229,-3025,-2177,0,0
146,187,-123,2261,-3015,-1754,0,0
87,97,-136,2046,-3117,-1684,0,0
-18,109,-123,2257,-3137,-1874,0,0
-45,148,-77,2154,-3084,-1907,0,0
-42,256,-79,2137,-3007,-1749,0,0
-94,191,-119,2323,-2996,-1779,0,0
-175,177,-127,2228,-2920,-2019,0,0
-106,269,-90,2639,-2824,-1982,0,0
26,76,-57,2618,-2743,-1766,0,0
35,5,-56,2470,-2822,-1680,0,0
-37,16,-38,2476,-2892,-1811,0,0
-29,-88,-41,2468,-2905,-1862,0,0
5,-375,-12,2498,-2905,-1879,0,0
9,-858,-14,2366,-2852,-2013,0,0
34,-1139,-6,2272,-2770,-2112,0,0
78,-934,-4,2161,-2801,-2085,0,0
127,-488,-12,2162,-2800,-2297,0,0
153,-436,-28,2020,-2989,-2209,0,0
58,-343,-49,1916,-2866,-2116,0,0
-32,-105,-58,2115,-2876,-2247,0,0
-34,-157,-20,2169,-2858,-2354,0,0
1,-227,-19,1985,-2785,-2336,0,0
-9,-260,-20,2015,-2771,-2355,0,0
-34,-567,-32,2065,-2798,-2394,0,0
-26,-906,-35,1938,-2836,-2421,0,0
0,-1383,-37,1857,-2887,-2567,0,0
24,-1808,-41,1541,-2920,-2611,0,0
33,-1301,-25,1137,-2901,-2731,0,0
48,-327,11,1266,-2908,-2876,0,0
62,-91,9,1499,-2898,-2799,0,0
31,-337,5,1293,-2874,-2711,0,0
-13,-187,10,1125,-2853,-2743,0,0
-45,149,-31,1220,-2838,-2795,0,0
-18,196,-43,1370,-2878,-2814,0,0
-29,28,-9,1320,-2867,-2783,0,0
-45,-31,-17,1247,-2858,-2787,0,0
-39,-128,-36,1260,-2831,-2829,0,0
-49,-93,-35,1224,-2827,-2722,0,0
-151,445,-53,1017,-2805,-2330,0,0
-311,1881,-123,1314,-2883,-2093,0,0
-439,3730,-154,1954,-2838,-2227,0,0
-459,5729,-121,2660,-2619,-2021,0,0
-340,591,-72,3172,-2536,-1289,0,0
-232,5231,-112,3367,-2516,-165,0,0
-314,3199,-88,3464,-2610,83,0,0
-223,1710,-139,3449,-2604,303,0,0
-158,1498,-105,3101,-2387,560,0,0
-150,1897,-156,3478,-2623,959,0,0
-189,1094,-135,3383,-2445,883,0,0
-158,-146,-77,3255,-2305,814,0,0
-76,-77,-38,2994,-2461,964,0,0
-82,542,-22,3114,-2405,952,0,0
-84,486,-29,3276,-2509,1113,0,0
-59,789,8,3066,-2530,1020,0,0
14,908,31,3159,-2521,1121,0,0
15,202,11,3221,-2504,1323,0,0
-11,-275,72,3267,-2554,1313,0,0
-3,-516,163,3158,-2550,1065,0,0
70,-521,158,2950,-2570,1104,0,0
88,-292,146,3078,-2590,1318,0,0
32,-306,184,3016,-2508,1061,0,0
4,-496,174,2966,-2556,1038,0,0
-11,-429,121,2840,-2529,1053,0,0
-12,-184,56,2980,-2588,937,0,0
9,-195,34,3063,-2684,859,0,0
9,-309,20,2943,-2659,798,0,0
-26,-184,-14,2971,-2675,716,0,0
-13,-43,-25,3036,-2681,754,0,0
9,-14,-25,3027,-2653,854,0,0
-1,-42,-39,3071,-2638,781,0,0
21,-6,-33,3075,-2652,823,0,0
18,19,-25,3082,-2611,886,0,0
-7,-11,-27,3107,-2588,860,0,0
-10,-31,-19,3122,-2614,855,0,0
-25,7,-4,3070,-2623,834,0,0
-44,31,2,3072,-2598,773,0,0
-36,-1,-3,3084,-2574,803,0,0
-30,-11,-11,3100,-2574,795,0,0
-20,15,-12,3107,-2596,764,0,0
-4,2,-13,3129,-2580,759,0,0
28,-19,4,3101,-2595,810,0,0
32,-17,17,3112,-2635,809,0,0
28,-22,26,3102,-2593,790,0,0
32,-29,34,3120,-2584,847,0,0
25,-19,40,3078,-2595,782,0,0
27,-12,40,3089,-2603,784,0,0
23,-15,33,3075,-2624,800,0,0
29,-10,31,3060,-2626,796,0,0
44,-17,29,3080,-2644,825,0,0
56,-4,39,3071,-2609,840,0,0
58,-10,45,3088,-2585,848,0,0
35,-40,33,3088,-2614,840,0,0
34,-8,39,3042,-2664,873,0,0
25,14,49,3049,-2672,858,0,0
14,-9,54,3102,-2601,856,0,0
18,3,62,3073,-2587,850,0,0
16,11,59,3038,-2651,810,0,0
7,-14,45,3028,-2698,819,0,0
0,-15,40,3040,-2658,820,0,0
6,-30,42,3030,-2612,803,0,0
-2,-76,22,3048,-2682,760,0,0
7,-55,16,3003,-2708,826,0,0
23,-20,24,2988,-2688,862,0,0
36,-17,22,3033,-2645,857,0,0
35,-6,19,3030,-2633,868,0,0
15,-12,1,3012,-2676,834,0,0
-1,-5,-10,2989,-2703,872,0,0
-14,13,-19,2999,-2708,861,0,0
-29,19,-30,3043,-2670,824,0,0
-35,15,-28,3057,-2630,839,0,0
-23,-7,-24,3061,-2669,848,0,0
-18,-12,-12,3067,-2686,813,0,0
-25,-20,1,3054,-2632,775,0,0
-18,-23,2,3060,-2649,818,0,0
-12,11,5,3047,-2640,826,0,0
-15,-2,-2,3063,-2610,791,0,0
2,-11,-6,3047,-2610,871,0,0
19,11,-14,2996,-2660,832,0,0
11,26,-28,3036,-2723,793,0,0
-15,28,-33,3077,-2664,824,0,0
-11,-15,-26,3081,-2614,854,0,0
3,-19,-9,3117,-2653,859,0,0
-1,-9,21,3129,-2572,843,0,0
1,-62,38,3118,-2595,783,0,0
-3,-61,49,3076,-2661,765,0,0
6,-36,53,3001,-2645,816,0,0
19,-53,32,2995,-2652,839,0,0
21,-26,11,3029,-2631,788,0,0
11,-2,-9,3045,-2649,792,0,0
4,-9,-16,3069,-2674,845,0,0
-13,-3,-3,3067,-2662,824,0,0
-25,-4,8,3071,-2633,807,0,0
-13,-3,12,3059,-2618,842,0,0
-10,24,15,3049,-2628,779,0,0
-5,29,8,3050,-2676,732,0,0
0,16,4,3061,-2682,779,0,0
-3,21,8,3069,-2638,769,0,0
13,13,12,3086,-2636,824,0,0
24,8,23,3074,-2621,864,0,0
21,10,32,3054,-2631,814,0,0
17,-20,28,3060,-2676,859,0,0
7,-11,31,3033,-2668,876,0,0
3,17,36,3061,-2637,850,0,0
2,0,39,3035,-2661,863,0,0
-13,3,38,3034,-2700,854,0,0
-25,16,40,3021,-2680,833,0,0
-21,19,45,3023,-2680,849,0,0
-26,24,46,3066,-2667,835,0,0
-16,24,57,3025,-2657,812,0,0
-5,-1,61,3052,-2714,816,0,0
-9,-18,71,3043,-2732,796,0,0
-20,-14,88,3023,-2719,775,0,0
-18,-57,92,3007,-2734,829,0,0
-15,-69,90,2987,-2734,865,0,0
-35,-107,69,2945,-2749,822,0,0
-40,-147,67,2920,-2773,795,0,0
-55,-118,51,2977,-2774,837,0,0
-109,-176,4,3025,-2711,806,0,0
-135,-399,-9,2996,-2747,663,0,0
-115,-571,-1,3027,-2783,503,0,0
-101,-517,51,3023,-2803,480,0,0
-66,-374,93,2988,-2835,353,0,0
-6,-220,102,2924,-2844,278,0,0
-2,-134,102,2981,-2860,390,0,0
-5,-156,81,2969,-2848,344,0,0
4,-156,36,2903,-2790,296,0,0
13,-11,-3,2907,-2839,435,0,0
-14,65,-39,2971,-2861,383,0,0
-34,21,-65,2965,-2870,322,0,0
-15,125,-51,2915,-2775,367,0,0
-36,254,-79,2980,-2818,494,0,0
-62,263,-99,2993,-2789,374,0,0
-68,216,-109,3073,-2822,441,0,0
-69,116,-86,3145,-2758,381,0,0
-32,212,-40,3023,-2716,430,0,0
-40,324,-27,2961,-2757,541,0,0
-41,357,-41,3101,-2808,532,0,0
-34,352,-16,3016,-2707,615,0,0
-26,379,-28,3055,-2689,647,0,0
-7,391,-22,3157,-2736,718,0,0
-4,249,-7,2842,-2765,759,0,0
-4,463,-15,2980,-2770,822,0,0
-21,272,-45,3080,-2737,857,0,0
-31,103,-11,2990,-2742,895,0,0
-22,99,20,3057,-2719,811,0,0
0,-27,-4,3110,-2719,805,0,0
45,-194,41,3307,-2664,656,0,0
161,-953,56,3292,-2620,478,0,0
241,-1966,25,3049,-2742,659,0,0
192,-2602,-1,3044,-2792,283,0,0
159,-3109,41,3139,-2712,-210,0,0
146,-3596,121,3470,-2707,-715,0,0
174,-4810,84,3320,-2728,-1196,0,0
178,-5498,57,2365,-2827,-1512,0,0
147,-4454,86,1745,-2838,-2156,0,0
119,-2925,82,1404,-2840,-2506,0,0
91,-1046,55,1109,-2863,-2667,0,0
124,1019,56,1396,-2863,-2516,0,0
159,2129,68,1727,-2906,-2330,0,0
129,1994,80,1968,-2955,-2240,0,0
31,1598,50,2069,-2988,-1860,0,0
-58,1512,24,2150,-2927,-1845,0,0
-80,1192,-4,2320,-2979,-1836,0,0
-62,992,9,2632,-2919,-1871,0,0
-17,398,51,2599,-2850,-1787,0,0
-19,-88,40,2414,-2859,-1647,0,0
-57,-186,-13,2450,-2899,-1730,0,0
-31,-309,-35,2370,-2911,-1804,0,0
1,-186,-18,2441,-2953,-1832,0,0
-16,-55,25,2506,-3035,-1873,0,0
-22,-215,114,2372,-3058,-1845,0,0
-3,-130,182,2317,-3092,-1805,0,0
4,-14,251,2410,-2994,-1840,0,0
32,-165,309,2279,-2933,-1841,0,0
66,-147,300,2194,-2995,-1811,0,0
33,-174,288,2207,-2830,-1889,0,0
-61,-145,245,2121,-2711,-1960,0,0
-137,-77,118,2040,-2693,-1927,0,0
-151,-4,-13,2172,-3041,-1993,0,0
-103,-3,-63,2235,-3219,-2029,0,0
-84,-68,-79,2027,-2919,-1970,0,0
-67,-48,-113,2007,-2977,-1916,0,0
-36,17,-136,2076,-3132,-1884,0,0
-24,3,-129,2152,-3172,-1951,0,0
-29,127,-95,2153,-3040,-1869,0,0
-33,504,-78,2167,-2961,-1921,0,0
-7,854,-54,2275,-2982,-1926,0,0
4,732,-58,2403,-2978,-1729,0,0
-14,480,-81,2498,-3006,-1570,0,0
-58,509,-44,2555,-2989,-1568,0,0
-69,576,-3,2493,-2928,-1458,0,0
-99,918,-31,2574,-2960,-1363,0,0
-136,974,-74,2609,-2912,-1360,0,0
-147,484,-70,2692,-2868,-1396,0,0
-143,-171,-93,2671,-2828,-1460,0,0
-123,-543,-82,2750,-2841,-1506,0,0
-94,-524,-39,2755,-2831,-1569,0,0
-43,-205,14,2645,-2800,-1662,0,0
4,-135,27,2585,-2803,-1556,0,0
-12,-187,-6,2617,-2849,-1534,0,0
-17,-98,9,2583,-2860,-1625,0,0
2,-59,16,2596,-2809,-1592,0,0
-10,-117,18,2605,-2800,-1610,0,0
-13,-84,13,2543,-2853,-1643,0,0
-1,-6,13,2563,-2850,-1647,0,0
3,-108,0,2572,-2822,-1621,0,0
5,-119,-26,2591,-2869,-1686,0,0
-4,-261,-99,2513,-2815,-1588,0,0
-25,-792,-188,2375,-2813,-1598,0,0
19,-611,-116,2591,-2748,-2090,0,0
39,-81,53,2426,-2750,-1925,0,0
61,101,52,2583,-2824,-1759,0,0
24,-17,-18,2505,-2792,-1774,0,0
15,-17,-21,2402,-2779,-1874,0,0
39,23,13,2530,-2836,-1829,0,0
28,33,23,2519,-2823,-1810,0,0
21,24,48,2489,-2829,-1818,0,0
41,-11,59,2486,-2819,-1792,0,0
51,-24,42,2441,-2812,-1819,0,0
39,-54,34,2454,-2851,-1828,0,0
34,-78,24,2410,-2836,-1815,0,0
38,-7,15,2412,-2849,-1746,0,0
13,4,-19,2448,-2857,-1760,0,0
-15,42,-28,2422,-2912,-1711,0,0
-24,179,-7,2388,-2833,-1824,0,0
15,416,-16,2427,-2837,-1780,0,0
39,627,-22,2584,-2875,-1675,0,0
62,492,-53,2564,-2815,-1578,0,0
90,668,-92,2631,-2828,-1424,0,0
47,555,-66,2926,-2800,-1275,0,0
-14,-188,-36,2808,-2827,-1404,0,0
-36,-519,-21,2689,-2856,-1481,0,0
-69,-537,15,2647,-2816,-1584,0,0
-91,-505,18,2507,-2773,-1731,0,0
-61,-230,20,2450,-2778,-1819,0,0
-15,6,24,2606,-2773,-1736,0,0
-13,-37,7,2570,-2786,-1649,0,0
-41,-113,-15,2533,-2788,-1661,0,0
-57,-138,-20,2572,-2800,-1667,0,0
-85,-245,-23,2579,-2838,-1745,0,0
-102,-484,-20,2515,-2786,-1772,0,0
-105,-345,-25,2461,-2794,-1830,0,0
-104,-180,-3,2485,-2783,-1886,0,0
-113,-344,0,2466,-2735,-1897,0,0
-141,-522,-18,2366,-2757,-2002,0,0
-148,-492,-31,2373,-2714,-2161,0,0
-97,-384,-20,2331,-2663,-2257,0,0
-37,-147,-10,2301,-2675,-2248,0,0
-11,38,-4,2344,-2696,-2145,0,0
-11,39,20,2322,-2717,-2094,0,0
-32,12,14,2325,-2747,-2067,0,0
-67,-46,-13,2326,-2697,-2109,0,0
-89,-127,9,2294,-2659,-2234,0,0
-73,-118,17,2300,-2675,-2325,0,0
-31,-70,6,2284,-2676,-2258,0,0
-16,-12,23,2303,-2672,-2266,0,0
-25,10,-29,2258,-2684,-2200,0,0
-41,35,-46,2375,-2649,-2194,0,0
-26,40,33,2350,-2651,-2297,0,0
-1,-38,47,2214,-2651,-2238,0,0
2,-46,28,2261,-2668,-2208,0,0
-9,-51,22,2300,-2679,-2227,0,0
-13,-48,27,2253,-2681,-2258,0,0
-5,-23,19,2261,-2664,-2255,0,0
-4,-13,19,2276,-2665,-2242,0,0
-6,-16,17,2260,-2678,-2242,0,0
2,5,6,2287,-2655,-2236,0,0
4,4,1,2265,-2671,-2246,0,0
-8,-37,10,2255,-2703,-2271,0,0
-6,-55,16,2213,-2698,-2263,0,0
-3,4,20,2257,-2680,-2263,0,0
-8,-21,13,2268,-2676,-2236,0,0
-13,-56,5,2246,-2694,-2260,0,0
5,-74,-1,2232,-2683,-2303,0,0
20,-2,-10,2240,-2688,-2242,0,0
20,-3,23,2218,-2656,-2261,0,0
23,-28,53,2252,-2646,-2251,0,0
13,86,63,2285,-2737,-2338,0,0
61,92,37,2273,-2697,-2316,0,0
106,124,-13,2295,-2683,-2198,0,0
83,168,-60,2241,-2714,-2143,0,0
69,181,-46,2273,-2717,-2153,0,0
104,313,-28,2274,-2755,-2162,0,0
122,521,-27,2338,-2768,-2016,0,0
101,550,-7,2447,-2766,-1917,0,0
68,378,13,2487,-2778,-1877,0,0
43,140,23,2498,-2767,-1858,0,0
25,31,12,2494,-2741,-1893,0,0
17,-24,-3,2491,-2749,-1876,0,0
18,-7,7,2500,-2737,-1868,0,0
-12,-42,14,2496,-2735,-1943,0,0
-41,-144,-8,2432,-2747,-1897,0,0
-58,-300,-10,2439,-2736,-1901,0,0
-86,-434,-21,2420,-2762,-2031,0,0
-83,-499,-33,2337,-2764,-2060,0,0
-52,-229,3,2307,-2725,-2157,0,0
-25,0,44,2383,-2747,-2164,0,0
-14,0,48,2357,-2742,-2074,0,0
-31,-46,32,2287,-2725,-2089,0,0
-30,-9,3,2306,-2728,-2139,0,0
-7,-2,-10,2354,-2721,-2084,0,0
-18,-32,-7,2350,-2741,-2089,0,0
-23,-32,0,2345,-2729,-2111,0,0
-14,-34,14,2324,-2731,-2133,0,0
-16,-53,10,2350,-2739,-2124,0,0
-28,-113,11,2302,-2734,-2110,0,0
-38,-115,11,2267,-2707,-2178,0,0
-23,-8,20,2312,-2718,-2195,0,0
-7,22,10,2301,-2724,-2155,0,0
-12,-2,13,2303,-2705,-2179,0,0
-9,-2,11,2292,-2718,-2171,0,0
-4,26,11,2330,-2733,-2154,0,0
-8,15,20,2308,-2724,-2138,0,0
-16,-9,21,2288,-2737,-2158,0,0
-21,-13,18,2274,-2721,-2201,0,0
-8,3,18,2281,-2726,-2173,0,0
-7,6,19,2306,-2738,-2157,0,0
-17,-25,17,2286,-2716,-2157,0,0
-16,-17,7,2295,-2716,-2162,0,0
-9,-14,7,2276,-2728,-2171,0,0
-10,-60,1,2298,-2721,-2172,0,0
-13,-158,7,2297,-2740,-2185,0,0
-20,-265,10,2268,-2733,-2209,0,0
-39,-404,-21,2220,-2728,-2233,0,0
-40,-449,-33,2117,-2688,-2342,0,0
-13,-323,-10,2104,-2668,-2416,0,0
2,-96,-10,2113,-2717,-2379,0,0
13,27,-12,2128,-2712,-2323,0,0
15,10,-18,2171,-2689,-2329,0,0
-3,-20,-8,2166,-2690,-2412,0,0
15,-29,17,2115,-2713,-2389,0,0
30,-38,25,2105,-2759,-2344,0,0
-11,-96,-68,2052,-2763,-2315,0,0
-37,-168,-115,1906,-2573,-2346,0,0
8,88,-31,2187,-2634,-2450,0,0
37,245,30,2371,-2767,-2331,0,0
73,285,92,2182,-2712,-2425,0,0
52,286,31,2214,-2723,-2264,0,0
-6,165,-14,2218,-2724,-2153,0,0
1,35,-9,2213,-2718,-2268,0,0
25,115,-5,2235,-2712,-2235,0,0
40,153,5,2253,-2718,-2216,0,0
30,36,3,2307,-2732,-2220,0,0
30,32,5,2260,-2736,-2172,0,0
35,111,16,2257,-2738,-2167,0,0
43,89,1,2297,-2721,-2176,0,0
40,-3,1,2221,-2755,-2158,0,0
26,75,-1,2289,-2773,-2139,0,0
24,127,6,2358,-2737,-2142,0,0
22,27,13,2285,-2743,-2129,0,0
18,12,3,2300,-2772,-2098,0,0
14,33,0,2300,-2748,-2147,0,0
-5,-32,19,2312,-2730,-2194,0,0
-6,-61,29,2279,-2739,-2155,0,0
-4,-27,20,2282,-2748,-2117,0,0
-18,-30,19,2263,-2735,-2155,0,0
-19,-29,21,2242,-2770,-2145,0,0
-24,-27,19,2255,-2762,-2164,0,0
-28,-44,19,2255,-2750,-2181,0,0
-26,-42,11,2250,-2764,-2148,0,0
-30,-66,8,2256,-2774,-2161,0,0
-26,-66,6,2252,-2755,-2142,0,0
-29,-37,4,2296,-2753,-2165,0,0
-41,-58,20,2313,-2743,-2207,0,0
-32,-109,31,2261,-2744,-2200,0,0
-14,-48,33,2267,-2767,-2194,0,0
-3,-23,49,2261,-2741,-2196,0,0
-7,-72,76,2238,-2781,-2160,0,0
-26,-47,90,2218,-2824,-2201,0,0
-46,-74,96,2165,-2807,-2157,0,0
-80,-24,88,2182,-2771,-2167,0,0
-103,-62,70,2154,-2724,-2284,0,0
-98,-182,46,2075,-2740,-2337,0,0
-71,-215,3,2067,-2755,-2380,0,0
-45,-150,-15,2070,-2726,-2370,0,0
-26,-25,9,2089,-2748,-2427,0,0
-5,25,33,2107,-2769,-2384,0,0
13,-12,49,2041,-2741,-2330,0,0
13,-22,42,2093,-2769,-2314,0,0
6,-28,41,2094,-2764,-2359,0,0
2,10,47,2082,-2804,-2304,0,0
-20,-5,22,2030,-2791,-2306,0,0
-36,-18,1,2057,-2766,-2352,0,0
-24,-16,13,2070,-2763,-2404,0,0
2,-11,23,2095,-2776,-2359,0,0
7,-26,24,2035,-2768,-2350,0,0
15,-1,19,2037,-2762,-2379,0,0
24,11,2,2006,-2787,-2319,0,0
-1,26,-20,2033,-2820,-2276,0,0
-23,31,-13,2064,-2778,-2396,0,0
-4,1,1,2135,-2747,-2374,0,0
15,-10,-3,2116,-2765,-2374,0,0
58,23,-11,2065,-2715,-2385,0,0
76,9,-29,2055,-2734,-2316,0,0
42,-21,-24,1998,-2831,-2339,0,0
34,27,-21,1997,-2863,-2321,0,0
40,74,-32,2084,-2814,-2224,0,0
17,77,-30,2171,-2792,-2247,0,0
0,58,-10,2156,-2795,-2282,0,0
10,60,-19,2162,-2764,-2261,0,0
16,59,-22,2213,-2764,-2240,0,0
11,40,-24,2162,-2815,-2247,0,0
25,30,-26,2204,-2817,-2238,0,0
36,0,-3,2149,-2792,-2215,0,0
30,-34,18,2116,-2815,-2281,0,0
42,-39,13,2096,-2814,-2240,0,0
46,-37,-1,2101,-2804,-2180,0,0
21,-92,-24,2104,-2774,-2241,0,0
1,-22,-28,2122,-2777,-2286,0,0
-8,39,-16,2138,-2794,-2266,0,0
-22,5,-7,2153,-2775,-2285,0,0
-26,-8,3,2126,-2776,-2294,0,0
-17,20,2,2157,-2785,-2253,0,0
-14,17,-3,2155,-2764,-2239,0,0
-22,-7,2,2158,-2757,-2290,0,0
-12,-3,10,2169,-2799,-2279,0,0
10,54,19,2174,-2842,-2202,0,0
-2,16,37,2159,-2788,-2207,0,0
-21,-65,39,2098,-2788,-2292,0,0
-9,-3,39,2116,-2847,-2232,0,0
-13,5,45,2144,-2815,-2208,0,0
-33,-41,34,2105,-2782,-2221,0,0
-35,-25,13,2130,-2773,-2276,0,0
-20,-28,9,2149,-2790,-2286,0,0
-8,-39,0,2113,-2799,-2248,0,0
-5,-41,1,2168,-2791,-2270,0,0
-5,-72,19,2154,-2791,-2270,0,0
3,-73,8,2058,-2798,-2323,0,0
15,-73,-4,2137,-2851,-2236,0,0
-7,-171,7,1980,-2803,-2288,0,0
-2,-48,-16,2066,-2787,-2360,0,0
-13,10,-26,2074,-2794,-2252,0,0
-11,-53,-32,1978,-2813,-2354,0,0
12,16,-42,2129,-2766,-2328,0,0
-4,278,-35,2001,-2794,-2180,0,0
11,339,-14,2167,-2784,-2347,0,0
48,373,-32,2157,-2771,-2255,0,0
84,1296,20,2192,-2790,-2118,0,0
109,1855,48,2342,-2801,-1735,0,0
83,2264,48,2776,-2842,-1599,0,0
58,2134,19,2687,-2828,-1233,0,0
3,2568,34,2883,-2870,-825,0,0
-27,3009,101,3132,-2850,-560,0,0
7,2551,137,3178,-2780,-392,0,0
38,1714,102,3066,-2863,30,0,0
9,887,69,2898,-2859,233,0,0
-8,182,44,2881,-2859,192,0,0
-16,-44,-24,2925,-2925,199,0,0
-15,27,-16,2990,-2886,134,0,0
2,189,14,2958,-2861,144,0,0
20,488,19,3016,-2882,295,0,0
13,430,24,2930,-2904,432,0,0
-11,287,5,2892,-2871,381,0,0
-15,134,-31,2949,-2867,385,0,0
8,238,-29,2991,-2880,388,0,0
52,297,5,2955,-2856,542,0,0
25,304,2,2921,-2898,606,0,0
-14,286,-2,2964,-2873,586,0,0
-16,152,4,2922,-2881,616,0,0
-12,179,8,2934,-2868,586,0,0
3,99,13,2980,-2873,639,0,0
-8,-184,15,2941,-2884,630,0,0
-22,-474,12,2924,-2873,576,0,0
-34,-723,-11,2907,-2854,457,0,0
-51,-1017,-49,3023,-2850,255,0,0
-30,-1616,-69,3178,-2837,75,0,0
-34,-2408,-59,3212,-2854,-199,0,0
-75,-3185,-25,3199,-2854,-690,0,0
-79,-4088,-54,2977,-2857,-1016,0,0
-79,-4269,-73,2146,-2827,-1518,0,0
-88,-3162,-85,2009,-2810,-2109,0,0
-8,-2074,-110,1961,-2796,-2407,0,0
39,-2066,-112,1767,-2753,-2617,0,0
5,-2013,-92,1747,-2809,-2696,0,0
12,-1279,-57,1395,-2784,-2673,0,0
-16,-793,-23,1384,-2782,-2756,0,0
-55,-522,1,1337,-2781,-2805,0,0
-72,-153,42,1270,-2736,-2913,0,0
-61,7,44,1310,-2727,-2982,0,0
-48,32,41,1317,-2736,-2856,0,0
-56,-36,30,1305,-2736,-2981,0,0
-32,-257,-34,1274,-2721,-2986,0,0
-38,-291,-17,1233,-2741,-2890,0,0
-49,-12,29,1285,-2761,-2984,0,0
-32,24,23,1250,-2711,-2974,0,0
-37,-62,12,1215,-2710,-2990,0,0
-36,-1,10,1211,-2731,-2989,0,0
-24,-6,0,1182,-2711,-2979,0,0
-19,11,22,1288,-2716,-3008,0,0
-13,-30,29,1216,-2710,-2968,0,0
-18,-29,21,1180,-2707,-2995,0,0
-16,-48,1,1184,-2707,-3009,0,0
-13,-42,4,1181,-2716,-3003,0,0
-5,40,16,1203,-2719,-2991,0,0
-5,24,19,1212,-2710,-2989,0,0
-6,-10,30,1212,-2711,-2987,0,0
-4,-23,23,1196,-2722,-3006,0,0
2,3,2,1196,-2748,-2955,0,0
-43,-97,-86,1169,-2723,-2925,0,0
-50,-103,-80,1030,-2603,-3105,0,0
10,337,66,1207,-2646,-3089,0,0
47,209,91,1478,-2735,-2857,0,0
80,5,77,1225,-2768,-3122,0,0
80,261,30,1270,-2725,-3005,0,0
38,153,19,1298,-2721,-2805,0,0
27,5,-11,1230,-2747,-2895,0,0
35,93,3,1264,-2752,-2970,0,0
56,281,17,1350,-2751,-2990,0,0
105,218,9,1240,-2751,-2923,0,0
137,301,0,1291,-2796,-2857,0,0
154,413,-31,1483,-2811,-2794,0,0
136,303,-97,1492,-2779,-2627,0,0
97,196,-101,1558,-2792,-2645,0,0
63,144,-71,1729,-2908,-2605,0,0
33,-9,-43,1608,-2896,-2604,0,0
11,-86,-24,1587,-2840,-2608,0,0
-23,-35,-19,1572,-2829,-2720,0,0
-9,-84,-24,1584,-2798,-2719,0,0
13,-100,-29,1570,-2819,-2675,0,0
-7,-91,-26,1545,-2838,-2702,0,0
-13,-134,-40,1527,-2810,-2726,0,0
-9,-144,-44,1517,-2799,-2754,0,0
-4,-86,-20,1489,-2802,-2772,0,0
16,-31,18,1490,-2824,-2757,0,0
13,8,-28,1540,-2872,-2732,0,0
-26,-330,-107,1119,-2629,-2733,0,0
-11,-72,-32,1586,-2719,-2879,0,0
11,318,105,1824,-2892,-2753,0,0
90,771,123,1443,-2862,-2840,0,0
62,452,54,1789,-2818,-2514,0,0
-85,-95,21,1561,-2848,-2434,0,0
-126,106,26,1515,-2845,-2666,0,0
-111,583,24,1726,-2809,-2666,0,0
-106,949,55,1665,-2791,-2586,0,0
-67,969,50,1978,-2774,-2634,0,0
-44,713,19,1935,-2779,-2400,0,0
-52,774,13,1940,-2798,-2283,0,0
-39,574,4,2192,-2788,-2407,0,0
-18,392,-2,2101,-2797,-2161,0,0
-47,472,47,2318,-2823,-2219,0,0
-49,113,60,2291,-2824,-2213,0,0
-42,-136,57,2172,-2760,-2300,0,0
11,-151,45,2021,-2803,-2280,0,0
23,35,44,2034,-2863,-2215,0,0
-27,108,36,2071,-2857,-2176,0,0
-58,35,17,2109,-2794,-2234,0,0
-2,-177,-59,2157,-2689,-2212,0,0
90,-609,-167,2266,-2631,-2208,0,0
97,-1137,-280,2157,-2654,-2357,0,0
28,-1818,-349,1858,-2705,-2649,0,0
-61,-1881,-279,1653,-2689,-2912,0,0
5,-1440,-211,1575,-2691,-3085,0,0
114,-963,-132,1576,-2733,-2821,0,0
134,-389,-16,1553,-2867,-2806,0,0
125,-1,17,1437,-2834,-2697,0,0
-5,72,-6,1408,-2687,-2623,0,0
-84,22,53,1374,-2663,-2970,0,0
-32,-140,51,1239,-2667,-3085,0,0
-2,-192,15,1251,-2670,-2949,0,0
14,-71,10,1432,-2721,-2974,0,0
44,-135,-9,1459,-2751,-2917,0,0
60,-77,-15,1322,-2781,-2761,0,0
18,-55,4,1293,-2738,-2859,0,0
-7,-141,-15,1221,-2727,-2955,0,0
-9,-4,-25,1266,-2735,-2917,0,0
-23,-24,-19,1367,-2722,-2910,0,0
-27,-56,-17,1361,-2707,-2939,0,0
-23,-56,-16,1340,-2701,-2912,0,0
-24,-58,-22,1338,-2722,-2988,0,0
1,-91,-31,1288,-2713,-2972,0,0
27,-32,-31,1277,-2704,-2929,0,0
12,34,-18,1333,-2713,-2967,0,0
50,63,-22,1194,-2675,-2974,0,0
99,233,-8,1327,-2708,-2877,0,0
108,547,94,1443,-2771,-2917,0,0
156,747,44,1447,-2780,-2982,0,0
139,509,-6,1513,-2777,-2684,0,0
89,343,-10,1612,-2828,-2711,0,0
41,0,-20,1552,-2838,-2648,0,0
40,-39,-43,1550,-2805,-2715,0,0
76,-44,-46,1630,-2805,-2787,0,0
79,-207,3,1594,-2802,-2791,0,0
70,-360,22,1464,-2792,-2784,0,0
84,-718,5,1502,-2815,-2867,0,0
84,-2069,-25,1381,-2786,-2870,0,0
27,-2702,-100,643,-2880,-2907,0,0
36,-1459,-123,621,-2880,-3070,0,0
57,-742,-111,714,-2854,-3054,0,0
51,-377,-67,584,-2849,-2981,0,0
44,12,-25,597,-2878,-3004,0,0
18,26,14,594,-2873,-3102,0,0
20,-44,23,553,-2877,-3116,0,0
36,17,43,594,-2907,-3112,0,0
-7,-142,-2,536,-2940,-3084,0,0
-85,-261,-74,322,-2751,-2896,0,0
-6,-140,-41,606,-2826,-3105,0,0
47,-43,73,514,-2898,-3284,0,0
72,492,100,441,-2912,-2931,0,0
-13,1271,110,719,-2891,-2901,0,0
-111,1938,109,824,-2860,-2926,0,0
-152,1939,188,1411,-2908,-2912,0,0
-165,1226,186,1382,-2874,-2798,0,0
-201,818,211,1354,-2859,-2709,0,0
-254,768,226,1546,-2855,-2644,0,0
-269,673,187,1474,-2800,-2828,0,0
-244,682,184,1556,-2774,-2723,0,0
-285,832,175,1541,-2786,-2632,0,0
-279,670,171,1556,-2753,-2842,0,0
-241,456,151,1719,-2771,-2552,0,0
-265,664,124,1761,-2724,-2685,0,0
-212,686,114,1887,-2711,-2662,0,0
-181,706,81,1888,-2680,-2583,0,0
-143,666,50,1980,-2645,-2570,0,0
-113,781,42,2069,-2718,-2425,0,0
-106,1071,70,2178,-2712,-2384,0,0
-63,788,82,2418,-2591,-2469,0,0
-32,120,22,2174,-2674,-2262,0,0
-5,101,0,2104,-2711,-2288,0,0
49,217,-13,2361,-2696,-2250,0,0
23,-9,-31,2485,-2688,-2051,0,0
-45,-253,-37,2254,-2676,-2160,0,0
-31,-180,-37,2251,-2656,-2315,0,0
4,-29,-48,2312,-2672,-2230,0,0
4,-21,-40,2290,-2670,-2213,0,0
-2,-6,-32,2267,-2678,-2255,0,0
-2,-4,-33,2270,-2666,-2253,0,0
10,-90,-23,2299,-2653,-2278,0,0
19,-20,-8,2280,-2666,-2276,0,0
16,28,-8,2252,-2645,-2242,0,0
11,15,-19,2297,-2659,-2252,0,0
8,-3,-32,2294,-2677,-2263,0,0
27,24,-41,2310,-2649,-2229,0,0
27,29,-32,2293,-2651,-2225,0,0
-11,-55,-58,2292,-2665,-2223,0,0
-12,-145,-30,2286,-2608,-2254,0,0
12,-73,35,2354,-2640,-2332,0,0
7,-65,65,2314,-2653,-2282,0,0
-11,-72,57,2141,-2622,-2263,0,0
-57,-34,-34,2147,-2618,-2278,0,0
-33,53,-33,2433,-2674,-2350,0,0
-6,-30,33,2278,-2657,-2238,0,0
-12,5,78,2311,-2635,-2334,0,0
-9,-114,42,2154,-2614,-2311,0,0
-4,-8,-37,2211,-2674,-2318,0,0
16,57,7,2361,-2695,-2249,0,0
12,-30,30,2223,-2657,-2242,0,0
-5,19,33,2305,-2641,-2307,0,0
-22,-97,19,2089,-2621,-2246,0,0
-24,11,-20,2261,-2707,-2339,0,0
-4,89,14,2380,-2679,-2289,0,0
-7,-43,50,2257,-2604,-2261,0,0
-25,-106,17,2121,-2613,-2315,0,0
-26,24,-51,2167,-2697,-2380,0,0
19,206,13,2503,-2757,-2310,0,0
11,144,90,2286,-2655,-2211,0,0
57,94,85,2163,-2552,-2385,0,0
86,-41,-15,2256,-2621,-2260,0,0
54,-87,-48,2242,-2727,-2213,0,0
50,-19,-17,2196,-2713,-2147,0,0
28,45,-3,2320,-2730,-2152,0,0
-26,-62,-23,2270,-2727,-2166,0,0
-109,-184,-139,2129,-2695,-2229,0,0
-135,-255,-216,2275,-2482,-2415,0,0
-13,-145,7,2291,-2559,-2506,0,0
64,-30,137,2390,-2701,-2339,0,0
103,105,129,1981,-2624,-2479,0,0
113,253,30,2301,-2685,-2309,0,0
93,428,23,2409,-2761,-2029,0,0
94,494,48,2314,-2700,-2034,0,0
52,158,42,2425,-2700,-2050,0,0
-10,-22,19,2407,-2798,-2110,0,0
-83,-198,-45,2248,-2721,-2007,0,0
-36,-141,-14,2039,-2562,-2346,0,0
28,73,5,2459,-2719,-2161,0,0
-29,-89,26,2498,-2779,-1832,0,0
-96,-98,54,2226,-2702,-2231,0,0
-139,-185,-91,2218,-2622,-2220,0,0
-105,-56,-78,2433,-2709,-2393,0,0
-9,-73,8,2250,-2642,-2257,0,0
2,30,38,2363,-2660,-2203,0,0
-28,-41,44,2368,-2686,-2208,0,0
-63,-244,-25,1964,-2600,-2140,0,0
-93,2,-105,2207,-2612,-2331,0,0
-80,43,-72,2519,-2678,-2312,0,0
-63,-47,-30,2336,-2650,-2255,0,0
-47,-56,-7,2228,-2585,-2368,0,0
-31,-113,6,2248,-2543,-2457,0,0
3,-173,-9,2280,-2560,-2392,0,0
25,0,-16,2291,-2616,-2385,0,0
54,50,-3,2222,-2568,-2409,0,0
81,71,28,2249,-2593,-2353,0,0
67,207,53,2287,-2646,-2312,0,0
48,161,46,2283,-2629,-2162,0,0
3,6,30,2267,-2653,-2201,0,0
-9,11,11,2284,-2625,-2308,0,0
10,82,21,2337,-2630,-2264,0,0
-3,33,38,2321,-2642,-2224,0,0
-22,-94,22,2245,-2656,-2200,0,0
-13,-19,11,2333,-2690,-2292,0,0
7,19,44,2340,-2666,-2255,0,0
3,-45,63,2266,-2649,-2243,0,0
-9,-66,54,2204,-2648,-2261,0,0
-11,-40,24,2224,-2668,-2262,0,0
-7,18,20,2301,-2693,-2255,0,0
-5,-7,28,2269,-2667,-2258,0,0
-3,-24,36,2272,-2664,-2262,0,0
-2,-24,36,2264,-2665,-2251,0,0
-7,-32,34,2236,-2682,-2273,0,0
-7,-25,31,2231,-2687,-2286,0,0
2,-18,31,2255,-2678,-2299,0,0
12,-42,34,2178,-2659,-2312,0,0
26,7,11,2177,-2704,-2286,0,0
30,74,21,2235,-2703,-2291,0,0
31,9,41,2264,-2696,-2264,0,0
29,-7,49,2247,-2738,-2233,0,0
13,-14,35,2191,-2735,-2188,0,0
-10,-11,23,2210,-2703,-2225,0,0
-8,-1,11,2225,-2714,-2264,0,0
-4,4,14,2241,-2723,-2241,0,0
-10,-18,14,2245,-2736,-2219,0,0
-8,-13,22,2231,-2719,-2290,0,0
8,-17,27,2195,-2691,-2303,0,0
15,-15,16,2167,-2712,-2261,0,0
15,2,10,2234,-2756,-2213,0,0
3,-4,9,2195,-2734,-2212,0,0
-9,-10,-5,2176,-2716,-2231,0,0
-21,-17,-15,2163,-2752,-2290,0,0
-17,-7,-9,2226,-2751,-2285,0,0
-11,-32,-5,2212,-2705,-2242,0,0
-20,-85,-10,2236,-2712,-2209,0,0
-27,-150,-13,2248,-2725,-2314,0,0
5,-38,0,2178,-2698,-2340,0,0
24,40,17,2212,-2704,-2262,0,0
-5,-123,0,2090,-2723,-2254,0,0
-20,-97,-30,2185,-2755,-2364,0,0
8,3,27,2287,-2736,-2333,0,0
8,-26,47,2093,-2699,-2278,0,0
16,47,14,2138,-2673,-2375,0,0
50,25,-49,2019,-2646,-2329,0,0
107,116,-77,2308,-2744,-2486,0,0
213,191,-40,2144,-2796,-2308,0,0
239,490,-35,2214,-2757,-2037,0,0
187,715,-40,2357,-2769,-1877,0,0
77,1115,0,2500,-2789,-1831,0,0
19,1054,9,2460,-2803,-1738,0,0
-11,616,-22,2587,-2802,-1743,0,0
-60,-134,-35,2644,-2779,-1749,0,0
-95,-660,-25,2579,-2769,-1802,0,0
-72,-647,3,2403,-2721,-1959,0,0
-30,-274,9,2466,-2731,-2040,0,0
-10,-83,8,2495,-2739,-1985,0,0
10,-145,7,2431,-2770,-1882,0,0
-6,-100,16,2422,-2773,-1955,0,0
-24,-128,10,2332,-2753,-2014,0,0
-25,-144,-16,2341,-2739,-2018,0,0
-19,-42,-2,2428,-2746,-2047,0,0
-15,-11,19,2440,-2769,-2029,0,0
-11,-27,11,2360,-2752,-2000,0,0
-23,-22,-5,2371,-2733,-2026,0,0
-11,-14,3,2439,-2745,-2009,0,0
-6,-27,13,2396,-2759,-1992,0,0
-25,-29,15,2386,-2759,-2032,0,0
-25,-27,25,2367,-2755,-2050,0,0
-12,-8,22,2380,-2739,-2044,0,0
-10,-3,9,2366,-2732,-2034,0,0
-16,-22,7,2365,-2748,-2035,0,0
-19,-22,8,2373,-2763,-2075,0,0
-10,0,11,2357,-2747,-2051,0,0
-7,-4,9,2361,-2741,-2024,0,0
-20,-26,-1,2361,-2729,-2076,0,0
-5,0,-4,2379,-2754,-2064,0,0
-7,-3,5,2388,-2755,-2030,0,0
-25,-21,11,2361,-2756,-2046,0,0
-18,-5,16,2344,-2742,-2083,0,0
-7,5,9,2381,-2732,-2050,0,0
-17,-4,2,2389,-2732,-2071,0,0
-16,-3,10,2331,-2747,-2078,0,0
-4,-14,6,2394,-2741,-2049,0,0
-5,-21,17,2397,-2729,-2078,0,0
-5,-39,13,2287,-2738,-2078,0,0
-21,-84,-39,2256,-2778,-2066,0,0
-65,-119,-169,2375,-2693,-2027,0,0
-40,-87,-39,2454,-2641,-2146,0,0
-23,-135,43,2442,-2743,-2084,0,0
4,-29,71,2300,-2735,-2174,0,0
26,42,56,2300,-2656,-2262,0,0
-4,38,15,2394,-2764,-2075,0,0
-31,-36,18,2320,-2761,-2073,0,0
2,-144,64,2327,-2727,-2188,0,0
-2,-103,63,2311,-2757,-2043,0,0
-25,-40,37,2209,-2734,-2154,0,0
-3,-83,7,2231,-2684,-2216,0,0
12,-80,-10,2297,-2729,-2169,0,0
1,-106,13,2441,-2769,-2186,0,0
-15,-394,20,2235,-2757,-2152,0,0
-21,-268,2,2190,-2741,-2254,0,0
-13,-106,41,2197,-2710,-2274,0,0
-15,-46,34,2101,-2734,-2263,0,0
-19,-4,13,2113,-2731,-2280,0,0
-35,-113,-38,1968,-2724,-2248,0,0
-32,84,-76,2353,-2793,-2358,0,0
-18,97,-34,2241,-2696,-2189,0,0
-27,78,-3,2190,-2662,-2251,0,0
-27,-14,-2,2343,-2759,-2385,0,0
-6,-56,4,2181,-2735,-2275,0,0
-1,2,3,2143,-2697,-2208,0,0
-15,33,-13,2211,-2697,-2279,0,0
-5,14,-8,2218,-2704,-2334,0,0
9,16,-5,2237,-2710,-2252,0,0
-3,-1,3,2217,-2700,-2280,0,0
-1,-10,16,2211,-2691,-2330,0,0
10,-14,21,2179,-2701,-2286,0,0
21,-39,31,2174,-2691,-2274,0,0
36,-44,10,2202,-2694,-2336,0,0
57,-49,-9,2291,-2736,-2223,0,0
35,-16,-19,2194,-2775,-2151,0,0
-16,-32,-25,2161,-2745,-2211,0,0
-78,-52,-96,2129,-2747,-2323,0,0
-117,-78,-117,2230,-2618,-2322,0,0
-49,-147,13,2115,-2601,-2334,0,0
-25,-184,91,2339,-2755,-2223,0,0
-57,7,107,2276,-2760,-2453,0,0
-92,-21,56,2204,-2670,-2391,0,0
-80,-62,-18,2032,-2669,-2286,0,0
-50,60,-51,2149,-2702,-2355,0,0
-33,28,-37,2104,-2627,-2397,0,0
13,45,35,2172,-2635,-2386,0,0
-42,-12,38,2171,-2706,-2083,0,0
-81,70,48,2176,-2710,-2478,0,0
-90,2,-58,2175,-2623,-2464,0,0
-98,-65,-91,2181,-2520,-2497,0,0
8,-32,40,2175,-2559,-2495,0,0
51,-145,78,2251,-2675,-2381,0,0
124,70,92,2144,-2699,-2503,0,0
115,66,14,2103,-2671,-2192,0,0
-3,-73,-66,2159,-2761,-2217,0,0
-119,-91,-165,2167,-2689,-2471,0,0
-94,-114,-113,2006,-2465,-2419,0,0
17,-1,38,2249,-2596,-2428,0,0
17,-78,94,2373,-2716,-2404,0,0
34,73,147,2087,-2641,-2573,0,0
-18,57,79,2290,-2711,-2269,0,0
-61,-123,4,1962,-2654,-2184,0,0
-41,-113,-24,1982,-2651,-2527,0,0
-33,-44,-60,2211,-2625,-2543,0,0
32,-90,26,2158,-2593,-2470,0,0
18,-142,43,2182,-2676,-2246,0,0
11,-93,80,2114,-2681,-2537,0,0
15,-134,50,1936,-2599,-2534,0,0
-7,-40,-17,1995,-2688,-2491,0,0
35,42,41,2172,-2763,-2467,0,0
38,-4,98,1995,-2651,-2411,0,0
23,20,35,1962,-2616,-2461,0,0
2,9,-67,1985,-2814,-2439,0,0
22,77,-49,2202,-2771,-2498,0,0
47,21,0,1997,-2668,-2377,0,0
29,135,12,2229,-2686,-2384,0,0
-4,-45,38,2074,-2677,-2363,0,0
-17,-86,-16,1947,-2681,-2472,0,0
24,119,-17,2231,-2687,-2507,0,0
26,3,22,2080,-2734,-2316,0,0
-5,-33,32,2046,-2712,-2379,0,0
-34,-52,-24,1819,-2641,-2368,0,0
-27,166,-86,2204,-2729,-2509,0,0
7,124,-42,2243,-2711,-2368,0,0
-19,102,-48,2062,-2718,-2308,0,0
-97,15,-189,2064,-2584,-2504,0,0
-5,-6,-118,2151,-2500,-2503,0,0
56,64,-7,2403,-2691,-2237,0,0
14,-5,43,2231,-2788,-2227,0,0
-79,28,19,2111,-2673,-2413,0,0
-204,-160,-124,2247,-2552,-2442,0,0
-110,-298,-61,1940,-2442,-2697,0,0
33,45,90,2208,-2551,-2518,0,0
53,-49,94,2297,-2617,-2370,0,0
48,-102,67,1985,-2615,-2533,0,0
61,67,42,2197,-2655,-2493,0,0
80,5,84,2154,-2691,-2392,0,0
89,-44,87,2079,-2677,-2446,0,0
87,-29,71,2017,-2619,-2424,0,0
64,-25,1,2000,-2708,-2420,0,0
85,139,36,2255,-2758,-2513,0,0
127,129,89,2084,-2706,-2346,0,0
137,256,83,2086,-2662,-2342,0,0
110,65,-16,1963,-2771,-2200,0,0
26,62,-71,2354,-2904,-2230,0,0
-62,-188,-112,2149,-2711,-2200,0,0
13,-29,9,1987,-2658,-2292,0,0
0,158,55,2400,-2868,-2188,0,0
-44,-32,78,2061,-2794,-2199,0,0
-92,-35,-7,2112,-2701,-2305,0,0
-125,13,-55,2174,-2663,-2430,0,0
-62,-113,-23,1989,-2693,-2424,0,0
-33,60,-17,2192,-2721,-2420,0,0
-15,20,5,2193,-2681,-2371,0,0
0,-13,23,2135,-2699,-2329,0,0
3,27,36,2141,-2710,-2316,0,0
-10,7,22,2142,-2715,-2353,0,0
-9,-31,14,2142,-2718,-2357,0,0
-4,22,18,2156,-2728,-2269,0,0
-16,19,18,2148,-2720,-2313,0,0
-37,-74,-8,2111,-2707,-2395,0,0
-87,-156,-112,2069,-2751,-2269,0,0
-122,-152,-158,2082,-2566,-2417,0,0
-42,5,34,2204,-2580,-2571,0,0
24,-15,86,2261,-2715,-2366,0,0
30,28,92,2101,-2699,-2413,0,0
-25,52,49,2077,-2683,-2311,0,0
-87,256,36,2141,-2731,-2191,0,0
-128,310,54,2175,-2713,-2217,0,0
-174,262,66,2278,-2692,-2349,0,0
-186,54,43,2186,-2647,-2486,0,0
-106,52,29,2081,-2572,-2594,0,0
-11,73,14,2164,-2585,-2462,0,0
15,42,-1,2274,-2666,-2318,0,0
-1,-39,-4,2071,-2610,-2302,0,0
1,56,-35,2275,-2651,-2393,0,0
10,29,1,2353,-2661,-2304,0,0
-16,2,39,2223,-2647,-2260,0,0
-46,-8,36,2168,-2601,-2379,0,0
-39,-83,-31,2014,-2589,-2358,0,0
-25,73,-100,2324,-2700,-2410,0,0
-2,72,-24,2405,-2676,-2386,0,0
16,33,16,2205,-2597,-2257,0,0
-8,19,5,2230,-2570,-2281,0,0
-37,-76,-16,2139,-2601,-2298,0,0
-68,-23,-63,2279,-2676,-2311,0,0
-81,-70,-83,2321,-2667,-2385,0,0
-67,-204,-187,2063,-2494,-2430,0,0
2,-27,-34,2055,-2342,-2815,0,0
105,128,114,2428,-2471,-2527,0,0
147,273,151,2330,-2684,-2469,0,0
200,182,31,2185,-2613,-2236,0,0
139,101,-15,2470,-2752,-2089,0,0
25,-165,-49,2382,-2727,-2020,0,0
-19,-196,28,2077,-2570,-2313,0,0
31,-12,106,2231,-2597,-2326,0,0
-32,-178,112,2320,-2704,-2172,0,0
-37,-229,75,1940,-2712,-2435,0,0
-14,55,-46,2273,-2737,-2246,0,0
-132,-97,-149,2046,-2635,-2246,0,0
-112,-125,-164,2286,-2429,-2681,0,0
35,86,58,2388,-2643,-2376,0,0
22,-32,101,2280,-2741,-2098,0,0
-46,-166,74,1996,-2578,-2446,0,0
-87,-8,-20,2301,-2595,-2487,0,0
-83,-40,-41,2177,-2671,-2320,0,0
-73,-70,-40,2169,-2654,-2387,0,0
-69,-186,-97,2133,-2447,-2632,0,0
40,-103,34,2093,-2439,-2768,0,0
143,110,128,2340,-2650,-2414,0,0
168,154,164,2160,-2688,-2470,0,0
212,-6,89,2035,-2572,-2515,0,0
213,-86,-18,2109,-2701,-2299,0,0
164,19,-49,2082,-2776,-2161,0,0
113,-30,-18,2157,-2745,-2219,0,0
72,-49,-12,2163,-2715,-2354,0,0
51,-30,-7,2175,-2731,-2273,0,0
26,-33,23,2169,-2732,-2249,0,0
15,-29,18,2081,-2727,-2256,0,0
5,10,15,2117,-2748,-2309,0,0
-26,-42,-32,2088,-2778,-2352,0,0
-118,-124,-156,2095,-2752,-2244,0,0
-126,-152,-146,2091,-2546,-2464,0,0
-13,-36,87,2346,-2691,-2518,0,0
24,-48,140,2222,-2738,-2312,0,0
13,-51,107,1963,-2658,-2386,0,0
-24,-41,28,2090,-2681,-2419,0,0
-23,-144,19,1988,-2732,-2454,0,0
19,-83,20,2204,-2782,-2422,0,0
12,-84,75,2175,-2731,-2371,0,0
-16,-210,96,1931,-2665,-2458,0,0
6,-106,55,1905,-2673,-2551,0,0
11,-21,-39,1823,-2760,-2427,0,0
31,67,-62,2152,-2775,-2492,0,0
57,-23,-10,2071,-2706,-2459,0,0
61,-8,7,1998,-2703,-2394,0,0
37,-13,-7,1976,-2741,-2381,0,0
11,28,-16,1948,-2768,-2438,0,0
11,36,-10,2003,-2759,-2437,0,0
18,25,2,2059,-2757,-2390,0,0
23,36,11,2051,-2740,-2369,0,0
23,49,-9,2017,-2762,-2352,0,0
-55,6,-109,1992,-2845,-2329,0,0
-157,-223,-248,1941,-2638,-2301,0,0
-107,-137,-74,2061,-2576,-2600,0,0
-51,76,63,2330,-2764,-2347,0,0
-106,179,114,2091,-2804,-2117,0,0
-292,-35,72,2135,-2685,-2347,0,0
-390,-378,7,1968,-2600,-2606,0,0
-276,-333,-31,1830,-2522,-2871,0,0
-142,-171,-29,1923,-2487,-2888,0,0
-64,-6,6,1916,-2508,-2771,0,0
-30,79,6,1953,-2556,-2614,0,0
-69,-49,-39,1943,-2599,-2556,0,0
-125,-316,-147,1975,-2460,-2749,0,0
-71,-221,-60,1803,-2368,-2940,0,0
15,218,111,2058,-2465,-2850,0,0
70,163,159,2007,-2561,-2769,0,0
88,-34,65,1806,-2535,-2776,0,0
122,30,46,2092,-2546,-2760,0,0
206,-88,85,2001,-2607,-2767,0,0
248,-170,76,1883,-2646,-2623,0,0
227,-162,53,1819,-2643,-2558,0,0
219,-165,-24,1760,-2628,-2637,0,0
198,-116,-117,1807,-2700,-2532,0,0
167,-98,-75,1977,-2790,-2526,0,0
139,-103,-11,1844,-2768,-2425,0,0
84,-75,1,1850,-2732,-2468,0,0
23,-56,2,1828,-2741,-2528,0,0
-4,-27,9,1838,-2743,-2592,0,0
-5,4,20,1828,-2747,-2608,0,0
9,-20,20,1800,-2736,-2607,0,0
22,-6,24,1846,-2728,-2570,0,0
27,14,37,1845,-2758,-2556,0,0
8,-14,-2,1789,-2802,-2604,0,0
-91,-208,-166,1745,-2724,-2566,0,0
-80,-272,-77,1612,-2599,-2640,0,0
-4,-49,58,2041,-2772,-2775,0,0
57,-107,94,1841,-2734,-2809,0,0
166,-431,33,2090,-2684,-3233,0,0
252,-1778,-67,1832,-2797,-2545,0,0
252,-2709,-178,923,-2820,-2912,0,0
485,-1794,214,2335,-2771,-4031,0,0
999,-405,1221,2106,-3320,-3151,0,0
1255,1580,2105,1192,-3656,-1962,0,0
1000,4707,2628,-92,-3656,-1631,0,0
251,4913,2319,592,-3719,-1572,0,0
-389,2444,1604,257,-3274,-2673,0,0
-395,553,919,-38,-3153,-2478,0,0
-306,803,522,734,-3247,-2300,0,0
-217,651,276,1098,-3373,-2116,0,0
-180,192,216,1108,-3478,-2011,0,0
-197,105,218,921,-3532,-2219,0,0
-114,-60,84,629,-3422,-2210,0,0
-34,-226,-67,813,-3462,-2233,0,0
13,-184,-91,930,-3523,-2113,0,0
56,-101,-74,876,-3496,-2054,0,0
42,120,-98,1043,-3744,-1947,0,0
-83,145,-51,957,-3828,-2032,0,0
-125,292,-16,900,-3720,-2233,0,0
-101,126,18,1051,-3656,-2026,0,0
-125,-24,60,706,-3671,-2036,0,0
-135,573,71,954,-3493,-2165,0,0
-16,291,138,1054,-3306,-2346,0,0
203,-68,84,847,-3530,-2348,0,0
221,-310,15,1186,-3696,-2125,0,0
114,-948,19,885,-3696,-1992,0,0
18,-670,16,507,-3713,-1919,0,0
-71,-25,-9,930,-3770,-2070,0,0
-245,-445,-12,599,-3892,-2113,0,0
-421,-359,-27,734,-3932,-2313,0,0
-419,-546,103,671,-3758,-2257,0,0
-475,-304,192,321,-3549,-2333,0,0
-450,94,213,566,-3448,-2575,0,0
-245,86,288,532,-3675,-2600,0,0
-174,215,436,505,-3409,-2385,0,0
-91,63,460,453,-2966,-2637,0,0
-27,-212,320,416,-3197,-2045,0,0
-124,-201,238,302,-3178,-2185,0,0
-39,38,151,248,-3153,-3010,0,0
259,-28,56,523,-3366,-2795,0,0
218,-479,40,265,-3382,-2356,0,0
91,-203,6,191,-3285,-2596,0,0
59,-78,-43,368,-3439,-2438,0,0
-5,-320,-65,117,-3513,-2352,0,0
-77,-20,-90,286,-3509,-2436,0,0
-120,-54,-74,308,-3639,-2581,0,0
-90,-77,55,295,-3671,-2420,0,0
-174,-96,116,-26,-3432,-2493,0,0
-112,197,59,18,-3332,-2886,0,0
136,533,20,263,-3568,-2676,0,0
189,194,66,296,-3315,-2412,0,0
190,-69,4,250,-3144,-2646,0,0
278,-478,-122,268,-3401,-2617,0,0
325,-578,-168,98,-3547,-2217,0,0
189,-62,-154,434,-3541,-2108,0,0
-40,-135,-148,251,-3610,-2140,0,0
-203,284,-105,287,-3830,-2300,0,0
-123,313,15,414,-3601,-2597,0,0
65,-376,101,317,-3508,-2487,0,0
-61,-890,48,-366,-3196,-2246,0,0
158,221,-224,-366,-2928,-3326,0,0
576,797,-529,699,-3186,-2575,0,0
333,-330,-772,480,-3396,-1810,0,0
-34,-466,-983,143,-3308,-2113,0,0
-12,-651,-1318,187,-3114,-2534,0,0
153,-1177,-1678,423,-3418,-2596,0,0
32,-1942,-1977,1063,-3737,-2008,0,0
-242,-2574,-2089,853,-3686,-2101,0,0
-275,-830,-1922,571,-3566,-2607,0,0
-23,1438,-1484,1128,-3199,-2515,0,0
99,2289,-985,2556,-3128,-2456,0,0
-17,1828,-692,2567,-3531,-2140,0,0
-152,1280,-369,2833,-3207,-2147,0,0
-288,731,-48,2731,-2861,-1847,0,0
-443,158,105,2106,-2776,-2155,0,0
-427,-75,119,2168,-2832,-2201,0,0
-427,306,69,2180,-2793,-2261,0,0
-325,126,77,2218,-2623,-2258,0,0
-149,232,160,2523,-2671,-2010,0,0
-33,313,202,2289,-2763,-2113,0,0
-58,-82,145,2197,-2811,-2483,0,0
-51,-79,-1,1961,-2617,-2174,0,0
-8,11,-85,2075,-2829,-2108,0,0
7,-34,-122,2141,-2993,-2189,0,0
13,406,-112,2284,-2952,-2169,0,0
51,650,-65,2354,-2817,-1996,0,0
25,308,-6,2474,-2744,-1932,0,0
-84,-124,1,2402,-2801,-1914,0,0
-151,-373,12,2399,-2829,-2061,0,0
-116,-475,31,2201,-2754,-2162,0,0
-100,-135,3,2165,-2754,-2164,0,0
-94,-27,-26,2233,-2722,-2214,0,0
-82,-102,-34,2280,-2716,-2213,0,0
-84,-66,-36,2291,-2736,-2287,0,0
-50,-12,-24,2269,-2672,-2311,0,0
-13,-18,-9,2241,-2672,-2267,0,0
4,-5,4,2237,-2716,-2224,0,0
7,-31,-12,2260,-2742,-2247,0,0
-33,-142,-107,2221,-2717,-2136,0,0
-53,-61,-59,2261,-2633,-2283,0,0
-13,-8,60,2371,-2709,-2300,0,0
-21,-45,66,2268,-2731,-2187,0,0
-46,-73,22,2139,-2674,-2256,0,0
-65,-63,-72,2100,-2624,-2284,0,0
-45,46,-64,2399,-2712,-2338,0,0
-24,9,6,2338,-2727,-2272,0,0
-29,1,40,2225,-2660,-2252,0,0
-46,-161,28,2201,-2624,-2295,0,0
-67,-292,-53,2021,-2707,-2251,0,0
-93,-78,-108,2389,-2722,-2425,0,0
-52,-229,-112,2165,-2483,-2628,0,0
111,29,51,1884,-2319,-2904,0,0
313,354,115,2275,-2401,-2628,0,0
432,743,104,2229,-2671,-2371,0,0
509,1091,5,2330,-2889,-1812,0,0
392,496,-60,2555,-3031,-1343,0,0
52,-346,-138,2663,-3081,-1270,0,0
-221,-803,-110,2199,-2761,-1912,0,0
-136,-392,35,2187,-2596,-2502,0,0
-16,146,73,2496,-2791,-2078,0,0
-6,-3,69,2330,-2783,-2030,0,0
-27,-259,13,2084,-2684,-2196,0,0
1,56,-76,2229,-2752,-2224,0,0
60,298,-19,2547,-2820,-2073,0,0
59,58,30,2323,-2770,-1978,0,0
24,-26,20,2448,-2797,-2061,0,0
0,-230,39,2353,-2735,-2112,0,0
4,-365,-4,1931,-2695,-2113,0,0
27,60,-76,2328,-2744,-2238,0,0
51,74,-74,2371,-2745,-2152,0,0
64,-60,-27,2367,-2743,-2080,0,0
36,-114,24,2353,-2785,-2071,0,0
-4,-60,28,2244,-2745,-2069,0,0
-16,-48,-1,2260,-2733,-2097,0,0
-17,-75,-1,2318,-2769,-2172,0,0
-10,-76,17,2285,-2790,-2155,0,0
-5,-76,28,2213,-2812,-2046,0,0
-24,-60,20,2237,-2798,-2150,0,0
-67,-123,-18,2266,-2790,-2136,0,0
-159,-186,-130,2198,-2845,-2131,0,0
-177,-329,-154,2040,-2494,-2408,0,0
-29,-67,37,2365,-2546,-2423,0,0
-1,34,92,2492,-2803,-2193,0,0
-15,-65,107,2070,-2782,-2352,0,0
-54,46,27,2206,-2747,-2207,0,0
-56,8,-4,2181,-2737,-2188,0,0
-37,38,21,2161,-2767,-2269,0,0
-35,-16,1,2154,-2729,-2329,0,0
-41,-79,-45,2207,-2612,-2359,0,0
32,20,35,2162,-2626,-2401,0,0
29,-5,42,2275,-2774,-2086,0,0
-31,-27,64,2211,-2826,-2202,0,0
-111,-63,-21,2099,-2730,-2145,0,0
-212,-222,-123,2171,-2563,-2408,0,0
-124,-229,-5,2200,-2491,-2696,0,0
14,-147,81,2236,-2663,-2517,0,0
102,-108,93,2156,-2742,-2431,0,0
133,46,67,1949,-2743,-2376,0,0
52,38,-70,1908,-2726,-2146,0,0
-90,-17,-230,2236,-2726,-2294,0,0
-121,-142,-146,2289,-2510,-2599,0,0
7,-121,67,2160,-2582,-2469,0,0
58,-11,97,2113,-2716,-2349,0,0
71,126,85,2109,-2642,-2566,0,0
77,251,74,2132,-2680,-2511,0,0
61,503,36,2222,-2764,-2215,0,0
106,396,59,2213,-2744,-2141,0,0
128,224,63,2288,-2759,-2188,0,0
84,115,65,2254,-2791,-2141,0,0
39,83,58,2162,-2726,-2155,0,0
27,32,18,2253,-2742,-2138,0,0
8,29,-2,2256,-2783,-2166,0,0
7,38,16,2245,-2767,-2166,0,0
21,9,-2,2196,-2762,-2178,0,0
28,41,-13,2240,-2798,-2129,0,0
8,20,-9,2357,-2775,-2055,0,0
-17,-56,4,2279,-2751,-2169,0,0
9,-5,5,2232,-2767,-2213,0,0
30,40,-3,2261,-2776,-2125,0,0
20,-7,-4,2240,-2797,-2135,0,0
10,-2,-7,2256,-2786,-2115,0,0
-5,1,-8,2264,-2775,-2104,0,0
-9,-9,-12,2269,-2754,-2162,0,0
5,-12,-22,2270,-2752,-2094,0,0
-11,3,-24,2313,-2770,-2167,0,0
-3,-13,-12,2260,-2787,-2199,0,0
20,29,-5,2295,-2796,-2085,0,0
1,4,1,2263,-2783,-2077,0,0
-20,-36,-24,2192,-2745,-2169,0,0
-8,18,-32,2326,-2750,-2224,0,0
31,15,6,2314,-2739,-2124,0,0
33,3,11,2303,-2772,-2101,0,0
15,-41,2,2282,-2776,-2125,0,0
21,-62,-7,2267,-2734,-2172,0,0
51,10,-1,2330,-2757,-2132,0,0
28,-8,17,2303,-2795,-2148,0,0
23,-75,6,2159,-2770,-2124,0,0
45,14,-10,2324,-2780,-2167,0,0
43,34,21,2331,-2791,-2031,0,0
-26,-49,-22,2173,-2844,-1979,0,0
-133,-202,-133,2285,-2762,-2012,0,0
-105,-201,-12,2267,-2681,-2347,0,0
-30,-25,64,2294,-2756,-2206,0,0
-39,-120,46,2324,-2806,-2113,0,0
-77,-191,36,2218,-2766,-2173,0,0
-107,-8,36,2186,-2713,-2172,0,0
-119,-32,30,2220,-2724,-2276,0,0
-107,-186,12,2138,-2783,-2310,0,0
-83,-67,18,2161,-2773,-2304,0,0
-57,-28,16,2145,-2681,-2313,0,0
-68,-57,-4,2136,-2698,-2259,0,0
-134,-107,-47,2124,-2725,-2332,0,0
-144,-186,-114,2142,-2551,-2527,0,0
-20,-20,40,2299,-2631,-2584,0,0
33,-69,88,2193,-2709,-2263,0,0
28,-83,81,2127,-2650,-2410,0,0
24,-127,-12,1958,-2629,-2493,0,0
39,2,-35,2183,-2716,-2430,0,0
68,-10,20,2191,-2738,-2333,0,0
61,-14,29,2088,-2725,-2306,0,0
27,-9,29,2074,-2699,-2329,0,0
-5,-14,15,2103,-2696,-2383,0,0
-16,1,10,2096,-2722,-2388,0,0
-10,4,27,2102,-2734,-2381,0,0
-1,-23,32,2136,-2719,-2387,0,0
3,-28,30,2111,-2701,-2402,0,0
10,-14,43,2100,-2706,-2406,0,0
20,-39,57,2083,-2723,-2361,0,0
7,-56,53,2107,-2768,-2372,0,0
-6,-57,50,2079,-2764,-2385,0,0
3,-36,56,2016,-2721,-2377,0,0
10,-27,55,2036,-2722,-2386,0,0
0,-58,32,2062,-2747,-2419,0,0
-2,-132,32,2018,-2751,-2425,0,0
5,-245,31,1998,-2760,-2490,0,0
31,-371,25,1999,-2729,-2593,0,0
94,-576,21,1866,-2722,-2587,0,0
123,-537,-4,1787,-2758,-2543,0,0
146,-516,-37,1740,-2807,-2612,0,0
190,-627,-70,1717,-2831,-2694,0,0
231,-877,-103,1676,-2816,-2685,0,0
220,-942,-122,1535,-2866,-2549,0,0
168,-445,-98,1444,-2895,-2573,0,0
123,36,-53,1565,-2916,-2557,0,0
32,142,-31,1574,-2949,-2511,0,0
-53,287,-18,1481,-2915,-2541,0,0
-71,623,-2,1460,-2878,-2524,0,0
-74,1308,20,1706,-2892,-2490,0,0
-102,1848,2,1863,-2840,-2122,0,0
-211,1463,-23,2337,-2824,-2225,0,0
-252,443,-15,2247,-2866,-2331,0,0
-170,475,60,2200,-2790,-2389,0,0
-51,480,83,2402,-2777,-2224,0,0
-32,107,77,2347,-2758,-2146,0,0
-53,-324,75,2101,-2755,-2166,0,0
-52,-330,41,2154,-2772,-2257,0,0
-18,-116,19,2186,-2771,-2331,0,0
10,-65,-19,2038,-2775,-2179,0,0
7,82,-12,2301,-2808,-2268,0,0
14,-4,34,2224,-2801,-2266,0,0
12,-57,60,2113,-2787,-2210,0,0
-15,-99,27,2054,-2789,-2221,0,0
-9,1,19,2207,-2816,-2262,0,0
-7,-15,31,2155,-2817,-2185,0,0
-26,-70,18,2077,-2804,-2233,0,0
-43,-121,-21,1996,-2810,-2244,0,0
-32,89,-12,2213,-2854,-2351,0,0
10,91,38,2135,-2811,-2247,0,0
1,35,56,2110,-2798,-2154,0,0
-37,-17,19,2028,-2789,-2237,0,0
-26,27,-12,2192,-2824,-2302,0,0
8,35,25,2219,-2845,-2227,0,0
-2,-32,52,2186,-2844,-2180,0,0
-19,-60,64,2132,-2816,-2250,0,0
-15,-76,52,1999,-2797,-2268,0,0
-9,-12,19,2093,-2827,-2275,0,0
-5,27,15,2141,-2837,-2228,0,0
-17,-29,32,2127,-2840,-2269,0,0
-11,-46,46,2080,-2826,-2309,0,0
6,-6,39,2044,-2825,-2216,0,0
-17,-7,19,2082,-2823,-2253,0,0
-19,-29,15,2074,-2826,-2293,0,0
-8,-18,13,2069,-2843,-2260,0,0
-14,-19,12,2084,-2844,-2258,0,0
-13,-13,16,2051,-2829,-2268,0,0
-14,6,9,2051,-2838,-2278,0,0
-12,25,4,2046,-2835,-2311,0,0
-4,100,-12,2018,-2961,-2263,0,0
-8,223,-4,2165,-2848,-2280,0,0
11,130,6,2117,-2843,-2240,0,0
23,19,-5,2172,-2803,-2149,0,0
-13,-28,-5,2146,-2831,-2198,0,0
-17,52,9,2128,-2846,-2242,0,0
1,37,9,2128,-2839,-2235,0,0
0,-42,4,2129,-2827,-2209,0,0
-11,-26,11,2134,-2841,-2216,0,0
-4,12,15,2117,-2851,-2201,0,0
3,33,15,2141,-2822,-2221,0,0
-3,-30,-9,2042,-2818,-2231,0,0
0,56,-9,2217,-2861,-2211,0,0
-6,-21,29,2169,-2853,-2167,0,0
-14,-118,33,2088,-2827,-2152,0,0
-48,-163,-3,2047,-2796,-2249,0,0
-32,-102,-22,2116,-2826,-2392,0,0
11,23,-3,2084,-2889,-2231,0,0
12,47,8,2143,-2851,-2184,0,0
2,-20,20,2161,-2798,-2276,0,0
-1,-92,12,1971,-2820,-2263,0,0
10,28,-17,2165,-2857,-2257,0,0
1,21,1,2048,-2839,-2203,0,0
-6,63,9,2156,-2865,-2282,0,0
2,36,31,2100,-2808,-2271,0,0
8,-12,5,1942,-2773,-2263,0,0
42,115,-66,2177,-2816,-2289,0,0
55,114,-31,2253,-2861,-2214,0,0
-30,-64,-71,2053,-2882,-2103,0,0
-54,-88,-134,2078,-2802,-2246,0,0
56,-59,-1,2261,-2807,-2258,0,0
37,-97,59,2248,-2874,-2168,0,0
20,-68,19,1995,-2825,-2237,0,0
0,66,-25,2282,-2830,-2226,0,0
-6,30,9,2142,-2812,-2252,0,0
28,-4,23,2042,-2839,-2186,0,0
-2,9,-13,2132,-2858,-2189,0,0
-52,-93,-63,2024,-2841,-2246,0,0
-113,-165,-136,2109,-2727,-2211,0,0
-50,-144,3,2118,-2696,-2416,0,0
45,-57,82,2299,-2831,-2345,0,0
77,-61,109,2012,-2803,-2345,0,0
36,-86,4,2089,-2858,-2301,0,0
-106,-44,-88,2132,-2936,-2037,0,0
-93,-52,-74,1927,-2798,-2281,0,0
16,51,51,2156,-2692,-2409,0,0
-1,-48,77,2180,-2787,-2247,0,0
-33,-46,24,1971,-2854,-2279,0,0
-45,100,-43,2236,-2846,-2340,0,0
-7,44,7,2021,-2771,-2374,0,0
33,8,16,2078,-2790,-2319,0,0
25,7,8,2113,-2794,-2251,0,0
4,-17,15,2019,-2805,-2279,0,0
9,-15,-15,2078,-2767,-2325,0,0
11,-9,-35,2118,-2775,-2275,0,0
-13,7,-8,2130,-2831,-2223,0,0
-23,-19,15,2113,-2826,-2294,0,0
-7,-64,10,2089,-2787,-2321,0,0
-19,-93,7,2090,-2787,-2276,0,0
-54,-73,-20,2084,-2851,-2273,0,0
-150,-307,-162,2051,-2783,-2224,0,0
-134,-373,-77,1828,-2597,-2585,0,0
-15,4,78,2229,-2756,-2583,0,0
37,50,122,2106,-2834,-2325,0,0
15,-5,79,1961,-2771,-2421,0,0
-39,6,12,2001,-2732,-2462,0,0
-28,29,31,2003,-2759,-2383,0,0
-9,51,42,2008,-2794,-2382,0,0
-5,6,41,2027,-2796,-2367,0,0
-9,-19,55,2030,-2765,-2428,0,0
0,-37,44,2020,-2747,-2442,0,0
16,-37,28,2029,-2738,-2436,0,0
16,-42,22,1968,-2750,-2419,0,0
15,-21,31,1977,-2792,-2448,0,0
29,-34,20,1975,-2806,-2443,0,0
43,-28,16,1938,-2780,-2409,0,0
44,-3,13,1959,-2799,-2416,0,0
31,4,2,1994,-2840,-2366,0,0
28,-12,8,1948,-2820,-2410,0,0
40,-2,5,1954,-2813,-2392,0,0
41,20,-12,1984,-2831,-2384,0,0
52,22,-22,1993,-2823,-2339,0,0
45,7,-20,2010,-2827,-2314,0,0
26,-15,-23,2003,-2826,-2367,0,0
40,-15,-29,2007,-2813,-2382,0,0
69,-11,-40,2020,-2805,-2334,0,0
78,-28,-53,2036,-2798,-2368,0,0
87,-56,-63,2006,-2808,-2370,0,0
95,-59,-70,2004,-2837,-2311,0,0
95,-93,-89,2017,-2817,-2340,0,0
109,-114,-103,2025,-2817,-2377,0,0
133,-115,-118,2021,-2828,-2336,0,0
148,-127,-133,2032,-2850,-2295,0,0
134,-154,-126,2001,-2879,-2327,0,0
125,-160,-117,1978,-2891,-2334,0,0
133,-150,-110,1975,-2888,-2304,0,0
123,-164,-112,1975,-2977,-2327,0,0
115,-163,-126,1952,-2845,-2313,0,0
108,-137,-142,1961,-2865,-2312,0,0
104,-148,-143,2067,-2828,-2365,0,0
111,-179,-127,2023,-2820,-2365,0,0
112,-153,-120,1957,-2854,-2328,0,0
97,-143,-123,1995,-2870,-2336,0,0
91,-157,-110,1982,-2860,-2342,0,0
80,-144,-94,1987,-2869,-2363,0,0
68,-125,-83,1929,-2862,-2319,0,0
41,-97,-74,1949,-2860,-2335,0,0
21,-68,-59,1961,-2882,-2373,0,0
18,-39,-47,1964,-2981,-2350,0,0
15,-63,-45,1957,-2835,-2333,0,0
8,-58,-65,1946,-2905,-2294,0,0
0,10,-73,1984,-2896,-2289,0,0
-38,-26,-62,2001,-2829,-2401,0,0
-75,-45,-29,1957,-2788,-2461,0,0
-70,36,-1,1995,-2808,-2357,0,0
-91,62,19,2062,-2800,-2380,0,0
-105,30,55,2056,-2790,-2457,0,0
-85,9,96,1984,-2774,-2507,0,0
-54,29,117,1938,-2764,-2474,0,0
-63,49,146,1926,-2792,-2486,0,0
-91,56,177,1868,-2769,-2447,0,0
-135,85,195,1861,-2766,-2365,0,0
-203,71,196,1919,-2792,-2458,0,0
-185,82,174,2024,-2751,-2484,0,0
-114,134,140,2206,-2646,-2376,0,0
-50,179,113,2143,-2595,-2308,0,0
-82,141,105,1948,-2756,-2527,0,0
-80,82,119,1926,-2857,-2666,0,0
-10,40,172,1862,-2895,-2535,0,0
7,10,195,1902,-2944,-2383,0,0
-6,13,178,2025,-2925,-2334,0,0
26,7,158,1935,-2900,-2211,0,0
45,-28,77,1735,-2888,-2154,0,0
-7,45,-13,1696,-2950,-2299,0,0
-93,107,-21,1835,-2955,-2548,0,0
-95,27,25,1906,-2796,-2551,0,0
-22,-60,27,1876,-2706,-2426,0,0
-2,-47,-19,2055,-2789,-2415,0,0
-7,-27,-33,2158,-2797,-2397,0,0
18,-71,-18,1976,-2764,-2391,0,0
21,-108,-21,1880,-2825,-2462,0,0
3,-92,-35,1830,-2918,-2451,0,0
10,-35,-14,1855,-2944,-2429,0,0
14,-6,23,1799,-2936,-2399,0,0
-10,18,42,1768,-2926,-2419,0,0
-27,17,35,1795,-2910,-2474,0,0
-10,47,11,1827,-2853,-2437,0,0
-9,54,5,1830,-2843,-2457,0,0
-27,46,-4,1842,-2850,-2445,0,0
-31,56,-20,1906,-2829,-2410,0,0
-23,54,-22,1942,-2809,-2437,0,0
-11,37,-18,1956,-2795,-2491,0,0
8,42,-8,1950,-2808,-2442,0,0
4,51,3,1929,-2829,-2401,0,0
-8,47,7,1905,-2830,-2410,0,0
-36,61,18,1909,-2886,-2438,0,0
-66,55,64,1898,-3025,-2486,0,0
-54,41,111,1851,-2885,-2386,0,0
-72,39,125,1844,-2882,-2388,0,0
-78,72,111,1969,-2856,-2436,0,0
-74,76,108,1932,-2790,-2378,0,0
-81,63,94,1848,-2808,-2429,0,0
-66,70,87,1919,-2892,-2541,0,0
-36,73,100,1896,-2905,-2385,0,0
-46,79,114,1873,-2888,-2293,0,0
-80,73,113,1855,-2885,-2357,0,0
-87,130,96,1905,-2875,-2444,0,0
-78,193,94,1889,-2877,-2392,0,0
-77,200,95,1977,-3015,-2392,0,0
-76,106,97,1955,-2880,-2375,0,0
-82,101,104,1876,-2869,-2349,0,0
-92,111,99,1883,-2888,-2376,0,0
-104,88,100,1899,-2895,-2430,0,0
-81,68,100,1918,-2864,-2423,0,0
-64,44,79,1912,-2858,-2317,0,0
-89,63,51,1912,-2835,-2312,0,0
-119,101,45,1954,-2857,-2414,0,0
-119,108,60,1941,-2842,-2476,0,0
-79,90,71,1899,-2764,-2414,0,0
-69,73,66,1986,-2807,-2481,0,0
-40,8,68,2099,-2863,-2488,0,0
15,-41,71,1946,-2849,-2313,0,0
29,-22,45,1891,-2814,-2362,0,0
24,-85,31,1925,-2869,-2473,0,0
34,-123,34,1885,-2910,-2443,0,0
54,-105,29,1819,-2890,-2341,0,0
24,-99,16,1807,-2917,-2338,0,0
-6,-107,1,1845,-2908,-2402,0,0
-16,-120,-16,1839,-2896,-2395,0,0
-24,-128,-7,1857,-2892,-2497,0,0
-8,-144,8,1802,-2881,-2511,0,0
-2,-110,10,1755,-2883,-2436,0,0
-6,-61,11,1843,-3029,-2440,0,0
-14,-126,16,1782,-2869,-2494,0,0
-14,-120,10,1707,-2861,-2528,0,0
-5,-39,0,1741,-2859,-2537,0,0
5,-13,-2,1756,-2875,-2538,0,0
14,-28,-3,1743,-2885,-2509,0,0
14,-30,-16,1747,-2879,-2471,0,0
4,-32,-32,1736,-2878,-2490,0,0
0,-30,-40,1772,-2880,-2537,0,0
18,2,-36,1786,-2891,-2512,0,0
23,23,-19,1806,-2913,-2482,0,0
18,-7,1,1792,-2904,-2479,0,0
18,6,7,1749,-2879,-2457,0,0
16,39,2,1779,-2882,-2483,0,0
12,51,-8,1775,-2883,-2467,0,0
3,38,-13,1766,-2887,-2474,0,0
5,26,-19,1785,-2890,-2503,0,0
16,55,-17,1806,-2901,-2446,0,0
11,74,-5,1822,-2896,-2471,0,0
23,74,-5,1821,-2863,-2481,0,0
35,60,-9,1837,-2877,-2406,0,0
11,-3,-12,1820,-2906,-2427,0,0
14,-1,-24,1848,-2899,-2461,0,0
28,32,-18,1847,-2913,-2383,0,0
18,16,-10,1838,-3034,-2451,0,0
24,17,-5,1830,-2898,-2460,0,0
20,30,4,1822,-2906,-2401,0,0
8,24,10,1854,-2897,-2422,0,0
5,28,17,1872,-2897,-2402,0,0
-9,22,23,1838,-2891,-2415,0,0
-5,6,13,1853,-2873,-2429,0,0
-4,9,17,1879,-2898,-2410,0,0
-13,-15,26,1853,-2915,-2422,0,0
-3,-22,16,1847,-2919,-2367,0,0
-6,-26,17,1836,-2918,-2407,0,0
-9,-28,21,1806,-2910,-2428,0,0
-9,-28,22,1823,-3042,-2424,0,0
-2,1,27,1861,-2932,-2419,0,0
6,64,51,1850,-2919,-2415,0,0
13,49,41,1837,-2913,-2375,0,0
-11,-41,20,1839,-2923,-2360,0,0
-28,-50,12,1834,-2936,-2395,0,0
-25,-15,4,1832,-2931,-2393,0,0
-23,-16,11,1843,-2925,-2408,0,0
-23,-11,23,1844,-2928,-2409,0,0
-17,-4,31,1824,-2924,-2437,0,0
-7,7,29,1796,-2919,-2429,0,0
-11,11,23,1777,-2913,-2422,0,0
-13,-1,15,1804,-3051,-2416,0,0
-13,-1,16,1842,-2931,-2401,0,0
-17,-6,19,1814,-2912,-2417,0,0
-17,-3,11,1800,-2900,-2453,0,0
-9,7,5,1834,-2907,-2416,0,0
-8,-11,8,1844,-2933,-2410,0,0
-11,-11,28,1833,-2942,-2449,0,0
-4,-11,34,1797,-2930,-2397,0,0
-4,-11,25,1772,-2909,-2415,0,0
-7,-4,13,1794,-2907,-2461,0,0
-9,1,8,1772,-2923,-2438,0,0
-10,7,11,1820,-2948,-2413,0,0
-12,-10,22,1812,-3066,-2422,0,0
-8,-7,23,1808,-2917,-2420,0,0
-8,-5,16,1777,-2903,-2440,0,0
-10,-12,4,1779,-2929,-2439,0,0
-5,-6,-2,1818,-2957,-2417,0,0
-9,-3,15,1818,-2947,-2409,0,0
-14,-20,26,1792,-2933,-2430,0,0
-7,-32,27,1780,-2914,-2448,0,0
-3,-22,21,1762,-2910,-2454,0,0
-5,-3,11,1771,-2924,-2423,0,0
-10,1,5,1777,-2945,-2429,0,0
-7,0,-1,1792,-2924,-2445,0,0
-1,0,-9,1779,-2918,-2414,0,0
-10,-8,-6,1789,-2937,-2445,0,0
-6,-17,0,1779,-2918,-2483,0,0
17,-7,-2,1773,-2926,-2448,0,0
11,2,1,1777,-2952,-2399,0,0
1,-7,-3,1784,-2936,-2424,0,0
9,23,-11,1801,-2921,-2418,0,0
5,19,-8,1803,-2916,-2436,0,0
0,3,-8,1780,-2941,-2441,0,0
-3,16,-3,1806,-2949,-2412,0,0
-2,3,4,1796,-2934,-2428,0,0
0,3,1,1766,-2934,-2399,0,0
-11,10,-13,1800,-3055,-2451,0,0
1,11,-19,1809,-2911,-2425,0,0
4,17,-21,1824,-2915,-2394,0,0
-9,-2,-12,1833,-2946,-2445,0,0
2,6,-3,1815,-2940,-2399,0,0
8,25,0,1808,-2922,-2400,0,0
7,19,-3,1819,-2921,-2444,0,0
7,12,-6,1787,-2916,-2404,0,0
-1,26,-13,1835,-2928,-2397,0,0
0,16,-11,1864,-2926,-2420,0,0
4,17,-2,1809,-2920,-2399,0,0
-2,17,-9,1831,-2932,-2422,0,0
9,10,-25,1865,-3035,-2382,0,0
1,-5,-10,1839,-2904,-2406,0,0
-8,-17,-3,1857,-2947,-2423,0,0
-2,-13,18,1851,-2948,-2385,0,0
1,-6,30,1810,-2918,-2382,0,0
-9,-2,19,1825,-2911,-2412,0,0
-13,-12,10,1832,-2915,-2399,0,0
-23,-7,17,1853,-2935,-2373,0,0
-22,-13,23,1852,-2934,-2454,0,0
-3,-6,23,1828,-2922,-2410,0,0
-11,5,37,1803,-2931,-2400,0,0
-11,2,34,1832,-2937,-2412,0,0
-4,-13,27,1843,-3059,-2360,0,0
-21,-15,31,1815,-2940,-2398,0,0
-20,-12,26,1818,-2946,-2430,0,0
-9,2,38,1829,-2951,-2389,0,0
-14,-7,46,1776,-2927,-2435,0,0
-9,-12,32,1768,-2940,-2407,0,0
-15,-6,26,1785,-2948,-2388,0,0
-17,-4,20,1812,-2929,-2449,0,0
-8,3,17,1808,-2938,-2395,0,0
-13,3,22,1805,-2942,-2419,0,0
-8,-12,28,1801,-2934,-2439,0,0
0,-14,27,1799,-2953,-2404,0,0
-7,-19,35,1799,-2955,-2401,0,0
-10,-21,35,1755,-2952,-2424,0,0
-1,3,26,1771,-2953,-2431,0,0
5,-2,27,1777,-2949,-2433,0,0
-2,-15,30,1745,-2942,-2412,0,0
-8,-6,22,1774,-2962,-2430,0,0
-4,-3,23,1771,-2969,-2415,0,0
-1,-8,19,1751,-2953,-2403,0,0
-3,0,9,1756,-2943,-2446,0,0
-4,8,14,1765,-2971,-2412,0,0
-6,-26,17,1746,-2980,-2406,0,0
-13,-31,15,1750,-2964,-2399,0,0
-15,-39,8,1729,-2947,-2440,0,0
1,-49,1,1750,-2946,-2465,0,0
11,-17,-19,1849,-2981,-2546,0,0
47,-240,12,1726,-2925,-2714,0,0
174,-645,3,1520,-2982,-2657,0,0
261,-472,-41,1536,-3092,-2587,0,0
296,-206,-23,1564,-3138,-2343,0,0
305,-223,-22,1598,-3183,-2434,0,0
345,-590,2,1570,-3146,-2632,0,0
372,-542,69,1454,-3200,-2414,0,0
339,-284,118,1434,-3273,-2230,0,0
271,-365,110,1379,-3328,-2227,0,0
219,-502,128,1363,-3248,-2275,0,0
172,-555,162,1252,-3130,-2252,0,0
69,-499,160,1114,-3073,-2351,0,0
25,-268,119,1102,-2976,-2487,0,0
47,14,29,983,-3011,-2309,0,0
-26,212,-79,1119,-3219,-2282,0,0
-140,141,-161,1263,-3612,-2535,0,0
-173,57,-123,1231,-3277,-2514,0,0
-124,-27,-56,1209,-3148,-2569,0,0
-99,-175,-93,1175,-3235,-2498,0,0
-138,-145,-114,1156,-3141,-2545,0,0
-139,24,-99,1231,-3156,-2538,0,0
-96,31,-87,1261,-3242,-2566,0,0
-48,-18,-68,1209,-3238,-2594,0,0
-15,36,-50,1199,-3177,-2538,0,0
-19,28,-56,1199,-3205,-2506,0,0
-28,6,-50,1214,-3198,-2554,0,0
-30,-82,-25,1296,-3162,-2599,0,0
-27,-128,-28,1248,-3122,-2541,0,0
-35,-143,-27,1248,-3120,-2610,0,0
-47,-125,-12,1230,-3111,-2627,0,0
-33,-23,-3,1179,-3118,-2648,0,0
3,20,2,1194,-3143,-2641,0,0
9,-18,-8,1195,-3105,-2597,0,0
-17,-46,-1,1201,-3090,-2594,0,0
-35,-7,3,1206,-3097,-2609,0,0
-36,-4,-17,1229,-3100,-2595,0,0
-34,-21,-22,1220,-3122,-2622,0,0
-37,-26,-1,1213,-3122,-2636,0,0
-24,-39,5,1224,-3121,-2627,0,0
-11,-92,11,1223,-3117,-2611,0,0
-22,-175,32,1225,-3115,-2605,0,0
-37,-226,28,1177,-3118,-2634,0,0
-52,-331,28,1076,-3108,-2645,0,0
-61,-369,27,1062,-3110,-2703,0,0
-72,-360,13,1022,-3090,-2730,0,0
-78,-348,7,911,-3063,-2761,0,0
-58,-186,10,956,-3073,-2801,0,0
-49,-135,5,943,-3073,-2785,0,0
-58,-186,3,903,-3035,-2840,0,0
-27,-93,28,949,-3055,-2852,0,0
-9,-43,35,934,-3062,-2838,0,0
-4,-69,29,866,-3040,-2820,0,0
6,-33,39,891,-3067,-2807,0,0
0,-6,36,873,-3076,-2804,0,0
-9,-32,25,854,-3062,-2788,0,0
-26,21,29,877,-3094,-2728,0,0
-70,-58,0,899,-3153,-2764,0,0
-135,-321,-69,496,-2891,-2917,0,0
-57,223,11,682,-2944,-3006,0,0
-34,613,49,1248,-3056,-2653,0,0
-45,556,94,1065,-3109,-2698,0,0
-65,766,48,1150,-3012,-2808,0,0
-152,771,20,1108,-2929,-2660,0,0
-181,1228,-27,1050,-3003,-2525,0,0
-230,1786,-66,1471,-3018,-2642,0,0
-224,1695,-89,1609,-2965,-2627,0,0
-213,1508,-47,1976,-2970,-2236,0,0
-308,1619,45,2091,-2938,-2087,0,0
-331,1294,199,2321,-2992,-1968,0,0
-299,507,124,2122,-2720,-2306,0,0
-249,-111,-55,2323,-2637,-2381,0,0
-203,-400,-55,2200,-2772,-2321,0,0
-154,-376,-30,2025,-2817,-2453,0,0
-62,-177,-9,2091,-2756,-2502,0,0
-5,-199,-25,2055,-2749,-2379,0,0
10,1,-28,2053,-2788,-2332,0,0
-13,-80,-79,2031,-2796,-2274,0,0
-45,-342,-165,2094,-2661,-2353,0,0
-2,-51,-10,2237,-2742,-2539,0,0
33,-28,75,2163,-2804,-2364,0,0
38,-171,120,2024,-2740,-2353,0,0
23,-177,39,1841,-2692,-2492,0,0
33,20,-34,2089,-2774,-2461,0,0
66,6,28,2104,-2838,-2358,0,0
48,-24,78,2038,-2793,-2330,0,0
34,-49,55,1873,-2722,-2436,0,0
43,14,-41,1793,-2844,-2377,0,0
22,91,-33,2052,-2904,-2298,0,0
-61,-163,-108,1873,-2820,-2279,0,0
-133,-130,-204,2102,-2657,-2426,0,0
-35,40,1,2189,-2712,-2641,0,0
28,-116,82,2083,-2792,-2385,0,0
25,-186,55,1915,-2743,-2380,0,0
5,-46,-14,1982,-2776,-2547,0,0
-2,115,-2,2050,-2774,-2492,0,0
44,57,30,1921,-2715,-2421,0,0
48,52,41,2015,-2751,-2437,0,0
35,-22,34,1959,-2797,-2465,0,0
48,-47,12,1925,-2781,-2444,0,0
57,-32,-5,1971,-2766,-2437,0,0
49,11,-12,1966,-2800,-2349,0,0
34,-3,-8,2005,-2819,-2355,0,0
22,-32,7,1986,-2832,-2402,0,0
17,-10,16,1929,-2813,-2421,0,0
41,-37,1,1996,-2793,-2428,0,0
48,-92,-3,1972,-2955,-2401,0,0
62,-109,-4,1906,-2829,-2365,0,0
68,-69,-24,1987,-2831,-2379,0,0
33,-44,-22,1955,-2832,-2365,0,0
-2,-17,-19,1956,-2858,-2326,0,0
-28,-46,-24,1968,-2831,-2343,0,0
-50,-116,3,1974,-2831,-2431,0,0
-61,-244,-7,1867,-2832,-2424,0,0
-103,-291,-108,1792,-2829,-2348,0,0
-144,-195,-162,1882,-2674,-2539,0,0
-59,-2,28,2077,-2707,-2724,0,0
0,-41,113,2006,-2822,-2504,0,0
-2,-62,108,1864,-2799,-2494,0,0
-27,-66,49,1832,-2757,-2591,0,0
-8,-7,35,1773,-2759,-2553,0,0
13,14,30,1843,-2799,-2502,0,0
-6,17,24,1860,-2801,-2522,0,0
-3,-3,42,1843,-2783,-2566,0,0
6,-12,44,1863,-2783,-2552,0,0
6,0,33,1830,-2802,-2514,0,0
-1,0,31,1819,-2792,-2512,0,0
-3,-15,38,1822,-2790,-2557,0,0
-2,-13,37,1829,-2813,-2550,0,0
7,19,46,1854,-2830,-2533,0,0
32,101,54,1699,-2760,-2612,0,0
95,464,57,1802,-2788,-2689,0,0
148,680,38,1983,-2889,-2387,0,0
127,667,43,2063,-2913,-2099,0,0
38,67,28,1962,-2882,-2099,0,0
-41,-122,-11,2009,-2883,-2276,0,0
-35,-91,-11,2053,-2858,-2363,0,0
-33,-186,-8,1957,-2876,-2337,0,0
-83,-202,-91,1917,-2905,-2224,0,0
-77,-95,-65,1812,-2779,-2456,0,0
-35,106,27,2079,-2831,-2430,0,0
-76,-14,68,2057,-2847,-2174,0,0
-115,-9,69,1940,-2954,-2320,0,0
-133,-147,-65,1751,-2787,-2472,0,0
-134,-148,-192,1977,-2842,-2553,0,0
-118,-200,-232,1958,-2692,-2622,0,0
-3,198,-77,1976,-2591,-2696,0,0
112,318,94,2082,-2671,-2514,0,0
139,-14,143,2093,-2771,-2469,0,0
145,0,51,1953,-2886,-2397,0,0
63,130,-38,2082,-2945,-2126,0,0
-56,-188,-95,2082,-2795,-2098,0,0
-40,-254,31,1809,-2705,-2550,0,0
-16,2,73,2039,-2793,-2448,0,0
-11,-34,52,1838,-2808,-2438,0,0
-5,32,-32,2065,-2836,-2519,0,0
-1,28,0,2006,-2755,-2394,0,0
23,-18,40,1946,-2762,-2442,0,0
43,29,46,1983,-2791,-2487,0,0
53,-150,-19,1714,-2749,-2433,0,0
69,-51,-118,2020,-2848,-2449,0,0
88,64,-36,2172,-2853,-2371,0,0
64,-44,13,1920,-2804,-2317,0,0
37,-45,2,1933,-2818,-2368,0,0
17,-19,-1,1947,-2828,-2434,0,0
9,-1,17,1945,-2844,-2367,0,0
-2,11,19,1926,-2962,-2293,0,0
-33,14,-15,1942,-2829,-2404,0,0
-95,-45,-119,1996,-2891,-2349,0,0
-162,-280,-238,1843,-2663,-2476,0,0
-53,-116,-2,1902,-2659,-2717,0,0
30,118,101,2178,-2816,-2372,0,0
37,66,158,1935,-2803,-2482,0,0
32,161,86,1978,-2822,-2543,0,0
19,267,49,2077,-2877,-2239,0,0
-6,40,29,1889,-2863,-2221,0,0
-77,-118,-53,1986,-2836,-2257,0,0
-130,-217,-71,1900,-2692,-2578,0,0
-20,-14,52,2062,-2745,-2635,0,0
8,-57,66,2001,-2796,-2315,0,0
-22,-211,52,1866,-2791,-2428,0,0
-30,-220,32,1906,-2806,-2565,0,0
11,42,99,1999,-2811,-2545,0,0
20,18,94,1745,-2762,-2362,0,0
-16,29,15,1798,-2793,-2524,0,0
-18,-18,-73,1742,-2832,-2493,0,0
3,146,-35,2174,-2891,-2503,0,0
23,-31,36,1859,-2699,-2422,0,0
7,51,24,1980,-2788,-2458,0,0
-16,-73,33,1853,-2810,-2444,0,0
-24,-90,-13,1785,-2850,-2494,0,0
-7,73,13,2056,-2828,-2465,0,0
-16,-37,62,1910,-2781,-2459,0,0
-12,-81,56,1816,-2749,-2529,0,0
-8,-119,-58,1609,-2824,-2463,0,0
5,143,-72,2104,-2876,-2517,0,0
23,-39,6,1936,-2771,-2480,0,0
52,-97,17,1857,-2767,-2583,0,0
69,-64,-11,1865,-2815,-2442,0,0
34,-53,-10,1843,-2845,-2345,0,0
2,-2,8,1894,-2837,-2410,0,0
-7,34,13,1869,-2831,-2489,0,0
-60,-28,-59,1822,-3009,-2426,0,0
-197,-312,-272,1830,-2714,-2395,0,0
-101,-180,-68,1757,-2622,-2824,0,0
29,9,107,2194,-2838,-2622,0,0
54,0,150,1835,-2818,-2449,0,0
29,17,81,1760,-2742,-2580,0,0
-23,23,-1,1809,-2764,-2592,0,0
-10,55,-10,1801,-2794,-2492,0,0
16,114,27,1888,-2820,-2520,0,0
9,61,39,1895,-2806,-2489,0,0
11,32,31,1780,-2757,-2511,0,0
25,15,5,1835,-2802,-2516,0,0
17,94,-16,1942,-2956,-2504,0,0
27,80,10,1768,-2769,-2503,0,0
39,214,-11,1757,-2805,-2441,0,0
14,741,-38,1890,-2880,-2336,0,0
12,1225,-6,2157,-2855,-2235,0,0
-13,975,8,2362,-2792,-2070,0,0
-67,225,-18,2341,-2802,-2169,0,0
-73,-87,2,2280,-2822,-2259,0,0
-43,-163,19,2209,-2735,-2265,0,0
15,-145,10,2131,-2707,-2226,0,0
24,13,24,2265,-2842,-2171,0,0
5,-50,35,2201,-2849,-2150,0,0
-11,-199,-3,2102,-2790,-2174,0,0
-85,-582,-108,2166,-2752,-2211,0,0
-60,-789,-72,1825,-2706,-2656,0,0
85,5,35,2197,-2787,-2468,0,0
96,18,79,2200,-2846,-2115,0,0
45,-12,49,2060,-2844,-2302,0,0
5,-108,7,1910,-2759,-2375,0,0
18,-87,9,1945,-2796,-2392,0,0
18,17,33,2055,-2841,-2364,0,0
-1,8,22,1943,-2813,-2305,0,0
-37,42,-6,2016,-2806,-2267,0,0
-70,86,-25,1960,-2821,-2319,0,0
-33,177,-11,2028,-2749,-2496,0,0
13,191,1,2180,-2790,-2384,0,0
-41,97,-25,2075,-2862,-2117,0,0
-72,-11,-36,2071,-2795,-2324,0,0
-36,-69,-6,2086,-2747,-2466,0,0
-13,13,2,2036,-2784,-2273,0,0
-20,37,1,2053,-2817,-2291,0,0
-17,-12,-6,2110,-2769,-2324,0,0
-39,31,-29,2065,-2779,-2254,0,0
-81,57,-95,1967,-2812,-2243,0,0
-120,77,-177,2249,-2694,-2305,0,0
-80,37,-55,2280,-2628,-2493,0,0
-38,-52,62,2191,-2749,-2293,0,0
-51,-25,72,2130,-2784,-2265,0,0
-103,-160,-42,2201,-2714,-2375,0,0
-157,-429,-154,2076,-2570,-2555,0,0
-15,-64,42,1970,-2576,-2731,0,0
74,-14,115,2239,-2713,-2360,0,0
68,-240,142,2005,-2685,-2517,0,0
105,-249,60,1841,-2712,-2611,0,0
120,89,31,2148,-2790,-2349,0,0
104,-40,77,1927,-2717,-2325,0,0
97,-27,66,2053,-2772,-2551,0,0
108,-79,33,1856,-2790,-2412,0,0
133,179,22,2072,-2836,-2455,0,0
191,217,104,2130,-2782,-2405,0,0
173,179,100,1933,-2843,-2218,0,0
89,112,38,1814,-2903,-2095,0,0
-65,96,-134,1987,-3021,-2130,0,0
-163,-157,-237,1987,-2764,-2244,0,0
-19,-70,-68,2110,-2659,-2520,0,0
22,271,58,2440,-2919,-2287,0,0
25,66,117,2100,-2855,-2239,0,0
23,-452,-6,2233,-2783,-2410,0,0
47,-1537,-94,2141,-2770,-2712,0,0
163,-2173,-66,1305,-2809,-2556,0,0
180,-1189,-41,1325,-2835,-2504,0,0
96,-476,-29,1519,-2871,-2634,0,0
57,-116,25,1418,-2917,-2651,0,0
58,161,47,1470,-2907,-2672,0,0
18,-60,-28,1464,-2917,-2741,0,0
-105,-567,-198,1432,-2797,-2705,0,0
-45,-593,-108,1044,-2766,-2805,0,0
70,417,22,1663,-2933,-2912,0,0
115,456,67,1597,-2882,-2680,0,0
59,-254,35,1558,-2846,-2673,0,0
2,-875,-6,1267,-2881,-2845,0,0
35,-860,-55,1197,-2865,-2958,0,0
51,-1010,-103,1145,-2860,-2712,0,0
-49,-1185,-119,1042,-2926,-2555,0,0
-122,-1704,-100,842,-2982,-3113,0,0
-116,-2713,-129,258,-2811,-3130,0,0
-157,-2478,-198,-129,-2733,-3271,0,0
-66,-1445,-183,104,-2740,-3639,0,0
41,-356,-150,25,-2782,-3217,0,0
63,501,-110,-225,-2768,-2982,0,0
50,1591,-14,181,-2844,-3137,0,0
19,3068,137,420,-2886,-3155,0,0
18,4221,210,823,-2820,-2925,0,0
36,5227,270,1689,-2860,-2397,0,0
25,5862,302,2342,-2885,-1911,0,0
-16,5461,221,2570,-2920,-1257,0,0
-60,4440,139,2957,-2969,-845,0,0
-96,2945,26,2965,-2979,-446,0,0
-149,1540,-68,2978,-2913,-288,0,0
-127,371,-88,3180,-2830,-431,0,0
-113,-741,-142,3087,-2897,-184,0,0
-148,-1103,-111,3022,-2886,-410,0,0
-163,-1199,-63,3035,-2861,-567,0,0
-239,-1412,-73,3006,-2879,-651,0,0
-269,-2577,-121,2721,-2747,-1215,0,0
-240,-2589,-172,2373,-2735,-1597,0,0
-175,-1246,-138,2527,-2754,-1918,0,0
-67,-414,-29,2694,-2718,-1948,0,0
8,-107,34,2586,-2705,-1876,0,0
26,-102,32,2550,-2745,-1825,0,0
11,-132,15,2499,-2740,-1750,0,0
-4,-16,24,2513,-2760,-1862,0,0
-4,-138,-18,2528,-2820,-1923,0,0
-45,-579,-184,2382,-2641,-1806,0,0
-59,-574,-53,2275,-2614,-2002,0,0
-36,-103,76,2805,-2764,-2158,0,0
72,-41,155,2344,-2737,-2179,0,0
114,112,41,2356,-2718,-1979,0,0
37,-159,-61,2348,-2753,-1893,0,0
34,-3,-44,2360,-2804,-1949,0,0
-4,305,-34,2472,-2755,-1819,0,0
-70,328,-49,2375,-2689,-1880,0,0
-102,364,-20,2641,-2805,-1901,0,0
-110,477,11,2463,-2783,-1917,0,0
-76,551,41,2537,-2668,-1781,0,0
-86,269,29,2772,-2715,-1701,0,0
-112,-387,-32,2647,-2673,-1743,0,0
-129,-746,-44,2455,-2652,-1930,0,0
-108,-437,-10,2564,-2680,-2151,0,0
-61,-340,17,2471,-2611,-2080,0,0
-29,-251,27,2422,-2653,-2053,0,0
-28,-200,14,2414,-2687,-2085,0,0
-19,-240,6,2387,-2642,-2154,0,0
-8,-228,6,2370,-2681,-2129,0,0
-17,-165,12,2361,-2689,-2140,0,0
-13,-244,19,2343,-2659,-2209,0,0
-2,-222,18,2282,-2657,-2238,0,0
2,-115,13,2306,-2642,-2216,0,0
9,-101,12,2257,-2661,-2234,0,0
14,12,12,2308,-2695,-2269,0,0
20,-23,24,2317,-2639,-2225,0,0
18,-67,28,2294,-2667,-2222,0,0
11,-42,28,2314,-2683,-2268,0,0
32,-33,44,2267,-2672,-2250,0,0
33,-56,35,2183,-2717,-2207,0,0
-9,-94,-60,2224,-2765,-2170,0,0
-49,-467,-102,2106,-2621,-2222,0,0
-31,-173,0,2305,-2658,-2437,0,0
22,88,64,2277,-2693,-2452,0,0
71,43,24,2202,-2671,-2315,0,0
44,-109,-30,2185,-2680,-2260,0,0
41,-33,-24,2150,-2708,-2320,0,0
67,26,5,2231,-2697,-2377,0,0
109,-110,-2,2211,-2650,-2410,0,0
158,-166,-7,2218,-2678,-2375,0,0
184,-162,3,2183,-2717,-2355,0,0
195,-203,14,2200,-2756,-2341,0,0
194,-251,27,2097,-2792,-2236,0,0
166,-275,35,2026,-2804,-2231,0,0
138,-189,16,2056,-2812,-2285,0,0
92,-28,-4,2035,-2845,-2162,0,0
16,62,10,2019,-2879,-2157,0,0
-18,83,11,2019,-2847,-2220,0,0
-49,280,10,2046,-2844,-2184,0,0
-109,484,25,2081,-2877,-2098,0,0
-141,373,33,2125,-2789,-2112,0,0
-130,233,31,2372,-2767,-2355,0,0
-100,127,38,2261,-2803,-2219,0,0
-79,325,35,2254,-2800,-2142,0,0
-61,375,20,2363,-2747,-2184,0,0
-31,41,16,2173,-2711,-2155,0,0
-27,-9,10,2306,-2794,-2170,0,0
-16,-15,24,2213,-2817,-2172,0,0
2,127,0,2161,-2754,-2000,0,0
-34,290,-3,2345,-2759,-2039,0,0
-63,71,-2,2443,-2828,-2147,0,0
-47,-51,4,2342,-2786,-2121,0,0
-34,-61,1,2244,-2706,-2089,0,0
-32,-49,-29,2343,-2738,-2102,0,0
-15,-4,-25,2315,-2783,-2115,0,0
-21,28,-10,2286,-2779,-2096,0,0
-50,-62,-19,2345,-2751,-2080,0,0
-63,-124,-14,2261,-2747,-2151,0,0
-87,-225,-87,2166,-2718,-2094,0,0
-45,-106,-13,2429,-2639,-2354,0,0
9,-95,49,2520,-2750,-2218,0,0
-6,-136,86,2206,-2743,-2039,0,0
-49,-138,50,2082,-2693,-2218,0,0
-93,-77,-66,2190,-2761,-2250,0,0
-73,74,-21,2419,-2766,-2273,0,0
-35,-18,73,2223,-2674,-2151,0,0
-65,1,60,2310,-2700,-2194,0,0
-98,-236,20,2046,-2645,-2293,0,0
-105,-194,-93,1972,-2735,-2295,0,0
-115,64,-96,2344,-2743,-2386,0,0
-122,-131,-185,2151,-2558,-2377,0,0
-52,-189,-121,2341,-2508,-2566,0,0
27,21,107,2498,-2677,-2411,0,0
47,-38,183,2104,-2629,-2395,0,0
52,-43,36,1925,-2575,-2473,0,0
73,-51,-19,2368,-2714,-2447,0,0
137,-275,97,2313,-2679,-2495,0,0
232,-561,117,2059,-2586,-2564,0,0
286,-518,0,1753,-2696,-2383,0,0
258,-20,-115,2028,-2850,-2354,0,0
228,41,-77,2111,-2820,-2222,0,0
149,-45,-5,2060,-2805,-2143,0,0
61,-20,11,1996,-2843,-2225,0,0
4,23,7,2018,-2823,-2307,0,0
7,28,4,2059,-2762,-2418,0,0
30,-16,4,2054,-2799,-2382,0,0
34,-5,7,2070,-2843,-2335,0,0
35,2,24,2039,-2843,-2280,0,0
22,-4,23,1988,-2827,-2282,0,0
-10,19,-13,1960,-2802,-2281,0,0
-23,6,-26,1998,-2820,-2366,0,0
-16,-15,-33,1987,-2843,-2383,0,0
-61,-65,-133,1939,-2835,-2218,0,0
-123,-323,-207,1955,-2603,-2347,0,0
-36,-105,-19,2216,-2725,-2668,0,0
-7,4,71,2268,-2856,-2305,0,0
-16,62,104,1821,-2750,-2400,0,0
-37,109,22,2157,-2762,-2418,0,0
-56,168,-6,2090,-2776,-2442,0,0
9,224,27,2002,-2740,-2390,0,0
20,359,53,2181,-2794,-2194,0,0
-39,313,61,2184,-2819,-2255,0,0
-58,-102,44,2012,-2731,-2363,0,0
-58,-40,28,2122,-2775,-2302,0,0
-49,40,16,2076,-2775,-2352,0,0
-27,-5,11,2095,-2739,-2358,0,0
-33,65,15,2115,-2771,-2218,0,0
-66,101,14,2148,-2799,-2222,0,0
-105,29,10,2211,-2849,-2062,0,0
-190,40,2,2181,-2781,-2036,0,0
-327,-176,-63,1865,-2572,-2299,0,0
-355,-69,-131,2185,-2591,-2674,0,0
-182,-4,-38,2192,-2616,-2843,0,0
-26,54,26,2164,-2551,-2677,0,0
24,16,28,2245,-2622,-2357,0,0
4,-56,24,2106,-2645,-2313,0,0
-19,-110,16,2080,-2612,-2442,0,0
-23,-39,-6,2108,-2636,-2494,0,0
-15,-70,-37,2025,-2608,-2460,0,0
-30,-20,-38,2189,-2678,-2404,0,0
-61,-98,-103,2158,-2641,-2474,0,0
-88,-472,-162,2070,-2419,-2602,0,0
-15,-112,63,2040,-2475,-2829,0,0
100,57,167,2229,-2568,-2792,0,0
261,85,211,2016,-2532,-2921,0,0
460,68,106,1901,-2744,-2719,0,0
538,217,29,2083,-2833,-2287,0,0
448,28,6,2108,-2894,-1843,0,0
94,-255,-101,2142,-3007,-1495,0,0
-172,-645,-117,1896,-2747,-2120,0,0
-123,-534,49,1955,-2699,-2806,0,0
-22,14,133,2075,-2797,-2618,0,0
31,72,103,1773,-2756,-2406,0,0
-11,30,-51,1885,-2799,-2469,0,0
-22,83,-25,2057,-2810,-2481,0,0
19,-7,19,1896,-2768,-2461,0,0
38,19,-11,1893,-2766,-2453,0,0
33,16,-32,1942,-2816,-2457,0,0
31,19,-1,1953,-2801,-2422,0,0
18,14,19,1958,-2748,-2417,0,0
12,28,-14,1981,-2804,-2431,0,0
11,-2,-30,1978,-2815,-2419,0,0
18,10,-5,1998,-2794,-2415,0,0
5,18,-4,1960,-2792,-2387,0,0
-5,21,-12,1913,-2795,-2378,0,0
8,44,-8,2016,-2792,-2424,0,0
13,16,-1,2028,-2796,-2455,0,0
15,-28,14,1955,-2819,-2413,0,0
-21,-16,-12,1952,-2824,-2343,0,0
-95,-79,-104,1965,-2963,-2323,0,0
-121,-338,-167,1771,-2619,-2428,0,0
-40,-117,7,2119,-2707,-2643,0,0
3,66,101,2174,-2854,-2494,0,0
39,224,89,1696,-2721,-2458,0,0
26,359,2,2087,-2730,-2445,0,0
-39,186,-21,2206,-2813,-2341,0,0
-37,104,10,1917,-2826,-2267,0,0
-23,233,41,2054,-2736,-2372,0,0
-31,22,9,2063,-2703,-2430,0,0
-17,5,-6,2063,-2773,-2481,0,0
11,45,1,2093,-2755,-2399,0,0
24,40,7,2109,-2735,-2306,0,0
10,-18,30,2078,-2756,-2390,0,0
4,-18,44,2081,-2781,-2388,0,0
11,-1,40,2034,-2778,-2309,0,0
-5,-4,40,2033,-2761,-2336,0,0
-19,-11,29,2051,-2778,-2400,0,0
-7,8,35,2022,-2780,-2362,0,0
-6,15,40,2019,-2788,-2347,0,0
-14,-1,19,2072,-2794,-2352,0,0
-16,6,20,2033,-2787,-2343,0,0
-22,3,24,2009,-2795,-2366,0,0
-24,-8,15,2043,-2786,-2365,0,0
-22,-34,5,2029,-2776,-2367,0,0
-29,11,8,2026,-2795,-2322,0,0
-35,139,-1,1928,-2781,-2316,0,0
-11,366,-13,2102,-2764,-2457,0,0
33,357,2,2212,-2762,-2318,0,0
-2,105,-3,2275,-2825,-2053,0,0
-93,-65,-13,2133,-2826,-2168,0,0
-107,-15,-3,2153,-2717,-2346,0,0
-76,-54,-6,2101,-2694,-2407,0,0
-31,-114,2,2051,-2743,-2378,0,0
-5,4,23,2155,-2783,-2335,0,0
-8,-2,4,2159,-2724,-2307,0,0
-20,-32,-6,2162,-2733,-2299,0,0
-19,-17,15,2115,-2758,-2314,0,0
-22,-63,8,2060,-2768,-2324,0,0
-56,-130,-47,2057,-2771,-2293,0,0
-104,-236,-100,2100,-2665,-2334,0,0
-54,-129,33,2202,-2669,-2586,0,0
9,-33,97,2151,-2739,-2457,0,0
24,-65,82,1945,-2727,-2355,0,0
-23,-123,-11,1998,-2722,-2376,0,0
-29,-11,25,2175,-2758,-2490,0,0
4,-39,83,1989,-2701,-2422,0,0
7,-8,68,1978,-2731,-2431,0,0
-9,-18,-16,1844,-2756,-2416,0,0
3,129,-38,2232,-2806,-2497,0,0
33,-15,43,2025,-2640,-2393,0,0
23,-27,62,2078,-2731,-2358,0,0
-19,-160,28,1923,-2768,-2369,0,0
-17,-71,-20,1970,-2808,-2559,0,0
33,47,41,2180,-2757,-2465,0,0
34,-182,60,1976,-2723,-2382,0,0
44,-325,22,1832,-2707,-2528,0,0
53,-218,-81,1693,-2799,-2437,0,0
47,83,-113,2009,-2797,-2531,0,0
67,148,-56,2038,-2772,-2393,0,0
55,162,-10,2016,-2814,-2336,0,0
-9,-7,-78,1874,-2799,-2326,0,0
-112,-109,-223,2129,-2656,-2427,0,0
-76,-319,-108,2139,-2671,-2477,0,0
-90,-1359,65,2420,-2838,-2406,0,0
-183,-3303,152,1965,-2732,-2733,0,0
-279,-3984,114,20,-2590,-2780,0,0
-177,-748,84,175,-2630,-3601,0,0
164,1674,52,958,-2621,-3612,0,0
326,2203,16,1309,-2639,-2943,0,0
210,1281,11,1696,-2735,-2628,0,0
29,164,-36,1516,-2816,-2548,0,0
-32,154,-31,1440,-2799,-2844,0,0
-7,182,4,1466,-2728,-2861,0,0
0,173,-4,1579,-2749,-2741,0,0
-19,168,-12,1542,-2746,-2732,0,0
-27,333,5,1564,-2727,-2785,0,0
-20,512,-7,1608,-2734,-2730,0,0
-13,688,-43,1604,-2705,-2602,0,0
-1,1158,-46,1809,-2710,-2587,0,0
-3,1641,-34,2107,-2743,-2456,0,0
-1,1412,-9,2349,-2728,-2209,0,0
-6,1232,68,2470,-2768,-2116,0,0
18,1609,177,2649,-2753,-2130,0,0
68,1257,162,2491,-2686,-1818,0,0
76,1236,89,2430,-2825,-1654,0,0
57,986,57,2652,-2816,-1444,0,0
10,613,31,2738,-2798,-1344,0,0
-29,164,19,2831,-2834,-1329,0,0
-139,-1644,-25,2921,-2826,-1284,0,0
-324,-3638,-93,2441,-2782,-1777,0,0
-330,-3508,-55,1700,-2691,-2571,0,0
-157,-1240,60,1679,-2697,-2915,0,0
17,502,75,1881,-2669,-2673,0,0
26,423,-2,1860,-2656,-2288,0,0
-60,120,-34,2007,-2775,-2449,0,0
-79,-47,-30,2015,-2769,-2517,0,0
-63,-140,20,2008,-2653,-2528,0,0
-81,-309,35,1910,-2661,-2611,0,0
-68,-151,3,1837,-2679,-2695,0,0
-6,77,-17,1836,-2643,-2675,0,0
20,129,-45,1785,-2706,-2546,0,0
16,202,-101,1711,-2890,-2571,0,0
41,210,-142,1603,-2766,-2702,0,0
17,199,-187,1723,-2828,-2755,0,0
-24,-44,-239,1774,-2851,-2806,0,0
-162,-350,-311,1804,-2875,-3002,0,0
-268,-434,-355,1717,-2761,-3143,0,0
-292,-471,-404,1769,-2589,-3007,0,0
-299,-777,-437,1729,-2568,-3170,0,0
-317,-1389,-504,1681,-2677,-3230,0,0
-432,-1664,-452,1743,-2585,-3373,0,0
-561,-2990,-344,1617,-2475,-3651,0,0
-686,-29,-267,627,-2136,-3545,0,0
-667,-2475,-73,49,-2097,-3542,0,0
-619,-962,-56,185,-1913,-3640,0,0
-556,-401,-34,215,-1808,-3591,0,0
-486,-325,-6,128,-1725,-3673,0,0
-460,-562,-65,111,-1525,-3768,0,0
-399,-236,-52,-161,-1454,-3643,0,0
-412,-5,-80,-64,-1410,-3695,0,0
-452,-133,-96,53,-1236,-3881,0,0
-361,-33,-46,-229,-1216,-3704,0,0
-350,59,-143,-119,-1241,-3734,0,0
-349,216,-208,147,-941,-3608,0,0
-275,1330,-185,367,-782,-3485,0,0
-221,2193,-209,897,-539,-3632,0,0
-89,2850,-122,1175,-579,-3457,0,0
-121,3172,-50,1886,-558,-3369,0,0
-113,2438,-118,2256,-302,-3548,0,0
-12,2192,-153,2702,-347,-3244,0,0
-135,2093,-152,3015,-459,-3155,0,0
-212,1332,-187,2831,-372,-2890,0,0
-115,1569,-138,3271,-822,-2281,0,0
-141,1471,-143,3218,-764,-2221,0,0
-28,1380,-150,3795,-846,-1927,0,0
25,1165,-53,3625,-913,-2031,0,0
