-2,-4,-12,327,-2781,-3158,0,0
50,-2,-23,339,-2846,-3159,0,0
-5,-7,-3,329,-2870,-3076,0,0
-4,4,-13,383,-2742,-3198,0,0
20,-5,-21,334,-2872,-3134,0,0
-5,-7,-8,325,-2868,-3119,0,0
-5,0,-5,333,-2781,-3163,0,0
16,-1,-17,352,-2820,-3158,0,0
7,-4,-16,353,-2861,-3129,0,0
-8,-6,-10,331,-2822,-3147,0,0
-3,0,-9,331,-2831,-3149,0,0
3,8,-9,351,-2794,-3153,0,0
14,3,-10,342,-2846,-3156,0,0
-5,1,-4,325,-2857,-3130,0,0
-16,6,-6,350,-2797,-3164,0,0
3,2,-12,340,-2823,-3157,0,0
-2,1,-7,341,-2831,-3147,0,0
-6,6,-10,328,-2814,-3153,0,0
4,8,-7,330,-2810,-3154,0,0
14,3,-11,346,-2834,-3151,0,0
-2,1,-12,351,-2825,-3140,0,0
-8,-3,-11,341,-2814,-3161,0,0
0,-3,-10,325,-2827,-3148,0,0
0,2,-11,340,-2812,-3158,0,0
2,-1,-9,344,-2821,-3158,0,0
2,1,-11,341,-2821,-3154,0,0
3,5,-10,331,-2813,-3155,0,0
7,4,-7,347,-2819,-3154,0,0
2,4,-6,341,-2815,-3158,0,0
2,4,-16,335,-2822,-3156,0,0
2,3,-9,339,-2828,-3153,0,0
-4,0,-8,339,-2820,-3157,0,0
2,1,-8,336,-2814,-3158,0,0
5,3,-10,338,-2811,-3157,0,0
0,5,-6,332,-2836,-3150,0,0
-1,7,-5,336,-2812,-3159,0,0
4,3,-10,336,-2814,-3158,0,0
3,0,-14,343,-2816,-3157,0,0
12,2,-11,330,-2813,-3159,0,0
20,14,-8,333,-2804,-3167,0,0
37,13,-10,354,-2871,-3148,0,0
-12,4,6,338,-2802,-3128,0,0
27,15,-9,335,-2766,-3192,0,0
38,9,-12,341,-2892,-3115,0,0
-2,10,1,342,-2826,-3139,0,0
15,15,-2,336,-2793,-3166,0,0
27,10,-9,344,-2846,-3147,0,0
18,8,-5,341,-2858,-3130,0,0
6,8,-4,350,-2831,-3137,0,0
12,4,-8,338,-2836,-3149,0,0
16,6,-6,343,-2836,-3134,0,0
16,11,-6,344,-2828,-3143,0,0
17,7,-10,345,-2841,-3137,0,0
9,2,-10,344,-2865,-3118,0,0
2,4,-7,349,-2822,-3143,0,0
12,7,-10,348,-2826,-3136,0,0
17,6,-11,338,-2854,-3131,0,0
9,3,-7,344,-2847,-3130,0,0
7,5,-8,349,-2850,-3123,0,0
5,4,-8,347,-2838,-3133,0,0
8,5,-7,343,-2851,-3129,0,0
2,7,-7,347,-2853,-3125,0,0
-1,7,-9,346,-2837,-3133,0,0
-6,2,-6,349,-2858,-3125,0,0
-14,2,-6,354,-2843,-3127,0,0
-6,-2,-11,335,-2833,-3141,0,0
2,-3,-10,346,-2839,-3138,0,0
-1,2,-8,354,-2842,-3135,0,0
-8,0,-10,341,-2849,-3134,0,0
-14,-5,-11,348,-2836,-3137,0,0
-12,-2,-10,344,-2833,-3144,0,0
-11,-1,-9,341,-2833,-3136,0,0
-9,-1,-12,334,-2833,-3143,0,0
-5,-3,-14,340,-2827,-3148,0,0
-7,-2,-12,346,-2828,-3139,0,0
-6,-1,-10,344,-2827,-3149,0,0
-3,-1,-10,341,-2817,-3152,0,0
1,1,-9,344,-2823,-3148,0,0
3,2,-8,339,-2834,-3140,0,0
-4,0,-11,341,-2822,-3154,0,0
-5,-1,-9,340,-2829,-3150,0,0
-6,-2,-11,338,-2826,-3148,0,0
-5,-4,-11,341,-2808,-3158,0,0
1,-11,-10,338,-2812,-3158,0,0
1,3,-8,334,-2823,-3149,0,0
1,2,-8,342,-2821,-3151,0,0
0,1,-10,341,-2820,-3152,0,0
-2,-4,-12,341,-2816,-3160,0,0
0,-2,-11,330,-2815,-3157,0,0
3,1,-11,330,-2818,-3157,0,0
-1,0,-12,344,-2814,-3154,0,0
-2,-2,-11,340,-2811,-3160,0,0
2,-1,-12,323,-2816,-3160,0,0
4,2,-12,336,-2819,-3160,0,0
3,3,-10,340,-2805,-3164,0,0
4,1,-10,335,-2817,-3157,0,0
-3,0,-10,334,-2814,-3149,0,0
0,-1,-9,341,-2809,-3157,0,0
5,-4,-10,335,-2832,-3175,0,0
4,0,-10,321,-2792,-3149,0,0
4,1,-9,349,-2821,-3160,0,0
1,2,-15,327,-2804,-3161,0,0
2,1,-10,340,-2820,-3158,0,0
3,-1,-11,321,-2820,-3158,0,0
-2,0,-12,339,-2802,-3157,0,0
-3,-1,-12,339,-2802,-3168,0,0
7,-1,-12,326,-2814,-3160,0,0
6,2,-10,316,-2824,-3155,0,0
3,5,-9,347,-2804,-3162,0,0
2,1,-9,337,-2801,-3169,0,0
5,5,-8,324,-2818,-3156,0,0
4,6,-7,329,-2811,-3163,0,0
5,6,-6,343,-2808,-3159,0,0
-2,6,-16,333,-2810,-3160,0,0
-1,4,-7,331,-2805,-3170,0,0
4,2,-6,327,-2815,-3156,0,0
12,4,-11,331,-2806,-3165,0,0
16,4,-9,346,-2799,-3168,0,0
13,9,-5,325,-2820,-3158,0,0
14,14,-4,323,-2816,-3159,0,0
14,9,-6,337,-2827,-3162,0,0
14,8,-8,343,-2812,-3154,0,0
10,5,-9,334,-2814,-3168,0,0
16,7,-6,327,-2829,-3147,0,0
13,13,-6,340,-2819,-3157,0,0
13,10,-15,342,-2808,-3155,0,0
18,8,-6,337,-2836,-3148,0,0
17,11,-7,342,-2823,-3147,0,0
16,11,-7,347,-2824,-3151,0,0
15,10,-4,329,-2841,-3139,0,0
10,10,-6,339,-2829,-3151,0,0
3,5,-7,366,-2821,-3144,0,0
5,5,-7,334,-2835,-3142,0,0
11,4,-9,317,-2837,-3150,0,0
10,6,-6,351,-2823,-3144,0,0
13,8,-7,356,-2821,-3153,0,0
12,4,-9,328,-2849,-3138,0,0
8,4,-16,331,-2847,-3134,0,0
3,5,-7,353,-2822,-3153,0,0
4,3,-7,344,-2832,-3138,0,0
5,5,-9,331,-2845,-3141,0,0
2,3,-8,333,-2831,-3150,0,0
-3,2,-8,350,-2840,-3137,0,0
-5,2,-7,351,-2823,-3151,0,0
1,1,-6,325,-2831,-3154,0,0
4,5,-8,334,-2850,-3130,0,0
-5,3,-10,347,-2823,-3154,0,0
-6,-2,-9,342,-2821,-3152,0,0
-4,2,-8,337,-2847,-3133,0,0
-6,0,-9,326,-2828,-3148,0,0
-10,-5,-11,345,-2820,-3157,0,0
-10,0,-10,349,-2814,-3146,0,0
-16,2,-8,319,-2824,-3158,0,0
-24,-3,-9,335,-2836,-3154,0,0
-16,-3,-13,347,-2807,-3163,0,0
-20,0,-14,336,-2801,-3168,0,0
-13,-3,-10,318,-2811,-3157,0,0
-2,-2,-10,334,-2809,-3166,0,0
-6,1,-13,358,-2793,-3163,0,0
-3,-3,-11,338,-2805,-3169,0,0
2,2,-10,315,-2813,-3167,0,0
3,7,-9,328,-2810,-3165,0,0
-3,2,-8,354,-2802,-3168,0,0
-2,2,-10,336,-2803,-3175,0,0
-4,-1,-10,324,-2802,-3163,0,0
-2,2,-9,324,-2813,-3167,0,0
-3,0,-8,336,-2812,-3172,0,0
-5,-5,-12,348,-2773,-3185,0,0
2,-2,-11,319,-2802,-3171,0,0
0,2,-8,310,-2814,-3168,0,0
3,2,-7,334,-2790,-3180,0,0
0,1,-12,333,-2796,-3180,0,0
-2,-2,-12,337,-2799,-3173,0,0
-2,-1,-11,323,-2784,-3182,0,0
2,0,-11,320,-2798,-3174,0,0
4,2,-11,324,-2803,-3174,0,0
2,1,-12,345,-2784,-3179,0,0
-1,-3,-14,332,-2790,-3174,0,0
8,4,-11,313,-2804,-3180,0,0
6,5,-8,327,-2793,-3178,0,0
2,1,-10,342,-2781,-3189,0,0
-1,1,-11,330,-2799,-3174,0,0
-3,1,-8,315,-2803,-3164,0,0
-7,1,-8,329,-2784,-3186,0,0
-7,-3,-12,347,-2761,-3189,0,0
-4,-5,-11,328,-2792,-3176,0,0
0,1,-10,310,-2802,-3185,0,0
-2,2,-10,338,-2794,-3183,0,0
-3,0,-14,344,-2781,-3190,0,0
6,-1,-13,321,-2790,-3187,0,0
-1,-5,-10,319,-2792,-3184,0,0
-1,0,-9,328,-2777,-3183,0,0
5,6,-10,330,-2776,-3193,0,0
6,2,-10,318,-2801,-3178,0,0
2,7,-7,316,-2781,-3184,0,0
8,9,-6,337,-2769,-3194,0,0
7,7,-7,334,-2787,-3182,0,0
1,9,-13,314,-2793,-3185,0,0
0,7,-6,319,-2778,-3190,0,0
-8,1,-8,345,-2790,-3181,0,0
-10,-2,-11,331,-2768,-3190,0,0
7,-2,-9,310,-2779,-3194,0,0
14,9,-5,312,-2789,-3176,0,0
7,13,-4,337,-2772,-3194,0,0
4,6,-6,340,-2782,-3187,0,0
7,6,-9,323,-2789,-3177,0,0
5,10,-8,311,-2787,-3192,0,0
-29,8,-5,327,-2788,-3184,0,0
-29,11,-4,339,-2767,-3191,0,0
-12,13,-15,341,-2745,-3209,0,0
13,13,-8,311,-2782,-3190,0,0
22,17,-6,317,-2791,-3176,0,0
12,11,-6,349,-2761,-3192,0,0
14,5,-8,360,-2776,-3184,0,0
12,5,-7,327,-2783,-3195,0,0
17,6,-6,307,-2799,-3189,0,0
11,14,-6,337,-2798,-3170,0,0
2,9,-10,363,-2759,-3193,0,0
9,0,-10,339,-2773,-3199,0,0
18,8,-7,312,-2797,-3180,0,0
17,11,-4,324,-2795,-3179,0,0
9,4,-9,355,-2785,-3183,0,0
5,3,-11,350,-2779,-3182,0,0
10,7,-7,328,-2797,-3181,0,0
10,9,-10,330,-2795,-3179,0,0
12,5,-9,339,-2789,-3176,0,0
12,7,-6,346,-2793,-3179,0,0
5,4,-6,334,-2791,-3184,0,0
11,5,-7,330,-2799,-3174,0,0
9,9,-7,347,-2797,-3178,0,0
3,5,-7,347,-2795,-3173,0,0
1,4,-6,332,-2804,-3166,0,0
-5,5,-6,337,-2792,-3183,0,0
-7,0,-16,335,-2796,-3164,0,0
-2,-1,-12,330,-2785,-3182,0,0
-6,-4,-11,349,-2771,-3189,0,0
0,-5,-9,321,-2802,-3170,0,0
-3,-1,-10,326,-2810,-3175,0,0
-15,-3,-13,355,-2774,-3191,0,0
-6,-2,-11,334,-2777,-3189,0,0
2,0,-8,316,-2800,-3178,0,0
2,-5,-8,326,-2780,-3191,0,0
12,-8,-8,346,-2770,-3198,0,0
39,0,7,321,-2793,-3201,0,0
95,-11,13,364,-2692,-3242,0,0
92,-37,-18,312,-2824,-3157,0,0
14,-35,-21,259,-2953,-3015,0,0
-77,-7,-33,317,-2788,-3203,0,0
-40,1,-22,315,-2740,-3208,0,0
-26,5,-16,331,-2824,-3160,0,0
-21,4,-10,320,-2788,-3192,0,0
-6,-1,-14,310,-2781,-3186,0,0
-23,-4,-10,316,-2787,-3187,0,0
-18,5,-5,322,-2777,-3191,0,0
4,8,-9,326,-2777,-3190,0,0
-8,2,-10,312,-2802,-3184,0,0
-33,6,-11,324,-2775,-3196,0,0
-10,8,-14,322,-2756,-3207,0,0
-14,2,-12,312,-2781,-3189,0,0
-23,-2,-13,329,-2772,-3214,0,0
3,5,-12,308,-2779,-3193,0,0
20,35,-1,319,-2788,-3205,0,0
57,9,22,361,-2713,-3230,0,0
57,-40,-1,320,-2663,-3230,0,0
57,-35,-17,257,-2981,-3064,0,0
-76,-13,-21,325,-2810,-3180,0,0
-61,-3,-15,309,-2691,-3252,0,0
3,6,-21,307,-2777,-3188,0,0
13,5,-18,299,-2775,-3204,0,0
11,5,-14,307,-2798,-3184,0,0
-2,12,-8,321,-2776,-3194,0,0
-6,10,-17,321,-2743,-3217,0,0
9,6,-21,303,-2776,-3197,0,0
13,0,-10,311,-2797,-3204,0,0
-12,2,-8,333,-2762,-3192,0,0
-9,5,-10,319,-2758,-3216,0,0
9,2,-10,292,-2775,-3195,0,0
9,8,-10,317,-2780,-3198,0,0
1,8,-8,337,-2761,-3206,0,0
3,6,-10,322,-2769,-3201,0,0
10,4,-5,296,-2779,-3200,0,0
6,8,-13,312,-2775,-3196,0,0
0,8,-9,341,-2747,-3209,0,0
2,1,-10,327,-2781,-3199,0,0
-1,2,-9,298,-2775,-3195,0,0
9,4,-7,311,-2750,-3210,0,0
12,7,-6,328,-2774,-3194,0,0
5,10,-6,308,-2772,-3193,0,0
13,8,-10,313,-2775,-3195,0,0
10,5,-13,337,-2777,-3199,0,0
10,6,-11,324,-2765,-3200,0,0
19,11,-5,299,-2780,-3190,0,0
16,12,-6,329,-2770,-3191,0,0
15,11,-16,335,-2770,-3195,0,0
20,13,-8,312,-2788,-3187,0,0
16,12,-6,308,-2784,-3187,0,0
18,12,-7,336,-2776,-3184,0,0
22,12,-10,332,-2785,-3185,0,0
19,8,-8,318,-2805,-3179,0,0
18,10,-7,309,-2795,-3179,0,0
12,12,-8,351,-2786,-3189,0,0
17,7,-10,337,-2785,-3178,0,0
17,8,-11,315,-2799,-3175,0,0
18,11,-6,323,-2783,-3179,0,0
23,16,-9,344,-2799,-3179,0,0
14,13,-13,337,-2808,-3162,0,0
5,8,-13,333,-2796,-3178,0,0
19,14,-9,335,-2803,-3171,0,0
9,28,-15,331,-2817,-3161,0,0
17,22,-12,358,-2799,-3173,0,0
25,18,-4,340,-2819,-3153,0,0
1,17,-3,341,-2790,-3176,0,0
-1,6,-7,358,-2787,-3178,0,0
0,5,-8,352,-2817,-3151,0,0
-5,4,-6,341,-2808,-3171,0,0
5,6,-8,331,-2804,-3169,0,0
-4,6,-13,362,-2817,-3166,0,0
-13,-1,-8,366,-2789,-3175,0,0
-14,-2,-11,325,-2814,-3161,0,0
-7,1,-10,333,-2791,-3173,0,0
-2,-1,-9,357,-2787,-3176,0,0
-1,-1,-12,348,-2808,-3161,0,0
-2,-2,-11,344,-2799,-3169,0,0
-8,-6,-12,348,-2776,-3192,0,0
0,1,-10,333,-2815,-3174,0,0
1,4,-8,326,-2795,-3175,0,0
3,0,-11,346,-2782,-3178,0,0
2,1,-10,361,-2794,-3175,0,0
-2,2,-6,338,-2775,-3184,0,0
5,0,-16,316,-2811,-3172,0,0
2,-7,-5,350,-2804,-3173,0,0
5,-12,-2,357,-2777,-3176,0,0
31,-19,-3,319,-2798,-3179,0,0
95,-14,-6,307,-2807,-3176,0,0
31,-17,-5,333,-2846,-3150,0,0
-14,7,-12,333,-2806,-3168,0,0
5,41,-20,326,-2807,-3169,0,0
-3,36,-9,332,-2799,-3170,0,0
-2,11,-13,347,-2751,-3196,0,0
-15,-22,-26,345,-2827,-3164,0,0
-26,-29,1,351,-2875,-3131,0,0
-39,-3,6,300,-2751,-3199,0,0
6,10,-13,326,-2763,-3192,0,0
18,3,-16,349,-2829,-3164,0,0
-4,3,-10,339,-2801,-3173,0,0
-11,-3,-5,315,-2794,-3175,0,0
-7,-1,-3,323,-2793,-3180,0,0
-2,1,-12,340,-2766,-3192,0,0
4,0,-13,348,-2802,-3178,0,0
5,6,-10,298,-2817,-3168,0,0
-6,1,-7,326,-2790,-3186,0,0
-6,-4,-12,364,-2768,-3209,0,0
5,-1,-13,324,-2753,-3190,0,0
31,-3,-8,295,-2843,-3148,0,0
32,14,1,319,-2826,-3146,0,0
42,39,-2,348,-2772,-3182,0,0
41,54,-16,353,-2726,-3177,0,0
-59,19,-17,301,-2945,-3122,0,0
-154,-30,-10,337,-2745,-3184,0,0
-56,-22,-22,391,-2639,-3310,0,0
26,-31,-15,322,-2819,-3155,0,0
-18,-30,-17,311,-2780,-3189,0,0
-1,-32,-8,326,-2771,-3197,0,0
10,-23,-10,336,-2751,-3207,0,0
15,-2,-17,316,-2741,-3205,0,0
37,7,-10,326,-2775,-3210,0,0
78,4,-4,310,-2791,-3175,0,0
78,37,-5,310,-2852,-3162,0,0
12,92,-8,318,-2863,-3077,0,0
-41,68,-10,366,-2638,-3292,0,0
-100,-42,-7,245,-2805,-3115,0,0
-95,-51,-42,465,-2787,-3279,0,0
-6,-22,2,317,-2753,-3181,0,0
-11,-13,-10,305,-2731,-3211,0,0
18,-11,-18,313,-2777,-3198,0,0
11,-16,-21,354,-2766,-3201,0,0
-1,-7,-16,335,-2755,-3209,0,0
-5,0,-16,305,-2764,-3208,0,0
-1,6,2,305,-2752,-3212,0,0
10,14,-1,332,-2735,-3211,0,0
12,10,-5,335,-2774,-3203,0,0
5,11,-2,324,-2771,-3204,0,0
6,13,1,309,-2748,-3202,0,0
15,16,-4,319,-2758,-3207,0,0
20,13,-5,334,-2763,-3203,0,0
13,11,-5,331,-2775,-3197,0,0
7,7,-8,315,-2768,-3202,0,0
10,4,-10,329,-2758,-3205,0,0
9,5,-12,340,-2770,-3200,0,0
5,2,-16,327,-2757,-3210,0,0
9,1,-6,323,-2766,-3202,0,0
7,7,-4,322,-2784,-3192,0,0
6,8,-11,330,-2759,-3198,0,0
4,3,-15,338,-2759,-3205,0,0
9,2,-9,324,-2782,-3192,0,0
7,8,-8,319,-2768,-3199,0,0
9,8,-7,331,-2770,-3197,0,0
15,10,-5,335,-2774,-3193,0,0
12,12,-3,325,-2781,-3192,0,0
5,13,-4,331,-2770,-3204,0,0
8,11,-4,330,-2778,-3193,0,0
9,11,-12,333,-2774,-3192,0,0
7,9,-7,330,-2777,-3193,0,0
5,7,-4,330,-2783,-3189,0,0
5,7,-6,329,-2784,-3193,0,0
0,0,-11,330,-2770,-3196,0,0
1,1,-9,331,-2764,-3200,0,0
12,8,-6,332,-2777,-3193,0,0
11,7,-8,333,-2788,-3191,0,0
4,4,-9,337,-2774,-3197,0,0
10,8,-7,332,-2773,-3193,0,0
13,8,-7,334,-2788,-3187,0,0
10,9,-7,329,-2776,-3192,0,0
9,11,-14,338,-2780,-3190,0,0
9,8,-5,338,-2791,-3186,0,0
6,10,-5,329,-2782,-3190,0,0
7,10,-4,340,-2785,-3188,0,0
3,8,-7,337,-2785,-3185,0,0
2,7,-8,332,-2789,-3186,0,0
-9,3,-9,338,-2779,-3188,0,0
-25,-2,-9,338,-2785,-3185,0,0
-38,-2,-10,327,-2773,-3196,0,0
-29,0,-8,335,-2758,-3205,0,0
-1,3,-7,335,-2761,-3206,0,0
0,3,-12,336,-2779,-3199,0,0
-8,-1,-11,339,-2767,-3199,0,0
-8,1,-9,331,-2763,-3197,0,0
-8,4,-9,341,-2755,-3204,0,0
-8,1,-10,327,-2749,-3210,0,0
-3,3,-10,333,-2767,-3204,0,0
-6,2,-9,332,-2754,-3212,0,0
-4,2,-9,329,-2753,-3211,0,0
0,4,-9,331,-2749,-3209,0,0
4,5,-11,332,-2754,-3214,0,0
1,3,-8,331,-2764,-3205,0,0
-8,0,-9,333,-2748,-3214,0,0
-10,1,-9,332,-2746,-3216,0,0
-15,-2,-11,328,-2756,-3217,0,0
-5,-3,-10,330,-2740,-3218,0,0
0,0,-9,332,-2744,-3220,0,0
-3,5,-9,329,-2747,-3219,0,0
-2,4,-9,330,-2744,-3222,0,0
-2,1,-10,330,-2745,-3222,0,0
-2,4,-9,332,-2740,-3221,0,0
-2,3,-7,323,-2747,-3219,0,0
-1,3,-10,325,-2744,-3219,0,0
0,2,-10,329,-2749,-3219,0,0
-2,2,-10,330,-2736,-3220,0,0
0,4,-8,329,-2738,-3228,0,0
4,4,-16,329,-2736,-3224,0,0
7,3,-9,325,-2747,-3215,0,0
0,3,-9,328,-2749,-3218,0,0
-4,3,-7,331,-2742,-3227,0,0
-1,2,-10,327,-2743,-3225,0,0
3,2,-11,328,-2734,-3231,0,0
6,3,-8,327,-2742,-3229,0,0
1,5,-7,326,-2746,-3223,0,0
-1,3,-10,329,-2738,-3227,0,0
1,3,-10,330,-2735,-3229,0,0
2,2,-12,322,-2742,-3221,0,0
-1,1,-10,324,-2733,-3233,0,0
2,1,-9,324,-2742,-3226,0,0
1,4,-9,327,-2734,-3231,0,0
4,5,-9,330,-2738,-3226,0,0
4,6,-10,319,-2744,-3226,0,0
4,3,-8,323,-2734,-3232,0,0
6,5,-8,328,-2740,-3229,0,0
5,6,-9,324,-2742,-3223,0,0
0,3,-10,323,-2732,-3224,0,0
1,2,-11,327,-2746,-3227,0,0
-3,1,-10,328,-2730,-3230,0,0
2,-1,-10,330,-2723,-3234,0,0
7,4,-10,326,-2739,-3227,0,0
2,7,-15,320,-2737,-3232,0,0
1,3,-9,324,-2735,-3229,0,0
0,4,-10,331,-2739,-3226,0,0
-2,3,-8,328,-2726,-3233,0,0
-1,2,-7,319,-2735,-3230,0,0
3,5,-6,322,-2731,-3225,0,0
4,6,-9,330,-2727,-3233,0,0
7,7,-10,327,-2736,-3228,0,0
8,5,-8,324,-2733,-3227,0,0
11,8,-7,324,-2736,-3229,0,0
13,11,-8,331,-2720,-3238,0,0
15,9,-5,334,-2745,-3228,0,0
9,8,-16,323,-2739,-3229,0,0
10,10,-10,325,-2734,-3234,0,0
14,5,-9,333,-2751,-3222,0,0
8,5,-8,327,-2737,-3228,0,0
14,7,-6,329,-2724,-3227,0,0
19,10,-8,327,-2760,-3212,0,0
8,8,-9,338,-2754,-3217,0,0
4,4,-10,335,-2735,-3226,0,0
10,6,-10,332,-2744,-3219,0,0
12,8,-9,328,-2746,-3222,0,0
12,5,-8,333,-2745,-3222,0,0
12,8,-8,338,-2747,-3219,0,0
12,7,-15,330,-2746,-3219,0,0
17,8,-7,333,-2750,-3216,0,0
20,10,-7,333,-2758,-3216,0,0
14,7,-9,337,-2757,-3211,0,0
9,7,-8,328,-2760,-3208,0,0
6,8,-7,336,-2751,-3211,0,0
10,5,-7,341,-2768,-3207,0,0
6,2,-10,332,-2759,-3211,0,0
9,5,-8,336,-2743,-3213,0,0
17,6,-8,332,-2763,-3202,0,0
10,3,-10,332,-2769,-3200,0,0
-1,3,-10,334,-2750,-3208,0,0
4,5,-16,336,-2747,-3210,0,0
11,5,-10,335,-2766,-3203,0,0
5,3,-10,329,-2767,-3201,0,0
-2,6,-8,340,-2759,-3211,0,0
-1,5,-7,335,-2750,-3212,0,0
5,4,-7,332,-2750,-3208,0,0
5,8,-9,333,-2765,-3205,0,0
1,5,-8,339,-2755,-3209,0,0
1,2,-8,332,-2763,-3202,0,0
-3,3,-9,340,-2750,-3212,0,0
-2,3,-8,334,-2756,-3210,0,0
-2,0,-11,324,-2762,-3207,0,0
-2,1,-10,335,-2739,-3218,0,0
5,2,-7,337,-2746,-3206,0,0
4,1,-9,331,-2767,-3205,0,0
-7,1,-11,330,-2755,-3207,0,0
-6,2,-10,336,-2739,-3217,0,0
-1,2,-10,335,-2747,-3217,0,0
-2,2,-9,331,-2755,-3214,0,0
-3,3,-10,325,-2748,-3217,0,0
-2,2,-8,333,-2744,-3219,0,0
2,5,-9,337,-2748,-3217,0,0
3,4,-9,328,-2747,-3216,0,0
5,5,-8,331,-2745,-3215,0,0
2,3,-16,336,-2755,-3207,0,0
-3,2,-9,327,-2747,-3217,0,0
-4,4,-11,331,-2745,-3215,0,0
-2,0,-10,332,-2756,-3216,0,0
-5,-3,-10,325,-2749,-3220,0,0
-4,-3,-8,331,-2731,-3224,0,0
3,4,-7,327,-2742,-3221,0,0
5,5,-8,329,-2750,-3219,0,0
0,5,-10,330,-2746,-3218,0,0
-4,5,-10,332,-2732,-3227,0,0
0,3,-9,329,-2739,-3223,0,0
0,4,-10,319,-2743,-3217,0,0
0,2,-9,327,-2744,-3223,0,0
0,4,-11,338,-2748,-3218,0,0
-1,2,-8,330,-2736,-3230,0,0
3,2,-9,319,-2736,-3225,0,0
6,5,-9,328,-2742,-3219,0,0
0,5,-8,331,-2733,-3228,0,0
-2,3,-9,328,-2743,-3224,0,0
-1,2,-11,326,-2738,-3220,0,0
-1,2,-10,333,-2742,-3227,0,0
-5,-1,-9,334,-2745,-3225,0,0
-3,0,-8,331,-2715,-3240,0,0
7,4,-8,316,-2742,-3223,0,0
5,10,-16,325,-2747,-3221,0,0
-1,6,-10,339,-2725,-3236,0,0
3,1,-11,332,-2736,-3224,0,0
0,5,-10,331,-2738,-3230,0,0
2,7,-7,325,-2732,-3228,0,0
6,11,-8,331,-2736,-3226,0,0
7,10,-11,337,-2722,-3236,0,0
7,2,-11,327,-2747,-3224,0,0
1,4,-9,325,-2728,-3226,0,0
3,3,-8,327,-2734,-3232,0,0
5,5,-9,333,-2737,-3230,0,0
4,5,-8,336,-2731,-3232,0,0
2,-2,-8,322,-2740,-3226,0,0
0,2,-11,323,-2733,-3229,0,0
4,3,-12,333,-2733,-3231,0,0
4,2,-11,329,-2740,-3224,0,0
2,1,-10,328,-2735,-3231,0,0
5,4,-8,332,-2727,-3226,0,0
4,7,-6,324,-2738,-3224,0,0
2,2,-11,323,-2738,-3227,0,0
2,3,-12,331,-2730,-3225,0,0
4,4,-11,329,-2734,-3227,0,0
1,2,-10,326,-2737,-3226,0,0
0,6,-8,323,-2728,-3233,0,0
5,4,-9,324,-2727,-3232,0,0
4,3,-10,332,-2742,-3226,0,0
3,6,-8,330,-2719,-3228,0,0
7,6,-8,326,-2731,-3228,0,0
7,8,-9,333,-2743,-3222,0,0
1,5,-9,328,-2723,-3235,0,0
6,5,-10,330,-2737,-3232,0,0
5,3,-10,333,-2736,-3231,0,0
3,1,-7,326,-2736,-3229,0,0
6,5,-8,325,-2732,-3229,0,0
6,4,-10,332,-2736,-3227,0,0
3,4,-8,323,-2740,-3223,0,0
7,1,-11,332,-2722,-3229,0,0
18,-11,4,320,-2745,-3231,0,0
22,-12,6,315,-2742,-3222,0,0
7,-11,0,321,-2738,-3221,0,0
4,-8,-5,317,-2732,-3234,0,0
6,5,-5,314,-2734,-3224,0,0
11,11,-7,311,-2744,-3224,0,0
11,7,-5,314,-2748,-3221,0,0
9,9,-5,318,-2736,-3227,0,0
9,8,-7,317,-2740,-3224,0,0
14,8,-7,310,-2746,-3217,0,0
13,11,-8,314,-2742,-3223,0,0
13,9,-15,316,-2755,-3220,0,0
11,4,-7,319,-2744,-3223,0,0
24,18,-8,311,-2752,-3210,0,0
24,30,-2,382,-2743,-3260,0,0
39,-15,-6,291,-2737,-3188,0,0
21,-29,-8,294,-2834,-3169,0,0
-47,-6,-23,295,-2800,-3171,0,0
-73,12,-30,312,-2666,-3282,0,0
-7,18,-19,324,-2692,-3250,0,0
13,24,-16,336,-2779,-3204,0,0
30,12,-6,333,-2747,-3228,0,0
0,7,-6,319,-2762,-3211,0,0
4,7,-9,328,-2719,-3233,0,0
24,6,-12,329,-2751,-3223,0,0
20,5,-12,319,-2759,-3211,0,0
9,8,-11,327,-2745,-3215,0,0
16,8,-9,339,-2748,-3221,0,0
19,10,-8,324,-2758,-3211,0,0
9,14,-12,326,-2761,-3205,0,0
10,8,-8,339,-2743,-3219,0,0
15,6,-10,329,-2764,-3198,0,0
9,9,-9,346,-2757,-3214,0,0
2,5,-5,331,-2752,-3210,0,0
10,8,-5,327,-2779,-3218,0,0
65,10,12,345,-2724,-3210,0,0
40,3,2,335,-2765,-3189,0,0
0,-2,-9,319,-2781,-3188,0,0
-13,-4,-12,323,-2789,-3192,0,0
-22,1,-10,332,-2753,-3205,0,0
-3,3,-8,331,-2739,-3215,0,0
9,7,-9,325,-2780,-3199,0,0
7,1,-9,319,-2764,-3207,0,0
4,3,-9,330,-2763,-3202,0,0
4,4,-9,331,-2760,-3209,0,0
10,3,-9,329,-2775,-3195,0,0
-3,9,-7,325,-2776,-3199,0,0
13,9,-9,325,-2756,-3220,0,0
31,5,5,355,-2721,-3238,0,0
56,-21,-1,313,-2708,-3222,0,0
89,-21,-14,307,-2861,-3146,0,0
19,-6,-22,305,-2878,-3114,0,0
-69,-6,-28,312,-2749,-3222,0,0
-37,-2,-27,323,-2750,-3202,0,0
5,8,-17,326,-2764,-3213,0,0
8,9,-13,322,-2798,-3189,0,0
-19,10,-13,329,-2773,-3195,0,0
-13,6,-9,330,-2745,-3214,0,0
-3,9,-12,325,-2776,-3193,0,0
-3,9,-10,322,-2771,-3207,0,0
-9,3,-9,327,-2760,-3209,0,0
-5,4,-10,331,-2760,-3205,0,0
0,5,-9,323,-2758,-3205,0,0
6,7,-9,325,-2763,-3203,0,0
4,4,-7,328,-2769,-3200,0,0
-2,4,-7,329,-2756,-3204,0,0
3,2,-9,320,-2763,-3209,0,0
2,2,-11,324,-2766,-3204,0,0
-1,1,-9,329,-2764,-3206,0,0
-3,-3,-10,328,-2767,-3204,0,0
-3,0,-11,325,-2749,-3212,0,0
2,1,-16,318,-2756,-3208,0,0
4,5,-7,317,-2768,-3206,0,0
3,3,-10,324,-2752,-3217,0,0
4,1,-12,324,-2760,-3208,0,0
2,6,-11,322,-2764,-3208,0,0
2,4,-9,323,-2755,-3214,0,0
1,3,-7,322,-2760,-3210,0,0
4,7,-11,327,-2752,-3211,0,0
7,2,-10,328,-2760,-3207,0,0
-1,0,-6,320,-2758,-3208,0,0
1,2,-7,318,-2748,-3210,0,0
4,3,-10,326,-2755,-3211,0,0
2,4,-10,324,-2753,-3213,0,0
3,2,-10,320,-2759,-3212,0,0
-2,-1,-12,318,-2761,-3205,0,0
-5,0,-11,323,-2753,-3214,0,0
0,-3,-11,319,-2751,-3223,0,0
6,-1,-11,316,-2743,-3215,0,0
8,4,-9,317,-2761,-3214,0,0
3,5,-8,316,-2770,-3203,0,0
2,0,-12,318,-2751,-3210,0,0
4,0,-14,323,-2753,-3215,0,0
1,3,-10,322,-2764,-3211,0,0
-4,2,-10,312,-2754,-3214,0,0
0,2,-11,315,-2741,-3216,0,0
5,4,-11,319,-2752,-3212,0,0
0,4,-9,316,-2745,-3221,0,0
2,7,-7,313,-2744,-3215,0,0
6,7,-9,320,-2747,-3215,0,0
8,5,-9,317,-2752,-3211,0,0
10,8,-8,324,-2752,-3218,0,0
12,6,-10,319,-2753,-3216,0,0
12,8,-9,319,-2756,-3216,0,0
13,13,-6,324,-2755,-3213,0,0
12,8,-8,327,-2760,-3209,0,0
15,3,-8,317,-2746,-3210,0,0
19,10,-15,319,-2752,-3213,0,0
13,10,-7,320,-2769,-3208,0,0
6,3,-12,326,-2770,-3203,0,0
0,1,-12,329,-2752,-3215,0,0
6,3,-12,319,-2755,-3211,0,0
11,7,-13,318,-2762,-3206,0,0
14,5,-12,321,-2762,-3206,0,0
11,3,-13,336,-2762,-3206,0,0
10,2,-12,329,-2761,-3202,0,0
12,2,-12,318,-2759,-3199,0,0
16,4,-12,322,-2773,-3195,0,0
12,8,-11,327,-2770,-3194,0,0
10,6,-12,328,-2761,-3204,0,0
14,2,-11,325,-2774,-3199,0,0
10,8,-9,333,-2770,-3196,0,0
12,5,-10,325,-2770,-3197,0,0
17,2,-12,319,-2775,-3200,0,0
19,8,-8,330,-2765,-3198,0,0
21,9,-9,329,-2773,-3195,0,0
18,5,-10,330,-2797,-3187,0,0
5,4,-10,326,-2779,-3194,0,0
3,2,-8,335,-2769,-3193,0,0
4,4,-9,328,-2787,-3187,0,0
0,7,-8,325,-2774,-3197,0,0
5,8,-12,332,-2770,-3194,0,0
10,15,-1,323,-2787,-3183,0,0
11,16,-1,329,-2770,-3196,0,0
13,12,-3,328,-2784,-3183,0,0
10,15,-5,335,-2787,-3185,0,0
4,9,-5,336,-2788,-3190,0,0
-1,4,-5,325,-2800,-3185,0,0
-6,7,-7,334,-2779,-3192,0,0
-2,2,-8,328,-2793,-3190,0,0
-6,-5,-10,323,-2784,-3187,0,0
-8,0,-10,331,-2767,-3194,0,0
-2,1,-7,326,-2777,-3190,0,0
-4,-1,-9,324,-2789,-3188,0,0
-13,-1,-13,327,-2767,-3200,0,0
-8,1,-12,331,-2768,-3198,0,0
0,3,-11,333,-2776,-3194,0,0
-4,2,-12,320,-2774,-3193,0,0
-4,0,-13,328,-2772,-3199,0,0
-2,1,-10,329,-2763,-3204,0,0
0,3,-9,324,-2765,-3205,0,0
3,2,-11,327,-2770,-3200,0,0
5,5,-9,327,-2774,-3197,0,0
-1,4,-7,333,-2771,-3203,0,0
-3,1,-10,325,-2764,-3201,0,0
-4,1,-11,322,-2769,-3201,0,0
-5,0,-10,321,-2778,-3205,0,0
-9,-3,-9,324,-2760,-3208,0,0
-4,-4,-11,326,-2753,-3209,0,0
1,2,-10,320,-2768,-3200,0,0
-5,2,-11,320,-2765,-3209,0,0
-5,-3,-13,319,-2761,-3208,0,0
-3,-2,-15,329,-2769,-3205,0,0
-11,-2,-14,324,-2754,-3213,0,0
-10,-7,-12,311,-2749,-3217,0,0
-4,-4,-14,319,-2749,-3214,0,0
-6,-3,-14,327,-2745,-3219,0,0
-8,-5,-13,317,-2742,-3212,0,0
-5,-4,-13,312,-2749,-3215,0,0
-10,-4,-16,319,-2741,-3218,0,0
-6,-4,-17,325,-2740,-3227,0,0
-1,-5,-14,316,-2751,-3220,0,0
-3,-1,-12,315,-2743,-3218,0,0
-4,0,-12,320,-2739,-3228,0,0
-3,-4,-12,318,-2747,-3221,0,0
2,-5,-15,312,-2728,-3228,0,0
4,-5,-16,317,-2743,-3228,0,0
0,-3,-12,306,-2746,-3212,0,0
1,0,-15,316,-2735,-3225,0,0
5,-5,-19,322,-2742,-3228,0,0
1,-8,-20,320,-2743,-3224,0,0
-5,-5,-15,318,-2735,-3230,0,0
-7,-6,-11,315,-2736,-3230,0,0
-6,-7,-11,309,-2724,-3232,0,0
-4,-6,-13,314,-2735,-3228,0,0
-8,-7,-12,314,-2745,-3228,0,0
-16,-4,-11,309,-2722,-3238,0,0
1,-1,-9,309,-2717,-3235,0,0
7,-4,-13,317,-2742,-3235,0,0
11,-9,-17,310,-2718,-3248,0,0
12,-19,-14,291,-2803,-3200,0,0
-14,-8,-9,309,-2634,-3253,0,0
35,-3,-21,310,-2750,-3228,0,0
29,-5,-15,296,-2744,-3223,0,0
35,7,-8,287,-2701,-3259,0,0
47,13,-5,299,-2765,-3211,0,0
29,15,-1,312,-2773,-3216,0,0
9,8,-3,301,-2734,-3223,0,0
25,16,0,298,-2723,-3222,0,0
41,25,1,289,-2760,-3214,0,0
37,29,4,312,-2758,-3212,0,0
28,32,9,305,-2782,-3196,0,0
28,33,5,316,-2753,-3210,0,0
35,32,2,307,-2801,-3196,0,0
39,29,2,338,-2737,-3217,0,0
23,32,13,283,-2853,-3150,0,0
39,37,6,328,-2680,-3227,0,0
87,34,-10,341,-2822,-3169,0,0
59,32,2,338,-2857,-3149,0,0
29,29,14,328,-2790,-3165,0,0
61,16,0,311,-2790,-3171,0,0
87,13,-9,327,-2820,-3153,0,0
74,13,-14,348,-2839,-3141,0,0
55,3,-16,331,-2855,-3128,0,0
29,1,-17,323,-2859,-3122,0,0
13,8,-11,342,-2834,-3139,0,0
-3,4,-12,336,-2861,-3132,0,0
-25,-3,-17,326,-2849,-3129,0,0
-23,-7,-19,326,-2838,-3139,0,0
-35,-6,-18,336,-2829,-3145,0,0
-26,2,-15,334,-2816,-3152,0,0
-9,2,-16,333,-2795,-3163,0,0
37,1,-26,321,-2813,-3158,0,0
56,-3,-35,333,-2856,-3127,0,0
46,-3,-34,336,-2849,-3127,0,0
37,-5,-32,345,-2834,-3141,0,0
37,-9,-35,357,-2852,-3125,0,0
18,-23,-47,328,-2878,-3113,0,0
-5,-44,-60,342,-2853,-3126,0,0
-9,-55,-71,369,-2832,-3129,0,0
-17,-60,-71,376,-2845,-3126,0,0
-21,-60,-61,359,-2802,-3148,0,0
9,-45,-49,329,-2827,-3145,0,0
5,-35,-44,348,-2856,-3135,0,0
-28,-47,-44,346,-2839,-3140,0,0
-29,-52,-47,344,-2810,-3152,0,0
-21,-52,-43,343,-2821,-3163,0,0
-39,-51,-28,328,-2797,-3173,0,0
-16,-40,-11,317,-2788,-3179,0,0
10,-23,6,325,-2801,-3176,0,0
9,-13,24,285,-2806,-3168,0,0
18,-4,26,247,-2809,-3143,0,0
33,18,17,266,-2830,-3139,0,0
30,30,9,305,-2828,-3150,0,0
24,25,5,305,-2814,-3164,0,0
34,17,-2,295,-2819,-3157,0,0
33,18,0,307,-2845,-3141,0,0
22,21,8,312,-2835,-3138,0,0
22,29,14,300,-2846,-3140,0,0
23,24,11,303,-2826,-3145,0,0
34,19,0,280,-2852,-3124,0,0
27,22,-12,294,-2854,-3130,0,0
21,12,-17,325,-2846,-3145,0,0
2,6,-16,305,-2879,-3108,0,0
-17,15,-11,297,-2860,-3119,0,0
-20,19,-11,299,-2838,-3136,0,0
0,21,-16,317,-2830,-3141,0,0
16,24,-14,318,-2856,-3131,0,0
6,20,-16,340,-2845,-3131,0,0
6,16,-14,345,-2837,-3136,0,0
2,12,-11,316,-2858,-3132,0,0
-1,8,-17,326,-2834,-3141,0,0
5,5,-20,319,-2853,-3132,0,0
7,4,-30,329,-2833,-3138,0,0
20,12,-21,339,-2833,-3138,0,0
28,19,-13,343,-2862,-3112,0,0
14,23,-3,353,-2850,-3123,0,0
7,19,0,346,-2851,-3123,0,0
8,13,-8,342,-2852,-3123,0,0
11,7,-14,346,-2846,-3126,0,0
10,5,-15,338,-2862,-3118,0,0
-5,4,-14,348,-2847,-3122,0,0
-14,1,-13,347,-2856,-3123,0,0
-21,0,-14,340,-2845,-3136,0,0
-20,-2,-18,346,-2838,-3132,0,0
-14,-3,-14,361,-2828,-3137,0,0
-2,4,-6,344,-2847,-3130,0,0
-10,7,-3,344,-2848,-3135,0,0
-13,1,-3,352,-2828,-3142,0,0
-9,1,-2,329,-2842,-3132,0,0
-7,4,0,344,-2827,-3136,0,0
-3,1,-1,347,-2833,-3143,0,0
0,-3,1,354,-2824,-3148,0,0
21,-3,1,333,-2827,-3139,0,0
27,-6,-7,310,-2850,-3139,0,0
32,-19,-19,325,-2816,-3146,0,0
65,-18,-28,324,-2846,-3125,0,0
67,-10,-22,337,-2861,-3121,0,0
53,-3,-6,323,-2861,-3123,0,0
41,-3,-1,316,-2876,-3105,0,0
23,-4,-5,304,-2887,-3099,0,0
11,-2,-11,304,-2878,-3107,0,0
7,-1,-14,304,-2866,-3109,0,0
15,11,-12,306,-2870,-3104,0,0
23,28,-5,331,-2862,-3110,0,0
30,31,2,334,-2870,-3109,0,0
27,28,0,330,-2895,-3089,0,0
21,28,-1,337,-2885,-3093,0,0
12,27,3,332,-2885,-3090,0,0
6,20,-13,338,-2875,-3099,0,0
12,21,-2,327,-2887,-3097,0,0
10,33,4,336,-2893,-3088,0,0
-4,37,7,353,-2884,-3099,0,0
-13,32,9,347,-2895,-3088,0,0
-13,30,9,361,-2876,-3098,0,0
-9,26,7,361,-2871,-3097,0,0
-1,15,5,345,-2879,-3097,0,0
10,12,1,321,-2884,-3094,0,0
20,12,-6,329,-2889,-3098,0,0
22,11,-12,351,-2886,-3094,0,0
17,7,-13,354,-2906,-3081,0,0
-12,0,-15,362,-2897,-3079,0,0
-21,5,-8,343,-2871,-3101,0,0
-15,9,-7,349,-2881,-3098,0,0
-20,0,-13,364,-2891,-3092,0,0
-37,-8,-13,355,-2880,-3105,0,0
-43,-11,-11,353,-2853,-3109,0,0
-29,-10,-11,329,-2857,-3115,0,0
-11,-5,-10,327,-2851,-3128,0,0
-3,2,-8,360,-2855,-3116,0,0
-3,12,-2,346,-2865,-3112,0,0
-4,14,3,341,-2854,-3117,0,0
2,11,1,343,-2852,-3119,0,0
6,8,-10,339,-2857,-3122,0,0
19,8,-6,335,-2847,-3122,0,0
31,7,-7,349,-2873,-3107,0,0
15,-1,-13,338,-2886,-3098,0,0
-3,-11,-21,336,-2861,-3113,0,0
-11,-12,-20,343,-2872,-3115,0,0
-33,-3,-12,344,-2860,-3114,0,0
-36,0,-4,340,-2848,-3127,0,0
-29,1,-5,339,-2857,-3122,0,0
-25,-5,-9,335,-2839,-3131,0,0
-4,-1,-10,333,-2823,-3139,0,0
16,8,-8,344,-2845,-3126,0,0
12,10,-11,338,-2842,-3132,0,0
12,10,0,335,-2845,-3127,0,0
10,16,3,334,-2852,-3125,0,0
3,16,3,335,-2845,-3130,0,0
9,12,-3,337,-2848,-3132,0,0
18,8,-8,337,-2863,-3121,0,0
11,6,-9,335,-2850,-3122,0,0
14,-1,-12,334,-2836,-3127,0,0
25,4,-13,328,-2850,-3122,0,0
20,7,-10,341,-2856,-3117,0,0
1,7,-6,337,-2872,-3112,0,0
-23,4,-6,347,-2868,-3115,0,0
-44,-1,-7,344,-2863,-3127,0,0
-46,-5,-9,334,-2837,-3140,0,0
-20,-10,-9,334,-2826,-3137,0,0
2,1,-9,324,-2825,-3139,0,0
12,11,-6,331,-2836,-3140,0,0
15,16,1,348,-2856,-3130,0,0
1,10,1,331,-2850,-3134,0,0
1,-1,-5,324,-2845,-3131,0,0
19,9,-7,323,-2832,-3142,0,0
24,17,-7,338,-2844,-3133,0,0
22,11,-6,334,-2884,-3109,0,0
6,2,-15,327,-2825,-3139,0,0
37,2,-31,329,-2830,-3142,0,0
29,7,-20,351,-2871,-3114,0,0
48,2,-14,340,-2842,-3123,0,0
67,-5,-25,323,-2870,-3107,0,0
49,-1,-28,355,-2878,-3099,0,0
28,5,-16,353,-2875,-3101,0,0
-4,9,-4,347,-2890,-3096,0,0
-6,9,-1,349,-2872,-3105,0,0
14,8,-3,321,-2854,-3110,0,0
42,16,-6,334,-2866,-3109,0,0
41,22,-3,349,-2900,-3092,0,0
13,24,7,360,-2882,-3088,0,0
26,22,4,364,-2870,-3103,0,0
22,16,2,312,-2971,-3061,0,0
-36,5,3,341,-2901,-3081,0,0
-13,-2,-1,374,-2834,-3117,0,0
5,0,-2,305,-2918,-3080,0,0
14,-1,-16,336,-2837,-3121,0,0
34,-9,-23,346,-2936,-3064,0,0
-12,-3,-12,353,-2908,-3078,0,0
-28,-3,-11,339,-2864,-3109,0,0
-15,-2,-16,351,-2890,-3091,0,0
-23,-9,-14,346,-2892,-3093,0,0
-26,-10,-10,342,-2869,-3107,0,0
-16,1,-13,331,-2862,-3110,0,0
8,7,-2,328,-2853,-3118,0,0
26,9,-6,334,-2875,-3106,0,0
14,13,-5,346,-2895,-3096,0,0
0,16,2,343,-2884,-3099,0,0
-3,8,-1,328,-2877,-3103,0,0
-7,2,-10,330,-2878,-3106,0,0
-8,2,-9,335,-2875,-3108,0,0
-1,-3,-9,338,-2865,-3111,0,0
10,2,-10,328,-2875,-3104,0,0
25,9,-14,336,-2875,-3101,0,0
11,7,-13,329,-2894,-3085,0,0
16,7,-26,342,-2841,-3118,0,0
18,10,-16,362,-2926,-3080,0,0
-33,3,-8,344,-2885,-3102,0,0
-43,0,-1,341,-2857,-3118,0,0
-26,-1,-4,334,-2864,-3118,0,0
-18,-4,-7,336,-2864,-3118,0,0
-9,2,-5,337,-2849,-3118,0,0
13,10,-8,328,-2854,-3120,0,0
15,10,-7,341,-2880,-3107,0,0
6,7,-11,349,-2843,-3126,0,0
18,6,-13,322,-2899,-3106,0,0
-3,6,-10,366,-2847,-3119,0,0
-14,5,3,338,-2905,-3099,0,0
-28,8,9,304,-2817,-3130,0,0
39,11,-13,333,-2817,-3140,0,0
60,8,-18,356,-2924,-3086,0,0
19,9,-8,333,-2877,-3103,0,0
18,12,-10,338,-2857,-3113,0,0
17,9,-13,348,-2896,-3098,0,0
-7,3,-11,348,-2881,-3101,0,0
-14,2,-8,345,-2870,-3107,0,0
-12,4,-7,340,-2878,-3103,0,0
-4,7,-10,334,-2862,-3114,0,0
11,9,-13,347,-2866,-3105,0,0
25,16,-10,344,-2875,-3100,0,0
59,19,-4,334,-2873,-3093,0,0
203,40,-4,346,-2905,-3046,0,0
397,55,-3,348,-2943,-3034,0,0
290,37,-16,365,-2974,-3027,0,0
356,53,-17,383,-2975,-2991,0,0
470,46,-27,362,-3002,-2950,0,0
389,23,-46,363,-3135,-2859,0,0
277,25,-40,401,-3273,-2743,0,0
44,25,-19,402,-3220,-2777,0,0
-4,37,-3,384,-3128,-2826,0,0
-4,33,6,411,-3169,-2810,0,0
-42,-6,-11,393,-3109,-2837,0,0
-33,-27,-34,395,-3168,-2807,0,0
-73,-20,0,406,-3250,-2764,0,0
-277,-29,19,384,-3143,-2843,0,0
-219,-19,8,365,-2962,-2953,0,0
2,-4,-16,374,-3054,-2903,0,0
19,-10,-12,374,-3161,-2840,0,0
-56,-2,1,380,-3114,-2881,0,0
-145,-1,10,372,-3074,-2901,0,0
-113,9,5,370,-3004,-2949,0,0
-6,9,-6,376,-3004,-2958,0,0
19,-1,-13,371,-3082,-2904,0,0
8,-2,-12,366,-3045,-2920,0,0
16,8,-10,381,-3056,-2921,0,0
4,6,-6,369,-3076,-2914,0,0
-9,0,-5,368,-3052,-2922,0,0
-3,7,-9,375,-3045,-2936,0,0
-5,4,-9,378,-3054,-2926,0,0
-28,-4,-7,363,-3061,-2923,0,0
-103,-5,-6,364,-3052,-2932,0,0
-47,-1,-6,371,-2983,-2973,0,0
1,-4,-9,369,-2999,-2965,0,0
28,2,-14,356,-3035,-2945,0,0
20,7,-15,376,-3053,-2923,0,0
-11,2,-13,387,-3052,-2951,0,0
-34,1,2,315,-2983,-2959,0,0
30,11,-20,388,-2977,-2990,0,0
44,2,-18,386,-3099,-2910,0,0
-11,0,-7,358,-3057,-2928,0,0
-19,0,-5,359,-3001,-2971,0,0
-1,-2,-9,356,-3021,-2952,0,0
-4,-6,-17,376,-3012,-2956,0,0
9,-4,-20,356,-3018,-2953,0,0
12,5,-18,363,-3042,-2937,0,0
-18,0,-15,374,-3020,-2961,0,0
-38,-6,-12,363,-3037,-2950,0,0
-41,-5,-9,375,-3002,-2980,0,0
-71,-20,-8,344,-3015,-2979,0,0
-26,-47,-26,339,-2999,-2991,0,0
-44,-74,-63,350,-3038,-2989,0,0
-91,-92,-88,369,-3018,-2944,0,0
-111,-85,-93,363,-3009,-2968,0,0
-172,-128,-102,371,-3013,-3067,0,0
-249,-181,-122,361,-2923,-3018,0,0
-320,-198,-181,440,-3002,-3078,0,0
-588,-286,-155,324,-3069,-3253,0,0
-720,-362,-169,342,-2783,-3109,0,0
-337,-227,-133,365,-3503,-3173,0,0
8,-183,-127,404,-2162,-4041,0,0
207,-278,6,479,-2792,-3936,0,0
-974,-630,44,558,-3501,-3595,0,0
-2188,-819,152,449,-3221,-3043,0,0
-2663,-767,518,1453,-1924,-2129,0,0
-1528,-247,628,534,-1985,-3391,0,0
-1678,-126,357,362,-1376,-3547,0,0
-2565,-24,359,-6,-370,-3409,0,0
-2089,178,177,-43,-159,-3848,0,0
-1004,370,89,-229,-3,-3829,0,0
-506,497,-37,-223,-65,-3826,0,0
-1158,415,-281,-313,-28,-3990,0,0
-1927,312,-444,-423,313,-4268,0,0
-1545,227,-541,-403,780,-4206,0,0
-415,201,-562,-496,729,-4205,0,0
-86,100,-662,-292,482,-4053,0,0
-28,-20,-766,-238,694,-4440,0,0
510,-211,-806,-205,539,-4505,0,0
689,-428,-821,-409,449,-4544,0,0
835,-589,-750,-328,136,-4922,0,0
60,-867,-661,-539,4,-4816,0,0
-1371,-979,-587,-698,561,-4686,0,0
-1666,-964,-546,-777,1167,-4646,0,0
-1009,-852,-474,-846,1379,-4490,0,0
-276,-775,-424,-993,1452,-4504,0,0
452,-768,-395,-1199,1107,-4489,0,0
589,-870,-314,-1480,796,-4598,0,0
150,-1112,-168,-1701,534,-4731,0,0
-1319,-1450,-117,-2003,574,-4098,0,0
-1648,-1617,-54,-2292,964,-3539,0,0
-660,-1533,178,-2496,600,-3109,0,0
-344,-1441,395,-2556,827,-2771,0,0
-140,-1290,589,-2607,941,-1982,0,0
-201,-1035,748,-2603,1059,-1914,0,0
-268,-840,831,-2594,1401,-1827,0,0
-193,-628,800,-2587,1695,-1443,0,0
247,-326,748,-2593,1940,-1559,0,0
624,-48,619,-2466,1944,-1911,0,0
317,9,431,-2443,1970,-2577,0,0
423,-38,333,-2587,2065,-2624,0,0
572,-58,284,-2587,1826,-2860,0,0
458,-152,247,-2554,1852,-3027,0,0
341,-247,208,-2524,1754,-2983,0,0
239,-288,156,-2552,1849,-2813,0,0
517,-199,155,-2545,1636,-2684,0,0
506,-127,149,-2429,1453,-2844,0,0
446,-78,174,-2354,1496,-2922,0,0
611,-69,215,-2528,1663,-3009,0,0
802,-52,167,-2674,1640,-2963,0,0
620,-60,75,-2668,1808,-2992,0,0
509,-72,-74,-2620,1393,-3096,0,0
-10,-125,-160,-2650,1218,-3209,0,0
-349,-164,-149,-2743,1260,-3080,0,0
-68,-103,-12,-2752,1184,-3033,0,0
-155,-108,72,-2703,1426,-2885,0,0
-284,-120,69,-2626,1488,-2730,0,0
-146,-62,71,-2571,1289,-2734,0,0
-44,-46,33,-2625,1636,-2729,0,0
282,-31,-20,-2676,1518,-2819,0,0
280,-13,-28,-2706,1240,-2849,0,0
30,3,3,-2645,1384,-2824,0,0
-128,-15,69,-2570,1225,-3134,0,0
127,-114,90,-2698,1793,-3157,0,0
721,-177,18,-2807,1804,-2816,0,0
369,-177,-136,-2813,1078,-2956,0,0
-179,-137,-214,-2880,1590,-2995,0,0
231,-55,-222,-2838,1501,-2857,0,0
492,51,-202,-2814,833,-2852,0,0
61,61,-160,-2857,959,-2823,0,0
-3,89,-69,-2867,799,-2685,0,0
-4,171,97,-2844,952,-2832,0,0
163,212,200,-2752,1333,-3021,0,0
484,195,204,-2672,1322,-3291,0,0
315,50,113,-2694,1292,-3349,0,0
12,-68,21,-2757,1212,-3074,0,0
15,-41,12,-2784,1138,-3015,0,0
95,-10,38,-2717,1050,-3004,0,0
215,6,76,-2665,1029,-2822,0,0
143,57,104,-2547,957,-2646,0,0
140,160,141,-2511,942,-3164,0,0
340,86,133,-2603,1439,-3302,0,0
445,65,7,-2637,1060,-3143,0,0
-183,67,-113,-2596,1109,-3412,0,0
-92,95,-209,-2665,1317,-3059,0,0
132,149,-316,-2606,1039,-3033,0,0
-64,136,-417,-2605,900,-3036,0,0
-239,241,-415,-2698,888,-2673,0,0
288,448,-330,-2666,961,-3218,0,0
485,370,-266,-2623,673,-3586,0,0
150,133,-257,-2561,535,-3691,0,0
-218,-170,-194,-2631,588,-3669,0,0
-165,-386,-129,-2716,563,-3264,0,0
-222,-413,-59,-2628,630,-3329,0,0
33,-421,43,-2770,653,-2964,0,0
270,-363,120,-2724,503,-3181,0,0
19,-422,166,-2802,629,-3251,0,0
-13,-426,212,-2859,716,-2820,0,0
15,-343,280,-2817,677,-3198,0,0
-27,-415,280,-2902,916,-3153,0,0
97,-381,237,-2992,988,-2664,0,0
59,-244,186,-2932,993,-2825,0,0
-57,-188,155,-2988,935,-2838,0,0
-48,-144,156,-3053,975,-2703,0,0
-212,-116,130,-2960,1088,-2862,0,0
-32,-91,84,-2957,1143,-2790,0,0
111,-57,37,-2995,1058,-2814,0,0
14,-69,-13,-3021,987,-2875,0,0
-61,-111,-25,-3086,992,-2843,0,0
-86,-113,-6,-3082,1050,-2704,0,0
-7,-100,5,-3068,1055,-2774,0,0
5,-144,2,-3060,1095,-2735,0,0
106,-136,-62,-3047,1332,-2547,0,0
339,-90,-169,-2998,957,-2678,0,0
-75,-115,-265,-3061,1054,-2366,0,0
85,17,-319,-3008,911,-2387,0,0
111,94,-360,-2927,686,-2557,0,0
60,90,-410,-2868,749,-2378,0,0
281,226,-507,-2910,940,-1918,0,0
424,541,-680,-2936,880,-2050,0,0
-14,800,-900,-2981,622,-2320,0,0
-441,1047,-975,-3006,191,-2551,0,0
-846,1273,-984,-2916,624,-2620,0,0
-1206,1428,-998,-2691,577,-2753,0,0
-1613,1578,-971,-2325,563,-3094,0,0
-1669,1623,-930,-2176,1186,-3558,0,0
-820,1598,-902,-1856,828,-3727,0,0
-704,1497,-904,-1530,611,-3979,0,0
-1050,1355,-915,-1379,865,-4204,0,0
-982,1117,-880,-1306,991,-4588,0,0
-81,948,-828,-1397,1172,-4348,0,0
523,813,-770,-1197,508,-4431,0,0
-13,670,-734,-1097,663,-4260,0,0
-54,599,-668,-797,658,-4245,0,0
305,527,-478,-742,464,-4254,0,0
355,454,-307,-729,340,-4368,0,0
208,383,-129,-828,330,-4225,0,0
-9,306,-16,-780,296,-4632,0,0
-246,82,-28,-883,578,-4601,0,0
288,-44,-81,-851,396,-4124,0,0
573,-78,4,-866,553,-4123,0,0
450,-106,-47,-908,564,-3925,0,0
358,-24,-62,-1055,466,-4072,0,0
199,19,-48,-932,438,-4157,0,0
111,31,-57,-881,135,-4164,0,0
63,49,-11,-852,45,-4068,0,0
151,58,26,-813,139,-4058,0,0
247,54,25,-711,245,-4039,0,0
270,27,-57,-769,302,-4162,0,0
240,57,-75,-1436,4,-4416,0,0
-71,142,70,-861,160,-4232,0,0
32,128,48,-658,15,-4087,0,0
150,118,-38,-848,-222,-4094,0,0
145,147,50,-977,-29,-4087,0,0
138,175,186,-882,327,-4080,0,0
-17,192,128,-733,387,-4058,0,0
-144,221,79,-694,239,-4207,0,0
-138,195,77,-722,135,-4263,0,0
-45,159,117,-678,-44,-4119,0,0
-112,183,138,-656,126,-4058,0,0
-95,223,101,-579,173,-4160,0,0
-49,217,24,-439,120,-4330,0,0
-10,165,-7,-297,-65,-4308,0,0
-36,131,18,-291,54,-4286,0,0
7,95,31,-317,182,-4261,0,0
-54,68,15,-316,244,-4211,0,0
-64,54,-7,-330,193,-4218,0,0
-24,43,3,-374,108,-4255,0,0
-36,31,21,-413,135,-4184,0,0
-5,29,43,-474,177,-4169,0,0
-11,26,76,-391,256,-4192,0,0
30,27,76,-265,174,-4217,0,0
54,17,93,-200,194,-4236,0,0
37,-1,26,-272,132,-4234,0,0
76,-20,23,-400,78,-4209,0,0
133,-33,94,-415,207,-4163,0,0
116,-23,106,-447,287,-4142,0,0
156,-4,50,-411,62,-4191,0,0
90,9,-4,-522,47,-4171,0,0
149,10,-34,-490,40,-4148,0,0
151,9,-23,-413,114,-4172,0,0
71,4,-35,-376,107,-4183,0,0
32,5,-31,-400,17,-4212,0,0
47,4,-16,-405,-22,-4185,0,0
53,11,3,-408,1,-4190,0,0
56,16,31,-434,52,-4170,0,0
60,24,53,-472,42,-4183,0,0
21,40,51,-431,14,-4177,0,0
42,51,28,-333,-97,-4241,0,0
62,35,17,-307,-140,-4217,0,0
82,26,18,-333,-20,-4187,0,0
61,23,28,-364,62,-4200,0,0
4,20,33,-379,-2,-4190,0,0
-31,23,26,-284,-87,-4207,0,0
-16,25,-19,-226,-119,-4238,0,0
73,10,-36,-297,-83,-4225,0,0
88,-3,-17,-381,6,-4166,0,0
19,-8,-22,-335,0,-4181,0,0
-16,-4,-50,-301,-84,-4224,0,0
15,-13,-77,-284,-139,-4253,0,0
57,-19,-91,-339,-116,-4217,0,0
106,-23,-77,-455,-65,-4148,0,0
132,-6,-30,-529,-40,-4155,0,0
83,8,6,-465,-88,-4174,0,0
32,7,8,-348,-147,-4199,0,0
32,1,20,-377,-153,-4221,0,0
48,0,38,-424,-127,-4168,0,0
52,5,57,-408,-128,-4186,0,0
32,11,71,-419,-146,-4185,0,0
54,9,89,-409,-186,-4183,0,0
40,11,96,-380,-177,-4196,0,0
47,11,99,-369,-173,-4205,0,0
42,9,117,-400,-164,-4213,0,0
39,14,135,-469,-214,-4166,0,0
37,28,145,-485,-216,-4167,0,0
29,42,146,-485,-228,-4186,0,0
54,59,172,-401,-177,-4199,0,0
54,61,207,-275,-128,-4213,0,0
11,49,206,-332,-216,-4227,0,0
41,43,163,-208,-320,-4228,0,0
99,23,114,-108,-240,-4250,0,0
107,14,126,-280,-113,-4174,0,0
31,27,124,-418,-149,-4167,0,0
-49,27,132,-445,-279,-4191,0,0
16,11,169,-275,-303,-4244,0,0
43,-5,160,-175,-265,-4202,0,0
-10,-2,82,-205,-212,-4173,0,0
-27,7,14,-246,-197,-4181,0,0
-43,10,-37,-321,-257,-4199,0,0
-48,12,-60,-294,-230,-4201,0,0
-30,22,-67,-338,-207,-4206,0,0
-15,25,-91,-346,-243,-4206,0,0
17,28,-87,-349,-228,-4200,0,0
27,30,-75,-284,-186,-4203,0,0
-7,29,-75,-250,-190,-4203,0,0
-14,25,-87,-249,-228,-4214,0,0
19,18,-81,-281,-224,-4198,0,0
17,13,-74,-248,-187,-4204,0,0
-29,9,-88,-265,-182,-4194,0,0
-42,3,-87,-316,-186,-4192,0,0
-45,-2,-80,-297,-190,-4199,0,0
-50,-6,-65,-274,-175,-4200,0,0
-53,-6,-68,-255,-176,-4204,0,0
-41,-13,-70,-320,-177,-4194,0,0
1,-17,-39,-378,-149,-4178,0,0
35,-14,-2,-418,-165,-4187,0,0
31,-1,27,-417,-222,-4202,0,0
26,7,29,-317,-203,-4217,0,0
43,6,32,-274,-152,-4205,0,0
14,11,26,-266,-167,-4217,0,0
-10,18,1,-253,-238,-4222,0,0
46,17,-27,-274,-254,-4220,0,0
98,15,-39,-329,-191,-4196,0,0
92,11,-33,-338,-171,-4178,0,0
37,13,-29,-328,-212,-4197,0,0
27,14,-19,-322,-243,-4196,0,0
48,10,-4,-299,-210,-4185,0,0
22,8,-5,-307,-213,-4195,0,0
-11,7,-3,-316,-245,-4203,0,0
-8,7,6,-292,-242,-4206,0,0
-3,5,2,-289,-236,-4208,0,0
-3,3,5,-299,-233,-4202,0,0
-16,4,2,-284,-241,-4200,0,0
-6,3,0,-288,-243,-4209,0,0
8,2,3,-301,-229,-4199,0,0
3,5,-14,-296,-244,-4197,0,0
11,7,-3,-304,-255,-4206,0,0
16,7,-8,-295,-238,-4205,0,0
14,6,-19,-289,-216,-4204,0,0
11,5,-17,-317,-220,-4192,0,0
0,6,-15,-312,-248,-4192,0,0
9,9,-7,-310,-255,-4197,0,0
28,7,2,-300,-220,-4196,0,0
3,5,-6,-287,-222,-4200,0,0
-5,6,-7,-285,-248,-4199,0,0
3,4,-9,-292,-246,-4197,0,0
11,3,-6,-324,-235,-4197,0,0
12,4,4,-299,-232,-4195,0,0
6,7,1,-275,-244,-4205,0,0
5,7,-13,-285,-257,-4199,0,0
14,6,-17,-310,-239,-4198,0,0
8,7,-19,-288,-233,-4196,0,0
4,5,-17,-300,-251,-4198,0,0
10,6,-16,-312,-246,-4200,0,0
11,5,-10,-313,-232,-4192,0,0
0,5,-2,-309,-247,-4195,0,0
-1,3,-1,-280,-259,-4201,0,0
13,2,2,-292,-242,-4202,0,0
11,3,-2,-297,-242,-4207,0,0
4,5,-14,-282,-265,-4205,0,0
16,3,-4,-296,-251,-4195,0,0
16,2,-1,-304,-235,-4201,0,0
5,4,-9,-302,-262,-4196,0,0
13,4,-6,-313,-257,-4199,0,0
15,4,-4,-310,-242,-4196,0,0
3,6,-13,-293,-258,-4201,0,0
8,7,-10,-303,-253,-4197,0,0
2,6,-8,-304,-247,-4198,0,0
-1,7,-11,-302,-259,-4195,0,0
2,7,-11,-300,-253,-4202,0,0
5,6,-12,-290,-243,-4202,0,0
2,7,-15,-294,-266,-4205,0,0
10,5,-14,-302,-255,-4198,0,0
6,5,-11,-316,-241,-4191,0,0
-4,7,-13,-291,-261,-4208,0,0
-2,6,-13,-290,-257,-4203,0,0
7,3,-10,-317,-239,-4194,0,0
-3,3,-10,-307,-244,-4200,0,0
-4,5,-6,-297,-250,-4201,0,0
-1,5,-2,-297,-247,-4200,0,0
-2,4,-4,-292,-251,-4208,0,0
-1,4,-3,-303,-244,-4201,0,0
-5,4,-5,-284,-246,-4202,0,0
-1,2,-16,-299,-247,-4200,0,0
4,3,-9,-308,-239,-4200,0,0
2,3,-9,-302,-248,-4201,0,0
4,4,-5,-316,-237,-4197,0,0
1,6,-7,-301,-239,-4197,0,0
0,5,-8,-294,-242,-4200,0,0
4,6,-6,-301,-239,-4197,0,0
0,5,-6,-309,-243,-4198,0,0
-1,6,-5,-310,-245,-4200,0,0
2,7,-6,-294,-237,-4199,0,0
2,6,-4,-301,-239,-4205,0,0
-2,7,-6,-288,-251,-4206,0,0
11,4,-11,-291,-238,-4194,0,0
12,3,-12,-316,-234,-4198,0,0
11,5,-11,-308,-250,-4198,0,0
13,7,-10,-310,-242,-4198,0,0
11,8,-10,-297,-244,-4202,0,0
6,8,-12,-300,-240,-4195,0,0
7,9,-12,-313,-235,-4194,0,0
1,8,-10,-304,-241,-4200,0,0
-4,8,-6,-292,-237,-4200,0,0
-1,7,-6,-290,-245,-4199,0,0
7,6,-5,-297,-239,-4195,0,0
0,5,-3,-295,-244,-4202,0,0
1,4,-11,-295,-252,-4198,0,0
9,4,-4,-295,-252,-4200,0,0
9,5,-5,-300,-242,-4198,0,0
4,5,-10,-303,-246,-4201,0,0
6,5,-7,-320,-249,-4194,0,0
6,9,-6,-297,-251,-4200,0,0
3,8,-10,-283,-254,-4204,0,0
11,7,-12,-305,-245,-4193,0,0
7,5,-12,-300,-224,-4201,0,0
-5,4,-14,-295,-254,-4201,0,0
5,7,-10,-289,-260,-4200,0,0
10,7,-8,-293,-231,-4203,0,0
5,5,-9,-298,-240,-4195,0,0
-4,7,-12,-289,-263,-4203,0,0
9,4,-7,-294,-250,-4201,0,0
9,3,-8,-296,-232,-4196,0,0
-1,5,-10,-303,-251,-4203,0,0
3,5,-5,-307,-241,-4198,0,0
-5,6,-7,-295,-242,-4200,0,0
-3,7,-7,-296,-249,-4203,0,0
1,6,-4,-298,-233,-4201,0,0
-7,5,-9,-288,-246,-4200,0,0
1,6,-11,-293,-238,-4196,0,0
5,7,-6,-302,-231,-4203,0,0
-2,6,-12,-282,-245,-4207,0,0
5,5,-9,-286,-245,-4203,0,0
11,2,-10,-297,-228,-4196,0,0
7,2,-11,-302,-241,-4196,0,0
10,6,-11,-297,-250,-4201,0,0
12,6,-10,-295,-237,-4192,0,0
5,6,-11,-305,-229,-4203,0,0
-9,6,-12,-290,-245,-4201,0,0
-5,5,-10,-285,-252,-4201,0,0
9,3,-7,-295,-228,-4198,0,0
2,4,-9,-301,-240,-4202,0,0
1,3,-9,-293,-252,-4202,0,0
11,3,-14,-296,-234,-4194,0,0
6,5,-10,-293,-239,-4199,0,0
4,6,-12,-295,-247,-4204,0,0
7,6,-9,-300,-234,-4197,0,0
4,7,-11,-295,-238,-4197,0,0
3,7,-11,-303,-245,-4201,0,0
3,7,-9,-297,-235,-4199,0,0
-1,7,-7,-295,-231,-4199,0,0
-6,7,-8,-291,-255,-4204,0,0
8,4,-5,-283,-235,-4196,0,0
10,3,-7,-295,-232,-4199,0,0
2,5,-10,-293,-252,-4202,0,0
12,5,-16,-290,-245,-4202,0,0
11,5,-10,-310,-224,-4195,0,0
-5,6,-12,-303,-249,-4200,0,0
4,7,-10,-294,-254,-4204,0,0
13,6,-9,-300,-216,-4190,0,0
-5,6,-10,-296,-236,-4200,0,0
-3,6,-8,-289,-256,-4205,0,0
12,6,-3,-298,-222,-4197,0,0
-5,7,-9,-288,-242,-4198,0,0
-1,5,-9,-288,-247,-4200,0,0
5,5,-6,-295,-228,-4200,0,0
-5,5,-9,-298,-249,-4198,0,0
6,6,-13,-295,-244,-4201,0,0
7,6,-6,-300,-228,-4195,0,0
-4,7,-11,-291,-245,-4202,0,0
-2,7,-9,-282,-249,-4204,0,0
10,4,-9,-296,-225,-4203,0,0
5,3,-13,-298,-229,-4198,0,0
3,4,-12,-295,-252,-4194,0,0
11,6,-5,-298,-229,-4199,0,0
4,7,-8,-291,-235,-4198,0,0
5,7,-9,-295,-240,-4202,0,0
4,7,-11,-294,-231,-4199,0,0
-6,7,-13,-287,-246,-4205,0,0
3,5,-16,-298,-232,-4199,0,0
4,5,-6,-295,-233,-4200,0,0
3,5,-6,-293,-234,-4195,0,0
3,5,-5,-290,-237,-4193,0,0
4,6,-6,-289,-240,-4200,0,0
4,7,-10,-294,-235,-4200,0,0
2,7,-12,-289,-233,-4198,0,0
2,6,-11,-298,-233,-4200,0,0
0,6,-7,-299,-234,-4197,0,0
-1,7,-6,-292,-237,-4202,0,0
2,7,-6,-294,-228,-4198,0,0
-6,5,-6,-288,-240,-4208,0,0
-1,5,-15,-277,-246,-4206,0,0
20,2,-8,-293,-212,-4196,0,0
11,4,-12,-298,-235,-4201,0,0
6,6,-11,-295,-247,-4197,0,0
13,6,-9,-306,-232,-4193,0,0
7,7,-9,-312,-237,-4194,0,0
3,10,-6,-279,-244,-4204,0,0
5,9,-17,-268,-238,-4191,0,0
10,5,-11,-326,-220,-4192,0,0
-7,6,-5,-281,-238,-4200,0,0
-1,6,-6,-270,-247,-4210,0,0
10,5,-8,-289,-229,-4200,0,0
3,5,-11,-309,-233,-4192,0,0
1,6,-3,-298,-234,-4198,0,0
2,7,-3,-277,-238,-4203,0,0
4,7,-7,-286,-238,-4204,0,0
1,5,-6,-283,-238,-4197,0,0
2,6,-10,-291,-243,-4201,0,0
8,5,-11,-301,-223,-4199,0,0
2,4,-8,-295,-234,-4200,0,0
-4,4,-7,-282,-240,-4204,0,0
3,3,-7,-291,-239,-4197,0,0
9,1,-6,-289,-224,-4196,0,0
8,3,-7,-288,-229,-4200,0,0
3,6,-9,-294,-245,-4202,0,0
7,6,-7,-290,-240,-4198,0,0
9,6,-8,-287,-227,-4200,0,0
1,6,-9,-292,-231,-4197,0,0
1,5,-10,-297,-246,-4202,0,0
8,4,-8,-299,-242,-4198,0,0
4,6,-9,-286,-237,-4198,0,0
6,5,-9,-293,-225,-4199,0,0
2,5,-11,-296,-233,-4201,0,0
1,5,-8,-301,-243,-4199,0,0
3,5,-6,-293,-226,-4201,0,0
0,5,-7,-284,-242,-4202,0,0
6,6,-15,-278,-242,-4202,0,0
7,5,-10,-274,-236,-4200,0,0
11,4,-12,-298,-235,-4195,0,0
11,4,-7,-313,-227,-4195,0,0
-4,5,-3,-287,-245,-4199,0,0
1,7,-6,-276,-262,-4215,0,0
21,2,-8,-287,-226,-4194,0,0
13,3,-14,-297,-231,-4190,0,0
8,8,-13,-305,-260,-4199,0,0
12,8,-7,-286,-244,-4199,0,0
7,8,-10,-281,-234,-4200,0,0
1,9,-16,-290,-246,-4208,0,0
11,6,-13,-287,-252,-4197,0,0
8,4,-11,-291,-239,-4203,0,0
8,3,-9,-298,-239,-4198,0,0
7,4,-7,-287,-239,-4200,0,0
6,5,-6,-287,-250,-4202,0,0
5,5,-9,-284,-248,-4200,0,0
9,5,-9,-291,-241,-4201,0,0
4,6,-12,-282,-244,-4197,0,0
7,7,-12,-296,-251,-4197,0,0
7,7,-7,-303,-248,-4196,0,0
1,5,-7,-272,-249,-4203,0,0
1,5,-12,-281,-252,-4201,0,0
13,3,-12,-304,-249,-4193,0,0
10,4,-10,-290,-241,-4194,0,0
6,5,-11,-288,-257,-4199,0,0
7,6,-13,-282,-251,-4198,0,0
7,7,-11,-295,-234,-4198,0,0
-2,8,-12,-291,-249,-4198,0,0
-7,7,-10,-284,-267,-4202,0,0
2,3,-7,-282,-242,-4202,0,0
-1,2,-9,-277,-244,-4199,0,0
10,3,-7,-293,-261,-4198,0,0
14,2,-7,-288,-245,-4200,0,0
3,2,-9,-298,-247,-4204,0,0
-3,2,-10,-308,-253,-4198,0,0
-3,4,-9,-294,-255,-4195,0,0
-3,6,-9,-296,-240,-4200,0,0
-2,7,-8,-285,-244,-4198,0,0
-2,8,-11,-280,-259,-4195,0,0
9,9,-10,-287,-252,-4186,0,0
14,6,-6,-291,-222,-4214,0,0
6,1,-9,-282,-249,-4199,0,0
6,4,-10,-284,-259,-4196,0,0
9,6,-10,-291,-242,-4194,0,0
3,6,-12,-300,-240,-4197,0,0
-3,7,-12,-289,-263,-4208,0,0
3,6,-10,-293,-260,-4198,0,0
6,5,-8,-281,-234,-4197,0,0
1,6,-12,-285,-236,-4199,0,0
-2,6,-12,-290,-260,-4198,0,0
8,4,-9,-293,-264,-4197,0,0
5,6,-6,-288,-234,-4200,0,0
0,7,-10,-285,-236,-4199,0,0
-1,6,-11,-294,-256,-4202,0,0
3,5,-7,-288,-246,-4202,0,0
-6,5,-6,-282,-242,-4201,0,0
2,3,-8,-283,-244,-4198,0,0
6,2,-10,-292,-236,-4200,0,0
2,3,-16,-300,-256,-4197,0,0
9,5,-5,-291,-247,-4198,0,0
9,7,-6,-282,-233,-4196,0,0
0,7,-10,-289,-247,-4198,0,0
-1,6,-12,-291,-257,-4203,0,0
8,6,-10,-295,-237,-4199,0,0
4,5,-9,-289,-224,-4199,0,0
-1,5,-12,-284,-250,-4205,0,0
6,5,-8,-291,-245,-4201,0,0
4,5,-7,-286,-238,-4200,0,0
3,5,-9,-282,-238,-4202,0,0
4,4,-10,-292,-246,-4196,0,0
3,5,-15,-295,-242,-4203,0,0
3,6,-9,-285,-244,-4195,0,0
3,5,-9,-288,-239,-4196,0,0
-1,4,-10,-295,-241,-4198,0,0
5,2,-8,-291,-249,-4197,0,0
10,2,-7,-284,-236,-4198,0,0
7,5,-9,-289,-244,-4200,0,0
8,6,-10,-290,-240,-4198,0,0
7,6,-10,-287,-247,-4201,0,0
4,6,-9,-284,-239,-4200,0,0
4,6,-11,-289,-243,-4199,0,0
5,6,-11,-294,-243,-4197,0,0
3,5,-9,-296,-244,-4202,0,0
0,7,-8,-286,-246,-4204,0,0
5,6,-8,-287,-229,-4196,0,0
-2,6,-10,-292,-239,-4196,0,0
-1,6,-8,-285,-253,-4202,0,0
3,5,-6,-289,-231,-4199,0,0
0,4,-8,-287,-234,-4197,0,0
0,5,-10,-291,-245,-4196,0,0
2,5,-7,-283,-239,-4198,0,0
-4,4,-7,-286,-238,-4205,0,0
2,3,-10,-289,-247,-4198,0,0
18,1,-8,-297,-229,-4197,0,0
8,3,-10,-293,-244,-4197,0,0
12,5,-7,-291,-248,-4199,0,0
16,7,-8,-288,-228,-4201,0,0
6,9,-13,-286,-240,-4196,0,0
5,8,-14,-296,-250,-4194,0,0
7,6,-11,-293,-241,-4199,0,0
5,6,-10,-282,-239,-4194,0,0
5,6,-10,-291,-247,-4206,0,0
7,4,-7,-288,-246,-4200,0,0
2,4,-6,-284,-247,-4194,0,0
5,5,-6,-288,-252,-4201,0,0
7,4,-7,-296,-248,-4203,0,0
3,4,-15,-287,-249,-4200,0,0
5,5,-8,-288,-248,-4195,0,0
5,4,-8,-296,-242,-4197,0,0
3,5,-7,-282,-252,-4205,0,0
2,5,-9,-274,-262,-4207,0,0
14,4,-10,-295,-243,-4201,0,0
15,3,-11,-300,-238,-4194,0,0
6,4,-11,-293,-257,-4201,0,0
6,6,-11,-282,-262,-4206,0,0
13,6,-12,-280,-245,-4196,0,0
8,6,-12,-293,-240,-4196,0,0
-2,6,-13,-286,-260,-4203,0,0
11,5,-9,-289,-248,-4196,0,0
6,5,-10,-290,-247,-4196,0,0
-1,5,-9,-285,-258,-4205,0,0
7,5,-5,-288,-244,-4198,0,0
-1,4,-8,-283,-247,-4197,0,0
0,5,-9,-278,-262,-4201,0,0
5,6,-8,-285,-245,-4197,0,0
-3,4,-12,-284,-239,-4201,0,0
-3,3,-12,-300,-255,-4204,0,0
3,5,-8,-283,-252,-4203,0,0
-1,5,-10,-279,-246,-4196,0,0
4,4,-12,-298,-248,-4194,0,0
6,2,-9,-296,-236,-4197,0,0
2,4,-8,-286,-250,-4197,0,0
2,6,-10,-281,-250,-4206,0,0
8,6,-10,-288,-244,-4199,0,0
0,5,-12,-295,-249,-4192,0,0
-5,5,-13,-285,-256,-4202,0,0
5,5,-10,-291,-244,-4198,0,0
3,5,-10,-289,-239,-4198,0,0
1,4,-9,-295,-241,-4197,0,0
-1,4,-8,-291,-248,-4199,0,0
-2,5,-7,-285,-250,-4203,0,0
2,4,-6,-293,-238,-4199,0,0
0,5,-15,-283,-245,-4200,0,0
2,6,-8,-288,-248,-4200,0,0
3,6,-9,-288,-244,-4199,0,0
-1,5,-7,-286,-240,-4202,0,0
0,4,-9,-288,-245,-4202,0,0
10,3,-10,-290,-241,-4199,0,0
9,3,-10,-297,-237,-4196,0,0
7,4,-9,-295,-240,-4197,0,0
6,5,-7,-284,-234,-4200,0,0
0,7,-8,-284,-246,-4199,0,0
-2,6,-9,-293,-246,-4197,0,0
0,6,-10,-294,-239,-4200,0,0
3,5,-9,-285,-231,-4198,0,0
3,5,-7,-297,-242,-4197,0,0
3,5,-7,-293,-237,-4193,0,0
3,6,-7,-288,-229,-4198,0,0
1,6,-7,-286,-234,-4197,0,0
2,6,-8,-289,-237,-4198,0,0
3,6,-7,-290,-232,-4197,0,0
3,6,-7,-291,-238,-4202,0,0
4,6,-8,-287,-232,-4198,0,0
3,6,-11,-292,-232,-4194,0,0
-1,6,-8,-291,-240,-4199,0,0
5,4,-7,-281,-249,-4200,0,0
20,2,-9,-288,-227,-4194,0,0
15,5,-11,-298,-239,-4205,0,0
9,8,-8,-292,-247,-4196,0,0
11,8,-8,-281,-235,-4197,0,0
3,8,-11,-284,-243,-4201,0,0
1,7,-10,-283,-251,-4197,0,0
1,5,-10,-286,-237,-4198,0,0
-5,6,-9,-286,-238,-4200,0,0
-1,5,-6,-286,-245,-4199,0,0
6,3,-5,-290,-240,-4204,0,0
8,4,-5,-285,-243,-4195,0,0
7,5,-5,-286,-245,-4199,0,0
6,5,-16,-292,-248,-4199,0,0
8,6,-10,-290,-248,-4200,0,0
12,7,-10,-287,-244,-4204,0,0
8,6,-11,-291,-241,-4200,0,0
1,6,-13,-289,-249,-4203,0,0
4,6,-10,-299,-234,-4195,0,0
0,7,-7,-291,-241,-4200,0,0
-9,6,-9,-268,-248,-4203,0,0
-3,3,-11,-283,-240,-4199,0,0
5,0,-10,-294,-230,-4199,0,0
-2,0,-8,-276,-242,-4202,0,0
0,1,-10,-277,-246,-4200,0,0
12,4,-10,-294,-244,-4201,0,0
11,4,-13,-285,-237,-4197,0,0
4,3,-14,-292,-232,-4198,0,0
0,4,-13,-308,-246,-4194,0,0
1,6,-11,-294,-241,-4193,0,0
3,7,-9,-284,-237,-4195,0,0
2,7,-10,-287,-234,-4198,0,0
0,7,-11,-286,-247,-4202,0,0
6,7,-8,-280,-246,-4201,0,0
7,7,-9,-273,-232,-4199,0,0
4,6,-10,-292,-238,-4204,0,0
4,5,-11,-289,-249,-4202,0,0
6,6,-10,-291,-239,-4197,0,0
1,5,-11,-294,-226,-4194,0,0
-1,6,-8,-290,-244,-4206,0,0
-5,6,-7,-273,-251,-4206,0,0
6,3,-8,-280,-237,-4203,0,0
10,1,-9,-295,-224,-4200,0,0
5,4,-9,-288,-247,-4200,0,0
7,6,-7,-288,-240,-4202,0,0
7,6,-9,-290,-238,-4198,0,0
1,6,-12,-286,-237,-4200,0,0
-2,6,-12,-288,-242,-4200,0,0
0,6,-10,-286,-239,-4198,0,0
4,5,-9,-288,-230,-4199,0,0
5,6,-8,-288,-238,-4204,0,0
5,6,-8,-292,-237,-4203,0,0
3,6,-7,-287,-240,-4197,0,0
1,5,-7,-287,-225,-4192,0,0
-6,5,-7,-295,-247,-4198,0,0
6,7,-1,-264,-253,-4209,0,0
11,6,-11,-273,-226,-4191,0,0
7,6,-13,-320,-233,-4198,0,0
-1,8,-11,-289,-254,-4207,0,0
8,6,-9,-271,-226,-4205,0,0
-4,6,-16,-288,-231,-4199,0,0
-1,3,-10,-314,-237,-4197,0,0
4,2,-3,-267,-229,-4198,0,0
7,5,-5,-261,-247,-4202,0,0
16,5,-8,-294,-233,-4196,0,0
9,6,-8,-295,-241,-4203,0,0
7,6,-8,-286,-232,-4195,0,0
0,6,-11,-293,-240,-4198,0,0
3,7,-10,-294,-244,-4195,0,0
2,7,-8,-276,-224,-4205,0,0
-6,6,-11,-274,-238,-4201,0,0
4,6,-9,-302,-233,-4195,0,0
0,6,-6,-285,-233,-4198,0,0
0,6,-15,-274,-235,-4202,0,0
4,6,-11,-275,-243,-4203,0,0
7,7,-11,-282,-236,-4197,0,0
5,5,-11,-286,-230,-4191,0,0
3,4,-10,-295,-240,-4197,0,0
2,6,-10,-284,-230,-4197,0,0
0,7,-11,-285,-240,-4202,0,0
-1,4,-8,-286,-235,-4199,0,0
2,4,-9,-283,-239,-4204,0,0
12,1,-9,-278,-222,-4201,0,0
5,2,-9,-287,-235,-4202,0,0
6,4,-8,-283,-243,-4203,0,0
11,6,-16,-286,-230,-4197,0,0
4,7,-10,-287,-234,-4198,0,0
-1,3,-12,-286,-238,-4200,0,0
3,5,-9,-287,-238,-4203,0,0
6,6,-9,-292,-222,-4196,0,0
1,4,-10,-287,-240,-4202,0,0
5,6,-6,-283,-237,-4202,0,0
3,7,-6,-281,-232,-4198,0,0
1,5,-8,-285,-238,-4200,0,0
7,5,-9,-272,-251,-4198,0,0
13,4,-8,-285,-240,-4198,0,0
11,4,-8,-296,-234,-4203,0,0
4,3,-9,-287,-246,-4202,0,0
6,6,-9,-282,-241,-4197,0,0
5,7,-11,-288,-230,-4195,0,0
-2,6,-10,-289,-242,-4201,0,0
-4,4,-8,-277,-239,-4204,0,0
0,6,-9,-279,-247,-4201,0,0
15,2,-8,-288,-235,-4195,0,0
13,1,-10,-295,-232,-4195,0,0
9,5,-8,-285,-245,-4202,0,0
12,7,-8,-276,-237,-4205,0,0
6,3,-14,-294,-238,-4208,0,0
2,3,-14,-289,-243,-4198,0,0
3,4,-12,-290,-240,-4187,0,0
-3,2,-11,-280,-238,-4192,0,0
-2,4,-11,-284,-244,-4194,0,0
7,6,-8,-287,-240,-4198,0,0
3,5,-9,-285,-240,-4199,0,0
3,6,-7,-287,-243,-4191,0,0
4,6,-8,-296,-231,-4201,0,0
-7,4,-10,-286,-242,-4197,0,0
-5,6,-10,-285,-248,-4195,0,0
2,5,-7,-301,-226,-4199,0,0
-17,4,-8,-292,-230,-4199,0,0
-17,5,-11,-246,-248,-4205,0,0
9,3,-14,-280,-238,-4205,0,0
11,0,-9,-276,-233,-4204,0,0
15,-1,-14,-275,-236,-4205,0,0
26,1,-16,-301,-224,-4192,0,0
15,5,-18,-315,-234,-4196,0,0
12,8,-13,-312,-264,-4197,0,0
19,9,-6,-291,-234,-4197,0,0
8,10,-11,-279,-230,-4198,0,0
-1,9,-14,-302,-241,-4197,0,0
-10,8,-10,-309,-239,-4198,0,0
-10,8,-4,-267,-236,-4203,0,0
-1,7,-2,-273,-233,-4202,0,0
-1,5,-11,-285,-246,-4200,0,0
1,3,-3,-276,-241,-4205,0,0
7,3,-6,-245,-227,-4206,0,0
16,3,-9,-287,-234,-4197,0,0
9,4,-14,-310,-245,-4199,0,0
13,6,-15,-292,-234,-4193,0,0
4,6,-17,-299,-233,-4196,0,0
0,7,-15,-298,-251,-4199,0,0
15,7,-9,-290,-221,-4195,0,0
5,8,-9,-299,-229,-4193,0,0
-7,8,-8,-289,-242,-4201,0,0
-3,6,-6,-264,-232,-4201,0,0
-5,4,-12,-279,-240,-4199,0,0
-1,3,-4,-279,-252,-4206,0,0
7,2,-1,-274,-236,-4205,0,0
3,3,-7,-274,-240,-4202,0,0
4,3,-14,-280,-247,-4207,0,0
9,5,-18,-294,-240,-4200,0,0
13,9,-19,-302,-242,-4195,0,0
13,9,-16,-308,-241,-4194,0,0
8,9,-10,-308,-228,-4192,0,0
-6,10,-7,-289,-231,-4191,0,0
-8,9,-5,-281,-245,-4204,0,0
-3,8,-3,-272,-215,-4184,0,0
-13,6,-9,-283,-235,-4210,0,0
-1,2,8,-250,-271,-4215,0,0
36,-1,6,-234,-225,-4207,0,0
26,-3,-9,-305,-218,-4198,0,0
6,0,-10,-320,-267,-4193,0,0
9,5,-8,-288,-250,-4197,0,0
16,10,-12,-288,-241,-4198,0,0
9,13,-16,-290,-248,-4196,0,0
4,10,-17,-274,-252,-4205,0,0
9,7,-16,-263,-237,-4205,0,0
9,5,-19,-275,-249,-4195,0,0
15,5,-17,-299,-251,-4191,0,0
13,3,-9,-303,-236,-4193,0,0
0,5,-3,-288,-244,-4199,0,0
-6,4,-3,-258,-249,-4201,0,0
-6,4,-9,-271,-249,-4204,0,0
-1,3,-11,-296,-248,-4192,0,0
-4,5,-9,-295,-243,-4198,0,0
-6,5,-8,-275,-255,-4207,0,0
-1,5,-9,-275,-245,-4196,0,0
4,3,-12,-280,-240,-4197,0,0
8,2,-11,-291,-237,-4198,0,0
10,4,-9,-289,-248,-4198,0,0
10,4,-8,-284,-239,-4197,0,0
6,6,-16,-287,-243,-4196,0,0
2,7,-9,-284,-239,-4197,0,0
-2,6,-11,-290,-236,-4196,0,0
0,7,-9,-290,-247,-4197,0,0
2,7,-7,-283,-243,-4197,0,0
3,6,-9,-278,-239,-4199,0,0
5,6,-10,-278,-242,-4197,0,0
6,6,-11,-282,-243,-4199,0,0
4,6,-11,-274,-243,-4204,0,0
2,7,-12,-285,-238,-4209,0,0
6,7,-13,-288,-242,-4193,0,0
7,6,-12,-284,-245,-4200,0,0
2,5,-16,-285,-239,-4202,0,0
-1,6,-9,-279,-251,-4206,0,0
13,2,-9,-283,-238,-4195,0,0
13,3,-10,-288,-248,-4197,0,0
12,6,-10,-283,-259,-4201,0,0
14,7,-8,-288,-239,-4199,0,0
8,7,-11,-283,-250,-4202,0,0
6,8,-12,-281,-256,-4203,0,0
8,7,-11,-281,-252,-4200,0,0
7,6,-11,-277,-246,-4195,0,0
6,7,-12,-279,-249,-4198,0,0
6,7,-12,-286,-252,-4204,0,0
3,6,-11,-282,-251,-4206,0,0
3,7,-10,-275,-251,-4196,0,0
1,6,-10,-278,-243,-4200,0,0
-2,6,-12,-280,-246,-4196,0,0
-1,6,-10,-287,-251,-4199,0,0
-5,5,-7,-278,-246,-4196,0,0
-4,4,-6,-273,-240,-4198,0,0
-4,3,-6,-282,-243,-4200,0,0
-3,1,-7,-279,-261,-4204,0,0
5,1,-4,-287,-239,-4199,0,0
-3,3,-5,-278,-234,-4198,0,0
-12,6,-12,-272,-245,-4199,0,0
-13,9,-16,-284,-245,-4199,0,0
-10,12,-15,-279,-245,-4201,0,0
9,7,-7,-282,-239,-4200,0,0
7,6,-9,-280,-221,-4196,0,0
2,7,-11,-289,-242,-4191,0,0
1,8,-9,-281,-241,-4199,0,0
7,9,-11,-269,-226,-4199,0,0
2,8,-16,-268,-238,-4199,0,0
3,9,-17,-275,-247,-4204,0,0
12,8,-14,-274,-237,-4209,0,0
24,6,-10,-258,-240,-4205,0,0
23,4,-18,-267,-233,-4194,0,0
10,2,-27,-285,-246,-4192,0,0
1,4,-31,-264,-244,-4203,0,0
-2,5,-39,-261,-243,-4201,0,0
5,4,-46,-270,-243,-4196,0,0
-2,3,-53,-261,-233,-4196,0,0
-12,5,-63,-248,-248,-4206,0,0
-8,5,-72,-245,-251,-4207,0,0
-6,3,-81,-258,-240,-4207,0,0
-14,0,-87,-252,-233,-4207,0,0
-17,-1,-92,-250,-243,-4205,0,0
-10,-5,-97,-255,-238,-4199,0,0
-13,-10,-99,-249,-227,-4206,0,0
-21,-13,-106,-263,-215,-4209,0,0
-20,-14,-111,-287,-219,-4203,0,0
-14,-12,-109,-316,-224,-4198,0,0
-13,-13,-104,-336,-222,-4194,0,0
-14,-11,-100,-333,-219,-4195,0,0
-10,-7,-91,-320,-212,-4192,0,0
-1,-4,-78,-320,-196,-4190,0,0
1,-1,-64,-330,-205,-4198,0,0
-10,0,-56,-324,-221,-4196,0,0
5,-4,-43,-319,-211,-4193,0,0
14,0,-25,-353,-181,-4188,0,0
-9,6,-5,-348,-190,-4190,0,0
-48,6,13,-320,-209,-4202,0,0
-115,2,23,-341,-194,-4207,0,0
-349,-16,23,-355,-74,-4207,0,0
-740,-36,-11,-310,26,-4219,0,0
-935,-42,-43,-335,204,-4197,0,0
-793,46,-55,-371,474,-3957,0,0
-707,144,-19,-322,24,-3614,0,0
-815,274,299,-444,-763,-3786,0,0
27,374,676,-484,286,-4676,0,0
697,162,814,46,465,-4829,0,0
-830,-84,754,-8,212,-3872,0,0
-1080,-4,879,-48,516,-3395,0,0
761,275,999,185,1126,-4214,0,0
1028,269,809,268,1089,-4805,0,0
-216,45,446,228,1191,-4134,0,0
71,20,194,183,1110,-4039,0,0
377,28,41,104,480,-4304,0,0
-165,3,-14,63,279,-4168,0,0
-271,14,28,121,240,-4143,0,0
-74,3,151,151,276,-4199,0,0
48,-20,228,129,403,-4181,0,0
33,-27,232,129,515,-4170,0,0
-13,-26,182,195,604,-4091,0,0
-19,-14,126,217,553,-4170,0,0
-22,-8,96,125,443,-4191,0,0
-21,-18,87,106,386,-4149,0,0
-26,-17,97,101,434,-4132,0,0
56,-4,114,115,464,-4164,0,0
52,-5,125,128,449,-4179,0,0
-5,-8,109,163,499,-4115,0,0
46,-10,94,189,453,-4175,0,0
42,-4,85,172,418,-4130,0,0
51,4,86,185,432,-4156,0,0
69,2,77,183,393,-4169,0,0
47,0,56,219,441,-4130,0,0
31,3,33,206,442,-4144,0,0
42,7,10,196,393,-4166,0,0
31,8,-11,169,386,-4140,0,0
38,16,-30,159,409,-4160,0,0
31,16,-45,178,413,-4135,0,0
10,21,-62,214,412,-4153,0,0
29,26,-85,213,360,-4160,0,0
51,28,-97,198,327,-4164,0,0
63,32,-103,187,361,-4166,0,0
94,38,-116,192,366,-4158,0,0
79,36,-137,219,361,-4157,0,0
43,37,-167,219,343,-4179,0,0
61,41,-193,204,309,-4169,0,0
74,40,-214,189,314,-4174,0,0
62,39,-231,155,321,-4173,0,0
62,40,-231,120,316,-4155,0,0
42,43,-226,117,308,-4174,0,0
9,37,-224,139,294,-4198,0,0
18,32,-224,166,277,-4160,0,0
40,33,-221,209,282,-4173,0,0
37,24,-219,194,317,-4149,0,0
41,20,-212,152,328,-4154,0,0
25,29,-202,110,347,-4198,0,0
41,27,-198,103,317,-4167,0,0
21,29,-189,104,292,-4159,0,0
32,31,-167,87,270,-4147,0,0
53,29,-127,89,268,-4113,0,0
46,32,-73,120,295,-4129,0,0
42,53,-22,134,327,-4220,0,0
48,43,-16,187,315,-4202,0,0
19,28,-27,194,284,-4173,0,0
31,21,-10,153,280,-4139,0,0
59,8,24,149,281,-4127,0,0
21,3,58,145,292,-4176,0,0
11,23,99,138,323,-4201,0,0
-6,29,99,197,306,-4195,0,0
-51,19,70,261,244,-4200,0,0
-37,9,64,241,215,-4163,0,0
10,-11,72,238,206,-4117,0,0
-17,-11,98,251,238,-4224,0,0
4,-1,116,259,281,-4209,0,0
26,-6,79,318,257,-4171,0,0
3,-6,36,269,206,-4193,0,0
57,-14,28,163,169,-4146,0,0
68,-20,27,128,242,-4093,0,0
0,-13,54,112,332,-4207,0,0
-12,15,57,140,290,-4190,0,0
-26,21,17,256,188,-4165,0,0
-24,27,24,221,152,-4192,0,0
48,26,51,162,191,-4123,0,0
45,10,64,205,288,-4114,0,0
-27,13,80,236,362,-4225,0,0
-21,22,78,250,265,-4217,0,0
-46,15,37,295,137,-4205,0,0
-40,11,35,262,132,-4158,0,0
53,5,71,226,219,-4108,0,0
67,-17,83,222,317,-4104,0,0
0,-9,91,226,369,-4224,0,0
7,9,78,251,271,-4200,0,0
-22,6,27,301,171,-4175,0,0
-13,8,16,231,158,-4175,0,0
42,5,32,180,216,-4099,0,0
10,-7,34,247,281,-4155,0,0
-35,3,33,263,274,-4236,0,0
6,11,19,315,166,-4174,0,0
-2,7,-7,340,153,-4181,0,0
36,6,-12,230,192,-4170,0,0
57,3,-17,173,255,-4115,0,0
10,-6,-19,156,292,-4176,0,0
-26,6,6,171,267,-4197,0,0
-24,19,12,301,190,-4183,0,0
-18,17,-7,316,145,-4174,0,0
38,14,7,204,191,-4148,0,0
39,0,9,217,302,-4136,0,0
-32,1,-10,203,300,-4197,0,0
-19,12,-18,265,187,-4164,0,0
-6,12,-10,319,172,-4173,0,0
24,2,-1,290,223,-4181,0,0
15,-3,-15,231,244,-4169,0,0
12,-9,-24,205,234,-4161,0,0
10,3,-14,212,225,-4172,0,0
7,7,-6,224,225,-4171,0,0
3,8,-11,230,215,-4168,0,0
2,10,-13,235,211,-4174,0,0
9,8,-4,246,235,-4166,0,0
8,8,-12,238,229,-4170,0,0
6,8,-10,232,203,-4169,0,0
5,9,-8,240,215,-4170,0,0
10,9,-4,248,229,-4169,0,0
5,7,-6,253,223,-4168,0,0
4,7,-12,248,211,-4168,0,0
9,6,-10,237,219,-4170,0,0
2,4,-9,238,228,-4169,0,0
2,3,-9,242,208,-4167,0,0
11,2,-5,247,219,-4167,0,0
10,4,-8,246,218,-4173,0,0
5,4,-10,233,217,-4170,0,0
6,7,-13,236,213,-4168,0,0
4,7,-4,248,210,-4167,0,0
-1,6,-6,248,208,-4168,0,0
0,5,-6,241,203,-4168,0,0
5,4,-5,240,213,-4165,0,0
6,5,-5,244,217,-4166,0,0
5,6,-9,243,217,-4170,0,0
8,6,-10,239,205,-4175,0,0
11,6,-5,245,204,-4174,0,0
12,8,-5,240,216,-4170,0,0
8,7,-8,244,228,-4172,0,0
-2,6,-13,249,220,-4171,0,0
1,6,-15,238,209,-4166,0,0
6,7,-9,230,210,-4166,0,0
1,5,-4,251,221,-4173,0,0
-1,5,-8,261,211,-4169,0,0
10,3,-12,249,200,-4170,0,0
14,2,-10,234,210,-4175,0,0
12,6,-8,236,205,-4169,0,0
10,9,-8,251,209,-4164,0,0
11,8,-11,245,213,-4173,0,0
4,7,-12,238,214,-4179,0,0
2,6,-12,248,199,-4168,0,0
5,5,-9,250,204,-4171,0,0
11,6,-15,244,219,-4162,0,0
8,7,-12,241,216,-4171,0,0
4,6,-12,238,199,-4166,0,0
1,7,-9,245,201,-4168,0,0
2,5,-9,253,207,-4173,0,0
3,6,-10,247,207,-4170,0,0
3,6,-12,240,201,-4170,0,0
0,5,-10,248,204,-4170,0,0
7,5,-6,237,215,-4168,0,0
5,6,-8,252,208,-4177,0,0
-3,4,-14,266,191,-4172,0,0
12,1,-9,243,201,-4168,0,0
15,1,-12,231,229,-4168,0,0
6,6,-10,237,215,-4169,0,0
-2,7,-14,248,186,-4168,0,0
7,7,-6,244,198,-4164,0,0
6,6,-2,245,231,-4172,0,0
-3,6,-14,259,209,-4175,0,0
-1,5,-14,250,181,-4166,0,0
10,4,-6,239,205,-4165,0,0
9,4,-6,246,225,-4169,0,0
2,5,-11,242,211,-4171,0,0
-1,6,-10,240,192,-4173,0,0
1,6,-8,251,206,-4170,0,0
2,6,-9,253,219,-4168,0,0
-3,4,-12,249,205,-4166,0,0
0,4,-11,239,205,-4170,0,0
7,5,-5,235,220,-4170,0,0
-3,5,-3,257,220,-4178,0,0
-4,3,-10,260,207,-4170,0,0
9,0,-10,238,210,-4172,0,0
12,2,-5,235,223,-4171,0,0
6,5,-5,246,216,-4169,0,0
3,6,-8,252,204,-4168,0,0
5,5,-8,244,208,-4168,0,0
3,5,-6,244,222,-4167,0,0
-3,6,-11,248,214,-4169,0,0
0,4,-10,248,202,-4171,0,0
4,4,-5,243,213,-4170,0,0
8,6,-4,242,231,-4168,0,0
1,4,-5,244,225,-4173,0,0
-6,4,-9,250,203,-4169,0,0
1,5,-9,249,203,-4166,0,0
6,6,-7,252,212,-4167,0,0
6,4,-8,245,213,-4170,0,0
5,4,-11,234,218,-4166,0,0
3,6,-10,247,214,-4166,0,0
1,4,-7,246,216,-4173,0,0
2,3,-15,236,209,-4170,0,0
8,2,-6,243,215,-4169,0,0
10,4,-7,253,223,-4166,0,0
7,6,-10,244,215,-4173,0,0
5,6,-10,241,205,-4168,0,0
4,7,-7,241,201,-4166,0,0
8,7,-6,247,221,-4168,0,0
3,6,-11,251,220,-4174,0,0
2,6,-11,240,203,-4172,0,0
6,6,-8,242,209,-4167,0,0
8,6,-7,253,216,-4170,0,0
6,6,-8,248,215,-4163,0,0
5,6,-10,239,205,-4171,0,0
8,8,-9,249,201,-4171,0,0
10,7,-6,253,222,-4169,0,0
7,6,-10,241,223,-4169,0,0
2,8,-14,246,195,-4173,0,0
5,6,-10,242,203,-4169,0,0
8,6,-4,248,218,-4174,0,0
1,6,-9,260,205,-4172,0,0
10,3,-12,253,194,-4169,0,0
15,2,-9,238,215,-4170,0,0
12,5,-10,237,217,-4166,0,0
4,6,-10,253,204,-4168,0,0
8,7,-10,251,191,-4171,0,0
9,6,-8,245,203,-4169,0,0
7,5,-9,254,208,-4169,0,0
7,4,-9,255,196,-4174,0,0
10,3,-6,241,198,-4172,0,0
6,2,-2,249,205,-4180,0,0
-4,-3,3,258,193,-4177,0,0
14,-3,14,238,197,-4163,0,0
10,-8,17,264,174,-4212,0,0
-1,-21,28,242,164,-4193,0,0
-21,-31,39,258,181,-4211,0,0
-131,-54,27,251,205,-4254,0,0
-186,-75,18,197,201,-4220,0,0
-153,-112,37,320,106,-4421,0,0
-148,-214,94,250,242,-4466,0,0
-92,-338,138,143,439,-4530,0,0
-333,-485,62,106,516,-4507,0,0
-550,-624,-22,74,474,-4474,0,0
-406,-762,-40,-101,509,-4446,0,0
-274,-909,9,-162,302,-4522,0,0
-411,-1143,55,-342,452,-4762,0,0
-418,-1436,117,-753,655,-4448,0,0
6,-1528,173,-936,902,-3696,0,0
897,-1354,174,-949,1462,-3711,0,0
1066,-1302,-63,-1339,1625,-3908,0,0
649,-1373,-489,-1600,1213,-3841,0,0
954,-1368,-764,-1777,693,-3622,0,0
2586,-1119,-799,-1984,196,-3285,0,0
1620,-912,-676,-1993,-1194,-2827,0,0
795,-1103,-705,-2182,-1658,-2711,0,0
-1367,-1093,-769,-2471,-974,-2978,0,0
-1511,-924,-856,-2573,-600,-3051,0,0
-906,-681,-926,-2524,-711,-2775,0,0
-417,-359,-863,-2501,-1189,-2819,0,0
-422,-107,-714,-2665,-1369,-2939,0,0
-445,25,-580,-2733,-1471,-2858,0,0
-675,104,-386,-2771,-1311,-3161,0,0
-1019,85,-273,-2747,-1042,-3028,0,0
-1027,147,-177,-2697,-750,-3299,0,0
-531,199,-116,-2639,-442,-3285,0,0
274,276,-86,-2508,-603,-3314,0,0
855,396,-40,-2458,-848,-3208,0,0
1025,490,12,-2460,-994,-3376,0,0
567,440,31,-2378,-1250,-3451,0,0
-217,360,-12,-2301,-836,-3356,0,0
-342,369,-100,-2248,-660,-3549,0,0
105,285,-153,-2139,-849,-4536,0,0
614,1,-94,-2041,-1109,-3666,0,0
374,-21,-40,-2088,-1052,-3333,0,0
338,17,-27,-2159,-1271,-3550,0,0
4,-1,-55,-2257,-1155,-3436,0,0
86,20,-44,-2269,-1192,-3521,0,0
61,3,-28,-2193,-1198,-3520,0,0
-23,3,-12,-2181,-1100,-3507,0,0
33,18,-8,-2197,-1121,-3492,0,0
61,21,3,-2199,-1161,-3519,0,0
42,12,11,-2216,-1172,-3492,0,0
51,5,8,-2188,-1202,-3485,0,0
39,-1,7,-2193,-1185,-3497,0,0
31,0,-1,-2179,-1191,-3483,0,0
11,9,-9,-2182,-1189,-3498,0,0
4,11,-3,-2196,-1181,-3482,0,0
8,16,-10,-2173,-1198,-3483,0,0
-13,28,-22,-2157,-1173,-3496,0,0
-19,52,-45,-2166,-1180,-3475,0,0
40,78,-53,-2184,-1094,-3464,0,0
200,68,-73,-2133,-1255,-3512,0,0
112,59,-59,-2127,-1354,-3476,0,0
-24,52,-12,-2158,-1311,-3472,0,0
-81,39,10,-2142,-1191,-3574,0,0
-47,24,-40,-2149,-1103,-3506,0,0
78,78,-77,-2040,-1124,-3473,0,0
153,97,-91,-1976,-1336,-3542,0,0
1,80,-63,-2096,-1359,-3521,0,0
-90,58,-22,-2147,-1360,-3478,0,0
-169,32,17,-2077,-1362,-3508,0,0
-303,4,17,-2066,-1176,-3606,0,0
-251,-8,14,-2146,-1081,-3608,0,0
-153,23,-5,-2131,-1007,-3553,0,0
-45,23,-56,-2072,-1081,-3621,0,0
-27,11,-44,-2093,-1169,-3594,0,0
-122,9,-25,-2098,-1095,-3555,0,0
-80,13,-20,-2088,-1109,-3595,0,0
-78,9,-22,-2064,-1067,-3610,0,0
-70,7,-34,-2059,-1048,-3601,0,0
-34,5,-37,-2069,-1072,-3594,0,0
-34,7,-24,-2061,-1074,-3598,0,0
-56,10,-23,-2053,-1052,-3611,0,0
-54,12,-23,-2054,-1034,-3606,0,0
-29,12,-19,-2075,-1033,-3615,0,0
-25,12,-14,-2081,-1039,-3614,0,0
-22,11,-7,-2072,-1024,-3616,0,0
-2,8,-12,-2046,-1055,-3613,0,0
-15,8,-11,-2063,-1037,-3614,0,0
-16,8,-5,-2067,-1014,-3618,0,0
-1,10,-6,-2047,-1033,-3614,0,0
-12,12,-11,-2057,-1041,-3616,0,0
-22,11,-2,-2061,-1016,-3620,0,0
-13,8,1,-2048,-1027,-3622,0,0
-26,5,5,-2049,-1012,-3616,0,0
-21,3,6,-2048,-1014,-3614,0,0
-20,4,2,-2057,-1002,-3619,0,0
-18,7,-2,-2055,-993,-3629,0,0
-18,8,-6,-2060,-992,-3622,0,0
-12,4,-7,-2065,-990,-3621,0,0
-9,5,-1,-2062,-986,-3626,0,0
-16,5,1,-2060,-977,-3626,0,0
-7,4,1,-2053,-985,-3626,0,0
-4,5,-11,-2042,-979,-3633,0,0
-7,6,-3,-2056,-976,-3628,0,0
0,7,-4,-2055,-976,-3630,0,0
3,8,-11,-2058,-984,-3626,0,0
1,8,-11,-2062,-978,-3626,0,0
2,8,-10,-2069,-962,-3633,0,0
5,4,-1,-2066,-955,-3627,0,0
9,6,15,-2053,-954,-3635,0,0
8,11,26,-2047,-970,-3628,0,0
3,14,31,-2049,-980,-3631,0,0
-3,12,25,-2067,-976,-3635,0,0
7,8,17,-2057,-982,-3639,0,0
12,3,0,-2049,-976,-3625,0,0
19,-5,-9,-2066,-980,-3623,0,0
9,-2,-8,-2058,-962,-3634,0,0
4,4,-11,-2065,-971,-3630,0,0
0,8,-10,-2072,-969,-3625,0,0
-5,7,-12,-2073,-955,-3631,0,0
5,6,-13,-2079,-978,-3622,0,0
-1,4,-3,-2076,-973,-3618,0,0
-11,0,7,-2067,-963,-3630,0,0
-12,-1,9,-2062,-943,-3632,0,0
3,-2,14,-2055,-943,-3632,0,0
4,-2,21,-2068,-941,-3639,0,0
4,-1,25,-2063,-929,-3631,0,0
22,1,35,-2059,-932,-3632,0,0
19,3,42,-2058,-931,-3631,0,0
24,5,48,-2072,-922,-3624,0,0
38,5,47,-2086,-944,-3620,0,0
31,3,54,-2087,-955,-3623,0,0
22,2,64,-2101,-929,-3630,0,0
44,-5,53,-2093,-963,-3629,0,0
37,-12,42,-2105,-969,-3615,0,0
30,-21,45,-2110,-939,-3616,0,0
39,-23,39,-2105,-923,-3621,0,0
59,-23,19,-2100,-953,-3591,0,0
62,-18,12,-2091,-984,-3589,0,0
38,-9,22,-2108,-946,-3598,0,0
42,-9,18,-2109,-960,-3595,0,0
36,-9,16,-2108,-989,-3604,0,0
17,-6,15,-2117,-963,-3595,0,0
24,-5,13,-2125,-960,-3587,0,0
17,-12,12,-2131,-971,-3587,0,0
6,-4,18,-2136,-952,-3599,0,0
16,-8,12,-2137,-947,-3593,0,0
28,-12,8,-2131,-961,-3588,0,0
28,-15,9,-2132,-944,-3590,0,0
39,-16,6,-2122,-973,-3570,0,0
33,-10,14,-2121,-988,-3577,0,0
16,-8,12,-2129,-953,-3584,0,0
28,-9,-2,-2132,-952,-3568,0,0
38,-7,2,-2147,-982,-3576,0,0
19,-3,7,-2157,-961,-3577,0,0
28,-2,-3,-2148,-970,-3570,0,0
30,4,-5,-2155,-993,-3568,0,0
18,7,-4,-2154,-995,-3566,0,0
9,9,-14,-2134,-1013,-3559,0,0
-4,14,-22,-2138,-1002,-3567,0,0
-10,15,-34,-2140,-987,-3564,0,0
-6,16,-38,-2136,-982,-3572,0,0
-6,18,-34,-2139,-971,-3575,0,0
-1,19,-32,-2151,-989,-3576,0,0
-12,15,-28,-2154,-982,-3577,0,0
-15,11,-22,-2132,-971,-3585,0,0
-5,11,-25,-2118,-974,-3586,0,0
4,9,-29,-2108,-989,-3571,0,0
11,9,-35,-2112,-990,-3578,0,0
11,14,-45,-2095,-1027,-3569,0,0
-1,18,-56,-2119,-1031,-3561,0,0
-9,15,-33,-2169,-962,-3595,0,0
-4,8,-27,-2164,-955,-3602,0,0
24,6,-45,-2100,-1040,-3569,0,0
11,17,-46,-2116,-1056,-3584,0,0
-33,19,-33,-2162,-1004,-3591,0,0
-45,19,-23,-2145,-995,-3596,0,0
-38,16,-33,-2114,-1011,-3594,0,0
-56,16,-42,-2107,-989,-3596,0,0
-49,15,-48,-2090,-976,-3598,0,0
-33,15,-54,-2069,-971,-3604,0,0
-25,18,-44,-2096,-942,-3606,0,0
-15,16,-44,-2062,-959,-3604,0,0
-7,16,-44,-2085,-1008,-3590,0,0
0,14,-35,-2108,-994,-3599,0,0
-4,5,-37,-2118,-960,-3608,0,0
5,-1,-27,-2108,-957,-3614,0,0
8,-3,-13,-2099,-980,-3621,0,0
8,-6,0,-2087,-982,-3606,0,0
6,-5,4,-2086,-983,-3602,0,0
0,3,6,-2091,-986,-3604,0,0
-2,8,5,-2091,-983,-3611,0,0
-3,9,-2,-2092,-989,-3595,0,0
1,11,7,-2086,-970,-3604,0,0
9,12,2,-2114,-985,-3595,0,0
14,9,-7,-2126,-1031,-3593,0,0
-13,2,-1,-2114,-980,-3615,0,0
-14,1,-14,-2069,-962,-3617,0,0
-3,6,-30,-2059,-967,-3618,0,0
-1,12,-23,-2068,-953,-3609,0,0
21,17,-36,-2084,-1006,-3599,0,0
8,17,-33,-2111,-1016,-3596,0,0
-10,10,-35,-2120,-982,-3601,0,0
9,1,-49,-2096,-1002,-3609,0,0
19,-10,-74,-2053,-1037,-3610,0,0
12,-3,-90,-2058,-1027,-3604,0,0
4,-6,-87,-2069,-986,-3612,0,0
-17,-7,-54,-2146,-974,-3609,0,0
-23,-5,-30,-2096,-977,-3613,0,0
-18,-6,-19,-2086,-1027,-3598,0,0
-15,-2,-9,-2067,-993,-3611,0,0
6,3,-19,-2045,-1025,-3611,0,0
-4,5,-35,-2048,-1028,-3612,0,0
-5,6,-40,-2090,-993,-3606,0,0
2,7,-22,-2115,-988,-3603,0,0
-6,6,0,-2138,-997,-3588,0,0
-1,-2,26,-2122,-1004,-3605,0,0
-16,-12,17,-2078,-987,-3614,0,0
12,-9,-6,-2042,-1012,-3600,0,0
21,8,-8,-2045,-999,-3618,0,0
-3,10,-15,-2075,-987,-3619,0,0
-8,17,-11,-2120,-987,-3603,0,0
-11,28,0,-2097,-999,-3594,0,0
-6,30,-7,-2079,-974,-3604,0,0
46,33,0,-2084,-980,-3600,0,0
51,41,5,-2054,-1005,-3595,0,0
53,46,-2,-2086,-926,-3659,0,0
165,41,-22,-2055,-1062,-3603,0,0
158,49,-33,-2050,-1153,-3578,0,0
68,72,-8,-2064,-1056,-3631,0,0
26,82,4,-2014,-1167,-3632,0,0
-126,86,33,-1985,-1190,-3733,0,0
-328,-25,77,-2025,-1214,-3880,0,0
-385,-154,139,-2088,-1149,-3623,0,0
-341,-192,178,-2185,-813,-3513,0,0
6,-161,192,-2251,-928,-3557,0,0
101,-142,247,-2067,-995,-3596,0,0
-59,-110,269,-2082,-851,-3426,0,0
-40,13,275,-2088,-705,-3362,0,0
-137,97,267,-2116,-640,-3647,0,0
-133,109,249,-2175,-652,-3617,0,0
-124,122,187,-2173,-476,-3578,0,0
34,92,123,-2138,-538,-3820,0,0
23,19,75,-2138,-577,-3754,0,0
10,7,38,-2149,-483,-3546,0,0
39,28,26,-2143,-645,-3669,0,0
-16,17,32,-2168,-565,-3635,0,0
24,47,22,-2177,-545,-3466,0,0
24,103,5,-2117,-622,-3568,0,0
27,155,-4,-2115,-562,-3528,0,0
47,214,-27,-2084,-512,-3576,0,0
96,247,-61,-2010,-562,-3711,0,0
16,246,-107,-1961,-663,-3741,0,0
34,221,-103,-1918,-768,-3970,0,0
135,149,-64,-1885,-885,-3888,0,0
111,77,-31,-1906,-753,-3766,0,0
132,67,-51,-1910,-624,-3654,0,0
86,90,-73,-1821,-875,-3821,0,0
-33,81,-48,-1849,-916,-3877,0,0
-143,46,-23,-1903,-740,-3775,0,0
-216,27,-18,-1872,-725,-3777,0,0
-306,37,-7,-1882,-722,-3799,0,0
-289,41,6,-1883,-575,-3819,0,0
-139,31,-10,-1839,-531,-3819,0,0
-43,27,-30,-1825,-533,-3819,0,0
23,21,-29,-1861,-581,-3842,0,0
190,15,-25,-1869,-579,-3834,0,0
279,7,-29,-1836,-649,-3795,0,0
348,14,-21,-1832,-681,-3803,0,0
364,15,-21,-1842,-775,-3761,0,0
169,5,-32,-1828,-844,-3763,0,0
44,3,-10,-1839,-837,-3759,0,0
-34,8,4,-1842,-853,-3767,0,0
-110,8,6,-1835,-775,-3790,0,0
-68,7,2,-1839,-738,-3797,0,0
-34,-1,-6,-1836,-773,-3785,0,0
-53,-1,-8,-1835,-767,-3787,0,0
-44,-4,-4,-1853,-741,-3806,0,0
-11,-19,1,-1858,-728,-3808,0,0
34,-38,1,-1859,-730,-3773,0,0
48,-3,-6,-1835,-789,-3709,0,0
-69,39,-18,-1811,-675,-3759,0,0
52,19,-12,-1840,-684,-3827,0,0
134,11,-19,-1880,-825,-3769,0,0
12,4,-10,-1857,-858,-3746,0,0
-103,9,1,-1832,-749,-3780,0,0
-92,12,5,-1821,-680,-3801,0,0
-37,14,1,-1823,-705,-3798,0,0
-30,13,-6,-1840,-723,-3793,0,0
-53,11,-9,-1836,-708,-3804,0,0
-100,-3,-7,-1828,-727,-3781,0,0
-230,-4,5,-1830,-770,-3759,0,0
-443,5,16,-1853,-606,-3795,0,0
-307,12,17,-1815,-398,-3905,0,0
41,-6,25,-1879,-516,-3838,0,0
219,0,-16,-1935,-550,-3815,0,0
419,6,-56,-1874,-576,-3832,0,0
498,-17,-63,-1845,-689,-3806,0,0
598,14,-50,-1842,-841,-3729,0,0
535,39,-47,-1843,-912,-3717,0,0
531,39,-57,-1858,-991,-3712,0,0
509,30,-49,-1863,-1065,-3752,0,0
499,-10,-30,-1837,-1143,-3729,0,0
416,-22,-5,-1825,-1341,-3649,0,0
109,-49,-8,-1854,-1252,-3677,0,0
45,-72,1,-1843,-1238,-3675,0,0
-18,-56,16,-1832,-1241,-3636,0,0
-72,-45,19,-1811,-1139,-3630,0,0
-42,-24,-3,-1822,-1089,-3667,0,0
14,2,-32,-1866,-1159,-3697,0,0
60,0,-5,-1924,-1291,-3613,0,0
29,5,-6,-1909,-1237,-3637,0,0
12,14,-25,-1863,-1201,-3682,0,0
17,5,-32,-1869,-1170,-3658,0,0
76,-4,-15,-1868,-1261,-3645,0,0
-39,6,-7,-1866,-1271,-3622,0,0
-132,13,-7,-1879,-1158,-3673,0,0
-39,3,-10,-1884,-1150,-3701,0,0
-24,2,-11,-1880,-1244,-3638,0,0
-99,10,-5,-1865,-1202,-3655,0,0
-92,6,-10,-1865,-1122,-3693,0,0
-37,-4,-12,-1884,-1143,-3682,0,0
-28,-4,0,-1886,-1180,-3652,0,0
-26,5,2,-1890,-1146,-3697,0,0
-12,-2,-11,-1894,-1130,-3676,0,0
-9,4,-7,-1874,-1182,-3657,0,0
-79,12,-1,-1879,-1111,-3696,0,0
1,8,-6,-1884,-1113,-3681,0,0
23,6,-6,-1867,-1178,-3664,0,0
-62,10,-3,-1872,-1111,-3684,0,0
-44,4,-12,-1890,-1083,-3699,0,0
6,6,-2,-1868,-1135,-3681,0,0
-44,12,-1,-1867,-1112,-3696,0,0
-41,10,-8,-1879,-1066,-3707,0,0
4,9,-9,-1873,-1119,-3692,0,0
-33,7,-7,-1882,-1105,-3687,0,0
-25,8,-5,-1874,-1075,-3697,0,0
8,9,-4,-1865,-1094,-3690,0,0
-17,9,1,-1869,-1093,-3699,0,0
-30,7,-5,-1880,-1060,-3713,0,0
18,1,-10,-1877,-1081,-3693,0,0
2,2,-5,-1870,-1097,-3692,0,0
-16,4,-11,-1875,-1053,-3709,0,0
9,2,-10,-1869,-1085,-3697,0,0
-9,4,-10,-1866,-1078,-3697,0,0
-11,9,-10,-1869,-1058,-3708,0,0
-1,7,-10,-1877,-1090,-3691,0,0
-17,6,-12,-1883,-1065,-3701,0,0
4,4,-9,-1872,-1064,-3702,0,0
12,7,-6,-1859,-1076,-3693,0,0
-21,8,-7,-1852,-1060,-3710,0,0
-7,8,-8,-1896,-1055,-3718,0,0
27,3,-9,-1883,-1095,-3697,0,0
-7,5,-10,-1865,-1085,-3690,0,0
-15,8,-9,-1861,-1029,-3718,0,0
9,6,-10,-1862,-1065,-3704,0,0
5,8,-7,-1877,-1090,-3701,0,0
-8,8,-6,-1877,-1047,-3716,0,0
11,3,-8,-1861,-1057,-3708,0,0
10,3,-10,-1864,-1067,-3703,0,0
6,1,-10,-1876,-1049,-3710,0,0
14,-1,-9,-1872,-1072,-3698,0,0
-4,4,-7,-1868,-1065,-3702,0,0
-9,7,-9,-1878,-1052,-3708,0,0
12,6,-12,-1875,-1055,-3701,0,0
9,6,-12,-1866,-1072,-3701,0,0
-10,6,-11,-1870,-1052,-3713,0,0
10,6,-11,-1868,-1060,-3703,0,0
1,6,-10,-1871,-1065,-3700,0,0
-5,5,-9,-1874,-1045,-3708,0,0
16,5,-8,-1863,-1061,-3704,0,0
0,6,-7,-1865,-1066,-3704,0,0
-11,6,-8,-1866,-1059,-3712,0,0
2,6,-9,-1859,-1059,-3707,0,0
-3,7,-10,-1868,-1063,-3701,0,0
-8,7,-9,-1860,-1057,-3712,0,0
-5,6,-11,-1873,-1053,-3707,0,0
4,6,-10,-1870,-1052,-3705,0,0
-9,6,-15,-1866,-1050,-3713,0,0
-7,5,-9,-1863,-1047,-3719,0,0
14,2,-13,-1869,-1051,-3703,0,0
5,-2,-9,-1872,-1057,-3705,0,0
-5,0,-6,-1856,-1037,-3716,0,0
0,5,-14,-1849,-1053,-3710,0,0
-8,7,-17,-1890,-1069,-3700,0,0
-20,5,-14,-1863,-1030,-3719,0,0
-13,5,-18,-1849,-1037,-3707,0,0
15,5,-12,-1879,-1068,-3705,0,0
-3,5,-12,-1874,-1042,-3720,0,0
-9,3,-12,-1868,-1014,-3721,0,0
20,3,-10,-1859,-1047,-3704,0,0
9,5,-9,-1863,-1049,-3707,0,0
-1,6,-9,-1858,-1044,-3713,0,0
-4,7,-8,-1863,-1045,-3716,0,0
-1,6,-10,-1864,-1033,-3712,0,0
8,5,-11,-1863,-1052,-3704,0,0
2,6,-10,-1872,-1033,-3715,0,0
10,5,-6,-1872,-1041,-3707,0,0
8,6,-4,-1851,-1053,-3712,0,0
13,4,-11,-1857,-1043,-3711,0,0
18,0,-8,-1890,-1072,-3700,0,0
-9,-3,-4,-1863,-1019,-3719,0,0
9,1,-15,-1847,-1035,-3705,0,0
17,7,-13,-1854,-1052,-3701,0,0
20,8,-12,-1878,-1039,-3717,0,0
13,5,-9,-1883,-1055,-3708,0,0
11,5,-7,-1854,-1055,-3703,0,0
11,6,-11,-1851,-1043,-3707,0,0
29,5,-10,-1874,-1047,-3704,0,0
49,14,-9,-1863,-1054,-3707,0,0
78,30,-14,-1860,-1059,-3700,0,0
110,37,-15,-1847,-1113,-3689,0,0
90,46,-9,-1847,-1099,-3685,0,0
94,47,-1,-1837,-1110,-3709,0,0
67,24,-10,-1823,-1096,-3741,0,0
38,23,-12,-1838,-1185,-3673,0,0
-79,33,-14,-1819,-1113,-3688,0,0
-38,26,-21,-1803,-1059,-3727,0,0
8,24,-20,-1820,-1130,-3715,0,0
-1,25,-16,-1823,-1132,-3732,0,0
-6,15,-12,-1837,-1122,-3729,0,0
-12,2,-9,-1822,-1136,-3711,0,0
-29,0,-7,-1815,-1122,-3717,0,0
-42,4,-6,-1826,-1101,-3716,0,0
-50,5,-7,-1821,-1087,-3720,0,0
-68,6,-9,-1805,-1076,-3728,0,0
-70,0,-16,-1820,-1070,-3727,0,0
-52,4,-4,-1825,-1057,-3729,0,0
-44,9,-4,-1812,-1029,-3739,0,0
-10,4,-7,-1815,-1032,-3745,0,0
13,1,-10,-1817,-1061,-3730,0,0
3,2,-7,-1819,-1069,-3731,0,0
-7,-2,-8,-1819,-1046,-3740,0,0
-4,-1,-9,-1808,-1054,-3712,0,0
-14,8,-8,-1823,-1036,-3742,0,0
-5,2,-7,-1832,-1036,-3742,0,0
6,-2,-8,-1820,-1063,-3721,0,0
-17,-1,-7,-1816,-1046,-3742,0,0
-32,-3,-4,-1821,-1025,-3738,0,0
-11,-3,-9,-1823,-1017,-3729,0,0
19,-3,-13,-1829,-1031,-3727,0,0
3,-6,-9,-1822,-1034,-3732,0,0
-1,-3,-3,-1829,-1066,-3726,0,0
-19,0,-4,-1823,-1025,-3727,0,0
-2,4,-12,-1831,-1020,-3732,0,0
16,6,-13,-1831,-1026,-3735,0,0
16,5,-12,-1827,-1054,-3718,0,0
4,12,-10,-1821,-1017,-3727,0,0
7,12,-10,-1821,-1030,-3724,0,0
2,15,-5,-1832,-1034,-3737,0,0
22,13,-9,-1840,-1030,-3742,0,0
41,11,-13,-1835,-1072,-3738,0,0
19,7,-13,-1827,-1042,-3728,0,0
29,8,-10,-1822,-1046,-3732,0,0
30,7,-15,-1834,-1076,-3730,0,0
28,4,-11,-1831,-1072,-3721,0,0
6,-10,-10,-1806,-1042,-3738,0,0
-3,-5,-1,-1805,-1043,-3709,0,0
-14,3,5,-1805,-1052,-3731,0,0
-14,3,-7,-1823,-1039,-3732,0,0
-11,3,-11,-1840,-1058,-3722,0,0
-22,3,-1,-1825,-1038,-3733,0,0
-23,7,-9,-1822,-1035,-3730,0,0
-23,11,-11,-1825,-1021,-3738,0,0
-7,10,-16,-1827,-1025,-3735,0,0
-8,7,-7,-1837,-1036,-3738,0,0
-2,4,-9,-1834,-1047,-3763,0,0
6,-2,-14,-1817,-1008,-3720,0,0
13,2,-14,-1807,-1018,-3745,0,0
5,3,-5,-1840,-1033,-3726,0,0
10,1,0,-1832,-1051,-3727,0,0
0,2,-6,-1820,-1014,-3736,0,0
-1,3,-6,-1815,-1030,-3737,0,0
-9,4,-7,-1834,-1020,-3733,0,0
9,2,-16,-1827,-1028,-3739,0,0
5,-1,-9,-1826,-1025,-3736,0,0
-3,-10,-7,-1832,-1028,-3742,0,0
-3,-16,0,-1840,-1037,-3708,0,0
-24,27,-3,-1818,-1041,-3713,0,0
-28,30,-14,-1816,-946,-3762,0,0
98,-10,-19,-1829,-994,-3754,0,0
60,-11,-18,-1840,-1139,-3700,0,0
-36,5,5,-1825,-1061,-3714,0,0
-58,13,-2,-1821,-957,-3767,0,0
11,7,-15,-1828,-1001,-3735,0,0
25,5,-16,-1825,-1056,-3727,0,0
-3,7,-12,-1829,-1049,-3720,0,0
-20,10,-10,-1831,-1009,-3741,0,0
6,7,-9,-1826,-1000,-3743,0,0
25,3,-12,-1825,-1036,-3748,0,0
28,-1,-11,-1862,-1048,-3775,0,0
62,-14,-13,-1848,-1039,-3714,0,0
44,-12,-18,-1798,-1070,-3702,0,0
2,-3,-14,-1831,-1032,-3745,0,0
35,-5,-14,-1844,-1036,-3734,0,0
30,-15,-12,-1802,-1093,-3672,0,0
-53,-7,0,-1806,-1035,-3709,0,0
-36,2,7,-1839,-1014,-3755,0,0
26,-11,1,-1862,-1012,-3731,0,0
53,7,-6,-1839,-1110,-3689,0,0
-79,50,-16,-1827,-1050,-3710,0,0
-14,22,-3,-1847,-924,-3779,0,0
119,5,-20,-1833,-1087,-3713,0,0
51,16,-20,-1830,-1126,-3687,0,0
-27,21,-12,-1809,-1055,-3719,0,0
-28,19,-14,-1828,-1027,-3757,0,0
13,18,-19,-1836,-1065,-3707,0,0
26,24,-16,-1816,-1071,-3708,0,0
1,22,-21,-1821,-1044,-3761,0,0
41,19,-17,-1814,-1090,-3703,0,0
30,31,-29,-1813,-1082,-3719,0,0
32,16,-16,-1831,-1074,-3769,0,0
62,-4,2,-1828,-1104,-3735,0,0
35,-10,2,-1792,-1098,-3723,0,0
-19,-26,0,-1788,-1070,-3717,0,0
-40,-23,11,-1801,-1042,-3734,0,0
-2,10,-2,-1829,-1057,-3729,0,0
36,13,-22,-1823,-1061,-3738,0,0
51,-7,-23,-1793,-1128,-3730,0,0
-34,-1,-13,-1795,-1097,-3706,0,0
-62,3,-11,-1834,-1055,-3743,0,0
-12,-7,-19,-1838,-1038,-3730,0,0
8,-6,-21,-1824,-1080,-3714,0,0
-30,0,-15,-1818,-1054,-3736,0,0
9,-2,-12,-1842,-1055,-3722,0,0
12,3,-9,-1826,-1095,-3708,0,0
-35,3,1,-1815,-1039,-3739,0,0
-13,-1,15,-1858,-1012,-3729,0,0
33,-11,23,-1832,-1099,-3716,0,0
-12,-2,-8,-1770,-1114,-3735,0,0
-26,-3,-54,-1806,-1037,-3742,0,0
18,-9,-50,-1853,-1024,-3727,0,0
-15,-5,-7,-1843,-1068,-3712,0,0
-46,14,-2,-1814,-1050,-3742,0,0
-15,15,-37,-1811,-1041,-3745,0,0
40,9,-62,-1845,-1081,-3698,0,0
13,8,-54,-1846,-1077,-3706,0,0
-12,9,-34,-1820,-1050,-3725,0,0
-22,10,-23,-1806,-1021,-3743,0,0
4,4,-15,-1843,-1043,-3734,0,0
31,0,-3,-1835,-1066,-3730,0,0
20,-6,9,-1813,-1050,-3732,0,0
10,-14,19,-1810,-1039,-3723,0,0
28,-10,26,-1803,-1053,-3718,0,0
22,0,23,-1819,-1073,-3725,0,0
19,3,17,-1839,-1071,-3720,0,0
21,6,12,-1834,-1071,-3719,0,0
-3,5,9,-1821,-1062,-3722,0,0
-2,7,2,-1827,-1062,-3722,0,0
-8,7,-6,-1841,-1068,-3716,0,0
-21,8,-12,-1838,-1056,-3722,0,0
-14,4,-12,-1819,-1050,-3724,0,0
-16,7,-17,-1839,-1035,-3734,0,0
5,7,-19,-1823,-1056,-3709,0,0
-24,12,-15,-1832,-1067,-3728,0,0
-39,8,-24,-1819,-1016,-3746,0,0
-8,5,-31,-1835,-1021,-3743,0,0
21,1,-26,-1835,-1060,-3719,0,0
-8,3,-27,-1825,-1035,-3738,0,0
-9,5,-19,-1838,-1028,-3739,0,0
7,3,-21,-1816,-1043,-3722,0,0
4,6,-17,-1826,-1043,-3720,0,0
-2,5,-10,-1826,-1021,-3736,0,0
15,1,-7,-1827,-1045,-3722,0,0
5,0,2,-1834,-1048,-3725,0,0
-14,1,6,-1821,-1029,-3731,0,0
-6,7,2,-1821,-1049,-3727,0,0
-7,11,-1,-1831,-1033,-3728,0,0
-4,10,-1,-1826,-1023,-3735,0,0
-5,8,-1,-1828,-1016,-3733,0,0
11,8,-9,-1832,-1045,-3720,0,0
7,7,4,-1834,-1031,-3738,0,0
8,3,3,-1832,-1009,-3739,0,0
29,3,3,-1820,-1039,-3730,0,0
29,1,3,-1831,-1014,-3738,0,0
124,15,5,-1844,-956,-3751,0,0
407,45,12,-1785,-991,-3729,0,0
606,41,-2,-1809,-1165,-3750,0,0
609,-9,-47,-1893,-1205,-3796,0,0
658,-89,-91,-1818,-1422,-3587,0,0
410,-54,-62,-1803,-1746,-3383,0,0
7,5,-14,-1940,-1550,-3541,0,0
-66,1,9,-1832,-1417,-3633,0,0
-109,-19,25,-1775,-1378,-3649,0,0
-33,-19,2,-1817,-1262,-3574,0,0
108,5,9,-1776,-1451,-3601,0,0
-12,-12,-5,-1826,-1449,-3580,0,0
-68,-14,-7,-1899,-1416,-3593,0,0
-39,-15,-11,-1845,-1431,-3584,0,0
-76,-6,-2,-1866,-1423,-3588,0,0
-134,-11,-1,-1836,-1348,-3646,0,0
-121,-27,-10,-1854,-1317,-3655,0,0
-58,-43,-39,-1870,-1301,-3629,0,0
-57,-35,-47,-1884,-1380,-3606,0,0
-43,-14,-32,-1889,-1369,-3553,0,0
-55,-4,-15,-1878,-1330,-3622,0,0
-59,-7,-14,-1870,-1330,-3597,0,0
-24,-1,-10,-1886,-1341,-3599,0,0
-30,10,-13,-1873,-1291,-3659,0,0
-50,-4,-26,-1859,-1315,-3601,0,0
-40,7,-15,-1880,-1311,-3613,0,0
-38,10,-8,-1876,-1286,-3642,0,0
-27,-3,-13,-1878,-1267,-3667,0,0
-23,-14,-20,-1869,-1307,-3604,0,0
-28,-1,-10,-1887,-1285,-3630,0,0
-24,-5,-5,-1882,-1276,-3627,0,0
-7,5,-16,-1880,-1302,-3597,0,0
5,27,-10,-1883,-1264,-3629,0,0
-4,24,2,-1874,-1287,-3637,0,0
-57,5,9,-1878,-1281,-3648,0,0
-28,-5,-3,-1864,-1194,-3660,0,0
28,1,-15,-1862,-1303,-3609,0,0
-6,10,-7,-1881,-1278,-3629,0,0
-17,12,-6,-1880,-1235,-3663,0,0
7,11,-8,-1883,-1253,-3639,0,0
21,7,-3,-1867,-1279,-3617,0,0
-7,2,2,-1882,-1257,-3661,0,0
-37,5,-2,-1871,-1217,-3662,0,0
-8,5,-9,-1865,-1253,-3643,0,0
-10,7,-11,-1880,-1257,-3632,0,0
-16,2,-6,-1879,-1264,-3656,0,0
-7,-4,-5,-1863,-1239,-3615,0,0
3,11,-5,-1871,-1241,-3659,0,0
-12,12,-9,-1886,-1212,-3666,0,0
19,4,-10,-1879,-1257,-3635,0,0
-4,2,-6,-1873,-1266,-3639,0,0
-23,11,-8,-1875,-1222,-3655,0,0
2,7,-12,-1873,-1230,-3646,0,0
2,0,-10,-1872,-1253,-3634,0,0
-8,1,-8,-1886,-1237,-3652,0,0
-4,7,-9,-1875,-1228,-3649,0,0
9,9,-9,-1868,-1234,-3643,0,0
-5,5,-6,-1876,-1234,-3666,0,0
-18,5,-7,-1873,-1223,-3644,0,0
-7,4,-7,-1875,-1240,-3647,0,0
-18,1,-7,-1875,-1220,-3651,0,0
-2,4,-9,-1871,-1220,-3650,0,0
-1,7,-7,-1872,-1229,-3656,0,0
-11,5,-7,-1872,-1216,-3652,0,0
0,5,-8,-1877,-1222,-3649,0,0
5,4,-5,-1883,-1224,-3663,0,0
3,4,-5,-1880,-1218,-3656,0,0
2,1,-14,-1878,-1223,-3651,0,0
-1,3,-5,-1876,-1218,-3651,0,0
3,3,-6,-1877,-1224,-3651,0,0
3,7,-9,-1882,-1221,-3651,0,0
6,7,-9,-1875,-1220,-3652,0,0
-6,2,-7,-1873,-1214,-3659,0,0
-5,5,-9,-1877,-1212,-3660,0,0
2,2,-10,-1878,-1220,-3657,0,0
-4,4,-8,-1878,-1216,-3649,0,0
-11,4,-7,-1880,-1207,-3654,0,0
-10,5,-8,-1880,-1202,-3659,0,0
-2,4,-8,-1878,-1210,-3650,0,0
-1,3,-16,-1883,-1211,-3653,0,0
-3,3,-9,-1877,-1208,-3664,0,0
-4,5,-10,-1871,-1202,-3655,0,0
1,8,-10,-1883,-1214,-3661,0,0
-4,6,-10,-1877,-1198,-3660,0,0
5,6,-8,-1874,-1202,-3658,0,0
1,5,-6,-1879,-1205,-3662,0,0
5,3,-7,-1885,-1203,-3649,0,0
8,1,-6,-1875,-1200,-3656,0,0
-5,5,-8,-1870,-1197,-3662,0,0
-6,8,-11,-1881,-1213,-3650,0,0
-13,5,-9,-1885,-1194,-3662,0,0
-5,3,-9,-1873,-1185,-3665,0,0
-1,4,-10,-1878,-1205,-3651,0,0
-4,7,-9,-1880,-1194,-3660,0,0
-6,4,-8,-1874,-1181,-3661,0,0
2,5,-8,-1878,-1197,-3656,0,0
1,4,-6,-1884,-1194,-3664,0,0
-1,6,-8,-1878,-1190,-3666,0,0
4,4,-9,-1875,-1195,-3656,0,0
-1,4,-10,-1880,-1195,-3660,0,0
-6,6,-9,-1875,-1184,-3670,0,0
1,3,-9,-1877,-1193,-3660,0,0
2,5,-9,-1880,-1201,-3652,0,0
-3,6,-11,-1869,-1186,-3657,0,0
2,5,-8,-1874,-1178,-3670,0,0
12,2,-7,-1883,-1193,-3659,0,0
7,1,-6,-1880,-1196,-3653,0,0
-6,5,-4,-1874,-1173,-3661,0,0
7,5,-6,-1877,-1182,-3666,0,0
12,5,-11,-1882,-1202,-3654,0,0
-2,7,-11,-1880,-1180,-3661,0,0
1,6,-9,-1886,-1181,-3661,0,0
3,5,-10,-1879,-1190,-3659,0,0
5,6,-9,-1882,-1187,-3664,0,0
-1,4,-8,-1882,-1183,-3667,0,0
-6,4,-16,-1876,-1187,-3657,0,0
-4,5,-9,-1885,-1180,-3660,0,0
2,5,-10,-1885,-1180,-3668,0,0
7,7,-13,-1875,-1196,-3661,0,0
-1,4,-13,-1882,-1185,-3664,0,0
0,5,-10,-1883,-1171,-3671,0,0
12,8,-9,-1876,-1189,-3656,0,0
2,3,-9,-1878,-1179,-3664,0,0
2,5,-8,-1884,-1180,-3664,0,0
12,5,-6,-1872,-1191,-3662,0,0
12,4,-8,-1877,-1178,-3671,0,0
14,0,-10,-1884,-1187,-3660,0,0
7,2,-16,-1880,-1188,-3658,0,0
5,7,-6,-1872,-1185,-3664,0,0
8,6,-10,-1879,-1191,-3651,0,0
3,8,-14,-1877,-1204,-3668,0,0
-4,6,-10,-1885,-1171,-3661,0,0
9,3,-11,-1879,-1188,-3663,0,0
5,5,-13,-1880,-1186,-3653,0,0
-1,7,-11,-1877,-1179,-3668,0,0
5,4,-11,-1883,-1182,-3671,0,0
9,1,-10,-1879,-1199,-3659,0,0
-1,4,-8,-1873,-1193,-3658,0,0
-7,5,-10,-1877,-1177,-3668,0,0
5,7,-10,-1879,-1187,-3656,0,0
2,6,-10,-1879,-1193,-3664,0,0
-4,4,-11,-1874,-1181,-3668,0,0
3,3,-6,-1880,-1184,-3663,0,0
2,4,-4,-1875,-1194,-3663,0,0
0,6,-10,-1875,-1175,-3664,0,0
12,0,-11,-1882,-1187,-3663,0,0
2,3,-4,-1877,-1189,-3664,0,0
-5,7,-5,-1871,-1178,-3664,0,0
7,7,-11,-1873,-1190,-3660,0,0
-3,8,-12,-1878,-1179,-3663,0,0
-4,4,-8,-1884,-1182,-3667,0,0
0,4,-16,-1881,-1190,-3660,0,0
1,9,-10,-1873,-1180,-3661,0,0
2,4,-8,-1880,-1166,-3674,0,0
5,3,-6,-1878,-1187,-3664,0,0
1,7,-4,-1873,-1191,-3661,0,0
-2,5,-5,-1883,-1174,-3672,0,0
-3,4,-8,-1883,-1184,-3662,0,0
-10,6,-8,-1878,-1188,-3661,0,0
-18,7,-7,-1873,-1159,-3676,0,0
-1,5,-9,-1872,-1182,-3659,0,0
-10,5,-8,-1881,-1179,-3665,0,0
-20,6,-6,-1876,-1157,-3676,0,0
3,3,-9,-1875,-1167,-3671,0,0
11,1,-11,-1881,-1180,-3664,0,0
-4,3,-6,-1880,-1155,-3671,0,0
0,3,-6,-1882,-1165,-3675,0,0
6,7,-9,-1875,-1178,-3670,0,0
-5,8,-11,-1884,-1153,-3670,0,0
6,4,-10,-1886,-1167,-3671,0,0
2,6,-10,-1875,-1162,-3672,0,0
0,4,-11,-1875,-1156,-3670,0,0
10,4,-8,-1881,-1161,-3674,0,0
4,4,-7,-1878,-1156,-3675,0,0
5,5,-6,-1875,-1169,-3664,0,0
1,5,-14,-1877,-1167,-3669,0,0
2,7,-8,-1882,-1159,-3670,0,0
0,4,-10,-1882,-1169,-3662,0,0
-1,6,-10,-1882,-1154,-3672,0,0
6,8,-10,-1881,-1155,-3674,0,0
6,4,-11,-1879,-1176,-3665,0,0
-8,3,-7,-1886,-1162,-3678,0,0
5,2,-5,-1882,-1146,-3679,0,0
19,-1,-6,-1873,-1174,-3656,0,0
-1,2,-3,-1883,-1159,-3668,0,0
-2,4,-5,-1887,-1141,-3671,0,0
12,3,-8,-1877,-1181,-3659,0,0
-5,8,-16,-1885,-1158,-3673,0,0
0,5,-9,-1882,-1149,-3674,0,0
3,3,-11,-1876,-1157,-3668,0,0
1,7,-6,-1879,-1165,-3670,0,0
0,6,-6,-1887,-1156,-3673,0,0
3,5,-9,-1871,-1156,-3665,0,0
-2,6,-9,-1871,-1149,-3674,0,0
2,5,-8,-1887,-1151,-3678,0,0
9,8,-9,-1882,-1171,-3667,0,0
-2,6,-7,-1876,-1159,-3670,0,0
-2,6,-10,-1877,-1139,-3683,0,0
8,4,-11,-1883,-1165,-3670,0,0
-4,6,-16,-1879,-1160,-3669,0,0
-2,6,-9,-1878,-1146,-3675,0,0
5,5,-9,-1879,-1159,-3670,0,0
0,6,-6,-1880,-1152,-3676,0,0
8,3,-8,-1886,-1149,-3674,0,0
14,-1,-8,-1879,-1164,-3662,0,0
-2,6,-8,-1873,-1145,-3674,0,0
0,5,-11,-1886,-1148,-3674,0,0
13,5,-11,-1883,-1159,-3672,0,0
5,4,-10,-1881,-1152,-3676,0,0
-8,5,-11,-1879,-1148,-3675,0,0
-1,2,-13,-1881,-1160,-3670,0,0
7,4,-12,-1881,-1158,-3672,0,0
-7,5,-11,-1877,-1148,-3672,0,0
-8,2,-8,-1883,-1144,-3675,0,0
16,4,-7,-1886,-1149,-3672,0,0
-4,7,-7,-1882,-1157,-3673,0,0
-18,5,-9,-1880,-1131,-3681,0,0
11,4,-11,-1878,-1144,-3674,0,0
-2,6,-10,-1884,-1154,-3677,0,0
-6,7,-9,-1885,-1136,-3677,0,0
14,2,-12,-1878,-1152,-3675,0,0
0,6,-10,-1883,-1143,-3673,0,0
-3,7,-6,-1881,-1130,-3682,0,0
20,3,-10,-1881,-1158,-3672,0,0
9,3,-12,-1885,-1153,-3674,0,0
-6,2,-8,-1883,-1129,-3676,0,0
11,3,-9,-1879,-1153,-3669,0,0
6,6,-12,-1880,-1154,-3669,0,0
-2,5,-15,-1885,-1130,-3674,0,0
9,5,-11,-1884,-1154,-3674,0,0
1,6,-11,-1874,-1149,-3680,0,0
0,5,-14,-1886,-1136,-3679,0,0
10,3,-12,-1885,-1147,-3671,0,0
6,8,-8,-1881,-1144,-3671,0,0
0,6,-7,-1881,-1146,-3673,0,0
5,3,-15,-1883,-1140,-3674,0,0
10,5,-7,-1879,-1148,-3668,0,0
1,7,-9,-1879,-1146,-3670,0,0
2,6,-9,-1877,-1145,-3671,0,0
6,8,-10,-1883,-1145,-3675,0,0
5,5,-9,-1886,-1146,-3672,0,0
3,3,-6,-1883,-1149,-3674,0,0
3,6,-9,-1879,-1145,-3679,0,0
9,4,-13,-1888,-1138,-3675,0,0
6,3,-7,-1886,-1145,-3668,0,0
5,6,-6,-1876,-1151,-3671,0,0
2,8,-11,-1882,-1150,-3677,0,0
-4,6,-13,-1886,-1128,-3674,0,0
7,4,-10,-1878,-1150,-3666,0,0
1,8,-9,-1880,-1148,-3674,0,0
1,6,-12,-1883,-1136,-3683,0,0
6,3,-9,-1884,-1138,-3681,0,0
3,6,-6,-1880,-1146,-3675,0,0
4,6,-6,-1879,-1144,-3681,0,0
