24,-905,192,3197,-867,-521,0,0
-349,-973,909,4379,-819,-784,0,0
-1918,-1209,1264,6090,-1064,-813,0,0
-3028,-1438,1278,5974,-316,-353,0,0
-852,-1446,1265,5019,134,-280,0,0
1207,-1276,1498,4066,-359,-308,0,0
1842,-1019,1836,3527,-1043,-326,0,0
1165,-768,1976,3305,-1073,-186,0,0
336,-587,1860,3113,-893,1,0,0
-171,-444,1544,2861,-699,142,0,0
13,-259,1041,2783,-594,202,0,0
566,-2,371,3066,-672,134,0,0
903,324,-408,3604,-879,-88,0,0
824,671,-1233,4239,-1030,-373,0,0
302,960,-2058,4868,-1221,-809,0,0
-691,1082,-2588,5262,-1316,-1364,0,0
-1514,1103,-2630,5227,-899,-1318,0,0
-1206,1182,-2288,4395,-456,-1294,0,0
348,1030,-1750,3752,-53,-1203,0,0
2109,532,-1156,4085,-512,-1460,0,0
3606,98,-641,4983,-488,-697,0,0
3991,-129,-79,4941,-1520,-129,0,0
2331,-67,69,4045,-1464,-158,0,0
1354,94,-77,3305,-1014,-387,0,0
1046,244,-270,2982,-1092,-458,0,0
454,393,-471,3036,-1180,-621,0,0
-276,503,-541,3147,-1145,-962,0,0
-1020,523,-508,3268,-1143,-1189,0,0
-1632,503,-492,3454,-1181,-1496,0,0
-2221,352,-458,3917,-1091,-1944,0,0
-2080,45,-303,4182,-583,-1556,0,0
-924,-136,-207,4219,-444,-1063,0,0
-217,-222,-205,4507,-806,-1297,0,0
-86,-446,-13,4832,-1264,-1420,0,0
-263,-680,462,4409,-1389,-1179,0,0
-694,-866,1074,4050,-1060,-901,0,0
-1232,-1053,1565,4903,-829,-759,0,0
-2904,-1260,1618,5984,-849,-422,0,0
-3417,-1374,1304,5764,83,-323,0,0
-696,-1410,1168,4703,40,-454,0,0
1062,-1381,1404,3922,-618,-305,0,0
1276,-1251,1684,3643,-881,-158,0,0
923,-1069,1773,3434,-709,11,0,0
821,-868,1714,3183,-619,138,0,0
1049,-592,1496,2928,-557,279,0,0
1448,-183,1015,2829,-675,278,0,0
1522,265,199,3130,-989,12,0,0
1159,567,-822,3543,-1244,-283,0,0
589,758,-1780,4102,-1231,-405,0,0
-203,918,-2601,5270,-1263,-731,0,0
-1213,1050,-3046,5435,-1283,-1252,0,0
-1889,1233,-2733,4129,-877,-1575,0,0
-1363,1216,-1888,3373,-118,-1222,0,0
566,857,-1203,4199,-66,-1313,0,0
3142,303,-790,5322,-504,-1592,0,0
927,-184,-456,5441,-1415,-779,0,0
3439,-409,-354,4183,-1713,-66,0,0
1542,-280,-439,3248,-1071,-46,0,0
857,-68,-510,3045,-855,-248,0,0
719,99,-598,3125,-1076,-342,0,0
239,251,-745,3356,-1110,-545,0,0
-149,348,-795,3498,-1189,-944,0,0
-529,421,-700,3479,-1231,-1259,0,0
-1138,456,-430,3653,-1185,-1555,0,0
-1731,350,-30,4014,-975,-1768,0,0
-1582,100,296,4302,-608,-1445,0,0
-533,-92,364,4645,-651,-1046,0,0
-26,-204,367,4787,-861,-1169,0,0
-229,-365,511,4470,-903,-1427,0,0
-384,-595,889,3786,-856,-1106,0,0
-661,-753,1305,3741,-697,-759,0,0
-2323,-864,1394,4584,-809,-464,0,0
-528,-915,1010,5457,59,-271,0,0
-2947,-903,506,5416,635,-533,0,0
332,-965,438,4741,-284,-759,0,0
1830,-1026,805,3872,-1018,-366,0,0
1174,-928,1226,3368,-906,-182,0,0
525,-767,1485,3289,-673,-157,0,0
422,-594,1516,3318,-628,-71,0,0
599,-366,1274,3302,-698,-6,0,0
668,-71,831,3249,-801,-95,0,0
479,220,235,3476,-844,-355,0,0
162,409,-478,3876,-876,-500,0,0
10,536,-1140,4127,-874,-474,0,0
-62,678,-1657,4526,-815,-574,0,0
-68,792,-2045,5271,-758,-793,0,0
86,842,-2144,4745,-697,-1140,0,0
781,753,-1718,3465,-374,-983,0,0
1928,532,-1184,3634,-222,-776,0,0
2765,258,-886,4621,-446,-614,0,0
3242,94,-800,4914,-995,-340,0,0
3045,89,-836,4308,-1389,-359,0,0
2212,176,-933,3566,-1320,-631,0,0
1272,229,-957,3161,-1297,-779,0,0
444,251,-910,3282,-1194,-662,0,0
49,319,-780,3479,-1055,-748,0,0
-68,389,-584,3683,-1010,-1040,0,0
-166,419,-309,3658,-1009,-1329,0,0
-390,396,7,3728,-1028,-1594,0,0
-827,269,302,4175,-901,-1793,0,0
-952,49,536,4331,-636,-1574,0,0
-518,-124,678,4325,-520,-1280,0,0
-181,-237,687,4631,-735,-1452,0,0
-256,-445,671,4672,-855,-1534,0,0
-195,-675,877,3873,-698,-1002,0,0
-8,-698,1222,3162,-664,-645,0,0
-315,-617,1355,3502,-844,-770,0,0
-1623,-717,1042,4748,-1125,-798,0,0
-2320,-973,477,5852,-1123,-1018,0,0
-2111,-1327,93,6089,-832,-570,0,0
-1150,-1469,200,5261,-376,27,0,0
574,-1383,764,4265,81,74,0,0
2091,-1184,1519,3761,-34,-20,0,0
2828,-870,2172,3781,-458,-128,0,0
2692,-599,2469,4008,-786,-283,0,0
2076,-482,2179,3892,-832,-306,0,0
1434,-472,1243,3439,-569,-214,0,0
1228,-510,-81,2973,-668,-325,0,0
1250,-580,-1300,2738,-847,-544,0,0
1117,-700,-2312,3455,-797,-553,0,0
1102,-859,-3430,4950,-763,-379,0,0
1791,-1042,-4527,5843,-700,15,0,0
3741,-1184,-5021,6201,-697,653,0,0
6230,-1272,-4663,6226,-990,1018,0,0
7196,-1297,-3789,5795,-1399,980,0,0
6272,-1140,-2765,5145,-1683,420,0,0
3804,-973,-2009,4464,-1504,248,0,0
1021,-723,-1654,3975,-1367,524,0,0
-573,-330,-1450,3655,-1255,658,0,0
-514,130,-1232,3526,-1035,595,0,0
493,556,-1025,3478,-839,384,0,0
1728,881,-838,3604,-930,149,0,0
2451,1127,-685,3951,-1165,-17,0,0
2372,1381,-521,4208,-1211,-450,0,0
1710,1517,-248,4424,-1171,-1271,0,0
840,1466,24,4415,-1112,-1916,0,0
-299,1350,241,4350,-1040,-2561,0,0
-1223,1112,406,4383,-189,-2852,0,0
-831,710,412,4087,562,-2744,0,0
947,296,302,3366,108,-2256,0,0
1689,48,196,2985,-550,-2027,0,0
1008,-146,87,3292,-1008,-1919,0,0
12,-361,-78,4072,-1098,-1736,0,0
-629,-585,-198,4721,-896,-1366,0,0
-711,-763,-156,5124,-746,-1119,0,0
-460,-921,95,5183,-710,-867,0,0
-181,-1032,574,4704,-736,-586,0,0
146,-1062,1147,4217,-660,-329,0,0
454,-983,1659,4051,-570,-86,0,0
635,-788,1972,4049,-646,-10,0,0
655,-534,2032,3911,-727,-118,0,0
629,-320,1842,3706,-709,-249,0,0
665,-141,1450,3565,-699,-290,0,0
596,48,893,3623,-656,-404,0,0
360,168,229,3837,-657,-634,0,0
75,205,-397,4019,-593,-710,0,0
-16,254,-977,4441,-392,-739,0,0
195,303,-1520,4829,-246,-806,0,0
755,369,-1927,4611,-398,-870,0,0
1202,416,-2023,3685,-666,-1056,0,0
1244,354,-1789,3183,-647,-952,0,0
1827,142,-1378,4015,-1094,-1145,0,0
1638,-219,-974,4695,-1024,-803,0,0
1428,-303,-785,4675,-636,-356,0,0
1826,-164,-694,4252,-697,-301,0,0
1948,33,-697,3727,-930,-484,0,0
1655,161,-712,3056,-1097,-631,0,0
1084,288,-745,2756,-1077,-769,0,0
508,427,-800,2970,-1071,-1094,0,0
-148,469,-807,3555,-1098,-1461,0,0
-1056,439,-688,4031,-1083,-1863,0,0
-1740,332,-379,4078,-765,-1838,0,0
-1612,167,-53,3957,-461,-1424,0,0
-863,71,70,3798,-519,-907,0,0
-296,96,23,3995,-851,-968,0,0
-223,54,81,4544,-1198,-1320,0,0
-648,-126,349,4606,-1403,-1572,0,0
-1235,-393,825,4037,-1128,-1119,0,0
-1640,-640,1325,4423,-957,-794,0,0
-2257,-911,1552,5450,-880,-846,0,0
-3073,-1220,1479,5734,-460,-652,0,0
-2182,-1476,1309,5564,56,-638,0,0
-289,-1587,1373,4837,-165,-367,0,0
894,-1498,1661,4043,-505,-149,0,0
1256,-1276,1938,3584,-587,-25,0,0
1213,-960,2055,3329,-591,86,0,0
1081,-579,1878,3065,-507,136,0,0
929,-214,1355,2911,-531,111,0,0
634,117,538,3044,-708,-74,0,0
31,363,-439,3425,-905,-480,0,0
-700,526,-1294,3991,-840,-492,0,0
-1289,792,-1975,4878,-771,-491,0,0
-1690,1146,-2471,5566,-774,-891,0,0
-1956,1392,-2437,4517,-650,-1464,0,0
-1461,1309,-1787,3574,-94,-1330,0,0
151,942,-1200,4276,524,-672,0,0
2061,656,-1024,4869,427,-264,0,0
3899,547,-984,4624,-455,-240,0,0
4774,488,-851,4184,-1625,-389,0,0
3989,493,-862,3749,-1815,-724,0,0
2299,467,-1069,3531,-1562,-1015,0,0
400,426,-1284,3474,-1430,-1039,0,0
-921,474,-1274,3349,-1327,-1217,0,0
-1465,531,-1019,3275,-1082,-1431,0,0
-1547,484,-708,3811,-1074,-1644,0,0
-1858,278,-437,4601,-997,-1867,0,0
-1572,-36,14,4644,-509,-1559,0,0
-629,-308,533,4378,-355,-1377,0,0
-186,-542,904,4453,-657,-1498,0,0
-150,-799,1164,4244,-926,-1355,0,0
-206,-999,1421,4102,-994,-883,0,0
-806,-1072,1492,5032,-1119,-879,0,0
-2288,-1233,1256,5939,-1146,-947,0,0
-2982,-1488,984,5826,-633,-732,0,0
-1751,-1653,994,5020,-393,-230,0,0
-714,-1651,1291,4209,-346,67,0,0
96,-1516,1667,3790,-393,73,0,0
667,-1272,1964,3706,-393,199,0,0
1108,-885,2034,3645,-432,210,0,0
1227,-457,1773,3369,-534,27,0,0
1048,-98,1211,3334,-671,-210,0,0
485,151,465,3531,-659,-376,0,0
-85,347,-305,3800,-381,-364,0,0
-367,593,-1049,4302,-386,-567,0,0
-360,845,-1714,4710,-320,-803,0,0
-38,1050,-2190,4187,-326,-939,0,0
453,1170,-2236,3407,-362,-927,0,0
718,1163,-2102,4175,-544,-929,0,0
388,1062,-2023,5262,-524,-919,0,0
755,938,-1916,5487,-504,-929,0,0
1846,840,-1728,4846,-854,-935,0,0
1989,805,-1502,4240,-983,-950,0,0
1575,760,-1337,4036,-1135,-1148,0,0
1079,646,-1245,3915,-1355,-1234,0,0
369,581,-1124,3729,-1304,-1480,0,0
-155,477,-864,3592,-1156,-1785,0,0
-386,311,-459,3554,-1062,-1879,0,0
-628,105,5,3810,-970,-1881,0,0
-903,-145,439,4136,-733,-1685,0,0
-800,-346,809,4242,-561,-1326,0,0
-669,-394,1034,4047,-605,-1264,0,0
-868,-406,1026,4589,-1061,-1427,0,0
-1777,-588,839,5022,-1420,-1785,0,0
-2339,-949,834,4170,-1058,-995,0,0
-2322,-1174,1020,4007,-842,-352,0,0
-2867,-1343,994,5347,-969,-673,0,0
-3322,-1679,740,6228,-843,-681,0,0
-2591,-1907,550,5660,-457,-98,0,0
-964,-1875,674,4598,-234,109,0,0
470,-1688,1062,3822,-294,91,0,0
1246,-1355,1449,3581,-586,75,0,0
1371,-986,1698,3660,-836,71,0,0
1113,-633,1759,3588,-674,118,0,0
806,-243,1573,3455,-504,-20,0,0
420,121,1130,3515,-428,-269,0,0
-30,391,496,3737,-450,-526,0,0
-394,623,-143,4003,-375,-643,0,0
-436,894,-738,4428,-181,-477,0,0
90,1250,-1243,4419,-141,-470,0,0
595,1504,-1531,3695,-264,-1063,0,0
819,1455,-1580,3469,-352,-1178,0,0
763,1321,-1723,4522,-598,-1010,0,0
150,1229,-1989,5595,-408,-1075,0,0
423,1130,-2049,5763,-637,-1799,0,0
1230,973,-1817,4658,-868,-1786,0,0
943,867,-1429,3687,-1004,-1535,0,0
142,704,-1111,3473,-1016,-1552,0,0
-142,448,-870,3588,-919,-1229,0,0
25,295,-645,3717,-803,-1075,0,0
247,199,-400,3703,-862,-1379,0,0
246,59,-66,3772,-1016,-1522,0,0
-93,-88,292,4002,-1033,-1556,0,0
-407,-253,632,4163,-876,-1360,0,0
-466,-358,895,4204,-760,-1062,0,0
-432,-353,1027,4205,-820,-882,0,0
-622,-282,991,4718,-1145,-938,0,0
-1497,-306,813,5011,-1416,-1343,0,0
-2333,-514,832,4068,-1203,-1085,0,0
-2635,-750,1097,3606,-935,-618,0,0
-3145,-988,1143,4663,-1004,-510,0,0
-3645,-1261,826,5641,-941,-554,0,0
-3289,-1512,441,5694,-633,-318,0,0
-1968,-1595,279,5071,-461,-83,0,0
-197,-1519,490,4022,-429,71,0,0
986,-1275,872,3380,-636,177,0,0
1254,-904,1217,3331,-916,122,0,0
939,-555,1486,3448,-949,103,0,0
496,-220,1606,3567,-826,2,0,0
159,135,1470,3701,-755,-175,0,0
-36,473,1060,3601,-786,-364,0,0
-276,753,504,3602,-876,-650,0,0
-850,917,-66,4237,-1030,-1154,0,0
-1803,951,-471,4754,-631,-1315,0,0
-1771,1083,-619,4805,383,-1034,0,0
-186,1304,-631,3820,1052,-1114,0,0
1541,1357,-735,3214,470,-1309,0,0
1618,1218,-1041,3678,-118,-1227,0,0
647,979,-1500,4863,-272,-1001,0,0
432,800,-1948,5565,-416,-1544,0,0
1576,579,-2044,4818,-721,-1765,0,0
2125,464,-1861,4031,-1032,-1013,0,0
786,508,-1630,3775,-1295,-1078,0,0
-748,454,-1423,3900,-1280,-1326,0,0
-1226,333,-1146,3832,-1047,-1078,0,0
-857,294,-819,3658,-768,-1148,0,0
-341,215,-434,3400,-721,-1424,0,0
-161,50,-5,3291,-949,-1446,0,0
-433,-112,381,3629,-1059,-1385,0,0
-886,-261,637,3975,-983,-1295,0,0
-1060,-388,819,4181,-925,-1067,0,0
-1121,-471,926,4546,-1025,-1007,0,0
-1411,-599,964,5375,-1244,-1081,0,0
-1963,-811,1043,5402,-1155,-992,0,0
-1994,-1035,1364,4422,-790,-455,0,0
-1765,-1167,1771,4269,-653,-182,0,0
-2050,-1214,1905,5178,-805,-223,0,0
-2590,-1250,1683,5583,-769,-289,0,0
-2448,-1306,1295,5133,-650,-170,0,0
-1480,-1266,897,4413,-596,63,0,0
-448,-1057,678,3678,-601,201,0,0
134,-793,649,3238,-727,218,0,0
282,-541,693,3187,-718,259,0,0
344,-237,699,3317,-614,237,0,0
466,130,609,3454,-557,118,0,0
399,504,402,3681,-570,-126,0,0
-24,782,54,4149,-536,-381,0,0
-390,926,-342,4510,-330,-467,0,0
-404,1082,-721,4756,-131,-533,0,0
-378,1256,-1108,5116,-195,-846,0,0
-358,1383,-1323,4338,-86,-1089,0,0
-317,1473,-1222,3112,-234,-1701,0,0
-1021,1302,-1077,4173,-374,-2118,0,0
-790,944,-1055,5228,82,-1901,0,0
593,628,-955,4863,-309,-1098,0,0
882,540,-743,3995,-380,-759,0,0
1337,567,-546,3610,-168,-936,0,0
1909,490,-421,3585,-654,-1013,0,0
1599,378,-427,3500,-1018,-1051,0,0
800,275,-465,3345,-897,-1135,0,0
81,202,-437,3296,-801,-1194,0,0
-463,143,-296,3604,-756,-1216,0,0
-873,46,-101,4129,-779,-1252,0,0
-1088,-89,138,4387,-604,-1091,0,0
-887,-142,420,4224,-596,-1099,0,0
-839,-181,638,3935,-893,-1320,0,0
-1279,-335,703,4236,-1223,-1281,0,0
-1945,-596,624,4441,-1180,-1150,0,0
-2041,-940,622,4241,-951,-723,0,0
-1768,-1192,720,4761,-957,-349,0,0
-1959,-1342,746,5577,-988,-463,0,0
-1820,-1494,825,5229,-763,-225,0,0
-1034,-1509,1042,4777,-545,39,0,0
-369,-1368,1248,4552,-523,-49,0,0
165,-1206,1441,4256,-712,21,0,0
429,-980,1613,4036,-681,160,0,0
488,-677,1733,3741,-560,157,0,0
545,-332,1739,3476,-574,76,0,0
474,38,1482,3334,-615,-71,0,0
215,365,976,3339,-734,-353,0,0
-184,593,349,3479,-808,-652,0,0
-679,755,-291,3937,-653,-814,0,0
-954,947,-960,4642,-286,-782,0,0
-590,1234,-1639,5014,-170,-768,0,0
-23,1511,-2024,4395,-254,-1143,0,0
-95,1483,-2016,3881,-462,-1479,0,0
-595,1219,-1787,3888,-369,-1236,0,0
-540,926,-1611,4769,-2,-682,0,0
520,755,-1552,5299,81,-907,0,0
2028,575,-1324,4772,-567,-1114,0,0
2289,445,-916,3883,-845,-904,0,0
1735,407,-578,3468,-835,-868,0,0
1095,309,-391,3519,-861,-813,0,0
633,229,-335,3518,-686,-708,0,0
678,204,-317,3575,-492,-901,0,0
900,155,-221,3708,-461,-982,0,0
852,152,-52,3692,-490,-1011,0,0
435,207,139,3518,-490,-1215,0,0
-248,237,286,3503,-515,-1486,0,0
-946,143,332,3695,-399,-1474,0,0
-1053,-14,308,3754,-334,-1046,0,0
-799,-82,216,4054,-580,-908,0,0
-829,-115,86,4231,-902,-985,0,0
-1123,-176,-52,4568,-1158,-1036,0,0
-1516,-332,-92,4600,-1182,-980,0,0
-1555,-527,215,3836,-1122,-594,0,0
-1674,-687,746,3814,-962,-463,0,0
-2174,-917,1214,4781,-925,-581,0,0
-2581,-1221,1416,5872,-794,-426,0,0
-2272,-1393,1367,6215,-456,-157,0,0
-1098,-1344,1320,5313,-372,-111,0,0
161,-1167,1468,4062,-503,-136,0,0
633,-921,1696,3662,-668,-9,0,0
324,-639,1762,3606,-848,75,0,0
-335,-385,1673,3535,-780,89,0,0
-703,-145,1524,3336,-534,-19,0,0
-553,101,1254,3079,-461,-104,0,0
-329,355,785,3053,-516,-205,0,0
-285,546,117,3339,-595,-329,0,0
-282,696,-664,3989,-587,-342,0,0
-163,906,-1483,5129,-513,-386,0,0
-76,1194,-2124,5634,-562,-627,0,0
-93,1485,-2223,4735,-715,-1158,0,0
-670,1523,-1781,3858,-819,-1613,0,0
-1366,1274,-1083,3525,-563,-1327,0,0
-1194,955,-542,4017,84,-785,0,0
412,667,-406,4736,622,-999,0,0
2850,340,-388,4557,-107,-1052,0,0
3698,125,-190,3884,-1548,-966,0,0
2097,61,-57,3345,-1240,-1003,0,0
1057,51,-1,3253,-794,-921,0,0
483,74,-52,3583,-736,-823,0,0
178,112,-205,3919,-635,-967,0,0
6,118,-288,3745,-614,-1159,0,0
-115,125,-220,3405,-583,-1107,0,0
-325,173,-102,3504,-763,-1191,0,0
-868,148,-98,4004,-1004,-1411,0,0
-1348,-32,-142,4362,-868,-1262,0,0
-1139,-195,-114,4546,-743,-953,0,0
-893,-298,-150,5047,-1090,-1308,0,0
-942,-580,-40,4356,-1098,-1116,0,0
-435,-791,472,3451,-889,-376,0,0
-570,-792,1036,3973,-733,-475,0,0
-1568,-882,1285,5029,-736,-706,0,0
-1557,-1036,1297,5423,-630,-553,0,0
-894,-1075,1242,5151,-670,-393,0,0
-497,-1039,1238,4284,-689,-275,0,0
-140,-939,1302,3599,-574,-79,0,0
187,-744,1358,3345,-611,57,0,0
293,-496,1295,3303,-698,71,0,0
183,-237,1082,3255,-731,17,0,0
-46,18,742,3295,-762,-114,0,0
-275,234,271,3595,-794,-251,0,0
-477,413,-274,4053,-770,-368,0,0
-461,570,-725,4215,-734,-514,0,0
-410,715,-994,4318,-672,-717,0,0
-278,834,-1125,4452,-529,-814,0,0
125,926,-1207,4496,-440,-886,0,0
726,971,-1216,3933,-505,-1078,0,0
1195,899,-1104,3321,-741,-1051,0,0
1013,763,-991,3972,-1002,-1258,0,0
943,417,-881,4766,-442,-1517,0,0
2909,91,-719,4717,-462,-997,0,0
3397,-39,-488,4056,-1531,-477,0,0
1319,84,-435,3520,-1157,-437,0,0
398,257,-442,3508,-860,-746,0,0
174,313,-461,3590,-974,-920,0,0
-172,317,-520,3673,-936,-1091,0,0
-411,293,-487,3534,-782,-1236,0,0
-430,266,-396,3428,-773,-1305,0,0
-526,224,-281,3636,-817,-1430,0,0
-757,100,-192,3961,-882,-1425,0,0
-885,-69,-155,4083,-825,-1177,0,0
-694,-178,-118,4033,-856,-1074,0,0
-486,-254,-56,4389,-994,-989,0,0
-546,-311,43,5013,-1205,-1029,0,0
-926,-416,306,4552,-1201,-1054,0,0
-1121,-564,782,3745,-1013,-612,0,0
-1421,-668,1268,3934,-908,-547,0,0
-2271,-825,1470,4883,-804,-497,0,0
-2447,-985,1371,5411,-547,-513,0,0
-1718,-1081,1174,5118,-541,-408,0,0
-870,-1101,1080,4306,-624,-228,0,0
-129,-1007,1149,3613,-528,-31,0,0
326,-808,1301,3329,-620,67,0,0
413,-553,1360,3328,-712,93,0,0
272,-286,1247,3341,-695,110,0,0
159,3,972,3362,-633,36,0,0
124,298,540,3670,-559,-146,0,0
186,523,-14,4127,-403,-262,0,0
393,698,-597,4253,-399,-370,0,0
299,842,-1167,4505,-598,-623,0,0
-162,940,-1638,4642,-719,-944,0,0
-734,945,-1909,4877,-739,-1195,0,0
-811,905,-1931,4617,-445,-1148,0,0
75,853,-1729,3599,-234,-1030,0,0
1383,648,-1411,3381,-292,-1218,0,0
2261,266,-1031,4286,-752,-983,0,0
2149,38,-798,4954,-826,-482,0,0
2320,56,-727,4541,-781,-296,0,0
2572,200,-619,3791,-1079,-524,0,0
1888,320,-480,3452,-1326,-908,0,0
552,331,-386,3455,-1085,-924,0,0
-387,318,-304,3464,-711,-878,0,0
-661,321,-200,3483,-538,-1072,0,0
-711,284,-103,3691,-452,-1256,0,0
-783,191,-21,3986,-473,-1376,0,0
-892,57,82,4195,-504,-1420,0,0
-945,-69,305,3862,-421,-1331,0,0
-829,-142,563,3532,-414,-1083,0,0
-674,-130,571,3772,-683,-930,0,0
-818,-99,289,3956,-1127,-1101,0,0
-1286,-189,-52,4417,-1396,-1159,0,0
-1988,-374,-260,4809,-1554,-1248,0,0
-2537,-694,-13,4170,-1375,-857,0,0
-2431,-1012,587,3984,-923,-216,0,0
-2405,-1228,1075,5190,-587,-127,0,0
-2088,-1369,1300,6028,-369,-247,0,0
-937,-1396,1447,5620,-371,-319,0,0
403,-1298,1673,4881,-565,-379,0,0
1094,-1077,1936,4054,-766,-200,0,0
870,-764,2103,3570,-817,21,0,0
197,-452,2115,3346,-615,80,0,0
-139,-183,1904,3119,-367,60,0,0
-165,99,1394,3005,-414,-171,0,0
-280,330,651,3171,-666,-514,0,0
-736,469,-154,3487,-895,-809,0,0
-1412,575,-790,3809,-826,-968,0,0
-1757,709,-1165,4255,-376,-858,0,0
-1025,910,-1462,5418,179,-653,0,0
517,1167,-1792,5727,127,-820,0,0
1544,1353,-1938,4546,-491,-1556,0,0
1229,1307,-1820,3342,-878,-1751,0,0
-165,1239,-1657,3140,-1121,-1526,0,0
-1860,1239,-1730,4228,-1146,-1851,0,0
-2849,1065,-1858,5020,-865,-2203,0,0
-2405,711,-1702,4382,-521,-1768,0,0
-965,426,-1232,3507,-310,-1217,0,0
-289,220,-628,3446,-417,-1320,0,0
-297,-42,-61,3582,-755,-1494,0,0
-304,-339,474,3565,-789,-1384,0,0
-387,-561,937,3692,-635,-1227,0,0
-434,-723,1281,4046,-442,-1073,0,0
-224,-839,1523,4353,-350,-930,0,0
-55,-944,1695,4819,-364,-936,0,0
-450,-1090,1880,4839,-403,-701,0,0
-1672,-1151,1862,4466,483,-39,0,0
-1129,-832,1540,3767,1211,246,0,0
1091,-245,1286,3497,-226,-204,0,0
2150,335,969,3691,-1521,-775,0,0
1060,598,331,3833,-1793,-855,0,0
-1396,618,-334,3432,-1551,-713,0,0
-3551,589,-514,2902,-1318,-468,0,0
-4450,552,-361,3351,-1029,-290,0,0
-4665,419,-353,4577,-971,-615,0,0
-4622,90,-505,5393,-724,-776,0,0
-3314,-204,-543,5165,-3,-328,0,0
-491,-245,-295,3937,322,-205,0,0
2018,-169,256,3253,49,-471,0,0
2872,-58,783,3428,-602,-778,0,0
2445,-3,1119,3903,-1324,-802,0,0
849,52,1080,3954,-1426,-783,0,0
-749,70,782,3650,-870,-785,0,0
-1141,78,424,3507,-392,-758,0,0
-542,114,91,3789,-268,-771,0,0
264,97,-244,4247,-362,-767,0,0
836,8,-567,4829,-369,-652,0,0
1342,-45,-766,4783,-328,-650,0,0
1872,-41,-780,4475,-435,-620,0,0
2091,27,-744,3898,-623,-663,0,0
1792,63,-723,3088,-823,-743,0,0
1133,-22,-723,2925,-803,-525,0,0
726,-149,-828,3914,-548,-68,0,0
1187,-191,-1056,4820,-439,8,0,0
2235,-120,-1087,4648,-620,39,0,0
2721,153,-877,3777,-801,-119,0,0
2062,462,-755,3520,-887,-464,0,0
1003,630,-798,3592,-1119,-879,0,0
-155,594,-897,3604,-1173,-1030,0,0
-981,577,-931,3644,-935,-1067,0,0
-1215,621,-880,3678,-652,-1465,0,0
-938,563,-699,3610,-478,-1696,0,0
-560,403,-472,3894,-533,-1725,0,0
-433,175,-235,4144,-533,-1598,0,0
-261,-45,40,4130,-583,-1246,0,0
-183,-146,271,4224,-703,-1132,0,0
-322,-213,387,4688,-924,-1212,0,0
-834,-367,400,4811,-1286,-1396,0,0
-1497,-633,560,4044,-1168,-951,0,0
-1896,-852,924,3760,-994,-352,0,0
-2613,-1037,1126,4953,-955,-337,0,0
-3111,-1331,1094,5832,-780,-234,0,0
-2710,-1574,1019,5545,-493,64,0,0
-1536,-1672,1052,5036,-179,253,0,0
94,-1562,1274,4291,-173,382,0,0
1150,-1201,1505,3789,-524,194,0,0
1333,-884,1635,3724,-738,-2,0,0
1276,-725,1615,3675,-752,88,0,0
1135,-536,1428,3445,-734,204,0,0
819,-213,1080,3346,-715,38,0,0
405,137,546,3586,-722,-333,0,0
21,378,-90,3837,-843,-649,0,0
-466,580,-696,4285,-839,-853,0,0
-1119,848,-1216,4737,-680,-785,0,0
-1498,1230,-1619,4865,-623,-956,0,0
-1771,1462,-1660,3980,-488,-1479,0,0
-1500,1388,-1320,3115,-290,-1349,0,0
-867,1227,-1087,3441,-263,-1049,0,0
-498,1056,-1143,4371,-151,-1129,0,0
368,766,-1294,5044,-226,-1402,0,0
1403,492,-1246,4577,-553,-1125,0,0
2061,469,-1009,3704,-752,-1048,0,0
1898,473,-637,3495,-1096,-1355,0,0
792,372,-338,3647,-1244,-1358,0,0
-192,273,-186,3699,-938,-1314,0,0
-422,175,-58,3557,-656,-1393,0,0
-183,68,124,3336,-607,-1331,0,0
-115,-10,325,3374,-725,-1243,0,0
-398,-83,438,3714,-754,-1182,0,0
-609,-135,459,3881,-662,-978,0,0
-596,-82,423,4040,-796,-904,0,0
-857,-9,280,4440,-1124,-1093,0,0
-1588,-98,95,4752,-1336,-1220,0,0
-2291,-336,103,4238,-1204,-950,0,0
-2537,-609,360,4036,-943,-602,0,0
-2708,-899,601,5063,-876,-634,0,0
-2855,-1222,694,5828,-720,-575,0,0
-2196,-1419,779,5442,-394,-221,0,0
-860,-1422,1003,4519,-281,-113,0,0
340,-1284,1346,3820,-412,-31,0,0
876,-988,1610,3662,-730,54,0,0
528,-650,1623,3802,-981,2,0,0
-172,-433,1456,3772,-878,6,0,0
-510,-260,1211,3489,-648,120,0,0
-503,5,838,3478,-571,82,0,0
-433,297,337,3758,-612,-146,0,0
-371,511,-140,3949,-556,-230,0,0
-171,745,-538,4215,-404,-239,0,0
-87,1033,-955,4619,-436,-612,0,0
-474,1192,-1320,4506,-572,-1182,0,0
-960,1205,-1271,3473,-292,-1190,0,0
-852,1194,-960,3460,-59,-1055,0,0
-612,1085,-741,4593,-100,-1177,0,0
-289,868,-678,5117,315,-1451,0,0
854,656,-558,4511,-109,-1327,0,0
1274,625,-423,3653,-566,-1292,0,0
880,617,-323,3354,-695,-1425,0,0
105,513,-329,3402,-825,-1342,0,0
-529,437,-468,3475,-893,-1430,0,0
-951,331,-566,3237,-875,-1667,0,0
-1036,140,-481,3014,-718,-1481,0,0
-711,-21,-343,3447,-627,-1233,0,0
-467,-156,-282,3965,-759,-1250,0,0
-292,-350,-187,4505,-804,-1055,0,0
-9,-454,-39,4851,-849,-804,0,0
191,-421,197,5256,-1019,-740,0,0
-50,-345,572,4941,-1150,-951,0,0
-642,-351,1083,3665,-1219,-949,0,0
-1691,-532,1531,3779,-1258,-762,0,0
-2918,-841,1638,5161,-1156,-416,0,0
-3505,-1070,1346,5687,-740,-277,0,0
-2986,-1227,942,4989,-297,-294,0,0
-1376,-1291,764,4070,-239,-64,0,0
130,-1151,821,3520,-469,96,0,0
613,-887,903,3412,-803,95,0,0
303,-629,906,3467,-919,99,0,0
-89,-404,804,3577,-783,140,0,0
-239,-140,579,3767,-685,-77,0,0
-126,110,365,3871,-599,-262,0,0
127,321,200,4136,-456,-195,0,0
481,597,-48,4394,-407,-248,0,0
475,906,-470,4481,-561,-755,0,0
-32,1069,-954,4553,-810,-1214,0,0
-1025,1105,-1225,3978,-948,-1699,0,0
-1739,969,-1059,3022,-585,-1790,0,0
-1201,689,-693,3458,-65,-1212,0,0
-67,516,-627,4704,285,-892,0,0
1402,414,-757,5171,9,-1029,0,0
2571,328,-677,4497,-707,-1186,0,0
2852,303,-412,3564,-1008,-1412,0,0
2321,273,-179,3015,-1097,-1353,0,0
1219,312,-133,2815,-1088,-1024,0,0
155,485,-301,2815,-1040,-1215,0,0
-648,594,-513,2929,-1043,-1686,0,0
-1264,496,-635,3110,-961,-1732,0,0
-1410,295,-693,3716,-753,-1527,0,0
-1062,66,-727,4309,-509,-1388,0,0
-198,-129,-607,4434,-445,-1033,0,0
602,-181,-332,4568,-732,-1022,0,0
603,-256,38,4998,-1278,-1501,0,0
-129,-447,612,4484,-1334,-1184,0,0
-934,-550,1173,4304,-1129,-597,0,0
-1829,-588,1332,5061,-938,-718,0,0
-2216,-727,1251,5166,-742,-825,0,0
-1949,-878,1194,4605,-552,-620,0,0
-1398,-958,1224,4017,-444,-428,0,0
-885,-968,1308,3734,-487,-338,0,0
-542,-927,1334,3642,-546,-239,0,0
-281,-852,1253,3572,-553,-76,0,0
72,-710,1090,3495,-507,82,0,0
441,-458,821,3644,-505,83,0,0
645,-150,432,3995,-549,-65,0,0
800,134,30,4194,-460,-169,0,0
831,421,-366,4290,-424,-300,0,0
569,677,-802,4415,-467,-518,0,0
211,852,-1262,4338,-352,-665,0,0
854,997,-1551,3694,382,-582,0,0
2503,957,-1621,3655,-109,-881,0,0
2396,581,-1647,4430,-607,-807,0,0
2511,217,-1491,4978,-546,-420,0,0
4057,-101,-908,4987,-1844,-865,0,0
3139,-258,-588,4143,-1506,-961,0,0
1673,-230,-684,3379,-952,-713,0,0
395,-161,-827,3092,-1223,-687,0,0
-737,-98,-912,3264,-1331,-669,0,0
-1545,24,-929,3560,-1116,-809,0,0
-1896,167,-838,3711,-818,-1159,0,0
-1515,248,-602,3741,-530,-1372,0,0
-746,243,-341,4042,-537,-1493,0,0
-222,146,-110,4279,-609,-1368,0,0
16,63,116,4248,-728,-1193,0,0
-40,18,298,4288,-920,-1296,0,0
-331,-81,383,4607,-1111,-1390,0,0
-674,-249,568,4047,-1047,-1189,0,0
-821,-406,921,3602,-942,-799,0,0
-1296,-513,1186,4397,-1045,-714,0,0
-2168,-657,1221,5249,-1040,-790,0,0
-2719,-860,1163,5250,-736,-611,0,0
-2394,-1019,1150,4829,-448,-398,0,0
-1548,-1086,1258,4256,-350,-261,0,0
-739,-1063,1431,3882,-415,-149,0,0
-206,-970,1560,3706,-407,-46,0,0
147,-836,1542,3597,-283,-2,0,0
668,-575,1320,3626,-536,-70,0,0
1085,-312,1001,3668,-749,-212,0,0
1079,-107,564,3725,-737,-219,0,0
741,169,11,3705,-615,-271,0,0
361,464,-616,3978,-632,-644,0,0
-173,571,-1231,4527,-562,-1001,0,0
-409,564,-1722,4645,-186,-895,0,0
283,616,-1881,3533,338,-914,0,0
1736,568,-1707,3299,-50,-721,0,0
2226,457,-1587,4562,-790,-496,0,0
1872,364,-1613,5410,-772,-827,0,0
2027,241,-1540,4828,-1385,-1204,0,0
1691,291,-1592,3760,-1405,-1179,0,0
570,335,-1523,3449,-1468,-1149,0,0
-824,311,-1404,3626,-1217,-1045,0,0
-1606,301,-1268,3778,-981,-1069,0,0
-1484,330,-1018,3624,-699,-1311,0,0
-2792,290,-656,3507,-567,-1482,0,0
-201,154,-247,3682,-671,-1577,0,0
-198,-51,140,4046,-790,-1543,0,0
-235,-236,481,4146,-637,-1186,0,0
-98,-269,806,4105,-597,-1011,0,0
-206,-201,966,4274,-911,-1080,0,0
-882,-202,878,4823,-1459,-1359,0,0
-1992,-391,782,4310,-1472,-1226,0,0
-2632,-658,959,3933,-1197,-498,0,0
-3334,-884,1083,5138,-1169,-443,0,0
-4093,-1253,979,6122,-1032,-614,0,0
-3671,-1641,955,5786,-464,-128,0,0
-2089,-1787,1147,5040,-86,24,0,0
-351,-1777,1512,4416,105,-35,0,0
1427,-1608,1922,4054,-176,127,0,0
2570,-1204,2236,3819,-593,251,0,0
2191,-694,2237,3694,-762,58,0,0
954,-326,1857,3468,-661,-119,0,0
28,-88,1216,3418,-683,-275,0,0
-526,140,481,3386,-581,-399,0,0
-900,389,-182,3599,-581,-652,0,0
-1129,622,-737,4065,-558,-830,0,0
-991,896,-1278,4485,-215,-914,0,0
-282,1080,-1754,3966,31,-1012,0,0
587,1208,-1879,2905,-150,-1350,0,0
523,1172,-1809,3439,-294,-1524,0,0
180,1025,-1890,4992,-372,-1188,0,0
9,1040,-2061,5594,-417,-1470,0,0
493,1046,-1950,4776,-615,-1528,0,0
799,1018,-1640,4094,-819,-1481,0,0
409,897,-1360,4049,-1080,-1664,0,0
-237,700,-1232,4103,-1260,-1645,0,0
-576,556,-1106,3972,-1232,-1644,0,0
-772,402,-824,3684,-1217,-1918,0,0
-986,121,-299,3482,-1098,-1923,0,0
-1097,-242,400,3707,-728,-1589,0,0
-922,-588,1048,4185,-384,-1196,0,0
-438,-822,1556,4430,-217,-803,0,0
168,-817,1883,4371,-259,-603,0,0
646,-615,1936,4358,-664,-710,0,0
717,-353,1673,4285,-1132,-782,0,0
45,-125,1097,4429,-1472,-767,0,0
-1440,-46,478,3947,-1491,-711,0,0
-2847,-141,341,3314,-1489,-378,0,0
-3950,-329,508,4139,-1403,-80,0,0
-4956,-604,531,5547,-1245,-109,0,0
-4986,-893,451,5606,-521,116,0,0
-3113,-970,471,4661,17,136,0,0
-574,-874,751,3722,4,-66,0,0
1025,-649,1168,3344,-425,-129,0,0
1334,-345,1469,3525,-892,-177,0,0
677,-90,1507,3789,-945,-240,0,0
-104,76,1291,3720,-701,-265,0,0
-579,225,900,3665,-474,-401,0,0
-789,323,427,3979,-317,-650,0,0
-624,358,-28,4293,-147,-653,0,0
-228,438,-465,4610,-24,-774,0,0
288,510,-830,4852,146,-855,0,0
1070,599,-1111,4406,20,-886,0,0
1541,691,-1183,3117,-212,-1016,0,0
1355,667,-1143,3390,-392,-934,0,0
624,592,-1265,4555,-530,-1006,0,0
239,488,-1524,4826,-376,-932,0,0
813,459,-1632,4294,-409,-741,0,0
1431,619,-1570,4139,-715,-566,0,0
875,908,-1578,4401,-1468,-1412,0,0
-1174,909,-1519,3976,-1713,-2187,0,0
-2723,687,-1115,3323,-1296,-2152,0,0
-2641,423,-578,3216,-458,-2102,0,0
-1446,61,-235,3511,-63,-1798,0,0
-747,-240,-39,3981,-473,-1670,0,0
-960,-560,298,4262,-475,-1538,0,0
-763,-896,803,3862,-23,-981,0,0
-107,-1014,1178,3664,56,-759,0,0
623,-1002,1328,3859,-305,-706,0,0
1263,-866,1339,4174,-1047,-600,0,0
729,-655,1021,5056,-1475,-640,0,0
-871,-600,498,5142,-1563,-675,0,0
-2332,-704,450,4195,-1454,-224,0,0
-2961,-781,930,3742,-975,324,0,0
-3224,-819,1353,4773,-673,251,0,0
-3244,-933,1462,5896,-512,-170,0,0
-2079,-1074,1445,5798,-221,-121,0,0
-206,-973,1555,4765,-209,-89,0,0
1229,-684,1871,3746,-341,-116,0,0
1652,-296,2152,3333,-556,-194,0,0
1157,48,2098,3252,-594,-442,0,0
350,185,1628,3268,-726,-660,0,0
-396,264,937,3135,-694,-706,0,0
-749,386,211,3028,-404,-706,0,0
-745,544,-526,3417,-475,-816,0,0
-594,710,-1215,4084,-608,-910,0,0
-472,857,-1810,4938,-611,-959,0,0
-289,973,-2248,5511,-500,-984,0,0
245,1081,-2343,4888,-446,-1031,0,0
790,1119,-2070,3806,-525,-1279,0,0
844,942,-1657,3395,-673,-1291,0,0
650,696,-1354,3888,-670,-937,0,0
602,602,-1315,5019,-720,-1079,0,0
647,525,-1360,5301,-891,-1670,0,0
724,367,-1152,4270,-951,-1817,0,0
660,203,-659,3253,-829,-1454,0,0
403,123,-215,3146,-889,-1180,0,0
-147,126,-15,3409,-1120,-1324,0,0
-915,123,39,3530,-1202,-1478,0,0
-1679,94,87,3598,-1169,-1622,0,0
-2257,-27,241,3801,-1047,-1497,0,0
-2616,-202,464,4156,-989,-1190,0,0
-2943,-400,638,4454,-893,-1073,0,0
-3040,-656,794,4532,-700,-922,0,0
-2777,-908,951,4506,-611,-705,0,0
-2441,-1107,1058,4443,-575,-505,0,0
-2070,-1271,1092,4416,-536,-302,0,0
-1497,-1380,1019,4499,-514,86,0,0
-736,-1365,835,4669,-592,376,0,0
-332,-1241,591,4750,-824,354,0,0
-443,-1138,361,4837,-897,344,0,0
-407,-1066,265,4676,-855,671,0,0
-268,-796,357,4232,-803,937,0,0
-326,-327,608,3759,-793,568,0,0
-636,28,836,3976,-959,327,0,0
-1215,280,912,4185,-1027,420,0,0
-1559,518,956,4274,-810,437,0,0
-1529,757,1029,4343,-702,206,0,0
-1296,964,1108,4234,-726,-30,0,0
-1217,1124,1160,4255,-771,-198,0,0
-1378,1212,1176,4302,-789,-421,0,0
-1694,1202,1203,4229,-776,-664,0,0
-2149,1102,1221,4205,-805,-1060,0,0
-2778,832,1262,4216,-576,-1502,0,0
-2791,433,1175,4849,3,-1344,0,0
-1579,236,724,4825,549,-1107,0,0
167,261,293,3464,480,-1315,0,0
1186,327,12,2975,-15,-1465,0,0
872,411,-304,3607,-502,-1532,0,0
-147,468,-804,4317,-603,-1736,0,0
149,301,-931,4317,-1523,-2714,0,0
655,55,-652,3655,-1043,-2657,0,0
736,8,-475,3448,-956,-1818,0,0
-1195,-9,-522,3448,-1162,-1298,0,0
-2634,46,-576,3609,-980,-951,0,0
-2619,77,-610,3770,-362,-796,0,0
-1559,60,-654,3693,36,-727,0,0
-304,43,-697,3560,-98,-860,0,0
467,46,-660,3600,-451,-984,0,0
623,72,-591,3694,-800,-1268,0,0
294,34,-493,3596,-941,-1418,0,0
-159,-5,-376,3522,-789,-1182,0,0
-372,30,-251,3550,-678,-1047,0,0
-268,104,-186,3586,-728,-1050,0,0
-188,200,-183,3673,-904,-1170,0,0
-349,263,-241,3857,-1052,-1299,0,0
-760,239,-298,4602,-1196,-1274,0,0
-1314,142,-239,4761,-1153,-1265,0,0
-1305,-19,130,3847,-989,-951,0,0
-958,-187,782,3507,-1012,-728,0,0
-3496,-410,1390,4676,-993,-635,0,0
-2109,-648,1736,5983,-778,-616,0,0
-1982,-831,1954,6130,-281,-691,0,0
-824,-915,2209,5414,-89,-575,0,0
346,-802,2478,4509,-339,-551,0,0
623,-609,2656,3961,-636,-580,0,0
150,-515,2669,3637,-656,-498,0,0
-215,-491,2452,3354,-287,-285,0,0
159,-371,1901,2996,30,-196,0,0
753,-156,1051,2822,-227,-356,0,0
876,11,63,2914,-739,-511,0,0
438,139,-913,3037,-847,-529,0,0
-30,309,-1744,3360,-767,-472,0,0
-318,549,-2453,4132,-827,-596,0,0
-738,733,-3030,5320,-951,-943,0,0
-1217,785,-3296,6106,-824,-933,0,0
-970,910,-3158,5659,-480,-540,0,0
231,1076,-2656,4451,-390,-586,0,0
1292,1005,-2001,3683,-597,-786,0,0
1678,756,-1430,3942,-1077,-542,0,0
1532,569,-1033,4542,-1080,-405,0,0
1884,466,-692,4626,-712,-323,0,0
2907,470,-235,4217,-726,-562,0,0
3339,478,260,3477,-1018,-916,0,0
2692,420,608,3230,-1128,-924,0,0
1391,430,704,3388,-1039,-1033,0,0
164,475,606,3740,-754,-1397,0,0
-524,479,504,3727,-390,-1580,0,0
-630,477,421,3537,-195,-1544,0,0
-609,453,375,3524,-266,-1571,0,0
-791,329,273,3884,-504,-1627,0,0
-1007,105,131,4077,-521,-1339,0,0
-759,-81,39,4234,-469,-1050,0,0
-353,-199,-72,4687,-647,-1128,0,0
-210,-379,-155,5072,-879,-1311,0,0
-146,-667,136,4442,-862,-1151,0,0
56,-940,799,3427,-540,-577,0,0
211,-1051,1397,3672,-406,-138,0,0
-1066,-1009,1456,5077,-502,-169,0,0
-1175,-921,1109,5877,16,-765,0,0
701,-936,1001,5455,-522,-959,0,0
1133,-860,1287,4283,-832,-616,0,0
573,-687,1579,3511,-647,-490,0,0
-14,-597,1696,3309,-601,-437,0,0
-159,-588,1576,3143,-526,-257,0,0
175,-512,1202,2883,-395,-74,0,0
789,-339,578,2824,-455,-44,0,0
1387,-141,-235,2957,-670,-4,0,0
1765,69,-1160,3180,-913,-37,0,0
1749,270,-2083,3560,-1026,-103,0,0
1278,463,-2895,4307,-1178,-288,0,0
329,589,-3465,5442,-1371,-744,0,0
-972,565,-3538,6265,-1382,-1036,0,0
-1583,652,-3023,6169,-876,-634,0,0
-558,879,-2107,5022,-365,-686,0,0
1264,812,-1095,3172,-172,-746,0,0
2456,545,-299,3143,-596,-441,0,0
2421,307,159,4441,-997,-270,0,0
2306,139,382,4722,-1012,-117,0,0
2623,118,434,4029,-710,-175,0,0
3158,192,345,3356,-515,-376,0,0
3129,252,195,3220,-644,-607,0,0
2143,263,-46,3385,-483,-602,0,0
860,295,-293,3472,-358,-621,0,0
-44,360,-416,3564,-363,-842,0,0
-533,379,-419,3674,-372,-985,0,0
-710,360,-364,3707,-568,-1086,0,0
-860,314,-300,3809,-754,-1241,0,0
-1026,216,-237,3983,-864,-1330,0,0
-1082,79,-140,4235,-825,-1336,0,0
-962,-77,-61,4460,-906,-1437,0,0
-953,-307,-39,4641,-1132,-1684,0,0
-949,-654,127,4091,-1024,-1468,0,0
-582,-960,544,3869,-851,-945,0,0
-677,-1172,972,5174,-876,-918,0,0
-1047,-1407,1266,6395,-775,-944,0,0
-807,-1574,1602,6010,-490,-758,0,0
-195,-1615,2054,5268,-223,-620,0,0
391,-1534,2496,4651,-254,-479,0,0
750,-1326,2776,4202,-485,-347,0,0
622,-1070,2769,3811,-598,-269,0,0
272,-857,2464,3310,-583,-201,0,0
118,-648,1964,2833,-505,-117,0,0
270,-370,1296,2458,-419,-50,0,0
536,-33,457,2277,-526,-80,0,0
613,313,-515,2538,-786,-237,0,0
438,608,-1565,3258,-928,-358,0,0
117,849,-2638,4360,-979,-448,0,0
-283,1027,-3556,5596,-1075,-772,0,0
-827,1119,-3908,6062,-994,-1079,0,0
-713,1266,-3475,5118,-471,-822,0,0
441,1362,-2613,4183,-192,-768,0,0
1487,1136,-1850,4863,-207,-710,0,0
2428,830,-1282,5784,-789,-368,0,0
2626,687,-895,5384,-1135,-347,0,0
2814,629,-711,4351,-1151,-607,0,0
2835,527,-644,3492,-1383,-839,0,0
2147,388,-625,3185,-1405,-774,0,0
1218,314,-580,3249,-1215,-805,0,0
643,300,-489,3404,-1076,-1069,0,0
398,295,-322,3377,-1030,-1342,0,0
151,296,-85,3317,-1096,-1512,0,0
-470,223,167,3759,-1193,-1801,0,0
-1141,-17,432,4294,-923,-1677,0,0
-985,-233,689,4421,-591,-1230,0,0
-424,-322,828,4329,-685,-1195,0,0
-217,-426,819,4828,-1151,-1304,0,0
-628,-630,813,4778,-1359,-1324,0,0
-995,-876,1070,4222,-1058,-699,0,0
-1361,-968,1446,5091,-875,-416,0,0
-2578,-1056,1532,6180,-653,-453,0,0
-2178,-1179,1594,5826,-292,-400,0,0
-1026,-1158,1761,4887,-355,-224,0,0
-461,-1038,1981,4038,-548,-204,0,0
-94,-896,2167,3496,-543,-148,0,0
61,-742,2255,3298,-541,-24,0,0
130,-558,2134,3213,-474,83,0,0
309,-315,1715,3111,-493,73,0,0
448,-42,1009,3092,-666,-180,0,0
529,197,235,3063,-759,-383,0,0
637,458,-515,3164,-711,-375,0,0
568,777,-1354,3608,-867,-531,0,0
282,1026,-2268,4176,-1080,-852,0,0
-377,1128,-3050,4938,-1241,-1173,0,0
-1272,1145,-3418,5336,-1088,-1379,0,0
-1344,1186,-3177,4695,-638,-1371,0,0
98,1083,-2479,4256,-254,-1249,0,0
1783,701,-1666,4669,-368,-1100,0,0
2564,316,-790,4964,-671,-493,0,0
2662,201,-65,4437,-896,-299,0,0
2729,208,314,3854,-1076,-527,0,0
2537,186,426,3466,-1279,-742,0,0
1996,153,344,3261,-1185,-727,0,0
1250,198,92,3243,-924,-933,0,0
566,236,-207,3216,-861,-1231,0,0
-188,274,-418,3256,-976,-1474,0,0
-1019,268,-488,3635,-951,-1554,0,0
-1562,178,-522,4271,-854,-1547,0,0
-1485,41,-515,4586,-640,-1333,0,0
-754,-54,-416,4611,-605,-1194,0,0
-146,-160,-218,4670,-861,-1374,0,0
18,-339,176,4209,-1069,-1322,0,0
-40,-488,726,3459,-1044,-954,0,0
-501,-583,1197,3900,-1051,-819,0,0
-1418,-725,1350,5196,-1121,-880,0,0
-2570,-926,1189,5632,-751,-745,0,0
-1995,-1103,1102,5176,-359,-705,0,0
-732,-1208,1230,4398,-273,-422,0,0
164,-1193,1527,3899,-461,-311,0,0
504,-1123,1830,3808,-534,-223,0,0
495,-1009,1990,3850,-516,-114,0,0
490,-840,1895,3845,-468,-140,0,0
656,-653,1535,3720,-511,-264,0,0
801,-497,940,3553,-616,-371,0,0
910,-391,232,3525,-591,-332,0,0
1058,-269,-507,3613,-543,-336,0,0
1269,-141,-1219,3767,-586,-404,0,0
1595,-24,-1905,4108,-617,-347,0,0
2035,116,-2600,4276,-740,-315,0,0
2406,254,-3107,3857,-879,-418,0,0
2504,332,-3280,4122,-960,-475,0,0
2364,343,-3317,5662,-1185,-774,0,0
1876,144,-3159,6144,-1452,-891,0,0
1415,175,-2705,5301,-1149,-317,0,0
1081,390,-2138,4601,-991,-622,0,0
1155,417,-1584,4268,-1166,-802,0,0
1245,335,-1138,3830,-1403,-712,0,0
1082,301,-771,3523,-1335,-816,0,0
971,278,-452,3385,-1338,-928,0,0
820,286,-187,3256,-1360,-1070,0,0
455,309,61,3418,-1477,-1277,0,0
-293,292,254,3917,-1529,-1464,0,0
-1069,201,482,4206,-1290,-1438,0,0
-1385,76,834,4192,-959,-1351,0,0
-1225,-63,1174,4342,-802,-1152,0,0
-1080,-196,1309,4879,-997,-1178,0,0
-1125,-362,1360,4654,-977,-1144,0,0
-927,-523,1608,3985,-790,-837,0,0
-820,-618,1964,4187,-741,-605,0,0
-1206,-709,2112,5621,-872,-677,0,0
-1954,-868,1979,6444,-771,-806,0,0
-1993,-1036,1855,5910,-361,-560,0,0
-954,-1053,1841,4809,-169,-117,0,0
169,-811,1990,3680,-312,-41,0,0
576,-478,2169,3107,-490,-135,0,0
468,-138,2126,2978,-632,-215,0,0
75,152,1741,2743,-727,-299,0,0
-331,371,1101,2533,-662,-322,0,0
-546,585,213,2742,-613,-350,0,0
-681,793,-877,3320,-808,-548,0,0
-718,938,-1859,3914,-771,-622,0,0
-572,1066,-2585,4542,-646,-620,0,0
-310,1206,-3042,5155,-587,-777,0,0
-116,1246,-3207,5855,-718,-1056,0,0
-140,1132,-2909,5484,-747,-1094,0,0
360,937,-2094,4177,-417,-513,0,0
1421,735,-1278,4228,-63,-11,0,0
2367,632,-890,5400,-433,-54,0,0
3315,489,-785,5407,-964,-442,0,0
4035,262,-650,4090,-1212,-392,0,0
3756,190,-443,3049,-1108,-215,0,0
2840,290,-291,2759,-1169,-467,0,0
1873,369,-274,3023,-1269,-833,0,0
977,365,-372,3363,-1204,-1031,0,0
260,343,-416,3557,-992,-1207,0,0
-84,364,-270,3407,-747,-1579,0,0
-22,362,-53,3471,-685,-1796,0,0
-135,280,32,4018,-854,-1943,0,0
-497,95,81,4474,-812,-1745,0,0
-448,-87,200,4840,-657,-1401,0,0
-304,-215,289,4949,-764,-1557,0,0
-224,-455,536,4187,-816,-1572,0,0
-48,-752,1011,3772,-793,-1020,0,0
-399,-940,1371,4861,-900,-927,0,0
-1146,-1161,1459,6004,-783,-1005,0,0
-1180,-1367,1544,5799,-402,-738,0,0
-439,-1433,1786,5166,-149,-538,0,0
328,-1380,2155,4639,-97,-493,0,0
950,-1205,2521,4123,-134,-353,0,0
1244,-912,2640,3721,-216,-304,0,0
1162,-633,2347,3252,-276,-352,0,0
906,-425,1717,2777,-394,-418,0,0
551,-285,816,2583,-355,-435,0,0
337,-187,-294,2939,-477,-471,0,0
356,-97,-3432,3405,-563,-447,0,0
554,25,-2319,3861,-621,-379,0,0
833,190,-3150,4661,-629,-300,0,0
1247,344,-3896,5576,-803,-344,0,0
1554,433,-4185,5247,-979,-483,0,0
1706,449,-3858,5227,-908,-396,0,0
1498,461,-3181,5775,-797,-416,0,0
1472,514,-2250,5290,-703,-351,0,0
1951,587,-1371,4322,-695,-266,0,0
2371,620,-862,3951,-933,-431,0,0
2401,542,-676,3818,-1281,-573,0,0
1800,483,-680,3617,-1446,-761,0,0
966,476,-709,3517,-1361,-1204,0,0
218,464,-615,3376,-1206,-1728,0,0
-138,416,-399,3282,-1002,-1901,0,0
-209,363,-216,3681,-1025,-1947,0,0
-495,258,-97,4065,-1140,-1939,0,0
-708,86,135,4409,-1022,-1653,0,0
-772,-111,440,4674,-932,-1646,0,0
-647,-393,832,4173,-926,-1501,0,0
-416,-692,1389,4327,-932,-978,0,0
-883,-892,1811,5744,-941,-848,0,0
-1459,-1067,2079,6309,-645,-870,0,0
-1169,-1217,2458,5909,-304,-848,0,0
-527,-1298,2946,5532,-77,-757,0,0
-6,-1258,3344,5257,73,-630,0,0
652,-1074,3416,4534,530,-419,0,0
1231,-829,3047,3826,186,-492,0,0
1067,-597,2513,3458,-399,-530,0,0
282,-416,1774,2912,-162,-403,0,0
-293,-318,680,2811,-126,-313,0,0
-122,-213,-568,2935,-342,-229,0,0
341,-44,-1725,3349,-618,-111,0,0
436,129,-2772,4269,-729,-153,0,0
542,247,-3641,5076,-751,-177,0,0
851,394,-4006,4992,-728,-253,0,0
1260,557,-3806,5385,-549,-269,0,0
1325,667,-3362,6087,-466,-460,0,0
1505,703,-2673,5837,-445,-456,0,0
2235,698,-2023,5288,-446,-210,0,0
2737,695,-1738,4528,-784,-344,0,0
2830,604,-1760,4021,-1143,-475,0,0
2568,469,-1928,3803,-1396,-403,0,0
1998,442,-2087,3629,-1435,-503,0,0
1718,522,-1963,3624,-1411,-758,0,0
1671,618,-1506,3656,-1464,-1237,0,0
1278,606,-906,3779,-1616,-1484,0,0
441,545,-303,4124,-1708,-1608,0,0
-319,469,336,4512,-1474,-1586,0,0
-829,322,977,4776,-1224,-1721,0,0
-838,68,1580,4372,-855,-1633,0,0
-516,-206,2100,4167,-782,-1409,0,0
-2792,-417,2455,4943,-910,-1252,0,0
-1583,-617,2628,5899,-876,-1218,0,0
-2262,-900,2676,6339,-577,-1271,0,0
-2203,-1228,2729,6119,-265,-973,0,0
-1586,-1404,2810,5582,-128,-548,0,0
-932,-1400,2836,5100,-128,-341,0,0
-328,-1275,2734,4421,-208,-228,0,0
101,-1052,2499,3730,-297,-197,0,0
320,-775,2142,3226,-355,-175,0,0
430,-490,1597,2841,-418,-109,0,0
332,-204,799,2782,-552,-141,0,0
128,35,-156,2889,-653,-201,0,0
144,268,-1097,3272,-619,-160,0,0
386,558,-2041,4124,-625,-176,0,0
616,871,-2908,4579,-823,-496,0,0
413,1082,-3306,4213,-963,-1072,0,0
-116,1061,-3146,4341,-764,-1173,0,0
-285,969,-2825,5474,-323,-754,0,0
630,990,-2534,6082,-60,-471,0,0
2198,981,-2178,5463,-508,-866,0,0
3003,831,-1729,4500,-1096,-1030,0,0
2300,653,-1387,3964,-1207,-953,0,0
1487,509,-1247,3812,-1163,-920,0,0
1027,423,-1182,3675,-1048,-930,0,0
988,394,-1063,3621,-1016,-1115,0,0
985,362,-844,3646,-1031,-1385,0,0
888,311,-519,3750,-1148,-1614,0,0
395,231,-177,4034,-1228,-1816,0,0
-182,102,171,4165,-1037,-1719,0,0
-316,-48,518,4294,-845,-1458,0,0
-242,-196,753,4573,-926,-1416,0,0
-114,-375,959,3992,-847,-1289,0,0
349,-522,1333,3535,-799,-828,0,0
184,-538,1669,4681,-1083,-811,0,0
-1007,-645,1747,5998,-1221,-1036,0,0
-1850,-864,1813,6134,-796,-851,0,0
-1675,-1024,2031,5551,-327,-562,0,0
-1014,-1076,2400,4808,-98,-328,0,0
-219,-998,2789,4393,-227,-246,0,0
242,-783,2984,4090,-353,-255,0,0
335,-523,2878,3552,-399,-241,0,0
341,-272,2426,3062,-455,-270,0,0
273,-52,1647,2745,-562,-333,0,0
121,124,601,2653,-627,-404,0,0
-32,261,-2616,2909,-708,-452,0,0
-94,401,-1681,3603,-795,-611,0,0
-215,543,-2606,4541,-731,-726,0,0
-223,714,-3277,5327,-653,-868,0,0
-36,844,-3426,4739,-626,-1178,0,0
357,792,-2997,4424,-458,-963,0,0
814,660,-2451,5259,-264,-677,0,0
1329,508,-1970,5349,-472,-557,0,0
2076,431,-1531,4520,-787,-411,0,0
2380,457,-1242,3926,-1000,-594,0,0
2184,432,-1071,3753,-1191,-732,0,0
1616,406,-1024,3773,-1279,-804,0,0
792,420,-1041,3774,-1255,-1203,0,0
190,384,-929,3652,-1165,-1540,0,0
-59,330,-676,3413,-1016,-1714,0,0
-57,266,-359,3585,-930,-1677,0,0
-205,187,-103,4015,-1080,-1838,0,0
-458,18,138,4269,-1069,-1678,0,0
-376,-148,439,4246,-973,-1290,0,0
-279,-247,746,4377,-1060,-1231,0,0
-321,-367,1084,4057,-1178,-1060,0,0
-543,-463,1376,3743,-1422,-717,0,0
-1695,-616,1575,5200,-1469,-904,0,0
-2855,-997,1824,6434,-926,-805,0,0
-2642,-1271,2155,6322,-149,-313,0,0
-1353,-1355,2454,5624,190,-233,0,0
279,-1288,2726,4670,-38,-173,0,0
1389,-1004,2970,3887,-384,-49,0,0
1608,-571,2949,3345,-201,-16,0,0
1557,-251,2469,2830,-171,-35,0,0
1250,-83,1641,2585,-534,-154,0,0
506,51,648,2616,-588,-249,0,0
-305,154,-494,3016,-620,-323,0,0
-698,297,-1564,3533,-706,-445,0,0
-551,519,-2463,4386,-749,-620,0,0
-456,733,-3259,5526,-772,-800,0,0
-547,895,-3734,5863,-903,-1102,0,0
-696,955,-3448,4730,-794,-1379,0,0
-297,799,-2582,4058,-191,-804,0,0
849,519,-1804,4984,-9,-284,0,0
2107,362,-1287,5741,-273,-124,0,0
3229,290,-961,5107,-813,-297,0,0
3873,176,-750,4077,-1148,-440,0,0
3645,59,-618,3323,-1242,-379,0,0
2609,48,-616,3091,-1224,-411,0,0
1520,132,-756,3193,-1194,-663,0,0
704,243,-955,3301,-1302,-1071,0,0
-107,332,-1024,3181,-1345,-1354,0,0
-817,413,-895,3420,-1288,-1547,0,0
-1333,404,-699,3882,-1253,-1738,0,0
-1347,291,-371,4145,-989,-1398,0,0
-815,186,78,4524,-840,-1195,0,0
-520,54,530,5169,-1097,-1368,0,0
-599,-184,1078,4637,-1100,-1446,0,0
-450,-457,1792,3967,-926,-918,0,0
-929,-636,2296,5178,-875,-820,0,0
-1673,-889,2447,6299,-747,-841,0,0
-1807,-1147,2440,6021,-451,-653,0,0
-1189,-1301,2461,5325,-257,-385,0,0
-358,-1268,2576,4642,-220,-128,0,0
29,-1053,2662,4111,-375,-207,0,0
-38,-860,2593,3769,-343,-288,0,0
-39,-738,2224,3417,-401,-117,0,0
-44,-536,1562,2999,-489,-113,0,0
-103,-313,772,2775,-502,-167,0,0
-18,-82,-87,2905,-559,-116,0,0
132,236,-991,3157,-707,-206,0,0
72,604,-1833,3585,-861,-416,0,0
-319,920,-2633,4372,-1025,-656,0,0
-933,1107,-3277,5348,-1064,-886,0,0
-1450,1205,-3500,5488,-915,-1037,0,0
-1039,1323,-3028,4394,-412,-767,0,0
252,1344,-2285,5076,-187,-751,0,0
965,1193,-1575,5745,-355,-1031,0,0
1658,961,-791,5159,-529,-821,0,0
2233,838,-257,4385,-630,-779,0,0
2479,821,-65,3622,-915,-794,0,0
2227,824,-142,3252,-1299,-992,0,0
1376,776,-374,2966,-1411,-1122,0,0
369,705,-601,2931,-1189,-1136,0,0
-164,607,-618,3220,-946,-978,0,0
-368,507,-365,3588,-901,-697,0,0
-873,417,100,4138,-520,-397,0,0
-880,329,517,4653,163,-39,0,0
215,321,726,4528,409,340,0,0
1084,463,819,4752,-21,281,0,0
-53,550,648,4967,-126,-534,0,0
-433,348,627,3873,391,208,0,0
80,325,702,3276,725,800,0,0
-31,372,592,4124,285,408,0,0
-120,86,412,4947,-171,616,0,0
312,-140,400,4316,-311,1051,0,0
226,-24,452,3733,-383,1045,0,0
-23,185,534,3460,-437,772,0,0
-29,206,540,3431,-480,475,0,0
-25,44,329,3316,-182,626,0,0
189,-72,-64,3428,-64,853,0,0
494,-71,-345,3640,-548,757,0,0
551,-32,-432,3858,-941,441,0,0
527,-90,-440,4317,-1031,261,0,0
599,-225,-392,4551,-967,282,0,0
568,-361,-233,4550,-826,263,0,0
552,-571,-18,4978,-654,445,0,0
667,-754,191,4783,-624,569,0,0
697,-749,567,3431,-456,345,0,0
873,-748,1087,3054,-114,548,0,0
1027,-756,1202,3718,616,853,0,0
744,-735,441,4208,1795,867,0,0
1548,-685,-187,4289,444,412,0,0
2330,-503,-381,3952,-562,-84,0,0
2658,-289,-314,3490,-732,-349,0,0
2248,-139,-268,3348,-1054,-602,0,0
978,-123,-353,3422,-1080,-746,0,0
47,-93,-466,3495,-924,-786,0,0
-297,25,-652,3514,-868,-1016,0,0
-454,113,-814,3490,-950,-1360,0,0
-700,91,-860,3740,-950,-1445,0,0
-951,27,-897,4082,-886,-1427,0,0
-1047,-85,-969,4551,-838,-1492,0,0
-849,-280,-946,5107,-836,-1556,0,0
-475,-526,-707,5034,-906,-1484,0,0
37,-750,-63,3880,-997,-1129,0,0
-306,-975,820,4135,-1071,-916,0,0
-1479,-1216,1501,5635,-759,-692,0,0
-1876,-1378,1811,5932,-406,-624,0,0
-1311,-1476,1886,5368,-227,-862,0,0
-162,-1597,1958,4631,-285,-740,0,0
881,-1608,2148,3983,-342,-205,0,0
1368,-1412,2339,3717,-378,87,0,0
1401,-1113,2336,3576,-437,51,0,0
1413,-801,2024,3263,-415,13,0,0
1469,-477,1425,3066,-564,-125,0,0
1307,-180,579,3121,-734,-341,0,0
822,38,-424,3227,-810,-560,0,0
357,150,-1358,3478,-718,-557,0,0
351,276,-2180,4073,-564,-374,0,0
747,470,-3048,5239,-559,-343,0,0
1181,614,-3766,5485,-779,-690,0,0
1527,589,-3837,4570,-802,-812,0,0
1984,455,-3432,4603,-579,-456,0,0
2246,294,-2980,5612,-569,-119,0,0
2825,235,-2417,5660,-751,147,0,0
3418,308,-1823,4953,-920,-59,0,0
3480,332,-1372,4136,-1105,-273,0,0
2976,248,-1114,3616,-1390,-218,0,0
2032,217,-986,3503,-1338,-160,0,0
1291,312,-869,3628,-1212,-460,0,0
899,441,-670,3749,-1127,-915,0,0
646,539,-370,3666,-1126,-1289,0,0
225,573,-39,3581,-1119,-1656,0,0
-346,528,249,3621,-1001,-1933,0,0
-693,413,471,3814,-831,-2033,0,0
-613,253,646,3995,-591,-1857,0,0
-275,127,749,4255,-636,-1551,0,0
-365,37,711,4629,-936,-1612,0,0
-615,-119,854,4052,-934,-1446,0,0
-639,-293,1335,3519,-825,-1146,0,0
-1195,-519,1716,4730,-849,-1085,0,0
-1994,-862,1738,6132,-865,-960,0,0
-2022,-1148,1716,6203,-438,-601,0,0
-1167,-1282,1831,5806,71,-428,0,0
236,-1277,2147,4985,58,-406,0,0
1266,-1102,2605,4220,-222,-507,0,0
1495,-846,2950,3917,-473,-374,0,0
1060,-533,2839,3471,-615,-339,0,0
491,-292,2239,2831,-604,-380,0,0
213,-120,1286,2379,-604,-386,0,0
190,44,121,2210,-661,-372,0,0
689,206,-3104,2425,-795,-261,0,0
1878,356,-2021,3049,-1047,-262,0,0
2004,285,-2869,4328,-1580,-381,0,0
775,-30,-3680,5633,-1762,-393,0,0
-630,-192,-4197,6435,-1593,-551,0,0
-1205,41,-4063,5690,-1005,-713,0,0
-169,457,-3211,4196,-458,-896,0,0
1259,457,-2124,3733,-387,-828,0,0
1983,172,-1258,4260,-693,-176,0,0
2131,63,-707,4880,-755,152,0,0
2552,89,-373,4519,-825,19,0,0
3028,134,-193,3746,-1081,-230,0,0
3091,171,-121,3249,-1191,-349,0,0
2628,220,-176,3233,-1226,-360,0,0
1768,300,-270,3387,-1163,-475,0,0
984,402,-313,3556,-1111,-749,0,0
321,511,-253,3642,-1082,-1233,0,0
-315,543,-96,3760,-1028,-1633,0,0
-845,510,65,3932,-867,-1831,0,0
-989,417,208,3962,-606,-1757,0,0
-624,328,311,3847,-502,-1458,0,0
-334,324,251,3774,-875,-1339,0,0
-806,313,-2,4299,-1336,-1765,0,0
-1520,2,-160,4095,-1480,-1934,0,0
-1590,-449,65,3554,-1251,-1104,0,0
-1635,-759,443,4868,-1082,-724,0,0
-2335,-1080,743,6580,-941,-885,0,0
-2081,-1413,1211,6249,-322,-454,0,0
-621,-1532,1866,5054,79,-286,0,0
644,-1471,2439,4326,-101,-289,0,0
1368,-1248,2823,4114,-598,-224,0,0
1244,-953,2928,3960,-886,-315,0,0
372,-757,2664,3584,-897,-359,0,0
-427,-612,2070,3263,-612,-167,0,0
-483,-363,1197,3074,-388,-71,0,0
-131,-31,160,2871,-540,-251,0,0
141,273,-802,2826,-772,-355,0,0
27,525,-1656,3263,-812,-360,0,0
-214,709,-2388,3878,-849,-555,0,0
-329,766,-2860,4785,-750,-674,0,0
-131,794,-3112,5667,-572,-604,0,0
634,901,-2908,5086,-395,-648,0,0
1921,921,-2247,4177,-367,-803,0,0
2398,716,-1535,4381,-619,-898,0,0
2187,454,-973,4895,-757,-491,0,0
2169,375,-624,4904,-731,-296,0,0
2343,384,-576,4587,-759,-553,0,0
2851,334,-668,4007,-919,-382,0,0
3072,356,-774,3572,-1077,-405,0,0
2464,401,-891,3260,-1295,-780,0,0
1231,385,-1036,3130,-1451,-1192,0,0
-70,309,-1064,3291,-1376,-1563,0,0
-854,225,-979,3637,-1075,-1683,0,0
-819,154,-795,4085,-785,-1600,0,0
-262,68,-448,4061,-659,-1458,0,0
246,-34,13,3870,-825,-1241,0,0
224,-91,406,4099,-1118,-1164,0,0
-270,-184,600,4878,-1404,-1367,0,0
-805,-379,763,4807,-1316,-1308,0,0
-826,-526,1144,4102,-995,-821,0,0
-939,-589,1640,3994,-844,-660,0,0
-1294,-695,2029,4664,-966,-537,0,0
-2041,-844,2161,5699,-903,-535,0,0
-2579,-1059,2092,6036,-491,-616,0,0
-1884,-1273,1996,5665,-115,-450,0,0
-315,-1280,1991,4847,-70,-244,0,0
895,-1093,2113,3948,-323,-183,0,0
1165,-838,2220,3502,-584,-277,0,0
761,-608,2163,3238,-658,-354,0,0
381,-387,1794,3015,-625,-232,0,0
252,-102,1042,2775,-614,-245,0,0
233,159,41,2634,-708,-337,0,0
330,364,-1017,2829,-794,-284,0,0
320,575,-2008,3263,-797,-288,0,0
223,761,-2858,4141,-829,-470,0,0
105,831,-3530,5217,-899,-802,0,0
-11,770,-3819,5990,-756,-741,0,0
602,852,-3598,5946,-465,-412,0,0
1726,981,-2972,5313,-464,-779,0,0
2414,798,-2180,4635,-762,-985,0,0
2416,458,-1514,4265,-1178,-678,0,0
1987,223,-1080,4187,-1094,-338,0,0
1929,145,-797,4259,-1035,-357,0,0
2052,154,-568,4194,-1013,-641,0,0
2169,171,-294,3887,-1161,-868,0,0
1821,196,-49,3648,-1235,-936,0,0
1084,249,110,3565,-1190,-1039,0,0
322,299,235,3513,-1066,-1356,0,0
-299,296,392,3416,-899,-1660,0,0
-762,217,554,3494,-697,-1797,0,0
-879,98,669,3634,-500,-1609,0,0
-770,52,714,3789,-504,-1508,0,0
-919,35,705,3937,-650,-1586,0,0
-1285,-19,710,3886,-627,-1380,0,0
-1360,-48,697,3691,-629,-1016,0,0
-1239,-14,510,3823,-809,-888,0,0
-1288,-30,104,4626,-1194,-1031,0,0
-1795,-218,-293,4807,-1482,-1127,0,0
-2185,-481,-232,4173,-1318,-670,0,0
-2123,-677,380,4020,-1009,-539,0,0
-2080,-949,1199,4947,-573,-361,0,0
-1894,-1137,1780,5827,-344,-220,0,0
-1147,-1173,2144,5557,-127,-182,0,0
369,-1033,2483,4825,-234,-252,0,0
1556,-692,2756,4177,-515,-333,0,0
1751,-245,2781,3556,-753,-281,0,0
1021,138,2438,3101,-929,-204,0,0
-160,354,1750,2739,-937,-262,0,0
-946,426,916,2480,-766,-323,0,0
-957,487,44,2493,-556,-304,0,0
-485,629,-881,2934,-604,-423,0,0
-109,764,-1838,3571,-819,-710,0,0
-237,764,-2685,4477,-1020,-1076,0,0
-701,631,-3208,5344,-869,-1128,0,0
-439,649,-3244,5996,-417,-737,0,0
722,848,-2804,5722,-266,-893,0,0
1832,821,-1974,4190,-451,-1336,0,0
2214,466,-1144,3284,-848,-1124,0,0
1836,119,-569,3614,-1045,-634,0,0
1284,-37,-267,4401,-852,-236,0,0
1389,-4,-190,4651,-637,-260,0,0
2005,99,-232,4221,-866,-549,0,0
2352,203,-270,3613,-1206,-804,0,0
1738,294,-308,3269,-1319,-893,0,0
316,342,-309,3321,-1277,-1020,0,0
-1002,328,-187,3443,-1047,-1231,0,0
-1530,280,22,3532,-595,-1244,0,0
-1218,254,202,3720,-307,-1306,0,0
-682,204,269,3771,-402,-1478,0,0
-535,81,223,3759,-737,-1505,0,0
-746,-52,164,3649,-788,-1212,0,0
-849,-95,47,3644,-822,-929,0,0
-900,-99,-176,4266,-1033,-925,0,0
-1218,-215,-382,5358,-1398,-1186,0,0
-1650,-442,-314,5063,-1377,-982,0,0
-1428,-597,284,3854,-1077,-517,0,0
-1436,-738,1113,3970,-640,-413,0,0
-1746,-918,1703,5086,-690,-375,0,0
-1829,-1032,1959,5638,-597,-256,0,0
-1500,-1018,1995,5326,-470,-477,0,0
-840,-1008,1914,4452,-519,-556,0,0
-64,-948,1861,3669,-585,-177,0,0
283,-754,1788,3448,-597,109,0,0
200,-526,1617,3447,-616,121,0,0
106,-309,1323,3363,-552,30,0,0
173,-44,938,3263,-535,-105,0,0
151,241,427,3555,-625,-385,0,0
-43,402,-190,3983,-642,-633,0,0
-11,442,-754,4093,-515,-597,0,0
310,532,-1270,4324,-346,-494,0,0
837,700,-1886,4854,-486,-826,0,0
1134,729,-2432,4463,-728,-1344,0,0
1405,574,-2641,3589,-761,-1208,0,0
1814,420,-2534,3758,-765,-842,0,0
1751,300,-2261,4764,-947,-846,0,0
1592,224,-1805,5248,-960,-739,0,0
1414,282,-1262,4543,-951,-777,0,0
1187,337,-809,3808,-870,-972,0,0
1122,275,-484,3526,-964,-904,0,0
951,215,-305,3378,-990,-858,0,0
730,195,-168,3415,-877,-1002,0,0
663,177,-30,3553,-816,-1120,0,0
597,195,108,3618,-876,-1338,0,0
293,193,235,3678,-900,-1518,0,0
-138,121,317,3948,-831,-1578,0,0
-355,12,374,3962,-661,-1461,0,0
-166,-62,421,3916,-603,-1295,0,0
18,-83,392,4173,-819,-1293,0,0
-197,-111,242,4747,-1039,-1386,0,0
-561,-181,189,4417,-994,-1310,0,0
-638,-271,466,3506,-921,-1080,0,0
-832,-421,940,3600,-863,-1005,0,0
-1339,-692,1290,4951,-873,-916,0,0
-1686,-978,1410,6128,-415,-697,0,0
-925,-1152,1565,5892,109,-389,0,0
716,-1129,1917,4768,40,-370,0,0
1807,-928,2294,3931,-259,-492,0,0
1983,-680,2443,3484,-648,-519,0,0
1372,-515,2183,3193,-789,-435,0,0
619,-434,1558,2858,-647,-318,0,0
354,-345,672,2622,-481,-288,0,0
604,-184,-381,2626,-548,-345,0,0
889,7,-1488,3010,-815,-442,0,0
792,175,-2548,3563,-973,-542,0,0
453,308,-3356,4252,-951,-560,0,0
115,437,-3845,5340,-970,-821,0,0
-358,463,-3985,6358,-864,-905,0,0
-204,586,-3676,6220,-601,-600,0,0
801,766,-2970,4960,-630,-794,0,0
1496,645,-2118,3997,-842,-881,0,0
1655,376,-1342,3740,-1037,-477,0,0
1734,211,-749,3685,-997,-72,0,0
1990,205,-315,3852,-849,-58,0,0
2384,280,103,4174,-838,-252,0,0
2593,425,532,4249,-841,-527,0,0
2074,588,822,3869,-794,-856,0,0
911,699,900,3489,-589,-928,0,0
62,710,776,3484,-322,-1261,0,0
-227,606,574,3514,76,-1460,0,0
-140,496,326,3656,329,-1554,0,0
99,426,93,3798,270,-1755,0,0
204,359,-108,3742,-6,-1935,0,0
30,287,-272,3634,-384,-1929,0,0
-439,202,-418,3719,-708,-1881,0,0
-982,69,-555,3983,-856,-1753,0,0
-1396,-83,-699,4629,-1095,-1777,0,0
-1924,-334,-782,5233,-1378,-1912,0,0
-1848,-743,-464,4366,-1306,-1204,0,0
-3304,-1060,323,3849,-1004,-540,0,0
-1658,-1301,1025,4946,-529,-503,0,0
-1788,-1547,1419,5743,-245,-641,0,0
-803,-1798,1791,5651,-122,-630,0,0
512,-1858,2217,5220,-101,-435,0,0
1658,-1647,2629,4645,-217,-353,0,0
2428,-1222,2919,4050,-344,-377,0,0
2536,-772,2848,3555,-610,-511,0,0
1809,-470,2332,3124,-691,-489,0,0
683,-268,1576,2778,-595,-425,0,0
-200,-95,720,2613,-279,-340,0,0
-400,95,-265,3022,-361,-413,0,0
-235,269,-1290,3553,-529,-480,0,0
128,436,-2210,4011,-633,-393,0,0
397,607,-3046,4888,-647,-416,0,0
710,714,-3744,5837,-720,-515,0,0
1069,791,-3933,5244,-788,-682,0,0
1458,838,-3458,4626,-752,-799,0,0
1290,733,-2704,5048,-763,-1026,0,0
952,533,-1843,5147,-700,-688,0,0
1296,468,-1090,4483,-610,-361,0,0
1864,499,-654,3866,-713,-549,0,0
2278,477,-455,3646,-1047,-828,0,0
1996,289,-409,3528,-1374,-1017,0,0
1152,374,-434,3424,-1359,-1177,0,0
320,342,-377,3379,-1110,-1386,0,0
-98,303,-190,3385,-913,-1485,0,0
-217,267,61,3602,-855,-1545,0,0
-420,192,286,4021,-866,-1653,0,0
-592,57,487,4287,-771,-1543,0,0
-487,-76,675,4336,-706,-1352,0,0
-413,-182,779,4617,-901,-1387,0,0
-674,-358,862,4262,-1035,-1445,0,0
-933,-625,1123,4157,-924,-928,0,0
-1434,-823,1340,5501,-913,-807,0,0
-2026,-1033,1427,6185,-639,-920,0,0
-1651,-1253,1680,5521,-210,-663,0,0
-644,-1361,2086,4979,-38,-468,0,0
128,-1334,2467,4684,-166,-425,0,0
509,-1209,2711,4357,-383,-442,0,0
522,-1042,2746,3824,-283,-352,0,0
523,-777,2445,3200,-188,-349,0,0
424,-492,1781,2899,-377,-437,0,0
171,-286,832,2643,-510,-406,0,0
85,-108,-262,2462,-505,-224,0,0
317,102,-1347,2773,-549,-157,0,0
534,385,-2369,3575,-716,-459,0,0
313,605,-3333,4872,-1035,-966,0,0
-280,648,-4045,5598,-1041,-1104,0,0
-138,712,-4011,5079,-552,-511,0,0
1199,860,-3354,5006,-302,-154,0,0
1888,895,-2570,5614,-425,-413,0,0
2343,893,-1638,5713,-585,-557,0,0
3126,879,-830,5031,-703,-731,0,0
3295,717,-474,4320,-1015,-776,0,0
2758,557,-481,3887,-1269,-608,0,0
1947,534,-651,3336,-1241,-745,0,0
1476,554,-787,2916,-1041,-1083,0,0
1265,563,-846,2761,-1068,-1414,0,0
804,518,-898,3107,-1283,-1607,0,0
-11,424,-923,3596,-1211,-1737,0,0
-347,354,-785,3806,-942,-1586,0,0
-201,314,-447,4118,-843,-1627,0,0
-107,186,10,4577,-910,-1623,0,0
-212,-18,532,4920,-1011,-1542,0,0
-360,-258,1051,4676,-850,-1561,0,0
-176,-545,1576,4120,-719,-1319,0,0
-151,-786,1998,4455,-794,-1023,0,0
-705,-969,2159,5542,-817,-941,0,0
-1278,-1122,2190,5846,-533,-869,0,0
-1128,-1224,2228,5588,-257,-837,0,0
-548,-1254,2325,5018,-253,-733,0,0
-102,-1171,2458,4490,-359,-441,0,0
-129,-976,2490,3981,-476,-265,0,0
-392,-762,2284,3390,-398,-177,0,0
-341,-510,1844,2841,-367,-149,0,0
-100,-206,1207,2568,-470,-164,0,0
23,126,329,2670,-628,-307,0,0
34,396,-645,2927,-714,-500,0,0
183,593,-1513,3324,-643,-520,0,0
397,789,-2334,4183,-637,-636,0,0
493,920,-3119,5286,-710,-879,0,0
578,946,-3591,5679,-677,-1040,0,0
1164,934,-3430,4796,-549,-1006,0,0
2009,851,-2811,4313,-479,-896,0,0
2291,614,-2151,4917,-659,-805,0,0
2205,377,-1493,5095,-866,-528,0,0
2213,257,-897,4526,-773,-371,0,0
2430,225,-547,4048,-759,-390,0,0
2594,217,-398,3722,-1003,-424,0,0
2364,222,-400,3573,-1166,-520,0,0
1822,257,-459,3508,-1121,-690,0,0
1189,334,-478,3514,-1027,-1020,0,0
639,395,-395,3481,-958,-1335,0,0
175,437,-279,3512,-901,-1608,0,0
-261,437,-201,3797,-843,-1836,0,0
-563,370,-201,4064,-812,-1896,0,0
-543,271,-172,4012,-744,-1684,0,0
-417,186,-97,4147,-859,-1530,0,0
-772,45,-80,4596,-1188,-1776,0,0
-1187,-268,131,3865,-1155,-1518,0,0
-1195,-604,686,3663,-991,-938,0,0
-1663,-906,1189,5194,-827,-912,0,0
-1996,-1244,1497,6130,-543,-784,0,0
-1315,-1448,1816,5723,-196,-488,0,0
-218,-1486,2184,5177,-84,-467,0,0
736,-1388,2578,4673,-260,-378,0,0
1201,-1119,2874,4225,-535,-322,0,0
959,-811,2892,3772,-582,-343,0,0
457,-582,2599,3263,-533,-237,0,0
135,-321,1964,2737,-527,-243,0,0
-152,-34,1050,2516,-577,-424,0,0
-283,191,-45,2738,-737,-541,0,0
-294,410,-1090,3085,-749,-633,0,0
-265,621,-1930,3655,-733,-668,0,0
-288,821,-2618,4477,-719,-762,0,0
-356,945,-3082,5363,-722,-969,0,0
-250,985,-3156,5234,-605,-991,0,0
371,1002,-2746,4164,-423,-890,0,0
1232,902,-2124,4051,-398,-870,0,0
1555,659,-1561,5034,-581,-902,0,0
1873,424,-989,5128,-609,-541,0,0
2432,352,-523,4479,-570,-446,0,0
2880,349,-270,3875,-825,-661,0,0
2786,309,-198,3495,-1162,-799,0,0
2024,274,-322,3345,-1310,-968,0,0
915,271,-534,3372,-1204,-1292,0,0
60,286,-716,3277,-1035,-1554,0,0
-274,325,-812,3261,-908,-1653,0,0
-381,342,-833,3896,-940,-1741,0,0
-666,252,-788,4498,-983,-1826,0,0
-713,76,-536,4575,-814,-1449,0,0
-346,-39,-121,4474,-807,-1235,0,0
-210,-167,319,4606,-1051,-1313,0,0
-285,-351,857,3971,-1146,-1192,0,0
-427,-514,1474,3439,-999,-828,0,0
-995,-655,1912,4675,-915,-784,0,0
-1792,-850,1932,5977,-854,-821,0,0
-2099,-999,1706,5718,-633,-740,0,0
-1552,-1110,1579,4822,-453,-629,0,0
-755,-1150,1696,4104,-407,-294,0,0
-327,-1054,1906,3615,-580,-113,0,0
-296,-927,2067,3518,-591,31,0,0
-304,-774,2088,3648,-476,134,0,0
-95,-536,1860,3717,-429,131,0,0
319,-218,1350,3607,-532,20,0,0
700,108,679,3312,-631,-130,0,0
946,415,-62,3074,-687,-191,0,0
827,735,-913,3442,-830,-385,0,0
331,959,-1854,4416,-979,-759,0,0
-264,1043,-2737,5210,-1010,-848,0,0
-712,1203,-3213,4857,-859,-973,0,0
-793,1333,-3060,4082,-751,-1337,0,0
-438,1194,-2512,4324,-391,-1494,0,0
828,705,-1819,5116,-332,-1553,0,0
2664,348,-1023,5267,-512,-798,0,0
2425,216,-207,4493,-1012,-543,0,0
1531,221,202,3691,-803,-646,0,0
1609,215,291,3306,-829,-578,0,0
1418,218,175,3223,-1086,-630,0,0
875,222,3,3326,-975,-936,0,0
584,190,-82,3409,-748,-1017,0,0
512,213,-113,3416,-732,-1069,0,0
378,295,-119,3380,-844,-1260,0,0
-81,330,-122,3647,-948,-1510,0,0
-563,250,-182,3986,-862,-1393,0,0
-651,168,-288,4229,-795,-1163,0,0
-652,105,-369,4616,-1005,-1376,0,0
-1077,-145,-348,4618,-1187,-1613,0,0
-1211,-537,7,4161,-937,-931,0,0
-1133,-785,487,4919,-794,-685,0,0
-1436,-1005,913,5704,-716,-600,0,0
-1781,-1208,1325,5403,-616,-105,0,0
-1707,-1323,1711,4589,68,-22,0,0
71,-1250,2080,3982,213,13,0,0
1455,-930,2350,3779,-625,-216,0,0
1388,-673,2305,3656,-1028,-268,0,0
718,-560,1964,3334,-931,41,0,0
15,-434,1404,2928,-705,181,0,0
-186,-230,727,2876,-564,31,0,0
-5,20,16,3198,-640,-158,0,0
83,255,-750,3699,-795,-312,0,0
-59,443,-1474,4239,-845,-449,0,0
-285,569,-2078,4885,-826,-608,0,0
-453,691,-2491,5485,-772,-772,0,0
-421,853,-2514,4721,-666,-1090,0,0
17,878,-1984,3588,-487,-1419,0,0
545,593,-1326,3958,-368,-1470,0,0
996,168,-843,4875,-238,-1197,0,0
2221,-72,-464,4965,-267,-683,0,0
2755,-74,-134,4090,-1015,-658,0,0
2152,19,9,3275,-1066,-913,0,0
1662,62,-4,2878,-1045,-1122,0,0
836,32,-114,2738,-1050,-1071,0,0
297,45,-293,2835,-891,-1078,0,0
351,99,-479,3115,-865,-1133,0,0
484,163,-599,3243,-1026,-1221,0,0
366,190,-603,3681,-1199,-1326,0,0
-27,145,-525,4301,-1178,-1321,0,0
-243,71,-313,4632,-993,-1092,0,0
-181,46,-53,5209,-972,-1042,0,0
-270,6,213,5006,-1018,-1192,0,0
-148,-70,697,3620,-897,-875,0,0
-129,-90,1233,3398,-915,-643,0,0
-861,-113,1456,4468,-1098,-761,0,0
-2292,-244,1370,5114,-1018,-734,0,0
-2727,-360,1203,4543,41,-320,0,0
-1071,-386,1280,3987,-251,-342,0,0
329,-345,1480,3887,-985,-448,0,0
459,-292,1576,3695,-1102,-378,0,0
15,-238,1496,3420,-925,-314,0,0
-281,-179,1241,3258,-767,-354,0,0
-184,-100,846,3273,-729,-416,0,0
-88,-15,315,3522,-766,-444,0,0
-122,26,-331,3978,-789,-557,0,0
-73,6,-897,4271,-648,-568,0,0
169,35,-1320,4526,-547,-647,0,0
506,103,-1614,4894,-482,-730,0,0
912,147,-1815,4895,-582,-840,0,0
1225,115,-1744,3875,-624,-856,0,0
1432,8,-1441,3438,-648,-671,0,0
1348,-122,-1232,4354,-600,-463,0,0
1563,-245,-1159,4970,-529,-421,0,0
2260,-306,-1000,4424,-536,-198,0,0
2837,-167,-760,3589,-685,-145,0,0
2753,74,-610,3077,-935,-369,0,0
2025,266,-635,2925,-1160,-560,0,0
971,426,-815,3023,-1178,-770,0,0
-27,550,-1037,3599,-1099,-1109,0,0
-679,590,-1178,3710,-956,-1313,0,0
-738,638,-1076,3509,-728,-1427,0,0
-494,646,-790,3756,-662,-1672,0,0
-358,497,-504,4113,-703,-1516,0,0
-140,358,-153,4415,-683,-1077,0,0
-126,283,229,4670,-767,-1413,0,0
-255,45,594,4770,-781,-1794,0,0
-40,-319,1054,3866,-633,-1350,0,0
94,-548,1449,3760,-686,-926,0,0
-437,-681,1467,4842,-924,-1060,0,0
-1503,-913,1188,5403,-953,-1057,0,0
-2813,-1157,879,5070,-453,-580,0,0
-1733,-1225,743,4552,362,-352,0,0
463,-1212,1026,4221,-142,-231,0,0
1124,-1078,1466,3915,-707,-162,0,0
857,-878,1759,3791,-634,-120,0,0
531,-661,1787,3638,-589,-173,0,0
422,-461,1535,3447,-618,-156,0,0
442,-210,993,3498,-634,-122,0,0
390,62,213,3585,-687,-274,0,0
415,256,-567,3715,-662,-424,0,0
549,390,-1230,4067,-664,-577,0,0
556,461,-1826,4679,-685,-737,0,0
506,494,-2265,4460,-680,-877,0,0
683,505,-2298,3474,-644,-936,0,0
1047,464,-2027,3397,-559,-707,0,0
1307,382,-1800,4758,-469,-610,0,0
1912,204,-1566,5304,-695,-744,0,0
2816,95,-1123,4557,-882,-469,0,0
2543,160,-713,3729,-880,-449,0,0
1886,238,-474,3438,-968,-561,0,0
1362,227,-386,3537,-984,-520,0,0
997,271,-421,3741,-871,-614,0,0
843,346,-473,3748,-810,-1005,0,0
724,358,-475,3569,-913,-1354,0,0
427,306,-406,3534,-871,-1474,0,0
183,255,-321,3806,-808,-1560,0,0
6,171,-230,4020,-716,-1621,0,0
217,61,-79,4126,-565,-1266,0,0
522,53,40,4417,-751,-1252,0,0
314,14,52,4686,-1128,-1682,0,0
-93,-181,223,3982,-1100,-1458,0,0
-331,-352,643,3384,-910,-1124,0,0
-674,-526,1101,3940,-799,-1059,0,0
-1219,-768,1333,5169,-841,-1064,0,0
-2298,-1019,1254,5586,-384,-867,0,0
-1372,-1225,1190,5377,191,-855,0,0
488,-1353,1419,4957,-111,-557,0,0
1405,-1281,1846,4317,-390,-377,0,0
1606,-1089,2249,3897,-421,-295,0,0
1353,-849,2395,3669,-574,-311,0,0
942,-644,2125,3270,-641,-372,0,0
657,-497,1511,2844,-601,-383,0,0
614,-371,648,2650,-561,-367,0,0
753,-234,-386,2713,-601,-372,0,0
886,-106,-1453,3002,-733,-449,0,0
970,-15,-2436,3729,-784,-549,0,0
1051,-17,-3370,5231,-739,-785,0,0
1709,-164,-4185,6489,-556,-348,0,0
3292,-67,-4360,5735,-877,31,0,0
4057,65,-3767,4517,-1220,-751,0,0
3140,-190,-2822,4138,-1306,-832,0,0
1781,-422,-1931,4706,-1288,-63,0,0
1097,-298,-1267,5160,-845,237,0,0
1547,-60,-802,4554,-736,32,0,0
2306,107,-506,3662,-979,-125,0,0
2399,255,-333,3239,-1190,-255,0,0
1842,413,-284,3253,-1276,-561,0,0
999,517,-345,3394,-1399,-1210,0,0
-3,503,-445,3509,-1410,-1747,0,0
-610,500,-479,3493,-1235,-2007,0,0
-713,501,-352,3459,-910,-2111,0,0
-522,445,-136,3724,-714,-2079,0,0
-365,362,62,4118,-756,-1996,0,0
-328,250,269,4433,-910,-1745,0,0
-531,146,490,4946,-1050,-1590,0,0
-909,13,778,4847,-1053,-1660,0,0
-845,-177,1256,3762,-964,-1327,0,0
-796,-325,1792,3385,-957,-817,0,0
-1385,-453,2088,4657,-1085,-706,0,0
-3005,-698,1935,5690,-981,-641,0,0
-3680,-946,1479,5628,469,-498,0,0
-1282,-1097,1235,4881,105,-515,0,0
631,-1074,1375,4047,-437,-226,0,0
1296,-881,1627,3598,-537,-93,0,0
984,-625,1763,3443,-677,-150,0,0
420,-431,1663,3292,-714,-211,0,0
172,-285,1297,3109,-613,-129,0,0
297,-88,675,2907,-575,-47,0,0
572,165,-143,2920,-658,-54,0,0
764,422,-1086,3218,-821,-145,0,0
656,644,-2045,3838,-980,-384,0,0
145,745,-2858,4773,-1123,-756,0,0
-661,675,-3299,5466,-1142,-1108,0,0
-1066,621,-3162,5592,-587,-798,0,0
85,769,-2652,5610,-48,-517,0,0
1814,853,-1966,4439,-236,-978,0,0
2844,593,-1196,3577,-812,-1007,0,0
2670,230,-598,3914,-1104,-773,0,0
2139,-13,-258,4317,-827,-369,0,0
2366,-74,-42,4220,-635,-126,0,0
2857,56,31,3741,-875,-407,0,0
2855,221,56,3300,-1258,-851,0,0
1905,351,20,3219,-1494,-1030,0,0
-16,471,-103,3438,-1405,-1292,0,0
-1570,499,-141,3624,-998,-1641,0,0
-1710,414,-20,3621,-438,-1704,0,0
-804,302,169,3641,-114,-1462,0,0
-63,270,245,3747,-318,-1549,0,0
-94,194,215,3831,-634,-1652,0,0
-301,89,180,3709,-667,-1354,0,0
-407,99,44,3541,-762,-1222,0,0
-565,110,-167,3833,-963,-1355,0,0
-1019,43,-263,4219,-1266,-1425,0,0
-2276,-109,-236,4971,-1447,-1709,0,0
-3426,-538,-40,4710,-991,-1502,0,0
-2729,-1023,311,4276,-317,-466,0,0
-1575,-1232,530,4858,-226,-331,0,0
-1146,-1381,645,5396,-355,-730,0,0
-226,-1579,929,5241,-384,-569,0,0
1001,-1605,1394,4922,-393,-382,0,0
1741,-1444,1909,4467,-450,-221,0,0
1950,-1135,2353,4154,-588,1,0,0
1617,-718,2550,3874,-670,-24,0,0
1016,-370,2431,3456,-625,-91,0,0
694,-74,1990,2930,-578,-114,0,0
513,226,1253,2658,-607,-263,0,0
305,453,278,2689,-750,-516,0,0
-65,583,-757,2920,-847,-754,0,0
-342,667,-1637,3387,-690,-831,0,0
-109,774,-2412,4384,-434,-845,0,0
564,852,-3188,5952,-508,-839,0,0
885,862,-3789,6832,-815,-1184,0,0
943,779,-3628,5190,-806,-1341,0,0
1254,609,-2843,4097,-823,-1437,0,0
1044,275,-1929,4316,-699,-1082,0,0
1083,44,-1153,5042,-449,-437,0,0
1600,-1,-643,4729,-497,-381,0,0
2275,12,-340,3722,-686,-502,0,0
2777,8,-107,2955,-892,-386,0,0
2713,96,-35,2431,-1208,-401,0,0
1826,268,-107,2449,-1331,-703,0,0
618,385,-175,3063,-1263,-1104,0,0
-650,402,-165,3639,-1156,-1469,0,0
-1481,403,-8,3893,-705,-1563,0,0
-1424,395,228,4007,-341,-1700,0,0
-924,274,350,4100,-315,-1713,0,0
-392,103,401,3873,-411,-1356,0,0
-81,31,378,3698,-637,-1189,0,0
-112,7,325,3734,-833,-1307,0,0
-308,-61,331,4566,-987,-1352,0,0
-829,-189,301,5177,-1148,-1502,0,0
-1211,-415,469,4580,-910,-997,0,0
-994,-552,894,4096,-709,-512,0,0
-1291,-631,1266,4813,-650,-600,0,0
-2095,-783,1418,5395,-517,-696,0,0
-1528,-932,1463,5153,-103,-567,0,0
-327,-1014,1560,4626,-361,-212,0,0
469,-890,1660,3947,-531,-112,0,0
653,-671,1715,3509,-594,-165,0,0
448,-475,1649,3381,-694,-101,0,0
184,-284,1363,3200,-705,-37,0,0
40,-72,907,2967,-650,-38,0,0
11,190,342,2849,-685,-185,0,0
-52,425,-340,3121,-769,-317,0,0
-103,613,-1103,3657,-823,-364,0,0
-130,784,-1832,4361,-863,-508,0,0
-331,877,-2394,5069,-912,-821,0,0
-617,894,-2521,5322,-765,-1038,0,0
-447,925,-2212,5381,-331,-974,0,0
511,933,-1657,4238,-57,-1022,0,0
1863,696,-1109,3547,-258,-1019,0,0
2405,351,-746,4345,-873,-738,0,0
1940,112,-563,4938,-864,-496,0,0
2061,9,-419,4313,-632,-401,0,0
2561,56,-274,3642,-634,-348,0,0
2600,209,-226,3465,-856,-602,0,0
1837,285,-308,3496,-1002,-879,0,0
553,270,-441,3545,-847,-1011,0,0
-495,230,-473,3598,-541,-1129,0,0
-799,184,-391,3528,-283,-1154,0,0
-493,126,-270,3394,-257,-1241,0,0
-35,48,-175,3304,-459,-1216,0,0
147,-4,-161,3448,-776,-1226,0,0
64,-70,-194,3751,-883,-1146,0,0
61,-117,-203,4239,-990,-1043,0,0
-27,-114,-140,4909,-1194,-1139,0,0
-315,-157,49,4684,-1269,-1131,0,0
-521,-264,372,4002,-1250,-783,0,0
-810,-356,838,3843,-1150,-671,0,0
-1376,-520,1335,4819,-1175,-804,0,0
-2059,-802,1649,5858,-978,-694,0,0
-2168,-1032,1791,5857,-582,-419,0,0
-1564,-1120,1927,5152,-322,-315,0,0
-614,-1090,2163,4382,-338,-225,0,0
-12,-934,2361,3953,-533,-130,0,0
-2,-718,2389,3771,-678,-94,0,0
-266,-550,2192,3558,-649,-19,0,0
-282,-392,1775,3319,-541,109,0,0
-31,-153,1175,3093,-519,70,0,0
220,117,444,3145,-617,-56,0,0
318,372,-378,3341,-741,-196,0,0
275,612,-1167,3731,-769,-339,0,0
168,816,-1866,4401,-794,-552,0,0
-31,934,-2430,5008,-820,-828,0,0
-201,977,-2752,5094,-726,-992,0,0
73,1009,-2675,4379,-503,-1017,0,0
966,964,-2317,3954,-231,-964,0,0
1986,622,-1892,4861,-1010,-1424,0,0
2481,219,-1430,5378,-936,-1062,0,0
2142,23,-969,4755,-997,-552,0,0
1635,26,-682,3940,-757,-494,0,0
1858,24,-489,3523,-839,-508,0,0
1848,31,-418,3365,-1085,-468,0,0
1406,102,-449,3304,-1139,-660,0,0
840,185,-455,3334,-1088,-909,0,0
391,252,-418,3498,-1039,-962,0,0
-112,321,-319,3742,-1048,-1266,0,0
-711,267,-111,4027,-975,-1591,0,0
-1002,101,157,4166,-647,-1490,0,0
-592,-19,417,3886,-382,-1248,0,0
50,-38,603,3619,-531,-1274,0,0
196,-38,620,3768,-919,-1353,0,0
-249,-75,439,4384,-1173,-1326,0,0
-790,-176,256,4300,-1187,-1339,0,0
-1017,-337,401,3674,-1048,-1044,0,0
-1397,-519,786,4223,-1016,-905,0,0
-2126,-794,1061,5560,-941,-817,0,0
-2305,-1056,1218,5896,-491,-624,0,0
-1355,-1195,1450,5334,-111,-391,0,0
50,-1163,1828,4501,-159,-299,0,0
898,-986,2232,3982,-380,-259,0,0
1076,-714,2501,3802,-593,-276,0,0
776,-460,2466,3544,-594,-319,0,0
451,-291,2089,3199,-537,-289,0,0
330,-128,1407,2913,-464,-303,0,0
319,26,432,3071,-540,-444,0,0
428,122,-690,3413,-626,-487,0,0
653,216,-1696,3652,-651,-508,0,0
832,327,-2470,4214,-648,-585,0,0
990,436,-3110,5328,-700,-698,0,0
936,475,-3520,5495,-863,-1050,0,0
912,373,-3318,4394,-757,-897,0,0
1315,255,-2719,4306,-424,-407,0,0
1755,156,-2109,5079,-327,-237,0,0
2555,70,-1495,5031,-592,-67,0,0
3253,75,-1022,4375,-857,-36,0,0
3203,132,-781,3871,-1116,-226,0,0
2694,158,-749,3588,-1267,-344,0,0
1929,220,-832,3487,-1206,-520,0,0
1154,304,-913,3488,-1052,-803,0,0
698,402,-850,3446,-966,-1175,0,0
363,491,-644,3458,-904,-1673,0,0
-22,494,-430,3586,-758,-1914,0,0
-201,450,-310,3813,-702,-1868,0,0
-150,416,-217,3982,-714,-1739,0,0
-151,369,-110,4006,-864,-1725,0,0
-489,245,-30,4459,-1148,-1773,0,0
-927,16,72,4374,-1148,-1758,0,0
-746,-284,472,3525,-1013,-1223,0,0
-663,-545,1098,3870,-960,-945,0,0
-1230,-849,1623,5581,-852,-855,0,0
-1349,-1129,2002,6346,-457,-600,0,0
-2624,-1226,2400,6072,-153,-496,0,0
445,-1166,2861,5387,-102,-672,0,0
1216,-959,3281,4690,-374,-485,0,0
1178,-615,3401,4309,-577,-332,0,0
496,-359,3108,4012,-696,-359,0,0
-326,-249,2522,3471,-593,-339,0,0
-629,-166,1766,2899,-377,-301,0,0
-394,-22,869,2673,-363,-416,0,0
-60,107,-86,2817,-521,-555,0,0
223,206,-992,3144,-567,-385,0,0
442,382,-1938,3841,-659,-412,0,0
618,529,-2936,4928,-728,-578,0,0
729,607,-3798,5501,-917,-854,0,0
576,595,-4028,5029,-928,-1081,0,0
789,466,-3603,5054,-353,-622,0,0
1981,301,-2895,5831,-513,-577,0,0
2824,79,-1963,5409,-732,-581,0,0
2912,-19,-1181,4542,-875,-197,0,0
2309,-4,-801,3896,-962,-99,0,0
2034,21,-730,3621,-1039,-81,0,0
1857,69,-847,3273,-1110,-130,0,0
1684,174,-981,3031,-1153,-315,0,0
1324,354,-990,3119,-1159,-762,0,0
763,491,-831,3303,-1258,-1140,0,0
-2192,550,-579,3820,-1328,-1671,0,0
-1059,470,-319,4140,-1050,-1911,0,0
-1000,359,19,4125,-545,-1583,0,0
-169,299,330,4218,-397,-1499,0,0
308,220,524,4395,-748,-1626,0,0
162,71,686,4466,-1049,-1685,0,0
-187,-138,961,4059,-1042,-1496,0,0
-579,-357,1349,4128,-994,-1144,0,0
-1414,-589,1616,5284,-1040,-1051,0,0
-2324,-881,1716,5839,-737,-901,0,0
-2437,-1157,1771,5482,-182,-626,0,0
-1181,-1323,1912,4923,22,-410,0,0
44,-1294,2141,4422,-207,-242,0,0
616,-1105,2333,4094,-477,-223,0,0
591,-888,2350,3832,-601,-179,0,0
382,-680,2116,3455,-607,-107,0,0
282,-445,1642,3024,-556,-48,0,0
286,-171,985,2738,-604,-110,0,0
285,99,219,2790,-644,-189,0,0
245,347,-659,3148,-729,-270,0,0
209,586,-1607,3737,-809,-385,0,0
131,798,-2543,4465,-895,-524,0,0
-138,977,-3287,5494,-1005,-832,0,0
-725,1093,-3558,5785,-1014,-1267,0,0
-910,1173,-3080,4668,-695,-1487,0,0
-25,1071,-2175,3824,-193,-1401,0,0
1333,647,-1397,4106,-118,-1077,0,0
2423,223,-786,4868,-340,-405,0,0
3096,21,-331,4956,-583,-131,0,0
3808,-15,-18,4207,-929,-225,0,0
3926,-11,209,3501,-1316,-415,0,0
3105,7,250,3166,-1388,-471,0,0
1809,83,73,3187,-1206,-496,0,0
725,207,-190,3377,-981,-585,0,0
127,350,-389,3534,-927,-830,0,0
-300,479,-421,3452,-914,-1151,0,0
-668,563,-310,3369,-824,-1318,0,0
-940,592,-205,3709,-773,-1550,0,0
-1109,500,-165,4093,-671,-1616,0,0
-882,369,-177,4116,-582,-1472,0,0
-543,272,-284,4135,-727,-1657,0,0
-657,48,-497,4679,-1161,-2103,0,0
-1021,-396,-479,4499,-1218,-1778,0,0
-887,-759,5,3908,-1011,-973,0,0
-992,-1014,708,4486,-761,-924,0,0
-1398,-1368,1279,5651,-648,-828,0,0
-1228,-1619,1649,6013,-445,-466,0,0
-452,-1648,1925,5675,-219,-447,0,0
744,-1565,2227,4871,-305,-420,0,0
1668,-1335,2544,4141,-547,-151,0,0
1685,-941,2671,3762,-726,0,0,0
901,-571,2495,3349,-799,-59,0,0
128,-325,2089,2980,-719,-107,0,0
-176,-110,1488,2679,-574,-152,0,0
-101,128,696,2481,-525,-252,0,0
113,367,-265,2608,-672,-371,0,0
203,600,-1293,3010,-825,-492,0,0
63,810,-2326,3789,-914,-637,0,0
-269,969,-3381,5174,-1074,-899,0,0
-1035,1016,-4140,6469,-1301,-1470,0,0
-1411,1104,-3924,5827,-535,-1114,0,0
631,1341,-2868,4257,34,-1152,0,0
2363,1119,-1838,3674,148,-1459,0,0
3796,547,-1092,4303,-691,-582,0,0
3505,134,-446,5216,-1212,-9,0,0
2894,-41,-88,4775,-1100,-83,0,0
3060,-134,52,3995,-881,-256,0,0
3337,-179,162,3353,-999,-115,0,0
3054,-48,138,3058,-1171,-147,0,0
2222,188,-43,3059,-1174,-350,0,0
1204,426,-292,3157,-1188,-691,0,0
50,598,-505,3407,-1314,-1231,0,0
-1278,635,-590,3654,-1272,-1725,0,0
-2105,624,-492,3846,-827,-1919,0,0
-1917,566,-332,4062,-347,-2053,0,0
-991,387,-222,4139,-137,-1801,0,0
-117,239,-220,4082,-419,-1509,0,0
101,157,-330,4169,-929,-1573,0,0
-314,-56,-420,4738,-1406,-1851,0,0
-882,-429,-257,4599,-1426,-1613,0,0
-1007,-727,311,3920,-1126,-996,0,0
-1228,-967,1080,4072,-713,-759,0,0
-1579,-1253,1636,5292,-694,-673,0,0
-1966,-1500,1803,6028,-534,-457,0,0
-1390,-1592,1816,5704,-265,-386,0,0
-227,-1542,1877,4985,-244,-359,0,0
863,-1373,2041,4221,-434,-174,0,0
1352,-1052,2204,3684,-589,18,0,0
1061,-686,2223,3359,-617,106,0,0
594,-349,1992,3012,-350,174,0,0
581,-21,1394,2685,75,167,0,0
781,274,392,2680,-148,-112,0,0
616,440,-734,3271,-808,-422,0,0
-3,512,-1651,3937,-825,-446,0,0
-738,621,-2319,4775,-597,-403,0,0
-874,857,-2809,5668,-408,-474,0,0
-265,1159,-3077,5983,-406,-847,0,0
565,1288,-2922,4867,-499,-1301,0,0
1364,1097,-2354,3727,-537,-1305,0,0
1810,634,-1772,4231,-623,-1149,0,0
2454,206,-1272,5092,-494,-368,0,0
2817,48,-889,4997,-824,-66,0,0
2938,87,-711,4091,-935,-333,0,0
3168,83,-584,3412,-1179,-522,0,0
2596,83,-510,3202,-1344,-518,0,0
1420,164,-506,3288,-1249,-724,0,0
400,250,-423,3352,-1068,-1076,0,0
-153,303,-269,3457,-962,-1340,0,0
-500,341,-94,3563,-825,-1611,0,0
-680,316,68,3841,-740,-1703,0,0
-714,238,161,4189,-723,-1674,0,0
-543,135,246,4254,-687,-1467,0,0
-325,44,328,4357,-852,-1414,0,0
-431,-91,376,4836,-1097,-1628,0,0
-521,-333,509,4325,-1022,-1439,0,0
-260,-546,906,3446,-953,-950,0,0
-682,-714,1361,4465,-1083,-821,0,0
-1755,-926,1607,5825,-969,-680,0,0
-2178,-1100,1715,6072,-518,-459,0,0
-1559,-1179,1864,5496,-163,-506,0,0
-387,-1175,2144,4496,-117,-332,0,0
492,-1005,2454,3772,-304,-155,0,0
657,-769,2638,3565,-382,14,0,0
495,-507,2511,3206,-368,28,0,0
326,-240,2027,2816,-478,-106,0,0
91,42,1201,2725,-662,-230,0,0
-180,380,158,2723,-855,-520,0,0
-565,689,-912,2895,-939,-678,0,0
-1000,979,-1862,3375,-902,-708,0,0
-1285,1225,-2692,4398,-919,-921,0,0
-1595,1261,-3252,5534,-899,-1356,0,0
-1348,1178,-3207,5844,-270,-1037,0,0
497,1241,-2723,5479,201,-611,0,0
2619,1219,-1995,4214,-115,-1016,0,0
3452,861,-1225,3710,-769,-1073,0,0
3043,436,-602,4462,-1176,-470,0,0
2320,290,-296,4783,-1103,-195,0,0
2004,280,-266,4302,-1038,-604,0,0
2163,211,-294,3575,-1084,-896,0,0
2213,179,-272,3163,-1149,-886,0,0
1562,218,-238,3207,-1106,-921,0,0
777,257,-195,3448,-998,-1044,0,0
128,317,-142,3607,-877,-1367,0,0
-413,333,-61,3528,-807,-1675,0,0
-798,262,28,3600,-680,-1753,0,0
-903,126,96,3954,-568,-1604,0,0
-706,-4,143,3952,-440,-1331,0,0
-269,-56,196,3673,-513,-1019,0,0
-54,9,151,3962,-855,-1094,0,0
-320,-10,-24,4512,-1187,-1390,0,0
-741,-180,-133,4897,-1325,-1307,0,0
-1186,-359,45,4080,-1195,-1127,0,0
-1334,-601,587,3641,-942,-697,0,0
-1698,-855,1091,5091,-811,-511,0,0
-2063,-1060,1317,6072,-557,-556,0,0
-1426,-1179,1483,5535,-255,-520,0,0
-175,-1197,1745,4769,-273,-519,0,0
721,-1103,2059,4056,-446,-370,0,0
959,-904,2304,3646,-628,-211,0,0
667,-701,2360,3429,-605,-132,0,0
364,-524,2155,3150,-510,-68,0,0
349,-281,1682,2993,-500,-33,0,0
350,46,960,2899,-590,-222,0,0
316,326,85,2896,-686,-338,0,0
243,569,-921,3205,-821,-377,0,0
63,805,-1939,3749,-853,-462,0,0
-209,981,-2915,4802,-1011,-737,0,0
-836,1006,-3665,5973,-1104,-1185,0,0
-1234,983,-3791,6117,-670,-1099,0,0
-65,1135,-3195,4658,-193,-875,0,0
1591,1063,-2255,3649,-325,-1097,0,0
1849,654,-1324,4574,-638,-1030,0,0
1695,310,-525,5282,-669,-646,0,0
2044,169,10,4733,-687,-629,0,0
2357,113,230,3693,-893,-932,0,0
2425,38,310,2931,-1166,-947,0,0
1911,-6,274,2655,-1233,-896,0,0
1054,-32,198,2638,-1025,-859,0,0
545,-7,194,3175,-838,-958,0,0
336,41,216,3541,-804,-1431,0,0
394,25,259,3649,-878,-1532,0,0
298,50,333,3829,-966,-1516,0,0
-131,85,388,3945,-1094,-1517,0,0
-721,84,381,3820,-1131,-1713,0,0
-735,1,368,4180,-1050,-1375,0,0
6,24,395,4798,-1364,-1192,0,0
217,67,551,4369,-1670,-1107,0,0
126,92,807,4377,-1676,-735,0,0
-421,119,936,4605,-1838,-694,0,0
-1896,72,1043,3698,-2084,-479,0,0
-4352,-23,1199,3660,-787,-31,0,0
-4942,-268,1338,4736,288,152,0,0
-2709,-476,1309,5278,-533,-331,0,0
-328,-584,1367,4885,-1032,-478,0,0
1080,-592,1554,4068,-894,-428,0,0
1181,-551,1685,3590,-840,-349,0,0
813,-454,1595,3316,-759,-231,0,0
611,-301,1335,3079,-659,-133,0,0
529,-109,894,2909,-631,-90,0,0
447,115,217,2835,-694,-215,0,0
372,300,-594,2917,-798,-350,0,0
323,436,-1450,3363,-860,-397,0,0
143,548,-2341,4117,-987,-554,0,0
-342,596,-3072,5112,-1294,-1004,0,0
-1224,565,-3349,5822,-1399,-1439,0,0
-1362,583,-2971,5666,-821,-1166,0,0
144,616,-2176,5174,-250,-823,0,0
2013,473,-1441,4060,-337,-803,0,0
3341,164,-797,3335,-878,-412,0,0
3580,-150,-301,3903,-1192,24,0,0
3388,-324,-32,4456,-1134,265,0,0
3308,-302,112,4093,-1036,121,0,0
3118,-149,199,3414,-989,-82,0,0
2647,97,171,3121,-1127,-338,0,0
1902,356,17,3192,-1246,-628,0,0
738,570,-229,3393,-1353,-1138,0,0
-789,627,-406,3567,-1311,-1629,0,0
-1897,578,-395,3622,-886,-1750,0,0
-1852,523,-237,3704,-334,-1773,0,0
-1038,402,-110,3880,-83,-1774,0,0
-238,208,-103,4014,-252,-1609,0,0
257,42,-171,3950,-494,-1255,0,0
533,21,-297,3965,-787,-1178,0,0
363,50,-360,4308,-1131,-1520,0,0
-384,-82,-374,4970,-1422,-1891,0,0
-1408,-377,-181,4542,-1269,-1513,0,0
-1544,-639,388,3583,-811,-750,0,0
-1346,-850,1001,3912,-455,-501,0,0
-1969,-1060,1226,5098,-589,-476,0,0
-2545,-1239,1071,5553,-137,-527,0,0
-896,-1322,927,5016,-63,-592,0,0
852,-1309,1102,4318,-504,-369,0,0
1455,-1143,1437,3791,-634,-123,0,0
1341,-856,1683,3520,-663,17,0,0
858,-575,1755,3426,-743,18,0,0
354,-344,1637,3368,-623,6,0,0
234,-91,1277,3392,-533,-87,0,0
338,169,654,3448,-577,-319,0,0
454,340,-116,3662,-696,-556,0,0
455,404,-869,3885,-752,-759,0,0
324,416,-1520,4289,-656,-808,0,0
353,447,-2077,4926,-451,-832,0,0
905,458,-2500,5273,-323,-840,0,0
1888,409,-2643,4696,-415,-807,0,0
2752,271,-2493,3965,-534,-758,0,0
3269,-27,-2190,4028,-820,-598,0,0
3489,-371,-1863,4600,-797,-68,0,0
3797,-495,-1534,4925,-846,267,0,0
3947,-419,-1174,4586,-977,275,0,0
3684,-234,-891,4048,-1119,160,0,0
2799,3,-816,3471,-1293,-154,0,0
1697,160,-863,3231,-1269,-338,0,0
715,303,-856,3314,-1200,-586,0,0
-128,434,-764,3522,-1163,-1004,0,0
-799,510,-628,3745,-1124,-1541,0,0
-1143,509,-452,3876,-805,-1897,0,0
-699,462,-258,3867,-471,-1908,0,0
-38,394,-78,3767,-435,-1995,0,0
206,281,125,3738,-562,-2065,0,0
64,160,318,3737,-689,-2001,0,0
-174,75,339,3870,-762,-2007,0,0
-314,-39,201,4210,-984,-1845,0,0
-618,-160,30,4791,-1245,-1708,0,0
-1071,-349,122,4373,-1196,-1392,0,0
-1128,-559,621,3959,-1018,-894,0,0
-1324,-756,1251,4276,-770,-736,0,0
-1426,-980,1811,4895,-642,-560,0,0
-1309,-1141,2199,5596,-465,-388,0,0
-1046,-1193,2365,5897,-319,-414,0,0
-373,-1149,2387,5515,-308,-409,0,0
547,-973,2381,4703,-411,-297,0,0
1021,-670,2374,3859,-536,-273,0,0
734,-387,2290,3386,-644,-352,0,0
132,-223,2040,3088,-633,-435,0,0
-269,-106,1580,2675,-539,-594,0,0
-298,17,855,2490,-483,-677,0,0
6,218,-82,2414,-512,-717,0,0
349,482,-1066,2619,-686,-779,0,0
424,717,-1990,3255,-763,-766,0,0
356,897,-2822,4097,-912,-915,0,0
169,959,-3440,4961,-943,-1093,0,0
-251,892,-3684,5727,-874,-1139,0,0
-396,807,-3449,5991,-533,-942,0,0
920,771,-2880,6018,-159,-689,0,0
2867,621,-2166,5761,-310,-695,0,0
4144,335,-1473,5307,-731,-396,0,0
4592,88,-964,4330,-1345,-227,0,0
4058,-131,-688,3237,-1595,-200,0,0
3041,-297,-489,2886,-1445,-49,0,0
2068,-342,-360,3370,-1041,265,0,0
1888,-168,-293,3875,-757,329,0,0
2214,167,-190,3745,-837,-27,0,0
2030,519,-61,3330,-1071,-449,0,0
1219,798,-11,3378,-1187,-758,0,0
61,901,-44,3690,-1299,-1182,0,0
-1138,859,-52,3752,-1188,-1575,0,0
-1771,807,87,3601,-666,-1928,0,0
-1387,714,257,3522,-142,-2079,0,0
-401,584,247,3754,-100,-1985,0,0
102,471,105,4055,-564,-1948,0,0
-130,341,16,4153,-796,-1860,0,0
-414,194,-75,4092,-800,-1631,0,0
-690,30,-316,5024,-1126,-1789,0,0
-1219,-356,-433,5114,-1134,-1871,0,0
-576,-725,12,3739,-911,-682,0,0
-301,-807,759,3606,-743,-541,0,0
-1160,-998,1361,5063,-793,-631,0,0
-2443,-1286,1617,5994,-661,-310,0,0
-1718,-1450,1768,5820,-45,-311,0,0
-63,-1447,1971,5032,-26,-308,0,0
1208,-1264,2214,4144,-475,-145,0,0
1605,-940,2321,3564,-582,-24,0,0
1315,-650,2208,3207,-672,-9,0,0
833,-422,1840,2874,-743,-90,0,0
459,-239,1229,2628,-688,-136,0,0
330,-50,425,2554,-647,-103,0,0
301,189,-542,2831,-730,-236,0,0
238,424,-1590,3510,-846,-471,0,0
37,581,-2619,4623,-927,-696,0,0
-217,642,-3446,5731,-843,-805,0,0
-88,715,-3784,6206,-570,-706,0,0
887,901,-3425,5102,-363,-828,0,0
2145,883,-2542,3574,-550,-1253,0,0
2288,444,-1571,3711,-740,-1189,0,0
1777,-6,-780,4940,-710,-350,0,0
1607,-125,-378,5410,-503,59,0,0
2363,-65,-344,4689,-660,-182,0,0
3268,-25,-391,3744,-1076,-393,0,0
3329,33,-431,3097,-1326,-483,0,0
2250,128,-525,2846,-1330,-620,0,0
854,197,-608,3021,-1242,-817,0,0
-135,231,-591,3481,-1083,-1018,0,0
-583,288,-453,3739,-773,-1252,0,0
-424,348,-219,3876,-526,-1417,0,0
-100,364,-5,4000,-556,-1728,0,0
25,260,215,3807,-511,-1755,0,0
183,160,353,3773,-568,-1437,0,0
178,160,228,3781,-800,-1424,0,0
159,157,-20,4030,-1033,-1327,0,0
-44,136,-206,4573,-1381,-1474,0,0
-620,-8,-51,4195,-1408,-1346,0,0
-933,-188,560,3346,-1117,-933,0,0
-1277,-403,1260,4138,-814,-817,0,0
-1762,-689,1616,5736,-816,-758,0,0
-1911,-934,1711,6114,-585,-583,0,0
-1365,-1069,1791,5584,-298,-538,0,0
-347,-1081,1981,4717,-275,-464,0,0
422,-951,2217,3944,-486,-273,0,0
478,-733,2352,3563,-658,-146,0,0
75,-544,2265,3422,-626,-28,0,0
-181,-350,1879,3268,-563,-37,0,0
-174,-112,1246,3153,-530,-177,0,0
14,149,474,3117,-602,-328,0,0
5,383,-447,3184,-760,-432,0,0
-216,573,-1393,3579,-849,-455,0,0
-457,726,-2254,4318,-833,-589,0,0
-667,774,-2914,5225,-766,-785,0,0
-465,780,-3173,5437,-487,-665,0,0
577,889,-2907,4395,-269,-628,0,0
1893,887,-2281,3616,-319,-790,0,0
2384,652,-1630,4231,-621,-700,0,0
2246,426,-1109,5217,-773,-401,0,0
2192,369,-790,5186,-772,-510,0,0
2283,328,-610,4298,-838,-871,0,0
2467,223,-480,3488,-921,-839,0,0
2210,154,-492,3436,-1030,-893,0,0
1543,89,-595,3504,-1080,-1057,0,0
934,72,-676,3449,-1058,-1331,0,0
402,86,-668,3220,-994,-1614,0,0
30,85,-600,3175,-999,-1674,0,0
-266,55,-530,3527,-1034,-1645,0,0
-443,-21,-410,3863,-956,-1378,0,0
-336,-51,-208,4107,-951,-1033,0,0
-280,-15,-17,4652,-1233,-1044,0,0
-592,-46,189,5148,-1512,-1254,0,0
-820,-166,653,4360,-1421,-971,0,0
-986,-250,1407,3631,-1192,-625,0,0
-1838,-420,2069,4772,-1201,-645,0,0
-2992,-770,2336,6181,-1097,-601,0,0
-3420,-1137,2360,6398,-476,-367,0,0
-2543,-1374,2342,5808,64,-259,0,0
-706,-1395,2429,4884,69,-179,0,0
813,-1179,2600,4188,-290,-66,0,0
1179,-835,2652,3825,-635,-21,0,0
621,-531,2433,3556,-764,-101,0,0
-7,-334,1990,3122,-610,-161,0,0
-21,-156,1397,2613,-429,-98,0,0
233,104,558,2526,-485,-187,0,0
229,313,-520,2797,-773,-483,0,0
94,377,-1557,3311,-862,-622,0,0
17,402,-2489,4269,-704,-546,0,0
311,524,-3408,5640,-577,-414,0,0
960,730,-3991,5716,-699,-740,0,0
1710,827,-3803,4683,-737,-889,0,0
1973,787,-3144,4418,-854,-1031,0,0
1328,566,-2377,5022,-916,-960,0,0
1130,444,-1607,5437,-661,-460,0,0
1558,478,-1044,4946,-626,-718,0,0
2154,424,-683,3979,-815,-933,0,0
2355,319,-520,3551,-1145,-910,0,0
1717,239,-533,3571,-1361,-1124,0,0
913,157,-589,3511,-1269,-1244,0,0
350,120,-592,3544,-1120,-1373,0,0
50,111,-470,3555,-1045,-1489,0,0
-143,97,-196,3499,-1018,-1590,0,0
-425,39,194,3490,-937,-1637,0,0
-717,-78,557,3717,-811,-1518,0,0
-723,-192,821,3779,-596,-1170,0,0
-384,-189,917,3798,-634,-930,0,0
-254,-103,799,4047,-985,-1016,0,0
-610,-135,581,4718,-1363,-1179,0,0
-1297,-289,485,4811,-1278,-950,0,0
-1543,-395,780,4410,-956,-485,0,0
-1513,-468,1356,4725,-711,-474,0,0
-1685,-638,1913,5594,-615,-534,0,0
-1644,-797,2314,5983,-403,-436,0,0
-1143,-844,2546,5587,-161,-440,0,0
-208,-783,2728,4641,-223,-392,0,0
473,-549,2813,3856,-457,-426,0,0
338,-275,2668,3300,-683,-639,0,0
-202,-161,2269,2869,-707,-569,0,0
-481,-64,1616,2517,-561,-440,0,0
-398,86,758,2281,-445,-526,0,0
-117,232,-229,2562,-575,-625,0,0
89,367,-1312,3184,-742,-673,0,0
181,479,-2341,3823,-765,-643,0,0
302,587,-3182,4876,-755,-567,0,0
440,707,-3759,6156,-776,-624,0,0
580,847,-3785,6003,-790,-863,0,0
880,918,-3157,4818,-684,-1089,0,0
1099,766,-2156,4242,-534,-957,0,0
1064,564,-1163,4431,-455,-511,0,0
1078,499,-541,4914,-506,-427,0,0
1331,510,-355,4696,-693,-800,0,0
1725,463,-402,4155,-890,-1050,0,0
1894,408,-574,3300,-1097,-1337,0,0
1495,294,-787,2734,-1085,-1494,0,0
1078,169,-919,2851,-993,-1366,0,0
658,135,-996,3381,-1055,-1440,0,0
195,114,-885,3663,-905,-1406,0,0
89,82,-527,3808,-719,-1464,0,0
307,31,-66,3768,-741,-1263,0,0
335,63,304,3991,-914,-1117,0,0
-103,104,458,4749,-1185,-1319,0,0
-871,-14,481,5314,-1279,-1476,0,0
-1218,-218,732,4611,-972,-1032,0,0
-937,-327,1342,3808,-705,-705,0,0
-1030,-469,1993,4373,-735,-851,0,0
-1673,-755,2395,5655,-774,-857,0,0
-1966,-1038,2582,6113,-256,-534,0,0
-1305,-1164,2605,5452,20,-484,0,0
-163,-1144,2615,4595,-178,-432,0,0
684,-931,2597,3908,-456,-228,0,0
611,-583,2367,3414,-698,-207,0,0
-21,-324,1875,3029,-740,-212,0,0
-490,-168,1214,2684,-673,-132,0,0
-559,-4,454,2635,-560,-79,0,0
-357,190,-398,3027,-601,-162,0,0
-76,352,-1263,3721,-606,-207,0,0
370,505,-2075,4609,-609,-197,0,0
741,689,-2808,5586,-719,-384,0,0
749,845,-3146,4960,-866,-871,0,0
591,878,-2765,4002,-755,-1019,0,0
275,771,-2161,4870,-420,-985,0,0
674,557,-1667,5550,-169,-807,0,0
2226,403,-1203,4845,-465,-512,0,0
2713,374,-826,3860,-833,-462,0,0
2487,413,-660,3394,-994,-710,0,0
1987,355,-693,3333,-1204,-834,0,0
1159,291,-869,3382,-1158,-856,0,0
666,298,-1013,3506,-932,-1102,0,0
712,319,-948,3555,-790,-1185,0,0
886,371,-774,3842,-909,-1336,0,0
579,368,-597,4163,-1085,-1625,0,0
155,264,-385,4290,-1058,-1642,0,0
-11,134,-118,4328,-917,-1574,0,0
-70,-44,157,4669,-980,-1689,0,0
-120,-322,487,4282,-973,-1469,0,0
-133,-577,984,4124,-968,-1028,0,0
-647,-730,1436,4807,-991,-979,0,0
-1261,-907,1789,5264,-707,-991,0,0
-1096,-1139,2244,5564,-266,-802,0,0
-355,-1281,2821,5554,80,-492,0,0
426,-1193,3216,5037,-38,-345,0,0
812,-945,3163,4122,-518,-449,0,0
655,-744,2706,3325,-786,-367,0,0
263,-588,2066,2898,-717,-147,0,0
-71,-421,1315,2726,-546,-19,0,0
-179,-204,436,2894,-565,-129,0,0
-122,-6,-433,3112,-604,-297,0,0
172,170,-1138,3298,-572,-266,0,0
471,400,-1850,4202,-682,-394,0,0
533,542,-2618,5269,-741,-548,0,0
582,640,-3243,5646,-905,-466,0,0
400,852,-3303,4433,-1228,-801,0,0
-463,904,-2732,3863,-773,-1030,0,0
-522,706,-2009,4954,-22,-538,0,0
1015,551,-1562,5493,-75,-130,0,0
2694,487,-1279,4914,-502,-83,0,0
3666,474,-1054,4057,-810,-306,0,0
3938,386,-897,3601,-1255,-434,0,0
3267,289,-896,3425,-1550,-470,0,0
1865,315,-940,3339,-1618,-666,0,0
338,450,-809,3509,-1385,-1292,0,0
-623,442,-517,3659,-1112,-1809,0,0
-536,293,-149,3838,-656,-1714,0,0
143,160,142,4182,-515,-1629,0,0
570,61,310,4320,-682,-1673,0,0
664,-58,502,4246,-924,-1673,0,0
412,-185,673,4615,-970,-1604,0,0
148,-324,758,4526,-958,-1623,0,0
289,-497,983,3750,-894,-1278,0,0
272,-596,1356,3911,-919,-937,0,0
-490,-666,1585,5087,-1068,-929,0,0
-1490,-784,1667,5591,-829,-861,0,0
-1755,-897,1744,5263,-418,-739,0,0
-1265,-983,1843,4764,-217,-634,0,0
-428,-985,1987,4189,-241,-438,0,0
186,-860,2103,3778,-391,-335,0,0
342,-685,2063,3522,-483,-310,0,0
346,-509,1793,3254,-489,-250,0,0
457,-290,1278,2993,-525,-243,0,0
552,-34,535,2889,-630,-365,0,0
527,171,-399,3033,-745,-478,0,0
514,314,-1356,3386,-753,-495,0,0
590,427,-2247,4202,-690,-521,0,0
783,497,-3026,5171,-618,-564,0,0
1212,517,-3520,5636,-652,-687,0,0
1837,521,-3452,4835,-761,-794,0,0
2202,456,-2865,4163,-739,-752,0,0
2055,262,-2122,4615,-710,-540,0,0
1970,104,-1418,5027,-651,-62,0,0
2199,112,-909,4750,-671,-66,0,0
2614,154,-635,4054,-840,-220,0,0
2724,176,-560,3399,-1145,-201,0,0
2214,230,-637,3387,-1252,-111,0,0
1359,376,-783,3567,-1187,-356,0,0
613,548,-849,3590,-1151,-932,0,0
36,596,-717,3787,-1133,-1387,0,0
-419,579,-388,3769,-910,-1657,0,0
-613,534,-21,3733,-624,-1880,0,0
-483,420,225,3992,-490,-1956,0,0
-172,255,344,4211,-566,-1906,0,0
-74,56,362,4320,-819,-1731,0,0
-394,-140,286,4504,-1011,-1700,0,0
-707,-388,336,4009,-974,-1497,0,0
-662,-641,661,3800,-918,-1030,0,0
-1027,-833,1015,4785,-937,-948,0,0
-1652,-1072,1281,5704,-871,-856,0,0
-1757,-1266,1520,5690,-513,-547,0,0
-1240,-1345,1744,5163,-244,-393,0,0
-398,-1331,2011,4583,-232,-310,0,0
330,-1194,2276,4165,-376,-235,0,0
579,-964,2413,3824,-550,-199,0,0
406,-730,2316,3541,-604,-151,0,0
169,-503,1939,3293,-582,-142,0,0
89,-264,1284,3138,-578,-200,0,0
105,-29,402,3184,-664,-369,0,0
182,152,-501,3242,-683,-438,0,0
347,340,-1278,3562,-646,-456,0,0
427,543,-1975,4299,-679,-692,0,0
324,677,-2545,5240,-768,-1201,0,0
26,679,-2721,4841,-597,-1538,0,0
458,617,-2425,3773,-204,-1140,0,0
1383,554,-2112,4082,-240,-946,0,0
1626,401,-1996,5087,-624,-907,0,0
1826,239,-1840,4970,-818,-553,0,0
2208,286,-1595,4224,-857,-408,0,0
2416,417,-1385,3868,-979,-700,0,0
2321,463,-1253,3833,-1239,-810,0,0
1613,507,-1146,3795,-1312,-912,0,0
604,526,-939,3517,-1206,-1375,0,0
28,450,-582,3255,-899,-1554,0,0
137,356,-234,3208,-623,-1473,0,0
468,290,-33,3639,-663,-1520,0,0
579,229,80,3960,-891,-1570,0,0
417,190,232,4120,-966,-1559,0,0
99,167,409,4225,-1019,-1654,0,0
-336,67,559,4644,-1160,-1796,0,0
-734,-153,755,4221,-1057,-1511,0,0
-864,-378,1062,4034,-957,-946,0,0
-1322,-555,1304,5258,-1013,-973,0,0
-1948,-799,1475,5774,-808,-1060,0,0
-1893,-1058,1694,5315,-452,-826,0,0
-1256,-1249,1962,4968,-239,-600,0,0
-462,-1320,2238,4669,-230,-353,0,0
163,-1227,2478,4247,-313,-259,0,0
509,-1025,2590,3832,-409,-286,0,0
659,-772,2460,3404,-516,-328,0,0
698,-471,2041,2899,-603,-282,0,0
584,-127,1327,2498,-638,-255,0,0
305,203,326,2496,-753,-408,0,0
-74,430,-832,2753,-891,-626,0,0
-193,567,-1916,3501,-836,-691,0,0
-262,651,-2937,4787,-852,-873,0,0
-231,681,-3565,5715,-600,-899,0,0
473,798,-3527,5269,-351,-783,0,0
1414,905,-2889,4177,-359,-1025,0,0
1828,710,-2057,4211,-540,-1030,0,0
1768,435,-1357,5201,-602,-499,0,0
1991,366,-886,5389,-556,-132,0,0
2155,495,-716,4527,-909,-568,0,0
1922,519,-768,3661,-1176,-957,0,0
1294,447,-946,3294,-1292,-968,0,0
388,357,-1166,3371,-1163,-1037,0,0
-126,285,-1228,3471,-914,-1112,0,0
-94,269,-1084,3603,-699,-1273,0,0
241,245,-765,3575,-724,-1420,0,0
303,197,-351,3833,-867,-1585,0,0
24,68,53,4151,-917,-1553,0,0
-141,-58,420,4157,-778,-1220,0,0
-138,-81,738,3946,-811,-1174,0,0
-254,-124,904,4290,-999,-1248,0,0
-412,-276,1013,4431,-1111,-1313,0,0
-326,-474,1290,3772,-974,-808,0,0
-456,-532,1664,4011,-1095,-468,0,0
-1730,-590,1756,5524,-1354,-790,0,0
-3138,-893,1580,6388,-1023,-798,0,0
-3016,-1181,1522,5881,-356,-329,0,0
-1671,-1231,1663,4977,-5,-115,0,0
-267,-1128,1946,4184,-185,-7,0,0
486,-887,2241,3759,-447,-35,0,0
487,-602,2351,3610,-590,-188,0,0
221,-387,2168,3356,-653,-267,0,0
93,-205,1750,2943,-579,-196,0,0
188,27,1064,2788,-516,-180,0,0
272,269,84,2984,-676,-434,0,0
304,411,-934,3332,-805,-640,0,0
237,502,-1833,3782,-794,-811,0,0
81,566,-2571,4537,-675,-893,0,0
291,650,-3085,5216,-546,-876,0,0
872,741,-3179,4822,-537,-935,0,0
1450,748,-2787,4563,-533,-846,0,0
1621,634,-2184,5207,-824,-1214,0,0
1480,421,-1486,5132,-817,-1058,0,0
1407,295,-927,4372,-636,-578,0,0
1742,292,-642,3861,-596,-491,0,0
2165,317,-601,3724,-922,-667,0,0
1860,341,-734,3566,-1299,-930,0,0
971,367,-916,3342,-1403,-1272,0,0
22,367,-968,3358,-1252,-1519,0,0
-673,320,-836,3588,-1083,-1725,0,0
-889,177,-522,3794,-800,-1670,0,0
-535,-21,-88,4012,-483,-1302,0,0
142,-141,390,3842,-354,-906,0,0
681,-84,793,3744,-508,-784,0,0
798,91,905,3971,-931,-1067,0,0
395,154,780,4371,-1467,-1455,0,0
-770,78,559,4812,-1661,-1446,0,0
-1988,-98,576,4152,-1355,-1036,0,0
-2240,-332,1014,3533,-743,-487,0,0
-2064,-555,1388,4361,-514,-363,0,0
-2523,-797,1395,5682,-639,-627,0,0
-3057,-1065,1284,5742,-47,-537,0,0
-1223,-1213,1296,5240,202,-489,0,0
617,-1168,1549,4544,-239,-291,0,0
1419,-923,1890,3959,-623,-150,0,0
1208,-595,2054,3590,-748,-125,0,0
462,-356,1937,3319,-761,-54,0,0
-87,-162,1535,3039,-677,32,0,0
-167,87,893,2773,-595,5,0,0
-7,369,129,2646,-648,-146,0,0
36,616,-705,3037,-804,-353,0,0
-164,766,-1576,3850,-870,-554,0,0
-419,810,-2319,4809,-911,-821,0,0
-665,808,-2747,5474,-636,-925,0,0
-367,861,-2797,5869,-320,-966,0,0
568,909,-2470,5197,-110,-1063,0,0
1996,748,-1842,3946,-317,-1276,0,0
2693,357,-1171,3409,-664,-966,0,0
2308,25,-724,4030,-906,-601,0,0
1809,-178,-557,4623,-708,-415,0,0
2090,-289,-550,4483,-655,-382,0,0
2672,-313,-500,3817,-783,-394,0,0
2978,-226,-315,3301,-930,-480,0,0
2511,-72,-143,3104,-1046,-726,0,0
1670,41,-65,3176,-1079,-957,0,0
986,73,-54,3367,-1007,-1234,0,0
791,50,-57,3510,-853,-1247,0,0
986,106,-29,3510,-849,-1300,0,0
1000,193,25,3636,-1105,-1615,0,0
663,191,99,3722,-1216,-1664,0,0
454,180,196,3559,-1088,-1338,0,0
571,243,174,3536,-1192,-1144,0,0
564,296,-32,4302,-1610,-1205,0,0
-170,220,-157,4391,-1759,-1299,0,0
-763,124,223,3615,-1274,-864,0,0
-930,125,859,3910,-832,-472,0,0
-1331,145,1230,5234,-981,-505,0,0
-2012,23,1321,5509,-1002,-823,0,0
-2079,-277,1409,4834,-591,-514,0,0
-1178,-418,1554,4156,-117,-145,0,0
21,-326,1662,3765,-189,-296,0,0
687,-212,1572,3551,-569,-513,0,0
619,-173,1262,3406,-804,-470,0,0
234,-156,810,3263,-685,-507,0,0
188,-169,267,3132,-522,-520,0,0
571,-133,-375,3323,-583,-490,0,0
844,-62,-1122,3822,-802,-667,0,0
780,-65,-1830,4208,-873,-800,0,0
688,-104,-2339,4566,-875,-798,0,0
524,-139,-2585,4979,-813,-843,0,0
609,-219,-2552,5371,-796,-784,0,0
1272,-248,-2131,4541,-709,-560,0,0
2145,-260,-1388,3575,-533,-457,0,0
2572,-330,-659,3575,-706,-283,0,0
2464,-351,-134,4182,-873,-76,0,0
2224,-269,169,4321,-873,-120,0,0
1914,-90,310,3964,-867,-433,0,0
1597,96,287,3558,-899,-812,0,0
1201,203,112,3251,-918,-894,0,0
632,308,-214,3081,-1002,-1034,0,0
-109,400,-587,3099,-1075,-1488,0,0
-850,426,-875,3348,-980,-1877,0,0
-1055,417,-1062,3680,-704,-1843,0,0
-718,405,-1149,3886,-600,-1724,0,0
-387,344,-1051,3853,-667,-1567,0,0
-273,263,-809,3882,-845,-1342,0,0
-430,190,-546,3946,-1033,-1320,0,0
-596,84,-242,3934,-1054,-1126,0,0
-647,32,106,4104,-1071,-1015,0,0
-892,-12,431,4449,-1091,-1194,0,0
-1201,-171,703,4975,-1129,-1284,0,0
-1326,-388,962,4612,-905,-972,0,0
-1055,-530,1309,3991,-702,-632,0,0
-855,-582,1689,3895,-737,-708,0,0
-1073,-677,1973,4440,-794,-720,0,0
-1652,-821,1988,5203,-756,-684,0,0
-1913,-978,1756,5529,-553,-585,0,0
-1363,-1075,1506,5115,-326,-250,0,0
-301,-967,1404,4346,-290,-6,0,0
530,-689,1508,3607,-402,10,0,0
709,-356,1643,3233,-567,-139,0,0
308,-26,1607,2995,-759,-379,0,0
-405,221,1313,3028,-835,-587,0,0
-951,354,734,3129,-759,-594,0,0
-1071,511,-50,3111,-598,-506,0,0
-711,728,-930,3316,-603,-597,0,0
-250,891,-1755,3797,-616,-579,0,0
164,1009,-2441,4443,-667,-615,0,0
442,1083,-2914,5298,-748,-784,0,0
596,1090,-3063,5875,-796,-918,0,0
832,1106,-2678,5015,-748,-1112,0,0
1283,967,-1833,4030,-527,-1190,0,0
1690,605,-960,3713,-380,-777,0,0
2156,279,-385,3882,-432,-72,0,0
2754,154,-142,4462,-576,139,0,0
3275,95,-130,4740,-913,-128,0,0
3658,15,-80,4240,-1214,-384,0,0
3498,-11,53,3440,-1082,-460,0,0
2746,76,130,3105,-926,-408,0,0
1843,238,23,3304,-1040,-639,0,0
990,307,-234,3533,-1068,-1008,0,0
287,322,-477,3615,-986,-1215,0,0
-153,378,-583,3534,-810,-1537,0,0
-219,398,-537,3558,-634,-1632,0,0
-88,384,-443,3957,-643,-1699,0,0
-96,278,-326,4359,-659,-1642,0,0
-84,106,-153,4515,-606,-1372,0,0
-35,-17,26,4616,-714,-1428,0,0
