-20,28,-82,3910,390,78,0,0
-43,11,-62,3852,376,42,0,0
-75,-20,-17,3925,395,73,0,0
-75,-46,33,3939,407,77,0,0
-95,-64,48,3936,437,102,0,0
-121,-79,47,3998,469,162,0,0
-119,-90,57,3872,442,154,0,0
-182,-91,42,3866,447,158,0,0
-219,-83,29,3954,478,159,0,0
-153,-60,9,3873,460,145,0,0
-88,-33,-14,3844,412,113,0,0
-89,-27,-28,3805,367,118,0,0
-90,-22,-20,3762,326,122,0,0
-77,-5,37,3794,327,153,0,0
-95,17,83,3871,349,151,0,0
-124,30,79,3873,378,118,0,0
-156,21,56,3878,390,113,0,0
-183,0,45,3911,407,125,0,0
-210,-20,40,3923,397,126,0,0
-295,-42,14,3972,402,177,0,0
-361,-58,-38,4052,367,197,0,0
-430,-54,-77,4034,328,157,0,0
-464,-51,-57,3927,306,106,0,0
-465,-60,8,3904,290,97,0,0
-432,-55,98,3908,285,125,0,0
-349,-18,182,3906,263,153,0,0
-281,26,250,3951,248,159,0,0
-246,47,298,3923,230,113,0,0
-289,26,297,3777,207,73,0,0
-372,-29,260,3842,247,120,0,0
-418,-92,205,4047,253,213,0,0
-503,-126,76,3989,161,249,0,0
-604,-133,-60,3977,19,273,0,0
-690,-154,-53,4170,-60,316,0,0
-821,-185,-15,4260,-119,329,0,0
-956,-173,10,3839,-133,211,0,0
-1012,-109,53,3435,-40,63,0,0
-996,-20,162,3520,138,-30,0,0
-918,96,371,3938,436,-115,0,0
-793,220,602,4300,811,-180,0,0
-474,333,751,4093,1031,-359,0,0
7,409,739,3764,1114,-596,0,0
393,400,604,3583,1087,-684,0,0
487,343,394,3363,1018,-664,0,0
535,302,166,3767,1216,-500,0,0
1017,212,124,5889,1379,-258,0,0
1229,-44,-77,4557,811,-22,0,0
738,-177,-933,2760,641,-214,0,0
770,-266,-1503,3421,905,-166,0,0
1143,-471,-1350,4749,1183,310,0,0
1441,-726,-911,5022,1061,566,0,0
1319,-944,-733,4782,811,662,0,0
638,-1009,-993,4464,760,716,0,0
172,-890,-1320,4114,867,642,0,0
350,-726,-1461,3920,887,683,0,0
630,-606,-1449,3748,730,643,0,0
419,-550,-1385,3547,629,604,0,0
-26,-458,-1256,3441,635,525,0,0
-310,-314,-994,3418,709,410,0,0
-338,-172,-583,3524,751,179,0,0
-282,-70,-119,3958,776,-27,0,0
-290,-15,344,4715,760,-33,0,0
-774,86,967,5531,884,296,0,0
-1284,398,1642,3774,780,-305,0,0
-1067,685,1777,2357,939,-704,0,0
234,980,1957,2867,1314,-579,0,0
1939,1238,2418,4125,1239,-493,0,0
2533,1242,2589,4966,946,-477,0,0
1820,1081,2403,4703,927,-788,0,0
1112,769,1869,3996,900,-1030,0,0
781,447,1158,3599,930,-1036,0,0
753,163,555,3473,990,-828,0,0
822,-96,85,3516,945,-813,0,0
743,-409,-299,3604,812,-672,0,0
377,-733,-758,4037,660,-374,0,0
-257,-978,-1259,4686,639,-48,0,0
-851,-1037,-1677,4744,737,206,0,0
-974,-803,-1928,4516,925,314,0,0
-386,-399,-1783,4895,1103,332,0,0
589,-49,-1166,4538,1234,224,0,0
1449,166,-699,3163,1002,212,0,0
2046,230,-668,2971,927,414,0,0
2432,183,-535,3921,1076,402,0,0
2325,-37,-286,4506,978,463,0,0
1558,-226,-238,4144,900,445,0,0
744,-333,-498,3882,790,347,0,0
143,-369,-886,3871,827,444,0,0
-31,-267,-1064,3814,866,463,0,0
170,-91,-984,3507,819,379,0,0
367,105,-757,3250,774,217,0,0
412,274,-464,3089,706,10,0,0
345,385,-118,3163,728,-41,0,0
201,441,327,3616,775,-1,0,0
-135,437,820,4215,807,45,0,0
-759,348,1316,5191,877,242,0,0
-1704,282,1752,5355,943,437,0,0
-2529,402,1686,3567,979,257,0,0
-2229,617,1168,2596,1085,-128,0,0
-589,746,942,3199,1293,127,0,0
867,855,970,4193,1095,410,0,0
756,821,910,4917,815,307,0,0
-478,644,649,4688,840,260,0,0
-1095,557,269,4083,1026,24,0,0
-531,535,53,3736,1140,22,0,0
233,491,44,3463,989,-58,0,0
431,354,115,3294,912,-358,0,0
283,115,180,3333,945,-354,0,0
169,-114,172,3690,975,-230,0,0
192,-311,51,4245,960,-237,0,0
94,-510,-166,4576,895,-68,0,0
-237,-573,-454,4554,964,114,0,0
-118,-450,-536,4578,1195,111,0,0
689,-324,-276,4803,1395,128,0,0
1554,-332,21,4000,1190,175,0,0
1876,-415,-79,3256,949,258,0,0
1898,-483,-285,3595,1030,286,0,0
2069,-552,-257,4031,1159,422,0,0
2384,-635,-136,4221,1125,633,0,0
2452,-729,-83,4133,960,773,0,0
1965,-768,-238,4080,857,835,0,0
1327,-707,-475,4036,859,807,0,0
992,-590,-599,3896,926,832,0,0
968,-441,-620,3746,909,827,0,0
952,-286,-692,3816,768,713,0,0
774,-132,-902,3905,689,513,0,0
574,-12,-1125,3951,649,286,0,0
411,35,-1156,4238,552,19,0,0
162,10,-945,4256,405,-101,0,0
-323,63,-585,4025,389,-124,0,0
-816,213,-182,3730,422,-471,0,0
-1003,373,116,2744,441,-759,0,0
-794,512,227,2594,567,-698,0,0
-231,674,506,3563,791,-592,0,0
368,791,970,4603,824,-675,0,0
405,779,1188,4751,771,-754,0,0
121,714,1088,4337,748,-721,0,0
195,675,998,3799,911,-880,0,0
575,582,1066,3441,967,-1034,0,0
682,383,1144,3477,895,-961,0,0
407,165,1079,3635,870,-877,0,0
182,-39,890,3782,944,-845,0,0
149,-248,561,4290,958,-681,0,0
40,-418,164,4733,912,-531,0,0
-236,-501,-247,4336,891,-552,0,0
-419,-465,-490,3959,1153,-549,0,0
-255,-309,-362,3978,1640,-504,0,0
376,-145,-20,3833,1876,-399,0,0
1177,-77,49,3598,1811,-209,0,0
1885,-116,-336,3715,1585,249,0,0
2475,-154,-703,4424,1481,478,0,0
2544,-237,-978,4939,1272,369,0,0
1996,-370,-1461,4762,1030,368,0,0
1399,-462,-2072,4480,850,505,0,0
995,-429,-2523,4442,781,543,0,0
846,-337,-2654,4334,786,395,0,0
797,-255,-2511,3966,775,278,0,0
771,-142,-2227,3561,689,14,0,0
735,-43,-1891,3217,618,-247,0,0
693,50,-1492,3186,601,-404,0,0
590,195,-944,3436,621,-520,0,0
398,342,-196,3796,648,-696,0,0
48,455,703,4068,701,-678,0,0
-486,633,1617,3956,740,-812,0,0
-878,702,2086,2891,625,-1130,0,0
-923,688,2107,2957,775,-876,0,0
-451,759,2304,4181,1035,-603,0,0
83,755,2507,5372,988,-599,0,0
-192,610,2323,5276,842,-439,0,0
-866,524,1894,4426,910,-395,0,0
-888,465,1514,3978,1133,-687,0,0
-428,332,1316,3743,1233,-592,0,0
-162,225,1174,3604,1155,-549,0,0
-163,128,974,3565,1151,-735,0,0
-175,1,680,3736,1193,-665,0,0
-151,-87,292,4259,1198,-415,0,0
-185,-69,-172,4338,1169,-298,0,0
-135,52,-599,4248,1237,-315,0,0
372,183,-708,4593,1507,-120,0,0
1364,249,-632,4353,1483,55,0,0
2349,185,-771,3617,1168,82,0,0
2784,-5,-1095,4010,984,219,0,0
2716,-231,-1237,4754,1022,350,0,0
2559,-450,-1274,5136,1000,444,0,0
2301,-669,-1440,5003,851,593,0,0
1738,-815,-1793,4740,675,651,0,0
1094,-829,-2182,4456,613,668,0,0
703,-709,-2417,4190,693,735,0,0
675,-503,-2357,3936,739,757,0,0
775,-262,-2043,3368,673,572,0,0
659,-35,-1652,2990,632,434,0,0
430,204,-1106,3079,650,135,0,0
212,343,-443,3601,707,-7,0,0
-180,489,342,4599,772,57,0,0
-813,618,1034,3865,593,-497,0,0
-1276,650,1156,2500,504,-900,0,0
-1082,629,1156,2913,696,-935,0,0
-463,584,1541,4656,858,-520,0,0
-396,590,2127,5968,883,-283,0,0
-1074,610,2451,5281,918,-683,0,0
-1387,612,2253,3876,959,-835,0,0
-555,574,2011,3762,1083,-808,0,0
312,379,1893,4122,997,-605,0,0
-158,204,1715,4146,814,-294,0,0
-977,112,1588,4076,1064,-557,0,0
-1083,-4,1390,3801,1273,-620,0,0
-697,-31,1071,3989,1328,-458,0,0
-242,-17,695,4317,1393,-388,0,0
79,-21,300,4886,1511,-207,0,0
420,-38,-141,5127,1527,-170,0,0
768,-128,-807,3864,1219,-231,0,0
973,-263,-1661,3567,1013,-164,0,0
1400,-400,-2321,4690,1066,83,0,0
2003,-526,-2673,5351,861,259,0,0
2100,-666,-2859,5211,605,282,0,0
1656,-755,-2889,4769,612,278,0,0
1259,-801,-2653,4406,693,289,0,0
926,-840,-2270,3900,635,339,0,0
541,-798,-1905,3519,581,237,0,0
265,-697,-1547,3177,558,67,0,0
24,-534,-1206,2779,579,-21,0,0
-79,-280,-758,2984,687,-178,0,0
-13,-55,-52,3698,814,-215,0,0
-143,151,679,4467,759,-71,0,0
-620,373,1364,5000,781,-63,0,0
-1196,583,1915,3865,726,-354,0,0
-1465,643,1946,2900,750,-551,0,0
-1153,612,1934,3529,1000,-367,0,0
-443,551,2210,4605,1074,-71,0,0
-397,486,2332,5162,837,-47,0,0
-1304,412,2113,4579,849,-280,0,0
-1987,291,1712,3930,996,-271,0,0
-1867,194,1440,3912,1249,-232,0,0
-1396,133,1328,4039,1315,-149,0,0
-1182,111,1153,4039,1204,-306,0,0
-1333,67,818,3919,1242,-496,0,0
-1302,9,381,4169,1328,-469,0,0
-888,14,17,5578,1566,-86,0,0
-86,118,-149,5507,1353,-340,0,0
405,114,-712,3412,927,-532,0,0
685,70,-1426,2928,855,-345,0,0
1050,79,-1660,2982,1000,-197,0,0
1728,94,-1356,3773,1209,-119,0,0
2517,-66,-662,4631,1254,180,0,0
2665,-298,-133,4845,1005,513,0,0
2145,-464,-123,4616,811,487,0,0
1447,-555,-603,4162,721,391,0,0
1151,-591,-1179,3927,739,373,0,0
1116,-620,-1535,3776,717,499,0,0
897,-620,-1668,3706,657,509,0,0
556,-593,-1586,3720,647,408,0,0
184,-516,-1363,3517,675,323,0,0
-46,-353,-1059,3433,700,171,0,0
-8,-127,-637,3645,767,-80,0,0
89,80,-75,4274,782,-75,0,0
-285,290,613,4884,778,-4,0,0
-985,492,1096,3457,645,-512,0,0
-1210,576,1035,2139,725,-766,0,0
-577,638,992,2709,938,-609,0,0
243,669,1265,3955,936,-400,0,0
132,669,1511,4844,807,-272,0,0
-545,654,1544,4665,882,-513,0,0
-733,584,1285,3861,931,-637,0,0
-371,491,948,3644,1033,-692,0,0
9,371,776,3935,1057,-503,0,0
67,289,706,4047,971,-569,0,0
-138,209,573,3635,1024,-757,0,0
-33,134,400,3422,1142,-744,0,0
342,59,232,3872,1145,-660,0,0
540,-30,30,4491,1129,-393,0,0
652,-84,-125,5501,1241,-97,0,0
850,-158,-261,4988,1112,-69,0,0
913,-240,-662,3746,946,98,0,0
1149,-259,-997,3598,968,266,0,0
1625,-233,-940,3875,1090,432,0,0
2188,-217,-650,3926,1072,452,0,0
2411,-262,-426,3902,930,440,0,0
2248,-363,-415,3917,863,525,0,0
1856,-478,-590,4171,781,601,0,0
1293,-553,-793,4160,769,662,0,0
798,-547,-928,3925,689,653,0,0
239,-482,-1016,3615,656,597,0,0
-274,-351,-1034,3354,737,425,0,0
-382,-175,-868,3184,862,98,0,0
-6,-17,-520,3200,969,-164,0,0
541,104,-141,3473,915,-259,0,0
727,177,123,4013,838,-337,0,0
414,196,318,4948,802,-96,0,0
-292,300,560,5375,845,-60,0,0
-856,450,681,3724,771,-756,0,0
-891,425,443,2423,801,-1112,0,0
-431,269,217,2597,828,-833,0,0
80,227,220,3533,858,-265,0,0
334,381,484,4530,864,-419,0,0
270,513,846,4726,961,-905,0,0
237,501,977,3923,914,-964,0,0
482,446,885,3447,947,-906,0,0
881,342,881,3549,1007,-816,0,0
999,231,914,3780,931,-829,0,0
802,111,873,3984,964,-956,0,0
667,-73,716,3924,989,-806,0,0
536,-244,357,3707,893,-581,0,0
341,-348,-83,3654,892,-388,0,0
275,-365,-360,3743,940,-171,0,0
306,-272,-436,3828,996,-47,0,0
369,-81,-404,3813,1058,-50,0,0
491,153,-288,4457,1238,115,0,0
936,380,10,5010,1427,38,0,0
1646,344,103,3564,1226,-283,0,0
1780,139,-480,2922,967,209,0,0
1995,68,-938,3965,1121,454,0,0
2373,-38,-1035,5005,1104,410,0,0
1982,-186,-1232,5351,968,527,0,0
1194,-257,-1737,5054,766,615,0,0
661,-212,-2351,4612,736,609,0,0
660,-54,-2712,4176,796,566,0,0
1096,101,-2666,3829,804,431,0,0
1518,172,-2301,3539,737,196,0,0
1521,229,-1823,3263,639,-107,0,0
1261,295,-1329,3176,558,-477,0,0
1035,313,-830,3369,527,-720,0,0
784,287,-236,3477,499,-779,0,0
228,310,481,3691,510,-707,0,0
-579,418,1306,4169,651,-687,0,0
-1232,502,2115,4027,757,-775,0,0
-1550,480,2505,3265,763,-883,0,0
-1410,396,2524,3495,861,-747,0,0
-951,304,2501,4573,1009,-509,0,0
-788,168,2315,5625,934,-152,0,0
-1330,85,1842,5433,881,-32,0,0
-1796,61,1276,4294,953,-296,0,0
-1545,8,964,3626,1162,-462,0,0
-887,-65,926,3350,1197,-230,0,0
-531,-90,888,3515,1054,-204,0,0
-605,-86,770,3693,1073,-371,0,0
-589,-53,615,3626,1133,-526,0,0
-353,-28,364,3693,1166,-548,0,0
-54,-45,9,4002,1062,-427,0,0
43,-35,-406,4118,959,-407,0,0
57,56,-715,4270,1029,-394,0,0
336,209,-690,4511,1250,-268,0,0
1025,364,-410,4443,1342,-165,0,0
1833,426,-311,3450,1103,-127,0,0
2260,399,-578,3203,978,-26,0,0
2476,286,-795,3900,1095,67,0,0
2730,70,-831,4809,1141,255,0,0
2866,-224,-903,5221,1007,591,0,0
2598,-448,-1151,5126,866,773,0,0
2108,-530,-1542,4651,692,754,0,0
1709,-467,-1912,4281,667,718,0,0
1664,-330,-2018,4060,774,751,0,0
1830,-184,-1844,3811,772,760,0,0
1799,-65,-1504,3577,665,631,0,0
1346,40,-1153,3225,623,444,0,0
867,173,-865,2948,652,311,0,0
627,344,-579,3228,704,257,0,0
506,529,-242,3884,725,119,0,0
330,647,32,4327,669,-158,0,0
-136,664,211,4495,630,-297,0,0
-843,712,399,4328,647,-338,0,0
-1225,789,570,3281,658,-836,0,0
-1017,756,588,2713,691,-1018,0,0
-508,715,721,3462,827,-688,0,0
-121,674,1058,4633,840,-470,0,0
-564,510,1417,5372,886,-579,0,0
-1364,291,1580,4704,919,-328,0,0
-1470,285,1546,3848,985,-248,0,0
-703,328,1589,3709,1193,-322,0,0
105,280,1651,3753,1090,-200,0,0
124,207,1562,3806,948,-250,0,0
-314,94,1365,3825,1074,-280,0,0
-455,-14,1090,3807,1224,-207,0,0
-219,-87,709,4111,1232,-130,0,0
-15,-111,234,4437,1176,56,0,0
-4,-14,-237,4354,1163,80,0,0
224,206,-510,4244,1370,-119,0,0
1333,359,-414,4378,1640,-304,0,0
2837,243,-250,4439,1484,-279,0,0
3365,-153,-551,3760,789,-20,0,0
2596,-524,-1068,4116,636,27,0,0
2011,-877,-1208,4920,976,118,0,0
1903,-1201,-1180,5233,1011,505,0,0
1692,-1392,-1259,5234,851,732,0,0
1148,-1459,-1510,4956,708,854,0,0
545,-1370,-1883,4490,587,874,0,0
123,-1141,-2203,4085,636,871,0,0
55,-845,-2267,3580,663,790,0,0
176,-528,-2068,2945,690,505,0,0
444,-229,-1655,2564,713,203,0,0
751,19,-1033,2553,709,-40,0,0
719,235,-291,3011,718,-84,0,0
259,487,429,3710,692,-219,0,0
-328,685,1086,4448,742,-289,0,0
-854,874,1675,4442,798,-257,0,0
-1128,1067,1905,3569,753,-641,0,0
-956,1069,1781,3375,815,-705,0,0
-499,1037,1752,4131,997,-335,0,0
11,1042,1805,5035,988,-215,0,0
-23,943,1657,5019,695,-471,0,0
-1018,780,1274,4155,752,-448,0,0
-1529,663,971,3810,1012,-539,0,0
-999,552,959,3874,1215,-558,0,0
-419,442,1096,4036,1158,-562,0,0
-467,298,1062,3932,1057,-611,0,0
-698,160,809,3559,1152,-602,0,0
-510,56,438,3644,1241,-494,0,0
-32,-20,79,4276,1252,-278,0,0
309,-59,-266,4639,1174,-137,0,0
529,-76,-585,4982,1140,-63,0,0
747,-123,-770,5365,1192,75,0,0
892,-250,-892,4535,1053,119,0,0
866,-398,-1189,3427,910,311,0,0
876,-452,-1444,3649,981,549,0,0
1268,-445,-1397,4331,1177,592,0,0
1931,-507,-1292,4735,1021,685,0,0
2000,-611,-1315,4667,730,730,0,0
1162,-696,-1561,4292,529,646,0,0
51,-658,-1893,3796,635,573,0,0
-207,-501,-1981,3335,783,470,0,0
284,-323,-1680,3002,865,347,0,0
783,-199,-1129,2874,768,92,0,0
701,-125,-583,2858,649,-57,0,0
211,-19,-94,3105,666,-172,0,0
-174,85,405,3690,766,-316,0,0
-320,96,901,4070,800,-416,0,0
-601,48,1339,4804,832,-99,0,0
-1188,106,1807,5228,898,149,0,0
-1749,223,2008,3613,845,-132,0,0
-1777,294,1835,3155,950,-242,0,0
-941,338,1975,4126,1298,-109,0,0
-1,346,2290,4790,1199,78,0,0
-146,379,2272,4809,1033,-102,0,0
-786,363,1903,4205,1139,-316,0,0
-668,317,1451,3839,1345,-525,0,0
13,241,1077,3773,1401,-669,0,0
304,114,624,3633,1113,-642,0,0
40,-15,69,3564,1011,-672,0,0
-40,-139,-419,3595,1071,-635,0,0
253,-208,-768,3956,1045,-490,0,0
548,-234,-969,4479,959,-331,0,0
603,-232,-1113,4751,900,-170,0,0
554,-189,-1189,5003,918,-22,0,0
570,-110,-1137,5128,1024,62,0,0
902,-65,-1040,3907,950,-35,0,0
1329,-89,-1144,3211,871,138,0,0
1732,-104,-1192,3710,963,281,0,0
2134,-142,-996,4287,992,265,0,0
2208,-245,-825,4236,865,350,0,0
1744,-338,-840,3876,774,376,0,0
1141,-380,-956,3756,771,376,0,0
753,-328,-986,3761,826,382,0,0
636,-237,-900,3651,813,326,0,0
539,-147,-798,3466,746,267,0,0
426,-40,-676,3327,722,139,0,0
373,74,-513,3340,708,11,0,0
274,171,-272,3597,672,-192,0,0
-32,221,19,3865,664,-339,0,0
-473,250,378,4289,755,-274,0,0
-914,329,903,4893,905,-88,0,0
-1297,486,1435,4201,877,-367,0,0
-1408,575,1501,2720,796,-806,0,0
-989,566,1423,2762,1054,-709,0,0
-75,595,1596,3884,1176,-450,0,0
392,601,1658,4844,902,-550,0,0
-184,491,1372,4759,831,-704,0,0
-826,328,847,3921,885,-664,0,0
-761,221,414,3524,1109,-596,0,0
-247,123,318,3546,1148,-450,0,0
-18,61,354,3552,1095,-328,0,0
16,54,335,3462,1133,-342,0,0
173,76,215,3726,1217,-291,0,0
510,81,-7,4567,1275,-72,0,0
862,93,-320,5876,1302,313,0,0
1205,106,-627,5216,1161,237,0,0
1483,64,-981,3745,1000,603,0,0
1676,124,-1186,3339,903,944,0,0
1892,242,-1023,3699,1133,874,0,0
2251,233,-619,3941,1197,861,0,0
2067,83,-409,3801,982,1276,0,0
1614,35,-448,3760,1087,1287,0,0
1507,40,-570,3833,1234,1326,0,0
1651,86,-794,3787,1047,1295,0,0
1418,134,-1136,3676,818,996,0,0
716,144,-1466,3625,783,661,0,0
329,109,-1678,3553,771,376,0,0
385,52,-1728,3731,723,150,0,0
431,-24,-1458,4069,715,-9,0,0
229,-45,-820,4390,846,-34,0,0
-45,22,97,5117,909,-14,0,0
-363,130,1023,3948,791,-443,0,0
-516,164,1289,2294,680,-814,0,0
-243,123,1193,2417,767,-689,0,0
269,79,1332,3637,909,-224,0,0
402,70,1545,4887,839,55,0,0
-71,36,1638,5174,801,-60,0,0
-647,-47,1501,4210,847,-15,0,0
-773,-55,1184,3717,878,-60,0,0
-523,-82,1055,3708,1002,-85,0,0
-444,-150,1096,3579,956,20,0,0
-713,-153,1107,3505,1016,-104,0,0
-770,-123,1095,3563,1124,-280,0,0
-553,-84,1024,3740,1226,-427,0,0
-301,-59,870,4187,1271,-575,0,0
-202,-44,551,4275,1235,-539,0,0
-86,24,138,4531,1382,-459,0,0
414,76,-138,5445,1536,-295,0,0
780,40,-406,4633,1209,-344,0,0
529,-53,-1067,3026,951,-364,0,0
645,-106,-1632,3021,1130,6,0,0
1520,-45,-1681,3923,1244,378,0,0
2568,-20,-1365,4716,1189,379,0,0
2998,-161,-1040,4952,997,516,0,0
2632,-350,-1008,4679,782,719,0,0
1854,-451,-1304,4390,694,721,0,0
1308,-419,-1635,4162,708,628,0,0
1163,-341,-1766,3950,742,686,0,0
1126,-234,-1695,3742,736,577,0,0
1146,-98,-1548,3470,709,248,0,0
1285,22,-1339,3430,686,-73,0,0
1325,65,-978,3576,636,-227,0,0
862,110,-533,3922,574,-381,0,0
51,144,-66,4344,550,-545,0,0
-773,193,429,4454,648,-531,0,0
-1253,311,804,3432,622,-1029,0,0
-1151,334,810,2296,597,-1371,0,0
-617,359,860,2599,752,-1183,0,0
77,467,1275,3856,869,-809,0,0
184,629,1845,4979,845,-714,0,0
-260,690,2266,5084,834,-1038,0,0
-639,582,2289,4312,891,-971,0,0
-523,484,2112,3822,1046,-1021,0,0
-63,321,1870,3824,1077,-944,0,0
90,156,1552,3882,971,-800,0,0
-116,30,1175,3847,1042,-915,0,0
-239,-106,763,3750,1108,-892,0,0
-176,-209,310,3935,1105,-751,0,0
-142,-274,-182,3942,975,-643,0,0
-282,-241,-679,3888,972,-487,0,0
-111,-47,-821,4898,1329,-280,0,0
790,171,-585,5210,1522,-372,0,0
1826,194,-638,3109,985,-351,0,0
2207,133,-1107,2694,805,47,0,0
2416,95,-1215,4305,1125,251,0,0
2739,-52,-973,5752,1255,349,0,0
2713,-326,-1036,5502,979,679,0,0
2215,-521,-1603,5021,650,853,0,0
1568,-544,-2232,4632,568,686,0,0
1091,-428,-2631,4235,715,602,0,0
1090,-294,-2658,3883,788,540,0,0
1279,-214,-2393,3513,743,486,0,0
1379,-91,-2051,3276,644,284,0,0
1392,39,-1659,3571,596,-10,0,0
1211,131,-1189,3807,528,-231,0,0
689,252,-710,3740,475,-345,0,0
54,418,-109,3877,526,-551,0,0
-466,606,747,4080,691,-570,0,0
-869,798,1519,3164,608,-960,0,0
-1015,830,1750,2458,597,-1041,0,0
-805,868,1914,3413,800,-704,0,0
-355,879,2329,4921,899,-650,0,0
-457,772,2571,5662,818,-569,0,0
-1044,658,2249,5078,726,-738,0,0
-1193,526,1635,4302,779,-870,0,0
-787,381,1292,3952,992,-881,0,0
-526,225,1208,3744,987,-788,0,0
-607,64,1150,3562,919,-848,0,0
-809,-98,1013,3433,983,-828,0,0
-873,-188,770,3611,1073,-779,0,0
-749,-238,413,4125,1080,-585,0,0
-629,-221,-60,5086,1186,-189,0,0
-334,-108,-430,6063,1268,-30,0,0
124,-25,-822,4811,1024,-244,0,0
577,42,-1438,2802,816,-176,0,0
1110,159,-1789,2746,870,-80,0,0
1775,234,-1533,3809,1132,-193,0,0
2511,115,-1125,4539,993,-129,0,0
2691,-137,-1137,4756,573,264,0,0
2166,-322,-1485,4482,356,345,0,0
1441,-346,-1741,4085,474,152,0,0
1141,-297,-1625,3816,728,129,0,0
1233,-232,-1202,3668,767,244,0,0
1235,-170,-784,3482,579,215,0,0
901,-90,-532,3360,560,92,0,0
521,-4,-295,3521,620,-42,0,0
167,22,-10,3775,625,-89,0,0
-360,30,249,4441,740,134,0,0
-922,147,650,5114,852,224,0,0
-1306,397,947,3705,762,-182,0,0
-1274,679,731,2573,811,-597,0,0
-387,839,601,3258,1067,-504,0,0
714,883,571,4247,884,-197,0,0
887,822,363,4487,442,-485,0,0
-43,630,140,3899,471,-599,0,0
-851,580,147,3462,748,-613,0,0
-582,670,426,3393,1037,-578,0,0
286,797,808,3563,1071,-535,0,0
860,814,1023,3860,886,-628,0,0
772,664,911,3928,761,-677,0,0
331,446,675,4087,779,-665,0,0
-105,222,512,4478,891,-602,0,0
-426,13,442,4938,1025,-504,0,0
-596,-134,447,5395,1235,-371,0,0
-282,-284,452,5085,1242,-364,0,0
47,-429,60,3211,897,-104,0,0
327,-387,-514,3165,935,-154,0,0
1124,-372,-564,3787,1180,-124,0,0
1948,-441,-340,3856,1097,57,0,0
2273,-577,-111,3755,887,124,0,0
1998,-781,-42,3844,792,222,0,0
1278,-983,-242,4088,650,308,0,0
231,-1081,-633,4085,696,469,0,0
-417,-1020,-993,3969,785,483,0,0
-456,-865,-1244,3848,808,446,0,0
-300,-694,-1458,4005,675,318,0,0
-347,-532,-1601,4273,689,288,0,0
-294,-391,-1481,4605,709,145,0,0
-369,-276,-1100,5050,683,302,0,0
-862,8,-523,4236,609,-72,0,0
-1248,288,-157,2163,477,-805,0,0
-985,429,-125,1688,561,-796,0,0
-161,606,142,2738,712,-397,0,0
501,776,727,4146,686,-278,0,0
114,765,1345,4686,578,-424,0,0
-874,678,1714,4217,734,-432,0,0
-1221,630,1721,3832,810,-585,0,0
-853,518,1619,3848,903,-556,0,0
-592,395,1548,4072,894,-351,0,0
-717,304,1483,4332,916,-436,0,0
-969,192,1388,4187,1002,-529,0,0
-1064,86,1175,4040,1089,-491,0,0
-905,11,845,4403,1123,-405,0,0
-678,-13,503,4717,1210,-310,0,0
-388,-1,243,4830,1312,-271,0,0
81,-9,47,4662,1365,-182,0,0
748,-86,-224,3674,1187,-176,0,0
1310,-209,-658,3280,1027,-8,0,0
1732,-305,-876,4015,1063,164,0,0
2012,-428,-757,4417,1065,234,0,0
1923,-598,-749,4284,915,349,0,0
1556,-749,-998,4355,863,491,0,0
1173,-849,-1363,4337,742,582,0,0
671,-891,-1754,4180,527,479,0,0
-110,-907,-2079,4054,569,537,0,0
-575,-782,-2132,3873,805,555,0,0
-235,-559,-1852,3460,862,364,0,0
268,-319,-1361,3239,826,256,0,0
526,-61,-702,3243,801,3,0,0
523,150,-67,3223,764,-247,0,0
420,254,382,3719,776,-379,0,0
93,246,812,4698,783,-51,0,0
-617,317,1237,4511,775,-85,0,0
-1103,402,1236,2805,716,-697,0,0
-875,392,941,2508,830,-758,0,0
-137,409,955,3762,1009,-481,0,0
340,470,1242,4929,932,-379,0,0
7,501,1451,5246,874,-639,0,0
-459,439,1461,4626,947,-763,0,0
-312,404,1369,3805,1134,-958,0,0
479,331,1451,3493,1259,-1121,0,0
1039,181,1619,3455,1173,-944,0,0
919,18,1589,3717,1103,-959,0,0
522,-207,1238,3986,1157,-766,0,0
295,-404,491,4090,981,-593,0,0
148,-526,-418,4091,844,-492,0,0
-39,-566,-1094,4030,855,-299,0,0
-189,-500,-1394,3852,985,-175,0,0
-47,-326,-1278,3947,1190,51,0,0
442,-60,-788,4249,1347,195,0,0
1087,193,-222,4357,1375,154,0,0
1609,268,-51,3482,1144,6,0,0
1637,181,-470,3090,944,326,0,0
1593,153,-966,3925,1082,546,0,0
1899,151,-1265,5250,1177,667,0,0
2160,122,-1436,5453,987,704,0,0
1882,99,-1705,5063,767,754,0,0
1225,158,-2075,4399,665,562,0,0
805,261,-2422,3918,714,373,0,0
968,329,-2491,3799,780,266,0,0
1366,314,-2211,3617,751,238,0,0
1462,319,-1758,3270,627,-8,0,0
1156,370,-1254,2842,527,-359,0,0
744,437,-714,2641,528,-602,0,0
465,471,-21,3116,658,-590,0,0
191,485,802,3952,758,-501,0,0
-304,489,1616,5038,776,-289,0,0
-1034,529,2352,5259,834,-294,0,0
-1618,528,2575,3763,796,-698,0,0
-1666,405,2208,2875,822,-688,0,0
-930,279,1930,3961,1122,-388,0,0
-33,229,1911,5124,1156,-78,0,0
-94,243,1862,5463,995,-273,0,0
-799,197,1591,4656,1027,-463,0,0
-1009,98,1122,3781,1095,-590,0,0
-532,-36,768,3396,1187,-499,0,0
-67,-130,600,3417,1101,-327,0,0
-84,-180,473,3537,1026,-424,0,0
-254,-200,327,3369,1115,-415,0,0
-135,-161,144,3545,1201,-390,0,0
129,-111,-70,3924,1206,-319,0,0
292,-74,-400,4331,1202,-46,0,0
588,39,-682,5708,1379,286,0,0
1212,174,-707,5526,1307,110,0,0
1652,161,-1022,3328,961,67,0,0
1955,121,-1622,3199,856,304,0,0
2441,108,-1795,4321,976,471,0,0
2881,24,-1559,5085,968,422,0,0
2734,-198,-1322,4777,714,569,0,0
1937,-482,-1296,4349,639,717,0,0
1347,-340,-1340,3941,694,664,0,0
1264,-235,-1312,3577,747,534,0,0
1340,-190,-1162,3461,703,412,0,0
1112,-231,-974,3363,635,404,0,0
704,-207,-826,3397,649,337,0,0
453,-104,-646,3746,664,228,0,0
233,18,-420,4206,670,205,0,0
-175,203,-79,5021,769,323,0,0
-593,505,526,4590,772,3,0,0
-794,791,899,2742,713,-716,0,0
-362,844,870,2323,771,-1149,0,0
309,767,960,3259,868,-808,0,0
667,765,1195,4418,750,-575,0,0
317,752,1309,4786,619,-815,0,0
-325,658,1208,4227,703,-1077,0,0
-467,505,1015,3751,855,-1028,0,0
-92,369,964,3699,984,-922,0,0
201,221,982,3771,916,-790,0,0
106,75,950,3870,885,-793,0,0
-133,-61,812,3773,938,-774,0,0
-242,-178,569,3779,947,-681,0,0
-340,-286,267,4221,981,-480,0,0
-550,-336,-41,4505,1054,-220,0,0
-660,-251,-296,4295,1116,-140,0,0
-405,-61,-336,4741,1377,-20,0,0
455,128,-48,4569,1569,-143,0,0
1501,164,-3,2809,1267,-92,0,0
2349,180,-302,3166,1164,85,0,0
2963,99,-341,4260,1226,58,0,0
2957,-142,-387,4579,1128,213,0,0
2539,-427,-767,4558,975,542,0,0
1899,-627,-1400,4858,798,747,0,0
1237,-665,-1967,4838,669,669,0,0
665,-569,-2317,4397,764,608,0,0
547,-411,-2396,3873,802,471,0,0
684,-282,-2265,3415,752,326,0,0
873,-147,-2015,3339,711,117,0,0
965,-39,-1641,3447,648,-81,0,0
730,74,-1180,3727,629,-236,0,0
283,197,-608,4348,648,-333,0,0
-238,314,110,4478,710,-375,0,0
-663,458,760,3422,661,-691,0,0
-706,491,942,2003,519,-1048,0,0
-563,454,907,2296,596,-692,0,0
-337,569,1229,3837,867,-296,0,0
-133,740,1867,5011,916,-284,0,0
-294,890,2456,5031,989,-510,0,0
-353,912,2683,4506,1030,-640,0,0
-34,804,2592,4225,1072,-650,0,0
287,648,2420,4268,1119,-598,0,0
211,495,2074,4187,1091,-548,0,0
-47,333,1534,4066,1170,-670,0,0
-231,147,940,3773,1239,-595,0,0
-340,33,318,3808,1295,-447,0,0
-202,-5,-224,4011,1351,-237,0,0
306,49,-569,4415,1405,-47,0,0
1150,152,-711,5086,1509,-9,0,0
1826,125,-842,5359,1450,6,0,0
2245,-113,-1130,4198,1120,206,0,0
2328,-398,-1676,4176,736,581,0,0
1973,-613,-2055,4917,665,597,0,0
1469,-733,-2128,5006,837,512,0,0
1127,-769,-2127,4555,836,533,0,0
948,-744,-2117,4190,753,630,0,0
860,-689,-2074,4023,670,566,0,0
604,-650,-1924,3740,648,486,0,0
266,-557,-1627,3280,656,352,0,0
52,-405,-1285,2884,681,353,0,0
64,-171,-871,2790,679,221,0,0
67,25,-353,2907,679,66,0,0
-151,146,211,3193,707,79,0,0
-449,246,757,3848,772,93,0,0
-792,329,1412,4760,882,272,0,0
-1282,482,2135,4352,895,198,0,0
-1610,685,2373,3282,893,-66,0,0
-1066,857,2473,3817,1270,-210,0,0
426,880,2833,4757,1471,-104,0,0
1134,874,2840,5234,1097,22,0,0
184,830,2249,4938,990,-146,0,0
-720,655,1381,4471,1034,-278,0,0
-806,477,658,4051,1222,-362,0,0
-551,315,234,3747,1175,-362,0,0
-435,124,14,3432,1033,-452,0,0
-610,-80,-124,3364,1023,-424,0,0
-687,-243,-252,3890,1073,-279,0,0
-552,-307,-399,4578,1088,23,0,0
-361,-214,-560,4823,1106,152,0,0
48,-25,-645,5052,1227,93,0,0
887,85,-504,4670,1300,-184,0,0
1641,-44,-434,3105,1048,-186,0,0
1976,-253,-613,3224,966,3,0,0
2233,-524,-559,4657,1102,120,0,0
2069,-858,-511,5188,943,421,0,0
1200,-1060,-998,4754,616,549,0,0
195,-1079,-1805,4532,526,494,0,0
-272,-942,-2385,4242,708,494,0,0
-1,-725,-2503,3741,863,467,0,0
692,-565,-2194,3275,814,410,0,0
1073,-444,-1749,2897,612,200,0,0
876,-326,-1274,2849,551,1,0,0
426,-192,-664,3144,608,-76,0,0
-15,-51,76,3601,685,-74,0,0
-507,96,859,4384,778,12,0,0
-1049,248,1626,4778,835,-31,0,0
-1424,397,2030,3556,733,-434,0,0
-1438,474,1897,3178,792,-529,0,0
-859,530,1892,3983,1057,-537,0,0
-126,472,1964,4758,941,-370,0,0
-323,402,1791,4947,702,-187,0,0
-1044,374,1561,4597,887,-405,0,0
-1199,320,1446,3961,1075,-624,0,0
-804,255,1516,3598,1198,-671,0,0
-407,154,1561,3588,1148,-651,0,0
-419,35,1406,3663,1074,-712,0,0
-654,-87,1057,3745,1166,-710,0,0
-712,-176,607,4104,1304,-583,0,0
-518,-205,122,4533,1398,-350,0,0
-91,-166,-337,4878,1363,-123,0,0
325,-71,-666,5434,1421,26,0,0
857,-17,-903,4519,1214,-163,0,0
1212,-54,-1358,3125,978,-60,0,0
1608,-76,-1705,3639,1058,162,0,0
2249,-128,-1616,4601,1124,286,0,0
2638,-266,-1453,4810,915,387,0,0
2415,-439,-1489,4497,688,576,0,0
1905,-525,-1678,4462,658,693,0,0
1531,-495,-1785,4420,663,636,0,0
1255,-406,-1737,4035,740,591,0,0
1078,-302,-1595,3565,668,575,0,0
903,-158,-1485,3200,611,461,0,0
862,32,-1383,3391,665,292,0,0
998,170,-1137,3771,613,122,0,0
758,218,-711,4151,569,55,0,0
-57,301,-124,4373,609,69,0,0
-956,496,529,4026,647,-195,0,0
-1244,692,929,2893,644,-608,0,0
-832,902,1123,2873,875,-599,0,0
45,1144,1511,3779,957,-679,0,0
673,1195,1893,4560,836,-690,0,0
432,1115,2011,4728,691,-585,0,0
-159,989,1909,4504,709,-721,0,0
-372,830,1737,4209,914,-938,0,0
-239,600,1572,4042,985,-972,0,0
-211,329,1360,3939,919,-861,0,0
-436,63,1054,3709,918,-778,0,0
-656,-139,707,3874,1072,-628,0,0
-602,-264,426,4433,1199,-373,0,0
-440,-284,175,4499,1230,-68,0,0
-211,-169,-100,4589,1283,-3,0,0
363,-39,-235,5289,1530,-24,0,0
1401,-43,-297,4227,1319,-5,0,0
2054,-111,-713,3074,947,233,0,0
2377,-159,-1077,3856,999,168,0,0
2792,-318,-1062,4650,1102,179,0,0
3022,-602,-992,4651,830,419,0,0
2512,-900,-1084,4414,611,581,0,0
1500,-1063,-1314,4472,596,717,0,0
767,-1014,-1493,4328,735,769,0,0
712,-841,-1523,4067,832,786,0,0
1018,-631,-1379,3860,799,810,0,0
1178,-416,-1150,3563,716,744,0,0
1080,-212,-988,3375,585,470,0,0
691,-65,-919,3603,594,350,0,0
209,96,-735,4245,655,238,0,0
-209,336,-317,4769,741,187,0,0
-464,694,273,4232,738,-301,0,0
-345,951,549,2917,616,-960,0,0
229,1071,520,2695,606,-1000,0,0
1122,1228,706,3610,474,-753,0,0
1703,1336,1067,4539,129,-711,0,0
1395,1353,1414,4574,-37,-844,0,0
1004,1322,1628,4137,-54,-981,0,0
1123,1226,1740,4046,90,-1039,0,0
1220,971,1735,4227,13,-968,0,0
683,647,1630,4128,-3,-781,0,0
101,408,1491,3954,359,-839,0,0
77,185,1269,3790,527,-907,0,0
291,-58,979,3715,476,-784,0,0
282,-278,677,3947,513,-531,0,0
-61,-425,242,4015,597,-192,0,0
-401,-388,-341,4055,805,-112,0,0
-57,-266,-724,4949,1217,-152,0,0
963,-257,-784,4988,1369,18,0,0
1813,-393,-943,3964,1080,261,0,0
2120,-578,-1272,4168,977,383,0,0
2173,-798,-1414,5025,1039,484,0,0
1993,-1005,-1542,5287,926,699,0,0
1525,-1107,-1907,5144,732,773,0,0
858,-1118,-2424,5097,589,785,0,0
253,-993,-2831,4849,655,841,0,0
159,-729,-2948,4339,733,698,0,0
467,-449,-2744,3719,738,452,0,0
753,-225,-2324,3219,656,214,0,0
808,-34,-1789,2933,601,-59,0,0
767,127,-1125,3044,634,-392,0,0
724,233,-326,3537,677,-556,0,0
317,315,371,3864,552,-571,0,0
-419,460,963,4157,556,-653,0,0
-915,612,1499,3516,585,-974,0,0
-1016,704,1659,2905,660,-853,0,0
-664,903,1837,3628,891,-658,0,0
58,1085,2298,4721,1020,-473,0,0
464,1172,2710,5334,901,-415,0,0
163,1155,2783,5018,833,-584,0,0
-308,1039,2541,4467,871,-706,0,0
-406,893,2269,4290,1107,-944,0,0
-230,642,1980,4089,1093,-1039,0,0
-382,377,1533,3723,1037,-946,0,0
-525,151,1032,3595,1211,-939,0,0
-471,-79,501,3807,1294,-731,0,0
-412,-234,-11,4240,1306,-412,0,0
-400,-235,-543,4304,1204,-105,0,0
-281,-72,-1025,4833,1304,-128,0,0
556,49,-1129,5603,1658,-235,0,0
1828,-18,-1126,4281,1233,49,0,0
2387,-102,-1506,3425,810,169,0,0
2640,-218,-1784,4164,911,105,0,0
3060,-451,-1637,5100,1042,279,0,0
3260,-780,-1305,5487,906,533,0,0
2618,-1120,-1166,5251,627,781,0,0
1279,-1261,-1377,4952,561,875,0,0
311,-1150,-1666,4382,636,785,0,0
193,-887,-1834,3802,752,630,0,0
666,-623,-1814,3157,786,745,0,0
911,-328,-1757,2861,693,647,0,0
786,-111,-1616,3171,600,397,0,0
534,24,-1162,3666,614,145,0,0
13,140,-585,3847,550,24,0,0
-687,300,-21,4017,550,-62,0,0
-1306,490,574,3743,559,-280,0,0
-1651,665,1008,3131,624,-381,0,0
-1577,879,1413,3501,862,-374,0,0
-1057,1126,2047,4401,1062,-424,0,0
-303,1256,2537,5104,1018,-447,0,0
74,1189,2504,5007,730,-293,0,0
-283,1108,2197,4709,653,-208,0,0
-773,1021,2002,4644,956,-587,0,0
-883,775,1921,4431,1089,-755,0,0
-938,457,1749,4173,1020,-610,0,0
-1202,212,1427,4006,1039,-559,0,0
-1361,22,1025,3982,1227,-618,0,0
-1272,-130,619,4237,1344,-563,0,0
-1073,-219,235,4376,1470,-478,0,0
-601,-235,-107,4743,1686,-328,0,0
275,-271,-458,4760,1591,-257,0,0
976,-398,-1032,3822,1195,-190,0,0
1446,-543,-1582,4002,1132,24,0,0
1918,-711,-1769,4990,1108,254,0,0
1950,-921,-1836,5441,879,431,0,0
1341,-1074,-2102,5102,670,507,0,0
597,-1104,-2551,4962,577,550,0,0
57,-1001,-2951,4713,633,478,0,0
-73,-827,-3073,4216,769,450,0,0
347,-610,-2827,3687,777,224,0,0
820,-503,-2419,3209,628,3,0,0
805,-389,-1931,2931,589,-91,0,0
565,-205,-1277,3061,596,-310,0,0
299,-13,-471,3315,654,-317,0,0
-59,218,455,3826,742,-259,0,0
-552,436,1393,4036,746,-269,0,0
-993,595,2001,3225,665,-553,0,0
-1162,630,2123,3046,692,-537,0,0
-994,682,2327,4138,981,-301,0,0
-509,681,2680,5406,1025,-224,0,0
-557,588,2710,5539,833,-76,0,0
-1259,530,2360,4772,793,-191,0,0
-1724,408,1963,4332,979,-306,0,0
-1657,263,1818,4283,1271,-277,0,0
-1282,138,1800,4229,1255,-269,0,0
-1241,39,1649,4079,1202,-373,0,0
-1445,-55,1339,4102,1335,-477,0,0
-1358,-151,969,4348,1502,-455,0,0
-1022,-185,573,4413,1501,-341,0,0
-737,-119,149,4284,1551,-300,0,0
-213,1,-120,4434,1757,-300,0,0
803,89,-230,4399,1833,-219,0,0
1820,27,-572,3636,1346,-276,0,0
1914,-170,-1240,3572,1043,-78,0,0
1849,-316,-1700,4564,1241,246,0,0
2422,-438,-1879,5570,1152,456,0,0
2671,-621,-2074,5601,816,634,0,0
2046,-778,-2453,5261,575,709,0,0
1179,-793,-2893,4981,570,746,0,0
762,-629,-3138,4595,678,696,0,0
867,-423,-3029,4039,740,600,0,0
1098,-267,-2634,3429,679,455,0,0
1121,-116,-2169,2955,612,291,0,0
1023,63,-1641,2973,599,40,0,0
875,217,-940,3168,624,-125,0,0
564,380,-154,3441,626,-275,0,0
43,523,659,3867,647,-344,0,0
-615,741,1522,4403,787,-228,0,0
-1036,964,2206,3917,741,-673,0,0
-946,997,2349,3070,762,-782,0,0
-452,1054,2283,3650,911,-424,0,0
441,1167,2384,5058,1004,-222,0,0
813,1163,2484,5899,788,-350,0,0
-82,1053,2397,5356,761,-523,0,0
-1084,882,2086,4515,933,-654,0,0
-1064,670,1765,4053,1172,-766,0,0
-461,468,1561,3815,1308,-735,0,0
-14,288,1349,3614,1218,-778,0,0
4,66,1033,3645,1164,-834,0,0
-214,-191,589,3866,1230,-659,0,0
-215,-369,84,4240,1325,-391,0,0
6,-424,-418,4402,1226,-138,0,0
154,-329,-864,4064,1126,-94,0,0
499,-127,-1071,4087,1367,-185,0,0
1647,7,-861,4690,1696,-118,0,0
3269,-101,-458,4828,1568,53,0,0
4069,-469,-429,4278,1037,332,0,0
3676,-857,-748,4802,738,447,0,0
2949,-1227,-929,5426,849,451,0,0
2138,-1515,-1103,5389,893,719,0,0
1415,-1621,-1412,5051,783,831,0,0
720,-1600,-1848,4869,683,939,0,0
155,-1403,-2260,4600,697,991,0,0
-54,-1099,-2508,4131,681,935,0,0
-91,-763,-2564,3666,661,848,0,0
-48,-403,-2414,3279,655,611,0,0
101,-74,-2080,3082,675,318,0,0
276,196,-1540,3056,700,3,0,0
352,450,-898,3247,670,-282,0,0
275,686,-233,3443,567,-638,0,0
-94,879,460,3381,542,-640,0,0
-655,1144,1093,2938,518,-1003,0,0
-807,1293,1570,2998,660,-1163,0,0
-527,1461,2231,4269,906,-911,0,0
-77,1545,2979,5792,1015,-1051,0,0
59,1360,3183,6069,875,-846,0,0
-261,1112,2748,5235,638,-939,0,0
-607,832,2154,4498,844,-1091,0,0
-611,525,1774,4225,1168,-1079,0,0
-410,229,1494,3981,1152,-964,0,0
-377,-11,1189,3776,1153,-985,0,0
-427,-239,838,3798,1204,-864,0,0
-441,-428,425,4214,1270,-513,0,0
-471,-497,-26,4230,1202,-108,0,0
-511,-384,-471,3919,1144,-36,0,0
-161,-185,-640,4304,1467,-51,0,0
893,-24,-430,4877,1748,3,0,0
2068,-33,-314,4232,1391,-71,0,0
2265,-241,-799,3548,950,182,0,0
2020,-403,-1364,4571,1077,424,0,0
2277,-553,-1613,5431,1125,549,0,0
2379,-685,-1879,5176,848,638,0,0
2041,-768,-2257,4770,657,733,0,0
1533,-745,-2598,4734,651,853,0,0
1222,-587,-2696,4545,727,817,0,0
1164,-404,-2482,4105,770,773,0,0
1118,-208,-2120,3603,704,662,0,0
1011,18,-1818,3268,617,401,0,0
1017,223,-1560,3298,647,164,0,0
1096,383,-1225,3540,601,-14,0,0
846,540,-786,3808,550,-71,0,0
243,757,-134,3804,585,-315,0,0
-377,1017,630,3506,669,-518,0,0
-609,1283,1185,2926,664,-895,0,0
-330,1375,1448,3157,761,-938,0,0
172,1484,1796,4275,940,-549,0,0
779,1536,2163,5301,889,-803,0,0
796,1243,2046,5019,501,-778,0,0
-300,1003,1579,4350,449,-487,0,0
-1054,882,1283,4210,771,-717,0,0
-971,669,1244,4122,1083,-763,0,0
-609,462,1334,3896,1073,-682,0,0
-459,242,1330,3795,914,-798,0,0
-803,-24,1130,3910,944,-696,0,0
-1113,-222,847,4425,1116,-502,0,0
-1130,-319,509,4335,1202,-274,0,0
-902,-247,129,4407,1314,-111,0,0
-99,-94,36,5266,1627,-95,0,0
1123,-53,98,4960,1588,-150,0,0
1924,-177,-278,3182,1044,-19,0,0
2062,-297,-963,3119,847,155,0,0
2298,-423,-1243,4366,1121,226,0,0
2729,-642,-1164,4945,1113,382,0,0
2688,-894,-1184,4829,807,656,0,0
1965,-1069,-1459,4622,578,771,0,0
894,-1085,-1875,4475,565,795,0,0
208,-922,-2135,4301,749,734,0,0
258,-700,-2086,3952,856,696,0,0
564,-496,-1872,3498,737,594,0,0
661,-312,-1665,3303,656,477,0,0
689,-102,-1404,3473,690,303,0,0
782,95,-1016,3799,657,80,0,0
537,254,-558,4275,621,76,0,0
-169,488,10,4578,639,8,0,0
-854,746,617,3547,595,-517,0,0
-1039,885,840,2368,598,-720,0,0
-663,1040,960,2737,809,-601,0,0
187,1190,1367,3887,914,-554,0,0
640,1255,1855,4843,850,-492,0,0
393,1168,2139,5003,705,-803,0,0
-318,906,2012,4400,640,-670,0,0
-788,743,1800,4071,849,-710,0,0
-569,537,1649,4160,1038,-813,0,0
-405,255,1472,4096,933,-641,0,0
-733,38,1201,3947,942,-569,0,0
-1019,-107,841,3911,1102,-517,0,0
-933,-195,508,4102,1231,-294,0,0
-651,-181,225,4451,1356,-10,0,0
-187,-74,-28,4966,1460,138,0,0
563,22,-228,5316,1526,95,0,0
1380,-7,-552,3827,1207,5,0,0
1704,-96,-1183,3171,929,120,0,0
1882,-217,-1523,4158,1101,224,0,0
2176,-412,-1448,4759,1182,507,0,0
2339,-598,-1367,4711,994,729,0,0
2014,-752,-1549,4552,747,735,0,0
1277,-810,-1974,4584,587,660,0,0
559,-784,-2324,4405,625,615,0,0
118,-684,-2478,3987,689,553,0,0
76,-541,-2343,3578,732,466,0,0
271,-357,-1977,3236,732,271,0,0
460,-196,-1502,3063,635,31,0,0
419,-29,-913,3107,646,-75,0,0
208,138,-198,3443,661,-149,0,0
-187,285,638,4108,741,20,0,0
-776,458,1583,4228,789,-19,0,0
-1302,606,2129,3150,754,-159,0,0
-1215,798,2237,3238,918,-236,0,0
-223,926,2479,4207,1189,-149,0,0
736,925,2659,5053,992,141,0,0
309,894,2490,5209,828,181,0,0
-772,869,2104,4676,885,31,0,0
-1192,823,1716,4286,1159,-340,0,0
-735,668,1451,4038,1337,-365,0,0
-314,477,1178,3837,1104,-365,0,0
-695,283,801,3785,1053,-491,0,0
-1081,67,418,3985,1222,-509,0,0
-958,-90,44,4383,1329,-365,0,0
-523,-140,-253,4563,1345,-212,0,0
93,-115,-454,4889,1411,-150,0,0
899,-157,-570,5036,1378,-210,0,0
1470,-340,-839,3815,965,-85,0,0
1568,-509,-1292,3753,894,46,0,0
1805,-666,-1432,4620,1041,181,0,0
2148,-856,-1324,4834,928,327,0,0
1975,-1066,-1321,4539,634,457,0,0
1146,-1170,-1513,4472,633,672,0,0
585,-1102,-1686,4414,713,714,0,0
532,-941,-1721,4085,749,661,0,0
562,-756,-1631,3628,695,550,0,0
425,-577,-1488,3201,651,542,0,0
396,-330,-1303,3174,673,401,0,0
493,-112,-973,3537,677,223,0,0
358,28,-500,3805,663,150,0,0
-109,160,11,4106,666,81,0,0
-745,302,492,4014,654,-56,0,0
-1217,463,739,3232,616,-332,0,0
-1186,652,846,3227,808,-414,0,0
-590,861,1169,3857,987,-445,0,0
113,956,1541,4454,872,-478,0,0
87,939,1706,4499,684,-180,0,0
-468,976,1840,4362,805,-423,0,0
-676,934,2041,4124,1032,-693,0,0
-396,819,2243,4112,1163,-908,0,0
-108,550,2229,4166,1011,-903,0,0
-415,278,1884,4130,947,-765,0,0
-810,50,1391,4423,1178,-693,0,0
-790,-152,845,4522,1374,-455,0,0
-544,-218,245,4683,1420,-230,0,0
-62,-212,-206,5273,1512,-78,0,0
702,-238,-491,4673,1432,-91,0,0
1400,-306,-906,3052,1022,29,0,0
1814,-324,-1314,3412,993,89,0,0
2384,-418,-1282,4483,1218,129,0,0
2974,-662,-1082,4733,1029,334,0,0
2872,-947,-1103,4618,694,674,0,0
2065,-1112,-1347,5046,584,819,0,0
1097,-1105,-1616,4823,578,730,0,0
422,-962,-1860,4076,695,630,0,0
343,-766,-1948,3565,753,637,0,0
632,-576,-1858,3301,696,606,0,0
779,-418,-1693,3508,613,510,0,0
598,-271,-1497,3911,555,340,0,0
207,-122,-1184,4108,582,304,0,0
-302,127,-560,4451,720,242,0,0
-807,432,259,3910,729,-81,0,0
-1076,692,776,2615,609,-650,0,0
-828,821,879,2331,679,-780,0,0
-250,966,1120,3225,903,-474,0,0
376,1104,1621,4510,910,-402,0,0
332,1082,2037,5039,765,-566,0,0
-294,946,2073,4586,722,-671,0,0
-743,802,1846,4113,838,-663,0,0
-571,647,1670,4159,1046,-784,0,0
-329,390,1492,4124,977,-672,0,0
-553,172,1216,4069,925,-572,0,0
-836,1,881,4006,1062,-585,0,0
-792,-134,564,4115,1161,-461,0,0
-561,-198,315,4292,1183,-291,0,0
-429,-166,79,4405,1240,-116,0,0
-113,-53,-44,4952,1445,-56,0,0
758,6,-28,4943,1498,-158,0,0
1640,-82,-305,3219,1062,-60,0,0
2002,-166,-844,3261,933,83,0,0
2394,-275,-967,4396,1149,142,0,0
2763,-486,-821,4648,1059,286,0,0
2621,-738,-866,4407,801,535,0,0
1958,-914,-1124,4486,704,743,0,0
1216,-920,-1374,4492,713,757,0,0
876,-803,-1508,4182,816,671,0,0
970,-662,-1520,3858,831,688,0,0
1139,-517,-1435,3649,751,710,0,0
1125,-365,-1340,3480,662,609,0,0
1004,-210,-1233,3637,659,480,0,0
812,-82,-1045,4090,635,369,0,0
323,35,-777,4409,625,265,0,0
-370,200,-464,4391,640,164,0,0
-939,443,-117,3731,627,-156,0,0
-1030,682,77,2594,618,-672,0,0
-562,852,189,2585,749,-758,0,0
222,1022,577,3500,890,-664,0,0
776,1133,1124,4589,850,-636,0,0
593,1135,1555,4745,721,-808,0,0
76,1044,1699,4200,716,-1014,0,0
2,913,1637,3851,878,-1090,0,0
422,735,1567,3891,942,-922,0,0
610,563,1473,3834,883,-785,0,0
535,403,1352,3796,964,-804,0,0
519,189,1188,3875,999,-661,0,0
410,-33,905,4297,988,-442,0,0
58,-224,483,4465,934,-160,0,0
-460,-231,-41,4302,981,33,0,0
-438,-49,-329,4732,1324,-68,0,0
644,96,-158,5032,1711,-170,0,0
2062,57,-3,3642,1334,-145,0,0
2560,-84,-424,2763,793,67,0,0
2608,-225,-781,3699,935,86,0,0
2915,-461,-657,4711,1159,146,0,0
3005,-779,-451,4924,966,442,0,0
2403,-1052,-504,4632,756,633,0,0
1348,-1180,-891,4419,693,729,0,0
554,-1121,-1353,4360,726,726,0,0
391,-956,-1590,4262,874,805,0,0
654,-748,-1610,3981,816,841,0,0
757,-496,-1599,3584,686,708,0,0
735,-216,-1606,3344,621,475,0,0
729,4,-1538,3576,617,246,0,0
635,130,-1256,3943,655,27,0,0
352,194,-802,4218,629,-147,0,0
-243,281,-301,4392,553,-225,0,0
-913,456,154,3768,501,-721,0,0
-1081,564,287,2763,480,-1151,0,0
-625,685,392,3065,638,-1016,0,0
82,852,901,3873,735,-829,0,0
225,971,1570,4464,733,-727,0,0
-178,1007,2094,4316,722,-860,0,0
-410,944,2353,3998,810,-991,0,0
-290,825,2416,4044,948,-965,0,0
-47,650,2368,4351,1004,-880,0,0
-20,407,2088,4240,889,-825,0,0
-308,207,1605,3937,976,-784,0,0
-416,62,1100,3807,1141,-658,0,0
-294,-12,623,4096,1315,-437,0,0
36,-11,229,4261,1367,-162,0,0
464,77,-123,5129,1536,-136,0,0
1261,29,-390,5328,1563,-229,0,0
1971,-214,-885,3918,993,-150,0,0
1775,-471,-1565,3689,751,-38,0,0
1488,-663,-1893,4428,1027,6,0,0
1866,-1024,-1923,5014,993,275,0,0
1947,-1129,-1956,5399,786,597,0,0
1347,-1285,-2086,5588,637,837,0,0
490,-1243,-2322,5178,598,903,0,0
-65,-984,-2555,4357,629,738,0,0
-97,-635,-2632,3679,726,595,0,0
419,-335,-2419,3243,735,404,0,0
1032,-163,-1999,3128,639,191,0,0
1151,-72,-1440,3234,575,-7,0,0
751,44,-818,3314,502,-276,0,0
134,182,-176,3472,461,-398,0,0
-525,362,625,3911,544,-420,0,0
-1183,604,1523,3548,631,-431,0,0
-1562,851,2086,3018,668,-606,0,0
-1294,1058,2518,3634,947,-586,0,0
-408,1181,3020,4864,1091,-602,0,0
224,1079,3227,5544,849,-289,0,0
-226,938,3009,5243,656,-180,0,0
-1271,774,2566,4851,791,-368,0,0
-1913,569,2168,4630,1226,-523,0,0
-1634,351,1826,4361,1369,-434,0,0
-1191,203,1374,4045,1280,-391,0,0
-1080,105,851,3805,1303,-566,0,0
-889,-12,381,3869,1349,-508,0,0
-637,-59,21,4136,1375,-398,0,0
-378,-24,-271,4328,1415,-253,0,0
167,69,-474,5121,1638,-209,0,0
1093,34,-681,4701,1434,-280,0,0
1627,-144,-1212,3619,996,-89,0,0
1792,-311,-1723,4109,1027,68,0,0
2180,-484,-1865,4946,1060,199,0,0
2373,-725,-1934,5202,763,353,0,0
1738,-938,-2165,5183,611,519,0,0
896,-1030,-2471,5189,597,690,0,0
392,-935,-2667,4847,684,676,0,0
368,-737,-2664,4228,713,487,0,0
495,-567,-2474,3622,665,332,0,0
584,-419,-2192,3320,614,128,0,0
690,-299,-1788,3191,577,-63,0,0
596,-162,-1255,3296,575,-142,0,0
284,32,-585,3587,551,-204,0,0
-240,261,363,3913,637,-222,0,0
-925,500,1315,3296,604,-434,0,0
-1361,668,1779,2558,620,-528,0,0
-1111,811,2074,3093,864,-438,0,0
-402,897,2514,4420,959,-247,0,0
-111,884,2906,5385,863,48,0,0
-527,890,3007,5311,841,-11,0,0
-997,836,2745,4914,831,-215,0,0
-1283,683,2397,4711,983,-218,0,0
-1453,512,2102,4708,1194,-235,0,0
-1419,333,1740,4489,1165,-206,0,0
-1456,209,1280,4119,1218,-391,0,0
-1461,74,818,3972,1321,-525,0,0
-1326,-38,406,4052,1404,-429,0,0
-1044,-77,39,4374,1508,-314,0,0
-543,-73,-265,5008,1654,-160,0,0
223,-103,-591,4857,1481,-170,0,0
710,-217,-1173,3580,1064,-148,0,0
906,-305,-1746,3839,1058,78,0,0
1385,-349,-1936,4709,1163,257,0,0
2000,-429,-1999,4884,916,325,0,0
2065,-564,-2170,4683,627,426,0,0
1568,-651,-2354,4762,678,615,0,0
1267,-642,-2335,4621,727,663,0,0
1213,-561,-2115,4126,742,606,0,0
1141,-467,-1810,3619,680,525,0,0
912,-360,-1477,3261,644,469,0,0
683,-222,-1147,3085,650,362,0,0
571,-75,-792,3377,685,265,0,0
451,52,-335,3861,706,200,0,0
79,185,208,4485,758,193,0,0
-535,367,757,4429,719,37,0,0
-1054,556,1018,2890,609,-506,0,0
-1032,658,987,2479,744,-627,0,0
-399,816,1314,3404,1041,-532,0,0
465,980,1982,4443,1079,-491,0,0
658,1093,2480,5115,974,-626,0,0
394,1097,2642,5024,1009,-800,0,0
459,1011,2494,4479,1191,-1088,0,0
1045,774,2237,4266,1246,-1246,0,0
1166,458,1879,4049,1136,-1065,0,0
778,153,1395,3790,1167,-1124,0,0
569,-209,829,3720,1246,-928,0,0
490,-524,205,4086,1188,-488,0,0
139,-684,-439,4431,1007,0,0,0
-460,-620,-1038,3928,958,147,0,0
-726,-376,-1473,3835,1198,177,0,0
55,-87,-1319,4867,1619,449,0,0
1799,68,-682,4647,1609,415,0,0
3018,-19,-476,3848,1156,618,0,0
3221,-206,-639,4748,980,623,0,0
2647,-508,-979,5483,926,583,0,0
1421,-716,-1862,5112,606,621,0,0
498,-739,-2803,4971,574,605,0,0
174,-591,-3357,4885,778,802,0,0
411,-336,-3356,4411,855,757,0,0
844,-121,-2956,3637,776,409,0,0
1002,23,-2407,2966,696,41,0,0
934,137,-1756,2594,631,-182,0,0
743,225,-1101,2549,571,-440,0,0
427,286,-514,2730,538,-544,0,0
42,333,76,3057,582,-573,0,0
-272,374,850,3729,712,-461,0,0
-727,442,1789,4262,795,-336,0,0
-1312,536,2431,3960,748,-497,0,0
-1591,602,2644,3987,843,-489,0,0
-1241,647,2890,4786,1207,-297,0,0
-345,632,3056,5222,1220,-106,0,0
28,610,2852,5377,930,181,0,0
-535,625,2505,5279,1014,69,0,0
-1007,544,2266,4900,1336,-258,0,0
-758,381,2127,4389,1573,-332,0,0
-280,225,1863,4007,1502,-404,0,0
-285,61,1344,3750,1412,-565,0,0
-458,-104,719,3596,1514,-552,0,0
-283,-212,141,3902,1571,-342,0,0
69,-222,-353,4153,1492,-108,0,0
436,-153,-783,4260,1359,2,0,0
833,-96,-1121,4363,1384,65,0,0
1564,-111,-1255,4697,1474,193,0,0
2517,-261,-1291,4511,1258,403,0,0
3068,-467,-1408,5164,1101,621,0,0
3260,-729,-1463,5530,955,734,0,0
2911,-962,-1669,5181,714,795,0,0
2091,-1112,-2011,4986,632,826,0,0
1267,-1148,-2300,4907,697,941,0,0
839,-1024,-2452,4556,759,1001,0,0
857,-798,-2393,3977,739,887,0,0
928,-546,-2230,3355,670,691,0,0
903,-266,-1983,2962,667,583,0,0
960,40,-1534,3070,700,377,0,0
923,293,-967,3201,689,84,0,0
691,487,-426,3518,688,-95,0,0
344,615,124,3932,644,-225,0,0
-247,744,670,3984,678,-240,0,0
-751,932,1053,3196,578,-795,0,0
-890,988,1109,2817,597,-895,0,0
-741,1120,1299,3772,856,-469,0,0
-231,1367,1860,4862,1042,-563,0,0
207,1460,2396,5474,964,-715,0,0
108,1443,2566,5277,919,-686,0,0
114,1347,2436,4647,994,-1158,0,0
393,1049,2194,4240,1041,-1322,0,0
334,708,1941,4133,1085,-1201,0,0
166,355,1595,4057,1048,-1188,0,0
-38,-21,1046,3880,1102,-989,0,0
-136,-346,400,4095,1106,-689,0,0
-233,-577,-199,4502,1036,-269,0,0
-531,-605,-690,4402,1002,17,0,0
-743,-445,-1053,4088,1164,-45,0,0
-158,-229,-1030,4315,1505,-29,0,0
1267,-104,-668,4214,1500,97,0,0
2416,-155,-565,3343,1129,198,0,0
2800,-328,-770,4199,1060,460,0,0
2927,-587,-782,5597,1126,598,0,0
2446,-859,-999,5441,882,762,0,0
1359,-954,-1747,4943,561,725,0,0
439,-883,-2576,4704,528,699,0,0
78,-634,-3096,4471,752,763,0,0
446,-353,-3110,4088,801,704,0,0
1025,-142,-2722,3428,725,435,0,0
1244,4,-2207,2796,680,61,0,0
1161,132,-1631,2658,614,-128,0,0
944,323,-940,2775,598,-351,0,0
695,470,-241,3010,571,-581,0,0
315,559,452,3774,654,-426,0,0
-305,704,1301,4740,706,-296,0,0
-1085,824,2067,4594,707,-471,0,0
-1648,885,2230,3324,670,-594,0,0
-1474,970,2120,3180,913,-419,0,0
-225,1018,2200,4282,1124,-519,0,0
652,907,2273,5350,920,-260,0,0
2,866,2168,5581,817,-496,0,0
-856,702,1816,4665,891,-781,0,0
-984,475,1389,4132,1051,-754,0,0
-728,270,1120,4050,1100,-661,0,0
-682,91,904,3820,1068,-553,0,0
-675,-35,709,3507,1158,-590,0,0
-407,-131,539,3461,1203,-519,0,0
-90,-197,313,3708,1142,-379,0,0
-75,-237,18,4013,1138,-181,0,0
-166,-199,-308,4087,1181,3,0,0
67,-50,-584,4399,1272,56,0,0
722,106,-650,5056,1441,43,0,0
1476,130,-646,5069,1389,21,0,0
1937,-32,-947,3792,1022,71,0,0
2033,-217,-1554,3829,868,273,0,0
2285,-377,-1847,4997,998,420,0,0
2533,-572,-1796,5464,868,519,0,0
2188,-762,-1793,4796,530,467,0,0
1100,-852,-1980,4136,496,485,0,0
204,-753,-2077,3809,674,359,0,0
100,-601,-1820,3412,878,334,0,0
349,-447,-1382,3079,797,320,0,0
390,-277,-1044,2694,619,109,0,0
272,-100,-819,2622,656,-32,0,0
254,86,-528,3128,684,-116,0,0
255,219,-74,3670,694,-189,0,0
46,323,499,4436,749,-250,0,0
-420,399,1179,5291,826,-100,0,0
-1045,527,1808,5080,837,-130,0,0
-1380,661,2007,3366,795,-506,0,0
-947,755,1882,2962,924,-535,0,0
85,844,1969,3815,1113,-310,0,0
751,856,2145,4810,945,-171,0,0
160,776,2091,5014,731,-219,0,0
-1115,643,1779,4280,842,-189,0,0
-1600,553,1402,3884,1098,-483,0,0
-1134,433,1151,3831,1302,-497,0,0
-584,296,901,3732,1086,-447,0,0
-721,163,542,3577,1007,-429,0,0
-879,70,226,3570,1209,-445,0,0
-476,22,-2,3877,1269,-357,0,0
18,20,-195,4335,1226,-192,0,0
261,33,-431,4710,1184,-113,0,0
459,54,-704,5260,1289,-14,0,0
959,19,-883,5208,1263,-103,0,0
1374,-156,-1177,3749,892,-70,0,0
1421,-331,-1602,3957,881,70,0,0
1686,-480,-1657,4932,1019,222,0,0
2037,-637,-1492,4928,859,369,0,0
1866,-781,-1488,4353,626,456,0,0
1318,-852,-1692,4202,560,514,0,0
842,-835,-1796,4060,668,572,0,0
683,-737,-1628,3637,737,473,0,0
599,-634,-1301,3143,693,381,0,0
337,-489,-1019,2863,644,396,0,0
238,-260,-746,3027,690,252,0,0
291,-64,-356,3512,723,145,0,0
192,74,83,4092,704,143,0,0
-200,199,543,4895,744,265,0,0
-859,375,1093,4894,726,211,0,0
-1466,589,1355,3222,632,-227,0,0
-1415,746,1274,2775,881,-348,0,0
-407,908,1481,3555,1126,-284,0,0
713,1004,1822,4641,919,-215,0,0
462,983,1952,5182,646,-238,0,0
-796,908,1907,4649,784,-412,0,0
-1271,787,1801,4094,1080,-672,0,0
-661,629,1710,4001,1244,-818,0,0
-120,415,1513,3980,1021,-706,0,0
-370,210,1153,3830,929,-661,0,0
-738,27,756,3763,1159,-668,0,0
-541,-118,395,4001,1288,-612,0,0
-89,-198,99,4306,1304,-433,0,0
269,-229,-165,4633,1320,-225,0,0
666,-247,-372,5248,1425,-109,0,0
1279,-347,-564,4906,1281,-151,0,0
1604,-542,-1005,3710,947,39,0,0
1747,-691,-1456,4084,964,252,0,0
2175,-828,-1500,4905,1045,447,0,0
2450,-1004,-1388,4971,839,535,0,0
2006,-1181,-1425,4622,595,567,0,0
1001,-1262,-1667,4465,603,772,0,0
318,-1141,-1895,4349,706,831,0,0
287,-915,-1969,4036,723,748,0,0
354,-659,-1906,3611,704,651,0,0
405,-413,-1743,3271,661,469,0,0
587,-204,-1474,3273,687,251,0,0
797,-58,-1051,3591,657,78,0,0
574,61,-574,3818,555,17,0,0
-146,262,-77,4097,537,-98,0,0
-893,539,586,4037,628,-339,0,0
-1331,793,1183,2950,582,-615,0,0
-1341,1000,1485,2749,749,-858,0,0
-695,1107,1932,3460,981,-1014,0,0
66,1129,2462,4695,1027,-722,0,0
315,1103,2666,5559,832,-752,0,0
-58,939,2382,5044,726,-857,0,0
-481,726,1866,4358,839,-1046,0,0
-527,431,1381,4010,969,-957,0,0
-583,168,971,3879,1006,-723,0,0
-639,-27,631,3771,984,-656,0,0
-656,-154,372,3647,1078,-589,0,0
-437,-226,209,3723,1143,-448,0,0
-163,-232,90,4054,1175,-216,0,0
21,-169,-36,4199,1190,-60,0,0
220,-38,-208,4699,1284,47,0,0
731,78,-303,5079,1412,28,0,0
1477,65,-476,3826,1212,-31,0,0
2007,-49,-929,3275,987,213,0,0
2396,-174,-1204,4444,1061,273,0,0
2604,-398,-1161,5256,1047,333,0,0
2314,-660,-1271,4800,778,524,0,0
1590,-811,-1689,4502,646,689,0,0
946,-784,-2050,4523,704,759,0,0
703,-615,-2112,4235,886,685,0,0
869,-417,-1908,3716,916,495,0,0
1028,-276,-1608,3289,825,358,0,0
1075,-179,-1345,3272,777,156,0,0
1110,-149,-1074,3798,770,94,0,0
895,-91,-736,4228,692,50,0,0
353,42,-478,4397,589,-155,0,0
-203,225,-212,4439,632,-362,0,0
-504,389,189,3725,594,-652,0,0
-595,485,500,2571,554,-868,0,0
-523,557,709,2299,577,-850,0,0
-303,664,1075,3009,715,-641,0,0
-103,822,1679,4294,829,-646,0,0
-182,854,2217,4936,777,-789,0,0
-568,800,2338,4600,761,-730,0,0
-722,762,2177,4320,829,-797,0,0
-512,661,2036,4200,961,-890,0,0
-471,499,1898,4058,982,-794,0,0
-601,336,1686,3984,1019,-819,0,0
-653,155,1365,3776,1108,-836,0,0
-561,-5,965,3805,1189,-782,0,0
-393,-141,539,4209,1226,-643,0,0
-349,-224,48,4410,1215,-466,0,0
-232,-223,-410,4797,1296,-313,0,0
201,-167,-696,5407,1406,-135,0,0
852,-137,-960,4684,1177,-219,0,0
1298,-176,-1421,3308,890,-96,0,0
1618,-182,-1778,3396,916,163,0,0
2181,-153,-1659,4267,1112,317,0,0
2892,-245,-1241,4709,1073,317,0,0
2956,-457,-970,4731,819,477,0,0
2252,-707,-1020,4580,584,523,0,0
1036,-832,-1325,4413,686,523,0,0
483,-781,-1560,4243,799,524,0,0
698,-648,-1596,3962,859,670,0,0
1042,-480,-1534,3813,717,658,0,0
1014,-285,-1428,3719,665,494,0,0
932,-56,-1251,3698,675,181,0,0
879,99,-978,3798,632,-82,0,0
596,208,-706,3878,565,-157,0,0
57,389,-421,3775,524,-289,0,0
-444,627,-3,3201,544,-680,0,0
-613,816,445,2508,582,-979,0,0
-451,1011,917,2940,778,-992,0,0
64,1194,1488,3935,910,-1183,0,0
572,1202,1876,4635,805,-1130,0,0
557,1122,1943,5019,615,-1023,0,0
221,967,1742,4444,620,-1157,0,0
64,731,1451,4089,704,-1251,0,0
-77,470,1226,3945,792,-1063,0,0
-253,284,1055,3742,873,-1008,0,0
-250,112,919,3598,940,-930,0,0
-203,-27,788,3503,1006,-756,0,0
-118,-95,625,3604,1076,-558,0,0
38,-93,454,3930,1156,-346,0,0
180,-40,215,4286,1185,-135,0,0
332,67,-53,5126,1351,48,0,0
878,151,-243,5369,1474,70,0,0
1760,106,-577,3801,1229,117,0,0
2440,9,-1031,3717,1100,405,0,0
2822,-116,-1157,4517,1084,399,0,0
2794,-305,-1223,4656,919,396,0,0
2399,-512,-1503,4465,743,479,0,0
1785,-689,-1860,4607,700,641,0,0
1235,-750,-2088,4653,701,724,0,0
923,-705,-2143,4407,678,633,0,0
656,-579,-2066,3940,720,579,0,0
570,-389,-1870,3471,695,389,0,0
616,-214,-1609,3181,657,239,0,0
675,-58,-1267,3177,650,67,0,0
639,74,-816,3539,656,-35,0,0
333,193,-248,4124,661,-48,0,0
-307,341,418,4341,687,-88,0,0
-934,526,947,3317,611,-486,0,0
-1125,653,1003,2498,661,-568,0,0
-685,802,1076,3058,868,-370,0,0
51,988,1525,4117,1020,-133,0,0
452,1141,2077,5028,944,-234,0,0
257,1123,2356,4982,811,-455,0,0
-393,1006,2180,4473,782,-414,0,0
-655,918,1930,4311,1048,-623,0,0
-201,725,1749,4280,1127,-751,0,0
-89,459,1442,4042,925,-647,0,0
-563,224,1051,3945,976,-648,0,0
-770,20,674,4206,1200,-615,0,0
-575,-115,378,4666,1296,-507,0,0
-268,-150,137,4412,1338,-537,0,0
