-19,-44,22,-1333,-4190,-134,0,0
-7,-27,14,-1335,-4171,-194,0,0
-7,-9,-1,-1326,-4201,-186,0,0
-12,2,-19,-1366,-4204,-194,0,0
-23,-15,-22,-1398,-4233,-191,0,0
-37,-65,-3,-1404,-4187,-180,0,0
-35,-43,15,-1339,-4146,-182,0,0
-38,-20,9,-1334,-4170,-183,0,0
-49,-38,-1,-1370,-4258,-134,0,0
-51,-79,26,-1425,-4200,-62,0,0
-39,131,55,-1603,-4172,-23,0,0
-45,239,42,-1228,-4088,-197,0,0
-28,117,8,-1256,-4127,-332,0,0
-5,37,-26,-1286,-4179,-369,0,0
27,-200,-11,-1316,-4152,-198,0,0
27,-117,-21,-1409,-4231,-83,0,0
14,54,-43,-1526,-4176,-199,0,0
9,38,-32,-1396,-4101,-253,0,0
3,19,-39,-1558,-4196,-31,0,0
12,302,-31,-1502,-4213,29,0,0
47,470,-43,-1125,-4185,-286,0,0
63,129,-100,-1272,-4184,-275,0,0
92,-308,-115,-1495,-3948,-69,0,0
77,-285,-168,-1612,-3909,33,0,0
61,26,-194,-1842,-4139,-10,0,0
18,161,-101,-1818,-4287,-105,0,0
7,85,98,-1719,-4225,-86,0,0
37,175,276,-1570,-4024,-159,0,0
28,310,353,-1348,-3865,-304,0,0
-65,217,379,-1177,-4225,-767,0,0
-298,-441,405,-1305,-4575,-609,0,0
-389,-841,378,-1860,-4225,-386,0,0
-349,-539,400,-1696,-4046,-434,0,0
-306,-269,308,-1339,-4076,-688,0,0
-291,-367,88,-1557,-3770,-401,0,0
-205,-466,-47,-1641,-3618,-306,0,0
-99,-317,-80,-1472,-3658,-256,0,0
14,-166,-151,-1723,-3549,-281,0,0
129,-40,-233,-1929,-3418,-597,0,0
140,-148,-199,-1970,-3352,-737,0,0
132,-596,-110,-2067,-3251,-602,0,0
120,-737,-126,-2493,-3390,-697,0,0
59,-515,-95,-2525,-3597,-577,0,0
42,-171,62,-2280,-3587,-735,0,0
-127,-323,360,-1716,-4190,-536,0,0
-296,-716,512,-1907,-4571,173,0,0
-297,-712,610,-1574,-4339,296,0,0
-175,-596,717,-1037,-4085,505,0,0
-38,-200,609,-863,-3854,484,0,0
15,73,448,-1056,-3729,386,0,0
81,163,404,-981,-3638,311,0,0
169,190,342,-891,-3512,337,0,0
197,214,215,-1196,-3673,22,0,0
85,138,144,-1234,-3873,37,0,0
11,-25,-11,-1371,-4303,135,0,0
27,-43,-248,-2027,-4686,-133,0,0
24,60,-225,-1986,-4710,-211,0,0
-6,239,-135,-1675,-4789,78,0,0
-1,258,-192,-1927,-4803,83,0,0
-51,69,-326,-2197,-4876,29,0,0
-104,4,-470,-2053,-4966,-21,0,0
-62,97,-499,-2019,-4653,-13,0,0
4,272,-516,-1946,-4781,116,0,0
14,351,-597,-1971,-4903,123,0,0
13,328,-614,-1842,-4703,0,0,0
44,313,-516,-1682,-4513,-108,0,0
75,389,-332,-1558,-4449,-251,0,0
7,334,-171,-1450,-4975,-146,0,0
-96,113,-74,-1515,-5369,28,0,0
-122,4,14,-1435,-5668,-29,0,0
-61,131,89,-1387,-5472,-105,0,0
21,360,127,-1043,-5187,-179,0,0
-12,420,38,-1174,-5183,-82,0,0
-62,385,38,-1319,-4728,39,0,0
-40,403,182,-1020,-4203,-39,0,0
-24,398,259,-863,-4006,-60,0,0
-79,277,235,-985,-3929,-180,0,0
-129,-204,317,-1146,-3829,78,0,0
-33,-195,349,-910,-3951,62,0,0
21,-208,232,-1167,-4043,-96,0,0
33,-455,46,-1422,-4211,99,0,0
145,-285,-165,-1716,-3997,-37,0,0
287,696,-221,-1438,-3044,-317,0,0
343,1285,-330,-772,-2719,-1134,0,0
162,146,-471,-1194,-3347,-1315,0,0
-99,-945,-485,-2139,-3887,-521,0,0
-98,-411,-369,-2069,-3713,-310,0,0
11,-9,-245,-1344,-3321,-622,0,0
36,-143,-323,-1351,-3298,-500,0,0
83,-46,-454,-1269,-3677,-529,0,0
84,161,-541,-1020,-4047,-776,0,0
0,140,-551,-1206,-4311,-795,0,0
-91,21,-359,-1492,-4202,-640,0,0
-70,-209,-62,-1270,-3917,-428,0,0
-23,-251,98,-1175,-4267,-228,0,0
2,-333,207,-1266,-4639,40,0,0
81,-588,349,-1591,-4298,165,0,0
230,138,505,-1195,-3928,279,0,0
361,1314,494,-753,-3891,59,0,0
371,1558,276,-734,-4130,-470,0,0
124,300,4,-1244,-4582,-1043,0,0
-102,-739,28,-1750,-4376,-669,0,0
-95,-454,145,-1769,-3945,-218,0,0
-81,-119,177,-1530,-3953,-55,0,0
-102,-182,109,-1436,-4055,9,0,0
-75,-246,12,-1550,-4115,31,0,0
7,-129,-21,-1571,-3991,-37,0,0
74,26,83,-1582,-3664,-156,0,0
98,99,266,-1433,-3891,-55,0,0
89,-5,224,-1416,-4497,79,0,0
11,-170,-65,-1715,-4617,73,0,0
-42,-254,-301,-1897,-4137,20,0,0
45,-116,-293,-1766,-3785,-28,0,0
112,117,-126,-1794,-3846,-82,0,0
70,132,20,-1846,-3920,-81,0,0
-22,-24,32,-1821,-3922,-56,0,0
-83,-167,-12,-1873,-3826,80,0,0
-61,-63,-31,-1854,-3808,103,0,0
-74,8,-27,-1704,-3781,-68,0,0
-128,-157,-7,-1605,-3610,-78,0,0
-136,-254,-5,-1594,-3363,-54,0,0
-138,-307,-30,-1597,-3241,26,0,0
-131,-312,-120,-1559,-3900,265,0,0
-2,-264,-240,-1642,-3919,427,0,0
263,249,-101,-1340,-3366,184,0,0
373,747,125,-455,-3940,48,0,0
279,583,121,-322,-4430,-238,0,0
40,5,65,-531,-4522,-263,0,0
-80,-218,62,-287,-4356,-290,0,0
-45,-117,36,-275,-4090,-321,0,0
25,61,23,-547,-3977,-326,0,0
40,179,-1,-670,-4120,-127,0,0
-12,163,-56,-811,-4303,143,0,0
-47,80,-152,-828,-4588,311,0,0
7,-21,-207,-1039,-4519,305,0,0
115,139,-119,-1018,-4351,199,0,0
173,411,-85,-776,-4829,119,0,0
129,442,-192,-808,-4968,-11,0,0
34,207,-271,-775,-5129,39,0,0
-30,-165,-221,-971,-5565,222,0,0
-5,-210,-144,-1068,-5500,162,0,0
52,33,-85,-789,-5130,-216,0,0
35,34,-9,-938,-4861,-147,0,0
19,229,62,-787,-4580,120,0,0
13,263,88,-672,-4675,291,0,0
14,90,36,-699,-4932,535,0,0
44,-17,-28,-720,-5032,332,0,0
7,-152,39,-761,-5195,51,0,0
-46,-306,156,-806,-5199,-124,0,0
-100,-462,198,-857,-5152,-173,0,0
-119,-603,198,-1125,-4794,2,0,0
-84,-337,186,-1252,-4394,48,0,0
-48,16,152,-1199,-4437,179,0,0
2,206,89,-1133,-4470,227,0,0
25,284,49,-929,-4566,218,0,0
29,192,72,-735,-4620,236,0,0
4,1,125,-627,-4532,90,0,0
-24,-222,217,-494,-4420,-37,0,0
-51,-358,239,-553,-4275,-137,0,0
-97,-373,186,-803,-4150,-2,0,0
-120,-275,133,-960,-4066,38,0,0
-147,-269,152,-911,-3958,170,0,0
-130,-140,203,-834,-3903,173,0,0
-105,-167,236,-669,-3991,12,0,0
-94,-278,197,-749,-4271,-183,0,0
-58,-314,66,-1333,-4032,-449,0,0
-23,-241,60,-1425,-3506,-244,0,0
44,-24,29,-1345,-3303,321,0,0
70,9,-253,-1700,-3306,315,0,0
-20,-229,-487,-1631,-3431,515,0,0
34,-398,-556,-1788,-3839,814,0,0
197,-165,-456,-2109,-4171,479,0,0
144,131,-279,-2111,-3995,427,0,0
104,246,-42,-1986,-3743,401,0,0
80,293,201,-1685,-3862,178,0,0
7,458,266,-1347,-4117,144,0,0
-63,640,132,-1140,-4193,39,0,0
-84,525,-16,-1133,-4051,24,0,0
-93,319,-95,-1204,-3835,-34,0,0
-152,77,-113,-1229,-3908,18,0,0
-164,-103,-129,-1274,-4271,304,0,0
-102,-160,-203,-1412,-4464,252,0,0
-27,-62,-239,-1505,-4366,70,0,0
72,250,-143,-1425,-4322,-76,0,0
131,334,6,-1231,-4400,-199,0,0
166,209,84,-1246,-4008,-244,0,0
134,496,70,-1083,-3752,-416,0,0
-24,555,21,-1015,-4306,-333,0,0
-194,66,12,-1276,-4711,-11,0,0
-207,-218,117,-1488,-4401,134,0,0
-79,-79,329,-1375,-4072,55,0,0
-15,112,464,-1143,-4061,-206,0,0
-92,45,470,-1176,-4133,-379,0,0
-183,-214,519,-1349,-4000,-131,0,0
-185,-395,593,-1372,-3970,24,0,0
-117,-84,596,-1647,-4090,-430,0,0
-170,168,507,-1807,-4213,-813,0,0
-165,-141,266,-1898,-4149,-627,0,0
-122,-521,72,-2410,-3653,-495,0,0
-55,-232,131,-2145,-3245,-136,0,0
88,114,142,-1641,-3355,-153,0,0
76,-173,64,-2215,-3630,-529,0,0
25,-286,-12,-2268,-3643,-384,0,0
137,-212,-93,-2068,-3552,-446,0,0
216,-248,-98,-2267,-3482,-440,0,0
258,-283,44,-2543,-3510,-217,0,0
316,-118,278,-2214,-3763,-29,0,0
286,-49,415,-1939,-4088,45,0,0
145,-42,495,-1830,-3940,-375,0,0
-213,-135,722,-1448,-3709,-552,0,0
-446,-420,703,-1440,-3716,268,0,0
-402,-60,509,-1883,-3736,562,0,0
-308,692,401,-1800,-3624,485,0,0
-173,910,299,-1454,-3703,709,0,0
-35,533,167,-1478,-3774,233,0,0
-42,210,71,-1630,-3871,-75,0,0
-15,157,42,-1828,-3945,162,0,0
-11,105,98,-1746,-3823,-199,0,0
-190,-251,143,-1954,-3750,-251,0,0
-241,-50,189,-2003,-3907,418,0,0
-114,-146,251,-2331,-4080,302,0,0
-80,-460,343,-2495,-4010,310,0,0
30,-229,450,-2664,-4036,442,0,0
47,-88,535,-2765,-4188,-645,0,0
-236,-367,543,-2677,-4031,-965,0,0
-313,-566,558,-3206,-3734,93,0,0
-102,36,551,-3293,-3669,249,0,0
44,-139,444,-3219,-3524,-209,0,0
8,-337,347,-3525,-3521,-93,0,0
21,-135,286,-3395,-3618,-170,0,0
21,-28,291,-3365,-3562,-148,0,0
61,301,274,-3283,-3560,-32,0,0
81,-31,202,-3671,-3685,-206,0,0
14,55,150,-3734,-3552,-250,0,0
-34,417,122,-3240,-3446,-201,0,0
-12,123,-45,-3109,-3732,-104,0,0
-12,-447,-344,-3486,-4015,-281,0,0
-23,-783,-555,-3472,-4047,-113,0,0
-1,-843,-798,-3182,-4260,33,0,0
-24,-624,-993,-3047,-4369,260,0,0
-108,-14,-1144,-2703,-4437,179,0,0
-81,377,-1163,-2420,-4465,528,0,0
97,500,-962,-2201,-4353,565,0,0
135,789,-739,-2054,-4253,400,0,0
69,817,-531,-1234,-3999,504,0,0
44,613,-532,-424,-3797,356,0,0
75,201,-728,-1034,-3957,400,0,0
96,-21,-840,-1375,-3824,215,0,0
47,-18,-936,-922,-3459,-353,0,0
-46,-387,-1032,-1232,-3219,-313,0,0
-123,-637,-1020,-1576,-3295,-465,0,0
-133,-555,-880,-1555,-3335,-724,0,0
-113,-699,-665,-1922,-3225,-464,0,0
-98,-257,-364,-1925,-3167,-171,0,0
-9,480,-168,-1373,-3375,-78,0,0
58,384,-188,-1157,-4082,-116,0,0
63,104,-317,-1342,-4459,51,0,0
131,135,-366,-987,-4502,-411,0,0
102,-272,-275,-988,-4244,-824,0,0
2,-477,-102,-845,-4068,-695,0,0
-75,-564,-20,-649,-4053,-676,0,0
-195,-514,-93,-916,-4191,-360,0,0
-209,-262,-120,-1154,-4159,6,0,0
-100,-181,41,-1166,-4028,-34,0,0
-7,-291,280,-1122,-4252,-19,0,0
30,-390,400,-1227,-4535,20,0,0
62,-356,424,-1314,-4329,77,0,0
97,-141,397,-1217,-4089,70,0,0
95,97,303,-1046,-4166,42,0,0
64,59,161,-1128,-4224,55,0,0
36,-103,122,-1251,-4237,140,0,0
72,6,184,-1263,-4293,163,0,0
130,391,209,-1269,-4233,40,0,0
145,682,187,-1280,-4211,-40,0,0
124,766,153,-1304,-4189,-113,0,0
89,668,142,-1329,-4032,-196,0,0
48,451,170,-1337,-4022,-133,0,0
43,285,194,-1398,-4127,8,0,0
46,311,169,-1496,-4230,6,0,0
-20,362,85,-1530,-4477,15,0,0
-122,251,-52,-1599,-4499,117,0,0
-157,22,-142,-1590,-4119,111,0,0
-121,-124,-99,-1467,-3805,106,0,0
-59,-64,-8,-1443,-3716,125,0,0
-41,72,21,-1409,-3837,120,0,0
-87,20,-53,-1382,-4018,164,0,0
-150,-171,-188,-1428,-4099,147,0,0
-197,-383,-305,-1427,-4046,165,0,0
-185,-465,-366,-1446,-3872,125,0,0
-130,-392,-383,-1453,-3714,69,0,0
-76,-265,-377,-1462,-3464,-34,0,0
-80,-209,-335,-1378,-3490,-151,0,0
-121,-402,-253,-1319,-3672,-55,0,0
-69,-635,-114,-1324,-3315,-183,0,0
19,-509,70,-1349,-3509,-402,0,0
5,-206,258,-1325,-4293,-249,0,0
-22,-77,473,-1108,-4600,-101,0,0
37,-15,667,-812,-4344,-327,0,0
130,180,774,-883,-3996,-508,0,0
171,504,819,-696,-3943,-423,0,0
149,720,762,-720,-4168,-275,0,0
77,536,663,-829,-4575,-128,0,0
65,219,528,-999,-4489,-34,0,0
148,310,311,-1141,-4438,-86,0,0
201,451,78,-1197,-4458,-57,0,0
236,419,-89,-1239,-4559,-33,0,0
241,300,-174,-1237,-4872,48,0,0
236,217,-224,-1289,-4997,11,0,0
204,170,-275,-1325,-5055,-172,0,0
127,70,-276,-1318,-5043,-153,0,0
10,-58,-311,-1345,-5139,-136,0,0
-92,-268,-385,-1393,-5032,-114,0,0
-78,-626,-336,-1717,-4668,-139,0,0
-3,-532,-171,-1791,-4475,-98,0,0
94,142,-66,-1466,-4468,-54,0,0
145,585,-32,-1252,-4600,57,0,0
106,470,15,-1176,-4875,100,0,0
6,59,86,-1184,-5094,93,0,0
-58,-260,169,-1228,-5339,97,0,0
-24,-296,221,-1303,-5250,-27,0,0
59,-50,188,-1437,-5036,-203,0,0
105,414,128,-1435,-4904,-412,0,0
38,631,111,-1350,-4776,-306,0,0
-97,499,175,-1230,-4531,-210,0,0
-238,166,292,-1115,-4441,-180,0,0
-324,-149,507,-1130,-4471,-78,0,0
-314,-245,757,-1138,-4434,-78,0,0
-241,-202,872,-1255,-4520,-89,0,0
-158,-33,828,-1574,-4785,-96,0,0
-69,153,711,-1657,-4740,-78,0,0
58,287,534,-1631,-4175,-68,0,0
172,350,320,-1613,-3254,-118,0,0
232,419,196,-1517,-2439,-151,0,0
218,544,150,-1296,-2159,-121,0,0
126,496,-46,-1339,-2394,-29,0,0
29,67,-380,-1563,-2533,-21,0,0
-30,-468,-661,-1615,-2506,-24,0,0
-89,-747,-902,-1927,-2906,116,0,0
-112,-657,-1065,-2570,-3649,255,0,0
-94,-279,-986,-2649,-4154,253,0,0
-23,-1,-720,-2018,-4293,177,0,0
37,-65,-529,-2018,-4361,82,0,0
101,-261,-435,-2210,-4158,-6,0,0
173,-379,-403,-2136,-3906,-132,0,0
172,-485,-322,-1996,-3748,-270,0,0
44,-457,-151,-1844,-3795,-467,0,0
-117,-485,-26,-1729,-3983,-236,0,0
-159,-385,-55,-1616,-4171,-25,0,0
-144,-127,-147,-1557,-4306,42,0,0
-100,68,-182,-1440,-4246,126,0,0
-15,113,-180,-1336,-4528,117,0,0
90,201,-192,-1427,-4492,-93,0,0
146,266,-119,-1514,-4148,-269,0,0
135,419,4,-1293,-4059,-384,0,0
82,680,28,-1128,-4025,-440,0,0
-24,672,-33,-1095,-4211,-322,0,0
-111,251,-49,-1236,-4275,-146,0,0
-112,-4,4,-1289,-4231,-35,0,0
-62,82,65,-1248,-4225,-26,0,0
-18,229,82,-1173,-4220,-96,0,0
11,301,48,-1144,-4252,-204,0,0
15,285,8,-1190,-4304,-299,0,0
-17,209,-2,-1269,-4272,-293,0,0
-48,169,41,-1278,-4188,-256,0,0
-58,172,95,-1285,-4219,-291,0,0
-72,139,139,-1303,-4149,-266,0,0
-90,65,218,-1307,-3874,-314,0,0
-112,-80,390,-1198,-3679,-439,0,0
-134,-154,499,-1427,-4135,-331,0,0
-119,-124,517,-1573,-4623,-434,0,0
-178,-536,484,-1794,-4331,-559,0,0
-197,-721,448,-1939,-3967,-693,0,0
-166,-414,324,-1930,-3700,-581,0,0
-136,-55,219,-1891,-3371,-650,0,0
-144,138,182,-2054,-3356,-443,0,0
-75,176,181,-1946,-3489,-510,0,0
-14,144,131,-2071,-3429,-531,0,0
83,34,117,-2209,-3545,-391,0,0
166,-13,114,-2080,-3594,-506,0,0
188,-120,153,-2074,-3375,-479,0,0
225,-204,180,-1912,-3214,-614,0,0
211,-110,193,-1617,-3226,-745,0,0
175,31,203,-1816,-3700,-517,0,0
102,-147,340,-1766,-3570,-304,0,0
-1,-196,560,-1285,-3794,-13,0,0
-94,-101,682,-1240,-4065,416,0,0
-104,-235,592,-1375,-3947,484,0,0
-82,-355,373,-1374,-3816,344,0,0
-24,-374,123,-1475,-3825,289,0,0
46,-224,-119,-1552,-3899,331,0,0
103,30,-358,-1674,-4147,358,0,0
143,94,-550,-1882,-4516,355,0,0
164,42,-591,-1805,-4635,284,0,0
171,69,-555,-1602,-4907,288,0,0
136,50,-554,-1675,-5263,279,0,0
100,-102,-503,-1649,-4924,152,0,0
108,-204,-482,-1576,-4642,-6,0,0
116,-103,-518,-1674,-4550,65,0,0
112,93,-546,-1670,-4493,158,0,0
84,252,-569,-1610,-4407,105,0,0
2,144,-518,-1493,-4501,200,0,0
-70,-102,-434,-1516,-4554,290,0,0
-78,-177,-281,-1463,-4328,208,0,0
-72,-147,-80,-1337,-4572,259,0,0
-77,-132,72,-1386,-4617,336,0,0
-72,-109,169,-1329,-4783,325,0,0
-64,-75,195,-1382,-4936,340,0,0
-31,-2,263,-1302,-4871,249,0,0
-18,41,324,-1284,-4967,138,0,0
-50,14,364,-1305,-4917,132,0,0
-101,16,328,-1319,-5003,84,0,0
-172,28,236,-1426,-4862,-11,0,0
-222,44,165,-1400,-4841,-10,0,0
-245,35,107,-1525,-4970,86,0,0
-253,-22,151,-1522,-4698,-27,0,0
-241,-166,287,-1552,-4389,-32,0,0
-206,-43,434,-1568,-4306,189,0,0
-225,60,496,-1530,-4390,202,0,0
-247,-162,488,-1543,-4517,207,0,0
-199,-552,348,-1721,-4745,260,0,0
-116,-515,161,-1922,-4566,343,0,0
24,-44,10,-2014,-3896,261,0,0
194,557,-29,-1970,-3023,27,0,0
317,1042,0,-1372,-2536,-253,0,0
350,1445,-129,-1205,-2460,-480,0,0
356,1354,-355,-708,-2806,-774,0,0
233,265,-700,-1057,-3582,-1055,0,0
35,-824,-866,-2140,-3778,-802,0,0
-29,-488,-715,-2180,-3435,-523,0,0
36,52,-407,-1887,-3201,-625,0,0
35,200,-231,-1538,-3330,-540,0,0
12,166,-269,-1497,-3673,-281,0,0
17,53,-399,-1606,-4252,-214,0,0
12,23,-449,-1465,-4450,-460,0,0
37,46,-393,-1454,-4234,-495,0,0
146,310,-239,-1320,-4104,-347,0,0
195,689,-85,-943,-3877,-478,0,0
109,878,-61,-557,-3841,-598,0,0
34,376,11,-796,-4107,-389,0,0
33,-179,238,-1376,-4481,-197,0,0
63,-260,354,-1307,-4798,72,0,0
92,-88,253,-1182,-4425,-73,0,0
21,-166,158,-1307,-3819,-275,0,0
-27,-349,120,-1390,-3692,-126,0,0
5,-221,0,-1421,-4089,60,0,0
18,1,-138,-1440,-4457,72,0,0
7,-54,-121,-1482,-4323,17,0,0
16,-102,7,-1425,-4148,-77,0,0
18,-95,124,-1379,-4151,-109,0,0
-8,-115,153,-1360,-4213,-145,0,0
-35,-154,108,-1417,-4252,-178,0,0
-29,-137,73,-3472,-4173,-187,0,0
8,-28,98,-1361,-4041,-190,0,0
48,112,151,-1254,-3931,-198,0,0
63,204,162,-1211,-3902,-196,0,0
12,183,128,-1299,-4177,-83,0,0
-71,143,11,-1464,-4654,163,0,0
-133,31,-162,-1635,-4758,168,0,0
-166,-256,-236,-1554,-4251,75,0,0
-110,-446,-154,-1475,-3745,83,0,0
-14,-269,-71,-1507,-3696,21,0,0
14,-76,-79,-1669,-3874,86,0,0
0,-115,-124,-1645,-4091,203,0,0
-26,-218,-203,-1725,-4152,151,0,0
-52,-256,-247,-1755,-3987,108,0,0
-33,-264,-237,-1687,-3907,138,0,0
45,-107,-225,-1625,-3841,110,0,0
94,78,-232,-1642,-3696,-55,0,0
60,29,-217,-1566,-3732,-269,0,0
-34,-295,-143,-1519,-4149,-73,0,0
-20,-454,-82,-1298,-3686,138,0,0
190,21,-47,-829,-2810,301,0,0
398,806,89,-500,-3111,238,0,0
361,1377,26,196,-4006,-165,0,0
66,503,-203,27,-4469,-250,0,0
-119,-781,-142,-441,-4418,-41,0,0
-63,-882,88,-580,-4374,-202,0,0
0,-86,190,-267,-4433,-405,0,0
-55,177,135,-294,-4260,-261,0,0
-112,-185,105,-623,-4234,30,0,0
-104,-282,55,-608,-4406,321,0,0
-51,72,-70,-578,-4411,322,0,0
-4,176,-131,-500,-4682,370,0,0
55,47,-190,-646,-4973,312,0,0
92,133,-191,-791,-4980,-60,0,0
34,57,-37,-655,-5195,-123,0,0
-28,-41,61,-838,-5126,-116,0,0
-54,95,56,-722,-4779,-233,0,0
-101,32,31,-643,-4810,62,0,0
-73,89,3,-784,-4863,321,0,0
-10,320,-53,-641,-5164,309,0,0
3,355,-107,-658,-5336,46,0,0
-56,109,-4,-552,-4888,-213,0,0
-105,-240,166,-710,-4657,-211,0,0
-86,-225,243,-942,-4376,-50,0,0
-31,138,212,-917,-4140,45,0,0
49,287,182,-933,-4201,5,0,0
62,276,105,-875,-4519,-4,0,0
25,158,18,-920,-4924,157,0,0
37,-4,40,-1052,-5157,154,0,0
56,57,92,-939,-5343,-18,0,0
55,18,110,-998,-5255,-32,0,0
79,137,91,-904,-5139,10,0,0
100,265,55,-853,-4993,76,0,0
119,410,16,-527,-4766,143,0,0
124,323,30,-290,-4529,150,0,0
85,86,91,-92,-4373,212,0,0
25,-102,114,-79,-4323,-1,0,0
-76,-445,135,-142,-4326,-72,0,0
-148,-758,166,-552,-4385,6,0,0
-185,-590,195,-710,-4550,-74,0,0
-204,-379,233,-658,-4476,-170,0,0
-185,-471,279,-704,-4322,-174,0,0
-123,-358,220,-1005,-3938,-110,0,0
-40,31,99,-988,-3314,-122,0,0
-5,83,31,-977,-2788,0,0,0
-35,-138,-81,-1060,-2975,174,0,0
-142,-593,-372,-1547,-3552,336,0,0
-226,-815,-583,-2092,-3545,428,0,0
-120,-456,-470,-2033,-3487,557,0,0
0,145,-334,-1805,-3730,367,0,0
-30,310,-249,-1737,-3932,259,0,0
-99,99,-95,-1656,-4076,218,0,0
-169,-325,103,-1670,-4191,267,0,0
-179,-518,279,-1560,-4177,210,0,0
-135,-490,394,-1443,-4029,105,0,0
-67,-328,454,-1455,-3918,24,0,0
-42,-6,479,-1535,-3941,-56,0,0
-54,279,436,-1430,-4143,5,0,0
-84,338,256,-1341,-4526,93,0,0
-119,253,10,-1510,-4757,230,0,0
-48,266,-151,-1473,-4311,29,0,0
98,202,-62,-1314,-3939,-261,0,0
240,376,96,-1362,-3997,-367,0,0
286,900,112,-1405,-4027,-432,0,0
177,1015,52,-1287,-4144,-533,0,0
18,500,-10,-1292,-4146,-468,0,0
-66,-33,-22,-1367,-4082,-272,0,0
-64,-174,-8,-1422,-4076,-89,0,0
-12,21,-28,-1511,-4152,-46,0,0
22,221,-56,-1539,-4209,-119,0,0
-12,181,-41,-1472,-4204,-200,0,0
-100,-11,6,-1484,-4205,-318,0,0
-221,-273,102,-1412,-4069,-157,0,0
-210,-463,214,-1441,-3989,-104,0,0
-144,-328,246,-1525,-3789,-208,0,0
-89,-160,274,-1493,-3711,-133,0,0
33,-47,223,-1436,-4596,-223,0,0
158,-96,82,-1767,-4677,-506,0,0
233,-212,32,-1612,-4167,-969,0,0
95,-312,74,-2012,-4167,-1200,0,0
-106,-137,162,-2120,-3778,-827,0,0
-134,147,167,-1549,-3578,-469,0,0
-62,284,18,-1217,-3538,-262,0,0
14,289,-270,-1195,-3447,-226,0,0
80,94,-551,-1361,-3423,-324,0,0
134,-17,-804,-1494,-3479,-361,0,0
201,46,-1026,-1552,-3618,-327,0,0
266,184,-1153,-1573,-3836,-373,0,0
295,254,-1110,-1549,-3976,-432,0,0
294,119,-843,-1408,-4115,-341,0,0
297,-72,-493,-1376,-4527,-347,0,0
226,-114,-120,-1459,-4199,-543,0,0
45,-115,425,-1227,-3527,-313,0,0
-65,-138,954,-973,-3778,157,0,0
-102,-123,1237,-1014,-4099,314,0,0
-191,-282,1420,-965,-4333,467,0,0
-267,-801,1680,-556,-4356,754,0,0
-181,-1241,1902,-467,-4267,763,0,0
-75,-1082,1829,-643,-4451,715,0,0
-6,-542,1437,-892,-4499,756,0,0
90,-67,1006,-985,-4488,611,0,0
187,435,583,-916,-4589,303,0,0
212,816,139,-1283,-4519,139,0,0
167,868,-225,-1918,-4752,14,0,0
64,354,-463,-2118,-4855,23,0,0
-30,-77,-590,-2260,-4584,176,0,0
-65,-107,-618,-2436,-4587,182,0,0
-65,1,-580,-2697,-4628,92,0,0
-81,22,-450,-2790,-4653,77,0,0
-84,-110,-241,-2541,-4411,150,0,0
-41,-149,-150,-2632,-4487,155,0,0
-20,-50,-126,-2645,-4296,107,0,0
9,46,61,-2155,-3936,66,0,0
17,167,152,-1970,-4304,41,0,0
-66,169,30,-2133,-4652,163,0,0
-107,29,-83,-2075,-4779,173,0,0
-86,23,-157,-1845,-4803,101,0,0
-21,144,-167,-1707,-4558,110,0,0
49,314,-188,-1585,-4552,-43,0,0
25,332,-257,-1571,-4644,-33,0,0
-45,219,-316,-1572,-4595,99,0,0
-87,121,-334,-1588,-4692,231,0,0
-66,64,-251,-1543,-4605,197,0,0
-19,120,-116,-1462,-4458,140,0,0
22,154,53,-1379,-4375,282,0,0
61,139,134,-1346,-4366,337,0,0
68,160,115,-1344,-4244,234,0,0
48,242,46,-1355,-4237,207,0,0
9,293,-82,-1381,-4169,45,0,0
-36,230,-195,-1422,-3629,0,0,0
44,317,-212,-1518,-3138,-118,0,0
107,756,-267,-1211,-3086,-487,0,0
106,377,-531,-1174,-3358,-760,0,0
50,-299,-794,-1510,-3398,-906,0,0
-35,-333,-832,-1663,-3215,-854,0,0
-26,-107,-677,-1687,-3176,-678,0,0
4,232,-468,-1580,-3479,-632,0,0
2,312,-276,-1457,-3906,-618,0,0
-8,148,-128,-1301,-4290,-543,0,0
-9,-14,-17,-1304,-4386,-558,0,0
-25,-166,141,-1285,-4207,-563,0,0
-10,-169,335,-1402,-4101,-488,0,0
3,143,421,-1114,-4033,-518,0,0
-40,-64,421,-1246,-3985,-509,0,0
-67,-307,439,-1395,-3937,-458,0,0
-63,-440,435,-1330,-4173,-467,0,0
-90,-396,336,-1339,-4242,-409,0,0
-123,-295,186,-1385,-3950,-331,0,0
-129,-230,55,-1357,-3890,-257,0,0
-135,-176,-97,-1390,-4087,-186,0,0
-179,-203,-285,-1482,-4245,-171,0,0
-204,-307,-402,-1495,-4229,-132,0,0
-164,-381,-381,-1483,-4168,-106,0,0
-88,-336,-278,-1483,-4228,-87,0,0
-12,-199,-174,-1522,-4243,-77,0,0
55,-62,-89,-1498,-4235,-160,0,0
76,-9,-34,-1461,-4221,-264,0,0
54,-53,16,-1444,-4141,-275,0,0
20,-129,68,-1409,-4117,-267,0,0
-3,-192,106,-1418,-4146,-263,0,0
-5,-203,129,-1423,-4171,-276,0,0
10,-181,167,-1395,-4108,-266,0,0
37,-154,219,-1359,-3972,-270,0,0
55,-118,269,-1313,-3850,-233,0,0
56,-71,272,-1301,-3896,-133,0,0
34,19,145,-1333,-4250,-63,0,0
-26,5,-79,-1378,-4414,32,0,0
-66,-100,-304,-1393,-4374,98,0,0
-62,-152,-467,-1442,-4284,88,0,0
-36,-144,-493,-1422,-3983,72,0,0
2,-106,-401,-1362,-3833,71,0,0
21,-49,-302,-1425,-3999,112,0,0
11,-26,-267,-1447,-4073,131,0,0
-29,-97,-298,-1455,-4025,142,0,0
-78,-192,-362,-1502,-3993,156,0,0
-108,-229,-424,-1540,-3917,143,0,0
-113,-209,-446,-1537,-3748,91,0,0
-93,-183,-397,-1506,-3529,22,0,0
-71,-155,-291,-1452,-3584,46,0,0
-12,-193,-188,-1412,-3697,57,0,0
165,-253,34,-1352,-2864,-75,0,0
391,164,393,-1262,-2904,-377,0,0
337,844,787,-946,-4127,-738,0,0
-104,712,1106,-114,-4717,-292,0,0
-366,-480,1115,-176,-4995,307,0,0
-192,-1187,967,-902,-4684,-10,0,0
70,-648,856,-733,-4528,-533,0,0
105,260,683,-460,-4658,-143,0,0
117,665,412,-606,-4512,142,0,0
171,536,92,-900,-4620,-57,0,0
147,342,-176,-1062,-4996,-195,0,0
97,345,-330,-1064,-5154,-186,0,0
75,461,-380,-1185,-5087,-231,0,0
10,518,-364,-1151,-4923,-226,0,0
-40,290,-325,-1087,-4661,-53,0,0
-11,-4,-265,-1204,-4869,-83,0,0
44,90,-244,-1273,-4931,-93,0,0
95,264,-209,-1238,-4794,-221,0,0
66,243,-98,-1100,-4820,-267,0,0
5,36,14,-1074,-4610,-74,0,0
-17,-40,73,-1084,-4437,-177,0,0
-62,-35,67,-1051,-4580,-182,0,0
-68,-147,66,-1072,-4596,37,0,0
13,-130,52,-1162,-4541,-87,0,0
67,115,-32,-1265,-4498,-221,0,0
86,236,-132,-1150,-4637,-141,0,0
90,163,-222,-1193,-4801,-124,0,0
81,171,-244,-1255,-4780,-115,0,0
85,287,-225,-1043,-4994,-120,0,0
13,185,-175,-1008,-5245,-164,0,0
-75,-176,-81,-923,-5162,-7,0,0
-37,-327,70,-844,-4974,30,0,0
29,-163,199,-681,-4826,-41,0,0
14,-32,192,-828,-4665,-75,0,0
-35,-82,224,-541,-4477,-99,0,0
-62,-163,260,-560,-4467,-103,0,0
-92,-203,381,-699,-4459,-47,0,0
-91,-244,571,-433,-4234,-158,0,0
-109,-379,556,-643,-4130,-154,0,0
-89,-368,374,-959,-4051,42,0,0
26,-30,191,-1055,-3790,-4,0,0
143,226,156,-1292,-3482,-124,0,0
206,93,283,-1442,-3063,-59,0,0
257,-112,297,-1602,-2788,-1,0,0
213,-47,63,-2020,-3352,347,0,0
159,176,-380,-2413,-3808,473,0,0
187,561,-729,-2476,-3497,189,0,0
243,771,-621,-2006,-3230,-17,0,0
216,803,-285,-1822,-3269,-248,0,0
44,680,-6,-1831,-3729,-195,0,0
-168,287,98,-1734,-4184,9,0,0
-309,-324,57,-1664,-4157,133,0,0
-314,-673,-27,-1590,-3844,127,0,0
-213,-518,-125,-1577,-3547,48,0,0
-102,-78,-240,-1583,-3450,42,0,0
-31,283,-401,-1277,-3772,176,0,0
-70,446,-766,-1379,-4686,30,0,0
-164,375,-1143,-1425,-5414,117,0,0
-101,-15,-1176,-1294,-4650,74,0,0
111,-225,-677,-1100,-3670,-445,0,0
216,-134,8,-1053,-4032,-624,0,0
184,276,457,-1376,-4640,-332,0,0
74,717,588,-1152,-4592,-323,0,0
-54,534,484,-689,-4137,-455,0,0
-143,59,255,-774,-3972,-378,0,0
-157,-273,121,-1074,-4110,-153,0,0
-113,-206,80,-1172,-4226,-31,0,0
-46,22,49,-1207,-4242,-161,0,0
-33,15,80,-1179,-4272,-263,0,0
-43,-89,158,-1186,-4199,-299,0,0
-42,-122,226,-1187,-4128,-342,0,0
-50,-118,257,-1222,-4101,-368,0,0
-83,-139,264,-1296,-4102,-2464,0,0
-138,-261,341,-1378,-3982,-449,0,0
-166,-345,444,-1347,-4183,-355,0,0
-175,-337,409,-1326,-4465,-266,0,0
-138,-361,266,-1533,-4369,-277,0,0
-77,-271,90,-1563,-4217,-454,0,0
-37,-130,-100,-1621,-3890,-561,0,0
2,-10,-184,-1661,-3640,-439,0,0
57,108,-167,-1564,-3672,-418,0,0
94,156,-165,-1633,-3772,-427,0,0
137,142,-171,-1713,-3855,-480,0,0
177,104,-206,-1723,-3915,-576,0,0
183,31,-216,-1758,-3776,-627,0,0
148,-105,-125,-1799,-3602,-623,0,0
128,-66,-26,-1622,-3620,-561,0,0
126,-36,33,-1667,-3677,-387,0,0
162,-25,134,-1513,-3717,-287,0,0
170,-90,204,-1022,-4119,-353,0,0
69,-152,125,-826,-3761,-347,0,0
-73,-166,174,-759,-3268,-114,0,0
-159,-309,323,-506,-3500,298,0,0
-195,-272,231,-560,-3818,308,0,0
-262,-332,55,-795,-4267,376,0,0
-272,-539,53,-483,-4249,515,0,0
-202,-602,113,-499,-4354,486,0,0
-148,-545,120,-708,-4770,513,0,0
-92,-492,81,-820,-4620,324,0,0
-37,-427,56,-847,-4539,225,0,0
-5,-324,9,-1014,-4750,163,0,0
-7,-232,-83,-1175,-4820,167,0,0
-22,-210,-174,-1139,-5179,206,0,0
-36,-264,-259,-1295,-5430,218,0,0
29,-215,-263,-1302,-5058,122,0,0
134,43,-239,-1274,-4821,29,0,0
163,253,-244,-1287,-4856,51,0,0
109,216,-262,-1250,-4701,15,0,0
43,91,-233,-1189,-4473,-35,0,0
-20,-10,-186,-1211,-4931,76,0,0
-62,-80,-156,-1282,-5069,171,0,0
-9,-9,-38,-1187,-4600,141,0,0
72,177,88,-1030,-4632,124,0,0
105,276,102,-1140,-4466,125,0,0
88,264,112,-1048,-4351,151,0,0
18,165,144,-1063,-4683,227,0,0
-78,-16,192,-1036,-5059,278,0,0
-109,-182,223,-1044,-5335,360,0,0
-40,-134,198,-1052,-5353,379,0,0
99,256,125,-1005,-5097,113,0,0
186,575,64,-849,-4988,-16,0,0
159,659,-17,-868,-4870,99,0,0
94,588,-53,-938,-4727,139,0,0
13,495,-13,-803,-4426,70,0,0
-56,442,16,-935,-4274,167,0,0
-80,431,55,-996,-4111,222,0,0
-84,439,110,-1015,-3859,226,0,0
-99,433,136,-1085,-3755,187,0,0
-117,331,129,-1237,-3710,111,0,0
-150,95,146,-1451,-3198,-116,0,0
-139,-10,257,-1490,-3069,-353,0,0
-81,20,366,-1422,-3807,-380,0,0
3,12,293,-1657,-4069,-451,0,0
42,222,68,-1748,-3773,-518,0,0
53,470,-66,-1343,-3458,-558,0,0
18,498,-126,-1240,-3382,-533,0,0
-36,332,-253,-1211,-3442,-549,0,0
-49,-90,-331,-1136,-3514,-600,0,0
-12,-240,-369,-1196,-3826,-449,0,0
38,-34,-481,-1257,-4208,-477,0,0
30,-73,-543,-1179,-4192,-590,0,0
9,-323,-461,-1291,-4202,-547,0,0
-25,-408,-315,-1431,-4210,-556,0,0
-49,-417,-152,-1335,-4051,-408,0,0
-46,-330,-18,-1231,-3990,-415,0,0
-64,-372,42,-1224,-4233,-486,0,0
-84,-553,23,-1312,-4481,-419,0,0
-51,-546,41,-1446,-4229,-371,0,0
-22,-308,70,-1488,-3991,-332,0,0
-38,2,51,-1489,-3952,-224,0,0
-55,117,4,-1452,-4123,-71,0,0
-67,46,-67,-1462,-4379,-27,0,0
-81,-60,-96,-1428,-4307,36,0,0
-27,-48,17,-1341,-4033,43,0,0
62,103,174,-1306,-4118,9,0,0
115,180,235,-1343,-4332,-29,0,0
128,136,228,-1307,-4301,-62,0,0
143,110,231,-1284,-4229,-73,0,0
156,181,262,-1302,-4183,-140,0,0
143,307,269,-1215,-4151,-163,0,0
139,409,209,-1038,-4147,-171,0,0
138,312,134,-1064,-4011,-223,0,0
150,203,113,-1160,-3842,-165,0,0
175,231,138,-1202,-3990,-101,0,0
157,192,88,-1413,-4338,-90,0,0
100,-110,-19,-1531,-4646,120,0,0
59,-310,-166,-1765,-4619,355,0,0
88,-171,-271,-1787,-4232,130,0,0
121,47,-210,-1648,-3839,-101,0,0
122,212,-44,-1548,-3721,-137,0,0
79,291,80,-1522,-3920,-125,0,0
-32,172,69,-1503,-4168,-18,0,0
-108,-69,-25,-1556,-4219,173,0,0
-132,-232,-84,-1655,-4064,146,0,0
-129,-181,-112,-1638,-3888,129,0,0
-77,-49,-169,-1573,-3784,137,0,0
-54,-128,-242,-1558,-3713,75,0,0
-58,-211,-317,-1609,-3627,8,0,0
-75,-229,-375,-1673,-3531,-57,0,0
-88,-250,-373,-1567,-3399,21,0,0
-96,-294,-335,-1419,-3893,140,0,0
-24,-504,-302,-1170,-3741,222,0,0
134,-237,-319,-946,-2328,-197,0,0
193,439,-229,-410,-2710,-389,0,0
102,389,-125,-181,-4126,-7,0,0
-37,-194,-43,-504,-4494,273,0,0
-16,-605,53,-40,-4154,147,0,0
103,-74,1,-194,-4279,55,0,0
158,729,-5,12,-4652,-146,0,0
56,550,113,209,-5019,-306,0,0
-15,0,207,-208,-5118,206,0,0
34,92,163,114,-4999,208,0,0
33,-42,43,-228,-5407,374,0,0
61,84,-18,-469,-5366,311,0,0
121,193,0,60,-5254,25,0,0
78,56,-73,-257,-5204,-3,0,0
50,-29,-102,-409,-4817,-12,0,0
42,-121,-91,-271,-4950,102,0,0
35,-187,-78,-641,-4976,395,0,0
51,-104,-16,-452,-5048,338,0,0
-15,-146,-52,-354,-5595,345,0,0
-91,-270,-94,-594,-5045,347,0,0
-29,-408,38,-484,-4859,283,0,0
66,-147,95,-536,-5307,-85,0,0
-10,-119,125,-736,-5349,-125,0,0
-119,-297,104,-616,-5226,214,0,0
-87,-252,9,-941,-5138,299,0,0
-28,92,-52,-887,-5082,182,0,0
-22,244,10,-801,-4867,-6,0,0
-14,292,126,-667,-4649,-24,0,0
-47,554,89,-47,-4322,81,0,0
-149,708,-65,30,-4428,66,0,0
-241,108,27,699,-4373,259,0,0
-295,-340,19,463,-4438,171,0,0
-291,-419,42,249,-4317,-13,0,0
-203,-216,48,81,-4201,-157,0,0
-106,-7,109,-562,-4360,-78,0,0
-59,-64,405,-892,-4461,-52,0,0
16,-48,641,-821,-4136,-35,0,0
161,353,551,-884,-3341,-139,0,0
147,350,260,-968,-2667,-546,0,0
-73,-387,-12,-1162,-2673,-303,0,0
-233,-930,-223,-1646,-3282,496,0,0
-180,-608,-477,-1785,-3873,700,0,0
16,3,-574,-1849,-3774,511,0,0
128,452,-415,-1573,-3765,226,0,0
106,273,-98,-1719,-3866,14,0,0
16,-32,208,-1705,-3967,91,0,0
-46,-142,336,-1501,-4319,269,0,0
-47,-25,252,-1455,-4520,177,0,0
-63,25,127,-1446,-4409,-13,0,0
-69,29,131,-1422,-4191,-112,0,0
-53,163,226,-1316,-4014,-66,0,0
-56,376,261,-1236,-4066,-26,0,0
-68,464,167,-1206,-4313,6,0,0
-70,394,18,-1227,-4051,-175,0,0
-93,201,73,-1134,-3758,-308,0,0
-65,-73,224,-1070,-4490,22,0,0
128,-14,144,-1313,-4474,-72,0,0
253,388,-54,-1281,-3877,-582,0,0
148,516,-115,-1260,-4100,-747,0,0
-39,295,-65,-1324,-4383,-535,0,0
-108,58,39,-1323,-4222,-196,0,0
-53,41,125,-1237,-4111,-38,0,0
11,162,120,-1269,-4236,-61,0,0
36,282,41,-1286,-4275,-197,0,0
20,189,16,-1273,-4145,-265,0,0
2,72,61,-1280,-4205,-237,0,0
-29,23,84,-1313,-4284,-233,0,0
-69,-138,130,-1392,-4140,-239,0,0
-99,-227,225,-1360,-4000,-377,0,0
-153,-384,299,-1205,-4153,-298,0,0
-188,-478,327,-1364,-4180,-118,0,0
-197,-399,378,-1346,-3891,-348,0,0
-203,-468,386,-1244,-4107,-406,0,0
-112,-603,175,-1659,-4540,-260,0,0
10,-368,-134,-2043,-4096,-522,0,0
37,23,-271,-1784,-3412,-564,0,0
58,270,-282,-1647,-3436,-534,0,0
72,224,-222,-1663,-3628,-456,0,0
100,33,-189,-1662,-3813,-403,0,0
154,-106,-237,-1738,-3855,-469,0,0
205,-110,-262,-1766,-3582,-554,0,0
212,-94,-160,-1589,-3481,-461,0,0
191,-197,-14,-1518,-3622,-273,0,0
160,-300,64,-1523,-4137,-195,0,0
98,-334,111,-1399,-4029,-55,0,0
37,-343,278,-939,-3572,-71,0,0
-41,-485,496,-718,-3641,-66,0,0
-117,-704,545,-818,-3677,195,0,0
-116,-438,334,-911,-3737,302,0,0
-87,-76,87,-985,-4363,401,0,0
-53,46,-93,-861,-4385,422,0,0
-30,64,-177,-789,-4092,192,0,0
-84,-93,-90,-765,-4165,275,0,0
-119,-304,9,-967,-4344,386,0,0
-115,-407,39,-966,-4604,476,0,0
-43,-403,-35,-1089,-4755,421,0,0
43,-223,-148,-1169,-4896,406,0,0
97,-37,-246,-1135,-4946,358,0,0
105,-11,-336,-1295,-5083,365,0,0
120,-26,-328,-1393,-5077,254,0,0
136,25,-208,-1274,-4986,151,0,0
104,53,-96,-1297,-4930,182,0,0
77,27,-39,-1300,-4710,137,0,0
51,38,-69,-1308,-4778,206,0,0
32,122,-148,-1380,-4603,199,0,0
21,202,-110,-1186,-4486,245,0,0
11,182,-6,-1132,-4628,330,0,0
-21,116,60,-1193,-4679,389,0,0
-54,34,123,-1103,-4788,512,0,0
-46,-71,215,-1045,-4981,561,0,0
8,-122,242,-1104,-4943,465,0,0
71,-46,157,-1137,-4961,387,0,0
114,45,1,-1090,-5071,303,0,0
111,230,-169,-1180,-5029,220,0,0
89,403,-199,-1014,-5032,176,0,0
85,463,-159,-920,-4921,174,0,0
49,526,-132,-939,-4697,180,0,0
-60,547,-114,-637,-4701,306,0,0
-161,375,-120,-627,-4675,483,0,0
-162,234,-66,-686,-4541,593,0,0
-51,350,17,-709,-4451,508,0,0
-2,412,114,-728,-4178,316,0,0
-71,210,136,-878,-3937,407,0,0
-109,142,72,-1031,-3453,234,0,0
-128,272,5,-952,-2671,-155,0,0
-105,236,1,-1102,-3139,-53,0,0
47,200,-52,-1441,-3984,-295,0,0
157,531,-185,-1489,-3757,-712,0,0
161,731,-228,-1251,-3404,-659,0,0
49,729,-123,-1159,-3329,-676,0,0
-135,298,34,-1141,-3415,-576,0,0
-214,-299,98,-1142,-3697,-363,0,0
-185,-595,-13,-1334,-4151,-208,0,0
-96,-588,-213,-1630,-4352,-291,0,0
-45,-338,-284,-1663,-4078,-544,0,0
-25,-199,-140,-1383,-3826,-603,0,0
-43,-129,58,-1407,-4005,-464,0,0
-114,245,117,-1146,-4404,-300,0,0
-202,100,39,-826,-4430,-516,0,0
-303,-866,183,-1419,-4382,-380,0,0
-314,-1167,458,-1570,-4245,-122,0,0
-237,-843,564,-1410,-4103,-51,0,0
-191,-301,449,-1298,-4056,0,0,0
-180,-112,211,-1344,-3913,-13,0,0
-179,-202,-30,-1372,-3916,-2,0,0
-146,-267,-224,-1376,-4099,57,0,0
-68,-243,-363,-1456,-4181,54,0,0
10,-169,-429,-1487,-4132,25,0,0
104,-27,-397,-1484,-4151,-51,0,0
172,141,-305,-1488,-4212,-115,0,0
212,203,-181,-1483,-4176,-171,0,0
228,204,-52,-1454,-4141,-215,0,0
221,168,72,-1417,-3919,-238,0,0
214,188,186,-1372,-3791,-279,0,0
175,278,220,-1367,-4140,-205,0,0
104,335,94,-1388,-4618,-51,0,0
54,336,-132,-1487,-4803,-5,0,0
44,333,-278,-1505,-4549,-62,0,0
78,406,-238,-1412,-4158,-90,0,0
118,507,-52,-1325,-3933,-189,0,0
85,487,136,-1277,-3929,-153,0,0
-8,328,198,-1269,-3979,-75,0,0
-113,148,111,-1363,-4041,-51,0,0
-188,-24,-41,-1420,-4034,22,0,0
-227,-155,-169,-1453,-3983,61,0,0
-216,-210,-200,-1481,-3820,49,0,0
-161,-203,-181,-1478,-3652,5,0,0
-110,-166,-186,-1491,-3497,-57,0,0
-109,-151,-207,-1463,-3350,-115,0,0
-164,-217,-203,-1379,-3308,-99,0,0
-205,-500,-211,-1233,-3970,63,0,0
-111,-1055,-190,-970,-3444,-68,0,0
72,-1031,-77,-710,-2882,-263,0,0
199,-281,5,-219,-3684,-288,0,0
104,380,9,-38,-4365,-65,0,0
15,-202,153,380,-4755,173,0,0
209,-518,153,-364,-4720,-213,0,0
413,470,74,-387,-4467,-387,0,0
396,1067,-7,118,-4506,-214,0,0
174,785,-97,-379,-4572,-450,0,0
-21,164,-86,-165,-4858,-400,0,0
-95,-128,-68,-163,-5295,58,0,0
-67,-127,42,-514,-5274,181,0,0
-14,69,130,-276,-5124,-43,0,0
-23,263,46,-482,-4918,-245,0,0
-72,223,-64,-623,-4944,-413,0,0
-103,-101,-72,-961,-4948,-209,0,0
-65,-126,-61,-1056,-4903,-48,0,0
-7,147,-76,-982,-4979,-23,0,0
4,200,-2,-980,-5428,79,0,0
-16,328,44,-485,-5361,86,0,0
29,108,50,-463,-4857,158,0,0
104,104,45,-579,-4955,47,0,0
148,297,32,-378,-5340,-198,0,0
100,254,-4,-392,-5350,-246,0,0
30,9,-57,-606,-5197,-151,0,0
12,-116,-18,-619,-4979,-86,0,0
13,44,69,-466,-4768,-139,0,0
-17,20,174,-359,-4663,53,0,0
-34,-50,248,-316,-4509,106,0,0
-48,-59,309,-89,-4443,47,0,0
-124,-283,382,-225,-4569,51,0,0
-191,-482,485,-283,-4510,-30,0,0
-196,-337,513,-153,-4358,-226,0,0
-229,-116,397,-379,-4502,-404,0,0
-272,-342,298,-782,-4757,-333,0,0
-229,-431,243,-1102,-4702,-101,0,0
-68,-90,163,-1236,-4032,-146,0,0
-11,178,131,-1115,-3190,-312,0,0
-61,-239,161,-1142,-2341,-38,0,0
-28,-280,66,-1267,-2218,56,0,0
-35,-147,-292,-1475,-3124,419,0,0
-4,-321,-748,-1943,-3943,447,0,0
115,-10,-977,-2107,-3961,201,0,0
196,527,-805,-1844,-3811,29,0,0
161,721,-500,-1709,-3768,-53,0,0
58,542,-197,-1463,-3969,-46,0,0
-31,124,63,-1719,-4178,67,0,0
-71,-60,203,-1674,-4362,48,0,0
-85,-189,164,-1531,-4421,193,0,0
-39,-113,135,-1469,-4073,34,0,0
-34,47,171,-1307,-3846,-154,0,0
-45,165,186,-1180,-4045,38,0,0
0,242,132,-1316,-4558,287,0,0
89,392,50,-1339,-4481,90,0,0
197,575,40,-1086,-4129,-249,0,0
284,812,101,-789,-3919,-707,0,0
218,986,66,-549,-3931,-1155,0,0
14,644,-33,-667,-4111,-812,0,0
-99,276,-24,-918,-4285,-343,0,0
-138,15,51,-861,-4640,0,0,0
-73,-175,80,-1044,-4703,232,0,0
65,-70,103,-1209,-4079,-149,0,0
101,123,139,-941,-3815,-319,0,0
20,134,93,-901,-4256,-395,0,0
-109,-241,-17,-1115,-4564,-284,0,0
-116,-514,-77,-1323,-4399,-166,0,0
-25,-394,-50,-1373,-4224,-304,0,0
12,-36,-5,-1361,-4199,-428,0,0
-10,164,34,-1404,-4184,-413,0,0
-72,129,77,-1377,-4205,-372,0,0
-136,11,118,-1399,-4175,-252,0,0
-173,-81,197,-1429,-3984,-249,0,0
-201,-234,362,-1269,-3618,-326,0,0
-222,-487,556,-1207,-3860,-392,0,0
-268,-722,614,-1315,-4413,-324,0,0
-293,-823,421,-1529,-4549,-401,0,0
-253,-859,132,-1789,-4363,-447,0,0
-131,-650,-65,-1929,-3847,-565,0,0
-30,-416,-138,-1704,-3376,-473,0,0
49,-313,-129,-1775,-3459,-2168,0,0
149,-16,-167,-1872,-3662,-109,0,0
210,258,-285,-1822,-3685,-396,0,0
217,279,-406,-1739,-3628,-499,0,0
243,296,-500,-1660,-3710,-520,0,0
246,277,-564,-1712,-3804,-565,0,0
193,187,-538,-1646,-3723,-500,0,0
170,108,-425,-1507,-3689,-506,0,0
155,90,-254,-1432,-3786,-427,0,0
107,278,25,-1107,-3136,-265,0,0
3,524,311,-526,-3235,-175,0,0
-184,163,578,-245,-4004,338,0,0
-254,-560,722,-104,-3978,479,0,0
-218,-924,647,-346,-4392,325,0,0
-162,-938,533,-718,-4821,582,0,0
-35,-514,391,-445,-4373,522,0,0
65,-74,215,-615,-4339,420,0,0
106,-50,106,-891,-4513,399,0,0
114,-100,19,-865,-4676,383,0,0
69,-226,-61,-1040,-5087,331,0,0
16,-434,-126,-1289,-5379,408,0,0
53,-427,-226,-1314,-5220,277,0,0
145,-182,-315,-1434,-4942,152,0,0
210,146,-366,-1454,-4993,121,0,0
197,342,-387,-1408,-4840,68,0,0
103,294,-369,-1290,-4990,271,0,0
39,69,-375,-1346,-5370,493,0,0
94,-2,-355,-1494,-4539,181,0,0
162,170,-149,-1174,-3910,40,0,0
91,248,64,-954,-4795,226,0,0
-83,17,51,-1100,-5773,657,0,0
-148,-348,-70,-1199,-5637,726,0,0
-2,-377,-130,-934,-5309,482,0,0
174,84,-182,-845,-5359,417,0,0
257,688,-208,-545,-5032,372,0,0
152,795,-239,-78,-4983,429,0,0
-12,408,-280,-199,-4684,431,0,0
-90,102,-326,-226,-4305,302,0,0
-101,244,-338,-419,-4297,223,0,0
-140,343,-226,-435,-4227,408,0,0
-169,311,-86,-428,-4173,493,0,0
-219,302,26,-503,-4386,569,0,0
-260,118,113,-393,-4549,791,0,0
-188,34,201,-650,-4422,674,0,0
-85,88,326,-559,-4055,25,0,0
-98,-90,377,-851,-3224,-356,0,0
-163,-86,342,-888,-2678,-291,0,0
-185,10,249,-1019,-3509,-311,0,0
-117,-32,113,-1316,-4301,-287,0,0
2,106,40,-1305,-4142,-460,0,0
22,303,74,-1116,-3863,-464,0,0
-31,366,189,-1235,-3731,-456,0,0
-59,255,344,-1197,-3589,-379,0,0
-24,183,377,-1155,-3568,-449,0,0
-13,14,244,-1348,-3727,-355,0,0
-7,21,-41,-1432,-3780,-358,0,0
-7,-5,-316,-1394,-3834,-455,0,0
-1,-37,-429,-1494,-3875,-446,0,0
-7,7,-401,-1564,-3947,-464,0,0
-34,-8,-215,-1444,-4080,-371,0,0
-29,-19,40,-1378,-4470,-208,0,0
18,56,233,-1305,-4620,-175,0,0
56,94,344,-1264,-4399,-12,0,0
17,85,358,-1273,-4167,-94,0,0
-66,-101,303,-1196,-3921,-157,0,0
-104,-299,181,-1234,-3969,-28,0,0
-73,-281,-7,-1377,-4202,-6,0,0
5,-102,-188,-1479,-4287,-96,0,0
74,120,-240,-1369,-4203,-153,0,0
97,182,-135,-1286,-4146,-118,0,0
58,94,13,-1338,-4202,-133,0,0
0,-73,115,-1283,-4198,-90,0,0
-2,-171,167,-1261,-4137,-93,0,0
4,-205,198,-1285,-4125,-64,0,0
-6,-230,191,-1274,-4157,-33,0,0
4,-261,158,-1267,-4139,2,0,0
52,-243,126,-1253,-4039,-11,0,0
112,-136,98,-1241,-3865,-75,0,0
149,-31,91,-1211,-3754,-81,0,0
146,28,72,-1178,-4012,-16,0,0
101,-53,-61,-1267,-4575,105,0,0
28,-271,-258,-1514,-4809,277,0,0
-51,-333,-414,-1570,-4774,274,0,0
-55,-153,-498,-1429,-4488,133,0,0
-7,-14,-436,-1382,-3978,50,0,0
32,14,-238,-1287,-3810,86,0,0
40,36,-89,-1366,-3987,169,0,0
3,79,-127,-1498,-4173,179,0,0
-67,39,-269,-1596,-4202,158,0,0
-116,-109,-304,-1583,-4132,271,0,0
-112,-198,-220,-1580,-4073,283,0,0
-68,-138,-117,-1582,-3908,208,0,0
-22,-22,-72,-1547,-3713,210,0,0
-1,63,-71,-1489,-3567,177,0,0
-22,74,-69,-1415,-3352,65,0,0
-45,-26,-17,-1267,-3213,57,0,0
-54,-271,54,-1003,-3518,205,0,0
35,-501,36,-741,-2995,183,0,0
215,-181,-19,-529,-2284,19,0,0
296,568,-84,72,-3286,-405,0,0
128,387,-154,80,-4841,191,0,0
-43,-193,-235,-247,-5276,765,0,0
35,-507,-169,-169,-4956,278,0,0
200,88,-67,67,-4796,-61,0,0
200,672,-40,8,-4978,-28,0,0
104,481,35,-74,-4967,-178,0,0
-33,158,-36,-74,-4927,42,0,0
-31,246,-166,-147,-5217,365,0,0
-7,318,-174,-154,-5478,389,0,0
-16,334,-69,-192,-5256,234,0,0
-71,149,25,-27,-5005,97,0,0
-93,-100,54,17,-4854,283,0,0
-33,-109,8,-319,-4633,266,0,0
-1,29,-35,-337,-4649,278,0,0
1,108,-40,-207,-4669,367,0,0
-6,50,9,-272,-4652,455,0,0
11,-38,141,-143,-4681,440,0,0
43,29,197,139,-4610,123,0,0
-35,-409,170,-154,-4724,35,0,0
-105,-887,160,-662,-4705,269,0,0
-58,-904,218,-926,-4569,203,0,0
27,-377,247,-973,-4731,109,0,0
89,80,222,-787,-5006,122,0,0
69,301,120,-933,-5444,300,0,0
-14,340,138,-650,-5654,495,0,0
-52,134,261,-217,-5454,422,0,0
-58,-79,308,-277,-5376,182,0,0
-92,-161,322,-408,-5005,71,0,0
-112,-80,319,-432,-4665,-47,0,0
-117,73,287,-621,-4525,-14,0,0
-192,107,261,-402,-4486,186,0,0
-299,-4,187,-330,-4457,246,0,0
-318,-223,124,-521,-4492,151,0,0
-242,-328,175,-625,-4589,174,0,0
-81,-117,156,-867,-4361,320,0,0
100,246,72,-1197,-3706,107,0,0
217,600,96,-1117,-2792,-103,0,0
238,797,190,-917,-2281,-306,0,0
96,410,150,-1072,-2851,-312,0,0
-129,-100,-190,-1275,-3502,24,0,0
-239,-463,-697,-1690,-3506,268,0,0
-213,-317,-987,-1917,-3469,90,0,0
-226,34,-967,-1733,-3828,-123,0,0
-295,126,-790,-1625,-4222,-43,0,0
-328,-70,-462,-1560,-4518,6,0,0
-315,-418,-51,-1531,-4577,83,0,0
-228,-537,248,-1514,-4282,95,0,0
-111,-382,392,-1498,-4003,37,0,0
-32,-119,421,-1480,-3956,12,0,0
-11,61,399,-1406,-3999,-42,0,0
-10,91,371,-1313,-4253,-27,0,0
6,47,341,-1346,-4563,-103,0,0
55,2,337,-1369,-4306,-191,0,0
190,111,455,-1244,-3593,-366,0,0
281,422,640,-982,-3642,-393,0,0
273,596,647,-990,-4523,-194,0,0
260,477,350,-1301,-4623,-51,0,0
333,450,58,-1495,-3826,-364,0,0
331,725,4,-1196,-3713,-593,0,0
167,990,8,-1087,-4177,-575,0,0
-113,598,30,-1160,-4596,-416,0,0
-260,-313,91,-1277,-4446,-183,0,0
-217,-607,75,-1344,-4105,-313,0,0
-136,-288,-8,-1452,-3994,-366,0,0
-99,187,-118,-1408,-4047,-316,0,0
-109,270,-226,-1374,-4050,-284,0,0
-152,61,-294,-1370,-3910,-327,0,0
-185,-119,-291,-1371,-3809,-359,0,0
-170,-138,-218,-1467,-4027,-304,0,0
-110,-6,-156,-1408,-4518,-252,0,0
-45,-10,-120,-1413,-4378,-359,0,0
3,-170,-35,-1336,-4229,-564,0,0
29,-286,-3,-1494,-4363,-576,0,0
67,-99,-71,-1594,-4185,-680,0,0
65,131,-102,-1407,-3769,-756,0,0
70,208,-84,-1371,-3671,-746,0,0
84,248,-72,-1403,-3773,-740,0,0
70,226,-54,-1341,-3845,-711,0,0
59,98,-53,-1279,-3823,-647,0,0
93,-2,-104,-1347,-3667,-644,0,0
130,-18,-154,-1341,-3457,-616,0,0
153,-48,-174,-1321,-3340,-510,0,0
164,-113,-146,-1308,-3223,-456,0,0
149,-179,-10,-1183,-3031,-491,0,0
95,-246,209,-2824,-3039,-395,0,0
2,-453,315,-396,-3644,-47,0,0
-88,-849,355,-370,-4442,441,0,0
-99,-1001,363,-368,-4638,626,0,0
-33,-838,380,-440,-4913,445,0,0
51,-522,404,-472,-5055,229,0,0
60,-194,283,-381,-4742,163,0,0
-7,-112,117,-753,-4598,226,0,0
-34,-315,-9,-935,-4897,311,0,0
-21,-415,-96,-1034,-4801,213,0,0
3,-297,-172,-1233,-4722,226,0,0
22,-172,-211,-1232,-5018,433,0,0
33,-204,-252,-1229,-5246,528,0,0
72,-283,-216,-1251,-5189,460,0,0
156,-242,-97,-1123,-4853,219,0,0
152,-119,-45,-1126,-5099,191,0,0
92,-148,-149,-1378,-5730,475,0,0
141,-78,-213,-1414,-4690,22,0,0
176,181,-48,-987,-4181,-194,0,0
117,394,27,-989,-4742,89,0,0
-14,394,-58,-1256,-5101,321,0,0
-107,164,-128,-1005,-5358,333,0,0
-108,141,-141,-921,-5181,231,0,0
-51,359,-32,-835,-5078,197,0,0
-46,399,121,-706,-5017,327,0,0
-100,284,202,-692,-4981,450,0,0
-139,114,227,-606,-4779,421,0,0
-132,10,277,-689,-4468,314,0,0
-147,-20,306,-841,-4326,414,0,0
-124,30,312,-802,-4094,204,0,0
-147,-130,298,-885,-3757,135,0,0
-99,-263,237,-918,-3866,449,0,0
-2,-132,136,-998,-4282,520,0,0
31,-28,93,-1091,-4800,565,0,0
45,-7,129,-1334,-4394,456,0,0
193,335,138,-1320,-3389,-90,0,0
295,701,-8,-1238,-3292,-513,0,0
282,882,-335,-1762,-3406,-508,0,0
157,1003,-717,-1772,-3520,-881,0,0
-38,834,-862,-1637,-3540,-797,0,0
-122,655,-714,-1410,-3446,-541,0,0
-138,407,-402,-1376,-3462,-564,0,0
-192,125,-110,-1388,-3673,-555,0,0
-182,-42,18,-1446,-3890,-371,0,0
-103,-19,47,-1457,-4243,-248,0,0
-55,-40,146,-1246,-4272,-202,0,0
21,-87,241,-1043,-4146,-107,0,0
112,-24,284,-1166,-4151,-163,0,0
139,29,350,-1014,-4043,-167,0,0
131,92,363,-1011,-4042,-228,0,0
78,-19,383,-1136,-4199,-366,0,0
4,-296,392,-1192,-4281,-206,0,0
-20,-228,343,-1337,-4273,-255,0,0
-34,57,292,-1351,-4078,-388,0,0
-81,125,236,-1244,-4093,-344,0,0
-134,-84,120,-1251,-4210,-206,0,0
-160,-305,-42,-1426,-3990,-173,0,0
-152,-325,-172,-1429,-3845,-109,0,0
-116,-172,-309,-1374,-4035,-112,0,0
-94,-91,-435,-1433,-4232,-87,0,0
-89,-138,-477,-1400,-4279,-43,0,0
-61,-175,-429,-1410,-4186,-65,0,0
-17,-142,-328,-1417,-4249,-76,0,0
19,-87,-223,-1444,-4333,-56,0,0
54,-53,-127,-1436,-4203,-113,0,0
88,-43,-18,-1435,-4148,-164,0,0
100,-6,109,-1443,-4147,-204,0,0
99,82,237,-1312,-3896,-216,0,0
123,164,395,-1117,-3365,-185,0,0
170,182,549,-864,-3417,-97,0,0
143,144,410,-1050,-4886,80,0,0
-23,-146,-111,-1556,-5809,410,0,0
-116,-682,-576,-1770,-4979,490,0,0
-25,-735,-643,-1479,-3868,31,0,0
139,-417,-401,-1388,-3328,-324,0,0
227,44,-141,-1463,-3463,-203,0,0
163,348,-22,-1610,-4098,27,0,0
-11,221,-59,-1746,-4377,192,0,0
-152,-132,-182,-1680,-4212,257,0,0
-177,-291,-220,-1600,-4025,253,0,0
-103,-196,-171,-1598,-3734,208,0,0
0,34,-127,-1545,-3468,82,0,0
31,142,-99,-1452,-3339,60,0,0
-1,112,-92,-1426,-3271,-11,0,0
-50,8,-91,-1316,-3193,19,0,0
-99,-132,-95,-993,-3568,272,0,0
1,-312,-124,-531,-3021,415,0,0
247,90,-267,-252,-3074,47,0,0
332,527,-351,-175,-4142,29,0,0
237,266,-296,-275,-5052,340,0,0
124,-120,-196,-383,-5070,238,0,0
110,62,-114,160,-4976,-77,0,0
50,350,-40,206,-4981,-217,0,0
-24,833,62,436,-5018,-264,0,0
-116,855,38,646,-5044,-76,0,0
-158,557,-145,140,-4895,168,0,0
-164,216,-288,-79,-5010,324,0,0
-127,25,-283,-161,-4937,347,0,0
-69,250,-213,-165,-4739,41,0,0
-78,496,-148,178,-4998,-86,0,0
-110,244,-138,271,-5199,215,0,0
3,42,-156,57,-5280,544,0,0
124,82,-111,-33,-5105,500,0,0
137,92,-11,42,-4721,233,0,0
73,-218,128,93,-4480,-3,0,0
11,-634,211,-25,-4334,246,0,0
62,-651,182,-104,-4179,208,0,0
80,-775,148,-156,-4444,152,0,0
90,-618,75,-368,-5035,377,0,0
116,-185,52,-538,-5409,168,0,0
93,-135,148,-294,-5597,79,0,0
52,-176,183,-327,-5454,-153,0,0
-11,-102,199,32,-5199,6,0,0
-48,92,67,-76,-5157,287,0,0
-63,247,45,-495,-5074,403,0,0
-65,451,223,101,-4707,284,0,0
-113,503,318,243,-4620,74,0,0
-217,-73,509,122,-4466,125,0,0
-264,-555,730,-149,-4404,159,0,0
-307,-479,806,-129,-4502,153,0,0
-293,-283,775,-21,-4334,-35,0,0
-225,-116,649,-330,-4358,-318,0,0
-113,-216,446,-816,-3966,-155,0,0
38,-299,220,-1007,-3160,102,0,0
131,-125,35,-1298,-2731,-67,0,0
41,121,-143,-1474,-2603,-154,0,0
-120,50,-405,-1415,-2956,162,0,0
-183,-190,-713,-1539,-3598,277,0,0
-161,-246,-876,-1694,-3886,142,0,0
-154,-55,-786,-1588,-4127,49,0,0
-170,63,-485,-1468,-4235,71,0,0
-170,-83,-92,-1392,-4226,-7,0,0
-181,-336,206,-1347,-4300,9,0,0
-180,-485,289,-1424,-4381,111,0,0
-123,-487,227,-1523,-4160,103,0,0
-35,-417,167,-1471,-3910,-61,0,0
44,-276,135,-1391,-3709,-128,0,0
80,-16,74,-1430,-3910,-190,0,0
37,120,31,-1392,-4176,-120,0,0
-7,19,57,-1360,-4255,-39,0,0
-23,-71,85,-1362,-4591,-70,0,0
-11,-115,100,-1450,-4660,-13,0,0
78,52,153,-1428,-4088,-116,0,0
152,336,292,-1294,-3835,-301,0,0
103,505,442,-1296,-4104,-280,0,0
-29,438,507,-1239,-4406,-168,0,0
-128,78,494,-1214,-4404,-119,0,0
-128,-267,477,-1219,-4117,-94,0,0
-45,-206,427,-1277,-3999,-88,0,0
28,142,289,-1306,-4048,-96,0,0
30,300,114,-1255,-4136,-120,0,0
-9,127,-37,-1263,-4202,-111,0,0
-25,-21,-146,-1347,-4152,-112,0,0
-2,69,-233,-1365,-4114,-147,0,0
18,182,-306,-1381,-4156,-153,0,0
9,196,-371,-1408,-4236,-166,0,0
-18,160,-405,-1420,-4260,-177,0,0
-33,139,-379,-1443,-4307,-189,0,0
-28,168,-300,-1454,-4303,-202,0,0
-14,220,-188,-1432,-4274,-230,0,0
-13,225,-58,-1383,-4244,-299,0,0
-21,180,86,-1357,-4058,-333,0,0
-28,189,232,-1315,-4018,-451,0,0
-44,246,362,-1285,-4202,-449,0,0
-66,261,427,-1247,-4153,-422,0,0
-75,157,427,-1178,-4191,-472,0,0
-52,-39,280,-1281,-4411,-474,0,0
5,-160,21,-1402,-4171,-658,0,0
13,-209,-134,-1342,-3608,-735,0,0
7,-141,-154,-1353,-3433,-626,0,0
55,78,-184,-1369,-3599,-583,0,0
92,147,-290,-1354,-3872,-554,0,0
147,44,-444,-1425,-3988,-515,0,0
244,75,-584,-1479,-3959,-612,0,0
300,195,-647,-1498,-3932,-680,0,0
276,246,-623,-1455,-3936,-713,0,0
196,101,-488,-1357,-3816,-657,0,0
136,-163,-255,-1355,-3903,-585,0,0
76,-210,-24,-1420,-4034,-507,0,0
-17,-67,266,-1313,-3759,-409,0,0
-124,19,674,-1066,-3688,-176,0,0
-201,-105,1056,-946,-3960,159,0,0
-205,-277,1262,-961,-4084,397,0,0
-179,-390,1372,-748,-4113,451,0,0
-195,-627,1439,-424,-4209,595,0,0
-205,-828,1361,-607,-4310,519,0,0
-211,-748,1069,-789,-4308,471,0,0
-101,-616,685,-846,-4287,421,0,0
112,-279,286,-1012,-4235,173,0,0
256,149,-103,-1147,-4191,77,0,0
229,399,-456,-1256,-4206,55,0,0
118,221,-703,-1320,-4288,192,0,0
35,-213,-781,-1462,-4670,144,0,0
-94,-471,-822,-1799,-5445,230,0,0
-150,-629,-728,-2069,-5416,387,0,0
-71,-500,-546,-1914,-5284,156,0,0
-39,-227,-469,-1869,-5509,140,0,0
-65,-271,-515,-1949,-6053,411,0,0
-7,-338,-565,-2063,-4697,33,0,0
18,-122,-405,-1683,-4176,-407,0,0
-147,87,-216,-1546,-5066,-1,0,0
-282,-57,-70,-1586,-5486,497,0,0
-222,-288,-12,-1492,-5489,328,0,0
-46,-119,-53,-1578,-5091,4,0,0
87,412,-69,-1505,-5016,66,0,0
137,905,-6,-1307,-4816,72,0,0
90,1001,144,-1160,-4701,34,0,0
1,794,301,-872,-4644,195,0,0
-77,592,349,-749,-4356,216,0,0
-117,417,393,-712,-4556,485,0,0
-37,179,464,-341,-4500,547,0,0
97,172,360,-611,-4315,251,0,0
146,288,223,-968,-4131,235,0,0
209,490,95,-909,-3727,196,0,0
268,810,-82,-1057,-3395,-88,0,0
261,978,-217,-1169,-2876,-385,0,0
244,675,-254,-1176,-2949,-407,0,0
249,605,-376,-1148,-3359,-687,0,0
180,394,-612,-1219,-3725,-1034,0,0
-3,-82,-601,-1538,-3819,-817,0,0
-183,-245,-339,-1520,-3633,-653,0,0
-231,-371,-18,-1260,-3503,-507,0,0
-173,-378,152,-1240,-3726,-406,0,0
-73,-357,133,-1368,-3960,-318,0,0
35,-246,-55,-1580,-4045,-375,0,0
121,32,-284,-1455,-3806,-489,0,0
168,176,-356,-1254,-3528,-539,0,0
156,118,-246,-1187,-3973,-450,0,0
40,-2,-168,-1413,-5108,-263,0,0
-134,-192,-83,-1597,-4760,-170,0,0
-241,-490,220,-1245,-3945,-71,0,0
-245,-597,479,-1151,-4289,-62,0,0
-254,-521,500,-1437,-4576,-10,0,0
-276,-530,417,-1409,-4299,120,0,0
-201,-573,353,-1261,-3910,36,0,0
-88,-399,247,-1327,-3814,-35,0,0
-17,-35,57,-1405,-4031,-41,0,0
0,162,-130,-1356,-4150,-70,0,0
-3,73,-224,-1328,-4125,-89,0,0
-4,-19,-242,-1399,-4135,-131,0,0
-9,-4,-211,-1411,-4202,-113,0,0
0,-7,-146,-1382,-4207,-117,0,0
17,-42,-58,-1381,-4233,-148,0,0
27,-86,27,-1393,-4234,-132,0,0
42,-98,90,-1376,-4172,-145,0,0
60,-75,137,-1367,-4106,-188,0,0
61,-42,152,-1356,-4086,-193,0,0
49,-42,154,-1332,-4019,-168,0,0
62,-57,171,-1313,-3813,-148,0,0
112,27,191,-1299,-3674,-161,0,0
141,185,142,-1317,-4030,-114,0,0
91,331,-80,-1419,-4852,-34,0,0
-2,305,-440,-1542,-5132,12,0,0
-39,90,-667,-1520,-4580,-21,0,0
18,-28,-587,-1405,-3841,-205,0,0
82,107,-317,-1388,-3601,-248,0,0
82,328,-87,-1380,-3836,-175,0,0
-20,307,-39,-1391,-4169,-154,0,0
-184,-27,-126,-1380,-4314,-66,0,0
-297,-426,-207,-1372,-4218,74,0,0
-291,-592,-218,-1387,-4021,112,0,0
-199,-519,-199,-1407,-3866,128,0,0
-95,-319,-203,-1428,-3791,79,0,0
-51,-154,-244,-1376,-3722,33,0,0
-64,-183,-280,-1340,-3527,-20,0,0
-96,-303,-252,-1287,-3598,-29,0,0
-122,-496,-240,-1204,-4047,172,0,0
5,-733,-227,-1112,-3097,186,0,0
273,-367,-154,-995,-2789,-312,0,0
317,413,-67,-809,-3824,-544,0,0
191,670,181,-440,-4323,-75,0,0
88,250,536,313,-4305,-17,0,0
69,-380,719,-135,-4298,-261,0,0
124,-278,706,-71,-4108,-376,0,0
127,428,426,-151,-4473,-218,0,0
78,636,236,-176,-4891,-147,0,0
64,389,117,-239,-5152,-121,0,0
71,435,-33,-791,-5051,-143,0,0
85,620,29,-973,-4988,-251,0,0
46,620,182,-690,-5322,-94,0,0
17,477,224,-807,-5450,48,0,0
51,380,247,-1055,-5324,2,0,0
128,412,319,-951,-5125,-135,0,0
142,472,332,-1030,-5286,-79,0,0
72,403,319,-1056,-5062,56,0,0
19,168,390,-874,-4501,-14,0,0
-7,5,450,-906,-4419,-29,0,0
-9,-28,420,-1053,-4289,105,0,0
-5,-26,352,-981,-4231,105,0,0
-35,-122,247,-1060,-4561,38,0,0
-96,-259,79,-1233,-4875,14,0,0
-132,-322,-98,-1265,-5110,-14,0,0
-108,-260,-302,-1393,-5410,-147,0,0
-63,-103,-492,-1383,-5308,-152,0,0
-24,36,-641,-1269,-5250,-191,0,0
-52,166,-733,-1239,-5226,-201,0,0
-144,56,-637,-984,-4959,-117,0,0
-242,-215,-336,-990,-4777,-94,0,0
-310,-504,58,-930,-4741,-86,0,0
-297,-697,418,-1048,-4428,-69,0,0
-188,-586,720,-1036,-4074,-297,0,0
-131,-350,932,-990,-3920,-354,0,0
-145,-198,1042,-1103,-3925,-296,0,0
-155,-191,1021,-1166,-4084,-274,0,0
-117,-214,811,-1246,-4041,-232,0,0
-48,-138,490,-1379,-3645,-252,0,0
26,38,335,-1297,-2968,-333,0,0
83,277,391,-1148,-2634,-229,0,0
85,478,335,-1235,-2975,-6,0,0
53,341,-119,-1385,-2963,43,0,0
46,-165,-806,-1654,-2751,39,0,0
71,-476,-1398,-1870,-3017,-46,0,0
31,-468,-1693,-2253,-3664,-105,0,0
-135,-502,-1654,-2217,-4196,99,0,0
-260,-824,-1394,-2048,-4475,256,0,0
-246,-1197,-1046,-2051,-4513,266,0,0
-120,-1237,-712,-2087,-4394,280,0,0
66,-759,-454,-2065,-4302,206,0,0
213,-49,-200,-1857,-4313,155,0,0
288,399,97,-1646,-4221,107,0,0
284,574,363,-1516,-4286,-79,0,0
200,394,586,-1408,-4252,-127,0,0
96,152,723,-1254,-4363,-209,0,0
-36,107,718,-1190,-4764,-76,0,0
-96,174,656,-1244,-4241,-142,0,0
-89,86,703,-1016,-3510,-390,0,0
-108,-212,806,-974,-4056,-24,0,0
-71,-327,684,-1327,-4465,364,0,0
56,-13,314,-1500,-4054,204,0,0
144,444,-50,-1292,-3950,-64,0,0
140,693,-258,-1287,-4087,-58,0,0
82,686,-294,-1264,-4171,-68,0,0
17,406,-247,-1250,-4217,-135,0,0
-20,160,-220,-1395,-4243,-131,0,0
-20,199,-207,-1421,-4253,-179,0,0
-21,233,-163,-1398,-4211,-153,0,0
-27,203,-129,-1415,-4201,-146,0,0
-44,168,-119,-1430,-4163,-170,0,0
-57,151,-120,-1445,-4111,-157,0,0
-54,153,-107,-1440,-4154,-164,0,0
-43,160,-68,-1435,-4134,-162,0,0
-29,176,-33,-1449,-4204,-164,0,0
-23,187,6,-1450,-4224,-194,0,0
-24,201,78,-1423,-4178,-230,0,0
-27,186,173,-1391,-4170,-268,0,0
-40,130,256,-1367,-4198,-323,0,0
-66,60,316,-1350,-4094,-338,0,0
-83,69,338,-1340,-4045,-383,0,0
-87,154,315,-1345,-4063,-410,0,0
-109,227,260,-1330,-4187,-436,0,0
-157,195,159,-1314,-4199,-451,0,0
-178,42,64,-1288,-4029,-489,0,0
-144,-141,3,-1357,-4115,-469,0,0
-57,-173,-92,-1528,-4245,-501,0,0
32,-101,-186,-1658,-4109,-591,0,0
75,-27,-196,-1637,-3710,-694,0,0
72,1,-153,-1617,-3543,-633,0,0
69,-46,-135,-1625,-3622,-566,0,0
87,-117,-171,-1731,-3718,-510,0,0
139,-175,-176,-1782,-3757,-556,0,0
193,-261,-138,-1837,-3675,-512,0,0
243,-342,-102,-1865,-3557,-510,0,0
256,-326,-107,-1855,-3433,-477,0,0
242,-214,-143,-1811,-3450,-462,0,0
221,-184,-126,-1678,-3508,-493,0,0
186,-182,-30,-1624,-3732,-391,0,0
119,44,138,-1320,-3542,-261,0,0
18,206,386,-809,-3740,-78,0,0
-93,79,541,-586,-4295,209,0,0
-194,-292,539,-596,-4624,335,0,0
-226,-687,460,-352,-4666,221,0,0
-201,-749,306,-589,-4577,278,0,0
-129,-249,151,-975,-4373,221,0,0
-100,290,79,-946,-4258,1,0,0
-160,484,40,-1076,-4164,-28,0,0
-217,355,-20,-1584,-4412,-10,0,0
-227,60,-36,-1696,-4611,-120,0,0
-215,-107,-69,-1731,-4886,-81,0,0
-164,6,-137,-1856,-5032,-80,0,0
-99,116,-82,-1696,-4883,-105,0,0
-73,98,32,-1507,-5035,-50,0,0
-73,-20,67,-1537,-4862,-18,0,0
-48,-139,100,-1400,-4544,-87,0,0
18,-161,101,-1382,-4408,-48,0,0
126,-48,77,-1511,-4004,-111,0,0
205,75,94,-1402,-4144,-275,0,0
170,71,25,-1570,-4561,-83,0,0
132,4,-75,-1647,-4462,-55,0,0
141,14,-105,-1560,-4441,-210,0,0
154,133,-104,-1612,-4420,-209,0,0
152,235,-81,-1542,-4708,-208,0,0
86,242,-157,-1568,-5203,-247,0,0
4,189,-279,-1630,-5420,-190,0,0
-15,239,-321,-1526,-5459,-239,0,0
-24,402,-267,-1464,-5395,-266,0,0
-98,418,-133,-1276,-5308,-188,0,0
-225,167,46,-1183,-5224,-108,0,0
-309,-136,273,-1175,-5020,10,0,0
-275,-197,431,-1234,-4765,109,0,0
-149,49,458,-1287,-4580,85,0,0
-34,378,371,-1262,-4422,-55,0,0
3,498,213,-1256,-4152,-153,0,0
16,457,47,-1300,-3642,-191,0,0
88,502,-21,-1307,-2814,-361,0,0
134,663,39,-1194,-2313,-614,0,0
109,596,116,-1211,-2417,-691,0,0
114,318,107,-1315,-2941,-729,0,0
124,122,-72,-1433,-3495,-691,0,0
101,-6,-349,-1544,-3734,-680,0,0
99,-114,-531,-1508,-3590,-710,0,0
130,-108,-554,-1390,-3527,-758,0,0
186,-100,-539,-1524,-3588,-739,0,0
201,-94,-547,-1551,-3657,-714,0,0
145,-84,-489,-1340,-3823,-660,0,0
91,-169,-341,-1360,-4015,-683,0,0
95,-287,-158,-1467,-4190,-596,0,0
135,-271,-20,-1458,-4315,-563,0,0
148,-220,73,-1459,-4018,-532,0,0
148,-192,187,-1320,-3955,-436,0,0
117,-160,206,-1277,-4515,-471,0,0
5,-244,114,-1422,-4445,-407,0,0
-84,-411,119,-1380,-3955,-169,0,0
-79,-378,168,-1323,-4070,-127,0,0
-53,-187,108,-1449,-4333,-104,0,0
-31,-46,-14,-1464,-4314,-120,0,0
-27,38,-83,-1376,-4198,-188,0,0
-61,35,-62,-1334,-4094,-198,0,0
-110,-83,17,-1305,-4194,-122,0,0
-122,-222,91,-1356,-4332,-101,0,0
-91,-259,129,-1380,-4271,-134,0,0
-40,-192,136,-1384,-4151,-149,0,0
-5,-108,116,-1361,-4075,-167,0,0
2,-101,69,-1361,-4086,-190,0,0
7,-149,7,-1408,-4079,-207,0,0
32,-130,-25,-1424,-4034,-236,0,0
50,-67,-31,-1436,-4032,-242,0,0
39,-60,-32,-1441,-4063,-218,0,0
23,-113,-27,-1452,-4023,-190,0,0
27,-126,-4,-1496,-3863,-189,0,0
34,-49,70,-1508,-3801,-166,0,0
9,97,124,-1542,-4281,-27,0,0
-41,181,27,-1590,-4781,60,0,0
-65,66,-153,-1553,-4624,91,0,0
-12,-68,-237,-1529,-4180,67,0,0
74,26,-199,-1529,-3959,5,0,0
118,244,-118,-1445,-3875,-16,0,0
100,250,-47,-1348,-3904,-65,0,0
28,55,-54,-1360,-4013,-53,0,0
-57,-100,-156,-1419,-4078,61,0,0
-99,-158,-287,-1421,-4006,63,0,0
-105,-227,-399,-1464,-3967,77,0,0
-92,-292,-487,-1482,-3903,81,0,0
-91,-399,-553,-1486,-3770,106,0,0
-80,-484,-544,-1481,-3615,81,0,0
-38,-448,-436,-1431,-3542,41,0,0
-12,-341,-275,-1260,-3781,-78,0,0
-32,-544,-110,-925,-4486,-43,0,0
46,-752,-79,-636,-3861,34,0,0
220,-366,-159,-538,-3590,-308,0,0
240,296,-169,173,-4104,-384,0,0
3,195,-301,871,-4385,125,0,0
-116,-440,-434,398,-4313,168,0,0
101,-518,-398,224,-4179,-362,0,0
276,281,-322,56,-4287,-328,0,0
251,660,-155,115,-4177,-451,0,0
-46,245,-106,194,-4506,-393,0,0
-163,-81,-156,144,-4549,-34,0,0
-67,30,-139,251,-4509,-108,0,0
-53,67,-10,56,-4687,73,0,0
-51,-27,157,186,-4507,58,0,0
-45,114,94,333,-4514,-5,0,0
-48,93,-15,201,-4835,260,0,0
22,-220,55,262,-4996,316,0,0
60,-155,57,202,-5075,-26,0,0
16,-417,68,5,-5183,-123,0,0
41,-588,87,-285,-5104,-88,0,0
74,-300,85,-480,-4948,43,0,0
77,194,92,-477,-4747,63,0,0
106,255,187,-299,-5089,135,0,0
51,453,131,160,-5316,86,0,0
-19,211,33,-23,-5061,169,0,0
5,-79,48,71,-5544,136,0,0
68,156,-8,-1,-5519,-234,0,0
43,164,26,-23,-5290,-16,0,0
34,52,108,-5,-5240,205,0,0
29,242,45,4,-5077,77,0,0
14,312,29,133,-4876,-11,0,0
37,207,156,157,-4673,-52,0,0
20,248,256,156,-4541,-50,0,0
-66,118,344,145,-4287,54,0,0
-98,15,433,126,-4146,162,0,0
-109,-3,515,148,-4215,44,0,0
-136,-148,621,-112,-4090,-65,0,0
-123,-21,666,-235,-4259,-104,0,0
-135,60,623,-315,-4455,-171,0,0
-145,-49,492,-558,-3914,-169,0,0
-19,-338,288,-862,-3187,-235,0,0
24,-1000,149,-1279,-2997,-68,0,0
-71,-1118,45,-1690,-2973,552,0,0
-96,-813,-168,-1919,-3267,866,0,0
17,-427,-385,-1813,-3502,954,0,0
220,196,-449,-1695,-3635,716,0,0
311,698,-346,-1584,-3952,365,0,0
175,670,-204,-1523,-4135,241,0,0
-9,247,-45,-1314,-4152,175,0,0
-122,-200,124,-1225,-4281,186,0,0
-136,-279,211,-1376,-4542,397,0,0
-89,-52,185,-1404,-4501,416,0,0
-35,173,142,-1315,-4015,214,0,0
-31,275,144,-1193,-3703,118,0,0
-81,239,164,-1197,-3611,121,0,0
-155,128,140,-1208,-3700,182,0,0
-164,44,25,-1260,-4339,301,0,0
-127,43,-199,-1364,-5349,425,0,0
31,217,-425,-1462,-4686,128,0,0
206,616,-297,-1505,-3763,-184,0,0
249,1052,133,-1330,-3945,-110,0,0
160,1419,375,-1008,-4358,-146,0,0
7,936,367,-847,-4442,-244,0,0
-113,78,313,-1098,-4220,-143,0,0
-105,-143,308,-1040,-4055,79,0,0
-73,-35,329,-1047,-4157,87,0,0
-50,13,289,-1165,-4075,60,0,0
20,89,155,-1111,-4037,40,0,0
30,56,4,-1167,-4139,-38,0,0
-14,-39,-77,-1315,-4142,-52,0,0
-26,-78,-95,-1353,-4188,-76,0,0
-27,-38,-87,-1475,-4243,-112,0,0
-55,43,-86,-1515,-4242,-130,0,0
-72,76,-79,-1438,-4237,-139,0,0
-68,102,-69,-1428,-4224,-171,0,0
-76,142,-54,-1472,-4201,-173,0,0
-86,170,-17,-1419,-4177,-149,0,0
-84,183,19,-1395,-4255,-148,0,0
-85,157,53,-1386,-4281,-143,0,0
-75,154,89,-1367,-4240,-146,0,0
-70,148,130,-1331,-4213,-150,0,0
-66,114,164,-1307,-4189,-176,0,0
-50,128,168,-1304,-4141,-220,0,0
-61,125,171,-1173,-4110,-301,0,0
-120,-54,133,-1054,-4123,-312,0,0
-191,-206,19,-1217,-4170,-253,0,0
-183,-153,-48,-1223,-4035,-124,0,0
-103,56,-55,-1193,-3879,-194,0,0
-52,90,-39,-1222,-3865,-280,0,0
-12,-23,-47,-1254,-4146,-276,0,0
44,-102,-180,-1342,-4603,-390,0,0
79,-209,-429,-1543,-4587,-514,0,0
126,-208,-626,-1658,-4035,-549,0,0
194,54,-647,-1578,-3636,-712,0,0
225,322,-518,-1495,-3601,-749,0,0
238,395,-372,-1482,-3780,-629,0,0
247,360,-279,-1464,-4003,-636,0,0
233,271,-194,-1425,-4097,-639,0,0
231,183,-85,-1372,-4093,-631,0,0
228,82,48,-1319,-3941,-603,0,0
213,-16,161,-1277,-3728,-528,0,0
204,-91,260,-1217,-3572,-469,0,0
182,-143,352,-1083,-3862,-416,0,0
51,-292,362,-878,-4116,-88,0,0
-109,-571,368,-332,-3989,272,0,0
-206,-959,379,62,-3871,691,0,0
-120,-1006,373,-273,-3957,732,0,0
36,-525,355,-538,-3899,386,0,0
81,-65,335,-356,-4112,334,0,0
38,-22,286,-369,-4148,648,0,0
20,-113,229,-718,-4114,650,0,0
-10,-167,184,-748,-4473,574,0,0
-25,-265,141,-842,-4665,578,0,0
31,-312,143,-937,-4697,429,0,0
50,-368,177,-743,-4986,435,0,0
44,-501,117,-873,-4953,604,0,0
73,-295,-90,-1031,-5079,486,0,0
70,-75,-317,-1020,-5279,336,0,0
50,-75,-459,-1176,-5282,128,0,0
15,-87,-488,-1286,-5198,31,0,0
-38,70,-503,-1306,-5198,71,0,0
-95,252,-510,-1321,-4865,170,0,0
-113,371,-490,-1227,-4573,111,0,0
-133,339,-341,-1122,-4374,95,0,0
-166,163,-111,-1006,-4360,254,0,0
-172,-25,93,-994,-4469,342,0,0
-178,-161,245,-905,-4846,501,0,0
-141,-271,282,-745,-4944,616,0,0
-45,-253,198,-810,-5223,556,0,0
55,-212,131,-779,-5272,516,0,0
160,-89,56,-636,-5092,530,0,0
274,178,-46,-645,-4816,552,0,0
322,392,-72,-530,-4693,506,0,0
211,297,69,-314,-4787,529,0,0
45,-56,271,-231,-4593,506,0,0
3,-234,322,-365,-4207,424,0,0
40,7,199,-645,-4301,426,0,0
42,288,51,-643,-4449,554,0,0
26,414,-49,-724,-4647,563,0,0
-42,439,-112,-827,-4948,436,0,0
-145,291,-59,-853,-4510,261,0,0
-166,131,66,-917,-3226,18,0,0
-135,458,113,-1059,-2541,-449,0,0
-169,414,2,-908,-3458,-376,0,0
-93,-15,-426,-1627,-4073,-161,0,0
9,444,-982,-1976,-3817,-544,0,0
-73,834,-1103,-1610,-3482,-585,0,0
-196,782,-786,-1223,-3459,-482,0,0
-297,193,-282,-1156,-3687,-474,0,0
-329,-552,168,-1318,-3958,-260,0,0
-247,-760,430,-1450,-4217,-256,0,0
-175,-581,549,-1411,-4313,-173,0,0
-107,-305,581,-1344,-4225,-128,0,0
-44,-201,619,-1229,-4147,-234,0,0
-21,-266,656,-1268,-4051,-232,0,0
-3,-255,675,-1303,-3975,-282,0,0
14,-54,681,-1334,-4052,-307,0,0
73,260,559,-1286,-4211,-101,0,0
147,558,279,-1383,-4180,-132,0,0
148,719,30,-1188,-3825,-262,0,0
121,634,-56,-1094,-3774,-247,0,0
69,423,-115,-1159,-4260,-101,0,0
10,124,-224,-1404,-4471,-189,0,0
-42,-88,-241,-1431,-4042,-244,0,0
-59,-166,-165,-1267,-3976,-165,0,0
-78,-193,-103,-1331,-4294,-62,0,0
-97,-277,-102,-1392,-4376,-46,0,0
-90,-358,-133,-1389,-4230,-122,0,0
-60,-378,-113,-1406,-4106,-116,0,0
-13,-235,-73,-1420,-4125,-93,0,0
19,-89,-57,-1409,-4201,-113,0,0
31,-63,-56,-1421,-4153,-171,0,0
18,-58,-42,-1414,-4110,-190,0,0
0,-65,11,-1406,-4065,-188,0,0
1,-71,117,-1366,-3824,-213,0,0
12,-37,243,-1306,-3619,-226,0,0
-19,24,276,-1310,-4225,-168,0,0
-142,-9,93,-1424,-5265,-78,0,0
-262,-309,-159,-1526,-5188,123,0,0
-201,-547,-199,-1380,-4270,23,0,0
-25,-431,-71,-1302,-3651,-151,0,0
106,2,11,-1363,-3518,-105,0,0
130,366,-42,-1298,-3741,-48,0,0
46,317,-241,-1326,-4078,-22,0,0
-87,-11,-499,-1395,-4328,34,0,0
-170,-313,-654,-1441,-4374,80,0,0
-149,-428,-630,-1438,-4315,67,0,0
-73,-362,-501,-1441,-4198,79,0,0
18,-148,-392,-1447,-4036,60,0,0
64,22,-374,-1411,-3959,-28,0,0
35,-21,-404,-1387,-3868,-42,0,0
-12,-134,-438,-1367,-3753,-68,0,0
-40,-191,-452,-1345,-3518,-132,0,0
-47,-210,-412,-1278,-3441,-308,0,0
-79,-249,-289,-1059,-3366,-419,0,0
-125,-454,-76,-517,-2742,-407,0,0
-85,-551,222,-138,-2563,-469,0,0
-85,-306,427,568,-3840,-462,0,0
-262,-566,400,332,-5039,248,0,0
-183,-719,253,-54,-5103,-41,0,0
-13,-110,41,24,-4485,-880,0,0
20,534,-80,-50,-4724,-520,0,0
60,681,-68,283,-5031,-385,0,0
69,499,-37,-86,-4872,-294,0,0
135,516,-7,-112,-5028,-540,0,0
82,570,64,70,-5063,-710,0,0
16,191,284,22,-5033,-210,0,0
53,9,400,49,-5140,-165,0,0
48,79,342,71,-4888,-149,0,0
50,-95,258,-164,-5304,28,0,0
37,-330,224,-7,-5537,-436,0,0
-79,-603,189,-404,-5028,-228,0,0
-52,-578,251,-401,-5176,-244,0,0
1,-325,256,-489,-4955,-342,0,0
43,-103,187,-456,-4276,-338,0,0
4,-124,116,-455,-4361,-240,0,0
-88,-348,88,-773,-4651,32,0,0
-80,-313,36,-923,-4752,-116,0,0
-25,-120,16,-1035,-4831,-227,0,0
36,26,33,-996,-5106,-140,0,0
53,110,55,-900,-5250,-176,0,0
-8,38,36,-987,-5351,-155,0,0
-35,-34,69,-979,-5398,-142,0,0
24,40,267,-726,-5049,-304,0,0
50,193,467,-634,-4670,-453,0,0
-1,164,559,-516,-4232,-352,0,0
-47,51,508,-565,-3787,-364,0,0
-50,70,468,-673,-3755,-209,0,0
40,102,533,-557,-3752,-125,0,0
108,37,527,-714,-3654,-172,0,0
118,-88,419,-1115,-3799,39,0,0
143,15,308,-1351,-3833,57,0,0
191,371,198,-1400,-3633,-183,0,0
215,485,63,-1485,-3539,-271,0,0
194,123,-60,-1666,-3650,-372,0,0
46,-473,-169,-1978,-3795,-85,0,0
-82,-532,-377,-2204,-3799,454,0,0
5,64,-730,-2190,-3723,390,0,0
143,605,-1025,-2116,-3656,130,0,0
173,673,-1036,-1988,-3523,52,0,0
80,540,-778,-3776,-3749,29,0,0
-49,192,-441,-1652,-4041,133,0,0
-109,-45,-192,-1774,-4395,184,0,0
-131,-107,-30,-1616,-4421,221,0,0
-93,-92,39,-1480,-3932,49,0,0
-115,58,43,-1289,-3743,-166,0,0
-249,-135,54,-1083,-3959,-175,0,0
-335,-393,-27,-1084,-4254,-9,0,0
-272,-312,-186,-1123,-4533,182,0,0
-57,388,-374,-964,-4104,-340,0,0
161,1310,-409,-531,-3411,-703,0,0
208,1065,-93,-407,-4116,-542,0,0
66,452,227,-868,-5295,-136,0,0
81,222,416,-1174,-4652,-269,0,0
198,480,569,-927,-3751,-582,0,0
132,706,645,-738,-3845,-532,0,0
-83,418,609,-829,-4296,-325,0,0
-223,-310,477,-858,-4366,-38,0,0
-140,-635,265,-1097,-4102,-19,0,0
21,-414,56,-1232,-4061,-89,0,0
90,-15,-93,-1281,-4245,-257,0,0
10,129,-142,-1335,-4376,-402,0,0
-88,-92,-81,-1426,-4365,-354,0,0
-109,-230,22,-1440,-4287,-343,0,0
-128,-178,110,-1401,-4318,-241,0,0
-138,-103,162,-1457,-4331,-190,0,0
-120,-9,181,-1395,-4205,-255,0,0
-76,83,188,-1351,-4058,-295,0,0
-46,209,193,-1349,-4068,-493,0,0
-134,91,244,-1249,-4227,-608,0,0
-246,-208,282,-1356,-4281,-401,0,0
-237,-145,289,-1406,-4159,-376,0,0
-163,121,274,-1235,-4075,-329,0,0
-67,246,162,-1245,-4069,-314,0,0
18,226,-32,-1364,-3939,-460,0,0
65,106,-215,-1423,-3873,-470,0,0
117,53,-335,-1525,-3874,-585,0,0
129,1,-326,-1537,-3768,-643,0,0
131,-115,-245,-1521,-3832,-613,0,0
140,-186,-198,-1574,-3963,-588,0,0
155,-274,-183,-1588,-3934,-519,0,0
208,-282,-235,-1615,-3845,-625,0,0
227,-241,-343,-1645,-3766,-617,0,0
245,-169,-428,-1682,-3726,-585,0,0
255,-39,-453,-1617,-3709,-606,0,0
228,-37,-391,-1533,-3564,-570,0,0
228,-20,-277,-1473,-3169,-581,0,0
226,120,-147,-1295,-3135,-572,0,0
97,90,-6,-982,-3608,-218,0,0
-76,-242,221,-479,-3894,72,0,0
-145,-854,478,4,-4142,518,0,0
13,-1047,446,-338,-4244,616,0,0
156,-271,180,-924,-4262,141,0,0
119,273,67,-841,-4493,382,0,0
85,141,79,-240,-4819,728,0,0
83,-202,107,-566,-4797,580,0,0
98,-237,165,-853,-4848,478,0,0
123,-175,205,-765,-5085,544,0,0
169,-160,184,-909,-4925,459,0,0
191,-141,113,-753,-4852,497,0,0
166,-121,10,-897,-4876,601,0,0
146,-78,-33,-869,-4858,578,0,0
104,-112,-2,-760,-4948,389,0,0
27,-278,58,-900,-4879,498,0,0
-4,-220,35,-1029,-4983,396,0,0
-70,-74,-65,-1056,-5211,254,0,0
-105,23,-162,-1209,-4898,280,0,0
-61,281,-175,-1190,-4337,78,0,0
-53,509,-64,-1048,-4013,66,0,0
-93,510,30,-1037,-4271,313,0,0
-139,433,-25,-1248,-4709,292,0,0
-212,336,-113,-1309,-5293,250,0,0
-225,155,2,-1282,-5156,205,0,0
-160,175,224,-1157,-5030,-68,0,0
-200,283,307,-1299,-5112,-97,0,0
-291,421,210,-1486,-5168,87,0,0
-305,447,181,-1295,-5021,99,0,0
-260,453,265,-1194,-4957,-31,0,0
-220,544,368,-1237,-4818,66,0,0
-183,548,513,-1085,-4563,280,0,0
-135,466,583,-1052,-4359,236,0,0
-125,392,510,-1089,-4374,284,0,0
-108,233,389,-1051,-4191,466,0,0
31,200,242,-1142,-3913,297,0,0
146,252,171,-1144,-3779,-55,0,0
153,125,168,-1200,-3259,-40,0,0
233,166,175,-1238,-2534,-272,0,0
319,449,150,-1186,-2544,-667,0,0
361,361,-42,-1368,-3449,-646,0,0
361,143,-471,-1793,-4155,-945,0,0
192,-113,-690,-1606,-4194,-1069,0,0
0,-545,-554,-1398,-3865,-756,0,0
-19,-583,-408,-1524,-3494,-729,0,0
32,-278,-412,-1657,-3284,-631,0,0
73,2,-428,-1482,-3391,-441,0,0
81,5,-419,-1366,-3716,-328,0,0
46,-153,-464,-1415,-3975,-286,0,0
17,-284,-592,-1533,-4351,-298,0,0
6,-328,-705,-1585,-4523,-301,0,0
26,-243,-645,-1560,-4241,-340,0,0
43,-117,-379,-1426,-4018,-450,0,0
25,-130,12,-1341,-4154,-364,0,0
0,-69,300,-1203,-4506,-339,0,0
-46,-52,357,-1333,-4515,-370,0,0
-106,-68,400,-1498,-4084,-102,0,0
-124,146,471,-1312,-4215,20,0,0
-191,223,500,-1209,-4657,-69,0,0
-289,-172,568,-1169,-4338,22,0,0
-258,-495,671,-1146,-3965,40,0,0
-165,-449,690,-1225,-4020,8,0,0
-91,-224,515,-1309,-4104,101,0,0
-14,-20,192,-1342,-4051,50,0,0
56,81,-110,-1338,-3915,-128,0,0
83,162,-289,-1343,-3977,-153,0,0
73,195,-357,-1335,-4102,-107,0,0
63,141,-390,-1327,-4161,-139,0,0
60,54,-396,-1420,-4280,-114,0,0
85,57,-366,-1455,-4303,-134,0,0
114,114,-282,-1404,-4239,-202,0,0
121,118,-161,-1383,-4204,-202,0,0
100,74,-49,-1402,-4235,-232,0,0
52,-22,55,-1375,-4254,-218,0,0
15,-126,161,-1358,-4219,-200,0,0
3,-176,251,-1344,-4186,-209,0,0
-1,-197,305,-1326,-4084,-183,0,0
6,-202,332,-1303,-3919,-178,0,0
27,-161,367,-1265,-3596,-170,0,0
52,-75,381,-1258,-3722,-51,0,0
48,7,240,-1413,-4559,112,0,0
20,-32,4,-1498,-4898,143,0,0
-1,-183,-181,-1465,-4856,197,0,0
11,-248,-284,-1558,-4426,160,0,0
64,-147,-263,-1510,-3698,7,0,0
127,-5,-164,-1430,-3465,-38,0,0
142,55,-112,-1463,-3760,82,0,0
67,-201,-176,-1619,-4013,73,0,0
-67,-601,-339,-1794,-4174,159,0,0
-176,-754,-446,-1878,-4177,279,0,0
-182,-542,-428,-1751,-4076,213,0,0
-128,-311,-360,-1625,-3959,156,0,0
-76,-152,-325,-1598,-3835,104,0,0
-47,30,-347,-1548,-3673,93,0,0
-70,182,-393,-1494,-3473,2,0,0
-148,151,-391,-1344,-3351,-96,0,0
-245,-153,-328,-1290,-3309,-135,0,0
-307,-528,-242,-1249,-3434,-7,0,0
-221,-753,-102,-1167,-3030,142,0,0
42,-423,64,-1053,-3007,-118,0,0
170,503,172,-750,-3759,-348,0,0
85,902,359,-444,-4544,28,0,0
-81,565,495,65,-4925,262,0,0
-197,-318,454,-256,-4751,227,0,0
-53,-741,466,-627,-4698,91,0,0
199,-182,464,-415,-4849,467,0,0
532,842,459,-460,-5045,304,0,0
585,1310,501,-207,-5294,-41,0,0
371,888,485,-424,-5331,73,0,0
162,221,344,-603,-5460,96,0,0
46,-181,195,-823,-5279,32,0,0
61,-83,115,-1020,-4844,-58,0,0
111,211,64,-1020,-4803,79,0,0
128,307,42,-1034,-4805,223,0,0
145,248,45,-1080,-4795,125,0,0
94,244,2,-1152,-5027,128,0,0
-27,98,32,-1125,-4978,191,0,0
-113,-122,116,-1090,-4768,202,0,0
-127,-190,128,-1200,-4605,127,0,0
-118,-124,55,-1259,-4596,18,0,0
-148,-87,-63,-1297,-4740,43,0,0
-174,-48,-204,-1409,-4774,-4,0,0
-180,64,-311,-1329,-4875,-99,0,0
-188,105,-356,-1293,-5204,-44,0,0
-197,97,-303,-1376,-5317,49,0,0
-196,159,-128,-1143,-5220,15,0,0
-191,176,68,-882,-5206,2,0,0
-132,-42,275,-726,-4884,68,0,0
-75,-120,434,-633,-4580,13,0,0
-97,-50,572,-540,-4399,-114,0,0
-157,-261,670,-393,-4285,23,0,0
-153,-501,653,-684,-4374,-3,0,0
-99,-430,505,-3056,-4072,-128,0,0
5,-218,241,-1290,-3345,-80,0,0
24,-226,-41,-1631,-2801,-152,0,0
-74,-438,-186,-2006,-2481,-82,0,0
-116,-543,-228,-1819,-2528,170,0,0
-46,-405,-406,-1999,-3023,416,0,0
98,-4,-682,-2330,-3302,211,0,0
195,306,-840,-2110,-3448,101,0,0
240,498,-801,-1950,-3668,100,0,0
225,694,-591,-1826,-3903,-40,0,0
107,560,-306,-1615,-4216,47,0,0
12,106,-76,-1554,-4241,193,0,0
-18,-280,26,-1540,-4098,72,0,0
-36,-457,9,-1589,-3961,124,0,0
-20,-328,-39,-1631,-3802,82,0,0
-4,-27,-58,-1509,-3782,45,0,0
-15,128,-41,-1386,-3826,47,0,0
-51,142,-36,-1364,-4247,142,0,0
-70,80,-105,-1438,-4990,338,0,0
-5,67,-219,-1584,-4891,248,0,0
108,298,-148,-1467,-3864,-106,0,0
152,496,157,-1225,-3743,-108,0,0
111,627,419,-1197,-4357,55,0,0
33,590,431,-1115,-4559,9,0,0
-6,275,267,-1182,-4244,-178,0,0
-32,89,138,-1126,-3983,-229,0,0
-53,114,80,-1084,-4018,-147,0,0
-71,139,35,-1211,-4174,-86,0,0
-76,73,-45,-1352,-4169,-66,0,0
-68,31,-126,-1436,-4185,-60,0,0
-78,41,-151,-1477,-4252,-45,0,0
-82,117,-125,-1449,-4186,-42,0,0
-78,152,-74,-1421,-4169,-90,0,0
-89,105,-20,-1432,-4237,-113,0,0
-98,53,35,-1439,-4223,-148,0,0
-104,-6,124,-1390,-4089,-208,0,0
-118,-51,222,-1343,-4042,-298,0,0
-139,-92,319,-1336,-3977,-345,0,0
-160,-96,443,-1259,-3994,-408,0,0
-200,-139,507,-1222,-4320,-413,0,0
-253,-298,402,-1347,-4346,-406,0,0
-260,-594,246,-1552,-4131,-410,0,0
-182,-600,71,-1530,-4063,-373,0,0
-50,-236,-179,-1677,-3878,-407,0,0
17,-15,-326,-1787,-3619,-423,0,0
59,-21,-323,-1715,-3703,-483,0,0
88,-78,-285,-1726,-3738,-512,0,0
109,-143,-266,-1807,-3756,-449,0,0
161,-166,-258,-1806,-3769,-467,0,0
232,-51,-276,-1784,-3686,-540,0,0
282,98,-321,-1719,-3566,-540,0,0
300,144,-389,-1687,-3492,-518,0,0
299,126,-432,-1622,-3433,-508,0,0
303,72,-381,-1533,-3490,-387,0,0
303,135,-276,-1492,-3814,-236,0,0
212,282,-71,-1125,-3961,-37,0,0
53,108,275,-670,-4241,307,0,0
-73,-299,587,-363,-4410,531,0,0
-175,-602,727,-396,-4266,449,0,0
-258,-750,798,-559,-4353,485,0,0
-242,-768,800,-485,-4471,725,0,0
-146,-519,738,-640,-4367,642,0,0
-62,-187,604,-618,-4268,533,0,0
-12,-50,400,-759,-4112,541,0,0
24,-79,241,-890,-4158,390,0,0
-15,-131,115,-958,-4476,289,0,0
-123,-207,-76,-1301,-4991,495,0,0
-119,-357,-195,-1802,-5263,457,0,0
33,-344,-174,-1748,-4964,136,0,0
135,69,-255,-1750,-4932,142,0,0
123,362,-330,-1887,-4808,216,0,0
27,331,-258,-1638,-4741,69,0,0
-132,68,-212,-1556,-4989,102,0,0
-240,-148,-225,-1672,-4877,206,0,0
-202,-142,-171,-1504,-4672,133,0,0
-103,77,-179,-1506,-4419,64,0,0
-32,265,-116,-1355,-4135,96,0,0
-46,213,-59,-1205,-4654,105,0,0
-141,87,-161,-1447,-4951,263,0,0
-180,24,-236,-1366,-5316,258,0,0
-131,52,-263,-1360,-5513,318,0,0
52,343,-202,-1358,-5140,149,0,0
191,767,-100,-1129,-5238,17,0,0
160,946,-15,-1162,-5142,101,0,0
41,788,152,-884,-4817,219,0,0
-58,451,302,-725,-4858,225,0,0
-92,295,364,-804,-4802,269,0,0
-66,322,362,-649,-4581,355,0,0
-33,370,268,-846,-4376,224,0,0
-25,465,141,-1144,-3956,21,0,0
23,744,19,-1337,-3353,-243,0,0
49,1219,-38,-1371,-2763,-630,0,0
-32,1279,49,-1246,-2555,-877,0,0
-111,763,135,-1143,-2876,-843,0,0
-132,-2,80,-1300,-3413,-737,0,0
-93,-348,-160,-1541,-3708,-653,0,0
-13,-274,-407,-1596,-3719,-624,0,0
83,-95,-452,-1465,-3490,-559,0,0
190,79,-288,-1359,-3384,-621,0,0
237,101,-56,-1301,-3598,-651,0,0
215,-53,29,-1410,-3852,-599,0,0
156,-269,3,-1468,-4014,-581,0,0
129,-408,-4,-1411,-3994,-604,0,0
146,-288,-34,-1343,-4070,-667,0,0
135,-37,-119,-1289,-4077,-688,0,0
98,141,-177,-1056,-3821,-682,0,0
58,-23,-179,-810,-3922,-732,0,0
-41,-515,-200,-1041,-4764,-618,0,0
-172,-1169,-187,-1587,-5079,-249,0,0
-208,-1415,55,-1626,-4162,52,0,0
-136,-882,316,-1238,-3939,-39,0,0
-106,-277,340,-1345,-4150,-106,0,0
-154,-146,194,-1419,-4033,-33,0,0
-200,-333,21,-1318,-4057,49,0,0
-171,-472,-145,-1407,-4167,85,0,0
-79,-387,-270,-1530,-4167,34,0,0
5,-145,-307,-1504,-4134,-2064,0,0
42,79,-273,-1493,-4123,-44,0,0
27,105,-187,-1467,-4189,-66,0,0
-8,-50,-55,-1426,-4188,-26,0,0
3,-135,99,-1418,-4062,17,0,0
78,-32,240,-1355,-3927,22,0,0
170,86,354,-1306,-3926,58,0,0
237,164,410,-1315,-4178,88,0,0
236,259,309,-1439,-4633,134,0,0
173,258,31,-1542,-4895,181,0,0
130,109,-263,-1581,-4458,87,0,0
155,38,-336,-1556,-3788,-96,0,0
193,140,-183,-1522,-3585,-2152,0,0
183,300,-45,-1622,-3754,-71,0,0
107,339,-86,-1661,-4020,-10,0,0
0,160,-235,-1704,-4155,76,0,0
-81,26,-343,-1744,-4053,107,0,0
-101,-2,-317,-1669,-3863,146,0,0
-62,39,-220,-1547,-3655,110,0,0
-21,68,-160,-1368,-3392,107,0,0
1,72,-210,-1282,-3180,78,0,0
-32,-35,-246,-1232,-2990,-80,0,0
-84,-285,-169,-978,-3100,14,0,0
-32,-565,-133,-972,-2897,159,0,0
158,-378,-149,-1102,-2690,-38,0,0
251,263,-162,-943,-3626,-142,0,0
106,403,-50,-638,-4907,520,0,0
1,23,187,-282,-5271,653,0,0
57,-227,439,-83,-5175,286,0,0
181,-87,673,-57,-5151,144,0,0
234,332,768,-111,-5432,114,0,0
153,320,664,87,-5348,158,0,0
80,170,334,-365,-5090,39,0,0
31,287,13,-592,-5342,19,0,0
-26,399,-202,-653,-5506,246,0,0
-31,483,-298,-907,-5071,177,0,0
-35,535,-275,-900,-4905,78,0,0
-87,425,-177,-805,-4740,119,0,0
-142,211,-83,-906,-4677,105,0,0
-175,76,13,-895,-4873,113,0,0
-161,104,62,-850,-4795,121,0,0
-122,205,75,-831,-4623,-3,0,0
-101,220,78,-806,-4384,-38,0,0
-116,204,41,-774,-4353,18,0,0
-142,149,-20,-855,-4540,24,0,0
-139,54,-33,-857,-4536,-24,0,0
-99,15,-33,-982,-4885,3,0,0
-51,40,-29,-1039,-5065,-43,0,0
-1,76,27,-988,-4978,-94,0,0
-4,95,51,-1002,-5143,-102,0,0
-55,-3,51,-946,-5091,-127,0,0
-96,-83,76,-792,-5008,-48,0,0
-128,-135,129,-628,-4974,-8,0,0
-149,-243,219,-401,-4675,-85,0,0
-149,-293,302,-334,-4439,-119,0,0
-178,-331,383,-419,-4420,-83,0,0
-238,-493,482,-329,-4264,-145,0,0
-284,-623,505,-661,-4151,-185,0,0
-305,-629,447,-909,-4281,-134,0,0
-254,-607,363,-1160,-4323,-74,0,0
-141,-570,242,-1437,-3937,-2256,0,0
-87,-644,97,-1803,-3243,-119,0,0
-61,-646,45,-1930,-2796,6,0,0
-53,-457,-34,-1865,-2612,-62,0,0
-93,-405,-187,-2001,-2878,139,0,0
-93,-393,-447,-2164,-3443,383,0,0
16,-121,-781,-2254,-3780,241,0,0
144,205,-973,-2188,-3904,125,0,0
203,615,-945,-2153,-3997,-16,0,0
