10,-5,-15,382,3737,-1020,0,0
1,-8,-10,382,3744,-1002,0,0
-16,5,12,381,3705,-1019,0,0
-24,-17,8,370,3687,-1027,0,0
-22,-40,-5,375,3718,-1043,0,0
-14,-29,5,368,3721,-1051,0,0
-5,14,20,376,3717,-1042,0,0
2,20,19,386,3725,-1043,0,0
0,9,17,383,3711,-1043,0,0
-3,4,21,390,3703,-1030,0,0
-3,-11,18,390,3721,-1027,0,0
-10,-29,22,388,3751,-1054,0,0
-15,-17,38,353,3691,-1040,0,0
-7,11,41,377,3700,-1060,0,0
10,-36,17,362,3723,-1055,0,0
5,-36,14,374,3745,-1027,0,0
-7,-33,23,369,3720,-1030,0,0
-11,-33,14,362,3692,-1022,0,0
-15,-27,5,377,3720,-1032,0,0
-25,-33,10,361,3704,-1045,0,0
-37,-34,12,364,3705,-1055,0,0
-41,-55,0,372,3774,-1083,0,0
-49,-57,-2,381,3792,-1116,0,0
-70,-31,26,370,3747,-1146,0,0
-87,-20,61,302,3613,-1182,0,0
-88,-13,105,243,3570,-1200,0,0
-75,-12,160,148,3686,-1228,0,0
-51,35,188,118,3776,-1266,0,0
-18,76,166,115,3625,-1262,0,0
20,134,131,159,3280,-1176,0,0
62,161,77,236,2999,-1044,0,0
86,203,-61,370,3382,-893,0,0
71,302,-363,589,4250,-936,0,0
38,408,-652,837,4145,-834,0,0
-57,409,-686,947,3961,-696,0,0
-140,120,-555,1034,3839,-854,0,0
-157,-188,-317,834,3399,-806,0,0
-213,-162,-96,762,3543,-910,0,0
-159,-134,-50,782,3751,-1038,0,0
-8,-194,-67,617,3610,-951,0,0
88,-37,-34,467,3642,-899,0,0
116,298,11,468,3756,-892,0,0
110,448,35,515,3682,-906,0,0
51,399,51,599,3581,-1027,0,0
-39,405,99,687,3472,-1229,0,0
-53,492,164,809,3465,-1298,0,0
64,428,169,860,3423,-1335,0,0
250,335,117,698,3235,-1219,0,0
361,534,34,596,3103,-1001,0,0
325,749,-50,589,3774,-862,0,0
216,712,-158,300,3271,-1068,0,0
98,727,8,-435,1986,-668,0,0
-102,1037,47,-794,3549,-569,0,0
5,1039,-423,-262,4823,-817,0,0
230,427,-790,28,3489,-1119,0,0
213,-214,-717,-162,3386,-693,0,0
10,-681,-663,-227,4058,-810,0,0
-77,-896,-625,-390,3852,-1144,0,0
-28,-772,-469,-577,3957,-804,0,0
45,-432,-275,-909,3984,-656,0,0
56,101,-148,-948,4098,-810,0,0
15,399,-105,-913,4278,-857,0,0
-87,300,-110,-927,4188,-890,0,0
-176,1,-136,-833,4295,-1016,0,0
-142,-297,-176,-818,4646,-1046,0,0
-49,-358,-225,-891,4784,-1057,0,0
-49,-191,-184,-932,4612,-1152,0,0
-107,-57,-58,-951,4561,-1183,0,0
-71,-18,44,-1020,4580,-1009,0,0
9,66,75,-1068,4523,-953,0,0
66,161,83,-1097,4507,-948,0,0
95,266,155,-1176,4486,-815,0,0
62,385,243,-1149,4251,-826,0,0
32,386,288,-1138,3966,-829,0,0
43,379,241,-1063,3699,-791,0,0
72,371,156,-807,3591,-797,0,0
72,227,193,-671,3719,-835,0,0
25,91,315,-645,3923,-843,0,0
-78,118,457,-419,4258,-908,0,0
-229,-41,499,-72,4233,-1133,0,0
-301,-495,384,231,3598,-1095,0,0
-211,-911,351,113,2948,-857,0,0
-136,-648,418,-16,2375,-761,0,0
-158,-30,390,261,2486,-762,0,0
-159,153,233,545,3328,-633,0,0
-169,-42,-59,595,3769,-688,0,0
-186,-175,-333,686,4133,-816,0,0
-146,-255,-400,647,4034,-725,0,0
-157,-261,-330,506,3954,-759,0,0
-189,-81,-310,517,3773,-822,0,0
-174,-81,-337,631,3562,-751,0,0
-121,-337,-335,546,3689,-732,0,0
-79,-459,-287,394,3552,-741,0,0
-92,-347,-193,329,3389,-706,0,0
-98,-271,-86,314,3459,-713,0,0
-40,-287,-8,196,3619,-712,0,0
22,-111,34,85,3672,-686,0,0
29,146,68,117,3570,-745,0,0
80,151,121,109,3877,-769,0,0
194,86,134,-124,4645,-741,0,0
227,226,33,-159,4059,-873,0,0
93,306,76,-106,2746,-778,0,0
-68,-19,231,-11,3551,-877,0,0
33,-501,209,-250,4339,-978,0,0
200,-344,44,-388,3924,-920,0,0
201,202,-26,-144,3526,-864,0,0
147,285,23,88,3800,-893,0,0
136,17,17,129,3928,-1030,0,0
140,-149,-1,114,3723,-985,0,0
138,-154,25,87,3680,-992,0,0
140,-94,46,45,3719,-1073,0,0
133,-10,69,12,3521,-1061,0,0
112,36,97,-10,3721,-1103,0,0
119,23,86,-75,4012,-1203,0,0
119,88,68,-155,3820,-1257,0,0
78,294,53,-143,3518,-1404,0,0
82,519,-21,54,3302,-1363,0,0
97,412,-136,297,3307,-1379,0,0
118,47,-183,343,3442,-1436,0,0
111,-181,-164,343,3470,-1433,0,0
74,-219,-107,326,3388,-1418,0,0
48,-185,-16,301,3162,-1425,0,0
46,-111,100,241,3024,-1399,0,0
67,-47,160,193,3189,-1422,0,0
88,41,207,54,3145,-1452,0,0
49,258,173,171,3307,-1489,0,0
1,149,-11,415,3590,-1687,0,0
3,-176,-182,312,3496,-1702,0,0
-18,-77,-259,23,3324,-1518,0,0
-119,431,-321,62,4264,-1293,0,0
-102,350,-512,252,5124,-1481,0,0
34,83,-419,-143,3223,-821,0,0
-164,256,-48,-266,3013,-680,0,0
-347,329,42,60,3603,-997,0,0
-190,-37,57,37,3193,-661,0,0
-14,-550,234,-473,3433,-387,0,0
81,-314,409,-964,4086,-246,0,0
82,540,516,-1507,3958,-5,0,0
-83,1115,463,-1495,3900,-41,0,0
-173,738,228,-1163,4154,-80,0,0
-243,211,-40,-1093,4011,-106,0,0
-350,-177,-287,-895,4150,-340,0,0
-394,-322,-502,-558,4137,-547,0,0
-376,-285,-594,-531,4304,-597,0,0
-386,-91,-630,-506,4532,-790,0,0
-395,61,-647,-321,4519,-990,0,0
-312,-100,-561,-301,4903,-1145,0,0
-134,-314,-460,-480,4925,-1141,0,0
7,-187,-325,-632,4618,-1078,0,0
113,153,-125,-658,4554,-962,0,0
240,409,37,-662,4498,-795,0,0
338,541,134,-631,4395,-620,0,0
360,457,199,-457,4310,-550,0,0
321,93,281,-367,4057,-532,0,0
190,-280,370,-278,3717,-564,0,0
67,-673,423,-246,3658,-610,0,0
71,-867,472,-436,3584,-604,0,0
156,-686,507,-607,3559,-593,0,0
263,-335,594,-712,3593,-523,0,0
309,-30,655,-829,3743,-524,0,0
270,218,625,-808,4004,-496,0,0
177,224,569,-639,4185,-512,0,0
70,-106,499,-378,4249,-586,0,0
-14,-466,389,-187,4416,-708,0,0
18,-543,285,-185,4623,-798,0,0
176,-452,155,-58,4109,-835,0,0
272,-329,118,8,2789,-850,0,0
179,18,130,93,2703,-1126,0,0
27,578,62,315,3144,-1306,0,0
-131,664,-81,621,3372,-1532,0,0
-194,295,-172,420,3438,-1388,0,0
-275,243,-252,405,3759,-1545,0,0
-308,354,-418,571,3538,-1585,0,0
-329,243,-539,715,3362,-1390,0,0
-360,-102,-627,707,3553,-1456,0,0
-334,-337,-679,599,3567,-1379,0,0
-317,-367,-615,422,3392,-1208,0,0
-340,-314,-445,200,3289,-1170,0,0
-341,-222,-283,140,3204,-1066,0,0
-278,-211,-166,-108,2949,-908,0,0
-223,-46,-79,-245,2999,-769,0,0
-194,59,-10,-199,3810,-805,0,0
-84,-79,-58,-242,4651,-794,0,0
48,-113,-115,-326,4633,-641,0,0
51,23,16,-389,4086,-682,0,0
-4,186,200,-316,3543,-620,0,0
-7,270,238,-320,3443,-498,0,0
54,211,82,-174,3728,-559,0,0
137,59,14,-198,3740,-517,0,0
106,80,108,-274,3793,-531,0,0
14,266,191,-112,4052,-618,0,0
-23,201,201,89,3966,-725,0,0
-10,-78,239,112,3564,-752,0,0
-9,-133,308,102,3480,-726,0,0
-24,-20,286,245,3687,-731,0,0
5,-120,92,384,4417,-821,0,0
116,-313,-165,378,4309,-777,0,0
167,-305,-139,229,3587,-585,0,0
63,-70,61,230,3506,-596,0,0
1,94,156,419,3650,-590,0,0
13,54,165,455,3791,-578,0,0
31,-52,101,444,3751,-653,0,0
64,-7,71,444,3560,-567,0,0
64,113,90,491,3456,-609,0,0
49,165,99,563,3490,-707,0,0
29,222,88,681,3519,-805,0,0
12,224,80,810,3412,-900,0,0
63,142,44,753,3598,-901,0,0
100,214,-112,664,3640,-1032,0,0
78,378,-246,531,3537,-1089,0,0
16,443,-313,313,3595,-1021,0,0
-51,305,-378,-71,2907,-1006,0,0
-69,108,-433,-246,3788,-864,0,0
114,-300,-475,-530,4205,-832,0,0
241,-442,-330,-975,3177,-649,0,0
126,-241,-68,-1154,3115,-501,0,0
47,-188,19,-1211,3790,-550,0,0
120,-152,-46,-1244,3673,-563,0,0
148,-24,-77,-1425,3502,-421,0,0
75,152,-68,-1378,3870,-518,0,0
2,101,-91,-1199,3976,-770,0,0
-1,-130,-142,-1211,4066,-745,0,0
9,-210,-186,-1114,4274,-727,0,0
-5,-194,-161,-1035,4183,-831,0,0
-58,-105,-95,-978,4450,-862,0,0
-47,35,-36,-974,4873,-788,0,0
-22,167,15,-972,4853,-772,0,0
-49,256,81,-970,5029,-860,0,0
-87,292,180,-1071,4786,-796,0,0
-160,129,186,-944,4802,-896,0,0
-128,-244,108,-1045,4987,-964,0,0
-28,-308,79,-1282,4868,-821,0,0
-3,-71,68,-1308,4458,-848,0,0
91,-227,40,-1352,4692,-896,0,0
254,-394,44,-1544,4252,-713,0,0
233,27,68,-1461,4169,-735,0,0
124,435,169,-949,4563,-827,0,0
18,263,341,-781,4404,-933,0,0
-124,-86,400,-255,3343,-972,0,0
-151,-689,390,-48,2309,-800,0,0
-10,-854,429,-303,1930,-479,0,0
-28,-81,352,-250,2077,-329,0,0
-211,652,67,147,2508,-620,0,0
-273,600,-307,653,2823,-845,0,0
-163,-183,-562,787,3541,-645,0,0
-90,-760,-626,487,3847,-724,0,0
-144,-433,-507,376,3780,-815,0,0
-251,248,-314,428,4073,-686,0,0
-258,466,-242,546,4432,-760,0,0
-121,346,-139,263,3624,-453,0,0
-134,423,17,-23,3295,-274,0,0
-250,545,69,38,3436,-492,0,0
-273,353,61,45,3352,-561,0,0
-218,-55,2,-45,3269,-594,0,0
-113,-322,-32,-235,3847,-691,0,0
57,-400,-157,-287,5811,-766,0,0
196,-438,-274,-343,4667,-807,0,0
66,-426,107,-459,2331,-726,0,0
-122,-358,566,-443,3228,-807,0,0
-16,-129,520,-252,4511,-741,0,0
157,72,128,-110,4332,-675,0,0
189,9,-49,-11,3661,-773,0,0
125,-251,118,-179,3571,-802,0,0
93,-243,275,-222,3914,-766,0,0
160,-10,257,-199,4032,-704,0,0
245,88,165,-135,3814,-716,0,0
259,66,140,-120,3457,-769,0,0
225,-13,155,-47,3362,-808,0,0
226,-97,161,-35,3632,-831,0,0
235,-98,132,-35,4349,-1055,0,0
259,-10,88,-88,4301,-1195,0,0
193,277,144,-18,3562,-1161,0,0
87,359,220,216,3345,-1273,0,0
104,125,242,312,3138,-1312,0,0
148,17,210,250,3196,-1322,0,0
152,107,113,345,3371,-1307,0,0
101,110,45,458,3487,-1287,0,0
39,-100,13,418,3381,-1409,0,0
5,-265,97,320,3136,-1427,0,0
1,-259,197,288,3122,-1476,0,0
19,-146,163,357,3104,-1509,0,0
11,-174,31,644,3118,-1652,0,0
-7,-598,-145,850,3325,-1860,0,0
54,-1053,-309,609,3398,-1915,0,0
102,-813,-309,151,3196,-1508,0,0
18,-141,-189,-111,4350,-1243,0,0
120,118,-269,-338,4794,-1132,0,0
258,241,-182,-640,4336,-423,0,0
154,214,93,-813,4156,-502,0,0
4,89,165,-781,3271,-209,0,0
-123,199,116,-724,2944,43,0,0
-182,226,56,-1025,3141,-135,0,0
-116,562,-65,-1125,4086,-55,0,0
-65,1038,-115,-1050,4199,17,0,0
-153,892,-69,-896,4081,-275,0,0
-269,484,-60,-552,4231,-477,0,0
-279,-273,-98,-185,4574,-516,0,0
-206,-1018,-122,-274,4717,-826,0,0
-164,-1056,-141,-493,4729,-1019,0,0
-169,-686,-163,-459,4617,-1144,0,0
-155,-333,-117,-389,4477,-1193,0,0
-48,-75,-23,-451,4523,-1043,0,0
92,200,50,-361,4671,-966,0,0
257,209,154,-307,4610,-853,0,0
363,47,304,-397,4353,-698,0,0
360,8,463,-656,4243,-602,0,0
316,173,538,-835,4076,-561,0,0
284,390,512,-826,3980,-539,0,0
299,445,439,-827,4282,-513,0,0
319,370,374,-862,4565,-500,0,0
230,374,386,-759,4851,-521,0,0
64,378,484,-275,5728,-719,0,0
-82,453,725,-364,4815,-1466,0,0
109,638,760,65,2585,-1033,0,0
188,-277,336,1219,1567,-774,0,0
-76,-638,-103,654,1323,-1381,0,0
-304,-237,-493,773,2276,-1639,0,0
-356,129,-692,862,3188,-1304,0,0
-317,186,-683,696,3648,-1252,0,0
-272,280,-682,747,3670,-1510,0,0
-253,341,-631,700,3436,-1403,0,0
-322,154,-580,641,3320,-1460,0,0
-363,-131,-606,631,3481,-1529,0,0
-337,-434,-577,536,3428,-1407,0,0
-366,-592,-464,353,3236,-1320,0,0
-435,-464,-307,201,3156,-1206,0,0
-468,-258,-151,109,3169,-1048,0,0
-421,-186,-62,-15,3788,-940,0,0
-289,-204,-114,-141,4544,-880,0,0
-137,-173,-165,-193,4321,-878,0,0
-11,-76,30,-252,3189,-644,0,0
28,131,257,-461,3788,-304,0,0
74,484,144,-202,4957,-529,0,0
217,426,5,7,4006,-625,0,0
226,163,128,-226,3279,-379,0,0
93,187,176,-144,3749,-447,0,0
34,240,51,180,3824,-674,0,0
31,-32,-6,277,3568,-728,0,0
10,-291,78,185,3521,-715,0,0
-25,-231,129,210,3815,-740,0,0
2,-166,39,331,4178,-862,0,0
91,-195,-24,345,3988,-820,0,0
107,-186,108,246,3552,-735,0,0
66,-95,286,223,3442,-711,0,0
74,-36,319,311,3797,-715,0,0
143,122,247,304,3922,-665,0,0
152,506,240,279,3698,-511,0,0
47,908,244,415,3750,-479,0,0
-53,897,218,591,3571,-599,0,0
-105,459,193,679,3363,-688,0,0
-100,-49,102,685,3453,-813,0,0
-45,-277,-12,641,3532,-927,0,0
27,-197,-121,642,3676,-985,0,0
90,103,-168,510,3618,-906,0,0
79,506,-177,465,3301,-900,0,0
43,737,-213,376,3140,-983,0,0
93,740,-383,213,4273,-966,0,0
209,528,-750,169,3756,-939,0,0
148,107,-764,6,2844,-880,0,0
52,-615,-524,-2248,4522,-1054,0,0
157,-1114,-295,-830,3505,-805,0,0
89,-728,9,-1035,2536,-618,0,0
24,-404,111,-969,3386,-638,0,0
233,-246,78,-1120,3862,-516,0,0
419,173,125,-1357,3865,-284,0,0
371,471,236,-1397,3960,-356,0,0
189,430,294,-1386,3970,-603,0,0
40,268,202,-1250,4223,-731,0,0
-1,-40,40,-1129,4330,-732,0,0
16,-396,-60,-1133,4743,-806,0,0
19,-480,-112,-1161,5066,-1012,0,0
-3,-307,-99,-3128,4952,-1102,0,0
-9,-98,-11,-1095,4937,-1050,0,0
3,113,53,-1061,4741,-1050,0,0
10,282,85,-1020,4554,-1070,0,0
20,305,25,-951,4650,-1141,0,0
61,186,-31,-1025,4525,-1102,0,0
75,136,-31,-1041,4501,-1030,0,0
78,94,12,-973,4649,-1064,0,0
72,-26,91,-844,4763,-1128,0,0
50,-55,252,-782,4912,-920,0,0
-75,148,456,-394,4650,-936,0,0
-151,-52,520,-6,3632,-1203,0,0
-132,22,597,-65,1854,-712,0,0
-320,561,579,116,1518,-507,0,0
-471,857,338,605,2352,-802,0,0
-375,623,-63,870,3018,-903,0,0
-246,152,-397,699,3030,-759,0,0
-274,-32,-553,596,3359,-766,0,0
-309,-153,-714,735,3638,-922,0,0
-271,-370,-770,698,3462,-841,0,0
-260,-476,-745,598,3641,-740,0,0
-244,-498,-807,627,3966,-833,0,0
-129,-585,-817,474,3873,-776,0,0
-26,-535,-642,208,3773,-602,0,0
29,-304,-363,13,3848,-545,0,0
88,5,-100,-126,3834,-468,0,0
97,267,87,-225,3617,-406,0,0
61,315,215,-166,3315,-504,0,0
90,-10,354,-268,3454,-429,0,0
162,-250,395,-542,4517,-488,0,0
224,-166,311,-450,4571,-633,0,0
179,-41,385,-338,3361,-580,0,0
-10,-96,539,-250,3413,-598,0,0
-87,-280,452,-143,4059,-808,0,0
33,-521,250,-102,3920,-754,0,0
129,-609,227,-290,3596,-663,0,0
103,-438,269,-297,3755,-799,0,0
86,-286,263,-169,3916,-909,0,0
120,-354,258,-199,4045,-1053,0,0
183,-367,294,-367,3612,-1032,0,0
157,-71,293,-302,3614,-1006,0,0
111,-14,170,-66,4108,-1183,0,0
114,-252,45,-17,3822,-1268,0,0
119,-400,21,-99,3426,-1208,0,0
111,-232,26,-152,3370,-1139,0,0
82,29,1,-77,3233,-1136,0,0
45,78,-51,115,3174,-1249,0,0
33,-81,-61,134,3165,-1181,0,0
10,-180,-20,90,3281,-1201,0,0
-20,-85,18,32,3128,-1243,0,0
-62,111,30,179,3110,-1281,0,0
-70,65,-10,329,3386,-1386,0,0
-67,-66,-78,407,3529,-1559,0,0
-90,-127,-136,396,3434,-1737,0,0
-110,58,-169,196,3346,-1622,0,0
-135,485,-271,118,4688,-1383,0,0
46,514,-459,50,4751,-1265,0,0
366,468,-250,-641,4698,-320,0,0
411,721,63,-1162,4779,41,0,0
225,1077,195,-1196,3472,91,0,0
-13,957,204,-1043,3051,109,0,0
-139,374,121,-1035,3395,75,0,0
-172,104,21,-1170,3495,10,0,0
-200,187,-37,-953,3305,-172,0,0
-175,86,-42,-731,3585,-317,0,0
-117,-103,-78,-625,3924,-482,0,0
-93,-109,-115,-554,3821,-594,0,0
-111,-87,-105,-406,4304,-666,0,0
-64,-265,-126,-411,4697,-794,0,0
-20,-298,-146,-511,4474,-853,0,0
-59,-129,-82,-503,4578,-945,0,0
-33,-138,-58,-393,4807,-1076,0,0
126,-297,-22,-440,4853,-922,0,0
241,-311,60,-521,4875,-825,0,0
239,-147,200,-534,4421,-857,0,0
190,-74,326,-437,4560,-845,0,0
238,-170,358,-436,4764,-698,0,0
316,-174,388,-590,4739,-593,0,0
362,-64,461,-676,5349,-534,0,0
396,85,618,-943,5632,-357,0,0
319,298,719,-1024,5627,-457,0,0
225,190,640,-596,4608,-845,0,0
175,-125,577,-356,2310,-855,0,0
19,-297,493,-184,1436,-1111,0,0
-196,-387,81,202,1922,-1513,0,0
-311,-554,-586,633,2712,-1532,0,0
-290,-771,-1022,595,2962,-1498,0,0
-281,-774,-1064,318,3207,-1380,0,0
-384,-350,-964,265,3288,-1345,0,0
-467,28,-847,364,3257,-1443,0,0
-440,11,-671,328,3366,-1382,0,0
-396,-66,-453,72,3497,-1300,0,0
-369,42,-243,-97,3553,-1273,0,0
-345,142,-81,-201,3690,-1239,0,0
-316,123,30,-311,3449,-1154,0,0
-297,91,121,-354,2788,-1014,0,0
-240,41,195,-362,2461,-937,0,0
-103,-20,294,-380,2666,-876,0,0
46,97,409,-482,4409,-587,0,0
76,354,212,-193,5113,-918,0,0
125,189,-12,44,3991,-1186,0,0
-9,168,333,-379,2124,-685,0,0
-183,159,520,-226,3664,-726,0,0
33,124,348,108,4563,-610,0,0
247,268,174,55,4116,-507,0,0
212,376,177,7,3642,-743,0,0
18,439,236,88,3477,-933,0,0
-103,215,240,295,3703,-1027,0,0
-16,-163,223,233,3792,-909,0,0
106,-279,242,49,3393,-795,0,0
76,92,294,74,3286,-762,0,0
-82,468,226,420,4182,-863,0,0
-161,286,-120,750,4450,-1132,0,0
-56,-295,-422,703,3616,-949,0,0
-23,-625,-417,450,3238,-790,0,0
-14,-576,-258,370,3648,-835,0,0
99,-315,-114,330,3969,-829,0,0
212,101,29,374,3897,-773,0,0
221,424,181,433,3667,-771,0,0
183,506,293,522,3574,-757,0,0
154,425,316,594,3547,-702,0,0
131,211,253,610,3404,-782,0,0
121,78,143,624,3252,-834,0,0
116,106,-1,582,3163,-851,0,0
105,255,-174,459,2948,-831,0,0
56,429,-367,359,2809,-926,0,0
63,322,-517,113,3617,-988,0,0
85,361,-684,-123,5078,-929,0,0
-8,418,-711,-254,2814,-1149,0,0
-173,101,-383,-381,3044,-1020,0,0
-82,-545,-236,-674,5225,-948,0,0
138,-515,-163,-1028,3776,-716,0,0
85,54,39,-1467,2827,-571,0,0
-53,426,21,-1383,3559,-634,0,0
-21,332,-95,-924,3962,-737,0,0
98,-211,-116,-1033,4184,-801,0,0
218,-712,-156,-1177,4290,-796,0,0
271,-695,-191,-1308,4414,-825,0,0
241,-420,-170,-1340,4577,-985,0,0
150,-210,-121,-1283,4421,-1092,0,0
47,-229,-37,-1223,4252,-1186,0,0
86,-315,59,-1416,4438,-1069,0,0
214,92,148,-1685,4540,-619,0,0
232,705,250,-1783,4488,-537,0,0
193,994,321,-1812,4877,-642,0,0
123,1014,284,-1778,4950,-839,0,0
27,844,166,-1490,4721,-1132,0,0
-52,467,36,-1003,4633,-1246,0,0
-167,60,-33,-466,4432,-1283,0,0
-382,48,-6,-27,4417,-1175,0,0
-706,806,124,286,4084,-1010,0,0
-774,660,364,653,2406,-645,0,0
-587,-245,396,566,2004,-452,0,0
-406,-199,156,177,2666,-700,0,0
-366,388,-89,273,3029,-838,0,0
-431,347,-204,434,3140,-984,0,0
-420,-266,-307,333,3405,-927,0,0
-333,-563,-469,328,3782,-789,0,0
-250,-494,-542,341,3699,-676,0,0
-184,-506,-572,471,3820,-565,0,0
-93,-731,-550,466,4023,-523,0,0
15,-912,-430,245,3749,-452,0,0
88,-823,-226,33,3534,-269,0,0
156,-516,-4,-225,3495,-189,0,0
224,-53,157,-355,3226,-152,0,0
253,362,295,-417,2877,-187,0,0
253,705,392,-567,4680,-109,0,0
320,820,160,-286,7379,-588,0,0
233,634,46,-273,2214,-803,0,0
-201,339,436,-433,1456,-937,0,0
-244,-465,448,16,4428,-906,0,0
0,-875,65,61,4727,-673,0,0
120,-865,-179,144,3627,-835,0,0
192,-919,-118,-136,3599,-767,0,0
135,-635,-4,-170,3865,-864,0,0
99,-139,35,121,4025,-975,0,0
206,-105,102,97,3903,-869,0,0
302,-156,232,-178,3481,-782,0,0
277,90,345,-196,3366,-799,0,0
208,167,346,-47,4104,-957,0,0
194,-111,253,-30,4308,-1147,0,0
172,-256,217,-183,3798,-1188,0,0
110,-83,176,-68,3457,-1243,0,0
110,-14,101,111,3228,-1230,0,0
138,-93,62,164,3337,-1200,0,0
147,-201,39,205,3580,-1261,0,0
124,-272,56,230,3477,-1273,0,0
50,-278,153,184,3265,-1297,0,0
-15,-267,218,212,3372,-1380,0,0
7,-309,218,254,3327,-1419,0,0
62,-331,223,203,3210,-1424,0,0
78,-174,214,209,3216,-1419,0,0
58,-3,164,357,3321,-1478,0,0
48,-85,85,480,3411,-1652,0,0
43,-285,37,405,3329,-1632,0,0
-13,-228,-38,255,3191,-1669,0,0
-61,104,-111,59,3253,-1433,0,0
-104,405,-208,96,4670,-1387,0,0
88,302,-307,-344,4426,-976,0,0
169,797,-118,-782,4188,-187,0,0
45,1139,-37,-703,4638,-297,0,0
-38,937,-88,-483,3548,-281,0,0
-185,453,-40,-740,3034,-194,0,0
-285,32,-11,-948,3450,-140,0,0
-191,-138,-70,-951,4000,42,0,0
-88,-37,-132,-970,3830,-50,0,0
-107,115,-108,-926,3598,-330,0,0
-138,212,-95,-716,3941,-427,0,0
-84,211,-170,-478,4264,-440,0,0
-31,131,-256,-372,4430,-473,0,0
-53,68,-307,-215,4544,-663,0,0
-63,-57,-263,-154,4530,-693,0,0
-79,-187,-126,-233,4636,-785,0,0
-64,-222,19,-301,4752,-915,0,0
13,-114,180,-466,4857,-843,0,0
89,56,331,-569,4772,-806,0,0
144,133,441,-649,4740,-798,0,0
176,139,483,-752,4771,-676,0,0
167,139,455,-693,4708,-677,0,0
204,15,438,-541,4863,-932,0,0
349,26,484,-537,5170,-833,0,0
405,280,547,-304,5046,-874,0,0
407,163,516,41,4632,-1084,0,0
429,-168,356,139,3162,-841,0,0
232,-266,207,331,1385,-747,0,0
-145,-279,56,613,1709,-1007,0,0
-256,-618,-352,884,3135,-1531,0,0
-47,-1072,-748,716,3144,-1458,0,0
10,-972,-674,184,3042,-1079,0,0
-173,-304,-463,67,3154,-1236,0,0
-329,313,-386,261,3380,-1356,0,0
-402,392,-373,482,3538,-1353,0,0
-427,-39,-369,368,3635,-1342,0,0
-445,-279,-334,180,3429,-1233,0,0
-478,-162,-237,120,3083,-1134,0,0
-491,-10,-141,144,2709,-1095,0,0
-435,90,-103,118,2944,-1012,0,0
-334,119,-133,9,4277,-1006,0,0
-194,35,-191,-74,5249,-1208,0,0
-67,0,3,-227,3593,-1174,0,0
-101,226,409,-398,2562,-781,0,0
-168,492,472,-108,4038,-790,0,0
20,254,144,263,4770,-980,0,0
243,-153,-60,179,3832,-817,0,0
226,-227,53,-138,3533,-731,0,0
77,83,200,-33,3742,-799,0,0
31,261,228,217,3843,-798,0,0
90,28,179,287,3842,-774,0,0
109,-205,172,193,3718,-783,0,0
42,-154,225,233,3618,-786,0,0
-32,-154,295,355,3550,-784,0,0
-66,-314,372,325,3288,-715,0,0
-129,-313,426,332,3522,-622,0,0
-181,-208,288,433,4348,-766,0,0
-88,-166,-2,467,4304,-708,0,0
-29,-78,-130,340,3735,-568,0,0
-123,30,-9,412,3648,-699,0,0
-192,-75,164,443,3808,-782,0,0
-179,-358,225,408,3826,-857,0,0
-103,-592,178,350,3782,-833,0,0
-6,-630,82,277,3783,-828,0,0
80,-363,21,181,3671,-839,0,0
104,166,23,310,3642,-833,0,0
111,454,16,517,3724,-888,0,0
150,446,-10,653,3582,-913,0,0
171,354,-29,711,3421,-890,0,0
140,306,-68,753,3533,-908,0,0
114,283,-143,800,3504,-968,0,0
107,278,-216,765,3262,-919,0,0
78,343,-270,652,3007,-859,0,0
4,487,-298,511,2666,-762,0,0
-146,712,-528,11,3000,-652,0,0
-224,800,-1246,239,3849,-940,0,0
-40,27,-1528,358,3652,-768,0,0
102,-1239,-1047,-366,4430,-599,0,0
218,-1772,-396,-1492,3793,-260,0,0
153,-448,180,-1957,2995,154,0,0
-47,399,456,-1752,3634,-53,0,0
-126,269,333,-1432,3686,-78,0,0
-137,36,144,-1360,3773,135,0,0
-97,-444,28,-1665,3988,108,0,0
-60,-414,-31,-1747,4203,85,0,0
-76,19,-70,-1665,4347,-155,0,0
-126,342,-80,-1496,4663,-375,0,0
-171,253,-20,-1247,4783,-641,0,0
-127,-70,51,-1291,4726,-531,0,0
-33,99,54,-1335,4966,-301,0,0
32,504,91,-1305,4963,-253,0,0
62,763,177,-1315,5139,-182,0,0
68,948,227,-1277,5351,-82,0,0
45,854,232,-1309,4994,-131,0,0
-28,703,292,-1497,4828,-382,0,0
-92,696,288,-1247,5068,-619,0,0
-91,380,234,-850,5327,-714,0,0
-50,-276,198,-314,4977,-924,0,0
3,-861,231,-96,3242,-748,0,0
-63,-1137,383,-191,1647,-403,0,0
-130,-1188,392,-270,2060,-566,0,0
-167,-501,9,-23,2859,-727,0,0
-235,436,-370,432,2692,-770,0,0
-282,629,-408,665,2613,-726,0,0
-264,217,-339,795,3223,-713,0,0
-141,-287,-319,671,3550,-678,0,0
-80,-361,-310,454,3374,-542,0,0
-95,-234,-339,504,3809,-553,0,0
-9,-323,-389,460,4285,-487,0,0
115,-437,-315,160,4002,-313,0,0
92,-110,-64,-158,3507,-166,0,0
-46,382,151,-144,3362,-196,0,0
-113,482,251,-102,3378,-233,0,0
-55,148,274,-194,3623,-373,0,0
86,-91,234,-388,4305,-330,0,0
157,47,20,-332,5502,-348,0,0
72,135,-161,-176,3663,-640,0,0
-123,-187,83,-210,2786,-683,0,0
-145,-749,344,-293,4068,-660,0,0
64,-893,220,-370,4480,-614,0,0
187,-422,-60,-233,3902,-678,0,0
172,-86,-119,-129,3523,-729,0,0
139,-248,-7,-83,3759,-861,0,0
222,-364,106,-211,3912,-724,0,0
311,-101,133,-314,3884,-573,0,0
342,220,109,-236,3749,-622,0,0
326,332,116,-172,3514,-672,0,0
282,225,143,-123,3537,-714,0,0
265,58,137,-206,3804,-774,0,0
267,85,102,-262,4030,-925,0,0
255,271,104,-146,4057,-996,0,0
222,244,178,-42,4033,-1080,0,0
188,10,265,-23,3784,-1090,0,0
117,-90,244,-49,3307,-1250,0,0
65,103,124,12,2959,-1349,0,0
74,194,46,183,3187,-1243,0,0
105,35,24,88,3335,-1244,0,0
72,89,47,144,3226,-1259,0,0
23,-7,103,251,3238,-1210,0,0
-34,-198,157,321,3330,-1157,0,0
-83,-363,204,372,3213,-1229,0,0
-107,-423,219,388,3308,-1442,0,0
-78,-382,120,381,3686,-1623,0,0
-69,-257,-4,341,3579,-1649,0,0
-140,-140,-69,273,3436,-1797,0,0
-173,-33,-91,262,3259,-1665,0,0
-147,-105,-103,363,4438,-1529,0,0
161,-302,-149,20,4505,-1175,0,0
454,411,124,-493,3790,-97,0,0
333,1607,466,-681,4431,80,0,0
119,2213,663,-170,3684,-287,0,0
-22,1986,773,-215,3113,-97,0,0
-172,1208,635,-140,3512,-25,0,0
-144,237,409,-244,3835,8,0,0
-44,-233,270,-468,3885,42,0,0
-86,-116,142,-429,4065,-133,0,0
-196,195,-38,-235,4170,-310,0,0
-286,272,-193,-4,4178,-396,0,0
-351,145,-313,227,4212,-553,0,0
-374,56,-389,374,4428,-669,0,0
-308,-39,-446,471,4600,-629,0,0
-194,-165,-471,511,4841,-710,0,0
-80,-281,-470,609,5028,-788,0,0
43,-522,-383,513,4979,-791,0,0
180,-763,-180,257,4897,-797,0,0
294,-634,50,16,5023,-677,0,0
397,-185,177,-272,5214,-457,0,0
450,278,247,-384,5067,-229,0,0
301,764,387,-272,4981,-268,0,0
1,1328,694,-171,4981,-379,0,0
-271,1614,833,208,5088,-257,0,0
-270,1013,607,926,4416,-452,0,0
140,-893,371,989,2960,-319,0,0
363,-2325,284,562,1832,-282,0,0
217,-2585,45,125,2082,-694,0,0
-103,-1281,-362,177,2812,-1277,0,0
-202,-12,-628,227,2836,-1082,0,0
-364,867,-678,439,3046,-936,0,0
-394,938,-704,864,3486,-1208,0,0
-262,368,-729,928,3434,-1160,0,0
-228,-122,-701,706,3260,-1135,0,0
-272,-275,-658,590,3357,-1140,0,0
-273,-307,-608,520,3461,-1083,0,0
-239,-361,-532,393,3639,-1012,0,0
-222,-371,-439,303,3855,-1043,0,0
-216,-372,-263,183,3355,-1048,0,0
-230,-313,-13,69,2825,-938,0,0
-165,-284,203,115,2750,-815,0,0
-12,-324,393,90,2775,-742,0,0
123,-320,537,-52,4536,-574,0,0
194,-176,109,133,5872,-976,0,0
318,-261,-403,484,4250,-1228,0,0
200,-128,211,-201,1190,-426,0,0
-186,13,737,-513,2927,-317,0,0
-162,48,349,418,4862,-810,0,0
216,15,-197,490,4289,-563,0,0
313,-120,-241,260,3368,-555,0,0
164,-385,3,-68,3305,-673,0,0
-46,-112,174,159,3885,-841,0,0
-48,56,204,432,3864,-908,0,0
32,-96,235,334,3542,-745,0,0
8,-45,240,311,3969,-772,0,0
-41,204,120,501,4071,-886,0,0
-49,220,5,670,3875,-831,0,0
-33,-109,-4,640,3594,-794,0,0
-38,-324,75,531,3447,-817,0,0
-26,-350,110,503,3670,-883,0,0
50,-275,89,456,3700,-860,0,0
129,-63,73,399,3567,-796,0,0
168,312,66,441,3556,-713,0,0
161,606,52,522,3430,-694,0,0
106,684,38,561,3243,-633,0,0
1,559,-32,666,3165,-729,0,0
-47,283,-169,665,3005,-796,0,0
-48,133,-304,586,2701,-861,0,0
-18,144,-304,366,2407,-939,0,0
-6,459,-235,114,2934,-815,0,0
2,713,-372,133,3484,-841,0,0
97,521,-493,173,4496,-918,0,0
301,17,-490,-81,5429,-835,0,0
353,-153,-99,-637,3897,-468,0,0
73,106,360,-1089,3368,-498,0,0
-81,473,396,-942,4284,-609,0,0
88,503,159,-806,4150,-323,0,0
190,252,-3,-871,4136,-286,0,0
163,-244,-110,-975,4378,-505,0,0
39,-559,-164,-988,4490,-762,0,0
-27,-767,-163,-985,4978,-890,0,0
19,-733,-168,-977,5238,-821,0,0
81,-522,-155,-1059,5368,-769,0,0
87,-202,-71,-1107,5284,-898,0,0
53,112,40,-992,4810,-2920,0,0
15,224,94,-896,4788,-822,0,0
70,141,69,-976,4784,-761,0,0
155,159,51,-1132,4934,-669,0,0
196,194,116,-1135,5223,-735,0,0
147,259,233,-1008,5141,-757,0,0
-70,428,293,-618,4425,-792,0,0
-376,259,219,-26,2888,-849,0,0
-517,-436,64,255,1799,-819,0,0
-433,-809,-111,390,2352,-774,0,0
-289,-633,-296,535,2942,-800,0,0
-208,-294,-347,454,2796,-820,0,0
-241,152,-203,316,2689,-838,0,0
-299,371,-98,519,3207,-895,0,0
-228,128,-136,684,3624,-866,0,0
-78,-264,-222,555,3668,-774,0,0
13,-355,-258,403,3664,-685,0,0
3,-219,-208,414,3625,-689,0,0
-13,-260,-70,418,3442,-740,0,0
31,-386,108,318,3115,-642,0,0
95,-304,265,175,3144,-554,0,0
157,-47,334,65,4083,-670,0,0
274,180,207,-64,4921,-699,0,0
286,538,-82,-45,5957,-617,0,0
122,521,-188,205,2585,-1028,0,0
-120,208,315,-103,1604,-922,0,0
-209,-418,683,-105,3924,-887,0,0
-22,-754,486,-336,4871,-764,0,0
70,-155,53,-221,4064,-834,0,0
16,348,-107,-89,3506,-858,0,0
-109,174,-73,-107,3429,-920,0,0
-174,-194,-98,82,3831,-1016,0,0
-97,-478,-219,122,4101,-967,0,0
53,-596,-290,-24,3909,-917,0,0
136,-306,-222,-173,3522,-915,0,0
141,139,-106,-42,3505,-948,0,0
185,217,-16,21,4069,-1041,0,0
266,248,11,-179,4005,-995,0,0
219,553,18,-40,3705,-1023,0,0
98,563,8,216,3725,-1254,0,0
50,211,-11,249,3456,-1319,0,0
51,-111,-15,120,3252,-1256,0,0
41,-66,-13,90,3395,-1254,0,0
44,-34,0,121,3267,-1247,0,0
29,-26,29,121,3078,-1194,0,0
-9,-1,69,154,3013,-1162,0,0
-45,-58,75,251,3280,-1176,0,0
-86,-264,50,376,3723,-1355,0,0
-120,-643,78,336,3706,-1567,0,0
-154,-762,153,106,3308,-1516,0,0
-226,-391,163,-23,3035,-1470,0,0
-262,69,189,-133,2925,-1213,0,0
-338,645,268,-380,3980,-976,0,0
-242,1127,-18,-178,4185,-1064,0,0
203,916,-104,-294,4109,-165,0,0
519,526,66,-994,4464,292,0,0
524,749,61,-1092,3673,171,0,0
297,1272,-33,-722,3527,-33,0,0
105,950,-135,-462,3754,-145,0,0
34,96,-204,-668,3848,-78,0,0
-11,-249,-182,-741,3916,-165,0,0
-43,-267,-127,-649,4080,-180,0,0
-79,-263,-96,-537,4235,-386,0,0
-101,-200,-106,-458,4349,-610,0,0
-119,-75,-127,-402,4711,-745,0,0
-97,8,-166,-297,5009,-846,0,0
-53,-43,-164,-203,4879,-926,0,0
-33,-156,-68,-182,4964,-1027,0,0
1,-271,92,-179,4747,-932,0,0
3,-324,237,-202,4486,-848,0,0
8,-286,366,-204,4460,-841,0,0
28,-199,493,-178,4491,-790,0,0
129,-207,530,-204,5004,-702,0,0
339,-232,522,-509,5251,-498,0,0
430,97,580,-798,5262,-349,0,0
388,463,711,-971,5852,-283,0,0
379,374,768,-1111,5605,-273,0,0
343,-105,589,-952,4066,-260,0,0
198,-654,251,-927,2168,-216,0,0
-90,-350,-193,-28,1817,-853,0,0
-433,194,-774,946,2588,-1465,0,0
-619,93,-1171,1422,3113,-1866,0,0
-455,-485,-1000,1017,2904,-1560,0,0
-361,-357,-510,538,2873,-1254,0,0
-361,220,-256,517,3104,-1304,0,0
-238,390,-212,562,3165,-1309,0,0
-81,190,-182,455,3008,-1196,0,0
-31,13,-105,243,2957,-1176,0,0
-44,73,-87,174,3134,-1111,0,0
-43,100,-148,191,3705,-1061,0,0
-21,-68,-216,144,4301,-1112,0,0
-76,-230,-164,-26,3716,-1185,0,0
-213,-247,46,-133,2910,-1195,0,0
-291,-232,196,-26,3198,-1088,0,0
-236,-392,125,129,4808,-1225,0,0
-6,-781,-133,49,4836,-1351,0,0
171,-558,-74,-260,2659,-783,0,0
33,204,57,-336,2952,-569,0,0
-69,532,-83,293,4360,-937,0,0
102,49,-164,368,4363,-955,0,0
174,-363,27,10,3670,-752,0,0
90,-276,265,-196,3625,-725,0,0
20,136,347,32,3792,-729,0,0
44,166,312,217,3720,-791,0,0
114,-129,299,142,3457,-751,0,0
141,-189,355,77,3578,-662,0,0
129,-67,372,110,4005,-717,0,0
86,45,340,98,4055,-792,0,0
-17,99,273,177,3850,-870,0,0
-106,-91,141,328,3971,-915,0,0
-129,-389,-41,359,3835,-933,0,0
-163,-411,-125,353,3359,-1000,0,0
-191,-317,-116,485,3451,-1044,0,0
-122,-390,-149,555,3636,-1023,0,0
-3,-399,-186,418,3554,-998,0,0
75,-73,-178,379,3539,-896,0,0
90,340,-150,451,3524,-865,0,0
82,567,-113,577,3476,-847,0,0
68,483,-95,675,3418,-902,0,0
93,214,-100,629,3479,-969,0,0
125,152,-126,474,3402,-1002,0,0
147,341,-118,284,2934,-1086,0,0
158,738,-42,-44,2947,-867,0,0
102,1136,-273,-118,4457,-926,0,0
87,1064,-610,122,3269,-1128,0,0
76,314,-450,-23,3793,-1134,0,0
171,-738,-130,-618,4153,-967,0,0
213,-707,198,-1139,3128,-658,0,0
89,101,449,-1230,3257,-639,0,0
122,352,442,-1149,3837,-622,0,0
260,272,415,-1214,3868,-393,0,0
246,227,364,-1312,4212,-416,0,0
202,17,231,-1271,4633,-558,0,0
150,-171,23,-1087,4647,-602,0,0
41,-376,-148,-923,4694,-731,0,0
-73,-583,-178,-886,4971,-991,0,0
-99,-628,-157,-856,4984,-1111,0,0
-105,-319,-122,-877,5081,-978,0,0
-138,-21,-104,-725,4971,-1143,0,0
-126,4,-29,-663,4738,-1192,0,0
-129,21,49,-748,4461,-1104,0,0
-158,137,56,-757,4224,-1076,0,0
-124,110,35,-701,4416,-1057,0,0
-5,-84,70,-821,4288,-1008,0,0
95,28,177,-911,4591,-777,0,0
106,339,246,-716,4972,-638,0,0
-36,400,280,-453,4973,-667,0,0
-230,-17,316,-286,4205,-882,0,0
-356,-464,371,-263,1983,-726,0,0
-472,-281,320,-31,1606,-423,0,0
-590,52,-13,455,3040,-411,0,0
-555,-217,-536,710,3662,-857,0,0
-413,-488,-830,716,3299,-880,0,0
-384,-455,-700,631,3266,-817,0,0
-368,-388,-390,485,3072,-746,0,0
-300,-307,-155,494,3037,-642,0,0
-190,-202,-73,540,3209,-620,0,0
-76,-148,-104,531,3475,-640,0,0
53,-36,-152,330,3970,-650,0,0
187,382,-119,142,3950,-496,0,0
207,969,40,-27,3785,-372,0,0
139,1312,211,-94,3723,-548,0,0
106,1227,215,-78,5174,-600,0,0
109,828,-55,71,4767,-665,0,0
-111,451,-26,-94,1924,-728,0,0
-408,-194,254,-35,2809,-1167,0,0
-176,-1279,228,214,4965,-1077,0,0
219,-1517,-16,-241,4564,-532,0,0
232,-502,-156,-338,3438,-701,0,0
88,347,-132,-39,3574,-926,0,0
86,198,-34,217,4032,-1009,0,0
232,-246,106,32,4080,-866,0,0
322,-173,163,-179,3938,-717,0,0
333,98,151,-118,3597,-851,0,0
339,228,192,-85,3361,-939,0,0
342,274,204,-125,3567,-931,0,0
341,292,144,-34,4286,-1053,0,0
313,261,88,-14,4108,-1193,0,0
209,259,95,-5,3237,-1272,0,0
124,277,103,129,2995,-1176,0,0
100,210,5,232,3350,-1165,0,0
100,65,-102,278,3545,-1333,0,0
69,-30,-88,196,3435,-1418,0,0
0,30,-35,238,3342,-1461,0,0
-20,-100,16,324,3179,-1452,0,0
-9,-255,76,188,3011,-1458,0,0
-3,-173,80,228,3091,-1440,0,0
9,-113,28,401,3390,-1426,0,0
8,-190,-24,540,3382,-1518,0,0
-24,-262,-23,583,3317,-1442,0,0
-130,-264,-13,592,3236,-1339,0,0
-261,-302,-4,468,3061,-1333,0,0
-393,-290,14,316,3739,-1214,0,0
-329,-541,-98,71,4812,-1512,0,0
-8,-352,-42,-647,3986,-556,0,0
58,426,232,-1066,4286,-175,0,0
14,851,274,-843,3894,-509,0,0
71,749,206,-678,3308,-222,0,0
88,507,145,-752,3512,-137,0,0
109,289,123,-872,3765,-80,0,0
110,295,123,-904,3726,70,0,0
54,290,89,-839,3869,-76,0,0
54,267,-37,-803,4227,-165,0,0
65,399,-119,-717,4074,-88,0,0
-25,502,-109,-543,4122,-267,0,0
-120,356,-152,-312,4417,-526,0,0
-173,81,-277,-176,4782,-628,0,0
-213,-208,-393,-110,5176,-834,0,0
-238,-438,-463,44,5384,-840,0,0
-267,-860,-465,183,5329,-979,0,0
-173,-1367,-280,-170,5228,-1181,0,0
26,-1108,65,-772,5100,-971,0,0
263,-330,315,-1077,5315,-566,0,0
432,472,476,-1321,5174,-279,0,0
473,669,614,-1260,4811,-209,0,0
439,306,686,-1306,4918,-278,0,0
361,56,694,-1006,5435,-289,0,0
243,278,749,-1597,4764,118,0,0
-262,1445,463,-1097,2413,-65,0,0
-561,30,-68,738,1125,-804,0,0
-707,-1201,-612,1411,2037,-1207,0,0
-748,-1610,-1136,1355,2875,-1458,0,0
-518,-1753,-1134,884,3028,-1411,0,0
-248,-1119,-675,272,3175,-1434,0,0
-61,86,-331,122,3459,-1379,0,0
30,995,-114,225,3573,-1220,0,0
-14,993,48,310,3336,-1309,0,0
-80,308,140,244,3140,-1357,0,0
-95,-316,123,16,3216,-1193,0,0
-75,-488,-6,-219,3405,-938,0,0
-88,-288,-92,-282,3416,-879,0,0
-140,-91,-71,-313,3217,-873,0,0
-190,-42,-22,-368,3456,-880,0,0
-145,-38,-38,-439,4204,-801,0,0
-57,52,-109,-466,5397,-740,0,0
52,93,-152,-342,4282,-864,0,0
113,264,58,-523,2554,-462,0,0
-13,638,145,-449,3494,-316,0,0
-48,651,-82,143,4623,-667,0,0
70,85,-231,212,4107,-716,0,0
67,-391,-95,-75,3495,-671,0,0
-35,-293,115,-158,3533,-686,0,0
-73,53,210,106,3521,-720,0,0
-31,84,231,208,3599,-724,0,0
18,-85,222,262,3893,-789,0,0
57,-243,224,208,3787,-795,0,0
65,-174,254,237,4207,-783,0,0
112,21,245,236,4372,-760,0,0
172,193,303,194,3616,-683,0,0
171,162,376,215,3331,-712,0,0
58,309,365,466,3643,-665,0,0
83,168,264,440,3781,-630,0,0
182,-46,118,327,3630,-607,0,0
150,160,36,401,3508,-584,0,0
69,238,-28,674,3449,-708,0,0
35,136,-16,587,3232,-663,0,0
-27,149,37,360,3014,-751,0,0
-65,315,-14,229,2932,-886,0,0
-67,487,-145,255,2625,-1021,0,0
-13,462,-236,55,2607,-989,0,0
19,581,-367,-104,3332,-847,0,0
12,519,-514,109,3510,-965,0,0
164,-159,-486,93,4884,-1025,0,0
382,-570,-199,-769,4008,-411,0,0
220,22,109,-1081,3272,-336,0,0
22,625,198,-863,3901,-463,0,0
136,291,146,-963,4150,-221,0,0
221,-75,96,-1253,4393,-166,0,0
164,-19,18,-1323,5142,-374,0,0
76,-63,32,-1270,5113,-448,0,0
-63,-346,83,-1254,5188,-709,0,0
-129,-423,-9,-1097,5176,-798,0,0
-123,-339,-103,-962,5286,-698,0,0
-75,-338,-98,-1023,5207,-824,0,0
-51,-59,-36,-1094,4887,-722,0,0
-77,188,-37,-915,5138,-928,0,0
38,-33,-66,-993,5037,-951,0,0
166,-203,-19,-1151,4928,-790,0,0
223,-93,139,-1164,5051,-840,0,0
209,175,299,-1002,4596,-900,0,0
87,353,284,-436,4375,-931,0,0
-50,72,138,203,3951,-990,0,0
-121,-609,43,430,2746,-1082,0,0
-42,-1033,113,95,1955,-902,0,0
21,-586,127,-109,2095,-600,0,0
-67,227,-38,92,2471,-497,0,0
-222,609,-252,362,2638,-720,0,0
-317,352,-380,558,2802,-875,0,0
-355,-210,-398,545,3231,-832,0,0
-325,-555,-384,309,3631,-749,0,0
-268,-359,-387,148,3754,-596,0,0
-247,48,-425,168,3918,-594,0,0
-201,240,-426,198,3988,-660,0,0
-142,221,-345,114,3874,-544,0,0
-136,215,-150,-69,3620,-480,0,0
-159,316,117,-140,3328,-518,0,0
-165,418,382,-76,2749,-561,0,0
-125,416,587,-255,2353,-732,0,0
1,432,520,-210,4947,-894,0,0
252,296,-138,15,7526,-768,0,0
171,488,-476,-65,3043,-859,0,0
-253,658,3,87,1609,-1280,0,0
-223,-280,298,598,4029,-1097,0,0
310,-1224,258,249,4795,-373,0,0
421,-622,233,-281,3937,-249,0,0
146,384,160,-86,3617,-625,0,0
-152,649,136,360,3762,-1012,0,0
-167,-198,235,493,3873,-1150,0,0
69,-1119,320,-59,3940,-771,0,0
246,-1012,270,-443,3729,-484,0,0
246,-194,188,-443,3361,-708,0,0
256,225,157,-163,4101,-1040,0,0
345,113,102,-202,4000,-3088,0,0
310,189,108,-152,3743,-972,0,0
194,229,134,58,3869,-1196,0,0
137,86,182,273,3515,-1230,0,0
93,-117,190,317,3211,-1280,0,0
104,-142,119,401,3153,-1129,0,0
87,-52,12,545,3248,-1016,0,0
37,-68,-36,589,3279,-1170,0,0
6,-90,13,598,3272,-1206,0,0
-43,-107,122,537,3245,-1207,0,0
-110,-129,230,473,3257,-1337,0,0
-163,-142,260,529,3284,-1437,0,0
-226,-231,238,457,3105,-1510,0,0
-291,-257,180,299,2934,-1495,0,0
-2376,-124,70,95,2819,-1420,0,0
-269,304,-54,-275,3127,-1306,0,0
-87,745,-383,293,4847,-1633,0,0
400,512,-589,206,4636,-1045,0,0
566,542,-108,-367,4681,-129,0,0
371,473,294,-542,4304,-401,0,0
331,511,403,-724,3436,-3,0,0
272,674,296,-596,3591,226,0,0
209,385,64,-454,3880,-151,0,0
180,197,-71,-552,3899,-121,0,0
38,298,-59,-674,4095,-115,0,0
-104,360,-43,-531,4252,-519,0,0
-93,226,-100,-379,4151,-655,0,0
-82,58,-165,-343,4263,-705,0,0
-123,-58,-226,-177,4677,-945,0,0
-140,-164,-271,-50,4845,-1019,0,0
-155,-289,-262,48,4830,-1071,0,0
-155,-375,-181,30,4807,-1137,0,0
-94,-449,-112,132,4995,-1162,0,0
46,-553,5,32,4978,-1056,0,0
125,-400,198,-244,4878,-968,0,0
179,-137,405,-345,4947,-898,0,0
260,-45,603,-437,4800,-718,0,0
280,-21,735,-554,5101,-575,0,0
259,91,753,-626,5358,-567,0,0
209,286,609,-502,4932,-706,0,0
84,516,418,-186,3527,-451,0,0
-136,77,213,381,2302,-494,0,0
-207,-562,-38,600,2265,-1051,0,0
-230,-390,-279,529,2387,-1181,0,0
-331,21,-448,679,2504,-1055,0,0
-430,32,-525,865,2833,-1199,0,0
-430,-154,-564,844,3055,-1380,0,0
-387,-219,-582,823,3113,-1287,0,0
-385,-335,-550,794,3231,-1227,0,0
-397,-492,-429,615,3170,-1274,0,0
-422,-459,-303,579,3194,-1244,0,0
-410,-567,-242,661,3361,-1221,0,0
-305,-909,-212,453,3261,-1129,0,0
-153,-964,-96,102,3105,-847,0,0
-75,-523,78,-209,3728,-650,0,0
-28,-47,115,-243,5245,-835,0,0
126,159,36,-204,5176,-890,0,0
171,278,161,-222,3066,-640,0,0
-15,402,323,-128,3259,-674,0,0
-35,221,162,264,4193,-858,0,0
158,-163,-88,187,3787,-698,0,0
205,-217,-120,17,3475,-648,0,0
99,81,-53,55,3639,-708,0,0
30,272,-21,232,3725,-739,0,0
38,188,-32,281,3756,-751,0,0
56,117,-16,224,3712,-785,0,0
18,247,113,251,3401,-807,0,0
-72,279,296,334,3280,-750,0,0
-177,160,291,507,4030,-824,0,0
-129,-159,-20,705,4505,-1006,0,0
44,-400,-296,600,4095,-845,0,0
98,-265,-225,413,3475,-694,0,0
2,0,46,306,3426,-769,0,0
-14,73,216,389,3672,-819,0,0
98,48,212,372,3640,-773,0,0
208,133,109,322,3532,-685,0,0
237,411,11,366,3478,-631,0,0
197,590,-12,516,3197,-652,0,0
104,461,19,615,2878,-682,0,0
-18,226,26,593,2916,-793,0,0
-90,106,-109,703,2974,-1001,0,0
-29,-50,-278,655,2676,-1113,0,0
57,12,-271,311,2985,-881,0,0
51,240,-259,128,3179,-829,0,0
120,113,-237,84,4456,-1066,0,0
435,-82,-206,-427,5345,-733,0,0
455,165,163,-986,3604,-461,0,0
163,288,493,-1277,3633,-681,0,0
73,88,378,-960,4144,-572,0,0
120,-264,148,-993,4259,-388,0,0
173,-574,-14,-1166,4976,-492,0,0
211,-659,-117,-1295,4966,-411,0,0
82,-307,-86,-1369,4799,-622,0,0
-91,124,-74,-1038,4996,-863,0,0
-157,66,-138,-699,5111,-932,0,0
-102,-278,-196,-706,5406,-1010,0,0
-28,-253,-190,-838,5144,-929,0,0
-29,141,-135,-834,5137,-931,0,0
8,372,-34,-723,5324,-966,0,0
74,387,132,-778,4831,-893,0,0
61,388,244,-677,4846,-861,0,0
46,171,282,-590,5076,-922,0,0
-72,56,347,-634,4185,-825,0,0
-331,95,240,-147,3192,-885,0,0
-428,-283,71,303,2106,-925,0,0
-253,-900,83,168,2076,-788,0,0
-72,-769,81,40,2798,-558,0,0
-97,25,-87,97,2850,-540,0,0
-246,750,-233,354,2410,-697,0,0
-392,910,-359,705,2677,-738,0,0
-402,324,-599,944,3510,-813,0,0
-209,-509,-758,694,3795,-705,0,0
-116,-636,-680,234,3810,-552,0,0
-239,-20,-508,134,3843,-683,0,0
-346,492,-314,280,3848,-743,0,0
-370,437,-121,300,3694,-706,0,0
-297,-3,-6,130,3230,-692,0,0
-177,-160,111,-129,2946,-550,0,0
-46,5,184,-293,4005,-552,0,0
140,335,32,-294,6085,-486,0,0
186,625,-148,-157,4203,-535,0,0
-41,521,132,-129,2175,-679,0,0
-216,-21,440,-148,3538,-778,0,0
-20,-590,298,-68,4637,-644,0,0
187,-510,23,-99,4099,-568,0,0
183,-160,-53,-4,3541,-692,0,0
70,-107,23,113,3578,-850,0,0
63,-307,90,236,3954,-901,0,0
204,-475,95,43,4047,-752,0,0
342,-346,136,-201,3541,-668,0,0
388,30,268,-298,3339,-640,0,0
346,342,341,-306,4228,-803,0,0
291,530,241,-129,4332,-1021,0,0
167,448,169,137,3690,-1133,0,0
48,-110,162,190,3589,-1239,0,0
54,-630,110,105,3502,-1198,0,0
118,-699,35,51,3392,-1085,0,0
134,-466,-1,101,3383,-1050,0,0
83,-214,15,206,3332,-1123,0,0
34,-182,63,321,3304,-1253,0,0
63,-308,127,306,3236,-1241,0,0
89,-307,224,194,3209,-1135,0,0
26,-135,312,207,3152,-1132,0,0
-76,-30,370,375,3219,-1149,0,0
-145,-121,362,335,3120,-1264,0,0
-133,46,320,36,2762,-1188,0,0
-174,714,207,-102,2904,-989,0,0
-185,1000,-105,175,3644,-1201,0,0
29,594,-306,198,4337,-795,0,0
218,66,-224,-253,5340,-535,0,0
292,-5,-4,-499,4186,-336,0,0
178,441,257,-707,3324,65,0,0
-52,855,295,-406,4044,43,0,0
-44,550,161,-181,4190,-21,0,0
42,62,162,-620,3887,134,0,0
-47,110,218,-784,4197,63,0,0
-180,472,162,-554,4395,-124,0,0
-235,443,21,-340,4556,-244,0,0
-203,41,-167,-197,5114,-411,0,0
-101,-308,-299,-135,5163,-519,0,0
-35,-322,-313,-153,5087,-625,0,0
11,-26,-295,-105,5078,-683,0,0
58,219,-229,-8,4844,-647,0,0
97,145,-139,88,4876,-744,0,0
171,-128,4,24,4587,-681,0,0
130,-140,228,-176,3972,-407,0,0
-107,141,365,-260,4196,-313,0,0
-203,-15,310,-130,5081,-403,0,0
-30,-472,258,-302,5694,-338,0,0
134,-437,314,-527,5676,-306,0,0
122,-58,374,-202,3812,-661,0,0
14,127,313,-303,1767,-730,0,0
-167,359,-97,310,1805,-549,0,0
-280,134,-706,1135,2924,-973,0,0
-115,-588,-1007,988,3434,-1138,0,0
-79,-945,-908,565,3446,-1150,0,0
-260,-563,-582,351,3313,-1313,0,0
-396,-20,-276,500,3322,-1308,0,0
-378,-32,-148,645,3495,-1324,0,0
-261,-345,-73,426,3402,-1270,0,0
-179,-454,8,158,3094,-3200,0,0
-157,-224,84,38,2927,-1008,0,0
-111,29,174,-101,2874,-732,0,0
-121,243,181,-312,3916,-441,0,0
-157,247,-172,124,5939,-757,0,0
90,-449,-502,579,4245,-1144,0,0
380,-1098,-96,-6,2213,-468,0,0
317,-675,316,-667,3560,83,0,0
170,393,140,-100,4887,-396,0,0
292,858,-62,340,4013,-604,0,0
342,544,116,149,3366,-497,0,0
212,167,301,27,3404,-543,0,0
99,226,309,171,3613,-488,0,0
39,162,193,370,3792,-610,0,0
18,-134,96,367,3576,-733,0,0
-38,-186,95,394,3593,-708,0,0
-83,-201,48,480,4188,-760,0,0
-30,-267,-24,475,3965,-799,0,0
-10,-184,44,413,3483,-781,0,0
-26,-94,166,400,3739,-837,0,0
57,-109,206,399,3924,-840,0,0
167,-50,230,241,3683,-742,0,0
165,238,268,174,3561,-636,0,0
70,453,229,322,3471,-728,0,0
21,388,147,385,3319,-719,0,0
-25,300,43,368,3352,-684,0,0
-69,395,-174,362,3405,-676,0,0
-120,640,-466,433,3162,-658,0,0
-170,553,-767,738,2917,-857,0,0
-157,31,-823,643,2684,-931,0,0
-169,-164,-697,258,3104,-849,0,0
-194,73,-696,213,4488,-980,0,0
-104,79,-652,-47,3515,-936,0,0
4,-62,-343,-522,4330,-561,0,0
124,20,-105,-949,4396,-337,0,0
75,238,143,-1143,2753,-274,0,0
-90,205,309,-1230,3363,-412,0,0
-64,-42,168,-1348,3812,-361,0,0
27,-13,-18,-1364,3920,-92,0,0
63,-46,-78,-1493,4286,-74,0,0
52,-194,-62,-1510,4401,-318,0,0
43,-115,-37,-1504,4774,-347,0,0
53,-58,-36,-1356,5028,-397,0,0
68,-157,31,-1494,5120,-448,0,0
49,-64,99,-1439,5461,-535,0,0
68,-51,128,-1368,5486,-614,0,0
112,-111,179,-1453,5157,-569,0,0
126,8,206,-1414,5016,-606,0,0
165,194,178,-1358,5008,-519,0,0
191,262,145,-1221,5065,-521,0,0
157,170,168,-1049,5117,-574,0,0
44,-49,203,-781,4945,-674,0,0
-102,-442,188,-422,4347,-871,0,0
-179,-958,146,-84,3031,-900,0,0
-98,-1341,176,-103,2147,-952,0,0
80,-979,234,-474,1909,-718,0,0
116,105,76,-360,2364,-434,0,0
57,884,-259,199,2839,-400,0,0
11,875,-454,537,2872,-628,0,0
-29,380,-449,590,3145,-779,0,0
-76,-103,-382,496,3395,-663,0,0
-90,-134,-278,334,3384,-339,0,0
-146,156,-212,263,3642,-248,0,0
-204,346,-229,384,3868,-432,0,0
-259,293,-178,386,3940,-543,0,0
-324,121,-14,213,3748,-598,0,0
-362,43,180,55,3296,-547,0,0
-340,-28,296,-231,3474,-612,0,0
-183,-67,187,-354,4142,-742,0,0
31,189,-28,-435,5269,-585,0,0
63,472,-172,-409,3806,-641,0,0
-136,288,-5,-266,2360,-856,0,0
-248,-429,194,-249,4547,-1096,0,0
-4,-1039,65,-399,5004,-896,0,0
202,-771,-48,-499,3440,-680,0,0
233,-208,46,-563,3459,-719,0,0
240,151,72,-311,3955,-737,0,0
306,171,-20,0,3922,-851,0,0
394,-73,-8,-108,3476,-749,0,0
379,-107,111,-292,3470,-654,0,0
300,128,207,-260,4078,-793,0,0
230,288,260,-171,4093,-923,0,0
131,224,299,-187,3682,-991,0,0
27,171,308,-147,3433,-1015,0,0
-25,149,248,-56,3242,-1103,0,0
-19,143,111,100,3433,-1247,0,0
17,26,14,231,3656,-1395,0,0
76,-299,60,171,3519,-1387,0,0
90,-412,155,72,3233,-1282,0,0
47,-206,200,142,3080,-1231,0,0
20,-155,209,262,3263,-1218,0,0
21,-328,193,265,3533,-1195,0,0
-11,-412,170,215,3620,-1180,0,0
-101,-325,169,141,3240,-1170,0,0
-211,-84,119,74,2940,-1198,0,0
-272,291,-22,26,2547,-1165,0,0
-334,639,-153,-62,2643,-1017,0,0
-324,497,-363,223,4123,-1324,0,0
78,-117,-408,-211,4890,-734,0,0
379,53,-107,-750,4760,-74,0,0
361,598,139,-799,3540,-89,0,0
227,912,251,-511,3461,100,0,0
136,521,238,-343,3926,29,0,0
175,144,177,-814,4103,117,0,0
149,580,210,-939,4246,274,0,0
1,989,375,-592,4220,-15,0,0
-123,716,510,-255,4346,-404,0,0
-165,196,489,-134,4365,-580,0,0
-174,-74,334,-79,4365,-709,0,0
-145,-156,118,-19,4567,-689,0,0
-127,-263,-129,7,4883,-785,0,0
-98,-445,-254,36,5112,-998,0,0
-28,-545,-207,-85,5182,-991,0,0
10,-354,-153,-43,5161,-871,0,0
55,-105,-100,38,4719,-719,0,0
51,23,-8,-6,4262,-674,0,0
34,151,64,-40,4171,-577,0,0
61,230,135,-63,4610,-464,0,0
177,190,147,-162,5392,-372,0,0
267,187,139,-206,5614,-284,0,0
217,43,273,-264,5083,-576,0,0
179,-267,430,-257,4767,-722,0,0
191,-387,442,-182,3533,-577,0,0
113,-320,228,71,1502,-692,0,0
-164,33,-77,658,1134,-788,0,0
-492,-31,-440,1190,2290,-1221,0,0
-382,-862,-708,1082,3452,-1533,0,0
-78,-1218,-550,382,3596,-1047,0,0
-96,-567,-144,-370,3624,-837,0,0
-300,657,37,-289,3501,-909,0,0
-449,1167,-99,509,3724,-1178,0,0
-352,328,-227,603,3805,-1262,0,0
-247,-575,-260,125,3449,-1051,0,0
-299,-749,-274,2,3211,-1064,0,0
-334,-615,-229,105,2765,-1032,0,0
-254,-718,-164,41,2292,-883,0,0
-157,-585,-129,-140,2538,-632,0,0
-138,-215,-267,58,4913,-533,0,0
-17,-226,-713,319,6612,-881,0,0
211,-521,-705,450,3474,-953,0,0
211,-494,111,-399,2236,-317,0,0
17,246,588,-596,3824,-265,0,0
107,1195,379,84,4634,-420,0,0
305,1516,104,466,3955,-434,0,0
300,981,146,319,3480,-603,0,0
103,335,279,254,3514,-865,0,0
-82,-16,338,361,3333,-887,0,0
-161,-267,336,427,3403,-727,0,0
-186,-572,151,499,4320,-843,0,0
-72,-745,-167,484,4392,-1014,0,0
48,-552,-252,392,3710,-838,0,0
18,-259,-85,280,3566,-818,0,0
-5,-95,91,312,3710,-866,0,0
60,8,192,307,3749,-827,0,0
157,124,197,211,3686,-734,0,0
211,316,134,183,3646,-626,0,0
189,538,41,188,3531,-534,0,0
79,684,-63,218,3246,-442,0,0
-75,723,-177,458,3316,-530,0,0
-139,529,-275,761,3567,-741,0,0
-59,97,-321,848,3357,-716,0,0
-10,-89,-310,685,3108,-670,0,0
-48,34,-304,532,2822,-817,0,0
-64,263,-285,425,2556,-871,0,0
-22,97,-301,289,2983,-977,0,0
42,-345,-398,-115,2672,-924,0,0
142,-437,-358,-614,4403,-838,0,0
342,-131,-153,-1193,4859,-475,0,0
240,114,241,-1361,3520,-456,0,0
-54,-142,480,-1528,3489,-646,0,0
-110,-371,353,-1601,3912,-548,0,0
103,-126,129,-1732,4836,-139,0,0
292,361,-31,-1761,5495,160,0,0
235,459,-84,-1614,5303,-160,0,0
30,183,-84,-1461,5241,-561,0,0
-132,-160,-154,-1270,5489,-717,0,0
-142,-362,-218,-1295,5528,-566,0,0
-104,-239,-178,-1431,5420,-435,0,0
-123,5,-62,-1417,4996,-656,0,0
-123,144,38,-1229,4949,-820,0,0
-72,103,86,-1125,4837,-750,0,0
-32,-77,147,-1032,4947,-730,0,0
16,-234,268,-1029,5186,-578,0,0
-32,-112,387,-906,4659,-518,0,0
-213,-175,308,-2256,2898,-677,0,0
-332,-760,212,52,1467,-681,0,0
-298,-942,176,12,1905,-471,0,0
-304,-462,-4,183,3180,-514,0,0
-283,-135,-324,413,3459,-851,0,0
-168,-54,-404,455,2976,-839,0,0
-127,7,-204,278,2956,-736,0,0
-113,110,-37,222,3170,-625,0,0
-67,285,-36,207,3442,-540,0,0
-21,395,-180,328,3687,-471,0,0
8,162,-317,366,3966,-557,0,0
23,-39,-260,268,3790,-521,0,0
-5,-53,-46,138,3604,-422,0,0
2,69,134,47,3724,-360,0,0
49,275,185,2,3647,-325,0,0
76,390,127,-50,3539,-457,0,0
114,313,97,-59,3675,-506,0,0
128,221,56,-165,5246,-503,0,0
80,151,-71,59,4432,-810,0,0
-45,-91,220,176,2697,-956,0,0
-74,-616,688,112,3360,-924,0,0
141,-931,728,-51,4374,-704,0,0
285,-418,412,-177,4222,-609,0,0
216,335,131,117,3672,-786,0,0
105,338,76,295,3576,-909,0,0
74,-331,152,292,3817,-943,0,0
161,-788,221,-12,3711,-796,0,0
261,-561,225,-177,3430,-647,0,0
304,-94,190,-96,3903,-732,0,0
341,151,135,-5,4091,-971,0,0
307,338,122,37,3886,-972,0,0
143,373,130,149,3982,-1164,0,0
50,173,151,-51,3515,-1237,0,0
61,484,206,283,3025,-1338,0,0
51,940,183,619,3191,-1516,0,0
117,474,45,733,3268,-1373,0,0
168,-220,-106,628,3169,-1190,0,0
123,-434,-175,500,3054,-1250,0,0
43,-284,-130,550,3008,-1244,0,0
-43,-156,-40,597,2968,-1315,0,0
-124,-68,29,655,2889,-1328,0,0
-191,-137,15,749,3161,-1410,0,0
-178,-293,-39,574,3056,-1498,0,0
-137,-138,83,282,2679,-1149,0,0
-169,108,193,135,3670,-1035,0,0
-21,-16,-1,-108,3983,-714,0,0
129,-99,-145,-372,4416,-148,0,0
225,-181,-206,-718,4442,-120,0,0
261,189,-134,-892,3695,221,0,0
149,663,5,-806,4156,338,0,0
49,510,42,-761,4378,71,0,0
-36,291,30,-838,4271,-68,0,0
-191,410,-15,-502,4395,-271,0,0
-261,287,-117,-243,4505,-542,0,0
-193,-102,-217,-104,4638,-642,0,0
-123,-180,-199,-43,4837,-758,0,0
-99,153,-176,123,5090,-876,0,0
-13,211,-159,205,5199,-1000,0,0
122,56,10,-60,5090,-867,0,0
169,108,168,-236,5051,-820,0,0
181,140,286,-393,4948,-808,0,0
194,80,360,-585,5046,-686,0,0
243,91,348,-688,5186,-445,0,0
276,186,321,-769,5291,-303,0,0
230,380,316,-702,5608,-361,0,0
199,395,271,-404,5454,-572,0,0
273,99,281,-183,4089,-628,0,0
256,186,366,-81,1745,-685,0,0
-71,784,238,632,1119,-1001,0,0
-390,595,-323,1433,2146,-1631,0,0
-292,-471,-1061,1474,2905,-1583,0,0
-46,-1256,-1390,913,3129,-1282,0,0
22,-992,-1137,431,3140,-1241,0,0
-108,-42,-667,419,3083,-1259,0,0
-226,398,-280,534,2934,-1339,0,0
-250,229,-102,629,2918,-1337,0,0
-208,-191,-104,498,3111,-1138,0,0
-187,-425,-156,292,3371,-1143,0,0
-162,-389,-90,101,3361,-1181,0,0
-148,-245,119,-86,3186,-992,0,0
-166,-103,304,-236,3116,-927,0,0
-175,51,319,-306,3817,-1013,0,0
-149,115,74,-105,5805,-1142,0,0
-33,-167,-212,-43,4573,-1339,0,0
61,-230,68,-414,2069,-706,0,0
-28,108,329,-707,3168,-515,0,0
16,624,130,-209,4889,-700,0,0
132,811,-122,136,4292,-712,0,0
49,431,-104,79,3323,-847,0,0
-109,-24,13,84,3363,-842,0,0
-189,-164,30,304,3506,-810,0,0
-172,-228,13,376,3107,-754,0,0
-165,-362,29,416,3671,-740,0,0
-105,-548,-82,472,4537,-972,0,0
24,-499,-168,396,4130,-851,0,0
16,-184,-67,349,4028,-773,0,0
-16,-85,90,384,3701,-845,0,0
-15,-109,266,354,3470,-872,0,0
49,-141,348,294,3565,-842,0,0
163,-59,329,226,3539,-668,0,0
186,365,233,322,3495,-505,0,0
102,872,62,525,3429,-502,0,0
29,959,3,694,3475,-489,0,0
-3,480,50,616,3549,-686,0,0
-23,95,135,390,3304,-791,0,0
-68,-47,204,317,3000,-875,0,0
5,-449,207,455,2659,-1012,0,0
169,-521,230,335,2355,-966,0,0
201,163,134,-172,2797,-1082,0,0
143,1012,-134,158,3189,-1064,0,0
253,656,-310,482,4921,-1052,0,0
432,-297,-260,-202,4758,-681,0,0
222,-589,90,-919,3723,-615,0,0
-67,-350,324,-908,4443,-769,0,0
5,-102,272,-920,4650,-403,0,0
115,198,124,-957,4634,-169,0,0
125,69,-49,-871,5062,-448,0,0
30,-255,-154,-924,5027,-644,0,0
-126,-426,-165,-969,5124,-731,0,0
-204,-354,-166,-968,5242,-721,0,0
-192,-187,-210,-927,5083,-605,0,0
-168,-157,-244,-895,5115,-761,0,0
-106,-120,-210,-1159,4915,-792,0,0
-77,236,-160,-1355,4734,-647,0,0
-44,564,-159,-1248,4934,-639,0,0
30,571,-167,-1022,5039,-717,0,0
55,464,-100,-763,4911,-728,0,0
-36,285,-40,-259,4967,-774,0,0
-199,-133,-108,331,4550,-936,0,0
-285,-746,-131,497,2761,-1116,0,0
-180,-1081,200,283,1341,-918,0,0
-70,-584,514,168,1744,-489,0,0
-113,60,409,379,2816,-477,0,0
-91,52,-2,532,3584,-934,0,0
25,-86,-355,429,3232,-835,0,0
-87,37,-359,336,3073,-754,0,0
-206,-124,-256,379,3448,-832,0,0
-153,-392,-197,389,3651,-747,0,0
-89,-347,-208,285,3602,-652,0,0
-86,-156,-290,304,3830,-674,0,0
-78,-88,-351,340,3943,-772,0,0
-11,-104,-233,229,3562,-649,0,0
50,-10,55,-57,3419,-444,0,0
67,273,238,-133,3506,-506,0,0
98,562,268,-108,3598,-563,0,0
96,705,162,11,4521,-516,0,0
-10,581,11,117,3646,-551,0,0
-238,118,55,141,3381,-935,0,0
-231,-686,142,127,4121,-1115,0,0
22,-1111,193,-372,4098,-684,0,0
95,-556,153,-460,3795,-686,0,0
49,68,92,-105,3817,-872,0,0
42,-84,66,79,4008,-1154,0,0
152,-469,95,-94,3693,-1149,0,0
269,-336,163,-306,3412,-879,0,0
313,30,218,-263,3901,-847,0,0
335,191,229,-184,4040,-980,0,0
313,278,213,-192,3453,-992,0,0
223,418,137,-21,3692,-944,0,0
159,361,-20,182,3899,-962,0,0
119,196,-113,185,3254,-1010,0,0
51,191,-85,203,3219,-974,0,0
1,209,-84,308,3568,-1042,0,0
-19,121,-85,344,3478,-1183,0,0
-75,61,-25,353,3362,-1260,0,0
-129,-19,64,377,3315,-1343,0,0
-127,-200,162,392,3235,-1493,0,0
-96,-337,218,335,3137,-1536,0,0
-108,-242,190,373,3045,-1503,0,0
-145,-108,97,395,3142,-1438,0,0
-210,113,3,318,3222,-1283,0,0
-304,388,-81,238,3112,-1294,0,0
-393,334,-284,362,3921,-1600,0,0
-100,-526,-502,138,4150,-1335,0,0
318,-561,-314,-922,3758,17,0,0
388,231,-155,-1115,4264,77,0,0
451,735,-156,-695,3871,-100,0,0
470,712,-73,-891,3515,187,0,0
293,454,-66,-1002,3850,36,0,0
177,300,-132,-1093,4176,-93,0,0
138,448,-158,-1174,4108,42,0,0
46,431,-166,-1009,4375,-306,0,0
-34,219,-158,-950,4563,-643,0,0
-83,39,-113,-925,4611,-770,0,0
-96,-128,-41,-776,4708,-837,0,0
-64,-344,19,-707,4923,-870,0,0
-35,-293,38,-769,4850,-870,0,0
-64,-96,40,-520,4726,-1001,0,0
-55,-234,112,-347,4783,-954,0,0
-57,-395,228,-394,4546,-871,0,0
-62,-454,342,-455,4667,-941,0,0
53,-311,454,-803,5070,-651,0,0
177,133,549,-1078,5213,-311,0,0
170,510,671,-1168,5138,-304,0,0
96,586,745,-1129,5362,-451,0,0
121,413,734,-1016,5088,-502,0,0
249,430,830,-943,3914,-549,0,0
173,954,987,-311,1875,-583,0,0
-325,1088,800,728,1299,-1286,0,0
-552,11,-176,1786,1771,-2083,0,0
-343,-1131,-1236,1874,2083,-1696,0,0
-152,-1615,-1481,1062,2978,-1087,0,0
-110,-1248,-1275,634,3665,-1305,0,0
-143,-38,-1023,570,3737,-1331,0,0
-209,821,-764,759,3744,-1327,0,0
-221,645,-499,757,3521,-1242,0,0
-254,73,-276,519,3306,-1109,0,0
-305,-270,-197,404,3428,-1044,0,0
-287,-2528,-118,261,3050,-993,0,0
-208,-438,135,-159,2748,-915,0,0
-147,-122,347,-303,3294,-731,0,0
-78,-5,322,-257,4721,-834,0,0
58,-124,197,-244,4646,-956,0,0
43,-139,229,-311,3748,-809,0,0
-45,-148,309,-302,3930,-847,0,0
52,-255,307,-149,3581,-633,0,0
188,-189,273,-195,3628,-402,0,0
210,104,160,1,4012,-542,0,0
163,299,59,209,3982,-699,0,0
90,226,82,219,3736,-781,0,0
44,39,154,166,3498,-798,0,0
24,17,218,166,3472,-722,0,0
-3,-6,198,255,3666,-795,0,0
-9,-130,124,325,3634,-866,0,0
-42,-186,78,386,3691,-780,0,0
-106,-257,-39,545,4101,-794,0,0
-100,-442,-235,621,3868,-840,0,0
-89,-482,-279,574,3537,-822,0,0
-76,-403,-168,507,3717,-909,0,0
24,-298,-35,438,3713,-838,0,0
103,-69,92,351,3542,-688,0,0
91,230,126,405,3487,-720,0,0
49,429,111,477,3262,-763,0,0
18,410,108,470,3133,-722,0,0
24,262,49,457,2931,-734,0,0
36,164,-15,344,2624,-768,0,0
13,205,-55,288,2417,-2904,0,0
30,278,-112,294,3295,-1000,0,0
159,285,-216,81,3533,-927,0,0
194,414,-139,-197,3689,-782,0,0
225,411,-20,-247,5188,-896,0,0
268,152,187,-457,3738,-616,0,0
102,-56,482,-965,3010,-516,0,0
-2,-23,456,-867,4230,-549,0,0
147,-39,224,-859,4682,-395,0,0
248,38,96,-1029,4940,-473,0,0
228,55,-63,-884,5184,-482,0,0
49,-197,-227,-638,5244,-794,0,0
-85,-751,-253,-688,5545,-1146,0,0
-59,-941,-216,-916,5410,-948,0,0
-26,-405,-183,-1100,5444,-787,0,0
-3,230,-120,-1259,5692,-866,0,0
-23,588,-45,-1092,4965,-993,0,0
-108,520,-1,-853,4331,-1066,0,0
-124,135,-57,-628,4470,-814,0,0
-64,-387,-171,-395,5092,-731,0,0
51,-901,-128,-336,5364,-811,0,0
86,-1012,110,-381,4557,-814,0,0
-11,-733,338,-302,2762,-960,0,0
-204,40,578,-229,1134,-662,0,0
-459,762,538,279,1479,-596,0,0
-474,533,115,866,2774,-829,0,0
-270,-204,-296,683,3102,-945,0,0
-234,-291,-447,474,2940,-877,0,0
-341,82,-357,526,3372,-842,0,0
-291,42,-228,481,3730,-869,0,0
-144,-55,-139,269,3509,-771,0,0
-96,152,-144,229,3505,-710,0,0
-87,273,-197,332,3582,-691,0,0
-73,71,-194,341,3484,-630,0,0
-65,-180,-105,175,3160,-611,0,0
-43,-154,77,77,2572,-488,0,0
-50,68,297,51,3215,-338,0,0
-28,123,232,138,5490,-587,0,0
92,113,-320,316,6901,-626,0,0
36,104,-439,498,2919,-561,0,0
-310,-194,335,-48,2008,-604,0,0
-379,-704,767,182,4009,-637,0,0
16,-871,516,206,4850,-398,0,0
196,-59,124,25,3715,-436,0,0
128,557,-47,337,3042,-607,0,0
15,138,-43,630,3768,-887,0,0
104,-783,-11,546,4387,-963,0,0
279,-1145,56,125,4146,-685,0,0
293,-648,126,-156,3731,-619,0,0
245,37,168,-21,3618,-755,0,0
304,182,190,67,3758,-837,0,0
425,97,200,-128,3941,-776,0,0
458,300,199,-277,3671,-836,0,0
359,677,206,-35,3693,-849,0,0
188,621,139,71,4170,-1118,0,0
29,586,-38,172,3868,-1338,0,0
-66,681,-134,397,3237,-1351,0,0
-36,480,-100,561,3103,-1236,0,0
77,32,-89,513,3151,-1185,0,0
140,-96,-89,449,3165,-1190,0,0
121,-107,-24,517,3220,-1223,0,0
87,-310,61,452,3362,-1296,0,0
22,-289,88,357,3243,-1345,0,0
-82,-93,88,424,3000,-1416,0,0
-168,-85,30,627,3040,-1474,0,0
-170,-406,-78,768,2999,-1547,0,0
-148,-714,-74,667,2529,-1541,0,0
-172,-623,95,439,2981,-1562,0,0
16,-316,181,45,3767,-1270,0,0
243,516,167,-379,4373,-342,0,0
342,1171,37,-246,4819,-135,0,0
554,672,48,-294,3919,-186,0,0
566,449,188,-917,3867,-91,0,0
317,981,128,-856,4425,-4,0,0
79,1225,7,-562,4307,7,0,0
-52,665,43,-549,4123,-133,0,0
-141,157,38,-419,4202,-344,0,0
-223,146,-136,-195,4307,-557,0,0
-240,208,-343,72,4647,-666,0,0
-219,156,-433,158,5070,-670,0,0
-216,76,-457,188,5467,-822,0,0
-156,-15,-380,186,5473,-926,0,0
-109,-7,-161,-1,5202,-945,0,0
-81,10,44,-53,4996,-966,0,0
0,-27,169,-170,4763,-903,0,0
123,-53,228,-286,4973,-716,0,0
234,23,264,-540,5267,-492,0,0
254,187,332,-643,5304,-424,0,0
200,296,448,-858,5306,-536,0,0
214,793,505,-1303,4659,-694,0,0
214,1758,401,-680,2454,-559,0,0
90,1527,148,351,1361,-838,0,0
36,272,-256,1085,2283,-833,0,0
-58,-1052,-988,1776,3120,-1286,0,0
-66,-2101,-1516,1763,2888,-1378,0,0
-79,-2463,-1339,943,2917,-1044,0,0
-202,-1738,-914,538,3253,-1155,0,0
-286,-436,-677,514,3413,-1447,0,0
-243,439,-422,470,3263,-1311,0,0
-231,440,-108,544,3360,-1342,0,0
-200,-79,151,347,3512,-1353,0,0
-179,-450,318,148,3446,-1311,0,0
-139,-617,422,45,2961,-1215,0,0
-48,-639,573,-154,2272,-965,0,0
11,-499,734,-534,2487,-612,0,0
-55,-118,556,-564,5848,-669,0,0
8,-201,11,157,7214,-1502,0,0
256,-639,141,-168,2751,-1235,0,0
171,-377,746,-1204,1690,-286,0,0
-201,454,674,-529,3621,-324,0,0
-240,877,151,609,4784,-883,0,0
46,159,-218,585,4022,-860,0,0
125,-750,-168,29,3210,-819,0,0
-26,-770,-36,-259,3467,-858,0,0
-177,-17,-36,93,3983,-944,0,0
-134,257,-31,313,3921,-980,0,0
-34,144,47,233,3652,-886,0,0
-26,172,109,259,3541,-923,0,0
-42,244,154,397,3370,-980,0,0
-43,206,207,430,3317,-783,0,0
-104,251,122,561,4221,-768,0,0
-47,224,-208,877,4797,-1015,0,0
153,75,-340,844,3939,-655,0,0
93,75,-12,565,3313,-474,0,0
-120,-29,330,484,3543,-665,0,0
-228,-197,422,693,3757,-838,0,0
-162,-403,335,680,3649,-847,0,0
-16,-515,194,507,3568,-715,0,0
123,-409,89,353,3523,-670,0,0
186,-36,42,311,3525,-693,0,0
153,323,23,440,3582,-793,0,0
106,385,16,542,3511,-841,0,0
61,268,-4,612,3472,-882,0,0
75,117,-107,627,3134,-887,0,0
110,139,-186,522,2533,-834,0,0
108,354,-147,432,2097,-797,0,0
82,595,-70,272,2764,-594,0,0
14,792,-313,112,3261,-576,0,0
15,557,-712,201,3778,-848,0,0
249,-51,-866,6,5471,-670,0,0
340,-674,-665,-543,4158,-511,0,0
86,-947,-152,-1141,3520,-683,0,0
-132,-718,212,-1017,4062,-697,0,0
-33,-533,202,-1118,3817,-409,0,0
104,64,31,-1064,4071,-215,0,0
189,396,-109,-972,4874,-241,0,0
148,225,-135,-1140,5051,-555,0,0
-12,-148,-137,-1201,5054,-902,0,0
-142,-482,-153,-1235,5105,-990,0,0
-130,-793,-217,-1286,5181,-1075,0,0
18,-713,-249,-1518,4966,-802,0,0
31,106,-268,-1417,4562,-486,0,0
3,625,-324,-1008,4737,-516,0,0
81,552,-274,-867,4858,-507,0,0
157,354,-48,-1112,4651,-404,0,0
100,500,235,-1189,4602,-436,0,0
9,656,442,-965,4507,-530,0,0
-49,333,517,-603,4609,-736,0,0
-69,-416,512,-320,4587,-962,0,0
-32,-1235,533,-203,3886,-1075,0,0
62,-1388,663,-593,2218,-868,0,0
3,-361,742,-849,1541,-396,0,0
-159,676,429,-301,2461,-452,0,0
-163,833,-30,241,3346,-477,0,0
-193,416,-317,332,2931,-554,0,0
-363,-106,-381,240,2842,-737,0,0
-545,-492,-419,308,3562,-906,0,0
-528,-765,-508,441,3795,-882,0,0
-388,-784,-539,155,3739,-617,0,0
-355,-314,-572,-11,3905,-584,0,0
-356,234,-632,220,4033,-795,0,0
-289,382,-570,298,3465,-795,0,0
-242,259,-358,201,3344,-651,0,0
-177,39,-183,58,3734,-762,0,0
24,13,-113,-231,5002,-700,0,0
201,406,-248,-298,5682,-595,0,0
96,940,-126,-234,1437,-488,0,0
-297,915,357,-282,1805,-819,0,0
-248,-74,414,40,5306,-950,0,0
172,-813,62,-144,5602,-555,0,0
282,-595,61,-504,3337,-658,0,0
204,-260,369,-975,3037,-680,0,0
131,196,453,-738,4038,-705,0,0
204,577,261,-178,4299,-757,0,0
317,401,103,-89,3715,-677,0,0
366,-135,98,-293,3251,-721,0,0
344,-212,173,-376,3486,-680,0,0
313,-27,191,-333,4285,-781,0,0
324,138,163,-362,4251,-903,0,0
218,340,147,-222,3840,-1075,0,0
65,314,142,-27,3386,-1233,0,0
13,194,137,61,3198,-1207,0,0
25,218,88,149,3170,-1233,0,0
62,163,82,190,3131,-1228,0,0
66,118,151,152,2884,-1158,0,0
8,116,210,248,3192,-1103,0,0
-45,-67,157,394,3542,-1225,0,0
-62,-331,123,302,3111,-1260,0,0
-175,-255,145,222,3154,-1188,0,0
-291,-211,12,353,3660,-1374,0,0
-266,-329,-139,252,3527,-1401,0,0
-251,-174,-100,-118,2952,-1194,0,0
-305,248,-4,-98,3854,-1269,0,0
-49,322,2,-143,4700,-979,0,0
286,760,185,-579,4578,-145,0,0
315,1555,384,-693,4099,-4,0,0
236,1968,504,-413,3382,-87,0,0
244,1455,571,-326,3553,73,0,0
257,527,431,-397,3970,154,0,0
197,-15,275,-576,3734,142,0,0
4,-94,265,-602,3815,48,0,0
-173,-149,208,-265,4006,-167,0,0
-236,-367,55,-22,4338,-333,0,0
-195,-576,-129,111,4474,-504,0,0
-130,-385,-186,187,4591,-581,0,0
-157,201,-109,211,4580,-549,0,0
-202,478,-54,443,4951,-577,0,0
-178,418,-94,710,5305,-814,0,0
-33,151,-73,551,5217,-751,0,0
14,17,53,341,5060,-655,0,0
-29,-79,132,356,5217,-797,0,0
31,-273,126,290,4977,-721,0,0
101,-459,137,49,4835,-579,0,0
156,-529,168,-264,4948,-525,0,0
251,-419,181,-428,4998,-412,0,0
307,-177,251,-408,4884,-284,0,0
224,-172,261,-188,4562,-516,0,0
144,-458,163,175,3678,-706,0,0
115,-926,88,353,2431,-781,0,0
100,-1081,119,280,1947,-614,0,0
-104,-642,18,394,2229,-663,0,0
-324,-327,-294,846,2510,-1235,0,0
-273,-372,-537,897,2716,-1240,0,0
-198,-404,-617,663,3043,-971,0,0
-237,-319,-583,443,3378,-1094,0,0
-303,-52,-499,446,3610,-1239,0,0
-358,122,-406,499,3588,-1278,0,0
-400,-14,-280,434,3450,-1287,0,0
-405,-287,-169,365,3232,-1271,0,0
-341,-511,-56,228,2824,-1155,0,0
-224,-543,93,31,2702,-976,0,0
-99,-261,290,-378,3281,-760,0,0
-80,448,241,-877,5448,-442,0,0
-177,971,-399,269,5917,-1039,0,0
-16,112,-519,504,2781,-1295,0,0
165,-547,60,-609,2839,-534,0,0
244,-367,198,-557,4316,-272,0,0
313,605,-34,-96,4214,-234,0,0
248,1180,-129,240,3840,-575,0,0
154,797,-60,381,3549,-863,0,0
88,233,65,337,3439,-805,0,0
48,31,131,383,3687,-709,0,0
58,-19,160,370,3708,-726,0,0
20,67,217,333,3643,-772,0,0
-84,134,235,501,3576,-846,0,0
-178,-13,128,740,3964,-909,0,0
-120,-516,-117,891,4140,-1055,0,0
77,-920,-205,565,3521,-891,0,0
148,-697,-14,100,3209,-692,0,0
76,-32,151,-223,3461,-588,0,0
27,651,86,-98,3857,-672,0,0
36,978,-134,311,3680,-762,0,0
43,748,-276,416,3347,-673,0,0
14,214,-338,400,3435,-617,0,0
-56,-181,-360,510,3405,-732,0,0
-126,-391,-350,494,3304,-861,0,0
-153,-426,-364,355,3115,-952,0,0
-147,-31,-387,68,2676,-832,0,0
-165,732,-439,-156,3135,-508,0,0
-255,1268,-530,-162,2912,-379,0,0
-293,918,-519,148,3679,-655,0,0
-36,-199,-297,-365,4929,-527,0,0
14,-700,79,-998,3240,-319,0,0
-224,-341,472,-1544,3036,-363,0,0
-340,154,525,-1301,3829,-386,0,0
-74,-553,403,-1280,4472,-227,0,0
214,-708,422,-1931,4911,46,0,0
217,3,318,-2224,4869,98,0,0
73,304,161,-1727,5088,-285,0,0
42,-119,73,-1590,5314,-355,0,0
74,-464,-81,-1461,5263,-101,0,0
114,-462,-177,-1263,5723,-17,0,0
162,-482,-139,-1121,5942,-286,0,0
233,-676,17,-1208,5490,-463,0,0
240,-444,138,-1327,5106,-371,0,0
203,22,113,-1136,5007,-494,0,0
244,236,89,-1146,4802,-493,0,0
236,380,145,-1038,4501,-487,0,0
154,332,198,-637,4557,-617,0,0
55,-99,233,-355,4116,-677,0,0
-131,-597,248,-127,2895,-749,0,0
-269,-1147,276,149,1607,-820,0,0
-175,-1492,282,28,1718,-637,0,0
-95,-947,117,-218,2625,-350,0,0
-120,-1,-261,-68,3280,-524,0,0
-102,707,-480,166,3145,-661,0,0
-120,1006,-425,199,3410,-710,0,0
-153,845,-367,324,3883,-772,0,0
-143,502,-317,253,3706,-654,0,0
-179,390,-298,168,3735,-507,0,0
-242,390,-405,290,3968,-599,0,0
-233,168,-485,351,3777,-642,0,0
-222,-98,-376,265,3553,-561,0,0
-226,-278,-144,272,3340,-607,0,0
-154,-366,118,142,3379,-643,0,0
-6,-159,297,-118,3757,-650,0,0
165,368,311,-536,4799,-552,0,0
218,997,139,-469,3959,-507,0,0
50,1015,177,-436,2401,-667,0,0
-99,233,349,-529,3981,-1009,0,0
80,-472,266,-580,5058,-738,0,0
195,-412,62,-504,3678,-581,0,0
117,-115,42,-359,3346,-715,0,0
46,-150,72,-220,3867,-774,0,0
63,-337,31,-35,3958,-905,0,0
176,-396,31,-117,3930,-779,0,0
257,-209,64,-259,3742,-705,0,0
264,135,93,-196,3350,-766,0,0
236,318,148,-51,3528,-820,0,0
217,196,136,17,4254,-1054,0,0
233,49,127,-28,4139,-1167,0,0
145,142,205,-27,3594,-1259,0,0
38,240,223,146,3269,-1348,0,0
56,101,145,294,3262,-1254,0,0
128,-187,58,348,3369,-1298,0,0
197,-363,92,238,3458,-1201,0,0
168,-308,191,182,3382,-1293,0,0
86,-149,279,269,3230,-1423,0,0
2,-107,304,529,3036,-1577,0,0
17,-398,252,616,2881,-1737,0,0
102,-594,202,576,2904,-1659,0,0
131,-538,176,351,2812,-1539,0,0
77,-117,263,-24,2467,-1248,0,0
-84,566,345,-314,3341,-861,0,0
-149,1073,148,-307,4648,-760,0,0
44,1271,-74,-244,4587,-291,0,0
159,1172,-120,-287,5040,-246,0,0
206,633,-73,-299,4048,-331,0,0
92,427,197,-521,3387,186,0,0
-171,476,388,-384,4159,-2,0,0
-154,279,342,-253,4208,-193,0,0
-69,99,211,-488,3779,-103,0,0
-121,161,31,-612,3795,-257,0,0
-178,144,-283,-354,4328,-609,0,0
-108,-175,-526,-112,4777,-829,0,0
-16,-431,-475,-304,4854,-777,0,0
-96,-216,-402,-218,5292,-996,0,0
-93,-115,-383,57,5136,-1260,0,0
27,-289,-222,-151,4761,-1126,0,0
138,-374,-48,-311,4937,-941,0,0
272,-237,32,-340,4917,-902,0,0
412,-33,119,-463,4630,-673,0,0
380,202,207,-477,4507,-520,0,0
274,216,249,-479,4549,-649,0,0
272,19,309,-631,4916,-412,0,0
308,-168,420,-910,5580,-187,0,0
352,164,552,-1336,5953,-376,0,0
211,1486,575,-1104,4214,-657,0,0
-163,2121,397,6,1558,-835,0,0
-339,1278,76,1025,903,-571,0,0
-419,340,-389,1699,2529,-971,0,0
-281,-611,-787,1755,3318,-1378,0,0
-169,-1160,-768,1261,3360,-1385,0,0
-231,-1089,-544,789,3409,-1396,0,0
-305,-605,-419,727,3081,-1411,0,0
-335,-144,-386,880,2993,-1377,0,0
-292,-284,-395,1001,3115,-1376,0,0
-179,-874,-338,784,3132,-1284,0,0
-102,-1189,-193,386,3006,-1157,0,0
-99,-928,-43,133,2660,-1026,0,0
-128,-446,125,80,2374,-852,0,0
-148,-239,311,-24,2771,-775,0,0
-112,-248,273,-206,5022,-750,0,0
46,-437,-239,235,8352,-1191,0,0
270,-705,-450,182,3383,-1351,0,0
172,-141,343,-787,699,-492,0,0
-170,678,651,-950,3082,-209,0,0
-149,1192,86,410,5804,-611,0,0
138,1044,-422,769,4655,-587,0,0
140,297,-278,138,2915,-810,0,0
-52,-483,-5,-310,3105,-988,0,0
-207,-316,46,69,4114,-892,0,0
-166,-59,-28,369,4280,-941,0,0
-14,-222,15,230,3652,-887,0,0
46,-256,154,43,3471,-766,0,0
-14,0,203,181,3706,-916,0,0
-49,175,247,342,3314,-945,0,0
-95,56,301,375,3425,-772,0,0
-107,-244,73,535,4441,-873,0,0
67,-495,-356,544,4221,-855,0,0
157,-295,-456,383,3371,-614,0,0
31,-40,-246,342,3290,-675,0,0
-45,-123,-35,504,3552,-802,0,0
31,-267,59,520,3649,-748,0,0
139,-219,42,372,3606,-672,0,0
199,44,-17,306,3424,-624,0,0
163,397,-67,352,3307,-497,0,0
-1,623,-101,422,3349,-535,0,0
-187,512,-140,588,3236,-725,0,0
-252,14,-193,504,2892,-936,0,0
-203,-221,-214,170,2785,-925,0,0
-160,-96,-366,100,3634,-931,0,0
-47,-188,-520,44,3100,-939,0,0
187,-472,-364,-610,4164,-566,0,0
292,-335,-37,-1518,3879,-180,0,0
21,158,246,-1649,3056,-562,0,0
-142,206,321,-1404,3734,-804,0,0
39,-53,120,-1472,3902,-191,0,0
181,59,45,-1878,4150,283,0,0
195,310,58,-2159,4780,219,0,0
121,526,69,-2031,5150,-45,0,0
12,625,22,-1777,5771,-238,0,0
-115,352,-108,-1395,5765,-479,0,0
-179,-337,-185,-1250,5861,-744,0,0
-89,-874,-196,-1216,5487,-811,0,0
-2,-896,-124,-1456,5049,-790,0,0
46,-325,-38,-1604,4773,-790,0,0
101,382,9,-1350,4544,-749,0,0
168,668,31,-929,4645,-856,0,0
237,364,49,-664,4248,-974,0,0
211,-144,109,-443,4060,-894,0,0
54,-438,167,-351,3751,-389,0,0
-301,-649,256,-176,3162,-482,0,0
-438,-1165,420,-258,2987,-843,0,0
-247,-1017,637,-558,2718,-344,0,0
-149,83,730,-683,2949,-27,0,0
-209,1303,565,-230,3457,-69,0,0
-244,1727,138,334,3807,-205,0,0
-206,1191,-403,770,3849,-468,0,0
-183,206,-689,671,3573,-675,0,0
-203,-610,-662,329,3618,-640,0,0
-198,-845,-576,168,3844,-466,0,0
-190,-489,-538,166,3579,-360,0,0
-183,-97,-469,239,3185,-472,0,0
-138,40,-291,293,2622,-534,0,0
-113,39,8,219,2108,-485,0,0
-113,166,316,58,2760,-466,0,0
-26,351,294,89,5353,-689,0,0
243,401,-199,249,6503,-725,0,0
272,676,-326,24,3283,-362,0,0
-121,783,194,-406,2622,-773,0,0
-136,-69,601,-226,4383,-1147,0,0
326,-407,677,-542,4319,-174,0,0
349,512,561,-530,3836,-147,0,0
213,944,254,61,3948,-685,0,0
179,403,65,403,3556,-766,0,0
164,-504,74,213,3505,-807,0,0
223,-900,66,-1,3997,-639,0,0
280,-556,14,-149,3945,-391,0,0
224,-85,-1,-64,3298,-526,0,0
145,-25,50,120,3458,-760,0,0
147,-308,81,89,3911,-916,0,0
200,-365,128,-246,3612,-931,0,0
116,146,132,-103,3852,-943,0,0
-39,190,18,354,4100,-1437,0,0
-24,-447,-49,432,3782,-1634,0,0
104,-942,16,287,3324,-1481,0,0
185,-750,107,106,3209,-1208,0,0
187,-229,116,151,3347,-1094,0,0
170,115,110,310,3306,-1202,0,0
138,250,169,366,3058,-1291,0,0
64,208,239,403,2881,-1290,0,0
-17,35,277,324,2739,-1303,0,0
-130,12,227,359,2813,-1349,0,0
-212,20,182,224,2636,-1339,0,0
-279,249,207,-119,3131,-926,0,0
-300,532,22,-97,4451,-918,0,0
-22,304,-160,-502,4629,-619,0,0
175,557,-178,-662,4532,-270,0,0
121,1081,-66,-725,3575,-52,0,0
-12,1395,31,-640,3805,-94,0,0
2,1098,14,-540,4203,-64,0,0
112,626,33,-665,3801,101,0,0
-41,615,115,-489,3879,29,0,0
-273,659,97,-209,3903,-178,0,0
-318,413,-7,-67,4165,-233,0,0
-200,-62,-190,83,4804,-424,0,0
-17,-429,-381,178,4717,-513,0,0
-15,-304,-347,109,4613,-289,0,0
-165,33,-153,-22,4872,-476,0,0
-226,220,-9,86,5462,-588,0,0
-215,208,73,170,5633,-662,0,0
-171,-38,174,-3,5363,-761,0,0
-109,-280,285,-257,4949,-808,0,0
-1,-356,406,-525,4746,-777,0,0
136,-219,447,-583,4750,-694,0,0
352,-79,397,-750,4738,-434,0,0
447,338,278,-845,5042,-191,0,0
352,1080,205,-815,5552,-158,0,0
275,1157,212,-405,5817,-423,0,0
368,123,246,11,4750,-760,0,0
543,-759,356,-15,2151,-183,0,0
359,-471,346,64,741,413,0,0
-21,93,-26,596,1670,-217,0,0
-129,143,-473,1232,2601,-853,0,0
-110,-268,-716,1281,2904,-885,0,0
-169,-816,-622,989,3128,-1005,0,0
-260,-897,-440,733,3385,-1164,0,0
-299,-513,-377,762,3421,-1282,0,0
-252,-309,-333,841,3245,-1280,0,0
-198,-418,-294,789,3327,-1228,0,0
-181,-537,-262,585,3299,-1251,0,0
-196,-495,-194,493,3117,-1197,0,0
-194,-595,-57,386,2785,-1129,0,0
-116,-803,162,66,2528,-978,0,0
-22,-631,290,-324,3531,-749,0,0
139,-290,48,-347,5776,-692,0,0
297,-157,-387,8,6912,-903,0,0
267,-402,-386,239,3619,-1487,0,0
130,-332,293,-398,1799,-867,0,0
21,258,666,-790,2813,-195,0,0
-49,1036,294,-8,4261,-188,0,0
18,1012,-312,716,4581,-656,0,0
107,212,-553,693,3649,-965,0,0
-1,-489,-352,251,3040,-950,0,0
-169,-677,-110,95,3682,-987,0,0
-125,-431,10,138,4161,-940,0,0
-42,-50,112,17,3812,-873,0,0
-49,316,233,20,3346,-1076,0,0
-71,465,345,153,3448,-1044,0,0
-113,393,310,313,3983,-1042,0,0
-143,254,193,441,3633,-1118,0,0
-154,110,121,640,3859,-996,0,0
-13,-328,-85,886,4374,-929,0,0
228,-725,-194,575,3777,-767,0,0
247,-521,-61,335,3334,-708,0,0
115,-103,83,346,3584,-762,0,0
74,18,130,468,3685,-798,0,0
128,-33,108,428,3436,-638,0,0
121,85,7,423,3089,-591,0,0
51,289,-101,670,2914,-666,0,0
-1,136,-167,859,2974,-688,0,0
-12,-346,-207,762,2924,-817,0,0
-32,-680,-204,739,2505,-1058,0,0
-5,-901,-26,358,2237,-1136,0,0
86,-776,134,-334,3188,-824,0,0
135,-81,47,-938,3029,-515,0,0
174,743,-86,-949,4682,-549,0,0
203,1052,-102,-953,4268,-463,0,0
11,418,-22,-1142,3200,-632,0,0
-213,-315,-78,-1024,4077,-705,0,0
-195,-826,-250,-1107,4910,-404,0,0
-23,-478,-310,-1603,5206,257,0,0
-23,262,-253,-1503,5367,145,0,0
-122,357,-83,-1509,5255,-362,0,0
-237,356,61,-1470,5486,-468,0,0
-342,439,32,-1264,5480,-536,0,0
-356,199,-69,-1260,5244,-669,0,0
-279,-38,-122,-1233,5387,-708,0,0
-179,19,-125,-1285,5170,-675,0,0
-100,258,-89,-1313,5008,-651,0,0
2,439,-39,-1264,5109,-598,0,0
90,454,2,-1098,4959,-539,0,0
108,219,84,-1112,4896,-565,0,0
86,15,156,-982,5073,-578,0,0
56,-250,233,-810,4519,-596,0,0
-6,-637,263,-307,2733,-644,0,0
-15,-1014,264,-218,1169,-594,0,0
17,-649,211,-178,1570,-283,0,0
-47,75,-95,214,3037,-329,0,0
-89,321,-497,554,3255,-627,0,0
-130,200,-620,587,3033,-878,0,0
-190,-104,-444,509,3145,-971,0,0
-166,-416,-161,496,3471,-847,0,0
-21,-513,10,182,3757,-522,0,0
50,-141,-24,118,3935,-503,0,0
36,211,-72,244,3721,-636,0,0
-11,156,39,272,3398,-732,0,0
-15,-131,241,179,3268,-684,0,0
38,-193,387,85,3397,-489,0,0
105,-28,428,-92,3440,-435,0,0
165,278,416,-186,3850,-524,0,0
171,551,300,-206,5590,-468,0,0
30,518,44,88,4136,-832,0,0
-151,49,162,173,2400,-1042,0,0
-184,-670,465,-16,3602,-942,0,0
9,-1124,434,-244,4501,-653,0,0
127,-751,157,-91,3922,-810,0,0
143,-275,18,121,3367,-1017,0,0
110,-195,47,183,3424,-1056,0,0
131,-296,97,179,3839,-1068,0,0
237,-215,115,96,3921,-889,0,0
310,-6,132,-38,3629,-872,0,0
312,322,194,-85,3495,-913,0,0
269,537,211,-20,3775,-918,0,0
235,469,119,-7,4034,-1035,0,0
187,415,29,83,3934,-1165,0,0
119,320,3,182,3657,-1360,0,0
124,339,29,175,3247,-1427,0,0
148,725,60,322,3142,-1352,0,0
142,755,69,587,3282,-1305,0,0
148,367,4,552,3232,-1282,0,0
120,-157,-105,534,3147,-1271,0,0
4,-220,-174,485,3098,-1277,0,0
-113,-32,-140,586,3126,-1262,0,0
-215,7,-135,762,3093,-1348,0,0
-287,-180,-158,859,2981,-1551,0,0
-300,-309,-139,717,2748,-1617,0,0
-281,-169,-35,371,2476,-1367,0,0
-293,180,53,-19,3600,-882,0,0
-198,430,-65,-231,4636,-703,0,0
-64,714,20,-268,3483,-207,0,0
-16,166,329,-404,3994,-284,0,0
179,-319,392,-713,4240,-123,0,0
299,548,242,-944,4084,556,0,0
117,1568,88,-574,4263,477,0,0
-32,1048,65,-205,4325,132,0,0
-151,132,73,-313,4449,-16,0,0
-344,-190,-34,-349,4186,-231,0,0
-482,82,-203,-125,4436,-331,0,0
-520,417,-380,67,4663,-417,0,0
-511,285,-549,404,4897,-581,0,0
-406,-531,-568,485,5310,-863,0,0
-212,-1311,-320,-12,5239,-1016,0,0
-35,-1105,-57,-387,5394,-757,0,0
185,-391,63,-499,5496,-529,0,0
450,83,146,-531,5234,-477,0,0
609,319,293,-770,4560,-232,0,0
576,566,410,-882,4574,-67,0,0
575,615,442,-1101,5273,132,0,0
587,626,348,-1128,5400,336,0,0
404,517,332,-952,5099,279,0,0
94,154,358,-438,5153,-248,0,0
-46,-241,344,300,3958,-635,0,0
-140,-550,265,696,1503,-446,0,0
-524,-714,147,1052,344,-592,0,0
-687,-590,-395,1613,1816,-1728,0,0
-153,-571,-884,1620,3171,-1484,0,0
197,-785,-719,717,3550,-921,0,0
195,-876,-273,-310,3716,-1155,0,0
110,-28,-20,-264,3670,-1289,0,0
38,740,137,115,3617,-1215,0,0
31,791,201,131,3614,-967,0,0
-35,481,85,171,3292,-832,0,0
-175,97,-123,333,3317,-1012,0,0
-215,-415,-257,357,3407,-1058,0,0
-184,-748,-269,173,3242,-970,0,0
-184,-567,-215,6,2920,-922,0,0
-187,-132,-122,-82,3075,-831,0,0
-143,254,-66,-26,3653,-727,0,0
-135,381,-93,169,3710,-779,0,0
