79,547,218,284,3790,-2192,0,0
-43,442,38,356,3736,-108,0,0
-171,279,-104,435,3789,-97,0,0
-285,150,-253,529,3943,-142,0,0
-392,67,-390,690,3998,-324,0,0
-457,-151,-492,786,4011,-624,0,0
-385,-309,-507,710,3975,-777,0,0
-228,-62,-427,693,3883,-951,0,0
-45,266,-322,801,3639,-1105,0,0
112,310,-233,927,3490,-1134,0,0
258,118,-199,919,3607,-949,0,0
420,182,-143,900,3999,-649,0,0
542,499,20,1014,3986,-416,0,0
516,523,222,1085,3861,-358,0,0
406,121,271,1111,3927,-324,0,0
270,-365,211,1022,3751,-305,0,0
73,-661,128,989,3720,-586,0,0
-51,-984,-41,859,3853,-820,0,0
-16,-1043,-81,467,3311,-844,0,0
-19,-528,-31,340,3603,-1013,0,0
25,-269,-182,290,3763,-1209,0,0
103,-315,-378,81,3456,-1180,0,0
68,-140,-596,-111,4360,-935,0,0
-69,118,-922,73,4485,-931,0,0
-290,-198,-1067,28,4050,-709,0,0
-411,-799,-725,-753,3586,11,0,0
-418,-1065,-217,-1579,3252,311,0,0
-368,-1110,-98,-1861,3273,206,0,0
-245,-930,-268,-1513,2676,15,0,0
-103,-910,-254,-1349,2020,49,0,0
-11,-444,-142,-1430,2147,195,0,0
71,210,-176,-1230,2244,194,0,0
118,196,-229,-1098,2600,319,0,0
126,229,-122,-1291,3120,471,0,0
67,506,6,-1072,3629,212,0,0
-2,281,26,-885,4161,-76,0,0
-73,-43,17,-896,4740,-348,0,0
-82,-108,58,-1024,4599,-472,0,0
-128,18,57,-788,4466,-793,0,0
-168,-261,-71,-777,4567,-764,0,0
-150,-363,15,-1192,3918,-398,0,0
-168,-163,47,-1162,3627,-311,0,0
-157,-203,-226,-1110,4164,-29,0,0
-190,117,-309,-1178,4032,103,0,0
-335,-42,-238,-1152,4439,-492,0,0
-272,-496,-293,-1647,4551,36,0,0
-345,214,-361,-1768,4216,-176,0,0
-425,303,-523,-1910,4408,-451,0,0
-267,381,-664,-1967,4195,50,0,0
-244,1032,-570,-1309,3556,-308,0,0
-221,489,-381,-673,3817,-477,0,0
-40,33,-83,-854,3509,249,0,0
-69,709,193,-719,3140,-150,0,0
-88,455,272,-327,3858,-443,0,0
31,-258,382,-532,4594,-465,0,0
119,-244,675,-1044,5012,-645,0,0
197,-8,829,-1305,5555,-350,0,0
242,-32,806,-1253,5536,-302,0,0
228,-234,819,-1473,5397,-59,0,0
224,-27,682,-1152,5445,56,0,0
200,-104,469,-780,5196,-3,0,0
108,-217,406,-498,4954,-143,0,0
-12,-296,273,-180,4893,-364,0,0
-81,-376,158,-230,4551,-434,0,0
-111,-138,80,-2360,4626,-293,0,0
-59,353,18,-377,4294,-41,0,0
-91,484,97,-480,3151,-207,0,0
-110,-146,219,-938,2542,-193,0,0
88,-180,374,-1518,2252,273,0,0
344,664,502,-1472,1708,450,0,0
419,926,393,-910,1499,5,0,0
411,591,157,-689,1848,15,0,0
364,690,-8,-401,2352,-27,0,0
222,783,-129,68,2878,-399,0,0
10,301,-204,343,3397,-773,0,0
-176,-479,-122,370,3567,-1020,0,0
-266,-1084,172,262,3502,-1277,0,0
-189,-1561,453,106,3395,-1553,0,0
-31,-1664,531,-136,3350,-1373,0,0
-43,-1156,305,77,4602,-1371,0,0
24,-2920,-45,339,4846,-1217,0,0
264,-758,92,2,4284,-382,0,0
441,159,388,-407,4306,523,0,0
492,1035,359,-373,3955,678,0,0
483,896,155,-416,4156,1011,0,0
321,824,22,-447,4165,1177,0,0
98,734,-18,-147,3996,584,0,0
79,312,14,-264,3859,335,0,0
142,1024,123,-245,3510,268,0,0
95,1684,126,185,3132,-74,0,0
-38,1350,-22,327,2913,-151,0,0
-162,801,-207,445,3009,-68,0,0
-309,273,-393,401,2977,-423,0,0
-380,74,-440,142,3024,-868,0,0
-183,185,-268,-146,2909,-633,0,0
36,364,-54,-436,2819,-737,0,0
231,460,-30,-596,3677,-733,0,0
429,677,-96,-388,4855,-603,0,0
427,675,-336,154,5149,-1198,0,0
278,104,-525,278,4507,-1565,0,0
187,-202,-532,214,4221,-1245,0,0
238,79,-560,321,3537,-1053,0,0
186,82,-645,465,2867,-1015,0,0
35,-341,-648,479,2936,-835,0,0
-18,-653,-512,97,3221,-492,0,0
-6,-110,-235,-359,3060,-364,0,0
-30,619,-47,-285,3240,-470,0,0
-111,676,-30,-220,3668,-452,0,0
-254,480,-112,146,3822,-755,0,0
-277,97,-55,248,3798,-812,0,0
-195,333,294,101,3952,-739,0,0
-168,668,498,19,4259,-767,0,0
-220,444,430,-176,4284,-798,0,0
-275,116,208,-148,4997,-830,0,0
-233,-87,132,-541,5350,-734,0,0
-271,-123,127,-666,4770,-1107,0,0
-273,-490,-53,-785,4470,-967,0,0
-181,-323,-235,-654,4440,-803,0,0
-87,-197,-383,-293,4305,-857,0,0
-54,-243,-420,-116,4102,-744,0,0
-49,-87,-351,27,3697,-720,0,0
-27,0,-234,132,3707,-638,0,0
-6,-17,-97,75,4015,-510,0,0
-29,30,86,-56,4405,-513,0,0
-70,42,224,-263,4634,-652,0,0
-128,-165,208,-454,4825,-797,0,0
-170,-560,73,-462,5089,-954,0,0
-60,-918,51,-635,5268,-787,0,0
150,-634,147,-774,5024,-427,0,0
236,-410,117,-476,4702,-482,0,0
248,-766,84,-489,4596,-240,0,0
245,-553,176,-575,4593,-44,0,0
217,8,258,-503,4494,-160,0,0
123,297,270,-396,4170,-307,0,0
-82,330,87,-46,4137,-568,0,0
-235,49,-73,74,3952,-601,0,0
-400,24,-140,282,3566,-745,0,0
-523,207,-173,592,3482,-746,0,0
-582,63,-58,801,3229,-756,0,0
-580,-577,298,453,2626,-757,0,0
-432,-880,767,-315,2344,-288,0,0
-238,-436,840,-511,1507,-181,0,0
-187,-404,605,-329,997,-258,0,0
-218,-979,344,-123,1540,-43,0,0
-148,-1377,52,247,3465,155,0,0
180,-1149,-71,-61,5566,944,0,0
483,145,139,-201,5237,1342,0,0
352,916,433,13,4162,671,0,0
173,239,476,-2192,3381,505,0,0
134,-350,239,-288,3660,723,0,0
232,-201,-31,-365,4062,756,0,0
356,231,-128,-218,4288,494,0,0
414,533,-167,-143,4602,276,0,0
378,721,-221,-144,4486,96,0,0
228,687,-305,-77,3435,-568,0,0
141,225,-403,-195,3267,-838,0,0
258,366,-540,39,3785,-491,0,0
421,768,-569,233,4007,-659,0,0
427,703,-481,302,4194,-952,0,0
269,197,-435,248,4409,-956,0,0
139,-524,-359,-2096,3141,-1066,0,0
60,-942,-290,-453,2355,-899,0,0
-10,-620,-450,-239,2546,-608,0,0
-125,-428,-584,129,2377,-831,0,0
-242,-885,-378,-52,1932,-1032,0,0
-189,-1092,-67,-476,2648,-538,0,0
109,-447,155,-1053,3217,145,0,0
302,444,474,-1568,3472,342,0,0
262,849,616,-1799,3987,420,0,0
198,1047,454,-2019,3956,622,0,0
22,1218,224,-1549,4120,481,0,0
-170,569,-125,-867,4229,229,0,0
-296,-24,-345,-378,3679,-152,0,0
-313,225,-250,211,3558,-504,0,0
-267,534,-95,739,3707,-855,0,0
-232,278,-151,973,4250,-1158,0,0
-226,-237,-255,1109,4724,-1351,0,0
-190,-755,-93,1058,4768,-1727,0,0
66,-1298,238,494,4330,-1891,0,0
402,-865,508,-190,3605,-1334,0,0
506,187,493,77,3618,-1303,0,0
605,76,328,40,3781,-825,0,0
607,219,379,-306,3918,-262,0,0
476,672,502,-298,4083,-111,0,0
262,443,474,-202,4338,-345,0,0
136,-7,276,-344,4406,-359,0,0
68,550,183,-403,4691,-262,0,0
-6,1088,39,-223,4882,-483,0,0
-77,693,-151,-647,4542,-305,0,0
-321,492,-414,-701,4135,-600,0,0
-446,483,-799,-239,3820,-514,0,0
-456,554,-1026,649,3830,-749,0,0
-485,-67,-1025,1257,4126,-1356,0,0
-349,-918,-655,472,3669,-1323,0,0
-157,-8,-202,-18,3404,-1053,0,0
-53,706,-117,281,3770,-1240,0,0
-16,-152,-146,-13,4895,-935,0,0
11,-616,-3,-660,5160,-474,0,0
-52,-546,48,-613,5581,-494,0,0
-98,-900,-41,-340,5449,-922,0,0
-40,-1410,-27,-469,5159,-1054,0,0
75,-840,29,-652,4705,-579,0,0
63,152,78,-397,4881,-368,0,0
45,415,120,-508,5250,-2,0,0
-27,519,201,-626,5027,124,0,0
-227,357,116,-460,5346,-37,0,0
-356,-74,-116,-265,4747,-28,0,0
-474,-386,-163,-191,4042,-187,0,0
-423,-658,113,-410,2876,-210,0,0
-280,-563,558,-609,1889,-136,0,0
-166,-299,807,-747,1469,-421,0,0
20,-211,766,-897,849,-590,0,0
243,-37,617,-724,768,-551,0,0
430,134,433,-639,1615,-602,0,0
579,576,193,-508,2683,-314,0,0
496,1202,-64,336,4333,-329,0,0
282,878,-302,931,4994,-749,0,0
83,-113,-76,834,4048,-1007,0,0
-27,-915,523,364,3504,-777,0,0
40,-797,777,184,3172,-604,0,0
79,-333,600,340,3251,-834,0,0
3,-470,349,443,3909,-903,0,0
-99,-678,262,439,4455,-824,0,0
-131,-839,262,319,4366,-754,0,0
-59,-834,295,-161,4065,-137,0,0
-26,-131,228,-324,4150,275,0,0
-76,293,-11,-124,3619,214,0,0
-121,-28,-208,-40,3791,368,0,0
-27,-284,-200,-301,3997,707,0,0
77,230,-22,-459,3836,766,0,0
84,759,-34,-246,3630,474,0,0
82,722,-203,-38,3411,366,0,0
54,595,-276,50,3397,232,0,0
15,573,-295,155,3641,224,0,0
-21,494,-342,234,3637,141,0,0
-78,235,-342,226,3218,9,0,0
-109,-31,-274,163,3277,-154,0,0
-7,-142,-243,135,3360,-185,0,0
140,-70,-138,51,3172,-268,0,0
250,-92,56,-187,3468,-349,0,0
381,132,184,-490,3815,-272,0,0
421,637,173,-280,3890,-465,0,0
293,575,-20,178,4067,-651,0,0
126,184,-180,306,4156,-692,0,0
12,91,-240,463,3951,-736,0,0
-12,101,-210,647,3355,-880,0,0
-10,149,-154,663,3607,-728,0,0
-41,400,-237,865,3792,-680,0,0
-144,378,-208,912,3715,-983,0,0
-232,104,-74,734,3903,-1083,0,0
-216,-20,-28,508,3829,-1107,0,0
-180,-46,36,251,3610,-1132,0,0
-167,-149,-7,19,4039,-1093,0,0
-41,-18,-55,-252,4017,-764,0,0
13,186,-98,-183,4132,-687,0,0
-38,-148,-307,8,4379,-665,0,0
-92,-445,-395,-139,4331,-796,0,0
0,-258,-279,-382,4391,-583,0,0
115,137,-210,-464,4299,-450,0,0
76,5,-282,-388,4328,-676,0,0
57,-326,-288,-446,4216,-549,0,0
71,-76,-148,-325,3934,-616,0,0
88,41,-34,-317,3880,-523,0,0
118,233,91,-328,3744,-296,0,0
47,404,97,-46,3887,-306,0,0
-108,103,-23,238,4097,-461,0,0
-256,-303,-42,338,4280,-784,0,0
-277,-461,41,219,4420,-973,0,0
-226,-348,147,-38,4394,-1143,0,0
-157,-373,235,-411,4627,-980,0,0
-51,-331,183,-742,4825,-541,0,0
-33,-168,76,-557,4779,-478,0,0
-95,-474,-39,-549,4957,-451,0,0
-32,-485,-34,-677,4553,-259,0,0
40,-116,-22,-293,4627,-500,0,0
134,-45,20,-239,4755,-407,0,0
107,249,171,-76,4470,-370,0,0
-44,119,157,293,4677,-637,0,0
-124,-227,146,295,4625,-580,0,0
-231,-216,193,377,4329,-707,0,0
-305,-299,118,426,4268,-736,0,0
-325,-300,156,415,3684,-732,0,0
-344,-328,392,206,3083,-785,0,0
-226,-319,770,-295,2034,-410,0,0
-133,-86,902,-465,2073,-150,0,0
60,-86,630,46,2427,-215,0,0
242,-502,469,226,2123,-23,0,0
198,-723,559,265,2237,-169,0,0
169,-737,508,407,2983,-141,0,0
281,-590,309,508,3644,138,0,0
436,-318,186,392,4179,440,0,0
515,224,246,233,4263,662,0,0
454,633,376,165,4051,513,0,0
364,449,439,128,3818,245,0,0
348,191,342,-16,4274,365,0,0
335,603,77,90,4688,421,0,0
203,917,-182,397,3771,-242,0,0
32,516,-289,367,3562,-479,0,0
30,358,-320,181,3603,-291,0,0
88,595,-423,232,3790,-155,0,0
107,686,-658,490,3759,-329,0,0
86,562,-818,550,3767,-554,0,0
129,350,-897,646,3722,-876,0,0
225,462,-908,778,3609,-1033,0,0
241,716,-856,1001,3520,-1051,0,0
135,466,-813,1077,4094,-948,0,0
4,-238,-690,876,4060,-893,0,0
-75,-947,-331,91,3688,-712,0,0
-105,-925,-55,-656,3424,-472,0,0
-199,-558,-156,-575,3166,-591,0,0
-322,-942,-326,-504,2699,-522,0,0
-459,-1397,-240,-825,2168,-382,0,0
-532,-1292,-172,-787,2719,-315,0,0
-393,-1083,-158,-910,2668,-286,0,0
-187,-778,10,-984,3394,-426,0,0
210,-242,197,-1332,3885,-20,0,0
522,801,494,-1522,3460,116,0,0
530,1275,505,-779,3633,-297,0,0
542,754,343,-360,3469,-276,0,0
434,623,329,-93,3662,-501,0,0
419,753,298,-15,3991,-442,0,0
477,1205,301,64,4303,-238,0,0
362,1501,169,544,4509,-463,0,0
85,615,-103,935,5070,-947,0,0
-167,-650,-340,845,4903,-1385,0,0
-184,-1236,-209,477,4039,-1479,0,0
-114,-909,-13,377,3970,-1174,0,0
-90,-805,-154,413,3937,-1623,0,0
21,-1034,-297,144,3406,-1265,0,0
-7,-609,-294,132,3782,-1093,0,0
-24,-700,-249,-60,4143,-1309,0,0
98,-856,-130,-648,4288,-945,0,0
256,-279,23,-810,4056,-818,0,0
336,81,234,-910,3950,-860,0,0
358,344,282,-862,3834,-671,0,0
321,653,161,-461,3718,-573,0,0
194,536,26,-239,3902,-681,0,0
45,315,35,-286,3739,-662,0,0
-140,235,70,-179,3621,-778,0,0
-231,-53,-25,-52,3933,-775,0,0
-271,-177,-82,-77,4134,-896,0,0
-336,-157,-5,-120,4041,-1336,0,0
-299,-299,-5,-207,4230,-1356,0,0
-188,-99,-118,-130,4323,-1253,0,0
-134,-2096,-163,45,4407,-1318,0,0
-75,-454,-118,-196,5170,-1127,0,0
62,-340,37,-613,5375,-934,0,0
52,-107,79,-504,5041,-1374,0,0
4,-576,-134,-714,4858,-1104,0,0
-26,-215,-262,-684,4669,-664,0,0
-141,132,-347,-257,4427,-684,0,0
-269,-221,-302,-437,4196,-427,0,0
-379,-81,-111,-528,3939,-346,0,0
-389,198,73,-589,3736,-290,0,0
-346,312,246,-650,3721,-375,0,0
-242,406,410,-916,3446,-271,0,0
-129,579,618,-1110,3419,-270,0,0
44,626,687,-1257,3666,2,0,0
91,914,559,-962,3208,-124,0,0
-15,599,331,-483,2642,-606,0,0
38,25,260,-525,1916,-551,0,0
184,193,356,-509,1589,-598,0,0
340,495,379,-111,2049,-648,0,0
421,497,398,282,2911,-723,0,0
337,322,524,445,3572,-801,0,0
119,-87,604,677,4040,-1081,0,0
-59,-891,509,766,4792,-1214,0,0
18,-1225,479,441,4511,-798,0,0
171,-505,582,321,4451,-530,0,0
289,307,437,421,4672,-117,0,0
172,729,138,877,3807,-110,0,0
-150,129,-18,1060,2742,-550,0,0
-384,-887,4,693,2431,-498,0,0
-425,-870,-47,461,2949,-375,0,0
-305,-291,-350,773,3692,-673,0,0
-62,41,-569,902,4019,-609,0,0
100,587,-414,943,3945,-523,0,0
92,846,-107,1022,3829,-658,0,0
-1,484,-5,963,3684,-683,0,0
-112,103,-164,758,4025,-547,0,0
-210,106,-448,784,4490,-654,0,0
-243,-76,-557,615,3521,-945,0,0
-230,-350,-367,190,2848,-1157,0,0
-140,-216,-243,33,3752,-933,0,0
-71,277,-357,362,4538,-868,0,0
-143,399,-421,750,3779,-1245,0,0
-249,-16,-279,794,2895,-1273,0,0
-203,-323,-62,563,2767,-1100,0,0
-117,-27,99,425,3147,-931,0,0
-198,277,92,649,3469,-1060,0,0
-393,-90,-3,783,3864,-1282,0,0
-471,-539,20,405,4433,-1088,0,0
-330,-148,135,-6,4753,-604,0,0
-127,601,346,-583,4072,86,0,0
-220,1248,407,-757,4410,531,0,0
-326,559,-12,-477,3624,261,0,0
-349,-847,-300,-931,3110,553,0,0
-303,-846,-327,-1010,3636,825,0,0
-87,-248,-303,-870,3914,771,0,0
110,160,-282,-870,3600,500,0,0
188,522,-264,-704,3258,238,0,0
262,656,-300,-363,3498,261,0,0
336,723,-318,-161,3123,249,0,0
340,729,-266,97,3409,330,0,0
354,448,-185,270,3513,476,0,0
308,117,32,199,2858,200,0,0
285,-221,255,39,3077,59,0,0
393,-159,308,-73,3498,244,0,0
476,200,454,-163,3751,-157,0,0
449,238,614,-364,4380,-470,0,0
409,267,566,-650,4363,-464,0,0
329,230,339,-545,4156,-792,0,0
255,-172,18,-334,4119,-764,0,0
206,-267,-124,-41,4028,-739,0,0
170,-256,-144,195,3694,-702,0,0
102,-228,-177,354,3853,-773,0,0
88,-56,-208,459,4337,-747,0,0
32,216,-85,561,4180,-997,0,0
-47,41,21,368,4356,-1124,0,0
-45,-4,45,201,4319,-1183,0,0
-73,-39,53,14,4338,-1067,0,0
-239,-124,-136,69,5229,-1038,0,0
-421,-589,-361,155,4969,-1628,0,0
-343,-1071,-220,-320,4254,-1580,0,0
-67,-456,-139,-571,4776,-916,0,0
74,450,-255,-248,4971,-1083,0,0
19,251,-328,-149,4660,-1181,0,0
-76,-74,-349,-68,4366,-857,0,0
-161,-349,-355,19,4427,-812,0,0
-200,-543,-255,-66,4242,-550,0,0
-256,-505,-124,-101,4361,-560,0,0
-208,-391,-10,-190,4362,-582,0,0
-145,-27,105,-203,4533,-667,0,0
-161,134,137,-170,4612,-750,0,0
-199,-33,125,-248,4590,-747,0,0
-208,-104,150,-362,4222,-763,0,0
-241,-66,115,-300,4046,-826,0,0
-281,-249,12,-8,3709,-887,0,0
-319,-630,-40,238,3133,-969,0,0
-230,-863,83,109,2450,-756,0,0
-91,-398,423,-2,1817,-437,0,0
-5,-4,712,79,2079,-437,0,0
192,-89,805,-48,2262,-183,0,0
360,64,846,-305,2424,113,0,0
340,448,774,-77,3268,83,0,0
287,261,541,294,3972,129,0,0
257,-356,364,220,4238,217,0,0
226,-494,294,113,4266,303,0,0
207,-239,278,76,3948,339,0,0
153,-180,208,23,3840,245,0,0
133,-162,77,-146,3863,338,0,0
135,139,-27,-138,3745,350,0,0
119,269,-131,9,3777,208,0,0
148,280,-175,-81,4023,194,0,0
217,663,-198,-104,4479,175,0,0
223,1066,-369,156,4671,35,0,0
79,979,-590,402,3881,-502,0,0
-104,420,-677,446,3300,-1181,0,0
-19,127,-630,461,3416,-1300,0,0
238,455,-601,726,3792,-1243,0,0
425,486,-519,678,3922,-1465,0,0
443,196,-244,377,3679,-1281,0,0
332,-46,-19,219,3496,-1133,0,0
300,-343,57,-11,3608,-714,0,0
247,-262,156,-263,3400,-330,0,0
7,-163,177,-162,3082,-567,0,0
-172,-770,43,-139,3063,-673,0,0
-229,-1032,-39,-308,3564,-381,0,0
-289,-716,24,-279,3480,-542,0,0
-363,-827,210,-442,3219,-578,0,0
-364,-1036,325,-854,3482,-331,0,0
-213,-643,333,-1110,3434,-149,0,0
-107,-81,324,-977,3527,-216,0,0
-27,-49,275,-973,3424,-330,0,0
73,-1,299,-1126,3096,-374,0,0
140,338,171,-886,3588,-389,0,0
196,475,-90,-443,3653,-577,0,0
184,430,-164,-121,3568,-745,0,0
209,464,-201,230,3937,-735,0,0
282,623,-366,758,4416,-743,0,0
192,917,-422,1311,4372,-887,0,0
-66,814,-398,1827,4285,-1339,0,0
-181,-352,-347,1542,3940,-1564,0,0
-102,-1146,-22,613,3256,-1514,0,0
79,-786,261,126,3560,-1225,0,0
291,-60,215,69,4217,-834,0,0
291,140,98,223,4166,-1068,0,0
156,-562,117,-31,4165,-1133,0,0
141,-892,138,-456,4206,-795,0,0
175,-413,142,-527,3583,-1004,0,0
120,-206,45,-531,3526,-1069,0,0
84,-141,-148,-401,3743,-948,0,0
145,45,-178,-490,4213,-861,0,0
293,567,-18,-876,4405,-549,0,0
280,1284,-9,-671,4651,-549,0,0
56,870,-199,-206,4468,-926,0,0
-209,-135,-325,-130,4108,-850,0,0
-380,-402,-456,176,3977,-866,0,0
-433,-360,-566,339,4083,-1056,0,0
-464,-219,-410,418,3693,-1326,0,0
-445,-316,-113,174,3456,-1414,0,0
-326,-425,39,-271,3265,-1242,0,0
-162,-356,45,-793,3364,-1113,0,0
82,181,97,-975,3916,-664,0,0
222,783,239,-988,4300,-687,0,0
216,804,342,-1219,3753,-1033,0,0
212,537,101,-1105,3544,-812,0,0
242,601,-233,-503,4132,-610,0,0
191,875,-301,38,4825,-500,0,0
-1,815,-194,177,4662,-635,0,0
-261,284,-224,318,4827,-1069,0,0
-378,-244,-273,339,4961,-1162,0,0
-441,-161,9,316,4768,-1474,0,0
-366,-175,157,162,4743,-1189,0,0
-247,4,184,35,4931,-762,0,0
-289,-3,169,294,5037,-1034,0,0
-306,-476,198,-16,5203,-731,0,0
-330,-342,220,-203,4930,-525,0,0
-422,-158,94,-123,4382,-738,0,0
-481,-297,11,-257,3577,-631,0,0
-454,-384,72,-414,2817,-523,0,0
-312,-351,230,-646,2543,-403,0,0
-64,32,434,-987,2428,-208,0,0
159,671,560,-1051,2493,-215,0,0
330,872,507,-900,2285,-400,0,0
430,677,395,-933,1994,-482,0,0
483,790,231,-702,2402,-340,0,0
487,1020,31,-67,3158,-284,0,0
351,880,-103,444,3510,-374,0,0
88,426,-221,762,3668,-640,0,0
-145,-138,-288,920,3664,-824,0,0
-268,-541,-137,842,3558,-866,0,0
-359,-669,100,866,4011,-1061,0,0
-374,-762,188,832,4250,-1078,0,0
-286,-999,211,631,3768,-810,0,0
-146,-1165,259,232,3840,-455,0,0
11,-854,329,-152,3924,-27,0,0
-19,-339,383,-214,3753,136,0,0
-146,-307,292,-279,3908,348,0,0
-235,-471,118,-412,3543,477,0,0
-275,-674,-57,-249,3882,464,0,0
-107,-616,-110,-460,4361,810,0,0
39,236,23,-383,3683,611,0,0
27,622,29,-92,3707,286,0,0
74,632,-83,-13,3748,415,0,0
76,818,-109,170,3676,255,0,0
71,795,-129,117,3734,281,0,0
76,851,-151,107,3545,311,0,0
39,766,-184,116,3548,189,0,0
-17,619,-205,199,3682,181,0,0
-86,278,-308,397,3821,-37,0,0
-58,-322,-242,144,3169,-180,0,0
23,-264,-9,-87,3369,-60,0,0
147,-5,25,57,3257,-298,0,0
283,-205,116,-244,3012,-258,0,0
362,-89,209,-385,3424,-126,0,0
390,114,118,-95,3292,-354,0,0
327,-119,2,-34,3452,-509,0,0
270,-229,-118,38,3764,-593,0,0
274,-123,-170,163,3736,-787,0,0
269,115,-190,217,3950,-755,0,0
200,498,-220,466,4163,-726,0,0
65,213,-294,770,4037,-1158,0,0
68,-475,-320,523,4371,-1002,0,0
191,52,-42,287,4268,-729,0,0
184,793,233,397,4275,-892,0,0
114,468,161,300,4090,-945,0,0
18,274,62,163,4022,-791,0,0
-121,232,-8,222,4171,-1122,0,0
-147,-184,-87,79,4151,-1081,0,0
-180,-423,-115,-21,3999,-1069,0,0
-167,-576,-112,-224,4265,-906,0,0
-35,-303,-64,-440,4183,-612,0,0
26,193,-23,-245,3739,-722,0,0
-56,-53,-155,5,3889,-946,0,0
-60,-401,-250,30,4030,-945,0,0
23,-106,-122,-5,4077,-896,0,0
54,119,-41,138,4213,-1115,0,0
50,-47,-6,61,4320,-1064,0,0
34,43,99,69,4377,-1198,0,0
54,5,73,160,4635,-1245,0,0
79,-44,46,151,4713,-1030,0,0
9,-102,71,271,4641,-1095,0,0
0,-380,112,196,4973,-954,0,0
105,-180,283,48,5106,-797,0,0
161,67,431,-30,4827,-746,0,0
93,-111,452,-157,4609,-653,0,0
3,-352,312,-52,4453,-771,0,0
-16,-587,191,31,4386,-915,0,0
6,-556,145,-70,4049,-941,0,0
-77,-167,50,125,3725,-1111,0,0
-175,-169,-127,399,3914,-1222,0,0
-167,-284,-232,384,4057,-1064,0,0
-174,54,-150,456,3658,-1011,0,0
-221,172,59,438,2857,-947,0,0
-218,-164,286,306,2308,-915,0,0
-72,-371,440,-72,2158,-440,0,0
44,93,486,-85,1802,-262,0,0
38,141,409,120,1941,-314,0,0
27,-269,242,215,2630,-76,0,0
-27,-378,47,421,3575,-11,0,0
-92,-473,-88,512,4046,-109,0,0
-115,-637,-87,438,4052,-86,0,0
-89,-548,48,229,3830,-20,0,0
-49,-355,163,22,3550,-102,0,0
20,-269,165,-194,3483,-53,0,0
131,-14,120,-294,3685,8,0,0
238,389,95,-382,3889,-49,0,0
250,816,-45,-300,4853,23,0,0
140,1070,-408,187,4612,-291,0,0
-127,324,-585,352,3365,-960,0,0
-293,-696,-569,28,3639,-905,0,0
-128,-490,-694,-127,3889,-2544,0,0
6,294,-788,148,3982,-813,0,0
17,420,-653,208,3929,-1047,0,0
-30,202,-419,63,3895,-1166,0,0
15,-138,-278,-224,3714,-1270,0,0
138,-143,-226,-673,3188,-912,0,0
139,327,-198,-692,2954,-757,0,0
53,205,-258,-459,3068,-659,0,0
-12,-410,-266,-710,3235,-210,0,0
-80,-446,-156,-955,3545,109,0,0
-99,-202,9,-1142,3294,189,0,0
-184,-196,159,-1351,2856,70,0,0
-330,-420,77,-1149,3064,-84,0,0
-353,-686,-70,-1077,2727,-267,0,0
-250,-712,19,-1233,2533,-378,0,0
14,-155,134,-1321,2875,-59,0,0
230,718,233,-3072,3289,-97,0,0
283,807,267,-843,4300,-149,0,0
215,564,184,-720,4405,-377,0,0
74,200,16,-516,4585,-976,0,0
102,321,-77,-396,4260,-1134,0,0
162,1200,-93,116,4257,-1176,0,0
235,1434,-387,836,4886,-1086,0,0
230,794,-624,957,5024,-846,0,0
-3,61,-414,749,4480,-1211,0,0
-155,-814,76,137,3634,-1028,0,0
-116,-847,349,-212,3566,-620,0,0
-50,-280,234,-113,3494,-676,0,0
-133,-173,106,45,3496,-861,0,0
-271,-699,49,-51,3739,-959,0,0
-199,-1151,113,-631,3914,-722,0,0
-42,-734,271,-984,4027,-687,0,0
68,-275,316,-964,4294,-771,0,0
163,1,208,-1128,4441,-326,0,0
65,253,2,-705,4678,-510,0,0
-60,-459,-150,-723,4387,-542,0,0
-155,-739,-170,-848,4340,-375,0,0
-161,-378,-255,-808,4494,-297,0,0
-196,-13,-308,-613,3915,-469,0,0
-349,-305,-385,-362,3931,-955,0,0
-268,-742,-437,-729,4184,-519,0,0
-193,-112,-303,-819,4456,-484,0,0
-128,85,-31,-1010,4771,-637,0,0
66,334,162,-1340,4642,-22,0,0
88,893,167,-813,4517,-239,0,0
26,154,176,-918,4619,-172,0,0
39,-188,378,-1435,4614,351,0,0
177,535,631,-1760,4370,719,0,0
172,1108,635,-1433,3938,343,0,0
23,534,450,-1170,4094,198,0,0
-70,115,429,-1121,4121,388,0,0
-97,192,484,-824,3980,-47,0,0
-45,-29,502,-2616,4075,-381,0,0
-34,-185,448,-64,3996,-586,0,0
-94,-337,324,463,4091,-897,0,0
-100,-480,406,451,3344,-1101,0,0
-164,-484,568,318,2240,-1406,0,0
-124,-626,230,297,2663,-1375,0,0
153,-324,-256,227,2842,-698,0,0
281,585,-251,426,2578,-434,0,0
181,846,-112,784,2901,-670,0,0
187,226,-186,756,2997,-333,0,0
183,333,-217,816,3200,-233,0,0
105,567,-201,1117,3594,-603,0,0
61,233,-154,1075,3883,-562,0,0
7,-35,-22,977,4173,-624,0,0
-67,-341,16,943,4801,-772,0,0
-48,-725,48,786,3857,-1136,0,0
78,-1253,403,102,2735,-1000,0,0
158,-1040,492,-346,3475,-723,0,0
243,-304,123,-206,3880,-683,0,0
163,2,-24,43,3659,-846,0,0
-58,-420,46,-13,3711,-985,0,0
-103,-793,-5,-225,3433,-840,0,0
-13,-476,-79,-243,3322,-739,0,0
46,109,-83,-20,3451,-778,0,0
-3,260,-50,139,3322,-833,0,0
-152,42,-21,140,3162,-914,0,0
-314,-170,-80,160,3205,-1089,0,0
-392,-274,-170,204,3306,-1295,0,0
-381,-288,-214,204,3669,-1456,0,0
-288,-128,-204,153,4015,-1420,0,0
-170,137,-49,-14,3995,-1156,0,0
-156,465,77,-129,4979,-892,0,0
-24,572,-110,-481,5062,-150,0,0
55,1369,72,-937,3712,970,0,0
-290,1813,-29,-139,4506,422,0,0
-389,710,-471,-97,3019,451,0,0
-474,-99,-339,-395,3022,561,0,0
-334,-361,-166,-487,3411,689,0,0
-77,-140,-216,-591,3081,573,0,0
44,35,-145,-760,2467,419,0,0
45,86,-27,-965,2476,462,0,0
105,174,-80,-1030,2482,523,0,0
181,155,-125,-1092,3230,530,0,0
224,182,-216,-1128,4233,658,0,0
187,395,-239,-1123,3941,383,0,0
129,126,-225,-734,4111,-341,0,0
285,132,-295,-683,4316,-94,0,0
360,1210,-160,-182,4124,-535,0,0
377,1358,70,-31,4244,-563,0,0
316,1223,125,82,4345,-363,0,0
168,852,115,184,4520,-567,0,0
50,283,133,-17,4447,-548,0,0
-105,202,231,-63,4500,-654,0,0
-195,-68,257,-167,4597,-843,0,0
-162,-334,161,-436,4533,-735,0,0
-145,-70,112,-444,4587,-608,0,0
-199,12,69,-278,4723,-853,0,0
-203,-262,29,-438,4572,-865,0,0
-132,18,94,-619,3910,-659,0,0
-136,444,-37,-181,3553,-740,0,0
-190,-20,-338,371,3978,-814,0,0
-200,-568,-380,419,4473,-803,0,0
-148,-432,-112,302,4662,-977,0,0
-53,-181,110,250,4864,-1046,0,0
79,-222,236,65,4944,-750,0,0
145,-184,334,-156,4950,-486,0,0
96,-248,309,-197,4776,-517,0,0
49,-592,258,-328,4674,-442,0,0
49,-595,260,-493,4529,-436,0,0
58,-249,135,-353,4534,-500,0,0
111,15,32,-164,4427,-324,0,0
109,237,64,-11,4013,-248,0,0
43,104,104,118,3271,-281,0,0
-2,-331,147,-12,2679,-63,0,0
53,-539,270,-318,2528,315,0,0
172,-434,387,-491,2521,552,0,0
271,-351,408,-519,2851,613,0,0
358,-229,431,-584,3302,755,0,0
362,10,461,-560,3398,700,0,0
274,-70,389,-485,3582,456,0,0
258,-219,303,-536,4107,527,0,0
359,183,197,-335,5157,632,0,0
441,640,145,-75,5276,286,0,0
310,702,242,126,3959,-602,0,0
46,195,135,377,2764,-1449,0,0
-188,-188,-180,650,3789,-1734,0,0
-276,-94,-584,867,4182,-2115,0,0
-141,-152,-504,816,2443,-2092,0,0
-83,-120,-96,606,2176,-1581,0,0
-52,-180,-54,417,2753,-1413,0,0
-11,-87,-230,470,3165,-1334,0,0
-108,20,-277,625,3558,-1331,0,0
-244,-357,-184,469,3885,-1380,0,0
-231,-660,-106,83,4002,-1215,0,0
-106,-225,-5,-78,3933,-1010,0,0
-15,181,75,71,4013,-927,0,0
33,28,59,95,3473,-819,0,0
-28,-106,0,214,2993,-810,0,0
-111,-252,-133,359,3387,-827,0,0
-132,-185,-265,608,4093,-875,0,0
-68,-95,-255,794,3953,-1039,0,0
49,-149,60,501,3594,-891,0,0
128,82,379,303,3687,-639,0,0
130,367,389,367,3550,-597,0,0
51,254,249,485,3574,-513,0,0
-16,-100,102,515,4109,-330,0,0
-55,-183,26,572,4019,-257,0,0
-172,-267,68,617,3429,-581,0,0
-257,-632,125,461,3431,-703,0,0
-240,-690,41,417,3685,-768,0,0
-184,-572,-149,550,3892,-970,0,0
-96,-542,-212,590,3666,-1093,0,0
-3,-385,-107,460,3250,-1141,0,0
68,-155,-74,492,3039,-1262,0,0
125,-67,-190,559,3007,-1214,0,0
142,-27,-309,630,2891,-1162,0,0
155,-122,-332,458,3233,-1045,0,0
223,177,-161,-109,3490,-445,0,0
96,811,-9,-96,4040,-576,0,0
130,-43,-107,-257,4335,-410,0,0
325,-341,35,-1042,3968,454,0,0
228,831,224,-927,3737,133,0,0
52,787,58,-641,3758,-165,0,0
-97,-110,-175,-780,3616,-157,0,0
-228,-2616,-220,-927,3898,-399,0,0
-189,-542,-230,-1002,4130,-513,0,0
-106,-264,-295,-925,3924,-612,0,0
-65,-104,-317,-916,3840,-655,0,0
-99,-80,-325,-906,3703,-734,0,0
-105,-178,-401,-1160,3603,-610,0,0
-8,382,-457,-1254,3654,-292,0,0
30,1016,-522,-895,4072,-334,0,0
-2,810,-469,-872,4452,-452,0,0
-50,664,-371,-968,4571,-482,0,0
-85,778,-263,-792,4258,-572,0,0
-184,856,-242,-360,4343,-726,0,0
-245,533,-282,23,4332,-870,0,0
-258,-47,-71,-36,4046,-764,0,0
-281,-356,114,-304,4119,-906,0,0
-191,-471,151,-671,3989,-790,0,0
-111,-418,178,-827,3791,-786,0,0
-35,-516,102,-988,4229,-814,0,0
105,-373,8,-1218,3986,-607,0,0
37,-21,-33,-985,3618,-807,0,0
-67,-260,-155,-769,3801,-678,0,0
-85,-181,-160,-973,3906,-385,0,0
-116,462,-135,-1034,4031,-410,0,0
-134,643,-208,-859,4529,-188,0,0
-207,448,-141,-843,4831,-202,0,0
-303,155,71,-960,5393,-330,0,0
-269,32,298,-1102,5143,-229,0,0
-325,3,415,-1168,4508,-603,0,0
-323,-344,321,-1151,4579,-534,0,0
-138,-328,404,-1427,4424,-74,0,0
0,275,684,-1560,4242,33,0,0
69,366,670,-1197,4274,13,0,0
88,-46,546,-2992,3926,158,0,0
36,-129,595,-833,3823,139,0,0
-34,-87,572,-651,3997,-32,0,0
-100,-361,420,-563,4326,-96,0,0
-199,-542,330,-491,3584,-244,0,0
-334,-786,143,47,2382,-854,0,0
-210,-1551,-39,98,1955,-665,0,0
-42,-1054,-140,100,2627,-327,0,0
82,148,-256,559,3008,-432,0,0
165,480,-207,867,3145,-378,0,0
191,239,-88,933,3425,-401,0,0
287,22,55,763,3391,-323,0,0
398,334,251,705,3260,-356,0,0
451,549,396,778,3374,-517,0,0
470,455,424,652,3515,-430,0,0
394,424,358,688,3543,-529,0,0
263,136,183,719,3901,-567,0,0
131,-47,19,764,4397,-550,0,0
-4,-208,5,803,4183,-677,0,0
-120,-682,136,645,3489,-774,0,0
-107,-1130,230,305,3357,-703,0,0
75,-924,186,-115,3935,-498,0,0
292,70,133,-208,4078,-434,0,0
306,750,181,-54,3326,-692,0,0
61,442,159,85,3344,-905,0,0
-211,-221,-194,263,3780,-1175,0,0
-326,-601,-544,357,3325,-1291,0,0
-362,-492,-544,423,3083,-1326,0,0
-319,-202,-374,455,3298,-1286,0,0
-259,134,-202,484,3380,-1229,0,0
-321,374,-102,660,3278,-1408,0,0
-398,18,-99,763,3194,-1624,0,0
-358,-512,-72,439,3402,-1539,0,0
-259,-153,-26,299,3861,-1468,0,0
-131,318,24,248,3880,-1359,0,0
-75,533,42,6,4344,-1082,0,0
45,798,-78,-165,5539,-573,0,0
315,1477,60,-1023,4821,882,0,0
92,2754,278,-430,5098,613,0,0
-9,1519,-224,-466,3894,568,0,0
-172,-34,-433,-1221,2688,889,0,0
-411,-384,-462,-1152,3062,489,0,0
-284,-725,-567,-1015,2768,525,0,0
-131,-620,-530,-918,2850,479,0,0
-48,-116,-453,-686,2519,370,0,0
-13,-32,-403,-472,2356,369,0,0
48,-364,-337,-577,2601,522,0,0
123,-113,-171,-646,3383,586,0,0
162,233,-41,-538,4146,408,0,0
160,216,109,-645,4056,312,0,0
116,99,258,-850,4154,40,0,0
138,93,284,-1038,4255,-162,0,0
195,159,170,-899,4262,-391,0,0
284,116,15,-780,4810,-390,0,0
348,195,-89,-428,4909,-544,0,0
291,234,-91,-31,4737,-825,0,0
183,368,-23,320,4640,-874,0,0
161,556,146,530,4554,-831,0,0
182,510,408,415,4584,-719,0,0
130,465,598,79,4578,-449,0,0
-1,306,664,-186,4153,-540,0,0
-107,-163,525,-434,3673,-517,0,0
-201,-205,297,-388,3544,-602,0,0
-218,-114,85,-123,3486,-719,0,0
-205,-47,-52,160,3570,-734,0,0
-201,4,-135,367,3870,-815,0,0
-171,-125,-130,309,4289,-659,0,0
-196,-47,-53,315,4751,-799,0,0
-186,-324,44,190,4551,-1087,0,0
-8,-564,171,-349,4967,-549,0,0
172,116,104,-288,5430,-315,0,0
210,346,55,-73,5372,-460,0,0
193,-49,115,-217,5231,-232,0,0
184,-37,137,-212,4753,-73,0,0
107,-75,93,2,4245,-349,0,0
64,-502,42,104,4201,-318,0,0
171,-616,113,-17,4108,-91,0,0
301,-366,297,-27,3904,-87,0,0
404,-275,504,-164,3732,33,0,0
482,-185,604,-318,3833,239,0,0
517,-159,523,-402,4003,305,0,0
455,-195,324,-351,3830,-10,0,0
332,-178,116,-78,2946,-625,0,0
157,-216,-55,285,2617,-1245,0,0
27,-336,-230,448,2599,-1526,0,0
-60,-207,-376,541,2762,-1587,0,0
-55,-12,-440,494,2888,-1339,0,0
-70,122,-343,585,2772,-1260,0,0
-138,-211,-235,663,2835,-1269,0,0
-165,-522,-171,426,2865,-1027,0,0
-235,-310,-98,428,2852,-1100,0,0
-317,-373,-74,420,2963,-1168,0,0
-342,-673,3,263,3360,-1143,0,0
-297,-696,156,-61,4075,-1041,0,0
-250,-291,230,-111,4364,-1129,0,0
-234,-132,167,-13,4077,-1189,0,0
-205,-304,79,-19,3677,-1124,0,0
-119,-362,41,-102,3247,-1129,0,0
57,-142,77,-147,3335,-954,0,0
229,479,85,44,3545,-667,0,0
223,1075,80,369,3502,-611,0,0
11,1118,93,613,4044,-707,0,0
-162,549,136,722,3773,-749,0,0
-219,-139,362,416,2802,-771,0,0
-217,-435,553,237,3262,-835,0,0
-81,-203,270,314,4857,-510,0,0
10,431,-178,712,4764,-487,0,0
-177,446,-215,1058,3820,-917,0,0
-410,-484,-35,980,3252,-1130,0,0
-398,-1275,29,560,3129,-1039,0,0
-210,-1051,-56,300,3379,-892,0,0
19,-215,-229,455,3635,-858,0,0
210,399,-296,705,3670,-799,0,0
261,669,-200,808,3447,-743,0,0
159,644,-149,903,3441,-806,0,0
25,263,-269,998,3446,-850,0,0
-64,-246,-336,844,3001,-1053,0,0
-26,-509,-176,355,3246,-1126,0,0
98,115,-68,-64,4104,-725,0,0
113,1045,-216,188,4079,-699,0,0
48,896,-246,303,3966,-728,0,0
84,213,-114,-160,4561,-6,0,0
156,238,46,-641,3494,371,0,0
54,360,198,-1099,3031,397,0,0
-72,245,32,-1248,3450,394,0,0
-131,153,-287,-1284,3499,501,0,0
-254,181,-378,-1129,3489,234,0,0
-379,-60,-446,-994,3448,-124,0,0
-389,-387,-563,-652,3524,-610,0,0
-256,-382,-553,-379,3730,-747,0,0
-100,43,-322,-195,3913,-895,0,0
48,128,-89,-293,4162,-956,0,0
190,79,51,-503,3923,-842,0,0
277,299,83,-397,4360,-597,0,0
361,498,177,-395,4757,-113,0,0
233,582,362,-439,5031,-24,0,0
8,-53,369,-519,5090,-230,0,0
-158,-577,246,-853,4710,-76,0,0
-333,-386,38,-597,4525,-426,0,0
-381,-510,-156,-346,4258,-419,0,0
-368,-562,-192,-220,3852,-494,0,0
-324,-493,-207,-122,3843,-562,0,0
-248,-433,-248,-183,4256,-528,0,0
-173,-272,-187,-245,4620,-798,0,0
-85,-147,-33,-308,4860,-1221,0,0
73,-91,30,-469,5001,-989,0,0
299,156,110,-688,4951,-200,0,0
435,850,376,-1072,5046,761,0,0
329,1508,531,-1065,5147,1047,0,0
61,1042,391,-1078,4696,1018,0,0
-320,152,201,-945,4447,601,0,0
-487,-294,112,-785,4185,243,0,0
-423,-200,216,-729,3514,74,0,0
-315,96,374,-677,3304,-356,0,0
-136,297,415,-474,3179,-472,0,0
3,352,440,-235,3363,-404,0,0
75,158,521,-218,3677,-507,0,0
109,-151,626,-332,3587,-383,0,0
140,-331,620,40,2943,-691,0,0
301,-841,485,146,2351,-974,0,0
382,-293,229,231,2694,-398,0,0
91,816,-215,1083,3126,-609,0,0
-127,202,-603,1362,4065,-425,0,0
-103,-211,-622,996,4472,271,0,0
-9,614,-113,684,3677,238,0,0
26,1347,337,320,3149,314,0,0
-38,1641,306,199,2877,370,0,0
-126,1004,-17,235,3127,191,0,0
-209,668,-315,407,3591,261,0,0
-301,874,-417,907,3983,-86,0,0
-282,520,-428,793,4067,-355,0,0
-130,667,-445,518,3523,-521,0,0
97,1256,-577,909,3414,-439,0,0
148,1217,-689,1687,3995,-193,0,0
-43,159,-615,1776,4210,-332,0,0
-164,-534,-155,1199,3960,-146,0,0
-77,-307,471,607,3563,-101,0,0
119,145,594,736,4037,98,0,0
155,203,428,843,4195,56,0,0
-18,-356,445,705,4185,-82,0,0
-178,-927,574,619,3910,-59,0,0
-179,-1433,553,354,3929,-334,0,0
27,-1369,379,208,3803,-448,0,0
245,-739,195,219,4170,-378,0,0
426,-217,62,376,4259,-234,0,0
436,-61,8,567,3868,-338,0,0
370,-517,-44,599,3818,-322,0,0
383,-858,-116,396,3881,11,0,0
401,-512,-121,202,4431,-10,0,0
419,-68,-65,154,3892,-121,0,0
303,-122,-34,161,3278,-301,0,0
168,-515,-185,200,3369,-417,0,0
134,-558,-369,261,3582,-416,0,0
129,-221,-329,320,3696,-492,0,0
41,39,-150,321,3963,-619,0,0
-126,36,-78,303,3746,-783,0,0
-338,-314,-132,326,3132,-1159,0,0
-447,-856,-209,243,3125,-1359,0,0
-349,-945,-199,110,3163,-1304,0,0
-209,-566,-81,8,3028,-1172,0,0
-178,-139,-20,155,3425,-1133,0,0
-218,-30,-105,330,3973,-1015,0,0
-243,-170,-100,391,3565,-1028,0,0
-222,-350,94,210,3296,-874,0,0
-158,-96,199,-18,3746,-576,0,0
-165,537,61,188,5744,-507,0,0
21,801,-43,154,5182,30,0,0
24,876,477,-591,3686,474,0,0
-223,469,493,-627,4547,514,0,0
-178,-28,-40,-1003,3562,989,0,0
-211,-42,-247,-986,3145,1177,0,0
-227,-192,-248,-716,3320,954,0,0
-136,-16,-173,-622,3512,736,0,0
-74,180,-129,-355,3071,259,0,0
-68,-52,-174,-340,2891,46,0,0
-49,-21,-280,-91,3033,-44,0,0
22,-270,-279,80,2916,-331,0,0
184,-658,-122,-80,3134,-313,0,0
410,-349,-3,-383,3620,121,0,0
482,264,27,-302,3666,-30,0,0
387,53,5,-190,3976,-429,0,0
312,-251,-29,-298,4575,-178,0,0
251,35,-71,-37,3864,-321,0,0
122,-208,-143,186,3547,-613,0,0
128,-500,-144,98,3798,-462,0,0
248,-1,43,-21,3903,-436,0,0
285,711,188,35,4208,-431,0,0
164,1038,163,315,4361,-623,0,0
-71,482,102,571,4153,-1157,0,0
-169,-617,105,239,4218,-1091,0,0
-152,-652,174,-81,4233,-1053,0,0
-102,-341,164,-89,4175,-1205,0,0
26,-360,78,-247,4545,-907,0,0
151,-74,4,-214,5060,-624,0,0
154,117,13,-249,5017,-609,0,0
5,41,45,-345,4668,-734,0,0
-149,-198,-84,-277,4557,-944,0,0
-145,-446,-230,-414,4337,-852,0,0
-158,-59,-296,-249,4327,-889,0,0
-220,-81,-441,185,4421,-1185,0,0
-183,-567,-426,54,4672,-950,0,0
-51,-277,-177,10,4720,-721,0,0
91,51,-3,108,4500,-718,0,0
200,112,93,111,4511,-543,0,0
233,205,212,108,4508,-349,0,0
154,273,326,40,4279,-276,0,0
-14,190,384,-132,4087,-433,0,0
-137,11,361,-344,3872,-428,0,0
-209,199,341,-305,3780,-366,0,0
-302,408,216,-132,3829,-518,0,0
-389,425,109,9,3278,-640,0,0
-478,269,50,164,3157,-900,0,0
-389,79,-18,209,3155,-842,0,0
-232,262,31,265,2973,-671,0,0
-148,567,168,416,2819,-625,0,0
-105,495,241,529,2743,-512,0,0
-62,121,201,663,2876,-299,0,0
-6,-206,210,557,3265,-15,0,0
33,-331,268,451,3656,28,0,0
52,-388,301,358,3956,128,0,0
63,-510,297,369,4094,170,0,0
77,-813,232,329,4052,128,0,0
113,-1000,176,148,3737,187,0,0
160,-909,210,-23,3543,162,0,0
279,-713,207,-319,3739,214,0,0
448,-43,131,-363,3856,350,0,0
503,517,0,-9,3863,128,0,0
472,372,-112,66,3998,29,0,0
424,450,-172,-86,4094,201,0,0
300,839,-305,129,4094,27,0,0
106,564,-481,229,3620,-232,0,0
-91,6,-555,8,3487,-303,0,0
-144,6,-661,-13,4021,-282,0,0
-62,370,-813,138,4054,-400,0,0
-9,461,-823,228,3903,-859,0,0
6,240,-731,186,3878,-1008,0,0
-71,32,-623,199,3939,-1243,0,0
-136,-366,-503,149,3900,-1452,0,0
-112,-704,-312,-156,3207,-1251,0,0
-118,-632,-139,-382,3086,-1004,0,0
-111,-608,-155,-322,3378,-886,0,0
-51,-818,-171,-531,3473,-540,0,0
-37,-683,-3,-800,3337,-235,0,0
-65,-500,150,-872,3361,-139,0,0
-73,-639,165,-1084,3307,-14,0,0
-120,-635,131,-1212,3309,61,0,0
-155,-657,83,-1215,3208,-49,0,0
-113,-596,126,-1481,3162,113,0,0
-49,-140,118,-1611,3282,93,0,0
70,179,66,-1743,2984,280,0,0
90,498,-57,-1504,3869,430,0,0
157,833,-214,-1285,4258,630,0,0
85,1006,-119,-1057,3540,371,0,0
-100,604,-48,-887,3172,51,0,0
-204,703,-203,-379,3921,-67,0,0
-231,1077,-425,309,4008,-406,0,0
-362,867,-511,791,4108,-875,0,0
-488,219,-439,965,4486,-1304,0,0
-420,-499,-225,880,4395,-1637,0,0
-141,-996,202,183,3651,-1606,0,0
149,-570,554,-525,3502,-1234,0,0
337,296,451,-482,3766,-894,0,0
398,166,207,-216,4199,-716,0,0
431,-498,240,-792,4499,-204,0,0
481,-2168,462,-1140,4386,80,0,0
509,387,506,-1152,4294,152,0,0
371,510,344,-916,4414,16,0,0
176,59,145,-760,4434,-346,0,0
108,-101,48,-862,4140,-130,0,0
-65,571,-85,-410,4318,-437,0,0
-220,223,-244,-107,4337,-607,0,0
-317,-358,-167,-416,4051,-201,0,0
-377,-36,-76,-376,3822,-166,0,0
-447,27,-139,-126,3917,-409,0,0
-529,-438,-153,-97,4120,-631,0,0
-485,-540,-23,-412,4236,-494,0,0
-355,-2128,43,-548,4358,-435,0,0
-269,82,27,-507,4739,-503,0,0
-196,-166,62,-758,5057,-327,0,0
-50,-63,216,-1128,5124,122,0,0
49,346,289,-1129,4958,202,0,0
79,88,197,-1004,4688,183,0,0
139,-188,222,-1100,4722,504,0,0
213,220,407,-1105,4603,563,0,0
236,451,553,-964,4073,318,0,0
206,212,512,-752,3949,253,0,0
194,38,539,-429,4184,75,0,0
213,-36,693,-441,4305,-158,0,0
140,214,715,-144,3592,-422,0,0
-9,-130,428,348,3046,-794,0,0
64,-916,322,230,2493,-556,0,0
31,-371,260,303,2622,-283,0,0
-136,177,-20,927,2571,-537,0,0
-219,-400,-175,923,3109,-355,0,0
-134,-379,-110,628,3595,47,0,0
-9,378,17,734,3258,-211,0,0
-7,517,62,888,3020,-504,0,0
-71,122,-43,908,3089,-502,0,0
-160,-95,-261,984,3406,-576,0,0
-247,-119,-444,1171,3754,-807,0,0
-195,-297,-474,1183,3829,-908,0,0
6,-272,-239,972,3797,-669,0,0
160,124,37,827,4073,-456,0,0
179,642,135,711,4032,-274,0,0
56,723,165,645,3097,-525,0,0
6,-253,140,386,3499,-632,0,0
244,-1001,-86,-65,4939,111,0,0
479,-105,-139,-146,4405,171,0,0
345,567,124,44,3573,-542,0,0
156,-32,237,-114,3035,-569,0,0
53,-544,71,-172,3299,-409,0,0
-13,-467,-177,80,4055,-638,0,0
-44,-306,-305,303,3843,-860,0,0
-105,-226,-253,354,3410,-1062,0,0
-120,-235,-143,376,3048,-1154,0,0
-127,-222,-62,363,2948,-1185,0,0
-154,-199,-92,436,3242,-1252,0,0
-139,-314,-134,415,3371,-1304,0,0
-83,-288,-31,312,3573,-1285,0,0
9,-160,95,271,3853,-1288,0,0
100,-102,195,81,3779,-1158,0,0
104,-5,233,-56,3716,-1063,0,0
42,-18,92,-124,3944,-1019,0,0
64,-21,-123,-256,4360,-732,0,0
260,334,-125,-659,3412,-10,0,0
228,1067,7,-476,3488,133,0,0
229,585,-213,-195,3355,223,0,0
224,-140,-292,-735,2831,691,0,0
69,36,-232,-867,3399,474,0,0
118,321,-262,-913,3411,666,0,0
90,713,-279,-617,3577,371,0,0
29,437,-417,-176,3646,-147,0,0
31,376,-302,-229,3432,226,0,0
-93,1096,18,233,3465,-307,0,0
-145,643,119,345,3971,-317,0,0
-176,89,212,-41,3763,-132,0,0
-248,-40,321,-144,4272,-554,0,0
-87,-142,303,-478,5272,-86,0,0
-29,515,354,-401,4909,-384,0,0
-144,329,290,-218,4974,-751,0,0
-148,-214,85,-447,5028,-428,0,0
-226,-132,-63,-403,4454,-791,0,0
-286,-488,-300,-213,4610,-860,0,0
-185,-619,-442,-310,4413,-568,0,0
-155,-79,-412,-77,4317,-772,0,0
-68,-37,-408,-54,4439,-514,0,0
-15,201,-306,13,4211,-461,0,0
-69,213,-208,144,4091,-618,0,0
-61,-113,-174,-14,4217,-491,0,0
-20,21,-128,-100,4596,-474,0,0
42,183,-40,-56,4993,-379,0,0
112,192,173,-230,5305,-61,0,0
108,324,415,-462,5043,19,0,0
-10,114,404,-485,4672,-198,0,0
-39,-367,282,-596,4738,-15,0,0
29,-237,274,-582,4705,152,0,0
72,-12,306,-488,4599,251,0,0
61,-131,289,-423,4590,356,0,0
92,-209,272,-316,4706,329,0,0
176,-60,346,-374,4356,240,0,0
191,49,368,-218,2966,-368,0,0
110,-252,265,-18,1929,-787,0,0
-4,-151,107,310,2113,-1027,0,0
-4,-98,-73,614,2690,-1272,0,0
64,-195,-133,632,2553,-1354,0,0
80,-146,24,648,2338,-1260,0,0
101,-273,156,546,2329,-990,0,0
77,-443,142,424,2753,-752,0,0
-21,-579,48,407,3378,-683,0,0
-162,-720,10,285,3614,-775,0,0
-286,-896,104,81,3434,-946,0,0
-298,-972,183,-77,3842,-921,0,0
-99,-2760,143,-203,4790,-591,0,0
221,36,152,-276,3899,-384,0,0
294,891,344,-21,2863,-458,0,0
152,1046,394,244,3176,-484,0,0
18,634,202,423,3809,-527,0,0
-109,173,-46,605,4011,-656,0,0
-170,-166,-82,592,3529,-689,0,0
-214,-150,58,510,3298,-543,0,0
-265,21,5,724,3657,-613,0,0
-230,-46,-145,838,3606,-568,0,0
-192,-121,-181,828,4040,-385,0,0
-70,67,-186,781,4405,-167,0,0
33,552,-68,828,4186,-122,0,0
3,759,158,835,3707,-317,0,0
-70,454,282,681,3518,-438,0,0
-56,95,206,419,3653,-327,0,0
15,199,47,353,3839,-265,0,0
79,458,-92,503,3840,-268,0,0
105,503,-168,667,3811,-297,0,0
103,426,-204,741,3852,-296,0,0
79,436,-263,824,3837,-311,0,0
16,399,-388,934,3753,-546,0,0
-42,275,-489,976,3796,-617,0,0
-89,157,-498,997,3733,-741,0,0
-77,-2224,-431,831,3773,-891,0,0
81,-429,-319,484,4238,-882,0,0
326,-106,-174,-112,4635,-336,0,0
291,881,-17,-175,4039,-385,0,0
-3,589,-173,385,3668,-1200,0,0
3,-967,-469,191,3496,-648,0,0
133,-1108,-494,-246,3615,-56,0,0
203,-45,-108,-543,3215,74,0,0
115,395,462,-660,2978,54,0,0
23,-457,658,-815,3101,43,0,0
73,-881,602,-1332,2733,346,0,0
52,-274,493,-1376,3043,478,0,0
4,120,193,-1011,3658,329,0,0
-9,132,-131,-863,4211,366,0,0
-90,246,-358,-499,4699,221,0,0
-176,127,-537,-87,4360,-176,0,0
-246,-198,-612,170,4037,-439,0,0
-272,-265,-606,275,3828,-594,0,0
-238,-209,-483,358,3464,-919,0,0
-114,-369,-229,165,3274,-938,0,0
14,-334,-45,79,3522,-932,0,0
165,-317,-6,-41,3794,-862,0,0
255,-290,114,-310,3798,-776,0,0
255,-325,180,-526,4021,-666,0,0
322,-412,162,-701,4044,-409,0,0
363,-205,131,-821,4297,-168,0,0
334,107,55,-657,4259,-207,0,0
207,-9,8,-553,4252,-307,0,0
77,-194,-74,-617,4289,-271,0,0
-39,-158,-170,-584,4308,-314,0,0
-172,-167,-245,-493,4540,-428,0,0
-275,-277,-273,-584,4590,-473,0,0
-333,-222,-218,-723,4233,-451,0,0
-353,-231,-236,-706,4056,-449,0,0
-306,-245,-295,-752,4120,-326,0,0
-230,-12,-261,-864,4244,-187,0,0
-191,157,-239,-834,4573,-291,0,0
-152,-5,-226,-1056,4740,-327,0,0
-133,-7,-129,-1488,4824,-425,0,0
-65,12,-261,-1480,4852,-578,0,0
75,-25,-346,-1339,4322,-435,0,0
129,22,-254,-1003,4172,-379,0,0
237,169,-93,-1016,3992,121,0,0
243,755,180,-975,3490,211,0,0
119,913,389,-929,3593,48,0,0
100,613,573,-1177,3763,375,0,0
2,576,740,-1265,3739,253,0,0
-145,377,751,-989,3793,-34,0,0
-234,-4,623,-747,3915,-166,0,0
-305,-290,497,-499,4287,-429,0,0
-279,-559,502,-549,4443,-458,0,0
-231,-393,595,-600,3630,-459,0,0
-254,48,440,-220,2805,-686,0,0
-208,49,90,269,2942,-656,0,0
-64,-106,-98,386,3206,-401,0,0
18,280,-26,384,3319,-96,0,0
-42,610,30,686,3361,-302,0,0
-95,184,15,743,3207,-299,0,0
-130,-240,-16,651,3195,-278,0,0
-114,-267,-148,749,3434,-354,0,0
-8,-164,-283,802,3696,-298,0,0
106,153,-231,857,3920,-371,0,0
223,264,68,855,3726,-605,0,0
331,150,412,492,4027,-321,0,0
258,562,389,528,5286,-11,0,0
47,384,171,906,3090,-927,0,0
-211,-1351,436,395,2481,-1156,0,0
-99,-2473,442,44,4218,-638,0,0
414,-1635,9,-275,4730,-166,0,0
686,53,3,-331,4031,-431,0,0
557,985,365,-103,3558,-824,0,0
450,710,418,-80,3747,-608,0,0
463,243,96,-105,3872,-354,0,0
434,161,-195,-7,3727,-366,0,0
312,243,-265,87,3633,-388,0,0
174,218,-264,95,3502,-442,0,0
53,220,-262,11,3606,-474,0,0
-85,346,-289,58,3876,-618,0,0
-257,315,-382,241,3872,-973,0,0
-376,-95,-470,287,3613,-1277,0,0
-397,-408,-449,115,3477,-1267,0,0
-380,-263,-385,110,3520,-1379,0,0
-301,-182,-321,147,3526,-1565,0,0
-209,-164,-277,134,3536,-1562,0,0
-174,-161,-266,247,3639,-1766,0,0
-123,-434,-272,226,3622,-1917,0,0
-45,-600,-267,210,3674,-1896,0,0
55,-691,-227,231,3748,-1830,0,0
178,-648,-87,113,3539,-1578,0,0
206,-208,108,119,3989,-1274,0,0
255,82,66,235,5394,-827,0,0
526,342,202,-368,3890,341,0,0
340,1435,877,-1307,2992,866,0,0
-17,2010,927,-851,3668,586,0,0
-142,1331,402,-1133,3234,814,0,0
-433,368,-54,-1120,3564,713,0,0
-658,-405,-383,-848,4177,709,0,0
-674,-534,-425,-996,4499,974,0,0
-670,-83,-342,-963,4390,722,0,0
-626,131,-311,-937,4044,473,0,0
-457,263,-243,-1180,3966,781,0,0
-264,817,-135,-1299,3661,888,0,0
-210,1161,-188,-969,3045,529,0,0
-261,618,-493,-273,3173,191,0,0
-234,-252,-644,-37,3563,170,0,0
-166,-405,-441,-168,3895,227,0,0
-155,24,-257,-19,4742,-10,0,0
-137,252,-160,158,4556,-398,0,0
-254,-34,-18,175,4781,-698,0,0
-287,-592,-52,168,4729,-1078,0,0
-26,-970,114,-391,3311,-1073,0,0
303,-206,424,-783,2683,-558,0,0
561,851,367,-563,2504,-305,0,0
645,960,155,-334,2743,-68,0,0
547,621,40,-235,3359,120,0,0
352,260,35,-251,3404,103,0,0
159,-115,100,-340,3525,44,0,0
91,-124,137,-470,3661,224,0,0
11,141,46,-145,3679,-67,0,0
-85,-166,-16,-60,3686,-304,0,0
-124,-444,33,-212,3972,-329,0,0
-76,-325,49,-249,4246,-355,0,0
-45,-92,83,-279,4432,-428,0,0
-45,-38,156,-414,4666,-574,0,0
37,-49,193,-751,4611,-284,0,0
80,218,98,-710,4254,-259,0,0
67,91,-89,-467,4331,-236,0,0
90,-32,-137,-628,4447,66,0,0
54,289,-61,-550,4066,-13,0,0
-49,126,-100,-384,4046,-138,0,0
-115,-181,-205,-313,4247,-193,0,0
-154,-110,-190,-288,4249,-294,0,0
-182,-2184,-163,-112,4187,-538,0,0
-122,-442,-137,-219,4555,-498,0,0
-5,-233,37,-530,4554,-187,0,0
-12,187,165,-515,4545,-302,0,0
-12,31,124,-492,4843,-237,0,0
20,-63,89,-581,4802,56,0,0
-26,60,92,-530,4781,19,0,0
-46,-136,75,-445,4846,-3,0,0
11,-253,126,-526,4815,165,0,0
52,-100,221,-526,4650,159,0,0
65,-112,240,-484,4506,152,0,0
97,-203,228,-462,4407,259,0,0
129,-182,249,-415,4309,310,0,0
160,-190,247,-342,4194,352,0,0
191,-172,263,-428,4014,555,0,0
166,-15,282,-452,3897,613,0,0
115,-18,226,-354,3660,433,0,0
80,-319,166,-416,2886,-45,0,0
64,-527,82,-371,2359,-648,0,0
36,-611,-162,70,2444,-1092,0,0
-5,-974,-355,205,2428,-1561,0,0
15,-1061,-354,61,2881,-1883,0,0
278,-350,-295,133,3760,-1492,0,0
609,318,-36,195,3689,-1251,0,0
643,360,253,142,3400,-1228,0,0
540,-23,281,31,3399,-741,0,0
374,-344,95,122,3295,-682,0,0
215,-684,-5,-73,3076,-444,0,0
62,-534,77,-243,3284,-271,0,0
-44,-297,179,-401,3623,-273,0,0
-97,-58,273,-673,4117,-97,0,0
-210,374,299,-738,3917,-313,0,0
-408,237,172,-714,3774,-793,0,0
-443,-141,-20,-828,3820,-773,0,0
-377,55,-109,-659,3432,-768,0,0
-344,243,-165,-249,3386,-1016,0,0
-184,197,-187,-96,3216,-802,0,0
-76,651,-86,52,3381,-456,0,0
-144,1160,-53,575,3920,-479,0,0
-228,832,-81,924,3620,-607,0,0
-305,13,41,905,3169,-619,0,0
-311,-535,220,780,3820,-531,0,0
-141,-436,228,618,5384,-250,0,0
74,234,230,578,5231,-181,0,0
26,628,566,454,4231,-550,0,0
-108,148,797,234,3524,-776,0,0
-56,-440,584,90,3298,-596,0,0
94,-382,195,37,3556,-504,0,0
224,-28,-113,290,3864,-554,0,0
294,221,-242,442,4020,-484,0,0
295,409,-260,537,3894,-513,0,0
219,457,-357,700,3881,-594,0,0
95,312,-521,788,3692,-671,0,0
-59,-63,-642,894,3688,-958,0,0
-147,-445,-744,721,4662,-696,0,0
-176,-135,-866,809,5033,-891,0,0
50,-223,-533,293,3552,-514,0,0
224,-186,286,-1082,3021,889,0,0
121,-191,543,-1682,3283,1186,0,0
-97,-274,122,-1781,3557,963,0,0
-305,227,-176,-1798,3748,1173,0,0
-477,744,-88,-1133,3536,919,0,0
-595,362,-57,-871,3278,-149,0,0
-477,-318,-209,-756,3070,-525,0,0
-299,-228,-247,-204,2984,-700,0,0
-118,-259,-145,218,2922,-988,0,0
151,-225,93,-45,3456,-684,0,0
411,612,488,-734,4075,263,0,0
513,1631,849,-789,4012,423,0,0
509,1459,924,-1016,3982,630,0,0
316,889,633,-745,3981,474,0,0
77,-120,89,-300,4210,78,0,0
-63,-963,-151,-268,3597,-145,0,0
-214,-1104,-279,-153,3110,-569,0,0
-303,-838,-625,242,3384,-831,0,0
-251,-694,-939,607,3605,-1425,0,0
-48,-561,-892,853,3515,-1766,0,0
228,-184,-561,954,3597,-1711,0,0
586,289,-144,634,4396,-604,0,0
745,959,345,393,4867,-39,0,0
593,602,683,-255,5057,262,0,0
208,272,687,-845,4830,505,0,0
-243,176,305,-857,4853,275,0,0
-485,-451,-149,-835,4541,139,0,0
-662,-811,-429,-753,4602,-18,0,0
-736,-355,-552,-551,4736,-149,0,0
-686,171,-453,-166,3815,-627,0,0
-595,-117,-286,-151,3504,-742,0,0
-474,-519,-251,-278,3973,-664,0,0
-270,-423,-157,-626,3953,-247,0,0
-118,244,88,-898,3983,-28,0,0
-43,761,207,-968,4263,201,0,0
-73,748,117,-712,4256,-31,0,0
-105,190,-14,-614,4573,-92,0,0
-93,-96,-86,-463,4900,93,0,0
-94,-202,-17,-441,4806,59,0,0
-91,-227,114,-574,5182,162,0,0
33,-98,268,-723,5178,368,0,0
128,142,481,-1057,4782,414,0,0
127,295,486,-1135,4591,257,0,0
193,150,362,-1108,4361,381,0,0
237,235,349,-926,4234,351,0,0
225,345,314,-590,4064,311,0,0
168,245,278,-337,3888,137,0,0
80,89,217,-260,4042,124,0,0
-26,18,110,118,3910,-102,0,0
-111,-593,37,512,3490,-395,0,0
-57,-1405,118,194,2847,-270,0,0
-3,-3168,270,-271,1782,-152,0,0
-43,-287,189,-103,1760,-394,0,0
73,-53,-64,52,2449,-56,0,0
195,307,-135,160,2654,139,0,0
131,567,-119,361,3152,-87,0,0
55,423,-302,598,4059,-42,0,0
47,335,-557,795,4311,5,0,0
-2,357,-515,872,3769,-281,0,0
-95,117,-213,828,3585,-612,0,0
-53,-281,8,585,3953,-590,0,0
100,-162,11,255,5034,-65,0,0
134,497,13,373,3767,-421,0,0
-151,-94,190,499,2665,-1244,0,0
-224,-1720,132,169,3687,-984,0,0
229,-1966,-85,-501,4599,-15,0,0
671,-234,-34,-1030,4565,414,0,0
700,1640,265,-747,4004,-207,0,0
547,1751,397,-451,3498,-634,0,0
446,607,189,-423,3214,-379,0,0
306,-121,-141,-300,3468,-289,0,0
93,13,-367,30,3776,-549,0,0
-126,337,-426,259,3509,-862,0,0
-257,666,-336,367,3155,-1063,0,0
-254,908,-169,558,3226,-1058,0,0
-199,931,30,724,3483,-1115,0,0
-171,588,198,787,3568,-1294,0,0
-169,-15,257,709,3587,-1301,0,0
-142,-362,262,541,3639,-1170,0,0
-115,-259,323,411,3649,-1096,0,0
-117,-36,416,417,3572,-1010,0,0
-143,-162,394,457,3537,-919,0,0
-210,-455,273,338,3602,-840,0,0
-289,-502,91,361,3594,-884,0,0
-292,-454,-43,382,5052,-675,0,0
4,-296,-123,78,5954,-47,0,0
273,354,381,-781,3659,488,0,0
37,942,650,-807,4230,248,0,0
45,685,211,-630,3903,426,0,0
-15,338,-163,-959,3090,595,0,0
-230,202,-420,-862,3498,715,0,0
-357,316,-737,-628,4011,966,0,0
-445,308,-980,-341,4219,964,0,0
-522,43,-935,-264,3938,864,0,0
-594,-190,-678,-237,3546,697,0,0
-520,-395,-383,-363,3697,673,0,0
-281,-136,-114,-548,3781,849,0,0
-109,464,36,-377,3641,566,0,0
-73,407,138,-399,3072,265,0,0
-128,-2216,110,-380,2962,17,0,0
-34,-852,-9,-364,3292,-132,0,0
237,-1075,-39,-609,3714,230,0,0
358,-319,42,-634,3747,122,0,0
317,181,58,-305,4007,-160,0,0
300,-97,-41,-297,4013,-31,0,0
253,-281,-34,-398,3411,-165,0,0
251,-353,-29,-390,3501,-216,0,0
419,8,-40,-511,3459,150,0,0
437,787,0,-9,3303,-146,0,0
344,508,-80,300,3755,-425,0,0
309,33,-111,149,3906,-360,0,0
270,160,37,146,4029,-421,0,0
267,137,198,-38,4488,-414,0,0
245,206,397,-401,4231,-291,0,0
83,252,392,-436,3950,-391,0,0
-27,-152,130,-471,4216,-298,0,0
-56,-222,-72,-469,4454,-214,0,0
-104,-76,-128,-283,4465,-432,0,0
-126,-220,-117,-318,4727,-532,0,0
-63,-150,-99,-536,4713,-439,0,0
-9,238,-77,-488,4475,-480,0,0
8,273,-154,-313,4516,-518,0,0
7,148,-272,-171,4687,-469,0,0
-26,110,-251,43,4671,-581,0,0
-54,-134,-128,-10,4599,-599,0,0
-49,-258,-22,-157,4610,-578,0,0
16,-310,41,-183,4917,-586,0,0
171,-333,187,-357,5167,-350,0,0
298,-34,408,-481,5004,-169,0,0
321,155,537,-569,4726,-66,0,0
285,56,522,-613,4703,99,0,0
266,-85,479,-669,4804,319,0,0
252,7,503,-786,4580,453,0,0
152,155,445,-575,4163,209,0,0
56,-139,233,-270,3728,-54,0,0
-21,-343,63,-86,3291,-266,0,0
-102,-265,-84,183,2865,-786,0,0
-92,-419,-120,143,2159,-950,0,0
-125,-255,-80,173,2188,-1131,0,0
-122,-145,-175,346,2688,-1214,0,0
-53,-384,-251,341,2910,-1155,0,0
32,-580,-157,146,3325,-898,0,0
114,-286,41,-87,3316,-665,0,0
77,192,151,178,2956,-820,0,0
-5,-99,78,341,2929,-1027,0,0
23,-425,-50,334,3090,-1049,0,0
113,-228,-18,273,3192,-1000,0,0
76,144,221,254,3671,-841,0,0
-90,51,277,457,4196,-1198,0,0
-85,-718,212,193,4237,-1040,0,0
73,-706,333,-252,3829,-621,0,0
194,84,439,-389,3535,-567,0,0
225,626,371,-233,3611,-525,0,0
123,591,238,-118,3895,-595,0,0
-60,274,14,12,3837,-765,0,0
-245,-126,-266,239,3583,-963,0,0
-323,-632,-413,413,3542,-1148,0,0
-203,-894,-352,287,3638,-962,0,0
-8,-337,-125,152,3694,-728,0,0
124,656,116,364,3743,-609,0,0
146,1127,290,635,3640,-487,0,0
33,942,366,810,3281,-560,0,0
-109,302,381,771,2890,-550,0,0
-233,-267,287,661,3680,-488,0,0
-252,-381,-69,684,4935,-360,0,0
-227,-68,-391,869,4624,-423,0,0
-315,-18,-341,1000,3839,-743,0,0
-344,-521,-87,759,3373,-904,0,0
-192,-666,60,331,3200,-724,0,0
8,-116,6,266,3420,-622,0,0
175,492,-176,497,3919,-503,0,0
253,780,-292,797,3583,-470,0,0
187,564,-240,849,2941,-576,0,0
59,43,-190,672,2847,-642,0,0
-40,-295,-309,398,3489,-702,0,0
-116,-163,-549,337,3864,-2720,0,0
-249,-268,-647,523,3743,-1139,0,0
-179,-908,-481,-175,4361,-477,0,0
96,-48,-41,-1059,3392,281,0,0
96,1235,200,-1182,2725,-77,0,0
156,1076,-1,-990,3261,163,0,0
221,434,-168,-1152,3583,565,0,0
44,109,-160,-1105,3786,204,0,0
-109,-182,-187,-1177,3657,133,0,0
-184,-255,-247,-1117,3909,81,0,0
-170,-24,-156,-1122,4018,-79,0,0
-154,284,-93,-908,4150,-313,0,0
-130,195,-192,-724,4406,-315,0,0
-162,9,-211,-829,4495,-270,0,0
-213,93,-166,-912,4353,-317,0,0
-195,138,-211,-903,4489,-286,0,0
-162,134,-319,-746,4751,-371,0,0
-170,16,-328,-523,4772,-481,0,0
-174,-39,-217,-513,4716,-431,0,0
-136,23,-106,-521,4448,-379,0,0
-83,-31,-56,-544,4513,-237,0,0
-69,-75,22,-569,4793,-165,0,0
-99,-175,139,-775,4976,-163,0,0
-102,-253,222,-987,4902,-206,0,0
-21,-274,245,-988,4753,-286,0,0
127,-139,340,-1211,4535,-55,0,0
175,347,466,-1168,4520,50,0,0
212,452,502,-1135,4498,319,0,0
193,493,598,-1191,4177,399,0,0
97,535,627,-1147,3969,288,0,0
51,394,522,-984,4004,247,0,0
5,272,424,-568,4013,-69,0,0
-58,-2128,369,-142,3818,-406,0,0
-67,-621,288,187,3884,-598,0,0
-5,-914,203,292,3735,-569,0,0
5,-673,239,408,3265,-682,0,0
9,-356,366,449,2774,-655,0,0
11,-220,394,526,2343,-733,0,0
58,-398,238,464,2445,-626,0,0
135,-258,41,472,2959,-313,0,0
136,173,-123,725,3183,-200,0,0
53,163,-201,911,3130,-332,0,0
18,-205,-202,833,3384,-204,0,0
56,-199,-207,763,3695,-162,0,0
127,223,-203,793,3826,-90,0,0
155,589,-22,961,3277,-289,0,0
111,372,248,873,3253,-467,0,0
125,142,297,654,4034,-378,0,0
147,441,86,560,5181,-67,0,0
-5,908,-141,985,4449,-453,0,0
-325,-122,27,998,2869,-1249,0,0
-387,-1991,321,433,3131,-1243,0,0
52,-2343,336,-508,3972,-321,0,0
404,-424,184,-778,4220,-216,0,0
404,1189,56,-48,4344,-821,0,0
343,935,-35,240,3855,-918,0,0
317,-76,-135,133,3351,-737,0,0
349,-342,-211,-83,3217,-465,0,0
284,347,-266,78,3522,-474,0,0
61,766,-427,522,4076,-741,0,0
-177,302,-655,796,3878,-1169,0,0
-300,-312,-644,744,3175,-1322,0,0
-338,-434,-409,634,3060,-1363,0,0
-293,-271,-236,588,3209,-1414,0,0
-239,-114,-120,591,3334,-1401,0,0
-240,-113,16,635,3385,-1430,0,0
-249,-375,137,541,3306,-1406,0,0
-286,-569,211,414,3515,-1408,0,0
-242,-577,224,309,3824,-1278,0,0
-119,-288,299,155,3987,-940,0,0
-97,216,292,47,5672,-499,0,0
71,919,240,-611,4562,705,0,0
-186,1929,566,-846,3724,917,0,0
-536,710,53,-273,4490,356,0,0
-517,-741,-596,-1119,2823,1028,0,0
-664,-500,-506,-1129,2986,1005,0,0
-534,-160,-378,-829,3846,939,0,0
-152,363,-322,-799,3623,1102,0,0
17,929,-247,-528,3420,855,0,0
9,896,-311,-69,3615,627,0,0
-33,378,-330,-28,3305,594,0,0
-106,-126,-78,-466,2837,427,0,0
-117,-262,56,-341,2977,246,0,0
11,-407,-54,-154,3174,80,0,0
185,-516,-66,-355,3368,180,0,0
259,-88,108,-313,3234,-99,0,0
283,-66,188,-149,3541,-428,0,0
432,-292,190,-374,4042,-25,0,0
474,245,265,-281,3703,-216,0,0
368,338,186,18,3972,-535,0,0
360,60,-6,96,4520,-262,0,0
366,173,0,167,4484,-262,0,0
280,288,143,164,4745,-253,0,0
169,320,193,157,5024,-243,0,0
85,289,212,127,4974,-339,0,0
23,186,234,-56,4973,-389,0,0
-22,156,155,-178,5038,-377,0,0
-56,127,6,-162,5087,-556,0,0
-46,95,-43,-202,5299,-523,0,0
-17,129,-97,-78,5305,-595,0,0
1,-32,-143,-32,4795,-594,0,0
-51,-199,-162,120,4736,-766,0,0
7,-515,-192,278,4763,-895,0,0
179,-676,-71,169,4633,-720,0,0
371,-236,120,35,4715,-264,0,0
477,434,265,73,4760,110,0,0
430,657,379,82,4729,207,0,0
314,414,507,-167,4856,430,0,0
153,208,583,-422,4491,388,0,0
-39,-34,419,-315,3723,-29,0,0
-181,-405,68,8,2929,-507,0,0
-220,-828,-167,203,2337,-1055,0,0
-140,-745,-170,111,2104,-1197,0,0
-63,-11,-142,343,2337,-1564,0,0
70,-29,-159,448,2536,-1578,0,0
158,-393,-196,377,2804,-1191,0,0
193,-517,-224,445,2854,-973,0,0
189,-576,-151,462,2864,-970,0,0
185,-598,1,341,2951,-861,0,0
165,-398,166,229,2807,-870,0,0
75,-29,312,84,3031,-672,0,0
-155,168,321,277,3500,-1095,0,0
-256,-434,244,228,4086,-1281,0,0
-78,-653,325,-175,4674,-909,0,0
176,134,461,-443,4026,-740,0,0
247,1125,536,-320,2961,-737,0,0
96,1316,455,8,3139,-745,0,0
-107,732,137,283,3976,-782,0,0
-313,150,-240,493,3717,-879,0,0
-554,-253,-432,808,3119,-1145,0,0
-633,-746,-489,918,3000,-1193,0,0
-520,-928,-516,880,3778,-1040,0,0
-254,-554,-601,820,5060,-689,0,0
49,296,-528,1030,4782,-361,0,0
84,710,-80,1221,3866,-617,0,0
2,96,360,1124,3365,-722,0,0
1,-615,450,824,3092,-561,0,0
49,-689,293,547,3488,-575,0,0
169,-237,43,441,4093,-398,0,0
257,451,-88,642,3827,-338,0,0
177,593,-42,737,3289,-503,0,0
7,216,-8,646,3350,-520,0,0
-113,-199,-138,548,3239,-676,0,0
-102,-432,-277,286,2910,-807,0,0
-26,-112,-294,-90,3628,-604,0,0
20,673,-348,-132,3538,-467,0,0
-79,688,-367,66,3404,-659,0,0
-141,-123,-514,20,4850,-347,0,0
-4,-254,-540,-330,3970,-26,0,0
-102,-134,-170,-609,2694,-598,0,0
-127,-627,-47,-1094,3495,-293,0,0
133,-323,-172,-1500,3326,205,0,0
162,328,-112,-1531,3043,-2,0,0
60,470,-96,-1400,3435,46,0,0
61,408,-219,-1048,3504,131,0,0
65,458,-181,-919,3859,138,0,0
13,727,-54,-539,4279,-223,0,0
-21,381,13,-374,4562,-314,0,0
-38,-4,136,-388,4696,-349,0,0
-54,33,259,-364,4619,-591,0,0
-120,77,222,-231,4665,-887,0,0
-148,-332,100,-310,4713,-741,0,0
-134,-525,49,-458,4956,-531,0,0
-112,-325,60,-520,4789,-572,0,0
-153,-215,-15,-670,4577,-738,0,0
-153,-252,-164,-681,4467,-828,0,0
-61,-82,-181,-577,4723,-722,0,0
81,20,-145,-585,4865,-146,0,0
30,-70,-196,-783,4956,-120,0,0
15,27,23,-905,5042,117,0,0
107,369,355,-1055,4736,283,0,0
131,720,484,-1094,4548,198,0,0
32,581,423,-792,4317,-70,0,0
-30,13,415,-602,4244,2,0,0
-18,185,561,-426,4358,195,0,0
-86,587,689,42,4376,-284,0,0
-200,218,642,106,4103,-471,0,0
-323,-113,440,326,3381,-722,0,0
-308,-691,160,602,2866,-931,0,0
-116,-1019,50,353,2505,-601,0,0
-36,-163,100,327,2521,-537,0,0
-59,444,2,615,2795,-456,0,0
-87,-14,-238,866,2817,-486,0,0
-50,-637,-332,813,3081,-409,0,0
84,-583,-273,757,3154,-386,0,0
183,-55,-168,805,3123,-412,0,0
195,283,-125,1002,3310,-526,0,0
226,124,-99,1005,3133,-522,0,0
209,-50,24,859,3369,-574,0,0
211,-153,23,620,4599,-469,0,0
276,200,-57,389,5085,-84,0,0
114,629,-11,612,4107,-450,0,0
-187,-300,134,600,2717,-1210,0,0
-173,-1769,208,-8,2563,-995,0,0
121,-1343,120,-681,3317,-165,0,0
201,683,-46,-183,4322,-396,0,0
28,1247,-157,556,4549,-954,0,0
-234,104,-138,714,3867,-1246,0,0
-339,-1162,-1,263,3253,-1138,0,0
-231,-922,59,-129,3006,-806,0,0
-179,271,-85,155,3149,-1055,0,0
-213,668,-193,655,3482,-1284,0,0
-239,-44,-170,846,3642,-1279,0,0
-245,-599,-42,503,3591,-1277,0,0
-201,-284,124,506,3478,-1439,0,0
-100,-236,199,477,3341,-1448,0,0
-23,-187,208,350,3604,-1291,0,0
33,39,196,362,4117,-1181,0,0
83,151,145,319,4945,-1054,0,0
266,399,159,44,4845,-488,0,0
345,1110,376,-147,4421,337,0,0
181,1365,348,141,5023,629,0,0
164,610,136,-296,3523,982,0,0
24,185,211,-900,2403,1054,0,0
-93,-11,105,-712,2649,899,0,0
-6,-200,-135,-727,2882,1002,0,0
4,45,-211,-509,2938,650,0,0
-17,147,-227,-280,2968,409,0,0
-9,230,-192,-290,2667,520,0,0
-112,293,-163,-92,2690,72,0,0
-152,-75,-302,89,3610,49,0,0
-106,-188,-428,194,4021,32,0,0
-61,-138,-352,241,4282,-240,0,0
24,-73,-228,43,4870,-130,0,0
77,274,-121,45,4666,-340,0,0
34,163,-93,-5,4743,-487,0,0
15,29,-144,-189,4639,-408,0,0
-16,201,-271,-39,4513,-448,0,0
-38,202,-400,85,4864,-367,0,0
-54,141,-414,115,4892,-307,0,0
-112,67,-314,-68,4552,-287,0,0
-194,13,-265,-157,4298,-455,0,0
-220,-171,-266,-283,4437,-444,0,0
-186,-189,-172,-338,4325,-454,0,0
-94,-215,-59,-434,4340,-389,0,0
78,73,17,-552,4326,-25,0,0
120,514,-16,-176,4712,-155,0,0
89,166,-20,-80,5179,-385,0,0
116,-232,170,-298,5286,-410,0,0
221,-63,371,-384,5184,-343,0,0
271,142,474,-209,4950,-507,0,0
305,-66,561,-331,4927,-225,0,0
409,50,634,-477,5078,268,0,0
434,455,665,-384,4969,296,0,0
305,231,582,-165,4697,-11,0,0
205,-372,440,-175,4443,62,0,0
142,-346,294,-155,3650,-131,0,0
53,-216,96,61,2150,-843,0,0
-12,-479,-123,213,1398,-1096,0,0
-50,-386,-225,482,1588,-1321,0,0
16,-469,-231,616,2044,-1352,0,0
122,-640,-231,439,3086,-989,0,0
204,-317,-161,332,3254,-812,0,0
182,3,96,233,2800,-761,0,0
73,-1,268,176,2874,-757,0,0
-6,-104,192,105,2838,-761,0,0
-120,-65,100,46,3154,-740,0,0
-291,-76,28,128,3984,-881,0,0
-328,-431,21,150,3984,-992,0,0
-237,-579,166,-113,3903,-899,0,0
-152,-124,197,-35,3895,-1046,0,0
-116,313,120,183,3577,-1147,0,0
-161,346,92,323,3421,-1143,0,0
-200,160,70,352,3179,-950,0,0
-278,45,-10,521,3045,-906,0,0
-320,-351,-124,796,3140,-961,0,0
-206,-841,-281,775,4216,-739,0,0
43,-421,-491,668,5170,-257,0,0
170,705,-450,1029,4395,-315,0,0
33,797,-27,1232,3371,-811,0,0
-96,-319,361,1044,3395,-793,0,0
-5,-1108,393,564,3863,-694,0,0
229,-659,220,241,3819,-518,0,0
381,490,138,322,3413,-474,0,0
363,1093,180,477,2946,-514,0,0
235,996,132,387,2947,-414,0,0
79,899,-134,470,3138,-486,0,0
-22,636,-436,595,2975,-713,0,0
-94,550,-555,498,3521,-627,0,0
-170,982,-634,795,3869,-795,0,0
-206,553,-634,972,3660,-1076,0,0
-94,-177,-375,413,3840,-539,0,0
-21,152,75,-115,3015,-450,0,0
-113,235,153,-341,2934,-683,0,0
-23,-146,-96,-581,3924,50,0,0
43,-65,-49,-1017,4295,260,0,0
-54,33,147,-1124,3962,-214,0,0
-139,-85,46,-960,4011,-266,0,0
-93,-241,-128,-717,4094,-338,0,0
45,-256,-140,-492,4353,-300,0,0
116,-79,-72,-498,4517,-250,0,0
96,81,78,-567,4350,-300,0,0
90,83,165,-454,4184,-284,0,0
120,88,148,-348,4302,-104,0,0
85,141,141,-246,4520,-236,0,0
-12,28,168,-272,4292,-326,0,0
-107,-88,156,-305,4057,-324,0,0
-146,-141,16,-129,4051,-442,0,0
-155,-178,-135,-71,4271,-411,0,0
-202,-92,-184,20,4402,-538,0,0
-222,-274,-182,-39,4876,-618,0,0
-155,-353,-143,-116,5243,-587,0,0
-158,-270,13,-269,5189,-747,0,0
-117,-286,73,-514,5427,-432,0,0
58,-81,132,-714,5318,59,0,0
138,239,387,-982,5133,175,0,0
150,443,555,-1223,4586,266,0,0
120,523,452,-1016,4203,289,0,0
51,342,219,-485,4189,115,0,0
-42,62,134,-43,4177,45,0,0
-196,3,190,330,4518,-183,0,0
-299,-322,256,547,4419,-482,0,0
-315,-849,406,450,3393,-672,0,0
-229,-924,511,184,2504,-778,0,0
-57,-332,430,11,1678,-697,0,0
50,304,167,171,1709,-691,0,0
136,643,-169,441,2470,-229,0,0
75,869,-527,860,3207,5,0,0
-66,600,-745,1115,3493,-96,0,0
-193,11,-697,1092,3813,-129,0,0
-227,-477,-539,1122,3718,-118,0,0
-174,-495,-377,1081,3253,-206,0,0
-152,-226,-180,1159,3070,-363,0,0
-142,-187,-49,1145,3580,-344,0,0
-76,-316,10,1034,3887,-393,0,0
34,-392,161,604,4392,-251,0,0
169,-161,327,286,4368,-200,0,0
206,-100,346,309,3851,-523,0,0
258,-528,190,313,3747,-717,0,0
469,-618,120,94,3436,-500,0,0
594,-114,247,-109,3262,-386,0,0
467,439,294,88,3923,-493,0,0
214,328,35,585,4322,-828,0,0
24,-335,-214,677,3450,-1033,0,0
-53,-621,-115,399,2825,-953,0,0
-51,-267,2,309,2908,-936,0,0
-48,173,-47,460,3032,-949,0,0
-187,244,-113,734,3268,-1139,0,0
-347,-173,-177,818,3491,-1450,0,0
-352,-463,-177,673,3522,-1555,0,0
-225,-305,-81,605,3729,-1628,0,0
-15,-30,28,385,4025,-1384,0,0
123,476,137,157,4936,-861,0,0
203,801,179,34,4926,-438,0,0
146,839,263,-329,4693,255,0,0
-88,885,57,-25,5103,317,0,0
-136,141,-339,-172,3130,554,0,0
-272,-274,-258,-763,2232,1075,0,0
-395,-137,-196,-641,2999,1071,0,0
-293,-367,-229,-804,2825,1102,0,0
-278,-263,-111,-824,2675,864,0,0
-282,-44,-74,-673,2610,568,0,0
-225,-25,-129,-727,2651,336,0,0
-105,6,-234,-641,3411,271,0,0
9,52,-271,-425,3817,189,0,0
61,-199,-196,-254,3673,-288,0,0
245,-429,-114,-269,3652,-310,0,0
455,218,4,-58,4104,-343,0,0
589,954,154,210,4316,-427,0,0
551,941,216,378,4293,-486,0,0
429,477,135,363,5041,-278,0,0
358,347,97,188,5296,-165,0,0
226,499,105,189,5260,-355,0,0
47,74,12,45,5300,-636,0,0
-32,-321,-69,-319,5155,-586,0,0
-86,-122,-109,-376,4604,-669,0,0
-134,-195,-287,-233,4647,-863,0,0
-38,-307,-374,-346,4301,-628,0,0
-17,28,-392,-21,4274,-785,0,0
-58,-220,-464,52,4445,-1074,0,0
-32,-529,-431,-54,4366,-1230,0,0
115,-507,-374,19,4916,-931,0,0
320,-337,-127,-89,4900,-567,0,0
398,-70,287,-278,4684,-453,0,0
446,178,517,-408,4611,13,0,0
418,411,664,-413,4498,153,0,0
302,226,787,-603,4783,-3,0,0
246,-123,815,-946,4579,141,0,0
167,-208,680,-1037,4474,-145,0,0
200,-206,424,-1073,4394,-99,0,0
227,-7,176,-701,3778,-325,0,0
194,-210,-50,-198,2420,-994,0,0
122,-438,-134,164,1690,-1231,0,0
-63,-210,-301,579,2399,-1618,0,0
-95,-350,-602,924,2762,-2000,0,0
-29,-762,-629,784,3072,-1799,0,0
52,-659,-412,582,3584,-1359,0,0
183,-296,-129,413,3228,-1061,0,0
189,-130,144,351,2519,-1209,0,0
143,-351,280,220,2334,-1114,0,0
111,-454,304,123,2583,-1023,0,0
39,-495,287,39,3109,-1144,0,0
-58,-376,278,-242,3909,-927,0,0
-225,-74,272,-174,4286,-1193,0,0
-327,-533,271,-323,3876,-1480,0,0
-229,-976,312,-903,3469,-1207,0,0
-40,-433,182,-1152,3449,-892,0,0
34,551,-93,-723,3631,-775,0,0
-89,798,-321,-188,3809,-907,0,0
-262,231,-416,-127,3975,-935,0,0
-331,-88,-404,-264,3824,-739,0,0
-312,230,-305,-315,3419,-739,0,0
-285,777,-234,-26,3455,-771,0,0
-291,1039,-243,411,3624,-994,0,0
-290,694,-156,459,3386,-1098,0,0
-321,438,41,467,3697,-1233,0,0
-240,341,244,442,3926,-1328,0,0
-96,360,516,260,3798,-1204,0,0
-8,456,645,285,3865,-1069,0,0
40,314,617,333,3668,-909,0,0
-8,89,628,339,3296,-804,0,0
-75,-229,619,438,2959,-791,0,0
-72,-644,555,531,3479,-689,0,0
12,-680,298,579,4957,-533,0,0
168,-150,-85,736,5038,-322,0,0
165,404,-117,952,4002,-470,0,0
10,158,134,881,3477,-832,0,0
-52,-289,207,653,3712,-666,0,0
-16,-237,-19,616,3838,-747,0,0
66,-128,-209,608,3555,-832,0,0
121,73,-203,625,3352,-782,0,0
137,219,-191,657,3448,-670,0,0
86,278,-325,712,3557,-602,0,0
-13,206,-504,800,3054,-753,0,0
-94,6,-503,640,2764,-672,0,0
-207,50,-469,675,3368,-651,0,0
-353,-135,-536,710,3427,-923,0,0
-493,-648,-454,570,3729,-1090,0,0
-416,-1101,-291,147,4221,-910,0,0
-111,-969,-76,-206,4178,-647,0,0
175,-463,197,-525,3732,-355,0,0
257,39,427,-673,3358,-185,0,0
224,-39,380,-491,3754,-215,0,0
343,-591,213,-760,3905,109,0,0
410,-282,178,-1147,4196,520,0,0
349,333,140,-935,4292,303,0,0
250,-45,8,-978,4308,70,0,0
143,-367,-169,-1121,4050,-125,0,0
42,-344,-355,-997,3719,-382,0,0
-6,-162,-513,-800,3561,-364,0,0
-55,226,-626,-440,3496,-506,0,0
-83,401,-664,-175,3651,-524,0,0
-100,396,-646,-5,4118,-561,0,0
-136,216,-505,-10,4450,-742,0,0
-193,-102,-260,-161,4349,-937,0,0
-241,-404,24,-431,4114,-950,0,0
-260,-420,122,-632,3890,-1064,0,0
-171,-281,-1,-708,4097,-838,0,0
-41,-26,-44,-738,4633,-550,0,0
-40,212,76,-890,4743,-574,0,0
-145,-19,77,-951,4518,-765,0,0
-186,-500,-43,-1062,4277,-591,0,0
-203,-416,-100,-1011,4328,-558,0,0
-164,-48,-161,-821,4566,-391,0,0
-96,-77,-224,-754,4843,-355,0,0
-54,-231,0,-1045,4600,-216,0,0
0,-75,259,-1054,4694,-231,0,0
207,154,429,-1455,4466,-23,0,0
315,755,578,-1491,3859,3,0,0
321,889,510,-1015,3720,161,0,0
287,811,465,-1019,3697,572,0,0
32,993,486,-619,3817,86,0,0
-130,443,495,-453,4198,-191,0,0
-174,413,594,-481,3852,-128,0,0
-378,987,557,180,3244,-664,0,0
-542,304,348,625,3150,-993,0,0
-452,-451,360,345,3299,-614,0,0
-277,288,558,215,3039,-148,0,0
-265,1147,564,634,2835,-322,0,0
-277,721,253,888,3441,-258,0,0
-237,74,-40,787,3576,47,0,0
-278,8,-130,869,3540,-101,0,0
-329,-40,-250,1045,3621,-333,0,0
-315,-221,-407,1079,3467,-369,0,0
-274,-275,-447,1077,3342,-449,0,0
-204,-150,-414,1005,3958,-350,0,0
-87,303,-337,1060,4177,-221,0,0
-18,409,-144,1200,3814,-470,0,0
41,-196,87,1119,3854,-564,0,0
181,-698,165,753,4393,-395,0,0
364,-567,73,557,4219,-357,0,0
450,-659,-38,565,3686,-616,0,0
578,-1275,-28,202,3557,-578,0,0
857,-1157,119,-748,3321,117,0,0
888,536,271,-969,3398,414,0,0
503,1554,48,285,4576,-386,0,0
170,132,-402,834,4157,-973,0,0
-31,-1651,-443,433,2836,-1015,0,0
-119,-1566,-214,-42,2407,-736,0,0
-136,-119,-146,75,2669,-793,0,0
-187,633,-175,472,3126,-1290,0,0
-312,284,-226,700,3608,-1675,0,0
-331,-211,-135,486,3612,-1642,0,0
-251,-100,95,439,3525,-1701,0,0
-64,212,236,458,3691,-1466,0,0
51,631,327,485,3653,-1172,0,0
-41,778,382,604,4088,-1102,0,0
-96,274,309,430,4743,-848,0,0
1,56,280,-178,4955,-53,0,0
29,868,497,-629,3884,710,0,0
-233,1312,423,-433,4146,596,0,0
-304,484,-80,-564,3563,858,0,0
-389,-130,-299,-956,2772,1005,0,0
-404,-195,-258,-1011,3357,1109,0,0
-172,313,-172,-1005,3291,1286,0,0
-83,924,-117,-623,2956,785,0,0
-114,596,-256,-253,3004,440,0,0
-149,53,-379,-83,3203,431,0,0
-207,-169,-414,88,3794,174,0,0
-227,-445,-427,69,3661,-200,0,0
-212,-335,-390,-5,3784,-210,0,0
-181,48,-470,318,4078,-358,0,0
-121,-165,-508,494,3884,-670,0,0
-64,-626,-375,309,3995,-599,0,0
93,-554,-138,59,3999,-209,0,0
195,-64,-12,36,4485,-58,0,0
244,76,4,-52,4745,94,0,0
188,90,142,-378,4432,289,0,0
66,126,198,-551,4712,330,0,0
26,45,98,-604,4572,341,0,0
-32,3,1,-643,4344,322,0,0
-108,1,-87,-588,4317,214,0,0
-155,-72,-226,-464,4438,184,0,0
-150,-119,-307,-353,4506,92,0,0
-117,-117,-274,-291,4646,-61,0,0
-36,-149,-194,-354,5020,45,0,0
87,-47,-52,-469,5088,85,0,0
190,84,118,-613,5213,55,0,0
299,140,185,-772,5267,230,0,0
315,134,192,-728,5045,114,0,0
265,-227,215,-812,4743,78,0,0
252,-423,172,-770,4580,136,0,0
323,-434,68,-570,4458,226,0,0
386,-313,99,-580,4311,416,0,0
366,-83,196,-502,4216,495,0,0
311,-129,254,-558,4058,541,0,0
258,-152,258,-681,3736,578,0,0
151,-204,155,-416,3193,110,0,0
74,-749,42,-148,2478,-467,0,0
60,-1093,-52,-37,2251,-992,0,0
90,-725,-161,45,2429,-1369,0,0
138,-281,-185,264,2864,-1638,0,0
234,-464,-105,165,3297,-1791,0,0
437,-344,65,-219,3450,-1418,0,0
610,382,258,-150,3228,-947,0,0
586,754,389,1,2972,-804,0,0
465,575,474,-43,2852,-853,0,0
352,465,524,-319,2981,-382,0,0
166,782,482,-260,3218,-312,0,0
-40,796,381,-221,3321,-468,0,0
-248,651,350,-311,3545,-553,0,0
-372,715,281,-204,4396,-483,0,0
-340,1006,111,61,4564,-313,0,0
-402,1199,2,507,3187,-617,0,0
-649,563,-81,680,2918,-1009,0,0
-681,-130,-308,714,3443,-818,0,0
-505,-93,-474,795,3719,-767,0,0
-319,237,-390,878,3890,-722,0,0
-190,500,-182,1028,4031,-627,0,0
-104,414,-146,1173,4440,-511,0,0
-22,301,-226,1200,4375,-320,0,0
-40,271,-144,1310,3847,-530,0,0
-75,-175,94,1231,3475,-700,0,0
-18,-553,253,1037,3621,-626,0,0
134,-524,249,850,3773,-566,0,0
281,-285,203,844,3819,-569,0,0
379,-127,229,836,3727,-488,0,0
383,-16,301,856,3578,-426,0,0
325,-124,267,885,3404,-496,0,0
258,-352,147,827,2990,-453,0,0
143,-405,-10,831,3021,-478,0,0
61,-439,-227,767,3420,-577,0,0
47,-317,-344,515,3284,-637,0,0
39,61,-342,106,3576,-656,0,0
21,732,-443,-42,4349,-168,0,0
-198,1117,-619,409,3518,-602,0,0
-456,-187,-679,381,3546,-1079,0,0
-283,-1168,-552,-565,4183,84,0,0
-11,29,-236,-978,3622,434,0,0
11,1115,51,-1149,3546,233,0,0
-85,999,84,-1148,3438,198,0,0
-258,263,-146,-1219,3085,33,0,0
-400,-512,-559,-1006,3552,-59,0,0
-375,-945,-817,-877,3807,-54,0,0
-281,-799,-714,-1055,4325,164,0,0
-153,-113,-442,-1176,4366,170,0,0
-101,252,-208,-1031,4107,-244,0,0
-28,-61,-167,-1153,4198,-106,0,0
52,73,-207,-1055,4059,-67,0,0
52,60,-276,-750,4326,-222,0,0
41,-229,-248,-754,4659,-135,0,0
7,-159,-123,-912,4486,-51,0,0
-65,-65,-67,-974,4493,-23,0,0
-102,-280,-100,-1105,4589,139,0,0
-114,-276,-25,-1415,4888,356,0,0
-60,116,24,-1495,4821,435,0,0
-95,218,-19,-1264,4295,144,0,0
-184,-290,-131,-1039,4338,-189,0,0
-84,-506,-119,-1122,4812,118,0,0
61,-33,43,-1029,4788,32,0,0
168,15,393,-1368,4403,-4,0,0
312,356,782,-1794,4372,621,0,0
431,1122,953,-1670,4247,977,0,0
311,1145,1026,-1255,4193,582,0,0
65,412,911,-927,4398,-85,0,0
-43,-255,728,-732,4337,110,0,0
-152,-332,693,-5,3868,-241,0,0
-178,-765,562,367,3802,-740,0,0
-32,-849,551,257,3024,-593,0,0
-21,-171,526,314,2826,-637,0,0
-9,303,310,426,2769,-287,0,0
-171,528,-72,808,2578,-348,0,0
-364,58,-456,956,2417,-541,0,0
-368,-381,-577,942,2875,-318,0,0
-137,-366,-529,915,3141,-102,0,0
51,33,-367,984,3293,-219,0,0
81,274,-186,1148,3551,-241,0,0
64,112,-40,1107,3688,-120,0,0
25,-45,83,1018,3845,-248,0,0
26,-207,210,895,3799,-377,0,0
86,-326,301,512,4274,-196,0,0
156,-101,244,265,4320,-89,0,0
99,-48,177,205,3540,-300,0,0
-41,-708,146,101,3116,-514,0,0
84,-1289,124,-488,3741,-523,0,0
502,-214,213,-685,4048,-512,0,0
496,944,235,7,4150,-593,0,0
177,744,-36,296,4273,-835,0,0
75,313,-225,311,3504,-1054,0,0
83,-34,-238,312,2984,-944,0,0
83,45,-235,403,3007,-957,0,0
42,193,-235,673,2958,-867,0,0
-107,25,-193,923,3018,-985,0,0
-217,-291,-129,888,3224,-956,0,0
-241,-224,-24,823,3555,-958,0,0
-242,-63,108,805,3596,-1089,0,0
-261,-102,320,573,3623,-1021,0,0
-216,64,368,259,5089,-696,0,0
42,634,348,6,4924,3,0,0
12,1293,632,-364,4055,544,0,0
-296,1138,421,-26,4410,426,0,0
-270,-183,-113,-579,2688,697,0,0
-309,-649,-126,-1173,2059,998,0,0
-345,-493,-225,-616,3108,602,0,0
-70,-562,-407,-546,3128,753,0,0
45,-106,-281,-510,2508,626,0,0
-41,214,-210,-197,2861,343,0,0
-22,49,-251,-91,3507,509,0,0
