17,-34,52,1164,3562,-873,0,0
19,-22,54,1172,3568,-866,0,0
9,-37,46,1168,3586,-859,0,0
1,-40,42,1141,3577,-841,0,0
-1,-18,46,1138,3567,-836,0,0
-8,-20,42,1137,3595,-827,0,0
-18,-8,26,1139,3604,-811,0,0
-34,-6,7,1154,3604,-824,0,0
-51,-28,-7,1142,3596,-827,0,0
-55,-30,3,1114,3553,-842,0,0
-39,9,36,1110,3521,-893,0,0
-27,20,48,1192,3567,-936,0,0
-49,-69,9,1159,3538,-1000,0,0
-50,-78,-31,1102,3497,-1063,0,0
-1,-22,-99,1184,3641,-1128,0,0
69,-47,-217,1156,3789,-1139,0,0
181,85,-267,995,3735,-1074,0,0
322,413,-178,966,3412,-1099,0,0
449,536,-27,896,3217,-1170,0,0
573,565,146,890,3408,-1040,0,0
571,606,189,1010,3690,-969,0,0
403,480,16,894,3625,-1096,0,0
187,481,-249,581,2966,-1198,0,0
25,571,-467,524,2230,-1182,0,0
-83,401,-651,676,2488,-1027,0,0
-151,302,-797,766,2875,-855,0,0
-224,507,-847,808,2654,-875,0,0
-291,686,-731,850,2223,-926,0,0
-378,614,-554,976,2274,-906,0,0
-479,256,-522,1041,2808,-933,0,0
-514,47,-560,778,2892,-831,0,0
-457,341,-482,684,2830,-917,0,0
-343,562,-326,662,3153,-830,0,0
-247,580,-320,767,4192,-732,0,0
-169,242,-351,692,4453,-648,0,0
10,-76,-20,438,4531,-316,0,0
245,84,511,483,4893,-98,0,0
482,409,934,281,5251,10,0,0
649,815,1058,346,5466,-68,0,0
667,641,954,914,5905,-456,0,0
580,-152,778,1104,6411,-661,0,0
462,-778,590,1008,6351,-546,0,0
343,-644,458,964,6342,-379,0,0
297,-146,361,931,6369,-308,0,0
360,220,307,900,6173,75,0,0
311,430,247,783,5653,260,0,0
153,524,112,704,5255,275,0,0
-76,544,-37,903,4668,-22,0,0
-337,344,-195,968,4004,-261,0,0
-647,83,-305,1036,3274,-590,0,0
-898,-338,-433,982,2455,-924,0,0
-977,-754,-532,809,1841,-1052,0,0
-971,-831,-590,735,1850,-1011,0,0
-1000,-641,-683,823,2323,-1156,0,0
-956,-603,-783,908,2943,-1358,0,0
-767,-629,-761,832,3097,-1327,0,0
-489,-415,-568,794,3078,-1245,0,0
-198,-184,-233,756,2823,-1193,0,0
68,-129,196,711,2688,-1194,0,0
335,-60,561,728,2796,-1159,0,0
560,78,734,830,3213,-1054,0,0
686,199,748,942,3648,-906,0,0
672,340,664,1051,3654,-846,0,0
574,293,576,1091,3470,-826,0,0
433,92,481,1157,3502,-660,0,0
242,-215,328,1146,3457,-628,0,0
155,-457,188,1036,3729,-386,0,0
126,-246,-9,997,3746,-258,0,0
71,58,-203,907,2958,-432,0,0
34,132,-241,854,2406,-477,0,0
70,153,-231,891,2863,-410,0,0
144,346,-348,936,3302,-371,0,0
170,625,-548,904,2990,-449,0,0
115,818,-696,872,2420,-515,0,0
2,812,-769,948,2235,-547,0,0
-164,541,-832,998,2073,-603,0,0
-361,120,-865,988,2072,-681,0,0
-529,-177,-900,1085,2861,-639,0,0
-653,-247,-1091,1350,4376,-637,0,0
-647,-323,-1200,967,4699,-364,0,0
-459,-137,-684,271,4452,24,0,0
-218,267,119,-58,5161,241,0,0
-90,416,815,-143,4945,-92,0,0
-68,105,1262,-133,4908,-560,0,0
-18,-338,1272,-91,5757,-476,0,0
70,-581,1012,-48,6288,-300,0,0
241,-627,983,-192,6360,-146,0,0
510,-314,1154,-275,6378,21,0,0
731,266,1180,65,6072,192,0,0
686,501,1000,656,5554,-19,0,0
501,29,732,824,5412,-99,0,0
302,-359,501,920,5055,-27,0,0
99,-423,337,1059,4641,-80,0,0
-47,-501,197,1180,4291,-168,0,0
-146,-697,24,1265,3919,-156,0,0
-298,-801,-152,1289,3451,-188,0,0
-530,-668,-260,1269,3095,-328,0,0
-752,-542,-246,1255,2889,-482,0,0
-878,-683,-144,1342,2753,-638,0,0
-780,-1055,-28,1187,3078,-800,0,0
-420,-954,44,884,3335,-439,0,0
-121,-3,30,684,3113,-86,0,0
33,1134,-44,764,2747,-366,0,0
141,1575,-112,1115,2475,-618,0,0
146,1057,-191,1234,2338,-550,0,0
139,252,-354,999,2286,-224,0,0
159,107,-508,826,2076,-331,0,0
205,381,-543,1026,2507,-480,0,0
235,514,-627,1359,3273,-420,0,0
201,365,-792,1518,3643,-477,0,0
159,48,-861,1375,3869,-637,0,0
231,46,-682,1200,4348,-701,0,0
318,482,-371,1132,4265,-587,0,0
230,783,-93,1134,3597,-744,0,0
-4,518,97,1043,3020,-923,0,0
-268,-35,123,974,3216,-1036,0,0
-444,-438,-69,795,3237,-998,0,0
-504,-465,-182,502,2467,-990,0,0
-436,-238,-102,319,2123,-1019,0,0
-300,-71,-33,442,2490,-890,0,0
-240,-5,-58,474,2923,-792,0,0
-251,108,-122,430,2913,-887,0,0
-294,197,-142,383,2431,-1009,0,0
-280,137,-151,274,2428,-759,0,0
-177,68,-205,483,3432,-430,0,0
87,41,-265,614,5026,42,0,0
304,512,-196,273,4668,451,0,0
402,1015,111,369,4477,394,0,0
373,586,386,494,5337,617,0,0
240,-22,492,218,5090,845,0,0
105,204,566,-241,5206,1027,0,0
-54,533,529,42,5733,566,0,0
-109,174,465,160,6110,430,0,0
-137,-211,363,131,6271,290,0,0
-103,-377,192,493,6425,39,0,0
-14,-473,37,610,6104,9,0,0
104,-394,25,468,5700,12,0,0
284,-198,87,562,5472,168,0,0
438,-30,145,683,5182,330,0,0
466,-141,225,575,4728,386,0,0
455,-260,310,393,4330,449,0,0
464,-8,386,198,3770,462,0,0
435,367,357,329,3333,237,0,0
303,360,158,583,2687,-83,0,0
72,-13,-83,725,2061,-414,0,0
-147,-421,-179,689,1904,-656,0,0
-310,-611,-182,759,2240,-886,0,0
-436,-730,-246,952,2755,-1189,0,0
-518,-853,-366,913,2774,-1316,0,0
-492,-788,-392,738,2680,-1329,0,0
-367,-469,-308,635,2675,-1291,0,0
-227,-138,-229,739,2852,-1343,0,0
-117,-27,-170,830,2876,-1392,0,0
-1,-60,-71,881,3228,-1427,0,0
129,-27,24,1027,4077,-1371,0,0
246,65,70,1144,4724,-1224,0,0
326,163,147,1050,3931,-1138,0,0
387,138,401,942,2786,-998,0,0
386,-71,650,932,2773,-742,0,0
340,-242,717,950,3117,-618,0,0
295,-142,554,1123,3803,-362,0,0
155,184,87,1405,4369,-347,0,0
4,235,-429,1324,3504,-547,0,0
-71,104,-559,1023,2475,-473,0,0
-146,96,-336,861,2098,-429,0,0
-206,28,-34,761,2145,-444,0,0
-202,55,184,763,2442,-394,0,0
-181,230,146,754,2712,-486,0,0
-145,349,-82,694,2363,-580,0,0
-81,369,-244,610,2259,-476,0,0
-27,446,-348,773,3441,-312,0,0
-61,526,-510,905,4649,-337,0,0
-225,587,-567,731,4312,-327,0,0
-449,444,-437,638,3756,-587,0,0
-583,-262,-342,501,3941,-400,0,0
-495,-697,-293,129,4554,156,0,0
-327,-193,-181,116,4531,-36,0,0
-182,124,-43,214,4644,-362,0,0
-61,-1,93,301,5363,-232,0,0
7,-63,213,316,5626,-208,0,0
66,-147,372,210,5688,-216,0,0
200,-151,541,138,6153,97,0,0
290,140,599,127,6178,274,0,0
294,365,553,256,6115,218,0,0
293,271,525,335,5865,301,0,0
187,87,491,472,5475,260,0,0
0,-90,404,700,5079,-26,0,0
-140,-347,302,952,4717,-150,0,0
-205,-602,226,1114,4479,-204,0,0
-242,-767,161,1161,4392,-205,0,0
-266,-716,110,1087,4311,-142,0,0
-290,-482,154,1017,3673,-155,0,0
-378,-453,296,743,2644,-343,0,0
-382,-594,458,436,2073,-502,0,0
-133,-518,447,295,2013,-373,0,0
170,-69,194,468,1969,-31,0,0
320,385,-176,865,2196,-18,0,0
308,267,-529,1122,2368,-260,0,0
257,-147,-753,1127,2433,-406,0,0
264,-366,-823,974,2511,-335,0,0
315,-115,-723,973,2800,-348,0,0
404,386,-605,1077,3208,-486,0,0
474,748,-533,1246,3300,-571,0,0
475,713,-451,1327,3470,-659,0,0
398,515,-345,1326,3833,-708,0,0
278,404,-154,1192,3968,-892,0,0
190,372,128,1166,3997,-998,0,0
44,195,275,1249,3838,-1115,0,0
-164,-273,237,1144,3523,-1368,0,0
-288,-647,173,880,3164,-1404,0,0
-360,-546,103,726,2987,-1455,0,0
-403,-235,-1,634,2518,-1552,0,0
-397,-79,-81,598,2066,-1466,0,0
-387,-103,-105,532,1740,-1356,0,0
-353,-181,-92,461,1626,-1229,0,0
-302,-196,-44,419,1759,-1160,0,0
-172,-177,-18,426,2778,-893,0,0
0,74,-130,610,4118,-418,0,0
162,157,-232,699,4722,-179,0,0
447,37,-20,205,4470,334,0,0
569,550,290,-127,4749,458,0,0
559,1166,260,40,5280,47,0,0
471,941,6,447,5421,-99,0,0
146,140,-270,317,5439,-95,0,0
-151,-450,-432,58,5533,-284,0,0
-230,-502,-526,219,6053,-406,0,0
-232,-448,-652,476,6360,-563,0,0
-210,-471,-686,275,6135,-521,0,0
-146,-363,-562,286,5934,-664,0,0
-3,-204,-352,84,5642,-558,0,0
148,65,-172,18,5343,-575,0,0
307,216,-26,-270,4986,-330,0,0
433,483,75,-543,4555,-69,0,0
545,743,145,-528,4374,109,0,0
540,674,189,-414,4164,142,0,0
445,384,194,-366,3852,-41,0,0
373,288,190,-246,3377,-147,0,0
182,357,163,-106,2090,-446,0,0
-49,103,145,249,1419,-968,0,0
-178,-464,23,579,1977,-1256,0,0
-268,-808,-217,429,2394,-1100,0,0
-308,-572,-365,353,2121,-1299,0,0
-102,-97,-317,348,2291,-1573,0,0
258,611,-149,318,2488,-1220,0,0
377,1261,46,529,2486,-1187,0,0
279,1427,183,938,3111,-1465,0,0
70,1265,72,1368,4334,-1617,0,0
-270,880,-206,1463,4665,-1713,0,0
-535,309,-239,1289,3654,-1871,0,0
-549,-277,7,1063,2482,-1772,0,0
-329,-733,263,1175,2927,-1328,0,0
-96,-879,311,1189,4171,-1114,0,0
138,-483,271,1043,4158,-993,0,0
278,94,353,953,2955,-1022,0,0
350,276,654,846,2259,-889,0,0
362,97,972,842,2343,-653,0,0
306,-45,1065,432,2487,-480,0,0
195,-12,660,99,2153,-470,0,0
80,-281,136,366,1845,-410,0,0
-112,-757,-175,172,2289,-220,0,0
-266,-861,-362,-258,3417,-87,0,0
-272,-522,-416,68,4437,-264,0,0
-319,-178,-362,-151,4335,-273,0,0
-442,176,-294,52,3877,-688,0,0
-572,-37,-351,309,3765,-1034,0,0
-570,-524,-389,382,4223,-812,0,0
-531,-594,-260,425,4633,-724,0,0
-450,-392,-100,388,4792,-946,0,0
-291,-124,89,432,4947,-960,0,0
-131,25,299,479,5448,-804,0,0
34,93,530,395,5624,-717,0,0
194,235,764,281,5840,-584,0,0
322,478,895,393,6119,-528,0,0
352,514,900,780,6427,-677,0,0
288,283,744,915,6539,-698,0,0
203,184,565,1048,6153,-733,0,0
125,115,450,1255,5705,-819,0,0
25,-89,376,1356,5183,-918,0,0
-65,-327,319,1485,4779,-994,0,0
-123,-656,280,1505,4294,-978,0,0
-143,-837,238,1306,3708,-797,0,0
-159,-664,181,1146,3098,-641,0,0
-224,-394,88,1076,2662,-655,0,0
-257,-287,21,957,2083,-741,0,0
-189,-403,100,801,1535,-690,0,0
27,-486,214,608,1577,-494,0,0
280,-226,225,585,1767,-227,0,0
400,97,75,843,2004,-253,0,0
367,107,-200,943,2132,-443,0,0
352,138,-405,938,2173,-480,0,0
304,188,-461,986,2277,-395,0,0
170,141,-515,1107,2971,-565,0,0
84,112,-657,1133,3734,-730,0,0
34,268,-798,1110,4122,-830,0,0
11,585,-889,1126,4275,-840,0,0
-131,864,-918,1037,3325,-1102,0,0
-275,756,-733,1043,2897,-1343,0,0
-457,335,-564,1221,3302,-1376,0,0
-715,-262,-613,1286,3872,-1467,0,0
-921,-611,-818,1166,4047,-1553,0,0
-970,-496,-955,828,3102,-1731,0,0
-768,-112,-755,618,2138,-1674,0,0
-473,168,-445,650,2136,-1436,0,0
-244,178,-265,851,2321,-1299,0,0
-110,129,-106,665,2052,-1515,0,0
94,194,184,534,1879,-1478,0,0
250,198,482,748,2502,-1173,0,0
288,-118,553,904,3988,-921,0,0
426,-345,382,453,4513,-173,0,0
510,40,368,276,3750,218,0,0
538,-117,626,277,4984,222,0,0
590,-419,870,-225,6258,943,0,0
454,29,878,-402,5825,934,0,0
149,209,792,66,5550,294,0,0
-120,-102,608,195,5252,-56,0,0
-258,-303,344,22,5330,-8,0,0
-338,-313,73,464,5674,-230,0,0
-363,-560,-132,639,6032,-550,0,0
-303,-589,-221,567,6022,-521,0,0
-242,-266,-221,602,5695,-705,0,0
-93,-14,-165,762,5452,-733,0,0
96,67,-69,745,5173,-530,0,0
281,228,49,775,4959,-465,0,0
461,477,195,769,4682,-309,0,0
576,631,418,833,4486,-284,0,0
618,419,636,810,4334,-269,0,0
620,288,757,645,3892,-184,0,0
553,495,779,511,3223,-207,0,0
340,612,655,521,2091,-499,0,0
42,182,444,557,1193,-796,0,0
-204,-306,200,522,1070,-868,0,0
-419,-473,-87,629,1504,-831,0,0
-651,-339,-411,816,2154,-943,0,0
-833,-258,-773,977,2564,-1182,0,0
-843,-389,-1022,1016,2857,-1233,0,0
-735,-430,-1025,918,3147,-1146,0,0
-581,-213,-837,870,3560,-1092,0,0
-423,131,-573,915,3744,-1143,0,0
-324,409,-298,1244,4217,-1370,0,0
-335,303,-156,1510,4465,-1567,0,0
-363,-292,-132,1331,3114,-1608,0,0
-188,-888,11,1071,2675,-1164,0,0
109,-780,13,1352,4050,-745,0,0
290,-387,-310,1582,4375,-650,0,0
389,12,-455,1300,3066,-688,0,0
479,510,-116,977,2274,-675,0,0
504,724,259,1124,2243,-635,0,0
452,380,463,1255,2351,-586,0,0
470,-1,594,960,2439,-448,0,0
593,171,674,813,2392,-413,0,0
708,518,749,833,2659,-336,0,0
646,798,772,972,3232,-254,0,0
346,823,647,1119,3410,-493,0,0
9,449,524,993,3331,-500,0,0
-333,-9,433,1053,3730,-403,0,0
-673,-574,237,1105,4338,-329,0,0
-814,-961,45,930,4547,-287,0,0
-716,-778,40,804,4901,-195,0,0
-604,-256,18,802,5164,-279,0,0
-517,-80,-109,899,5322,-384,0,0
-460,-219,-168,1059,5591,-295,0,0
-414,-349,-117,1128,6111,-189,0,0
-314,-338,4,1076,5813,-193,0,0
-140,-174,142,1069,5523,-170,0,0
30,41,177,1174,5249,-268,0,0
168,64,91,1236,5077,-263,0,0
270,-3,9,1248,5054,-227,0,0
346,-9,4,1245,4899,-178,0,0
373,-46,60,1249,4649,-225,0,0
404,-156,126,1247,4645,-239,0,0
448,-208,184,1205,4485,-221,0,0
468,-170,268,1149,4274,-222,0,0
420,-104,338,1170,4103,-242,0,0
284,-142,341,1138,3660,-274,0,0
89,-313,347,992,2865,-410,0,0
-75,-554,440,728,2005,-519,0,0
-97,-589,567,506,1677,-499,0,0
-28,-306,457,493,1622,-552,0,0
42,80,40,701,1523,-480,0,0
14,464,-411,1150,1633,-475,0,0
-187,476,-670,1468,1978,-730,0,0
-378,241,-871,1648,2667,-858,0,0
-449,248,-1094,1820,3325,-804,0,0
-459,540,-1184,1795,3618,-849,0,0
-380,763,-1101,1714,3715,-945,0,0
-275,853,-1013,1757,3967,-897,0,0
-238,766,-959,1773,4201,-1029,0,0
-232,542,-845,1570,3740,-1271,0,0
-180,238,-515,1227,2784,-1428,0,0
-11,-20,19,934,2598,-1303,0,0
125,-63,444,912,3623,-1115,0,0
115,-4,423,1001,4412,-1248,0,0
73,101,176,832,3411,-1413,0,0
84,220,177,585,2394,-1403,0,0
92,117,300,586,2333,-1244,0,0
104,-72,303,577,2527,-1015,0,0
86,35,193,460,2344,-921,0,0
-10,257,31,560,1970,-1098,0,0
-92,95,-89,668,1758,-1223,0,0
-65,-341,-136,666,2238,-928,0,0
61,-379,-185,717,3459,-387,0,0
168,23,-272,1011,4787,-79,0,0
243,161,-178,918,4881,162,0,0
349,110,243,437,4634,427,0,0
319,307,626,240,5238,565,0,0
214,719,732,588,5595,338,0,0
31,677,598,913,5279,97,0,0
-191,-44,315,765,5401,52,0,0
-308,-516,66,758,5983,37,0,0
-315,-511,-55,735,5735,-251,0,0
-155,-370,25,766,5834,-418,0,0
54,-145,31,819,5838,-211,0,0
154,118,-49,970,5612,-293,0,0
193,133,-66,944,5325,-474,0,0
209,-17,-36,964,5026,-445,0,0
220,-214,-6,953,4659,-250,0,0
286,-352,129,850,4291,-65,0,0
426,-269,363,727,4056,130,0,0
549,41,536,716,3937,218,0,0
564,353,576,836,3736,118,0,0
425,437,522,895,3308,-101,0,0
149,327,368,871,2524,-389,0,0
-156,41,181,729,1673,-764,0,0
-290,-277,75,671,1452,-1082,0,0
-340,-408,-42,744,1880,-1099,0,0
-498,-220,-288,942,2679,-1033,0,0
-768,-140,-650,1088,2777,-1354,0,0
-878,-478,-867,1035,2734,-1650,0,0
-756,-680,-859,917,3019,-1449,0,0
-651,-520,-791,909,3468,-1379,0,0
-529,-313,-670,833,3616,-1515,0,0
-319,21,-459,916,3815,-1570,0,0
-152,155,-283,1187,4277,-1688,0,0
6,-153,-164,1078,3836,-1533,0,0
235,-305,-27,826,3018,-1122,0,0
450,-43,85,878,2922,-870,0,0
572,189,45,1173,3478,-755,0,0
587,255,-133,1447,4108,-589,0,0
476,331,-293,1433,3490,-651,0,0
371,281,-198,1171,2616,-683,0,0
302,235,69,1004,2375,-571,0,0
233,189,291,1075,2205,-604,0,0
222,62,422,975,2041,-640,0,0
266,163,505,924,2064,-630,0,0
260,437,521,1122,2271,-869,0,0
206,391,471,1189,2341,-968,0,0
97,267,435,1123,2295,-835,0,0
-77,157,389,1354,3128,-947,0,0
-205,-238,227,1364,3991,-717,0,0
-277,-434,289,1249,4589,-73,0,0
-276,-229,535,948,5537,298,0,0
-302,272,690,468,5212,612,0,0
-655,323,607,340,4887,349,0,0
-1111,-687,42,426,5544,-71,0,0
-1289,-1504,-605,461,6218,355,0,0
-1241,-1035,-804,364,6386,613,0,0
-992,-149,-607,476,6407,212,0,0
-594,273,-292,730,6090,-54,0,0
-267,260,46,1042,5525,-230,0,0
65,121,277,1076,5352,-214,0,0
445,276,387,1034,4949,110,0,0
618,486,408,1320,4739,114,0,0
573,11,336,1617,4802,130,0,0
449,-825,229,1425,4744,152,0,0
439,-995,249,1086,4697,264,0,0
503,-419,397,951,4310,260,0,0
491,153,570,972,3478,-118,0,0
411,116,706,904,2421,-497,0,0
378,-279,818,641,1756,-492,0,0
379,-344,811,539,1672,-294,0,0
242,-94,460,764,1888,-297,0,0
1,82,-199,1042,2210,-482,0,0
-270,195,-881,1129,2295,-640,0,0
-520,297,-1335,1469,2437,-888,0,0
-678,-101,-1501,1727,2793,-1092,0,0
-696,-766,-1436,1565,3020,-967,0,0
-610,-838,-1191,1188,3092,-842,0,0
-337,-109,-912,1052,3653,-766,0,0
-33,924,-731,1359,4305,-725,0,0
113,1477,-598,1518,4160,-1169,0,0
265,1299,-328,1245,3147,-1206,0,0
342,992,195,968,2333,-975,0,0
268,670,733,859,3410,-982,0,0
87,299,674,761,4660,-1165,0,0
-143,2,108,773,3535,-1415,0,0
-281,-95,-120,334,2028,-1532,0,0
-254,-178,-26,69,1720,-1465,0,0
-96,-330,-38,194,2148,-1027,0,0
-27,-146,-133,257,2827,-673,0,0
-85,284,-286,353,3158,-882,0,0
-146,514,-416,510,2380,-1257,0,0
-115,224,-416,412,1869,-1265,0,0
44,-117,-386,523,2584,-692,0,0
206,32,-351,1012,4091,-185,0,0
238,169,-277,976,4933,43,0,0
281,119,14,692,4596,126,0,0
291,-75,471,388,5130,400,0,0
291,72,787,195,5819,445,0,0
344,556,905,183,6036,472,0,0
162,651,717,430,6200,-172,0,0
-18,-175,434,506,6655,-184,0,0
-156,-668,249,374,6270,-61,0,0
-197,-655,117,389,5854,-306,0,0
-20,-349,19,575,5612,-194,0,0
154,66,-37,745,5341,-76,0,0
167,99,-27,904,5120,-299,0,0
147,-167,79,734,4825,-267,0,0
178,-212,257,561,4336,-100,0,0
241,-132,423,491,4020,-53,0,0
346,-17,467,472,3844,50,0,0
424,177,406,547,3804,62,0,0
416,287,326,665,3627,-14,0,0
282,267,291,645,2842,-217,0,0
80,150,305,551,2017,-624,0,0
-28,-39,289,538,1698,-893,0,0
-71,-119,186,640,1786,-1058,0,0
-181,-70,-21,811,2275,-1044,0,0
-385,70,-383,1070,2895,-1088,0,0
-614,19,-803,1198,3263,-1283,0,0
-731,-180,-987,1038,3140,-1394,0,0
-674,-182,-807,898,2828,-1331,0,0
-548,-97,-533,876,3043,-1410,0,0
-372,-18,-342,934,3439,-1305,0,0
-262,170,-271,1154,4064,-1359,0,0
-217,165,-266,1327,4660,-1578,0,0
-129,-92,-207,1145,3980,-1528,0,0
34,-292,9,848,2597,-1174,0,0
190,-322,207,914,2586,-906,0,0
306,-354,65,1251,3785,-736,0,0
325,-311,-316,1390,4419,-540,0,0
279,-12,-533,1242,3391,-706,0,0
295,198,-302,1001,2538,-739,0,0
315,72,68,1068,2653,-503,0,0
282,-195,270,1199,2938,-340,0,0
257,-263,333,980,3029,-339,0,0
314,108,356,843,2830,-342,0,0
338,591,430,906,2488,-322,0,0
209,663,521,986,2391,-433,0,0
1,361,525,971,2559,-577,0,0
-178,65,421,830,2627,-611,0,0
-270,-47,191,859,3794,-568,0,0
-352,40,-193,750,4401,-368,0,0
-415,198,-323,352,4227,-433,0,0
-433,190,-262,232,4353,-491,0,0
-490,-113,-221,83,4753,-270,0,0
-559,-415,-211,48,5123,-470,0,0
-436,-548,-183,142,5696,-245,0,0
-220,-166,-158,169,5739,148,0,0
-110,158,-25,266,5452,-199,0,0
8,52,163,263,5715,-194,0,0
146,93,263,468,5745,105,0,0
169,181,336,499,5336,5,0,0
200,84,380,560,5442,112,0,0
288,176,395,610,5388,376,0,0
269,345,442,742,5126,238,0,0
189,216,459,822,5032,57,0,0
117,50,446,858,4778,3,0,0
55,-54,469,928,4499,-157,0,0
45,-221,472,1047,4306,-324,0,0
65,-404,412,1065,4098,-371,0,0
52,-455,328,1017,3620,-500,0,0
17,-484,300,858,2756,-680,0,0
28,-539,398,633,1945,-742,0,0
141,-494,432,529,1760,-729,0,0
259,-250,154,673,1835,-566,0,0
233,99,-352,928,2006,-444,0,0
74,264,-836,1271,2286,-610,0,0
-134,80,-1105,1566,2441,-852,0,0
-260,-242,-1153,1550,2549,-865,0,0
-257,-371,-1005,1467,2925,-668,0,0
-198,-61,-781,1463,3410,-657,0,0
-94,445,-593,1502,3640,-779,0,0
1,805,-437,1560,3815,-837,0,0
-1,856,-313,1654,4211,-854,0,0
-106,610,-255,1625,4277,-1099,0,0
-168,167,-99,1140,2946,-1405,0,0
-62,-274,289,605,2251,-1326,0,0
156,-551,523,310,3335,-940,0,0
347,-104,481,283,4524,-533,0,0
263,933,289,499,4342,-723,0,0
-107,1179,11,867,2944,-1698,0,0
-369,46,-152,707,1942,-1779,0,0
-403,-925,-224,440,1902,-1184,0,0
-349,-813,-326,489,2268,-985,0,0
-274,-198,-503,565,2417,-949,0,0
-218,257,-619,766,2299,-1096,0,0
-162,223,-577,871,2549,-1235,0,0
-39,-34,-427,696,3183,-711,0,0
120,57,-280,784,4619,-293,0,0
257,209,-107,711,4816,-62,0,0
330,243,328,408,3880,74,0,0
309,73,808,227,4438,202,0,0
317,91,1000,122,5139,406,0,0
299,359,936,358,5065,417,0,0
124,152,758,285,5215,208,0,0
-71,-230,476,165,5474,112,0,0
-185,-206,178,349,6003,99,0,0
-293,-78,-104,639,6148,-274,0,0
-333,-354,-263,821,6035,-419,0,0
-290,-593,-234,662,5606,-264,0,0
-150,-400,-129,458,5373,-215,0,0
52,32,-92,669,5080,-226,0,0
201,188,-59,858,4933,-307,0,0
292,14,65,835,4744,-214,0,0
354,-36,237,643,4388,-10,0,0
380,35,372,640,4095,61,0,0
344,-67,422,586,3812,25,0,0
315,-24,383,527,3601,-59,0,0
257,179,300,610,3206,-161,0,0
66,134,180,600,2368,-407,0,0
-145,-91,76,427,1763,-625,0,0
-261,-194,-26,483,1875,-751,0,0
-350,-208,-178,472,2436,-915,0,0
-397,-100,-346,661,2977,-904,0,0
-508,98,-486,845,3311,-1052,0,0
-628,56,-565,846,3360,-1257,0,0
-676,-121,-555,839,3170,-1396,0,0
-573,-240,-471,740,3052,-1460,0,0
-354,-76,-317,607,2961,-1311,0,0
-178,323,-225,854,3294,-1309,0,0
-121,383,-265,1255,4413,-1409,0,0
-145,113,-417,1447,5124,-1537,0,0
-104,-186,-485,1121,3526,-1499,0,0
55,-420,-205,886,2174,-1188,0,0
226,-742,45,1054,2747,-888,0,0
390,-870,-69,1305,4178,-521,0,0
427,-441,-390,1381,4557,-425,0,0
475,171,-489,1240,3474,-592,0,0
537,626,-158,1039,2787,-439,0,0
470,646,287,1126,2783,-217,0,0
283,225,648,989,2672,-126,0,0
147,33,843,476,2389,-124,0,0
173,281,814,276,2274,-194,0,0
235,611,624,171,2731,109,0,0
42,888,300,295,3207,208,0,0
-365,412,-16,700,4076,-253,0,0
-796,-459,-205,249,4085,-289,0,0
-1003,-843,-177,-4,3701,-50,0,0
-903,-619,-35,-47,4222,289,0,0
-689,48,-15,240,4783,335,0,0
-555,331,-18,429,4691,258,0,0
-539,103,60,331,5105,186,0,0
-506,-83,73,337,5106,171,0,0
-442,-16,105,389,4818,241,0,0
-358,-71,142,531,5214,275,0,0
-170,-277,121,589,5556,528,0,0
94,-216,130,607,5846,859,0,0
226,-91,210,643,5760,918,0,0
199,-159,287,536,5370,820,0,0
187,-217,357,533,4969,750,0,0
234,-196,367,643,4830,771,0,0
325,-245,328,688,4569,727,0,0
485,-219,363,681,4436,729,0,0
600,-20,468,761,4351,557,0,0
634,92,586,873,4264,406,0,0
576,90,653,988,4244,250,0,0
474,17,622,995,3982,47,0,0
384,-42,579,892,3440,-86,0,0
249,-63,548,769,2643,-251,0,0
97,-168,511,670,2212,-425,0,0
17,-236,304,723,2216,-390,0,0
-95,-93,-196,1112,2293,-375,0,0
-246,-126,-762,1806,2650,-616,0,0
-443,-363,-1096,2044,2666,-749,0,0
-664,-320,-1197,1982,2590,-892,0,0
-718,-87,-1114,1708,2546,-1153,0,0
-474,108,-939,1701,2489,-1155,0,0
-175,167,-792,1554,2721,-908,0,0
74,340,-670,1386,3426,-715,0,0
339,739,-553,1411,4473,-663,0,0
510,1278,-481,1570,5058,-605,0,0
396,1515,-380,1424,3768,-1042,0,0
177,954,-16,865,2167,-1393,0,0
9,-165,285,642,2816,-1314,0,0
40,-967,194,499,4196,-791,0,0
79,-382,74,232,3801,-528,0,0
79,661,37,180,2656,-1067,0,0
127,827,87,273,2171,-1194,0,0
151,431,75,198,2152,-888,0,0
160,337,-86,249,2226,-729,0,0
133,493,-278,365,2290,-750,0,0
29,377,-463,471,2350,-901,0,0
-11,115,-554,498,2887,-697,0,0
-35,103,-547,738,3680,-385,0,0
-102,7,-508,1023,4798,-357,0,0
-180,-241,-420,971,4638,-294,0,0
-143,-471,-83,650,4388,-114,0,0
26,-456,422,418,4987,228,0,0
245,-186,900,377,5120,343,0,0
438,141,1232,359,5373,389,0,0
433,474,1358,325,5413,160,0,0
325,421,1225,826,5755,-15,0,0
140,-36,957,932,5792,84,0,0
-23,-319,710,854,5687,31,0,0
-52,-254,570,998,5651,70,0,0
-69,-83,465,1057,5409,-93,0,0
-60,-107,373,1055,5079,-204,0,0
-19,-193,292,1086,4734,-164,0,0
5,-262,221,1041,4435,-139,0,0
49,-326,180,994,4265,-81,0,0
144,-359,137,922,4185,81,0,0
252,-157,78,914,3982,170,0,0
269,35,-12,1041,3915,62,0,0
199,58,-162,1112,3772,-15,0,0
8,110,-345,1058,3026,-212,0,0
-275,71,-415,900,1965,-705,0,0
-462,-173,-394,927,1696,-1154,0,0
-533,-344,-492,959,2015,-1508,0,0
-528,-313,-680,1009,2481,-1343,0,0
-542,-167,-897,1206,3333,-1085,0,0
-573,-119,-1023,1197,3482,-1219,0,0
-480,-114,-877,1000,3050,-1347,0,0
-239,52,-508,850,3055,-1183,0,0
-9,348,-136,923,3263,-1061,0,0
147,582,123,1081,3553,-1039,0,0
189,659,155,1272,4300,-1041,0,0
112,569,51,1423,4547,-1218,0,0
-1,105,39,1226,3025,-1395,0,0
-15,-663,279,868,1912,-1105,0,0
95,-972,467,723,2570,-638,0,0
214,-568,213,1076,4322,-569,0,0
173,-7,-469,1403,4495,-706,0,0
153,258,-946,1275,3088,-831,0,0
191,304,-839,1010,2527,-705,0,0
178,98,-534,985,2644,-569,0,0
175,-122,-208,919,2655,-466,0,0
249,75,140,753,2516,-433,0,0
321,432,335,760,2430,-421,0,0
304,539,373,727,2454,-437,0,0
210,348,349,778,2847,-500,0,0
115,46,289,675,3547,-374,0,0
5,37,311,460,3832,-245,0,0
-149,135,421,393,4063,-149,0,0
-368,69,422,330,4371,-221,0,0
-503,-341,355,408,4448,-264,0,0
-551,-668,414,272,4478,-191,0,0
-485,-588,486,338,5151,-154,0,0
-384,-285,446,446,5290,-154,0,0
-318,-102,394,640,5331,-325,0,0
-211,-133,379,783,5820,-198,0,0
-73,-57,347,817,5820,26,0,0
-6,71,343,894,5689,18,0,0
23,46,302,950,5773,30,0,0
44,-12,202,981,5400,179,0,0
-6,-32,140,1011,5105,141,0,0
-58,-157,126,968,4772,30,0,0
-33,-237,154,1000,4503,61,0,0
30,-230,180,1052,4385,21,0,0
108,-237,191,1129,4125,-18,0,0
97,-449,170,1253,4094,-75,0,0
35,-685,84,1150,4134,-121,0,0
31,-492,28,1023,3885,-118,0,0
5,-127,34,1020,3227,-388,0,0
-26,-193,118,914,2416,-606,0,0
20,-334,235,724,2047,-587,0,0
95,-126,154,760,1983,-664,0,0
107,119,-206,1080,1892,-595,0,0
-26,113,-696,1315,2051,-742,0,0
-134,41,-1025,1464,2511,-889,0,0
-173,80,-1097,1527,3012,-961,0,0
-134,87,-1019,1544,3286,-945,0,0
-24,138,-833,1351,3486,-825,0,0
136,499,-572,1267,3453,-761,0,0
264,873,-352,1371,3606,-826,0,0
346,957,-237,1456,4121,-736,0,0
296,964,-236,1509,4369,-662,0,0
103,878,-233,1370,3269,-1031,0,0
-21,383,-10,1055,2082,-1184,0,0
-10,-160,358,897,2091,-943,0,0
43,-415,575,957,3619,-847,0,0
32,-301,420,959,4737,-851,0,0
-87,233,157,714,3599,-1140,0,0
-193,587,165,618,2171,-1567,0,0
-2296,109,283,658,1836,-1512,0,0
-206,-642,220,502,2095,-1157,0,0
-138,-632,58,235,2052,-834,0,0
-99,5,-135,278,2092,-1039,0,0
-21,373,-351,581,2751,-1075,0,0
2,358,-537,804,3583,-650,0,0
-57,35,-639,1030,4752,-522,0,0
-60,-424,-623,675,4760,-369,0,0
148,-333,-285,275,4234,100,0,0
306,280,121,414,4869,322,0,0
290,469,329,694,5151,-134,0,0
353,109,490,451,5156,231,0,0
296,74,626,359,5393,225,0,0
205,52,637,151,5736,58,0,0
166,269,441,110,6019,28,0,0
25,391,146,603,5955,-404,0,0
-175,-57,-73,754,5936,-642,0,0
-235,-518,-113,520,5548,-616,0,0
-101,-447,-19,396,4989,-409,0,0
75,-28,61,616,4869,-301,0,0
215,161,116,638,4630,-226,0,0
311,226,231,567,4408,-31,0,0
329,248,363,639,4189,87,0,0
264,56,439,629,4010,139,0,0
189,-22,452,506,3803,162,0,0
78,224,354,553,3351,9,0,0
-163,275,145,704,2601,-348,0,0
-473,-56,-99,672,1990,-807,0,0
-623,-465,-328,673,1919,-1100,0,0
-694,-630,-514,696,2321,-1164,0,0
-828,-591,-700,911,3093,-1390,0,0
-952,-710,-881,1006,3713,-1562,0,0
-993,-952,-903,893,3398,-1676,0,0
-777,-1039,-651,504,2872,-1674,0,0
-327,-532,-353,286,2768,-1295,0,0
63,446,-190,572,3049,-1151,0,0
251,1039,-127,1059,3477,-1265,0,0
229,937,-104,1461,4359,-1361,0,0
158,420,-158,1651,4970,-1310,0,0
128,-210,-159,1346,3591,-1143,0,0
205,-713,96,1005,2651,-771,0,0
407,-770,301,1052,3620,-385,0,0
610,-357,294,1159,3900,-268,0,0
733,94,383,977,3362,-208,0,0
707,504,688,876,2722,-295,0,0
568,547,935,1022,2819,-389,0,0
392,225,912,1172,3070,-252,0,0
150,-111,670,997,2674,-282,0,0
-8,-207,429,643,2253,-365,0,0
-26,25,264,578,2303,-382,0,0
-57,268,114,684,2756,-448,0,0
-172,284,-77,706,3034,-481,0,0
-318,186,-274,820,3494,-599,0,0
-426,94,-448,815,3843,-574,0,0
-532,24,-465,825,3774,-573,0,0
-541,-232,-363,747,4347,-418,0,0
-402,-168,-267,542,4930,-27,0,0
-264,204,-173,429,4745,-36,0,0
-159,335,-59,508,4965,-82,0,0
-76,182,12,410,5018,-13,0,0
-18,137,134,417,4819,-71,0,0
24,192,208,524,5311,-41,0,0
24,219,-2,804,5691,-21,0,0
10,66,-209,826,5834,19,0,0
25,-39,-104,575,5820,118,0,0
117,19,184,349,5647,230,0,0
250,303,390,209,5150,316,0,0
291,513,365,497,4836,116,0,0
205,169,192,756,4606,-12,0,0
66,-296,56,783,4492,-57,0,0
-23,-458,39,896,4324,-249,0,0
-44,-591,81,1073,4027,-498,0,0
-36,-885,96,1116,3759,-633,0,0
7,-1103,90,1008,3596,-758,0,0
165,-1042,138,827,3372,-706,0,0
350,-555,316,668,2739,-569,0,0
441,-96,603,601,2160,-681,0,0
515,111,827,625,1996,-654,0,0
533,413,737,814,2270,-539,0,0
418,756,315,1178,2749,-582,0,0
162,534,-247,1402,2613,-748,0,0
-116,-35,-648,1230,2369,-817,0,0
-279,-307,-813,1157,2710,-853,0,0
-272,-327,-853,1071,3121,-741,0,0
-203,-7,-819,995,3327,-610,0,0
-142,546,-729,1055,3499,-726,0,0
-120,895,-639,1268,3738,-854,0,0
-176,791,-624,1421,4197,-924,0,0
-266,489,-674,1346,3994,-942,0,0
-341,262,-625,1066,2639,-1110,0,0
-298,105,-300,791,2138,-1028,0,0
-195,172,59,908,3285,-969,0,0
-170,210,84,1121,4520,-1075,0,0
-224,211,-119,839,3594,-1201,0,0
-194,372,-38,518,2374,-1229,0,0
-170,451,181,648,2375,-1238,0,0
-190,142,136,728,2661,-1118,0,0
-270,-82,-72,681,2476,-1087,0,0
-336,-80,-273,636,2375,-1340,0,0
-267,-133,-406,641,2635,-1144,0,0
-128,-105,-405,507,3114,-419,0,0
7,279,-304,486,4185,43,0,0
103,469,-145,644,4674,131,0,0
129,138,177,367,4302,292,0,0
88,-221,524,143,4559,443,0,0
71,-341,611,-33,5126,522,0,0
203,-90,544,-127,5206,594,0,0
286,169,522,6,5738,913,0,0
-27,-262,378,140,5669,265,0,0
-226,-1067,150,69,5614,221,0,0
-161,-729,12,28,5229,417,0,0
2,165,7,336,5352,337,0,0
53,513,33,661,5461,52,0,0
49,145,43,828,5198,-72,0,0
65,-201,90,757,4851,-29,0,0
153,-200,198,692,4778,-78,0,0
320,-107,332,658,4484,9,0,0
470,-19,497,640,4388,178,0,0
522,31,644,495,4278,224,0,0
506,20,698,381,4035,329,0,0
427,-64,646,437,3886,366,0,0
341,-76,523,451,3938,352,0,0
249,6,380,604,3891,299,0,0
81,82,229,718,3385,69,0,0
-175,102,96,794,2606,-523,0,0
-345,-135,-30,878,2200,-1156,0,0
-364,-271,-164,856,2239,-1223,0,0
-447,-93,-359,1075,2678,-1159,0,0
-591,-58,-637,1260,3177,-1387,0,0
-611,-230,-849,1136,3016,-1510,0,0
-498,-326,-811,1000,2831,-1434,0,0
-302,-255,-619,871,3041,-1328,0,0
-86,60,-456,868,3290,-1210,0,0
65,475,-368,1081,3466,-1307,0,0
108,500,-358,1323,3839,-1452,0,0
60,194,-359,1333,4090,-1462,0,0
32,-113,-287,1260,3736,-1474,0,0
123,-445,-114,984,2727,-1260,0,0
312,-539,127,897,2527,-828,0,0
454,-392,177,1096,3647,-711,0,0
522,-94,-54,1394,4601,-531,0,0
417,204,-356,1465,3764,-649,0,0
320,189,-322,1160,2366,-684,0,0
201,-9,-39,1062,2162,-506,0,0
33,-338,123,1222,2713,-523,0,0
-30,-497,142,1071,2977,-498,0,0
18,-196,154,920,2710,-481,0,0
63,168,216,972,2660,-577,0,0
10,209,337,939,2662,-626,0,0
-141,110,528,898,2863,-727,0,0
-226,-80,675,898,3531,-789,0,0
-200,-320,825,884,3796,-511,0,0
-114,-506,1064,634,4253,-76,0,0
62,-162,1326,415,4868,368,0,0
108,444,1472,742,4802,235,0,0
3,311,1494,903,4608,66,0,0
-151,-2,1306,794,4669,134,0,0
-319,100,903,907,4581,-57,0,0
-467,217,437,1200,4507,-377,0,0
-598,25,-103,1854,5038,-588,0,0
-645,-380,-644,2185,5642,-647,0,0
-502,-511,-843,2019,5851,-369,0,0
-253,-177,-736,1775,5786,-79,0,0
-51,271,-560,1741,5249,-204,0,0
89,342,-445,1764,5043,-194,0,0
138,41,-413,1707,4563,-29,0,0
65,-426,-399,1547,4332,56,0,0
7,-609,-379,1354,4151,43,0,0
48,-477,-286,1334,4047,85,0,0
104,-417,-133,1381,4174,89,0,0
190,-357,29,1302,4152,19,0,0
268,-56,267,1229,3782,-55,0,0
182,145,468,1299,3420,-365,0,0
54,-41,476,1231,3093,-779,0,0
124,-317,452,909,2495,-774,0,0
225,-173,489,751,1986,-597,0,0
156,44,367,863,1853,-689,0,0
7,55,21,910,1855,-569,0,0
-204,163,-428,1071,2237,-586,0,0
-402,225,-869,1473,2759,-736,0,0
-591,-103,-1254,1751,3082,-760,0,0
-758,-591,-1435,1617,3366,-765,0,0
-739,-720,-1333,1237,3608,-800,0,0
-491,-184,-1058,1012,3576,-623,0,0
-216,686,-738,1092,3723,-587,0,0
-22,1193,-486,1317,4064,-657,0,0
88,1227,-361,1409,4473,-589,0,0
96,1074,-284,1309,4016,-639,0,0
45,657,-147,989,3211,-813,0,0
59,144,73,492,2575,-758,0,0
204,112,337,16,2257,-533,0,0
356,672,453,84,2965,-536,0,0
357,1166,258,648,4224,-674,0,0
6,1091,-132,887,3561,-967,0,0
-428,308,-339,536,2323,-1387,0,0
-556,-514,-316,295,2339,-1175,0,0
-471,-621,-360,79,2483,-700,0,0
-343,-26,-532,232,2521,-820,0,0
-187,232,-659,577,2936,-962,0,0
-30,208,-594,587,3449,-406,0,0
85,411,-353,680,4376,-41,0,0
208,349,-18,708,4364,-16,0,0
282,-321,429,371,3807,440,0,0
309,-566,839,118,4330,747,0,0
388,-200,1016,160,4667,720,0,0
404,-30,1021,169,4588,802,0,0
267,-154,968,52,4851,698,0,0
117,-170,854,-111,5048,643,0,0
34,-8,680,93,5374,525,0,0
-43,51,454,119,5433,433,0,0
-146,30,191,348,5605,147,0,0
-184,-106,-96,652,6324,16,0,0
-185,-130,-371,863,6142,-142,0,0
-144,-242,-525,1060,5791,-291,0,0
-45,-478,-495,981,5489,-261,0,0
129,-504,-357,729,5114,-131,0,0
387,-159,-138,662,4754,33,0,0
623,302,162,557,4465,218,0,0
693,385,415,470,4306,301,0,0
682,169,541,348,4054,432,0,0
632,187,566,179,3876,529,0,0
520,357,467,333,3704,350,0,0
320,353,291,537,3150,63,0,0
-19,114,131,597,2099,-508,0,0
-294,-331,73,669,1548,-1053,0,0
-402,-765,-26,736,1759,-1307,0,0
-465,-775,-250,770,2169,-1211,0,0
-522,-372,-578,855,2700,-1094,0,0
-553,4,-805,964,2964,-1177,0,0
-519,76,-784,1046,3155,-1310,0,0
-435,-38,-537,935,3307,-1331,0,0
-324,-59,-187,869,3376,-1323,0,0
-201,81,114,947,3385,-1395,0,0
-86,107,265,1022,3616,-1479,0,0
22,-14,313,1028,3970,-1485,0,0
113,-67,338,1052,4352,-1459,0,0
197,-67,318,1038,4138,-1385,0,0
280,-181,337,873,3026,-1198,0,0
341,-302,433,813,2372,-958,0,0
384,-378,383,1035,2872,-782,0,0
376,-480,26,1526,4158,-585,0,0
245,-469,-494,1544,4139,-614,0,0
235,-169,-629,1216,3015,-583,0,0
265,274,-285,915,2521,-441,0,0
224,496,65,1161,2642,-421,0,0
104,262,213,1225,2810,-541,0,0
59,77,229,960,2572,-586,0,0
95,283,217,885,2345,-596,0,0
101,384,207,1026,2668,-797,0,0
77,117,158,981,3162,-804,0,0
16,148,132,898,3352,-728,0,0
-62,260,4,1087,4033,-880,0,0
-114,97,-76,931,4018,-601,0,0
-165,32,141,747,3872,-410,0,0
-262,-63,384,528,4095,-280,0,0
-361,-98,393,511,4359,-185,0,0
-490,-81,280,609,4168,-353,0,0
-563,-320,133,564,4488,-280,0,0
-497,-301,-9,498,4819,26,0,0
-409,79,-98,573,4942,-17,0,0
-369,121,-126,817,4935,-293,0,0
-328,-247,-129,860,5199,-278,0,0
-208,-274,-140,851,5568,-194,0,0
-18,107,-118,866,5551,-170,0,0
161,375,-36,998,5459,-159,0,0
244,273,41,1013,5229,-82,0,0
217,57,69,901,4911,-101,0,0
223,-31,105,848,4838,-6,0,0
259,56,144,885,4572,89,0,0
210,-11,203,955,4233,-89,0,0
138,-297,280,949,4049,-168,0,0
119,-435,338,937,3848,-146,0,0
141,-416,340,1023,3820,-252,0,0
139,-435,262,1032,3551,-419,0,0
115,-488,229,957,3219,-506,0,0
101,-507,306,875,2979,-564,0,0
113,-444,417,757,2674,-619,0,0
135,-153,473,737,2364,-763,0,0
159,156,350,982,2341,-961,0,0
163,218,0,1301,2701,-884,0,0
60,183,-422,1423,2996,-827,0,0
-82,240,-705,1385,2829,-995,0,0
-178,253,-811,1387,2578,-1096,0,0
-213,56,-868,1349,2708,-1005,0,0
-183,-56,-882,1217,2942,-966,0,0
-56,146,-870,1099,3091,-852,0,0
114,587,-811,1094,3352,-822,0,0
287,957,-669,1234,3950,-795,0,0
359,1192,-537,1351,4637,-706,0,0
273,1292,-439,1227,3905,-842,0,0
113,1048,-209,923,2358,-1036,0,0
-87,520,96,887,2557,-1071,0,0
-326,-140,126,952,3465,-1181,0,0
-546,-608,-109,817,3087,-1294,0,0
-630,-627,-277,565,2380,-1309,0,0
-575,-394,-264,478,2323,-1333,0,0
-433,-141,-284,606,2589,-1166,0,0
-366,29,-395,667,2506,-1085,0,0
-331,90,-432,607,2491,-1182,0,0
-253,142,-362,715,2883,-857,0,0
-292,60,-195,766,3480,-573,0,0
-267,-378,-29,857,4757,-477,0,0
-32,-762,197,445,4655,276,0,0
295,-558,640,-166,4271,900,0,0
557,216,1146,-267,4982,943,0,0
600,886,1335,-253,4963,637,0,0
472,658,1157,246,5007,504,0,0
151,2,806,58,5134,525,0,0
-189,-358,418,110,5042,37,0,0
-206,-434,215,309,5481,84,0,0
-114,-125,-35,384,5620,223,0,0
-39,135,-269,736,5638,-21,0,0
22,129,-369,910,5762,-141,0,0
36,30,-361,851,5649,-202,0,0
82,-34,-264,835,5336,-162,0,0
168,-7,-97,796,5039,-63,0,0
266,68,60,703,4699,108,0,0
297,2,180,664,4416,202,0,0
301,-158,332,554,4159,320,0,0
311,7,496,428,3920,415,0,0
248,289,520,665,3797,220,0,0
107,243,392,862,3439,-56,0,0
-119,55,184,850,2591,-469,0,0
-277,-141,26,805,1808,-994,0,0
-273,-236,-95,787,1545,-1194,0,0
-319,-151,-248,862,1794,-1212,0,0
-397,-104,-448,1007,2676,-1203,0,0
-428,-106,-696,1169,3503,-1176,0,0
-467,-96,-878,1193,3643,-1286,0,0
-474,-151,-803,1115,3242,-1429,0,0
-390,-342,-533,1031,3097,-1370,0,0
-214,-402,-247,977,3343,-1130,0,0
-72,-156,-57,1165,3946,-1002,0,0
-64,-103,-32,1519,4762,-1125,0,0
-123,-568,-81,1481,4200,-1251,0,0
-61,-1200,71,995,2753,-975,0,0
155,-1321,439,642,2209,-549,0,0
409,-812,568,903,3053,-165,0,0
461,-300,274,1257,3937,-147,0,0
373,-95,-109,1390,3787,-383,0,0
300,62,-205,1116,3109,-419,0,0
204,240,-7,993,2877,-281,0,0
22,148,178,1196,2962,-447,0,0
-93,-186,240,1011,2625,-629,0,0
-39,-234,298,733,2149,-563,0,0
79,112,389,678,2127,-531,0,0
191,429,504,717,2389,-485,0,0
212,563,651,806,2561,-426,0,0
202,481,688,1042,3605,-536,0,0
266,246,581,895,3941,-116,0,0
200,491,520,723,4080,380,0,0
-110,917,262,837,4552,177,0,0
-389,629,-80,996,4806,-114,0,0
-533,44,-257,739,4951,213,0,0
-601,-174,-302,641,5242,297,0,0
-517,-80,-360,567,5096,276,0,0
-397,171,-374,608,4750,157,0,0
-302,293,-339,814,5095,-46,0,0
-173,192,-305,958,5420,139,0,0
-79,230,-238,1021,5567,259,0,0
-15,245,-166,1114,5654,184,0,0
89,200,-102,1151,5574,357,0,0
124,171,31,1177,5334,384,0,0
143,92,207,1047,5270,303,0,0
207,142,387,1011,4824,311,0,0
188,165,521,1139,4641,172,0,0
101,-120,497,1208,4575,-48,0,0
57,-444,404,1191,4314,-92,0,0
49,-601,315,1215,4195,-159,0,0
57,-799,262,1109,3770,-273,0,0
117,-959,312,902,3081,-370,0,0
225,-883,436,685,2367,-543,0,0
412,-628,542,549,2127,-537,0,0
596,-103,493,573,2065,-286,0,0
572,419,202,890,1914,-286,0,0
381,266,-284,1288,1979,-479,0,0
161,-119,-741,1410,2264,-559,0,0
-5,-67,-985,1724,2761,-543,0,0
-119,-14,-987,1849,2886,-628,0,0
-129,57,-751,1695,2763,-627,0,0
-86,345,-486,1657,2853,-621,0,0
-31,613,-368,1710,3122,-665,0,0
-7,726,-335,1645,3448,-707,0,0
-33,730,-317,1621,3645,-768,0,0
-73,499,-307,1557,3954,-829,0,0
-101,294,-255,1388,3739,-806,0,0
-149,158,-121,1165,3243,-964,0,0
-151,-74,88,864,2785,-1030,0,0
-118,-207,248,744,2994,-983,0,0
-115,-177,160,836,3898,-1007,0,0
-193,19,-61,760,3436,-1183,0,0
-227,176,-118,478,2256,-1339,0,0
-173,171,-101,552,2107,-1226,0,0
-196,16,-260,677,2468,-1028,0,0
-308,-68,-560,791,2677,-1078,0,0
-376,-83,-823,822,2920,-1297,0,0
-271,-89,-848,908,3103,-1042,0,0
-66,-151,-592,981,3866,-453,0,0
119,-103,-183,768,4468,168,0,0
246,127,231,479,4341,368,0,0
378,325,578,342,4351,493,0,0
403,439,713,167,4700,672,0,0
313,573,611,162,4791,607,0,0
139,435,502,300,4993,448,0,0
-81,44,372,139,5158,302,0,0
-210,-166,222,137,5344,215,0,0
-237,-196,34,299,5648,4,0,0
-170,-249,-148,537,5852,-3,0,0
-121,-235,-237,583,5609,-68,0,0
-9,-101,-206,443,5525,9,0,0
129,169,-108,606,5228,2,0,0
194,157,16,752,4935,-49,0,0
239,4,154,624,4659,120,0,0
283,79,245,587,4468,288,0,0
270,-30,313,546,4081,285,0,0
280,-119,402,240,3705,395,0,0
326,248,508,86,3412,483,0,0
297,496,513,316,3376,413,0,0
147,263,365,644,3688,314,0,0
-76,14,100,879,3838,139,0,0
-373,-91,-116,987,3206,-265,0,0
-651,-147,-159,955,2572,-953,0,0
-698,-218,-175,1026,2476,-1633,0,0
-584,-351,-313,1175,2694,-1468,0,0
-541,-510,-575,1529,3200,-1276,0,0
-504,-591,-707,1364,3453,-1645,0,0
-284,-518,-550,1106,3435,-1692,0,0
21,-417,-202,971,3229,-1463,0,0
343,-193,184,868,3029,-1147,0,0
594,147,536,877,2937,-884,0,0
665,329,715,1072,3428,-777,0,0
528,269,575,1386,4255,-789,0,0
260,-143,183,1385,3376,-1044,0,0
151,-783,35,984,2191,-851,0,0
196,-983,72,959,2935,-296,0,0
227,-642,-169,1303,4231,-101,0,0
139,-185,-623,1427,4215,-289,0,0
17,125,-812,1225,3001,-506,0,0
-78,278,-603,1013,2380,-502,0,0
-189,152,-336,1059,2610,-543,0,0
-233,-91,-160,1005,2635,-587,0,0
-158,-8,-53,797,2432,-536,0,0
-63,353,61,739,2295,-590,0,0
2,565,168,825,2578,-684,0,0
2,536,199,803,2619,-612,0,0
-43,367,182,893,3396,-623,0,0
-34,146,81,835,4301,-428,0,0
-81,184,117,598,3962,-171,0,0
-242,244,268,367,3899,-198,0,0
-407,74,302,126,4403,-199,0,0
-508,-223,94,-215,4519,-82,0,0
-516,-481,-165,208,4834,46,0,0
-488,-525,-294,164,5250,482,0,0
-365,-109,-321,-10,5435,518,0,0
-175,520,-137,166,5159,315,0,0
-63,781,150,373,5516,162,0,0
-6,509,290,464,5887,263,0,0
-31,245,242,462,5593,259,0,0
-114,4,128,525,5491,29,0,0
-100,-289,54,579,5429,226,0,0
-9,-224,91,505,5340,403,0,0
132,27,198,484,5291,386,0,0
282,205,312,489,5052,500,0,0
278,269,398,676,4736,307,0,0
174,-28,405,886,4655,36,0,0
98,-426,375,910,4313,-23,0,0
63,-523,381,903,3927,-149,0,0
19,-478,354,937,3466,-494,0,0
-13,-641,337,837,2790,-782,0,0
90,-880,415,532,2156,-868,0,0
326,-737,449,343,1832,-660,0,0
540,-119,192,495,1822,-399,0,0
650,534,-310,924,2053,-271,0,0
575,582,-811,1584,2437,-453,0,0
360,164,-1075,1782,2723,-741,0,0
217,120,-1011,1492,2804,-758,0,0
209,407,-732,1413,2850,-667,0,0
258,589,-444,1581,2950,-589,0,0
254,577,-276,1604,3388,-700,0,0
209,481,-226,1580,3851,-820,0,0
125,386,-284,1561,4225,-839,0,0
-13,367,-299,1313,3665,-921,0,0
-172,286,-61,964,2432,-1088,0,0
-234,-66,264,675,2051,-1095,0,0
-166,-348,390,427,2732,-876,0,0
-134,-125,199,742,3916,-739,0,0
-294,270,-157,909,3834,-1116,0,0
-435,325,-274,561,2484,-1543,0,0
-388,82,-116,466,2135,-1459,0,0
-299,-204,-78,454,2588,-1107,0,0
-292,-188,-266,640,2844,-1090,0,0
-334,-107,-517,667,2602,-1421,0,0
-266,-167,-586,558,2542,-1416,0,0
-113,-207,-496,672,3640,-792,0,0
51,-108,-413,720,5040,-405,0,0
261,54,-188,418,4548,7,0,0
391,69,249,457,4482,213,0,0
328,-198,491,286,4998,173,0,0
357,-192,533,51,5050,355,0,0
392,325,607,76,4972,515,0,0
223,457,685,157,4971,165,0,0
23,46,654,216,5301,-33,0,0
-94,-136,451,319,5646,-174,0,0
-151,-66,158,416,5688,-240,0,0
-147,-59,-2,555,5810,-513,0,0
-13,-19,-5,583,5671,-380,0,0
27,144,0,553,5058,-390,0,0
20,129,8,609,4698,-588,0,0
86,-63,16,544,4523,-322,0,0
192,-23,42,440,4583,69,0,0
284,238,125,331,4480,276,0,0
339,290,231,439,4452,286,0,0
350,110,338,571,4637,274,0,0
296,89,344,812,4679,-7,0,0
164,82,268,904,3873,-505,0,0
-20,-122,293,694,2158,-1466,0,0
3,-569,424,445,1074,-2037,0,0
213,-645,280,538,1243,-1442,0,0
272,-255,-107,1192,1800,-1188,0,0
251,-10,-389,1358,2620,-1335,0,0
273,274,-475,1374,3103,-1396,0,0
248,489,-325,1275,3263,-1361,0,0
88,371,-68,1366,3146,-1453,0,0
-100,-93,94,1340,2953,-1505,0,0
-161,-390,136,1100,2755,-1508,0,0
-149,-283,129,1023,2724,-1450,0,0
-177,-76,93,1104,2873,-1510,0,0
-231,-90,11,1283,3332,-1605,0,0
-283,-279,-94,1294,3353,-1660,0,0
-240,-472,-76,1090,2664,-1526,0,0
-55,-487,42,1193,2779,-1067,0,0
96,-290,-40,1694,4195,-944,0,0
130,-5,-294,1934,4340,-907,0,0
75,303,-329,1777,3005,-1036,0,0
2,337,-90,1557,2093,-1080,0,0
-134,44,73,1672,2162,-1011,0,0
-246,-230,42,1670,2426,-1080,0,0
-186,-245,-53,1501,2326,-1031,0,0
-40,-32,8,1305,2195,-768,0,0
15,144,179,1206,2207,-805,0,0
87,199,341,1159,2931,-806,0,0
87,280,489,1157,3360,-452,0,0
-127,58,555,1336,4213,-621,0,0
-189,-423,540,745,4189,-435,0,0
-185,-126,776,316,3822,-60,0,0
-363,298,743,472,4150,-380,0,0
-448,104,422,831,4541,-508,0,0
-491,-253,188,589,4461,-238,0,0
-571,-214,86,515,4494,-324,0,0
-542,-88,-106,827,4992,-382,0,0
-456,-68,-302,755,4791,-386,0,0
-326,48,-312,812,4602,-458,0,0
-163,223,-424,1161,5214,-374,0,0
-26,226,-669,1357,5961,-190,0,0
88,240,-673,1261,5978,-115,0,0
204,378,-327,1029,5584,-250,0,0
303,425,16,1065,5312,-248,0,0
345,326,150,1112,4805,-285,0,0
394,198,135,1046,4634,-228,0,0
399,149,82,1063,4274,-381,0,0
357,-52,59,1088,4156,-549,0,0
322,-269,108,1017,4068,-524,0,0
298,-376,173,1227,4085,-641,0,0
244,-790,180,1301,4037,-732,0,0
241,-941,226,1098,3771,-714,0,0
318,-441,353,1060,3275,-663,0,0
293,-52,449,1211,2701,-1032,0,0
213,-246,511,1054,2024,-1315,0,0
149,-466,591,992,1502,-1302,0,0
81,-631,496,1176,1811,-1150,0,0
-20,-723,204,1358,2418,-998,0,0
-77,-598,-218,1527,2927,-1094,0,0
-10,-416,-485,1497,2899,-1085,0,0
116,-73,-398,1376,2636,-925,0,0
176,337,-107,1329,2600,-1013,0,0
188,577,98,1333,2658,-1253,0,0
215,695,69,1355,2644,-1184,0,0
158,696,-162,1534,2881,-1149,0,0
26,521,-468,1518,3608,-1170,0,0
-126,560,-750,1454,3925,-1224,0,0
-286,594,-884,1279,2914,-1545,0,0
-249,277,-716,1086,2261,-1547,0,0
-111,-59,-393,906,2759,-1230,0,0
-65,50,-118,951,3918,-1170,0,0
-111,469,-120,1082,4332,-1537,0,0
-201,584,-279,1081,3085,-1838,0,0
-268,291,-336,976,2482,-1809,0,0
-270,79,-393,930,2831,-1694,0,0
-230,156,-551,989,2955,-1554,0,0
-225,339,-704,1065,2600,-1607,0,0
-236,310,-719,1129,2196,-1637,0,0
-241,30,-639,1161,2496,-1525,0,0
-177,-211,-559,1097,3370,-1241,0,0
-73,-68,-381,952,3371,-1136,0,0
61,99,60,758,3296,-928,0,0
141,97,418,693,3739,-598,0,0
131,-127,535,608,3723,-438,0,0
142,-280,661,510,3704,-242,0,0
84,-236,753,700,4090,-336,0,0
66,-408,737,832,4460,-31,0,0
131,-478,751,216,5125,1127,0,0
58,116,776,-271,5838,1544,0,0
-170,808,724,-175,6112,816,0,0
-505,871,384,328,5579,-174,0,0
-798,311,-54,699,5381,-710,0,0
-881,-363,-430,796,5604,-654,0,0
-780,-748,-687,871,5505,-350,0,0
-531,-722,-730,873,5625,-285,0,0
-155,-132,-592,755,5280,-538,0,0
249,405,-378,879,4913,-414,0,0
483,419,-121,1015,4652,-61,0,0
483,-180,102,950,4572,315,0,0
424,-659,298,420,4562,588,0,0
488,-262,468,144,4281,735,0,0
483,360,531,452,3820,448,0,0
316,298,467,719,3442,-2,0,0
112,-136,335,644,2882,-363,0,0
11,-314,260,543,2184,-690,0,0
-12,-151,234,466,1650,-969,0,0
-68,114,199,638,1519,-1279,0,0
-144,133,66,983,2109,-1328,0,0
-221,-137,-259,1278,3110,-1288,0,0
-249,-339,-640,1244,4053,-1139,0,0
-263,-46,-762,1084,4261,-1180,0,0
-248,395,-551,992,3565,-1450,0,0
-163,411,-198,964,3090,-1529,0,0
-50,149,119,979,3054,-1482,0,0
50,-28,261,987,3258,-1236,0,0
42,-35,200,1081,3841,-1262,0,0
11,-86,13,1133,3796,-1515,0,0
110,-274,-66,949,2819,-1432,0,0
276,-372,89,872,2304,-955,0,0
367,-376,245,1264,3090,-835,0,0
372,-434,144,1899,4373,-755,0,0
170,-458,-260,2377,4489,-1039,0,0
92,-512,-505,2050,2954,-1104,0,0
115,-270,-217,1494,1976,-843,0,0
147,83,156,1507,2071,-785,0,0
149,125,323,1648,2350,-826,0,0
165,-63,411,1369,2455,-873,0,0
273,-51,555,1039,2372,-663,0,0
349,169,735,968,2812,-545,0,0
337,387,901,808,3324,-375,0,0
181,619,987,520,3649,-327,0,0
-9,728,703,171,3727,-279,0,0
-314,470,237,-10,3260,-118,0,0
-738,-136,-385,-89,3506,-150,0,0
-1051,-456,-985,0,4423,-176,0,0
-1195,-541,-1439,80,4926,-37,0,0
-1225,-622,-1584,-127,5327,127,0,0
-1068,-281,-1459,173,5406,-144,0,0
-786,245,-1172,113,4851,-202,0,0
-564,710,-921,379,4789,-493,0,0
-378,571,-727,595,4933,-558,0,0
-130,152,-468,507,5003,-228,0,0
188,23,-64,286,5488,372,0,0
418,446,402,-47,5404,647,0,0
436,695,789,9,5455,431,0,0
334,296,904,161,5462,229,0,0
247,-63,826,-125,5253,396,0,0
169,-52,729,13,5104,321,0,0
115,-178,651,96,4951,106,0,0
134,-257,550,270,4933,-34,0,0
198,-243,499,483,4671,-225,0,0
291,-288,533,707,4366,-383,0,0
376,-403,586,858,4143,-407,0,0
392,-492,595,951,3673,-456,0,0
337,-609,587,944,3159,-570,0,0
267,-687,566,862,2632,-641,0,0
255,-650,529,732,2215,-657,0,0
324,-406,491,719,1888,-522,0,0
295,-106,318,1019,2024,-666,0,0
227,-74,2,1225,2326,-669,0,0
99,2,-288,1410,2522,-607,0,0
-101,163,-462,1504,2720,-799,0,0
-224,101,-556,1648,2963,-944,0,0
-279,-216,-613,1605,3067,-886,0,0
-281,-283,-596,1323,3059,-909,0,0
-177,102,-548,1206,3111,-860,0,0
-55,608,-523,1283,3303,-926,0,0
38,797,-534,1442,3782,-959,0,0
39,678,-579,1503,4217,-939,0,0
-28,523,-574,1284,3826,-1132,0,0
3,418,-338,978,2756,-1258,0,0
129,303,108,855,2474,-1122,0,0
188,189,482,924,3734,-1076,0,0
113,167,515,977,4401,-1325,0,0
-36,174,271,834,3126,-1723,0,0
-91,46,98,574,2135,-1775,0,0
-78,-83,-41,530,2220,-1511,0,0
-101,-70,-292,673,2451,-1241,0,0
-171,54,-552,719,2202,-1206,0,0
-220,140,-669,783,2059,-1246,0,0
-180,109,-689,890,3048,-1028,0,0
-79,196,-666,912,3899,-484,0,0
-71,510,-455,922,3736,-374,0,0
-95,215,-145,728,3665,-445,0,0
-115,-599,148,462,3581,-84,0,0
-47,-855,433,182,4149,235,0,0
112,-311,693,136,4565,249,0,0
195,183,784,307,4502,294,0,0
93,149,666,354,4928,306,0,0
2,-71,535,283,5491,311,0,0
-14,64,440,210,5994,422,0,0
-101,236,311,391,5914,133,0,0
-276,-45,174,611,5389,-344,0,0
-308,-448,28,655,5432,-376,0,0
-183,-242,-77,633,5530,-7,0,0
-132,325,-167,693,5161,-198,0,0
-68,375,-172,941,4935,-566,0,0
37,36,-187,965,4788,-296,0,0
132,11,-159,790,4388,-170,0,0
266,135,-26,846,4304,-71,0,0
373,45,190,700,4260,199,0,0
458,143,428,390,4235,357,0,0
569,400,631,417,4284,419,0,0
589,525,697,634,4141,365,0,0
445,390,579,783,3792,54,0,0
204,189,371,715,2889,-370,0,0
-48,181,262,731,1753,-996,0,0
-161,114,198,1006,1334,-1600,0,0
-194,-340,-28,1361,1680,-1388,0,0
-369,-709,-386,1572,2494,-997,0,0
-555,-633,-703,1464,3294,-1050,0,0
-591,-177,-856,1426,3807,-1218,0,0
-542,112,-777,1479,3542,-1274,0,0
-512,-216,-502,1341,3040,-1178,0,0
-426,-609,-89,973,2966,-1104,0,0
-232,-438,309,837,2956,-1070,0,0
-99,-155,453,998,3227,-1131,0,0
-94,-143,356,1142,3921,-1166,0,0
-198,-207,89,1277,4101,-1417,0,0
-209,-419,-132,1158,2892,-1518,0,0
-28,-642,-42,1106,2277,-1190,0,0
261,-587,88,1471,3277,-649,0,0
358,-252,-113,2123,4562,-568,0,0
242,-59,-531,2244,4159,-960,0,0
263,127,-496,1739,2656,-1029,0,0
263,292,-93,1387,2190,-760,0,0
161,134,135,1622,2443,-785,0,0
137,-253,193,1449,2562,-801,0,0
292,-252,276,1016,2237,-542,0,0
448,105,467,889,2301,-359,0,0
509,357,659,942,3220,-220,0,0
400,467,734,943,3760,-295,0,0
279,357,680,763,3904,-492,0,0
193,372,684,309,3639,-106,0,0
-27,481,493,308,3827,-153,0,0
-224,251,31,557,4209,-240,0,0
-437,21,-334,590,4340,-225,0,0
-702,-163,-501,415,4387,-486,0,0
-784,-373,-568,604,4513,-566,0,0
-678,-391,-621,669,4568,-411,0,0
-479,-76,-685,680,4565,-310,0,0
-295,256,-724,917,4625,-376,0,0
-186,298,-703,1060,5036,-537,0,0
-61,212,-593,1047,5526,-338,0,0
58,261,-301,883,5607,-189,0,0
184,407,89,856,5589,-176,0,0
286,462,345,829,5544,-30,0,0
343,427,497,758,5317,1,0,0
299,307,538,757,4956,-101,0,0
167,130,470,779,4501,-344,0,0
77,-89,427,784,4431,-315,0,0
47,-211,368,888,4420,-315,0,0
75,-302,306,978,4197,-446,0,0
156,-389,366,946,4014,-455,0,0
242,-321,520,1060,3908,-558,0,0
279,-302,624,1130,3494,-762,0,0
293,-346,673,1078,2831,-848,0,0
352,-376,606,1071,2524,-899,0,0
473,-331,471,952,2305,-691,0,0
466,-92,368,989,1917,-683,0,0
405,-4,235,1116,1787,-894,0,0
397,10,12,1392,2158,-645,0,0
206,13,-298,1930,2764,-670,0,0
-109,-274,-654,2117,2895,-962,0,0
-267,-364,-794,1886,2560,-952,0,0
-323,-92,-648,1685,2624,-801,0,0
-363,236,-548,1741,2846,-1026,0,0
-294,303,-575,1686,2812,-1004,0,0
-257,308,-563,1496,2860,-972,0,0
-221,325,-511,1428,3463,-1104,0,0
-140,352,-513,1409,4165,-1008,0,0
-114,512,-534,1348,4146,-1044,0,0
-106,578,-405,1110,3213,-1193,0,0
-74,423,-136,1037,2821,-1086,0,0
-93,137,97,957,2577,-1123,0,0
-123,-165,213,915,2957,-1140,0,0
-181,-170,72,994,3651,-1158,0,0
-307,-47,-192,941,3132,-1426,0,0
-311,-48,-275,777,2644,-1438,0,0
-227,34,-298,875,2918,-1278,0,0
-223,47,-375,885,3094,-1258,0,0
-249,44,-407,791,2816,-1341,0,0
-245,37,-377,874,2566,-1418,0,0
-194,-253,-281,950,2718,-1020,0,0
-53,-491,-81,807,3176,-384,0,0
133,-184,136,899,4203,-55,0,0
253,179,302,885,4402,-150,0,0
352,181,596,693,3998,69,0,0
290,174,795,519,4194,383,0,0
146,115,729,583,4566,236,0,0
195,3,653,342,5066,481,0,0
209,256,568,222,5140,568,0,0
81,572,435,250,4837,203,0,0
-85,535,228,506,5104,-177,0,0
-194,157,-130,773,5649,-238,0,0
-244,-45,-484,1058,5737,-308,0,0
-325,-259,-773,1275,5843,-691,0,0
-330,-600,-884,1160,5768,-712,0,0
-243,-595,-760,992,5352,-645,0,0
-48,-307,-483,977,4980,-581,0,0
241,-116,-176,948,4766,-388,0,0
553,105,127,813,4611,11,0,0
714,342,434,711,4380,188,0,0
744,272,713,380,4312,256,0,0
713,191,824,161,3966,416,0,0
565,167,750,372,3762,235,0,0
355,-44,601,436,3482,-20,0,0
131,-151,433,430,2716,-253,0,0
-133,-115,283,535,1751,-879,0,0
-317,-2200,148,663,1306,-1586,0,0
-420,-298,-42,827,1605,-1682,0,0
-495,-511,-374,1254,2469,-1517,0,0
-487,-694,-755,1430,3326,-1466,0,0
-375,-452,-884,1082,3717,-1428,0,0
-210,117,-628,923,3595,-1549,0,0
-47,442,-218,913,3459,-1607,0,0
40,438,110,994,3125,-1516,0,0
52,264,244,992,2853,-1479,0,0
62,110,200,942,3121,-1344,0,0
55,161,13,1061,3635,-1313,0,0
37,252,-215,1186,3846,-1310,0,0
15,249,-244,1180,3219,-1309,0,0
12,29,-16,1138,2433,-1218,0,0
26,-451,198,1370,2680,-1012,0,0
86,-691,132,1621,3809,-864,0,0
155,-315,-142,1849,4311,-723,0,0
59,63,-289,1917,3465,-884,0,0
-20,-59,-152,1569,2753,-992,0,0
-7,-184,57,1387,2645,-762,0,0
-33,-103,192,1419,2761,-733,0,0
-88,-157,180,1279,2767,-978,0,0
-8,-168,147,983,2308,-835,0,0
94,60,258,806,2082,-695,0,0
117,258,365,937,2770,-724,0,0
13,215,262,1024,3129,-636,0,0
-212,-77,212,977,3044,-819,0,0
-163,-507,249,743,3861,-519,0,0
-59,-219,380,694,3979,-39,0,0
-185,176,442,781,4096,-288,0,0
-359,36,468,830,4210,-372,0,0
-544,-458,469,838,4183,-375,0,0
-563,-782,509,515,4303,-264,0,0
-303,-397,506,471,4464,-19,0,0
-46,336,347,708,4865,-29,0,0
48,680,73,1024,5063,-194,0,0
-53,351,-209,1244,5745,-292,0,0
-212,-18,-430,1153,6027,-424,0,0
-227,-85,-445,991,5805,-430,0,0
-114,76,-385,961,5303,-225,0,0
-30,199,-422,1105,5005,-268,0,0
51,104,-534,1095,4951,-331,0,0
200,106,-525,1024,4653,-150,0,0
339,280,-354,1088,4494,-1,0,0
371,263,-120,1120,4415,-37,0,0
359,170,119,1028,4295,-108,0,0
393,249,410,905,4093,-100,0,0
426,433,692,983,3871,-292,0,0
456,394,833,1120,3827,-531,0,0
433,240,765,1257,3670,-683,0,0
292,86,576,1211,3129,-748,0,0
74,-27,335,1152,2520,-882,0,0
-146,-265,159,1082,1969,-1194,0,0
-135,-628,60,997,1874,-1388,0,0
88,-574,-98,1108,2110,-976,0,0
125,-213,-334,1478,2402,-663,0,0
-24,-33,-609,1648,2611,-937,0,0
-98,-73,-814,1699,2753,-1079,0,0
-127,-103,-843,1708,3032,-954,0,0
-174,-54,-715,1681,3207,-857,0,0
-224,26,-542,1682,3141,-874,0,0
-236,97,-425,1563,3065,-905,0,0
-221,199,-329,1551,3102,-965,0,0
-220,130,-256,1531,3458,-1112,0,0
-141,62,-167,1353,3937,-1052,0,0
16,343,22,1127,3887,-886,0,0
100,665,294,1130,3347,-1051,0,0
120,427,465,1205,3340,-1227,0,0
150,-123,483,1036,3293,-1047,0,0
186,-271,507,767,3267,-891,0,0
179,176,447,827,3860,-863,0,0
-80,632,56,1253,4055,-1328,0,0
-428,241,-450,1237,2903,-1882,0,0
-495,-404,-608,792,2231,-1644,0,0
-384,-345,-581,548,2317,-1164,0,0
-346,112,-631,887,2457,-1164,0,0
-395,174,-771,1059,2501,-1334,0,0
-472,-107,-806,1081,2793,-1396,0,0
-455,-504,-716,1143,3383,-1259,0,0
-274,-843,-391,976,3239,-698,0,0
1,-872,29,939,3850,-278,0,0
381,-624,365,299,3828,220,0,0
724,248,800,77,3648,621,0,0
740,756,1029,408,4282,339,0,0
585,280,806,474,4379,137,0,0
398,-206,532,456,4207,335,0,0
73,-231,420,294,4522,457,0,0
-292,-229,319,142,4560,99,0,0
-351,-230,194,260,4877,20,0,0
-287,-43,38,167,4733,31,0,0
-229,156,-126,179,4623,-132,0,0
-197,291,-374,673,5029,-405,0,0
-269,158,-644,901,5038,-645,0,0
-371,-252,-750,1127,5233,-900,0,0
-385,-668,-746,1091,5475,-738,0,0
-208,-363,-595,987,5307,-442,0,0
84,293,-318,1151,5201,-233,0,0
292,496,-10,1323,4891,-142,0,0
332,341,323,1214,4649,-178,0,0
362,241,672,1054,4592,-128,0,0
387,218,960,853,4577,182,0,0
328,257,1072,516,4573,250,0,0
294,147,1030,386,4555,299,0,0
244,16,919,27,4248,340,0,0
170,-36,628,45,4032,132,0,0
86,-92,249,360,3633,-79,0,0
-77,-233,-115,444,2827,-368,0,0
-233,-436,-364,479,2127,-876,0,0
-251,-552,-534,532,2001,-1115,0,0
-339,-389,-685,666,2288,-1285,0,0
-513,-209,-847,809,2669,-1668,0,0
-535,-224,-970,828,3026,-1722,0,0
-397,-157,-1002,842,3492,-1448,0,0
-236,165,-931,762,3641,-1294,0,0
-77,613,-720,832,3319,-1440,0,0
96,871,-424,868,2956,-1427,0,0
198,928,-161,991,2866,-1259,0,0
164,731,-6,1178,3297,-1191,0,0
79,330,26,1351,3999,-1285,0,0
79,-72,-6,1252,3915,-1228,0,0
197,-303,185,980,3010,-961,0,0
331,-384,592,828,2769,-700,0,0
459,-278,877,924,3752,-618,0,0
546,46,849,1224,4695,-533,0,0
436,325,549,1384,4160,-532,0,0
194,273,314,1219,3069,-694,0,0
-44,-12,305,1027,2728,-799,0,0
-181,-263,327,1030,2965,-749,0,0
-243,-344,249,1026,2962,-774,0,0
-241,-333,94,873,2740,-885,0,0
-160,-137,-84,786,2581,-857,0,0
-98,195,-238,784,2463,-944,0,0
-61,380,-334,860,2660,-924,0,0
-118,387,-418,936,2881,-784,0,0
-319,202,-427,930,2592,-976,0,0
-356,-303,-329,851,2913,-972,0,0
-245,-557,-92,757,3125,-366,0,0
-215,-352,189,847,3659,-342,0,0
-79,-69,314,786,4385,48,0,0
-49,102,407,922,4589,282,0,0
-186,-251,668,615,4469,141,0,0
-161,-307,960,478,5066,320,0,0
-117,121,1039,642,5340,347,0,0
-176,347,987,699,5318,178,0,0
-295,282,771,980,5483,-167,0,0
-304,-52,367,1023,5856,-93,0,0
-249,-163,92,877,5408,-58,0,0
-215,-18,1,846,4956,-319,0,0
-124,-41,-156,1163,4946,-383,0,0
-30,-444,-430,1319,4916,-194,0,0
16,-861,-663,1219,4994,-14,0,0
97,-525,-779,1076,5184,74,0,0
223,274,-676,1025,4970,79,0,0
310,849,-384,1122,4850,94,0,0
256,903,-185,1472,4737,37,0,0
21,227,-108,1402,4264,-206,0,0
-142,-359,-34,1101,3954,-357,0,0
-127,-285,61,974,3582,-406,0,0
-85,-45,169,1042,3032,-511,0,0
-132,-223,272,1015,2159,-639,0,0
-143,-635,436,734,1705,-767,0,0
111,-530,547,630,1992,-542,0,0
325,39,408,951,2343,-288,0,0
330,321,28,1356,2445,-220,0,0
110,200,-422,1695,2724,-444,0,0
-156,-18,-695,1835,3077,-671,0,0
-361,-239,-659,1874,3190,-810,0,0
-434,-498,-433,1672,3114,-943,0,0
-307,-599,-183,1558,3044,-913,0,0
-113,-473,-64,1454,3106,-827,0,0
39,-183,-84,1478,3414,-789,0,0
136,37,-152,1476,4250,-921,0,0
259,271,-105,1310,4436,-966,0,0
374,494,130,1136,3801,-1047,0,0
497,448,448,1017,3481,-964,0,0
597,290,692,587,2870,-756,0,0
615,426,653,33,2314,-593,0,0
592,719,381,413,3080,-603,0,0
337,768,1,1084,4293,-700,0,0
-252,368,-526,973,3831,-1072,0,0
-690,-179,-815,610,2368,-1449,0,0
-728,-501,-766,403,1927,-1120,0,0
-641,-225,-791,488,2298,-648,0,0
-633,324,-928,680,2255,-753,0,0
-662,611,-1028,810,2350,-1133,0,0
-581,332,-1125,1003,3324,-990,0,0
-407,-77,-1066,875,3877,-385,0,0
-94,-208,-698,654,4756,127,0,0
158,148,-153,139,4318,395,0,0
151,471,299,93,3747,117,0,0
118,-145,452,521,4373,-18,0,0
240,-744,550,265,4652,732,0,0
291,-375,686,-109,4812,1056,0,0
233,219,721,-203,4949,642,0,0
307,574,693,-221,5197,653,0,0
291,624,613,-203,5349,619,0,0
98,298,495,-185,5074,253,0,0
-95,-99,338,-106,4610,-162,0,0
-65,-236,150,265,4362,-234,0,0
37,-99,-52,686,4619,-165,0,0
74,-40,-210,1013,4913,-275,0,0
122,-160,-284,1136,5112,-228,0,0
191,-69,-195,1122,5266,-237,0,0
315,144,116,1050,5265,-34,0,0
337,235,466,1150,4964,51,0,0
256,3,673,1052,5044,73,0,0
268,-198,758,727,5006,312,0,0
326,-123,858,433,4559,542,0,0
314,-6,903,292,4311,400,0,0
325,102,807,322,3910,216,0,0
262,206,629,527,3223,-3,0,0
19,-2,353,463,2401,-458,0,0
-192,-291,-44,439,1561,-814,0,0
-333,-290,-438,599,1314,-977,0,0
-542,-158,-756,813,1805,-1282,0,0
-682,-240,-1021,1043,2805,-1490,0,0
-650,-431,-1258,1221,3754,-1258,0,0
-600,-417,-1330,1041,3977,-1080,0,0
-486,-13,-1105,879,3649,-1355,0,0
-214,421,-745,849,3212,-1444,0,0
26,659,-375,959,2902,-1312,0,0
155,630,-97,1111,3251,-1218,0,0
176,512,-12,1339,4143,-1129,0,0
78,253,-103,1568,4626,-1290,0,0
25,-311,-111,1274,3251,-1340,0,0
142,-836,208,850,2099,-965,0,0
382,-857,588,722,2605,-465,0,0
619,-343,691,1006,4007,-160,0,0
681,318,491,1384,4829,22,0,0
452,532,179,1640,4102,-366,0,0
160,60,53,1334,3147,-608,0,0
-87,-218,106,1026,2698,-509,0,0
-216,-234,177,1024,2454,-634,0,0
-186,-248,239,918,2115,-722,0,0
-82,-199,318,798,2053,-644,0,0
9,10,382,817,2422,-546,0,0
34,198,314,996,3255,-648,0,0
8,271,70,1085,3655,-592,0,0
-90,294,-56,1023,3426,-588,0,0
-166,117,28,789,3579,-472,0,0
-249,65,89,329,3895,-148,0,0
-301,91,-58,312,4278,-202,0,0
-270,161,-151,86,4536,192,0,0
-390,377,-173,77,4195,-258,0,0
-494,-135,-121,309,4054,-528,0,0
-477,-747,-134,455,4513,-365,0,0
-319,-727,-172,403,4868,-55,0,0
-65,-53,-117,267,5457,254,0,0
210,684,4,466,5893,322,0,0
307,915,193,576,5973,232,0,0
200,565,343,556,5820,-78,0,0
97,80,366,618,5502,-106,0,0
73,-100,272,771,5341,-18,0,0
99,-79,171,858,5100,43,0,0
144,52,141,905,5146,48,0,0
145,148,204,976,4786,-95,0,0
78,28,259,1141,4756,-156,0,0
-41,-181,193,1221,4583,-263,0,0
-165,-430,113,1217,4057,-368,0,0
-236,-703,107,1108,3850,-424,0,0
-139,-830,176,989,3667,-462,0,0
53,-681,314,815,2967,-421,0,0
129,-460,547,665,2065,-699,0,0
241,-495,798,540,1681,-800,0,0
433,-429,757,569,1738,-764,0,0
579,-121,323,794,1802,-484,0,0
491,95,-243,1254,2162,-449,0,0
238,-16,-708,1474,2628,-748,0,0
42,-83,-934,1518,2932,-839,0,0
-39,-76,-888,1584,3010,-766,0,0
-24,-103,-690,1441,3060,-786,0,0
125,122,-488,1338,3279,-618,0,0
248,637,-361,1400,3872,-524,0,0
267,1096,-298,1510,4599,-632,0,0
138,1295,-371,1617,4523,-832,0,0
-62,1023,-467,1374,3097,-1250,0,0
-100,462,-301,956,1899,-1262,0,0
-2,104,13,841,2075,-963,0,0
13,30,176,953,3504,-721,0,0
-212,186,-86,1224,4648,-1068,0,0
-497,230,-574,1106,3300,-3800,0,0
-490,63,-594,742,2002,-1785,0,0
-350,-46,-363,546,1996,-1324,0,0
-248,-9,-341,675,2297,-1050,0,0
-222,109,-468,756,2388,-944,0,0
-279,270,-607,851,2409,-1211,0,0
-261,147,-680,957,2700,-1348,0,0
-185,-105,-524,834,2885,-708,0,0
-178,-230,-219,850,3808,-455,0,0
-3,-337,-27,647,4734,-64,0,0
227,-53,245,293,4631,558,0,0
317,200,626,-78,5126,638,0,0
318,244,778,-410,5870,353,0,0
304,361,760,47,5609,84,0,0
146,125,693,161,5790,99,0,0
-14,-222,507,-256,5632,171,0,0
-26,-247,237,-126,5505,-3,0,0
39,-92,7,83,5888,-275,0,0
37,-179,-248,538,6229,-467,0,0
-82,-501,-367,636,5828,-596,0,0
-104,-672,-309,550,5526,-551,0,0
11,-527,-218,417,5287,-309,0,0
193,-134,-120,259,4900,-161,0,0
392,268,16,48,4400,-178,0,0
624,442,245,-291,3854,151,0,0
770,665,434,-507,3513,420,0,0
768,757,469,-196,3190,326,0,0
598,347,492,47,2759,82,0,0
464,-128,542,160,2467,-100,0,0
412,121,635,453,2164,-398,0,0
283,576,639,947,1810,-975,0,0
40,278,524,1352,1704,-1365,0,0
-177,-251,261,1783,2321,-1412,0,0
-293,-367,-223,1929,3275,-1552,0,0
-335,-110,-602,1662,3634,-1609,0,0
-340,225,-542,1457,3377,-1637,0,0
-351,302,-351,1420,3040,-1601,0,0
-407,-46,-198,1191,2741,-1700,0,0
-398,-266,-32,960,2313,-1591,0,0
-394,-215,-19,1017,2491,-1581,0,0
-423,-207,-183,1272,3688,-1699,0,0
-437,-426,-484,1497,4683,-1847,0,0
-293,-694,-499,1077,3452,-1592,0,0
41,-590,47,726,2814,-1104,0,0
321,-191,627,905,3470,-873,0,0
467,61,819,1226,3586,-855,0,0
480,-17,627,1651,3694,-704,0,0
332,-217,141,1840,3819,-618,0,0
135,-243,-257,1638,3289,-543,0,0
-43,-63,-284,1351,2859,-614,0,0
-124,137,-140,1325,2739,-687,0,0
-150,100,5,1285,2645,-790,0,0
-131,-10,148,1012,2330,-896,0,0
-50,47,267,804,1765,-949,0,0
45,137,357,797,1730,-889,0,0
35,116,363,950,2333,-804,0,0
-96,-106,231,1094,3026,-903,0,0
-135,-411,-5,1047,3852,-744,0,0
-110,-236,-23,855,3766,-378,0,0
-116,146,249,908,4094,-414,0,0
-58,271,466,739,4579,-207,0,0
-82,344,520,662,4345,-110,0,0
-214,233,534,722,4049,-376,0,0
-331,-70,448,918,4226,-557,0,0
-415,-295,211,999,4427,-497,0,0
-479,-221,3,1064,4550,-477,0,0
-452,-76,-129,1231,5013,-494,0,0
-267,-5,-158,1253,5464,-304,0,0
-15,260,-68,1355,5798,-6,0,0
74,487,-23,1527,6055,-22,0,0
8,534,-149,1665,6421,-54,0,0
-208,458,-376,1614,5884,-425,0,0
-372,126,-414,1413,5209,-720,0,0
-353,-293,-300,1316,4860,-774,0,0
-177,-479,-247,1195,4714,-398,0,0
-81,-270,-266,1195,4173,-316,0,0
-23,-251,-271,1311,4224,-480,0,0
63,-507,-226,1324,4205,-271,0,0
102,-638,-83,1160,3988,-83,0,0
124,-465,162,1020,3638,-67,0,0
61,-337,399,946,2651,-370,0,0
77,-438,643,734,1679,-514,0,0
256,-376,832,618,1469,-407,0,0
460,-19,771,762,1753,-162,0,0
480,338,489,1066,2048,-2,0,0
278,378,49,1370,2452,-152,0,0
-25,241,-388,1585,2835,-480,0,0
-309,31,-613,1707,3056,-711,0,0
-462,-297,-567,1566,2937,-876,0,0
-369,-447,-336,1335,2688,-852,0,0
-155,-229,-143,1381,2827,-740,0,0
30,100,-149,1550,3269,-729,0,0
155,231,-308,1726,3846,-737,0,0
239,306,-454,1631,4404,-680,0,0
308,654,-347,1386,4240,-617,0,0
298,999,2,1206,3469,-768,0,0
274,852,295,1248,2976,-846,0,0
242,278,370,1259,2888,-784,0,0
209,-201,320,1067,3235,-791,0,0
216,-90,204,893,3736,-748,0,0
113,530,-91,1050,3805,-879,0,0
-136,787,-535,1178,2937,-1292,0,0
-320,404,-834,1130,2108,-1431,0,0
-356,-104,-966,1080,2266,-1239,0,0
-312,-229,-1067,974,2507,-940,0,0
-291,93,-1082,947,2461,-951,0,0
-263,369,-1013,1082,2807,-1162,0,0
-207,343,-933,1205,3075,-1071,0,0
-162,-25,-727,1192,3292,-813,0,0
-20,-342,-248,866,3799,-309,0,0
106,-65,272,561,4200,-39,0,0
152,214,581,426,4012,-152,0,0
237,111,800,493,4163,124,0,0
171,-62,876,480,4738,211,0,0
62,-229,858,468,4709,228,0,0
-24,-369,903,441,4812,424,0,0
-61,-229,959,-87,4859,645,0,0
7,244,853,136,5324,681,0,0
-40,374,600,413,5591,514,0,0
-249,92,249,456,5653,224,0,0
-457,-202,-161,868,5730,-145,0,0
-524,-471,-491,1084,5577,-349,0,0
-387,-577,-623,1085,5372,-92,0,0
-188,-410,-569,1059,5052,139,0,0
27,-158,-292,882,4806,217,0,0
209,138,93,562,4384,318,0,0
327,277,334,698,4300,383,0,0
378,78,416,853,4288,358,0,0
429,-91,496,541,4330,541,0,0
477,61,598,630,4390,516,0,0
446,136,616,849,4164,158,0,0
316,-62,537,896,3563,-238,0,0
179,-313,423,832,2706,-584,0,0
96,-410,289,672,1896,-906,0,0
76,-269,106,652,1610,-1089,0,0
-24,50,-236,916,1885,-1115,0,0
-227,149,-752,1210,2605,-1218,0,0
-368,-21,-1190,1265,3139,-1309,0,0
-374,-183,-1207,1141,3057,-1285,0,0
-295,-215,-843,934,2969,-1110,0,0
-178,-167,-442,915,3138,-1094,0,0
-14,34,-151,956,3157,-1082,0,0
71,308,18,1088,3151,-1191,0,0
54,281,89,1284,3879,-1238,0,0
-25,149,81,1469,4493,-1238,0,0
-120,-185,22,1344,3305,-1459,0,0
5,-676,183,924,2147,-1144,0,0
308,-546,373,994,2958,-509,0,0
447,-69,264,1559,4216,-361,0,0
304,-54,-50,1874,4421,-516,0,0
68,-193,-281,1668,3537,-779,0,0
-113,-117,-250,1339,2665,-790,0,0
-249,-138,-131,1403,2393,-831,0,0
-226,-422,-55,1324,2323,-815,0,0
-80,-415,9,1058,2158,-597,0,0
55,-70,151,875,1791,-505,0,0
170,196,378,828,1909,-535,0,0
269,382,589,904,2801,-344,0,0
229,565,733,987,3346,-245,0,0
48,514,769,998,4067,-417,0,0
-70,110,518,754,4462,-482,0,0
-96,48,343,176,4054,-18,0,0
-128,456,122,90,4428,-26,0,0
-134,558,-200,521,4860,-178,0,0
-256,192,-408,431,4584,-224,0,0
-388,-142,-434,310,4547,-378,0,0
-355,-96,-469,604,4983,-272,0,0
-278,119,-550,862,5363,-203,0,0
-207,184,-546,935,5789,-98,0,0
-142,211,-468,918,6160,-128,0,0
-58,289,-256,986,6046,-206,0,0
-12,226,56,1028,5837,-226,0,0
32,7,338,940,5411,-198,0,0
144,-61,553,846,5065,-121,0,0
279,40,685,807,4954,45,0,0
349,248,695,906,4831,161,0,0
223,178,653,1082,4545,-117,0,0
56,-318,617,1120,4435,-278,0,0
-51,-662,528,1115,4116,-261,0,0
-121,-745,365,1087,3674,-529,0,0
-107,-766,231,932,2884,-728,0,0
13,-685,251,843,2044,-712,0,0
153,-481,338,1088,1577,-596,0,0
258,-540,269,1251,1644,-534,0,0
324,-468,154,1374,1774,-402,0,0
275,-217,70,1618,2364,-485,0,0
190,45,-68,1778,2954,-598,0,0
60,248,-213,1986,2893,-781,0,0
-47,53,-234,1906,2598,-841,0,0
-82,-185,-158,1697,2468,-772,0,0
-66,-99,-124,1543,2495,-840,0,0
24,178,-173,1502,2648,-947,0,0
144,389,-244,1508,3354,-866,0,0
155,577,-346,1694,4980,-569,0,0
-145,739,-684,1773,4689,-1029,0,0
-331,293,-797,1202,2050,-1541,0,0
-191,-255,-357,791,1884,-1001,0,0
-92,-474,19,1038,3676,-841,0,0
-77,-472,104,1036,4855,-1161,0,0
-104,112,-154,834,3761,-1452,0,0
-117,605,-367,833,2655,-1597,0,0
-130,397,-414,908,2598,-1473,0,0
-147,44,-490,802,2798,-1147,0,0
-137,233,-610,852,2809,-1041,0,0
-136,603,-667,1022,2590,-3360,0,0
-111,577,-660,1162,2411,-1410,0,0
-115,174,-617,1136,2347,-1207,0,0
-91,-96,-520,983,2685,-987,0,0
16,80,-386,1027,3157,-755,0,0
90,191,-176,914,3417,-656,0,0
219,142,147,598,4113,-175,0,0
230,276,408,516,4487,64,0,0
87,220,560,302,4026,-139,0,0
34,-234,659,396,4344,-64,0,0
44,-396,647,318,4563,322,0,0
46,-171,557,135,4871,426,0,0
20,47,479,319,5092,111,0,0
-42,29,412,681,5405,-65,0,0
-187,-272,346,953,5358,-335,0,0
-225,-681,272,1083,5710,-253,0,0
-154,-536,193,1040,6031,-128,0,0
14,13,216,993,5825,-188,0,0
239,524,386,1037,5507,18,0,0
264,664,496,1128,5097,-148,0,0
199,328,470,1049,4782,-143,0,0
159,-10,410,926,4586,-60,0,0
249,68,393,710,4602,237,0,0
311,333,373,808,4304,204,0,0
268,133,359,854,4008,43,0,0
221,-150,340,822,3751,-14,0,0
181,-86,279,850,3133,-148,0,0
85,65,161,1011,2218,-536,0,0
-89,-71,7,1220,1245,-1006,0,0
-191,-316,-160,1287,1126,-1291,0,0
-192,-143,-329,1596,1638,-1232,0,0
-248,-26,-476,1968,2547,-1266,0,0
-302,-179,-561,1960,3461,-1419,0,0
-302,-221,-500,1658,3291,-1448,0,0
-208,-112,-237,1388,3007,-1413,0,0
-6,52,17,1240,2948,-1221,0,0
134,210,133,1212,2862,-1124,0,0
158,271,167,1279,2978,-1209,0,0
100,216,122,1491,3658,-1283,0,0
-75,23,-71,1830,4367,-1330,0,0
-327,-403,-374,1780,3436,-1595,0,0
-284,-870,-292,1323,2050,-1355,0,0
-1,-847,46,1566,2430,-870,0,0
200,-748,62,2098,3496,-884,0,0
298,-695,-218,2292,4208,-686,0,0
188,-224,-512,2357,3703,-897,0,0
78,90,-465,2067,2650,-1134,0,0
14,-58,-212,1834,2175,-911,0,0
-41,-271,-50,1719,2268,-775,0,0
-17,-271,15,1490,2622,-709,0,0
90,-10,31,1326,2701,-559,0,0
153,277,66,1156,2441,-489,0,0
94,388,182,1057,2353,-436,0,0
-123,178,397,1109,2452,-296,0,0
-341,-267,645,987,3780,-209,0,0
-449,-201,744,822,3976,-239,0,0
-494,30,771,753,3921,-257,0,0
-479,120,683,650,4181,-169,0,0
-435,247,535,635,4400,-63,0,0
-446,270,428,569,4407,-181,0,0
-452,73,345,449,4119,-221,0,0
-422,-21,162,559,3896,-179,0,0
-385,-14,-189,803,4085,-170,0,0
-347,-81,-662,974,4472,-224,0,0
-244,-74,-1050,783,4691,67,0,0
-99,180,-1140,1198,5005,-89,0,0
-20,298,-1102,1308,5329,-711,0,0
109,95,-1046,1268,5614,-571,0,0
164,-187,-922,1400,5734,-67,0,0
167,-249,-717,1257,5883,38,0,0
277,-167,-332,906,5392,176,0,0
397,170,144,815,5051,176,0,0
429,478,547,811,4712,139,0,0
326,547,775,854,4488,-58,0,0
190,296,764,1060,4419,-212,0,0
52,-91,633,1068,3972,-271,0,0
-32,-361,687,1008,3999,-338,0,0
-5,-443,816,1042,4191,-348,0,0
35,-441,861,1090,3934,-384,0,0
-50,-456,841,988,3355,-614,0,0
-163,-670,854,828,2488,-794,0,0
-163,-876,922,629,1780,-675,0,0
-63,-709,773,656,1582,-562,0,0
100,-348,389,1095,1813,-840,0,0
244,-73,29,1405,2204,-789,0,0
155,-37,-278,1915,2768,-808,0,0
-57,-229,-558,2023,3145,-951,0,0
-150,-170,-598,1993,2901,-999,0,0
-95,88,-385,1861,2607,-1029,0,0
39,212,-184,1728,2320,-1060,0,0
245,339,-141,1533,2440,-882,0,0
475,708,-237,1603,3174,-586,0,0
621,1085,-417,1840,4352,-601,0,0
592,1439,-605,1690,4573,-513,0,0
380,1570,-679,1555,3626,-722,0,0
100,1100,-628,1411,2438,-959,0,0
-80,91,-555,1260,2002,-1029,0,0
-132,-329,-521,1249,3048,-869,0,0
-290,-40,-823,1640,4636,-1145,0,0
-523,199,-1267,1605,3987,-1551,0,0
-490,468,-1108,1350,2234,-1567,0,0
-299,505,-591,1373,1870,-1582,0,0
-215,3,-365,1188,2082,-1320,0,0
-212,-133,-391,1055,2476,-965,0,0
-208,209,-435,1135,2925,-820,0,0
-131,367,-423,1268,3285,-698,0,0
-5,217,-161,1250,3264,-346,0,0
22,-258,343,1040,3832,44,0,0
8,-598,784,175,4337,433,0,0
92,-104,1075,-366,4126,533,0,0
160,440,1152,-281,4051,342,0,0
164,291,903,-262,4378,367,0,0
127,16,501,-107,4651,580,0,0
-29,-187,189,266,4601,333,0,0
-234,-424,-32,-11,4581,-61,0,0
-220,-463,-303,272,4769,-20,0,0
-95,-247,-507,580,4603,236,0,0
-48,-37,-515,719,4397,-158,0,0
98,-83,-412,884,4846,-323,0,0
275,38,-353,1066,5330,-131,0,0
369,394,-221,1206,5857,-208,0,0
305,492,-61,1308,5816,-334,0,0
130,120,101,1119,5441,-344,0,0
63,-89,234,960,5148,-103,0,0
70,25,280,1022,4975,-81,0,0
157,201,346,684,5133,61,0,0
316,542,421,424,5163,425,0,0
349,694,556,194,4798,505,0,0
255,616,643,124,4538,359,0,0
104,429,538,240,4099,35,0,0
-38,220,310,420,3365,-264,0,0
-168,-36,73,495,2334,-627,0,0
-255,-236,-145,639,1357,-1043,0,0
-303,-170,-437,785,1038,-1325,0,0
-354,143,-816,1092,1484,-1301,0,0
-382,54,-1197,1608,2366,-1469,0,0
-270,-399,-1455,1678,3465,-1227,0,0
-124,-341,-1373,1374,3845,-856,0,0
-12,274,-821,1101,3413,-979,0,0
120,649,-110,1165,3118,-1193,0,0
166,396,349,1373,3027,-1102,0,0
87,-35,567,1337,3247,-1082,0,0
-10,-223,647,1517,4064,-1175,0,0
-183,-579,527,1819,4068,-1454,0,0
-270,-1353,454,1395,2404,-1430,0,0
1,-1646,679,1157,2170,-896,0,0
398,-1231,699,1720,3964,-474,0,0
539,-752,227,2071,5012,-390,0,0
574,-359,-119,1626,3442,-301,0,0
583,172,263,1003,1936,-182,0,0
493,468,750,990,1843,-175,0,0
313,204,949,1209,2076,-112,0,0
135,-148,940,1058,2338,5,0,0
-11,-33,726,945,2654,18,0,0
-204,320,400,1003,2873,-106,0,0
-528,292,74,911,2774,-133,0,0
-852,62,-252,857,3486,-247,0,0
-1021,-87,-481,868,3971,-227,0,0
-1090,-186,-556,945,4495,-3,0,0
-1118,-285,-611,886,4866,-50,0,0
-948,-274,-371,655,4597,-113,0,0
-622,-83,161,408,4435,49,0,0
-277,324,495,576,4967,235,0,0
-54,593,449,954,5218,161,0,0
98,439,283,1001,5363,262,0,0
213,227,117,1051,5578,496,0,0
226,140,-37,1112,5855,502,0,0
233,169,-129,1148,5982,512,0,0
228,172,-135,1169,5592,553,0,0
212,82,-42,1091,5499,492,0,0
284,113,72,1075,5183,552,0,0
340,183,112,1110,4777,584,0,0
268,120,116,1103,4585,458,0,0
148,-12,147,1194,4464,355,0,0
16,-241,176,1262,4231,310,0,0
-123,-494,153,1218,3952,190,0,0
-235,-575,62,1123,3549,-68,0,0
-265,-597,-13,1048,3026,-499,0,0
-112,-815,8,948,2464,-879,0,0
177,-925,118,660,1803,-654,0,0
357,-441,176,542,1570,-540,0,0
448,266,20,731,1747,-476,0,0
409,958,-448,1228,2465,-535,0,0
273,1073,-1082,1810,3357,-897,0,0
148,308,-1582,1944,3612,-933,0,0
30,-511,-1687,1699,3901,-682,0,0
9,-716,-1328,1232,3877,-562,0,0
198,-175,-664,971,3479,-487,0,0
452,547,-9,1101,3288,-541,0,0
