31,-70,-602,-3788,993,-738,0,0
27,-104,-791,-3874,1038,-779,0,0
55,-123,-914,-3970,1058,-797,0,0
81,-136,-957,-4080,1073,-812,0,0
74,-147,-913,-4182,1053,-839,0,0
-13,-144,-780,-4201,1039,-824,0,0
-110,-143,-587,-4143,1067,-805,0,0
-92,-158,-410,-4124,1117,-818,0,0
40,-163,-275,-4003,1069,-806,0,0
65,-142,-176,-3986,986,-788,0,0
-50,-101,-132,-3977,992,-804,0,0
-122,-48,-115,-4012,990,-794,0,0
-142,0,-85,-4147,898,-797,0,0
-250,54,-28,-4168,639,-798,0,0
-533,112,-19,-4148,324,-760,0,0
-930,157,-87,-4172,183,-641,0,0
-1132,135,-162,-4133,243,-546,0,0
-851,45,-190,-4084,450,-496,0,0
-199,-47,-193,-4059,501,-527,0,0
278,-88,-251,-4117,504,-545,0,0
302,-67,-318,-4141,454,-564,0,0
45,-11,-355,-4150,444,-556,0,0
-213,39,-360,-4221,441,-571,0,0
-339,77,-375,-4316,385,-600,0,0
-394,102,-386,-4290,322,-583,0,0
-402,88,-332,-4142,221,-576,0,0
-402,58,-239,-4039,100,-532,0,0
-427,37,-170,-4115,23,-497,0,0
-459,26,-154,-4204,16,-446,0,0
-400,2,-163,-4287,77,-464,0,0
-253,-31,-150,-4261,97,-460,0,0
-98,-89,-113,-4206,89,-524,0,0
7,-130,-67,-4186,44,-588,0,0
40,-126,-41,-4127,-22,-613,0,0
28,-93,1,-3976,-60,-605,0,0
-25,-65,64,-3898,-22,-585,0,0
-148,-46,109,-4160,273,-529,0,0
-65,-68,111,-4262,760,-547,0,0
280,-113,146,-4107,1201,-497,0,0
612,-152,265,-4136,1353,-531,0,0
603,-129,439,-3941,1299,-603,0,0
318,-71,658,-3760,1356,-579,0,0
324,-55,815,-3998,1462,-565,0,0
500,-23,840,-4124,1284,-607,0,0
319,56,797,-3990,1126,-494,0,0
172,81,743,-3783,1097,-451,0,0
376,71,720,-3099,654,-459,0,0
290,80,691,-2658,449,-439,0,0
95,106,638,-3045,416,-495,0,0
-177,170,470,-3632,499,-377,0,0
-318,148,112,-3882,582,-403,0,0
-314,57,-198,-3121,541,-506,0,0
-315,-29,-390,-2822,700,-386,0,0
-117,-125,-581,-2723,514,-430,0,0
-189,-137,-780,-2083,451,-451,0,0
-171,-106,-885,-2460,370,-305,0,0
61,-83,-938,-3609,289,-208,0,0
257,-36,-1000,-5260,78,-198,0,0
210,23,-940,-5673,-166,-123,0,0
-61,-59,-716,-5351,-250,-304,0,0
99,-181,-479,-5580,-315,-545,0,0
239,-187,-376,-5470,-519,-453,0,0
189,-155,-318,-5961,-489,-517,0,0
200,-115,-205,-6037,-755,-584,0,0
-31,-90,-47,-6821,-824,-492,0,0
-167,-52,109,-6570,-1219,-512,0,0
-281,-47,168,-4911,-1061,-344,0,0
-125,-63,87,-5197,-972,-319,0,0
114,-24,-62,-4819,-715,-338,0,0
237,47,-94,-5266,-594,-198,0,0
22,84,41,-5074,-540,-127,0,0
-180,28,188,-4521,-422,-223,0,0
-180,-3,278,-4802,-423,-165,0,0
-247,60,292,-4872,-407,-143,0,0
-359,115,374,-4816,-453,-231,0,0
-468,120,520,-4803,-489,-319,0,0
-522,170,552,-4934,-358,-282,0,0
-459,240,566,-4993,-202,-238,0,0
-330,236,658,-4859,19,-270,0,0
-93,148,793,-4606,219,-342,0,0
229,58,862,-4247,354,-387,0,0
384,12,754,-3668,390,-484,0,0
393,-7,515,-3036,482,-547,0,0
360,-16,234,-3017,623,-517,0,0
279,-48,-113,-3059,747,-529,0,0
193,-110,-436,-2884,863,-555,0,0
307,-195,-682,-2626,1043,-546,0,0
694,-285,-843,-2523,1111,-515,0,0
1107,-350,-900,-2637,1141,-545,0,0
1471,-358,-825,-3099,1071,-515,0,0
1535,-285,-683,-3851,907,-539,0,0
1075,-103,-446,-3946,573,-503,0,0
115,104,-160,-3812,313,-411,0,0
-920,294,57,-4113,221,-262,0,0
-1841,393,135,-4064,89,-138,0,0
-2221,326,112,-3796,297,-234,0,0
-1780,169,121,-4434,373,-191,0,0
-990,-41,32,-5562,490,-414,0,0
-79,-223,-140,-4719,700,-997,0,0
689,-248,-94,-3719,511,-861,0,0
583,-152,-61,-3758,488,-719,0,0
-206,-15,-291,-3819,733,-755,0,0
-780,55,-559,-3978,1088,-810,0,0
-785,-13,-739,-4141,1354,-977,0,0
-268,-128,-750,-3846,1419,-1082,0,0
402,-211,-536,-3490,1255,-1111,0,0
825,-187,-321,-3404,993,-1049,0,0
781,-86,-231,-3225,728,-989,0,0
555,34,-129,-2795,350,-924,0,0
265,169,58,-2173,-135,-631,0,0
-205,335,130,-3104,-406,-288,0,0
-990,540,66,-3635,-927,-20,0,0
-2193,522,69,-3306,-1196,230,0,0
-2621,248,-2,-4552,-542,-171,0,0
-1377,54,-183,-5086,-616,-247,0,0
124,-133,-218,-4619,-1046,-286,0,0
590,-241,-189,-4696,-1333,-538,0,0
25,-163,-269,-5073,-1392,-342,0,0
-578,-142,-377,-5397,-1206,-522,0,0
-405,-205,-384,-5333,-1088,-844,0,0
54,-219,-308,-5274,-1244,-809,0,0
30,-132,-301,-5521,-1327,-726,0,0
-235,-71,-339,-5110,-1228,-841,0,0
-33,-28,-322,-5137,-992,-767,0,0
167,22,-198,-5047,-1008,-602,0,0
17,53,-30,-4978,-857,-594,0,0
-118,71,132,-4791,-799,-545,0,0
-90,74,230,-4638,-756,-527,0,0
38,64,302,-4704,-873,-444,0,0
46,50,378,-4692,-975,-517,0,0
-12,37,427,-4644,-1017,-518,0,0
18,13,457,-4487,-945,-543,0,0
129,7,433,-4360,-898,-574,0,0
167,20,408,-4200,-797,-569,0,0
184,28,366,-4075,-650,-579,0,0
286,48,300,-3954,-431,-550,0,0
414,66,279,-3908,-334,-558,0,0
390,88,305,-3819,-248,-565,0,0
286,95,327,-3814,-111,-517,0,0
292,88,349,-3813,-59,-531,0,0
307,89,380,-3718,-58,-502,0,0
228,102,421,-3685,-58,-452,0,0
136,124,444,-3986,-14,-354,0,0
141,104,452,-4188,56,-444,0,0
237,57,489,-4344,59,-539,0,0
166,50,552,-4384,97,-582,0,0
-5,50,556,-4107,288,-652,0,0
-21,-9,449,-3905,695,-714,0,0
292,-103,331,-3867,1002,-968,0,0
666,-51,309,-3960,985,-937,0,0
576,56,317,-4183,801,-764,0,0
178,81,329,-4156,722,-834,0,0
-291,76,317,-3975,763,-842,0,0
-558,27,268,-3583,797,-803,0,0
-388,-60,143,-3324,899,-781,0,0
-20,-106,-91,-3401,908,-824,0,0
187,-100,-329,-3613,960,-887,0,0
249,-87,-447,-3880,965,-967,0,0
181,-82,-421,-3940,921,-1011,0,0
77,-104,-275,-3807,868,-950,0,0
59,-133,-143,-3870,865,-1025,0,0
-9,-99,-169,-4341,1002,-1074,0,0
154,-50,-325,-4423,1148,-1378,0,0
257,17,-250,-3405,1122,-1123,0,0
273,10,59,-3277,1123,-797,0,0
503,-29,220,-3602,1145,-812,0,0
432,39,311,-3220,1001,-749,0,0
80,101,386,-3687,1167,-479,0,0
-84,135,183,-5060,1407,-560,0,0
-263,268,-154,-5089,1454,-641,0,0
-548,283,-202,-3811,1340,-729,0,0
-843,121,94,-3096,1389,-632,0,0
-623,-49,407,-3204,1552,-533,0,0
-113,-91,485,-3501,1558,-569,0,0
156,-32,393,-3462,1406,-600,0,0
75,16,334,-3369,1290,-571,0,0
-139,5,351,-3219,1301,-523,0,0
-98,-67,396,-2905,1236,-549,0,0
10,-141,433,-2507,1102,-585,0,0
91,-178,448,-2158,983,-589,0,0
86,-135,453,-2302,842,-429,0,0
-28,-53,320,-3395,795,-283,0,0
-86,29,14,-4489,867,-387,0,0
-68,106,-357,-5336,887,-398,0,0
-209,93,-545,-4963,487,-500,0,0
-330,-101,-428,-3898,510,-811,0,0
-63,-156,-262,-4638,428,-612,0,0
48,-113,-253,-4559,504,-485,0,0
150,-137,-282,-4662,371,-640,0,0
-11,-130,-273,-4794,431,-646,0,0
-118,-120,-284,-4902,491,-463,0,0
-141,-171,-228,-4995,322,-410,0,0
-211,-201,-211,-5209,432,-401,0,0
-129,-265,-131,-4932,288,-423,0,0
-151,-321,-13,-5063,327,-568,0,0
-240,-285,99,-4935,269,-329,0,0
-326,-272,154,-4609,319,-414,0,0
-204,-201,82,-5107,536,-428,0,0
28,-102,6,-4955,643,-288,0,0
267,-89,1,-4948,581,-469,0,0
79,-31,110,-5145,632,-407,0,0
-57,-3,269,-5216,579,-306,0,0
-127,-2,430,-5531,405,-313,0,0
-286,6,473,-5325,360,-318,0,0
-182,19,410,-5080,392,-272,0,0
-46,50,391,-5103,350,-244,0,0
-79,96,373,-4891,454,-249,0,0
-46,140,388,-4808,476,-187,0,0
-54,182,405,-4736,537,-137,0,0
87,195,372,-4443,656,-125,0,0
441,167,406,-4014,665,-126,0,0
597,108,465,-3620,697,-107,0,0
644,-18,431,-3204,773,-227,0,0
662,-150,224,-2830,1033,-506,0,0
697,-190,-175,-2628,1372,-725,0,0
783,-103,-636,-2875,1508,-604,0,0
537,-29,-1094,-3049,1562,-290,0,0
275,-48,-1391,-3234,1562,-357,0,0
58,-30,-1454,-3302,1554,-276,0,0
-22,-39,-1391,-3341,1697,-314,0,0
98,-51,-1132,-3181,1597,-318,0,0
190,-72,-704,-3062,1393,-354,0,0
59,-65,-280,-3509,1325,-351,0,0
-85,-31,-35,-4252,1390,-396,0,0
-78,-3,33,-4539,1304,-493,0,0
-209,-10,92,-4347,1108,-480,0,0
-362,-76,192,-3825,1017,-567,0,0
-80,-137,256,-3392,857,-670,0,0
377,-71,315,-3678,573,-686,0,0
308,148,344,-4469,166,-683,0,0
-435,415,293,-5017,-70,-656,0,0
-1196,545,225,-4111,-102,-653,0,0
-1343,432,249,-3330,-55,-563,0,0
-971,201,206,-3979,58,-549,0,0
-622,65,-135,-4590,472,-625,0,0
-284,23,-664,-3982,875,-736,0,0
55,1,-1010,-3216,931,-740,0,0
33,7,-1084,-3242,1030,-733,0,0
-155,44,-1054,-3609,1125,-772,0,0
-357,77,-975,-3742,1260,-829,0,0
-441,58,-853,-3589,1388,-934,0,0
-298,28,-639,-3242,1224,-927,0,0
-421,48,-374,-2922,805,-800,0,0
-872,93,-232,-2860,510,-739,0,0
-940,202,-477,-3967,773,-721,0,0
-357,288,-709,-5101,504,-365,0,0
436,72,-380,-4937,-463,-1011,0,0
727,-46,118,-4046,-1359,-973,0,0
114,-43,319,-3848,-2096,-695,0,0
-399,63,93,-4307,-2052,-771,0,0
-385,153,-141,-4892,-2043,-779,0,0
90,97,-163,-4913,-2246,-1206,0,0
379,118,-228,-4871,-2079,-1176,0,0
259,169,-255,-4966,-2021,-1008,0,0
105,194,-244,-4552,-1991,-989,0,0
-144,260,-222,-4439,-2252,-728,0,0
-562,295,-315,-4773,-1831,-746,0,0
-339,203,-350,-4586,-1652,-1113,0,0
-39,122,-237,-4730,-1498,-1149,0,0
-28,69,-138,-4764,-1218,-1304,0,0
130,58,30,-4691,-1120,-1356,0,0
273,69,286,-4769,-1303,-1325,0,0
16,110,545,-4590,-1599,-1211,0,0
-366,109,696,-4442,-1517,-1219,0,0
-390,65,761,-4281,-1377,-1236,0,0
-230,10,753,-4090,-1134,-1233,0,0
-13,-31,703,-4002,-1037,-1119,0,0
99,-72,649,-3974,-881,-1065,0,0
169,-97,624,-3949,-739,-979,0,0
83,-95,648,-3815,-687,-873,0,0
-45,-93,641,-3769,-537,-803,0,0
-92,-105,564,-4066,-329,-757,0,0
50,-162,476,-4400,-184,-799,0,0
190,-250,460,-4073,-204,-963,0,0
148,-286,424,-3736,-9,-921,0,0
170,-282,288,-3477,226,-928,0,0
91,-225,147,-3335,414,-881,0,0
-101,-192,43,-3496,715,-782,0,0
-7,-207,-81,-3955,964,-850,0,0
181,-209,-178,-4119,1031,-880,0,0
247,-192,-218,-4344,1095,-876,0,0
103,-169,-181,-4489,1029,-912,0,0
7,-178,-164,-4080,1150,-1054,0,0
244,-194,-118,-3511,1254,-1152,0,0
592,-136,24,-3421,1109,-1033,0,0
675,-55,184,-3522,884,-992,0,0
510,25,333,-3629,729,-972,0,0
275,73,441,-3837,471,-911,0,0
81,97,421,-3948,349,-855,0,0
-26,93,331,-3901,330,-862,0,0
-97,59,297,-3763,282,-818,0,0
-197,4,267,-4732,558,-673,0,0
-59,-55,124,-5121,1050,-877,0,0
112,-95,80,-3276,904,-851,0,0
-403,-131,330,-2625,1078,-484,0,0
-652,-202,544,-3147,1594,-458,0,0
-409,-132,503,-3905,1798,-216,0,0
-298,10,147,-4558,1913,-104,0,0
-427,65,-93,-4321,1911,-291,0,0
-714,7,83,-3737,1836,-245,0,0
-578,-184,404,-3256,1996,-314,0,0
-62,-260,616,-3292,1824,-240,0,0
91,-182,595,-3289,1670,-192,0,0
-97,-50,433,-3254,1589,-178,0,0
-275,50,294,-3038,1572,-38,0,0
-129,42,164,-2856,1490,-96,0,0
-136,68,56,-2686,1384,-56,0,0
-232,85,-39,-2385,1423,-151,0,0
-278,59,-50,-1791,1138,-273,0,0
-450,32,-13,-1732,1042,-225,0,0
-196,74,-109,-3016,635,-222,0,0
155,236,-383,-5212,574,-218,0,0
371,336,-677,-6282,280,-226,0,0
149,64,-589,-4614,10,-919,0,0
293,-136,-360,-5136,160,-978,0,0
350,-133,-245,-5138,-100,-380,0,0
412,-195,-286,-5123,-69,-739,0,0
462,-136,-340,-4976,-21,-761,0,0
540,-102,-370,-4882,39,-583,0,0
477,-162,-308,-4751,-83,-763,0,0
251,-154,-280,-4913,174,-755,0,0
348,-109,-258,-5116,195,-656,0,0
558,-94,-215,-5276,122,-792,0,0
807,-86,-212,-5434,78,-794,0,0
1124,-131,-168,-5289,-128,-792,0,0
1067,-177,-112,-5105,-375,-868,0,0
459,-122,-28,-5208,-299,-762,0,0
154,-54,64,-5190,-335,-771,0,0
-163,62,99,-5092,-229,-618,0,0
-302,119,179,-4989,-46,-514,0,0
-143,105,314,-4885,-94,-501,0,0
-286,107,386,-4765,-86,-396,0,0
-460,123,380,-4718,137,-371,0,0
-232,119,379,-4556,169,-373,0,0
-32,86,388,-4348,31,-449,0,0
-245,90,429,-4378,-74,-478,0,0
-647,142,389,-4271,143,-396,0,0
-586,140,311,-4081,285,-432,0,0
-226,80,258,-4170,468,-396,0,0
170,8,203,-3940,499,-399,0,0
377,-42,97,-3524,530,-482,0,0
426,-36,-48,-3435,758,-533,0,0
422,2,-113,-3474,866,-546,0,0
192,20,-203,-3424,1024,-588,0,0
-116,33,-354,-3624,1258,-572,0,0
-393,80,-544,-3631,1425,-415,0,0
-394,110,-768,-3334,1540,-278,0,0
-90,87,-913,-3413,1570,-154,0,0
347,6,-911,-3608,1464,-184,0,0
601,-63,-786,-3798,1332,-196,0,0
517,-129,-556,-3599,1145,-240,0,0
141,-192,-278,-3489,1139,-344,0,0
-205,-197,-97,-3734,1273,-389,0,0
-288,-153,-8,-3787,1340,-430,0,0
-49,-147,94,-3670,1287,-509,0,0
228,-140,207,-3966,1068,-606,0,0
363,-52,294,-4678,828,-610,0,0
367,52,331,-4912,404,-661,0,0
206,65,446,-3655,-40,-681,0,0
113,-53,578,-3114,-175,-578,0,0
-44,-63,567,-4161,-306,-591,0,0
-512,96,283,-4549,10,-565,0,0
-792,146,-56,-4407,402,-614,0,0
-462,65,-282,-4193,671,-739,0,0
-185,3,-370,-3721,666,-756,0,0
-396,26,-384,-3396,765,-747,0,0
-770,78,-399,-3347,995,-704,0,0
-1041,129,-458,-3458,1300,-756,0,0
-1197,223,-546,-3338,1463,-688,0,0
-1132,303,-553,-3114,1646,-460,0,0
-670,307,-437,-3015,1523,-483,0,0
-372,281,-258,-2839,1174,-511,0,0
-262,190,-103,-2845,831,-407,0,0
235,68,-136,-3873,390,-320,0,0
627,-60,-263,-4578,-317,-290,0,0
660,-183,-259,-4913,-745,-557,0,0
344,-162,-132,-5086,-1248,-308,0,0
-141,-223,33,-4622,-1616,-216,0,0
-275,-347,25,-4585,-1523,-457,0,0
-440,-281,-101,-4682,-1477,-262,0,0
-563,-271,-231,-4738,-1195,-294,0,0
-450,-278,-303,-4903,-1282,-330,0,0
-363,-293,-365,-4974,-1131,-393,0,0
-159,-277,-400,-5112,-1074,-463,0,0
-96,-227,-367,-5132,-1009,-498,0,0
-28,-169,-282,-4927,-1001,-552,0,0
-3,-119,-146,-4828,-1091,-561,0,0
-136,-6,-20,-4870,-1065,-419,0,0
-221,79,108,-4977,-1012,-331,0,0
-203,89,232,-4704,-1018,-380,0,0
-176,51,262,-4568,-837,-293,0,0
-12,35,306,-4663,-687,-254,0,0
99,56,390,-4655,-658,-226,0,0
-20,58,510,-4658,-614,-212,0,0
-29,58,558,-4615,-504,-174,0,0
-30,58,607,-4669,-547,-153,0,0
-26,33,654,-4684,-484,-174,0,0
34,12,679,-4768,-598,-145,0,0
22,-19,672,-4735,-631,-180,0,0
20,-43,627,-4874,-541,-220,0,0
12,-30,562,-4972,-336,-243,0,0
40,-21,449,-4861,37,-265,0,0
174,-19,366,-4538,329,-253,0,0
235,-6,286,-3890,554,-271,0,0
214,26,192,-3199,759,-320,0,0
61,11,122,-2788,923,-305,0,0
203,-71,85,-2588,1046,-403,0,0
491,-57,5,-3181,1093,-399,0,0
467,42,-147,-3508,1051,-389,0,0
228,95,-167,-3282,981,-457,0,0
-2,69,-32,-3263,962,-368,0,0
66,21,-20,-3785,1099,-282,0,0
258,4,-176,-4225,1083,-422,0,0
284,0,-329,-4267,1193,-493,0,0
369,-28,-307,-4122,1208,-570,0,0
439,-54,-116,-3954,1104,-586,0,0
387,-86,67,-3889,1035,-608,0,0
349,-90,167,-3827,1025,-654,0,0
498,-35,170,-3825,936,-731,0,0
624,23,165,-3761,815,-748,0,0
600,3,168,-4083,805,-803,0,0
293,23,206,-4549,982,-716,0,0
194,68,326,-3953,890,-570,0,0
179,80,484,-3160,650,-481,0,0
-42,120,562,-3826,761,-244,0,0
-152,206,393,-4591,907,-137,0,0
-199,251,32,-4270,1000,-129,0,0
-229,174,-195,-3783,1074,-97,0,0
-182,16,-244,-3516,1234,-109,0,0
29,-128,-241,-3539,1323,-194,0,0
235,-186,-266,-3674,1340,-287,0,0
297,-159,-301,-3804,1331,-337,0,0
222,-102,-293,-3893,1278,-360,0,0
52,-77,-245,-3804,1227,-373,0,0
-3,-111,-218,-3725,1188,-462,0,0
79,-127,-268,-3737,1123,-464,0,0
207,-112,-378,-3760,1065,-533,0,0
327,-95,-472,-3605,862,-613,0,0
215,-61,-513,-3360,648,-553,0,0
42,-38,-508,-3067,348,-480,0,0
-16,-27,-484,-2901,-83,-288,0,0
160,-70,-550,-3242,-291,-235,0,0
361,15,-658,-4643,-301,-136,0,0
162,97,-538,-4557,-801,-274,0,0
-143,14,-293,-3865,-872,-424,0,0
-167,-45,-178,-4036,-904,-341,0,0
-21,-1,-214,-4442,-995,-434,0,0
-50,75,-275,-4382,-898,-592,0,0
0,71,-237,-4355,-983,-600,0,0
31,46,-187,-4589,-1163,-595,0,0
39,52,-248,-4679,-1153,-515,0,0
11,93,-249,-4943,-1199,-370,0,0
-132,74,-186,-4990,-1084,-521,0,0
-130,57,-177,-5286,-1009,-602,0,0
-90,87,-191,-5199,-810,-725,0,0
265,75,-141,-5149,-797,-817,0,0
667,66,-42,-5190,-990,-843,0,0
845,91,132,-5154,-1545,-828,0,0
478,114,292,-4892,-1766,-708,0,0
127,123,309,-4641,-1749,-465,0,0
25,113,262,-4453,-1668,-334,0,0
-10,85,169,-4468,-1509,-258,0,0
-100,53,177,-4630,-1398,-137,0,0
-171,-16,232,-4593,-1380,-201,0,0
-288,-84,276,-4478,-1291,-325,0,0
-441,-101,303,-4528,-1083,-385,0,0
-410,-116,334,-4550,-860,-461,0,0
-368,-142,442,-4570,-960,-603,0,0
-518,-101,465,-4571,-767,-529,0,0
-526,-69,405,-4543,-549,-554,0,0
-426,-71,377,-4526,-246,-606,0,0
-216,-80,350,-4386,78,-563,0,0
6,-101,338,-4072,339,-451,0,0
253,-161,353,-3772,594,-399,0,0
593,-204,382,-3550,729,-377,0,0
810,-186,400,-3452,828,-288,0,0
919,-162,398,-3340,852,-266,0,0
837,-167,367,-3507,736,-333,0,0
274,-147,196,-3801,783,-426,0,0
-180,-108,-58,-3657,1067,-442,0,0
104,-79,-238,-3595,1182,-438,0,0
434,-22,-286,-3704,1019,-534,0,0
281,42,-181,-3623,981,-551,0,0
179,67,31,-3511,953,-504,0,0
207,97,219,-3725,842,-453,0,0
86,169,254,-4026,768,-397,0,0
-95,225,185,-3942,745,-384,0,0
-124,214,121,-3700,698,-361,0,0
1,171,79,-3892,664,-278,0,0
170,143,-10,-4387,500,-466,0,0
123,163,-120,-4325,330,-601,0,0
-56,157,-150,-4165,271,-607,0,0
-102,104,-80,-3962,165,-735,0,0
-135,54,-48,-3645,64,-783,0,0
-261,2,-60,-3639,176,-733,0,0
-367,-44,-119,-4364,387,-746,0,0
-435,-70,-244,-4682,686,-752,0,0
-358,-103,-347,-3899,672,-829,0,0
-518,-105,-354,-3293,672,-768,0,0
-793,-117,-346,-3349,907,-744,0,0
-841,-116,-352,-3616,1156,-794,0,0
-750,-124,-349,-3509,1375,-876,0,0
-509,-131,-284,-3248,1414,-934,0,0
-313,-99,-155,-3167,1389,-931,0,0
-200,-50,79,-2840,1030,-853,0,0
-280,-5,314,-3366,836,-680,0,0
-177,72,435,-4129,141,-418,0,0
-298,112,459,-3941,-454,-261,0,0
-661,112,332,-4021,-412,-219,0,0
-670,131,187,-4534,-595,111,0,0
-528,46,85,-4542,-798,49,0,0
-480,-53,-29,-4639,-701,-179,0,0
-417,-64,-123,-4949,-536,-110,0,0
-243,-117,-123,-5118,-478,-186,0,0
-125,-204,-58,-5129,-664,-369,0,0
-183,-178,-163,-5174,-421,-385,0,0
-163,-111,-275,-5162,-184,-391,0,0
-62,-95,-229,-4932,49,-473,0,0
60,-46,-184,-4926,59,-347,0,0
98,41,-138,-4900,-94,-306,0,0
-29,119,-82,-4899,-221,-230,0,0
-187,115,-1,-4796,-205,-206,0,0
-227,58,97,-4794,-108,-175,0,0
-135,18,166,-4810,4,-112,0,0
11,-13,214,-4736,-44,-151,0,0
83,-19,240,-4936,-23,-157,0,0
-5,-8,305,-4872,-83,-245,0,0
-110,-14,369,-4724,30,-276,0,0
-4,-19,394,-4937,-8,-283,0,0
-25,-10,459,-4698,-113,-363,0,0
-57,-12,442,-4701,-72,-394,0,0
-16,-2,410,-4621,-61,-406,0,0
62,19,328,-4491,10,-371,0,0
162,46,245,-4613,11,-303,0,0
141,81,185,-4316,91,-255,0,0
140,93,112,-4180,223,-161,0,0
177,94,28,-4252,355,-153,0,0
221,89,-84,-4333,494,-160,0,0
229,46,-135,-4216,615,-282,0,0
221,-11,-92,-3570,674,-399,0,0
202,-68,-14,-3017,752,-456,0,0
108,-82,-28,-3188,918,-471,0,0
114,-27,-221,-3612,1209,-506,0,0
375,58,-475,-3774,1382,-684,0,0
426,186,-536,-3793,1246,-656,0,0
94,210,-333,-3662,1120,-676,0,0
-70,111,-55,-3440,1181,-700,0,0
33,5,83,-3371,1240,-615,0,0
238,-24,45,-3499,1228,-659,0,0
387,41,-74,-3705,1164,-693,0,0
389,106,-134,-3942,1054,-794,0,0
294,143,-44,-3955,857,-872,0,0
87,151,132,-3894,758,-842,0,0
-121,130,365,-4030,558,-780,0,0
-411,93,436,-4587,672,-706,0,0
-264,39,255,-4437,778,-804,0,0
57,-25,179,-3260,649,-754,0,0
179,-109,306,-3144,672,-733,0,0
194,-113,425,-4069,786,-728,0,0
194,-42,313,-4539,955,-748,0,0
263,26,181,-3774,854,-611,0,0
102,16,233,-3512,822,-394,0,0
-68,-15,246,-4029,921,-287,0,0
-100,-34,96,-3985,950,-247,0,0
-54,-70,-163,-4179,1098,-194,0,0
154,-88,-406,-4427,1133,-244,0,0
181,-112,-447,-3959,988,-298,0,0
-43,-204,-287,-3558,956,-327,0,0
-87,-284,-121,-3575,1112,-350,0,0
64,-280,-111,-3698,1121,-403,0,0
26,-175,-226,-3643,1083,-444,0,0
-243,-56,-343,-3577,1209,-435,0,0
-413,-9,-392,-3545,1336,-471,0,0
-420,0,-390,-3473,1426,-484,0,0
-264,14,-345,-3299,1456,-439,0,0
-57,43,-278,-3189,1376,-368,0,0
104,70,-249,-3060,1238,-303,0,0
221,52,-209,-3019,862,-202,0,0
199,8,-214,-3517,373,-177,0,0
232,24,-408,-4328,224,-266,0,0
315,73,-497,-4577,-422,-349,0,0
178,-39,-332,-3813,-916,-505,0,0
279,-149,-243,-4383,-739,-526,0,0
550,-104,-220,-4916,-1038,-383,0,0
503,-129,-114,-5011,-1131,-581,0,0
230,-155,58,-5085,-1158,-494,0,0
185,-160,79,-5242,-942,-434,0,0
238,-106,59,-5017,-912,-379,0,0
446,-94,95,-4804,-1125,-223,0,0
281,-76,124,-4945,-1155,-17,0,0
212,-75,88,-5171,-1040,-126,0,0
340,-41,104,-5398,-1204,-102,0,0
210,-44,145,-4950,-1195,-94,0,0
74,-79,179,-4901,-1017,-147,0,0
62,-50,167,-4994,-749,-58,0,0
94,-35,234,-4906,-718,-38,0,0
48,-33,328,-4888,-666,-67,0,0
-81,-17,378,-4899,-610,-26,0,0
-150,10,398,-5037,-548,-14,0,0
-149,50,420,-5278,-531,-66,0,0
-139,72,433,-5326,-383,-130,0,0
68,39,451,-5056,-319,-266,0,0
454,1,546,-4674,-199,-392,0,0
763,44,628,-4274,-150,-396,0,0
647,149,609,-3933,52,-304,0,0
288,218,441,-3906,359,-319,0,0
-22,226,281,-3969,612,-345,0,0
-176,161,152,-3775,863,-409,0,0
-38,54,63,-3357,1004,-573,0,0
123,17,15,-3333,1181,-568,0,0
129,42,-53,-3398,1267,-582,0,0
-24,89,-81,-3480,1171,-445,0,0
-384,53,-177,-3427,1309,-463,0,0
-405,-9,-369,-3291,1529,-536,0,0
-25,-22,-529,-3303,1539,-376,0,0
228,-36,-547,-3405,1380,-495,0,0
114,-23,-402,-3377,1248,-554,0,0
-105,-11,-186,-3322,1220,-470,0,0
-187,-23,-31,-3603,1263,-490,0,0
-71,-23,25,-4016,1256,-514,0,0
37,0,23,-4229,1139,-558,0,0
-90,39,81,-4090,1058,-503,0,0
-171,23,178,-4183,1106,-465,0,0
11,-30,215,-4274,1026,-491,0,0
199,-83,215,-3885,937,-506,0,0
384,-130,276,-3489,830,-525,0,0
444,-81,328,-3797,731,-502,0,0
317,81,199,-4337,688,-555,0,0
49,233,61,-4169,557,-580,0,0
-194,262,56,-3735,554,-521,0,0
-204,208,151,-3789,525,-590,0,0
-307,192,215,-3927,523,-571,0,0
-492,143,129,-4087,671,-614,0,0
-568,60,-85,-4204,980,-694,0,0
-448,-6,-342,-3619,1215,-778,0,0
-229,-32,-469,-3314,1289,-815,0,0
-135,-23,-500,-3396,1368,-912,0,0
-103,-8,-482,-3505,1399,-1051,0,0
-161,10,-419,-3503,1422,-1124,0,0
-210,22,-298,-3245,1395,-1076,0,0
-247,27,-118,-2830,1250,-995,0,0
-309,41,82,-2671,1113,-856,0,0
-214,81,219,-3033,874,-768,0,0
-42,196,273,-3886,451,-505,0,0
-57,298,288,-4957,-18,-243,0,0
-401,283,310,-5213,-359,-363,0,0
-745,180,353,-4411,-437,-391,0,0
-668,31,394,-4243,-355,-247,0,0
-345,-22,262,-4769,-172,-229,0,0
-242,-1,16,-4733,-192,-341,0,0
-133,-42,-198,-4842,-7,-481,0,0
65,-90,-251,-4998,-2,-430,0,0
-86,-121,-203,-4723,77,-466,0,0
-249,-147,-196,-4534,443,-452,0,0
-76,-128,-192,-4752,583,-397,0,0
-40,-58,-153,-5018,501,-403,0,0
-357,-2,-42,-4991,446,-431,0,0
-458,-15,80,-5167,525,-447,0,0
-327,-55,139,-5154,473,-506,0,0
-186,-105,98,-4973,526,-565,0,0
134,-157,24,-4923,562,-653,0,0
446,-136,-22,-4787,497,-661,0,0
441,-52,-16,-4763,447,-639,0,0
270,52,59,-4896,446,-617,0,0
33,157,179,-4693,335,-509,0,0
-180,186,295,-4565,367,-428,0,0
-132,169,311,-4678,304,-395,0,0
-105,159,308,-4471,212,-352,0,0
-135,142,312,-4400,210,-340,0,0
-132,137,329,-4417,159,-336,0,0
-155,126,323,-4375,163,-365,0,0
-183,107,288,-4560,202,-344,0,0
-225,83,187,-4817,341,-413,0,0
-171,56,40,-4145,450,-501,0,0
-75,-16,-84,-2971,697,-660,0,0
163,-78,-216,-2625,950,-829,0,0
357,-74,-398,-2657,1142,-785,0,0
457,-42,-611,-3037,1368,-716,0,0
487,64,-805,-3673,1451,-741,0,0
176,162,-785,-3492,1286,-757,0,0
-399,146,-445,-3277,1183,-715,0,0
-663,64,-135,-3451,1418,-617,0,0
-482,-10,-91,-3645,1493,-683,0,0
-296,-31,-181,-3768,1479,-793,0,0
-195,-27,-246,-3851,1475,-823,0,0
-107,-15,-219,-3841,1395,-920,0,0
-143,27,-131,-3884,1308,-982,0,0
-250,68,75,-4090,1234,-879,0,0
-219,77,342,-4424,1137,-865,0,0
-220,80,642,-3817,835,-685,0,0
-363,18,925,-3566,899,-472,0,0
-157,-57,997,-3905,1028,-326,0,0
193,-89,823,-3830,951,-196,0,0
308,-116,430,-3924,1099,-94,0,0
569,-149,-99,-4088,1306,-135,0,0
876,-183,-458,-4022,1231,-216,0,0
855,-251,-456,-3883,1145,-380,0,0
624,-296,-171,-3825,1064,-494,0,0
336,-298,133,-3922,1056,-535,0,0
75,-236,260,-3880,1086,-560,0,0
-67,-132,196,-3657,1116,-515,0,0
-133,-39,17,-3622,1163,-472,0,0
-130,24,-181,-3612,1218,-499,0,0
-71,61,-301,-3546,1230,-507,0,0
-41,80,-341,-3532,1235,-496,0,0
-46,101,-361,-3577,1245,-502,0,0
-110,138,-404,-3467,1255,-457,0,0
-103,144,-435,-3252,1302,-421,0,0
39,107,-440,-3112,1279,-411,0,0
168,50,-437,-3071,1237,-404,0,0
263,-17,-435,-3375,1183,-502,0,0
423,-109,-434,-3817,1143,-652,0,0
868,-127,-540,-4616,1043,-799,0,0
1176,-46,-550,-4510,480,-639,0,0
1076,-56,-244,-3949,-42,-634,0,0
761,1,199,-3960,-1040,-151,0,0
-307,55,543,-4369,-1908,82,0,0
-1299,-21,466,-4542,-1673,-252,0,0
-1100,-137,166,-4687,-1195,-247,0,0
-69,-200,-84,-5299,-1262,-258,0,0
403,-208,-288,-5360,-1110,-524,0,0
189,-222,-407,-5461,-728,-700,0,0
157,-169,-375,-5193,-411,-805,0,0
326,-110,-251,-5378,-415,-698,0,0
83,-26,-95,-5492,-506,-617,0,0
-79,39,-19,-5575,-317,-617,0,0
-26,56,116,-5102,-411,-603,0,0
36,65,225,-4987,-438,-504,0,0
8,109,323,-4954,-598,-440,0,0
-30,143,351,-4936,-566,-395,0,0
-85,163,357,-5055,-579,-390,0,0
-96,140,412,-4971,-514,-487,0,0
-94,125,483,-4881,-514,-555,0,0
-111,130,529,-4683,-506,-648,0,0
-65,138,553,-4563,-457,-668,0,0
-124,121,551,-4343,-272,-686,0,0
-190,84,492,-4293,190,-537,0,0
0,6,392,-4245,592,-413,0,0
326,-112,183,-4096,837,-457,0,0
636,-211,-19,-3411,897,-515,0,0
692,-251,-70,-2852,891,-519,0,0
567,-220,-83,-2921,952,-472,0,0
456,-148,-153,-3068,993,-393,0,0
282,-111,-231,-3087,969,-458,0,0
25,-102,-292,-3238,1076,-501,0,0
-42,-115,-299,-3283,1179,-485,0,0
52,-118,-200,-3328,1149,-534,0,0
-16,-60,-106,-3499,1180,-519,0,0
-150,22,-87,-3805,1265,-558,0,0
-231,94,-71,-3923,1256,-552,0,0
-286,105,4,-3871,1252,-498,0,0
-215,58,100,-3967,1232,-525,0,0
-99,18,174,-4259,1184,-488,0,0
18,0,150,-4736,1123,-639,0,0
79,37,62,-4189,977,-714,0,0
198,-1,132,-3222,877,-715,0,0
402,-27,300,-3486,777,-733,0,0
274,72,350,-4018,680,-735,0,0
-260,195,257,-4017,662,-729,0,0
-633,163,182,-3868,951,-685,0,0
-351,22,121,-4075,1106,-770,0,0
-202,3,9,-3971,1030,-810,0,0
-534,68,-61,-3372,1065,-796,0,0
-707,92,-55,-3242,1193,-723,0,0
-524,73,-132,-3377,1273,-725,0,0
-443,102,-252,-3225,1312,-797,0,0
-539,156,-291,-3194,1426,-807,0,0
-555,170,-248,-3148,1460,-840,0,0
-518,161,-140,-2806,1431,-841,0,0
-456,160,15,-2633,1398,-668,0,0
-168,147,161,-3268,1326,-456,0,0
193,101,228,-4315,829,-403,0,0
124,41,297,-4449,186,-358,0,0
-8,-53,231,-4285,-16,-285,0,0
10,-86,69,-4407,-280,-167,0,0
-196,-93,-32,-4471,-164,-176,0,0
-342,-151,-102,-4892,-1,-323,0,0
-326,-202,-258,-5073,306,-476,0,0
30,-248,-372,-5002,436,-632,0,0
508,-258,-308,-4919,326,-697,0,0
565,-221,-189,-5002,133,-758,0,0
262,-84,-174,-4946,195,-796,0,0
192,89,-221,-5089,251,-733,0,0
210,190,-136,-5239,147,-763,0,0
-24,236,-10,-5033,202,-680,0,0
-172,261,84,-4820,270,-449,0,0
-181,280,101,-4815,215,-208,0,0
-316,244,132,-5138,260,-97,0,0
-572,140,210,-5281,373,-140,0,0
-614,-31,255,-4809,579,-271,0,0
-323,-175,272,-4936,671,-327,0,0
-93,-196,307,-5180,625,-477,0,0
-98,-171,386,-4985,590,-575,0,0
-61,-175,478,-4939,643,-640,0,0
154,-167,559,-4784,548,-637,0,0
337,-165,641,-4494,411,-643,0,0
512,-128,648,-4330,314,-595,0,0
691,-35,567,-4234,204,-517,0,0
629,73,530,-3969,72,-409,0,0
279,125,469,-3756,221,-268,0,0
174,90,274,-2951,478,-242,0,0
382,-41,10,-2266,747,-401,0,0
466,-108,-290,-2580,1107,-529,0,0
474,-108,-572,-2646,1353,-713,0,0
550,-58,-740,-3285,1459,-635,0,0
482,-34,-859,-3907,1409,-736,0,0
198,-55,-774,-3748,1250,-885,0,0
-218,-131,-476,-3792,1237,-814,0,0
-340,-223,-282,-3714,1389,-817,0,0
-193,-242,-278,-3507,1328,-857,0,0
-231,-199,-378,-3573,1335,-878,0,0
-304,-145,-487,-3682,1413,-900,0,0
-258,-99,-532,-3756,1485,-884,0,0
11,-76,-529,-4328,1495,-965,0,0
446,-16,-493,-4987,1324,-1271,0,0
473,88,-157,-3587,949,-944,0,0
257,39,436,-2965,847,-631,0,0
139,-22,840,-3890,895,-619,0,0
-37,38,950,-4307,1010,-536,0,0
41,129,841,-3904,848,-396,0,0
-87,219,507,-4149,932,-194,0,0
-105,306,-14,-4335,1012,-102,0,0
-155,284,-399,-3995,834,-129,0,0
-361,70,-480,-3564,949,-276,0,0
-74,-172,-408,-3610,1160,-349,0,0
409,-265,-327,-3805,1048,-454,0,0
304,-209,-322,-3708,947,-568,0,0
-116,-105,-393,-3648,1099,-597,0,0
-241,-8,-462,-3581,1158,-585,0,0
-270,22,-444,-3201,1073,-579,0,0
-318,-34,-311,-2676,1065,-598,0,0
-188,-66,-146,-2562,1097,-594,0,0
4,-25,-2,-2361,759,-440,0,0
-148,18,49,-2697,322,-514,0,0
-626,171,-125,-3459,92,-292,0,0
-1019,265,-426,-4730,286,-106,0,0
-754,243,-533,-5737,-25,-476,0,0
-488,158,-411,-5110,-302,-575,0,0
-98,-42,-260,-5346,-286,-807,0,0
335,-47,-160,-5363,-239,-848,0,0
456,-24,-71,-5218,-384,-1028,0,0
354,-12,60,-5045,-494,-1017,0,0
534,37,81,-5077,-672,-803,0,0
712,93,138,-5031,-1083,-636,0,0
375,104,217,-5173,-1332,-552,0,0
1,37,185,-4986,-1092,-582,0,0
126,-43,121,-4968,-922,-564,0,0
357,-65,51,-4918,-995,-638,0,0
182,-63,45,-4798,-893,-733,0,0
66,-45,90,-4821,-578,-679,0,0
163,-50,193,-4745,-600,-674,0,0
109,-21,276,-4810,-475,-566,0,0
44,27,322,-4949,-383,-553,0,0
31,47,411,-4971,-455,-524,0,0
-118,36,532,-5056,-444,-537,0,0
-186,15,618,-5013,-391,-517,0,0
-107,-38,648,-4955,-277,-565,0,0
44,-107,642,-4722,30,-624,0,0
252,-179,519,-4695,528,-601,0,0
636,-226,332,-4361,656,-660,0,0
687,-262,241,-3284,563,-663,0,0
474,-285,185,-2719,658,-696,0,0
359,-187,32,-2652,775,-645,0,0
175,-62,-122,-2665,784,-452,0,0
-44,-33,-261,-2978,977,-408,0,0
21,-64,-444,-3070,1172,-424,0,0
319,-89,-568,-3290,1214,-379,0,0
418,-69,-557,-3701,1141,-448,0,0
213,-23,-414,-3855,1091,-527,0,0
-30,-7,-200,-3910,1116,-515,0,0
-142,-24,2,-3825,1115,-485,0,0
-155,-26,120,-4068,1033,-482,0,0
-221,24,101,-4399,1007,-456,0,0
-225,57,50,-4164,940,-425,0,0
-153,17,142,-3774,817,-379,0,0
-96,-36,270,-3824,738,-341,0,0
-79,-31,276,-3954,626,-320,0,0
-121,-4,148,-4083,669,-322,0,0
-49,-1,19,-4136,721,-391,0,0
20,15,-9,-4045,682,-533,0,0
-91,76,34,-3830,620,-620,0,0
-306,169,70,-3636,602,-713,0,0
-585,260,101,-3326,575,-623,0,0
-728,210,91,-4097,896,-559,0,0
-461,62,-70,-5051,1155,-795,0,0
-269,-4,-257,-4281,1146,-871,0,0
-405,-9,-256,-3364,1116,-755,0,0
-494,3,-148,-3319,1216,-638,0,0
-332,5,-151,-3426,1297,-714,0,0
-263,28,-236,-3521,1320,-762,0,0
-273,39,-295,-3570,1381,-825,0,0
-245,44,-254,-3472,1373,-854,0,0
-218,41,-119,-3361,1326,-829,0,0
-229,32,42,-3192,1200,-805,0,0
-253,40,189,-3465,1021,-692,0,0
-17,56,260,-3755,624,-545,0,0
373,73,254,-3834,110,-403,0,0
327,95,297,-4095,-320,-228,0,0
-6,96,274,-4319,-447,-238,0,0
-426,86,268,-3944,-547,-157,0,0
-532,3,205,-4311,-311,-227,0,0
-328,18,3,-4739,-258,-249,0,0
-298,15,-226,-4750,11,-364,0,0
-42,-58,-344,-5075,106,-473,0,0
222,-97,-346,-5135,38,-467,0,0
33,-83,-307,-5183,44,-565,0,0
-202,-59,-235,-5150,231,-567,0,0
-81,-78,-167,-4845,252,-464,0,0
52,-61,-120,-4919,151,-297,0,0
-93,-6,-88,-5437,4,-196,0,0
-322,-2,-10,-5322,-92,-198,0,0
-417,-88,71,-5130,-155,-242,0,0
-356,-160,8,-5060,7,-303,0,0
-56,-214,-138,-4787,145,-392,0,0
229,-225,-197,-4627,231,-458,0,0
256,-156,-168,-4660,179,-393,0,0
45,-66,-1,-4526,116,-361,0,0
-49,-3,155,-4627,93,-268,0,0
-108,40,270,-4569,-61,-145,0,0
-131,26,298,-4414,-48,-156,0,0
15,2,314,-4332,-148,-113,0,0
48,0,319,-4312,-181,-85,0,0
36,-1,319,-4325,-203,-76,0,0
68,-21,322,-4252,-139,-58,0,0
162,-27,248,-4308,-5,-61,0,0
216,9,167,-4398,201,-51,0,0
267,12,113,-4453,345,-107,0,0
291,-18,90,-4338,433,-177,0,0
286,-72,58,-3688,540,-341,0,0
401,-107,12,-3013,740,-601,0,0
485,-4,-57,-3164,921,-662,0,0
288,127,-242,-3630,1146,-617,0,0
289,142,-515,-3833,1489,-880,0,0
625,174,-613,-3735,1489,-872,0,0
733,222,-380,-3705,1197,-798,0,0
318,254,31,-3604,946,-743,0,0
-317,249,335,-3558,1080,-661,0,0
-463,201,402,-3570,1192,-683,0,0
-266,165,293,-3662,1141,-691,0,0
-214,142,169,-3837,1033,-742,0,0
-297,118,114,-3847,1054,-797,0,0
-301,75,108,-3869,1052,-851,0,0
-277,50,135,-4094,1053,-847,0,0
-170,17,172,-4322,1068,-932,0,0
-27,-13,286,-3715,913,-850,0,0
-27,-54,482,-3239,874,-681,0,0
21,-81,561,-3778,967,-636,0,0
98,-46,414,-4104,998,-574,0,0
65,-12,194,-3653,973,-558,0,0
-57,15,98,-3228,989,-389,0,0
-73,18,14,-3883,1246,-273,0,0
123,51,-295,-4795,1371,-433,0,0
40,113,-614,-4631,1287,-478,0,0
-274,50,-567,-3942,1289,-491,0,0
-203,-117,-236,-3659,1330,-566,0,0
47,-204,41,-3610,1246,-639,0,0
60,-142,119,-3535,1178,-635,0,0
-63,-9,33,-3521,1197,-600,0,0
-135,117,-113,-3619,1206,-504,0,0
-157,171,-216,-3619,1188,-486,0,0
-192,156,-196,-3466,1146,-412,0,0
-208,89,-105,-3456,1167,-363,0,0
-123,24,-101,-3479,1142,-398,0,0
-86,-8,-188,-3201,1083,-387,0,0
-66,-55,-231,-3419,1012,-438,0,0
-126,-73,-215,-3230,832,-546,0,0
-176,-54,-144,-2768,762,-485,0,0
-51,-6,-120,-3798,722,-467,0,0
-22,102,-270,-4725,696,-624,0,0
-71,113,-247,-4145,465,-632,0,0
30,-32,-30,-3986,355,-644,0,0
315,-82,-24,-4187,194,-680,0,0
452,-23,-188,-4472,117,-736,0,0
497,44,-299,-4896,17,-740,0,0
442,58,-213,-4999,-181,-699,0,0
297,11,-94,-4950,-237,-760,0,0
296,-9,-86,-5161,-184,-688,0,0
445,-21,-118,-5188,-255,-753,0,0
483,-35,-113,-5130,-353,-786,0,0
492,-42,-78,-5176,-394,-785,0,0
455,-20,-47,-5051,-511,-812,0,0
313,7,-17,-4710,-552,-813,0,0
282,27,-11,-4745,-588,-750,0,0
213,67,-61,-4765,-629,-752,0,0
136,92,-95,-4596,-640,-697,0,0
157,75,-105,-4806,-631,-674,0,0
10,88,-75,-4708,-682,-564,0,0
-193,62,-40,-4852,-477,-473,0,0
-122,9,-23,-4986,-406,-484,0,0
-54,-26,0,-4892,-368,-521,0,0
-113,-66,69,-4829,-339,-596,0,0
-101,-110,166,-4785,-277,-695,0,0
-5,-128,300,-4779,-484,-829,0,0
-164,-43,405,-4581,-591,-919,0,0
-214,38,369,-4405,-537,-984,0,0
-77,83,377,-4103,-492,-879,0,0
-21,90,374,-3888,-254,-749,0,0
55,69,332,-3780,85,-561,0,0
155,-3,177,-3748,544,-492,0,0
537,-120,-27,-3514,832,-501,0,0
1036,-245,-22,-3416,721,-477,0,0
1122,-328,170,-3217,487,-545,0,0
744,-326,309,-3248,478,-622,0,0
306,-241,287,-3409,603,-656,0,0
-20,-135,220,-3527,577,-609,0,0
-452,-95,169,-3574,767,-566,0,0
-414,-129,50,-3667,1031,-577,0,0
-29,-126,-71,-3701,1004,-561,0,0
-1,-64,-118,-3812,967,-599,0,0
-225,19,-92,-3894,969,-588,0,0
-419,72,-18,-3857,1044,-541,0,0
-398,95,47,-4006,1060,-560,0,0
-412,132,80,-4039,1036,-495,0,0
-440,134,91,-3979,1067,-478,0,0
-376,112,72,-3833,1024,-467,0,0
-345,86,29,-3730,1030,-445,0,0
-234,45,-46,-3667,985,-475,0,0
-55,25,-186,-3834,1009,-524,0,0
281,50,-298,-4496,1020,-667,0,0
379,160,-244,-4350,602,-733,0,0
-343,166,43,-3699,328,-709,0,0
-794,81,380,-3936,615,-678,0,0
-446,4,390,-4520,667,-609,0,0
-411,-38,122,-4424,744,-748,0,0
-604,-60,-119,-3486,1010,-794,0,0
-326,-89,-194,-3173,1235,-735,0,0
4,-87,-273,-3518,1198,-835,0,0
-94,-33,-433,-3685,1326,-950,0,0
-134,-4,-537,-3500,1409,-948,0,0
-81,17,-472,-3383,1405,-874,0,0
-69,48,-296,-3469,1361,-887,0,0
-135,74,-70,-3461,1259,-857,0,0
-323,94,173,-3583,1255,-793,0,0
-354,132,329,-3882,1170,-794,0,0
-321,188,394,-3676,825,-699,0,0
-285,171,443,-3821,661,-641,0,0
69,101,377,-4155,534,-612,0,0
524,62,203,-4162,173,-560,0,0
489,47,167,-3831,-249,-381,0,0
202,62,277,-4131,-478,-245,0,0
-264,147,354,-4419,-646,-105,0,0
-844,157,330,-4663,-610,-167,0,0
-944,44,236,-4868,-289,-245,0,0
-560,-105,42,-4843,-169,-375,0,0
-233,-189,-225,-4686,60,-499,0,0
-142,-165,-493,-5065,443,-517,0,0
-151,-157,-628,-5017,609,-604,0,0
55,-202,-617,-4757,738,-614,0,0
270,-212,-586,-4974,699,-546,0,0
139,-149,-490,-4970,523,-416,0,0
-53,-137,-313,-5343,247,-315,0,0
-320,-193,-118,-5250,28,-138,0,0
-473,-255,79,-4860,-41,-98,0,0
-620,-264,268,-4817,-304,-51,0,0
-1147,-123,209,-4920,-105,-15,0,0
-1658,38,68,-4757,225,147,0,0
-1597,-21,67,-4788,498,114,0,0
-877,-237,65,-4720,673,-47,0,0
233,-412,27,-4575,616,-145,0,0
962,-405,98,-4458,382,-178,0,0
1057,-312,174,-4446,353,-244,0,0
993,-234,260,-4201,270,-189,0,0
1053,-190,340,-4050,226,-145,0,0
961,-94,368,-4255,209,-15,0,0
763,19,384,-4255,249,46,0,0
617,110,405,-4213,210,120,0,0
419,178,415,-4075,285,140,0,0
371,199,378,-3987,346,166,0,0
443,168,324,-3908,456,143,0,0
554,129,245,-3967,501,79,0,0
454,108,170,-3542,593,59,0,0
331,40,158,-3080,754,-89,0,0
301,-35,168,-3273,901,-278,0,0
248,-52,-23,-3711,1150,-467,0,0
168,13,-441,-4199,1418,-502,0,0
197,90,-804,-4069,1472,-628,0,0
227,127,-770,-3786,1295,-671,0,0
105,125,-490,-3647,1158,-662,0,0
-183,113,-241,-3569,1246,-689,0,0
-230,91,-181,-3672,1406,-708,0,0
56,83,-315,-3868,1484,-784,0,0
296,111,-415,-4004,1357,-874,0,0
132,152,-291,-4194,1160,-980,0,0
-371,196,34,-4070,1105,-891,0,0
-594,186,295,-3878,1251,-828,0,0
-364,166,398,-3728,1254,-736,0,0
-29,145,360,-3764,1218,-660,0,0
250,115,268,-3765,1121,-655,0,0
370,82,245,-3751,1016,-602,0,0
448,28,274,-3964,1060,-595,0,0
600,-20,266,-4029,1033,-566,0,0
645,-69,257,-3492,905,-562,0,0
478,-119,357,-3254,709,-574,0,0
57,-123,510,-3808,734,-625,0,0
-405,4,371,-4506,968,-719,0,0
-632,244,-89,-4360,1344,-549,0,0
-497,307,-370,-3386,1217,-555,0,0
-379,215,-269,-2846,1116,-490,0,0
-212,89,-130,-2860,1321,-448,0,0
155,60,-143,-2909,1305,-416,0,0
200,129,-248,-2899,1154,-418,0,0
-198,221,-305,-3034,1142,-383,0,0
-620,250,-254,-3202,1152,-343,0,0
-829,208,-178,-3456,1234,-397,0,0
-791,180,-196,-3830,1282,-324,0,0
-510,113,-271,-4152,1313,-465,0,0
13,-11,-235,-4057,1081,-834,0,0
279,-63,-46,-3918,753,-934,0,0
223,-43,139,-4081,531,-1033,0,0
193,44,76,-4633,524,-1061,0,0
367,55,-117,-4953,511,-1053,0,0
707,-54,-61,-5037,220,-1196,0,0
847,-105,72,-5134,-8,-1137,0,0
621,-49,89,-4834,-164,-1141,0,0
412,-5,-6,-4730,-23,-1090,0,0
506,-19,-81,-4780,-19,-1056,0,0
504,7,-56,-4875,-179,-826,0,0
286,11,-18,-5004,-231,-761,0,0
205,-16,30,-5175,-329,-728,0,0
11,-42,96,-5111,-452,-734,0,0
-216,-67,136,-5129,-366,-780,0,0
-197,-115,107,-4896,-287,-878,0,0
-56,-151,48,-4666,-271,-931,0,0
-81,-105,-46,-4737,-106,-899,0,0
-127,-39,-91,-4719,82,-853,0,0
-53,-34,-58,-4701,145,-861,0,0
-31,-41,57,-4772,174,-794,0,0
-89,-49,193,-4707,142,-817,0,0
-204,-45,352,-4566,115,-827,0,0
-331,-18,493,-4581,71,-786,0,0
-480,10,571,-4353,176,-731,0,0
-512,-20,587,-4202,441,-667,0,0
-421,-60,482,-4112,733,-642,0,0
-217,-64,294,-3892,877,-580,0,0
-79,-88,143,-3646,944,-543,0,0
3,-133,-7,-3369,1103,-556,0,0
204,-151,-207,-3194,1179,-552,0,0
321,-122,-395,-3196,1188,-620,0,0
160,-45,-504,-3302,1191,-618,0,0
-44,-10,-560,-3483,1343,-617,0,0
103,-37,-620,-3446,1411,-621,0,0
363,-93,-640,-3318,1374,-606,0,0
568,-126,-571,-3448,1319,-642,0,0
583,-59,-423,-3590,1198,-563,0,0
324,36,-234,-3755,1075,-483,0,0
-45,97,-52,-3887,1100,-451,0,0
-170,90,78,-3955,1118,-424,0,0
-107,46,179,-4010,1018,-361,0,0
-89,-10,248,-3898,893,-466,0,0
-58,-60,327,-3623,783,-581,0,0
23,-83,414,-3661,702,-567,0,0
5,-47,441,-4113,599,-609,0,0
-147,43,304,-4381,686,-620,0,0
-175,96,62,-4317,721,-741,0,0
-237,131,-54,-3553,603,-882,0,0
-476,154,67,-3388,628,-711,0,0
-583,84,154,-4373,834,-781,0,0
-488,-5,30,-4725,989,-998,0,0
-404,-20,-175,-3924,1067,-959,0,0
-314,-4,-312,-3237,1094,-845,0,0
-166,28,-365,-3238,1155,-779,0,0
-24,50,-465,-3451,1174,-779,0,0
-40,55,-622,-3612,1207,-823,0,0
-95,61,-693,-3464,1247,-877,0,0
-134,87,-618,-3229,1245,-849,0,0
-314,127,-438,-3200,1163,-770,0,0
-550,98,-178,-3180,1072,-779,0,0
-622,23,32,-3239,979,-780,0,0
-354,30,37,-3800,862,-737,0,0
88,77,1,-3787,334,-623,0,0
184,57,118,-4073,3,-692,0,0
-1,66,263,-4459,-121,-530,0,0
-170,37,248,-4142,-138,-498,0,0
198,-27,186,-4039,-165,-553,0,0
342,20,271,-4459,-674,-336,0,0
-155,43,386,-4867,-592,-470,0,0
-386,-17,526,-4918,-565,-487,0,0
-433,-55,589,-5212,-546,-431,0,0
-537,-53,354,-5321,-168,-502,0,0
-413,-85,24,-5074,41,-589,0,0
-37,-148,-312,-4966,101,-744,0,0
203,-143,-538,-5163,308,-758,0,0
312,-88,-548,-5167,349,-762,0,0
376,-78,-431,-4973,355,-788,0,0
293,-58,-272,-5010,336,-783,0,0
202,12,-116,-4819,239,-652,0,0
85,49,53,-4780,167,-614,0,0
32,50,146,-4709,132,-558,0,0
81,26,170,-4543,25,-494,0,0
17,4,188,-4635,53,-473,0,0
-45,-18,203,-4498,100,-474,0,0
19,-48,202,-4340,102,-510,0,0
-16,-56,194,-4363,165,-489,0,0
-59,-61,199,-4318,297,-504,0,0
34,-50,212,-4364,315,-463,0,0
14,-31,234,-4518,341,-479,0,0
-54,-23,289,-4325,396,-494,0,0
71,-39,355,-4350,429,-497,0,0
138,-16,416,-4406,315,-500,0,0
-5,8,484,-4252,312,-517,0,0
8,3,491,-4364,334,-481,0,0
12,11,432,-4442,354,-466,0,0
7,8,355,-4305,427,-486,0,0
24,2,256,-4116,489,-455,0,0
38,-8,126,-3523,682,-494,0,0
216,-28,11,-2886,809,-520,0,0
163,-1,-63,-2936,1022,-491,0,0
25,9,-194,-3402,1418,-573,0,0
172,-14,-432,-3678,1657,-687,0,0
255,8,-655,-4096,1678,-752,0,0
89,63,-687,-4548,1584,-810,0,0
-185,64,-467,-4089,1391,-775,0,0
-376,-26,-101,-3436,1355,-752,0,0
-190,-93,144,-3323,1394,-670,0,0
210,-105,131,-3453,1294,-724,0,0
375,-64,-18,-3424,1221,-726,0,0
468,-20,-152,-3587,1269,-768,0,0
598,17,-219,-3887,1089,-1089,0,0
293,59,-184,-3740,1072,-1146,0,0
3,63,20,-3527,1095,-941,0,0
148,33,241,-3845,1061,-900,0,0
330,40,323,-4458,903,-917,0,0
256,53,306,-4591,854,-892,0,0
220,36,344,-3747,686,-855,0,0
195,5,525,-3249,571,-805,0,0
43,5,645,-3752,725,-680,0,0
-109,32,508,-3992,966,-469,0,0
-37,19,211,-3828,1054,-520,0,0
66,5,-13,-3552,944,-516,0,0
100,-50,-115,-3788,1104,-473,0,0
196,-69,-268,-4377,1291,-556,0,0
128,-9,-435,-4401,1307,-521,0,0
-48,-36,-435,-3814,1277,-576,0,0
-40,-136,-240,-3444,1272,-597,0,0
162,-204,-47,-3478,1263,-635,0,0
279,-164,-8,-3651,1162,-675,0,0
132,-43,-83,-3706,1125,-664,0,0
-113,58,-120,-3599,1083,-616,0,0
-299,99,-104,-3786,1141,-573,0,0
-325,104,-141,-3902,1171,-589,0,0
-313,92,-201,-3570,1110,-566,0,0
-278,29,-266,-3599,1195,-545,0,0
-69,-17,-398,-3640,1107,-668,0,0
43,-10,-414,-2941,669,-675,0,0
-97,15,-295,-3101,517,-510,0,0
-34,10,-265,-3770,509,-613,0,0
144,33,-248,-3782,176,-619,0,0
-43,27,-166,-3609,51,-482,0,0
-37,-53,-85,-3801,-11,-521,0,0
186,-93,7,-3714,-153,-497,0,0
224,-98,107,-3993,-335,-487,0,0
-69,-43,172,-4401,-276,-402,0,0
-169,-20,98,-4961,-118,-520,0,0
-65,-23,25,-5172,-86,-624,0,0
23,-75,-34,-4958,-14,-616,0,0
300,-171,-96,-7216,166,-693,0,0
713,-173,-129,-5584,73,-740,0,0
678,-85,-62,-5639,-130,-779,0,0
353,-8,46,-5507,-140,-822,0,0
284,17,126,-5042,-170,-837,0,0
343,23,126,-4721,-286,-818,0,0
255,74,71,-4562,-176,-735,0,0
336,136,22,-4892,-185,-668,0,0
189,227,70,-5143,-296,-579,0,0
-98,236,173,-4869,-293,-572,0,0
-181,181,282,-4827,-293,-608,0,0
-167,155,265,-4633,-257,-626,0,0
-130,126,213,-4565,-203,-690,0,0
-173,109,178,-4673,-59,-764,0,0
-208,119,183,-4577,-2,-772,0,0
-273,124,227,-4528,91,-797,0,0
-296,112,278,-4462,126,-864,0,0
-344,108,359,-4236,142,-851,0,0
-402,133,377,-4061,246,-838,0,0
-465,168,375,-3974,368,-772,0,0
-552,170,390,-4062,633,-683,0,0
-468,117,356,-4089,846,-597,0,0
-252,-8,262,-3994,1067,-589,0,0
104,-163,144,-3840,1152,-616,0,0
266,-261,76,-3593,1137,-671,0,0
214,-305,61,-3358,1220,-749,0,0
274,-303,50,-3209,1316,-794,0,0
306,-215,40,-3294,1293,-818,0,0
14,-84,-29,-3517,1308,-709,0,0
-257,-51,-205,-3402,1523,-691,0,0
-22,-101,-403,-3199,1615,-656,0,0
345,-148,-508,-3279,1542,-675,0,0
407,-144,-426,-3345,1391,-755,0,0
237,-87,-224,-3535,1321,-661,0,0
85,-21,-97,-3695,1348,-592,0,0
4,24,-56,-3659,1313,-569,0,0
-65,30,-37,-3762,1303,-531,0,0
-71,13,-9,-3670,1260,-532,0,0
-51,-9,30,-3795,1245,-475,0,0
13,-29,27,-4187,1193,-528,0,0
27,-43,103,-4000,1006,-441,0,0
-34,-104,288,-3893,912,-375,0,0
24,-168,417,-4024,882,-428,0,0
79,-170,389,-4080,835,-467,0,0
12,-125,234,-4104,829,-552,0,0
-87,-71,69,-4126,882,-630,0,0
-138,-25,-6,-4113,928,-724,0,0
-156,15,15,-4039,917,-798,0,0
-220,56,62,-3900,919,-806,0,0
-303,120,38,-3957,962,-765,0,0
-326,180,-68,-4015,1041,-721,0,0
-216,189,-210,-3872,1092,-783,0,0
-73,185,-279,-3588,1044,-737,0,0
-63,171,-264,-3575,1022,-706,0,0
-123,147,-294,-4021,1100,-762,0,0
-216,141,-398,-4215,1145,-780,0,0
-332,125,-459,-4115,1165,-770,0,0
-393,98,-438,-3786,1167,-798,0,0
-382,77,-335,-3418,1146,-709,0,0
-325,30,-266,-3493,1173,-691,0,0
-220,-23,-272,-3717,1186,-772,0,0
-135,-53,-323,-3548,1240,-817,0,0
-48,-50,-305,-3254,1181,-784,0,0
-11,-45,-269,-3312,1201,-794,0,0
0,-23,-257,-3228,1091,-832,0,0
-114,4,-160,-2962,949,-761,0,0
-124,14,-83,-3513,853,-780,0,0
49,75,-11,-3456,413,-610,0,0
-24,79,142,-3443,24,-532,0,0
-272,110,233,-3899,-97,-476,0,0
-406,169,136,-4213,-53,-242,0,0
-243,117,29,-4413,-184,-356,0,0
6,44,25,-4707,-406,-384,0,0
0,-7,57,-4981,-544,-367,0,0
-116,-81,39,-4965,-576,-532,0,0
-138,-141,-79,-5005,-394,-555,0,0
119,-239,-227,-4848,-265,-611,0,0
353,-270,-339,-4885,-195,-624,0,0
289,-200,-407,-4813,-226,-564,0,0
88,-122,-437,-4774,-280,-562,0,0
-98,-40,-385,-5144,-321,-486,0,0
-203,-14,-244,-5019,-463,-440,0,0
-304,-27,-133,-5168,-475,-464,0,0
-309,-30,-119,-5148,-425,-438,0,0
-148,-38,-141,-5174,-368,-448,0,0
-24,-62,-152,-5058,-209,-524,0,0
137,-88,-112,-4807,-168,-585,0,0
185,-64,-45,-4858,-94,-597,0,0
139,-13,69,-4737,-93,-654,0,0
161,44,237,-4724,-193,-589,0,0
34,95,419,-4946,-182,-507,0,0
-106,101,599,-4768,-81,-477,0,0
17,69,709,-4612,-106,-464,0,0
88,87,697,-4572,-179,-355,0,0
17,110,644,-4388,-106,-325,0,0
131,80,627,-4300,-80,-283,0,0
276,26,615,-4246,-90,-265,0,0
332,-25,554,-3961,-29,-264,0,0
418,-62,444,-4004,58,-329,0,0
357,-30,303,-4162,222,-326,0,0
217,-8,201,-4007,439,-373,0,0
219,-36,151,-3889,601,-472,0,0
254,-49,81,-3644,744,-549,0,0
271,-61,62,-3021,765,-656,0,0
188,-72,99,-3001,842,-700,0,0
-16,-63,7,-3524,1058,-692,0,0
-78,-45,-250,-3774,1330,-828,0,0
53,8,-497,-3595,1374,-906,0,0
110,52,-533,-3588,1331,-902,0,0
109,69,-419,-3655,1258,-948,0,0
-34,83,-277,-3625,1237,-936,0,0
-191,82,-170,-3641,1331,-934,0,0
-80,67,-96,-3747,1367,-933,0,0
72,62,-32,-3859,1273,-943,0,0
39,77,47,-3933,1253,-945,0,0
10,92,132,-3876,1246,-973,0,0
32,95,233,-3759,1197,-887,0,0
101,70,312,-3834,1170,-961,0,0
214,62,391,-3890,1069,-954,0,0
210,41,481,-4045,990,-926,0,0
168,-1,580,-4184,930,-898,0,0
201,-58,607,-4035,908,-928,0,0
325,-91,571,-3482,839,-854,0,0
333,-79,519,-3321,785,-728,0,0
74,-11,330,-3530,881,-670,0,0
-168,58,73,-3391,980,-531,0,0
-214,33,-141,-3525,1113,-465,0,0
-147,11,-409,-4378,1329,-460,0,0
-13,49,-748,-4661,1337,-617,0,0
-106,38,-828,-3728,1178,-688,0,0
-243,-75,-592,-3287,1258,-681,0,0
3,-155,-378,-3550,1336,-760,0,0
143,-78,-363,-3612,1201,-797,0,0
-165,74,-452,-3369,1201,-729,0,0
-451,164,-467,-3051,1266,-609,0,0
-492,150,-402,-2917,1318,-559,0,0
-342,105,-331,-2907,1294,-547,0,0
-196,87,-247,-2727,1140,-521,0,0
-239,79,-138,-3012,994,-482,0,0
-311,61,-56,-3176,833,-476,0,0
-199,7,-41,-3888,858,-452,0,0
-51,0,-105,-4959,512,-538,0,0
-196,-61,-89,-4449,272,-640,0,0
190,-257,-47,-4531,389,-961,0,0
1225,-322,76,-4970,3,-1107,0,0
1363,-210,281,-4991,-531,-1161,0,0
590,-44,471,-4964,-629,-1041,0,0
207,28,490,-5207,-671,-856,0,0
231,65,352,-5216,-723,-788,0,0
65,88,153,-5383,-729,-579,0,0
36,41,-17,-5474,-629,-531,0,0
185,-34,-107,-5603,-561,-555,0,0
227,-110,-186,-5616,-425,-642,0,0
271,-147,-199,-5653,-281,-763,0,0
203,-113,-71,-5329,-296,-858,0,0
-12,-38,44,-5132,-142,-911,0,0
-108,48,86,-5009,-35,-855,0,0
-42,106,116,-4996,-19,-863,0,0
-13,148,174,-4653,-110,-844,0,0
-163,194,254,-4327,-215,-753,0,0
-296,197,302,-3799,-300,-684,0,0
-340,174,254,-3841,-271,-507,0,0
-288,119,109,-4239,-24,-472,0,0
-117,37,73,-4392,28,-452,0,0
-260,-56,148,-4407,256,-520,0,0
-313,-159,123,-4220,687,-687,0,0
1,-238,23,-3914,945,-776,0,0
284,-239,-54,-3907,1005,-784,0,0
310,-190,-73,-3770,1008,-759,0,0
213,-164,-38,-3321,998,-784,0,0
71,-146,21,-3107,1012,-774,0,0
-5,-105,4,-3298,1143,-636,0,0
161,-61,-171,-3314,1170,-603,0,0
285,-19,-341,-3217,1087,-578,0,0
175,15,-332,-3339,1054,-535,0,0
13,48,-154,-3570,1027,-525,0,0
-138,85,81,-3799,957,-478,0,0
-356,111,277,-3914,986,-522,0,0
-485,130,384,-3998,1004,-520,0,0
-503,158,362,-3907,985,-384,0,0
-353,122,220,-3712,914,-366,0,0
-295,73,73,-3764,1008,-473,0,0
-127,23,-59,-4006,1056,-620,0,0
101,-37,-118,-4124,1019,-770,0,0
202,-45,-93,-4119,939,-842,0,0
160,17,-38,-3731,763,-916,0,0
-95,44,93,-3400,580,-800,0,0
-410,-46,116,-4199,755,-806,0,0
-579,-63,-34,-4636,1049,-966,0,0
-1032,10,-136,-3863,1387,-1239,0,0
-1281,125,-63,-3439,1788,-1172,0,0
-501,159,-67,-3495,1359,-884,0,0
202,96,-195,-3481,1156,-675,0,0
379,23,-249,-3383,1180,-681,0,0
248,-10,-227,-3340,1038,-782,0,0
-93,-3,-167,-3072,1067,-805,0,0
-252,15,-95,-2953,1224,-745,0,0
7,16,-104,-2933,1203,-833,0,0
166,64,-60,-2795,993,-809,0,0
-45,109,-1,-3317,962,-716,0,0
-291,124,-48,-3686,910,-837,0,0
-302,136,-132,-3430,786,-791,0,0
42,70,-136,-3550,505,-693,0,0
359,48,-152,-4319,301,-745,0,0
156,163,-190,-4513,-142,-500,0,0
-450,177,-122,-4681,-254,-499,0,0
-624,132,-47,-4975,-301,-545,0,0
-174,83,74,-5178,-166,-198,0,0
879,-96,120,-5341,-315,-463,0,0
942,-257,-12,-5010,-414,-806,0,0
334,-341,-213,-4777,-292,-750,0,0
19,-340,-274,-4878,-152,-742,0,0
-219,-229,-180,-4750,-226,-668,0,0
-598,-113,-121,-4933,-103,-620,0,0
-763,-38,-54,-5263,33,-620,0,0
-616,-26,49,-5017,-29,-578,0,0
-373,-90,94,-5124,128,-607,0,0
41,-118,65,-5230,182,-671,0,0
367,-121,55,-5022,140,-746,0,0
399,-101,137,-5036,147,-767,0,0
331,-46,225,-4893,137,-745,0,0
317,6,284,-4955,110,-717,0,0
211,63,343,-4732,19,-663,0,0
36,90,412,-4525,67,-531,0,0
24,71,461,-4567,5,-440,0,0
-41,45,438,-4265,-13,-373,0,0
-55,0,344,-4145,122,-325,0,0
148,-24,275,-4088,197,-294,0,0
245,-42,239,-4103,214,-351,0,0
151,-74,254,-3962,201,-389,0,0
78,-116,234,-4091,319,-343,0,0
87,-137,110,-4361,517,-386,0,0
147,-148,-4,-4291,712,-496,0,0
183,-131,-47,-3884,789,-530,0,0
14,-83,-75,-3373,870,-501,0,0
-177,-76,-164,-3356,1072,-570,0,0
-160,-116,-306,-3364,1239,-699,0,0
2,-138,-423,-3340,1297,-782,0,0
176,-87,-447,-3406,1278,-757,0,0
260,-10,-412,-3563,1208,-687,0,0
192,36,-395,-3788,1204,-755,0,0
43,59,-422,-3872,1262,-792,0,0
6,47,-447,-3736,1222,-894,0,0
-47,65,-404,-3619,1094,-919,0,0
-179,82,-227,-3546,920,-882,0,0
-183,84,8,-3794,760,-794,0,0
-40,96,138,-4325,766,-690,0,0
141,145,181,-4476,669,-602,0,0
-11,189,375,-3805,639,-394,0,0
-122,119,635,-3732,834,-311,0,0
73,33,730,-3771,950,-246,0,0
277,-49,568,-3753,963,-157,0,0
435,-142,186,-4047,1122,-255,0,0
707,-137,-269,-4668,1213,-361,0,0
824,-34,-456,-4457,966,-338,0,0
520,-46,-216,-3651,677,-387,0,0
3,-163,178,-3430,756,-500,0,0
-163,-229,395,-3686,993,-486,0,0
57,-197,376,-3803,984,-506,0,0
112,-125,178,-3763,936,-533,0,0
-13,-57,-110,-3748,994,-593,0,0
-82,-9,-327,-3461,1043,-600,0,0
-24,-6,-368,-3240,1013,-648,0,0
32,2,-281,-3246,966,-727,0,0
-75,63,-122,-2985,847,-660,0,0
-239,116,1,-2680,787,-549,0,0
-275,121,31,-2788,704,-466,0,0
-223,122,-95,-3110,641,-295,0,0
-199,174,-459,-4259,677,-58,0,0
-301,176,-693,-4794,236,-42,0,0
-267,-84,-430,-4435,-127,-498,0,0
244,-320,25,-4599,-387,-651,0,0
447,-261,137,-4922,-550,-603,0,0
173,-105,-45,-5058,-442,-688,0,0
253,-44,-143,-5152,-358,-758,0,0
474,1,-119,-5252,-371,-686,0,0
392,80,-15,-5294,-488,-544,0,0
128,128,109,-5118,-428,-474,0,0
76,95,85,-4823,-324,-493,0,0
204,64,15,-4941,-231,-448,0,0
313,70,-22,-5099,-270,-504,0,0
194,92,106,-4921,-380,-541,0,0
-22,106,249,-5116,-344,-506,0,0
-147,122,321,-5170,-392,-475,0,0
-207,109,325,-5114,-318,-458,0,0
-149,69,329,-5261,-316,-478,0,0
-193,76,351,-5116,-398,-552,0,0
-464,118,387,-5047,-228,-533,0,0
-442,83,363,-4731,-6,-681,0,0
-208,44,356,-4539,123,-659,0,0
-177,64,368,-4457,184,-725,0,0
-273,136,377,-4164,213,-717,0,0
-417,184,355,-4022,333,-664,0,0
-457,203,371,-4047,459,-558,0,0
-461,165,401,-4034,641,-482,0,0
-319,73,337,-3880,817,-480,0,0
-85,-20,205,-3742,931,-465,0,0
102,-102,57,-3517,1010,-554,0,0
281,-168,-33,-3158,1044,-647,0,0
328,-167,-99,-3286,1112,-689,0,0
203,-101,-244,-3409,1217,-758,0,0
-79,-25,-384,-3521,1280,-727,0,0
-267,-35,-536,-3411,1493,-749,0,0
50,-102,-666,-3103,1571,-712,0,0
431,-122,-693,-3108,1494,-666,0,0
611,-97,-599,-3219,1381,-582,0,0
677,-84,-430,-3515,1290,-517,0,0
575,-56,-236,-3961,1179,-525,0,0
256,-15,-55,-4087,1124,-449,0,0
-26,-34,70,-4046,1116,-417,0,0
-125,-88,125,-4000,1195,-394,0,0
48,-121,144,-3978,1098,-494,0,0
212,-112,181,-3949,829,-654,0,0
39,-30,222,-4066,639,-657,0,0
-204,68,232,-4181,566,-620,0,0
-263,117,151,-4150,547,-709,0,0
-220,144,74,-3839,613,-727,0,0
-49,156,87,-3649,555,-754,0,0
-166,182,149,-3561,448,-729,0,0
-553,149,186,-4218,750,-733,0,0
-545,42,79,-4743,1091,-892,0,0
-349,1,-119,-4003,1130,-899,0,0
-386,31,-191,-3267,1033,-861,0,0
-528,77,-153,-3265,1096,-790,0,0
-486,61,-166,-3324,1198,-801,0,0
-400,14,-270,-3459,1279,-844,0,0
-279,-31,-409,-3484,1375,-931,0,0
-128,-32,-460,-3290,1326,-978,0,0
-44,1,-420,-3390,1266,-914,0,0
49,30,-428,-3738,1012,-969,0,0
-290,97,-422,-3786,1105,-1003,0,0
-506,117,-305,-4050,990,-888,0,0
-127,100,-40,-3981,476,-603,0,0
96,56,207,-4015,41,-575,0,0
62,91,220,-4413,-144,-507,0,0
-105,136,49,-4245,-247,-349,0,0
0,90,-9,-4157,-502,-479,0,0
39,101,27,-4221,-673,-354,0,0
-249,128,8,-4058,-728,-443,0,0
-319,94,-95,-4064,-476,-609,0,0
-34,48,-232,-4558,-437,-738,0,0
297,38,-357,-4482,-492,-891,0,0
431,66,-402,-4930,-506,-854,0,0
418,86,-383,-5020,-687,-931,0,0
178,130,-343,-4719,-623,-936,0,0
27,184,-351,-4983,-533,-819,0,0
43,184,-271,-4861,-684,-889,0,0
-208,204,-162,-4859,-728,-765,0,0
-414,140,-80,-4723,-516,-831,0,0
-56,27,-74,-4772,-353,-905,0,0
175,-54,-83,-4631,-266,-798,0,0
301,-146,0,-4796,-165,-858,0,0
336,-161,155,-4757,-412,-797,0,0
56,-126,275,-4709,-419,-711,0,0
-61,-113,362,-5143,-567,-707,0,0
-325,-104,545,-4713,-765,-695,0,0
-482,-130,525,-4843,-500,-697,0,0
-335,-166,464,-4814,-392,-755,0,0
-263,-209,464,-4648,-148,-888,0,0
-160,-219,421,-4580,186,-851,0,0
163,-197,457,-4349,260,-749,0,0
489,-168,511,-4360,111,-737,0,0
361,-76,609,-4030,-89,-613,0,0
166,-14,635,-3969,4,-563,0,0
197,41,645,-4060,-154,-445,0,0
55,72,601,-4140,-54,-351,0,0
45,39,475,-4305,234,-434,0,0
166,10,360,-4001,317,-524,0,0
10,6,249,-3701,483,-534,0,0
-152,-21,85,-3389,917,-656,0,0
157,-62,-70,-3075,1251,-853,0,0
449,-47,-193,-3423,1285,-787,0,0
269,-63,-369,-3694,1376,-966,0,0
83,-42,-462,-3324,1474,-1064,0,0
72,-26,-360,-3070,1420,-846,0,0
182,-56,-225,-3347,1372,-883,0,0
145,-42,-171,-3454,1312,-941,0,0
8,-27,-188,-3607,1373,-970,0,0
4,-4,-181,-3812,1318,-946,0,0
-50,3,-128,-3837,1246,-978,0,0
-151,15,-36,-3808,1125,-1033,0,0
-279,26,108,-3836,1121,-984,0,0
-102,16,210,-4100,1144,-928,0,0
230,1,280,-4037,994,-898,0,0
293,-6,385,-3696,891,-786,0,0
151,2,453,-3636,910,-748,0,0
-35,74,433,-3630,996,-571,0,0
-185,96,277,-4128,1229,-426,0,0
-66,47,-111,-4346,1465,-605,0,0
130,19,-463,-3915,1438,-728,0,0
163,-33,-521,-3386,1430,-763,0,0
261,-75,-355,-3213,1371,-762,0,0
313,-61,-184,-3403,1334,-843,0,0
158,41,-107,-3343,1291,-869,0,0
-94,160,-42,-3210,1255,-722,0,0
-352,224,16,-3155,1248,-596,0,0
-546,221,40,-3145,1302,-549,0,0
-621,190,-28,-3569,1443,-519,0,0
-669,195,-223,-3655,1485,-550,0,0
-727,186,-330,-3352,1450,-475,0,0
-636,45,-302,-3493,1482,-544,0,0
-19,-116,-301,-3317,1378,-763,0,0
855,-144,-260,-3836,992,-888,0,0
991,-39,-43,-4454,222,-888,0,0
110,52,248,-4273,-88,-860,0,0
-394,39,433,-4192,-187,-813,0,0
-180,-10,435,-4269,-289,-831,0,0
20,-13,292,-4472,-328,-858,0,0
29,-10,142,-4731,-384,-812,0,0
34,-42,-29,-5090,-233,-1011,0,0
-53,-27,-2,-5021,6,-1088,0,0
-60,-19,98,-4955,46,-1132,0,0
-61,6,32,-4678,80,-1122,0,0
-59,46,-142,-4910,227,-1155,0,0
96,114,-296,-5196,186,-976,0,0
-54,155,-283,-5370,248,-845,0,0
-140,91,-127,-5188,237,-934,0,0
-174,-1,47,-5020,276,-958,0,0
-151,-72,94,-4630,409,-1042,0,0
128,-102,56,-4589,355,-1075,0,0
185,-54,12,-4631,231,-1052,0,0
40,10,60,-4695,240,-934,0,0
-16,38,161,-4817,109,-868,0,0
-182,61,277,-4762,37,-763,0,0
-261,19,346,-4691,-3,-836,0,0
-270,-12,398,-4676,-4,-802,0,0
-297,-54,411,-4705,138,-903,0,0
-121,-106,425,-4369,298,-957,0,0
66,-107,407,-4304,516,-848,0,0
58,-88,341,-4127,754,-721,0,0
-148,-170,301,-4100,1151,-723,0,0
-272,-179,295,-3620,1012,-517,0,0
16,-229,308,-3037,677,-612,0,0
61,-247,167,-3107,1077,-694,0,0
162,-175,-127,-3141,1344,-486,0,0
316,-146,-353,-3293,1443,-499,0,0
225,-147,-495,-3399,1635,-436,0,0
332,-185,-627,-3014,1772,-464,0,0
551,-200,-643,-2818,1678,-503,0,0
636,-183,-550,-3093,1683,-581,0,0
644,-101,-404,-3519,1586,-562,0,0
351,-8,-236,-3885,1463,-373,0,0
51,-6,-90,-3974,1439,-496,0,0
30,-9,15,-3820,1309,-555,0,0
80,-42,53,-3687,1239,-460,0,0
215,-84,40,-3668,1089,-474,0,0
266,-76,0,-3895,1000,-489,0,0
230,-52,-46,-4142,924,-541,0,0
154,5,-38,-4206,729,-577,0,0
-57,77,41,-4306,604,-590,0,0
-247,129,71,-4359,607,-660,0,0
-259,153,95,-3813,515,-714,0,0
-265,102,158,-3470,383,-689,0,0
-536,104,198,-3789,430,-724,0,0
-776,98,119,-4358,803,-768,0,0
-558,-7,-137,-4417,1186,-899,0,0
-249,-9,-416,-3569,1174,-888,0,0
-248,71,-500,-3165,1092,-739,0,0
-362,102,-451,-3398,1161,-693,0,0
-368,64,-406,-3447,1237,-847,0,0
-401,37,-379,-3293,1374,-958,0,0
-182,37,-361,-3136,1516,-1082,0,0
154,73,-316,-3293,1398,-1031,0,0
112,156,-248,-3600,1301,-959,0,0
-104,223,-85,-3815,1107,-981,0,0
-306,263,176,-4279,919,-1067,0,0
-289,330,419,-3990,581,-589,0,0
456,146,587,-4090,272,-566,0,0
1402,-41,495,-4191,-173,-754,0,0
1174,-23,97,-3894,-95,-577,0,0
628,4,-198,-4050,-138,-408,0,0
385,36,-153,-4168,-407,-234,0,0
-211,41,17,-4288,-554,-191,0,0
-624,-57,104,-4380,-448,-298,0,0
-549,-198,94,-4853,-127,-314,0,0
-259,-343,91,-4905,25,-472,0,0
46,-442,68,-4847,145,-714,0,0
114,-418,51,-4840,140,-699,0,0
168,-349,8,-4929,179,-745,0,0
279,-252,-58,-5072,176,-720,0,0
271,-168,-28,-5029,146,-687,0,0
295,-97,16,-4936,56,-690,0,0
198,2,58,-5092,-30,-440,0,0
-42,73,84,-5232,-71,-328,0,0
-368,84,67,-4709,-31,-322,0,0
-456,23,1,-4652,247,-412,0,0
-170,-27,-49,-4833,359,-357,0,0
121,-49,-44,-4867,350,-456,0,0
195,-21,76,-4980,152,-412,0,0
3,20,249,-4885,44,-268,0,0
-39,-25,343,-4527,-75,-198,0,0
-18,-85,305,-4252,-164,-48,0,0
6,-143,181,-4154,-210,-18,0,0
-48,-105,65,-4531,-31,-13,0,0
-106,-47,41,-4686,38,-67,0,0
-294,-50,111,-4531,110,-263,0,0
-366,-41,35,-4689,410,-464,0,0
-159,44,-104,-4475,406,-488,0,0
-59,71,-184,-3947,444,-597,0,0
-24,40,-273,-3551,695,-781,0,0
99,40,-356,-3325,883,-782,0,0
153,46,-436,-3290,1068,-823,0,0
299,92,-510,-3499,1284,-902,0,0
547,186,-512,-3764,1249,-837,0,0
571,227,-344,-3432,1009,-874,0,0
309,205,-5,-2953,937,-821,0,0
169,133,288,-3235,1046,-600,0,0
337,43,341,-3550,1007,-706,0,0
479,14,234,-3495,938,-840,0,0
331,48,180,-3439,792,-814,0,0
20,58,202,-3827,924,-970,0,0
-110,78,199,-4751,1139,-1190,0,0
-3,130,207,-5371,1285,-1242,0,0
355,161,458,-3736,901,-1140,0,0
362,170,1005,-2801,572,-736,0,0
67,149,1355,-3787,648,-554,0,0
-215,160,1306,-4258,742,-543,0,0
-463,143,946,-3761,889,-511,0,0
-460,63,407,-3777,1133,-386,0,0
-57,-35,-201,-3947,1305,-478,0,0
247,-102,-601,-3865,1313,-717,0,0
263,-166,-630,-3414,1294,-826,0,0
273,-202,-449,-3311,1305,-880,0,0
106,-137,-325,-3513,1371,-980,0,0
-231,4,-315,-3504,1534,-949,0,0
-349,110,-328,-3312,1602,-913,0,0
-441,180,-337,-3310,1607,-817,0,0
-523,204,-375,-3380,1734,-799,0,0
-352,191,-407,-3235,1698,-747,0,0
-181,164,-411,-3162,1614,-634,0,0
-43,128,-409,-3020,1468,-655,0,0
37,89,-305,-3424,1071,-635,0,0
-35,45,-194,-4116,772,-794,0,0
49,59,-117,-4471,470,-631,0,0
298,-9,-42,-4493,239,-688,0,0
417,-128,96,-3467,76,-931,0,0
501,-171,136,-3674,-33,-824,0,0
532,-81,30,-4401,-63,-626,0,0
518,-20,-6,-4477,-283,-715,0,0
409,-49,118,-4319,-554,-757,0,0
180,-75,209,-4253,-611,-628,0,0
16,-92,135,-4231,-569,-610,0,0
-82,-89,-85,-4641,-283,-501,0,0
-34,-139,-241,-5003,-57,-621,0,0
141,-196,-255,-5461,-84,-677,0,0
99,-233,-173,-5761,-179,-791,0,0
49,-259,-64,-5589,-205,-965,0,0
91,-226,1,-5477,-189,-1025,0,0
165,-145,-41,-5275,-193,-1078,0,0
46,-42,-43,-4841,-198,-981,0,0
-62,41,-13,-4824,-156,-764,0,0
-122,109,-9,-4809,-127,-601,0,0
-127,141,-12,-4953,-143,-456,0,0
-220,146,73,-4911,-326,-333,0,0
-329,82,169,-4974,-329,-371,0,0
-316,3,304,-4771,-380,-324,0,0
-252,-51,374,-4658,-298,-378,0,0
-165,-20,322,-4732,-399,-598,0,0
-313,31,209,-4468,-327,-817,0,0
-408,93,58,-4512,81,-734,0,0
-339,131,-66,-4623,364,-605,0,0
-278,82,-77,-4519,539,-621,0,0
-149,-25,-24,-4115,785,-617,0,0
-46,-122,61,-3387,862,-516,0,0
-47,-197,81,-3098,1083,-476,0,0
166,-207,-48,-2791,1192,-502,0,0
449,-186,-251,-2998,1081,-551,0,0
487,-146,-526,-3285,1245,-687,0,0
523,-59,-607,-3190,1259,-630,0,0
510,13,-361,-3517,967,-591,0,0
168,87,25,-3607,816,-619,0,0
-265,119,446,-3475,788,-575,0,0
-541,89,747,-3761,811,-524,0,0
-504,43,763,-4119,943,-501,0,0
-379,48,589,-4157,1144,-219,0,0
-223,62,354,-3959,1028,-293,0,0
-105,45,179,-3438,841,-483,0,0
-231,-22,83,-3413,837,-541,0,0
-254,-73,-21,-4077,1050,-540,0,0
31,-63,-196,-4415,1012,-618,0,0
135,-11,-269,-4097,822,-684,0,0
-118,39,-211,-4049,880,-673,0,0
-217,75,-204,-3765,1012,-643,0,0
-7,65,-197,-3469,988,-678,0,0
114,64,-137,-3695,868,-726,0,0
-141,86,-87,-4022,885,-690,0,0
-416,63,-84,-4418,1081,-681,0,0
-382,-10,-193,-4326,1184,-840,0,0
-310,-24,-306,-3452,1117,-921,0,0
-371,17,-289,-3116,1128,-798,0,0
-305,12,-247,-3344,1156,-774,0,0
-237,-12,-275,-3466,1222,-896,0,0
-181,-24,-334,-3448,1391,-998,0,0
41,-13,-290,-3300,1387,-1056,0,0
43,49,-136,-3240,1244,-994,0,0
-220,114,43,-3219,1151,-898,0,0
-324,155,239,-3688,1085,-843,0,0
-250,229,345,-4212,768,-675,0,0
-322,217,460,-3800,329,-399,0,0
-576,45,536,-4105,450,-514,0,0
-441,6,345,-4313,713,-426,0,0
176,21,184,-4184,284,-244,0,0
358,2,264,-4464,-127,-375,0,0
33,27,350,-4790,-288,-401,0,0
-165,-32,386,-4540,-165,-464,0,0
-27,-122,288,-4716,369,-530,0,0
147,-162,143,-4712,606,-455,0,0
274,-133,65,-4772,488,-452,0,0
125,-104,24,-4874,410,-422,0,0
-36,-127,-34,-4739,473,-578,0,0
44,-127,-44,-4739,473,-563,0,0
29,-86,-16,-4893,401,-477,0,0
-132,-60,83,-4869,418,-530,0,0
-237,-37,107,-4939,472,-583,0,0
-289,11,24,-4804,618,-498,0,0
-154,-6,-70,-4916,703,-502,0,0
-68,-29,-149,-5036,800,-496,0,0
27,-27,-243,-4936,862,-471,0,0
174,1,-202,-4854,658,-387,0,0
92,9,-85,-4798,548,-307,0,0
-44,5,3,-4737,520,-270,0,0
-60,-43,86,-4666,443,-283,0,0
-12,-97,183,-4593,251,-388,0,0
-88,-57,218,-4333,263,-501,0,0
-18,-27,198,-4372,312,-499,0,0
4,30,205,-4430,330,-410,0,0
-49,73,200,-4289,484,-400,0,0
12,86,141,-4293,584,-395,0,0
72,87,36,-4100,669,-385,0,0
134,62,-124,-3989,846,-382,0,0
271,12,-280,-3750,966,-496,0,0
326,-6,-339,-3354,998,-559,0,0
215,4,-383,-3245,1106,-639,0,0
103,46,-507,-3365,1278,-770,0,0
75,111,-583,-3341,1355,-816,0,0
150,143,-465,-3291,1256,-777,0,0
158,112,-221,-3292,1084,-810,0,0
-122,74,-13,-3470,1193,-756,0,0
-91,16,38,-3492,1368,-804,0,0
252,-11,38,-3480,1237,-834,0,0
389,-15,55,-3855,1179,-912,0,0
411,-6,94,-3982,1102,-979,0,0
340,7,227,-3604,964,-962,0,0
193,-2,400,-3571,873,-959,0,0
50,3,515,-3862,876,-900,0,0
108,4,509,-4098,831,-790,0,0
167,-19,395,-4600,889,-755,0,0
209,-48,282,-4087,909,-783,0,0
252,-76,299,-3275,817,-648,0,0
195,-88,356,-3049,828,-523,0,0
85,-54,233,-3784,1038,-387,0,0
84,36,-266,-4720,1287,-452,0,0
20,144,-828,-4557,1257,-553,0,0
-296,90,-911,-3796,1028,-622,0,0
-676,-89,-588,-3456,1024,-670,0,0
-634,-190,-206,-3588,1254,-649,0,0
-274,-146,10,-3687,1316,-611,0,0
-13,-16,18,-3376,1114,-641,0,0
-209,124,-19,-2845,958,-587,0,0
-482,161,11,-2819,1076,-389,0,0
-402,109,10,-3330,1153,-388,0,0
-313,99,-149,-3729,1245,-430,0,0
-180,104,-382,-3346,1291,-634,0,0
-88,147,-374,-3016,1106,-540,0,0
-128,111,-283,-3806,1271,-441,0,0
278,34,-316,-4598,1398,-875,0,0
746,98,-223,-4297,771,-903,0,0
426,120,53,-4178,264,-764,0,0
-68,116,319,-4330,136,-780,0,0
-124,119,409,-4704,-28,-677,0,0
-46,61,476,-4818,-398,-746,0,0
-140,-12,505,-4663,-294,-755,0,0
-13,-84,438,-4705,-96,-745,0,0
340,-124,299,-4787,-196,-803,0,0
225,-90,177,-4700,-155,-779,0,0
175,-101,96,-4682,-57,-839,0,0
195,-70,37,-4850,-226,-846,0,0
-119,7,-33,-4654,-199,-764,0,0
-200,-5,-103,-4698,7,-777,0,0
16,-54,-211,-4899,87,-821,0,0
110,-87,-245,-4970,117,-828,0,0
154,-112,-220,-5116,174,-915,0,0
174,-98,-181,-4957,157,-1002,0,0
99,-43,-116,-4966,147,-1046,0,0
-48,56,-51,-5018,149,-922,0,0
-80,89,27,-4850,81,-869,0,0
-94,84,144,-4784,3,-748,0,0
-103,55,200,-4822,-71,-622,0,0
-24,29,217,-5069,-156,-638,0,0
-169,64,215,-5102,-232,-622,0,0
-392,31,262,-4762,-35,-642,0,0
-239,-63,265,-4340,219,-788,0,0
136,-105,221,-4025,311,-823,0,0
35,-88,247,-3967,184,-891,0,0
-1029,-19,303,-3844,337,-811,0,0
-1685,13,246,-3738,879,-604,0,0
-1189,-3,110,-3739,1336,-343,0,0
-188,-88,-49,-3416,1469,-268,0,0
621,-185,-233,-3163,1543,-427,0,0
1042,-155,-417,-2980,1574,-456,0,0
1074,-97,-477,-3172,1521,-340,0,0
1035,-102,-499,-3689,1548,-463,0,0
1189,-95,-444,-3752,1354,-704,0,0
1061,-70,-236,-3398,1109,-659,0,0
616,-44,8,-3258,961,-543,0,0
106,-25,158,-3255,994,-494,0,0
-74,1,166,-3375,1112,-503,0,0
-10,68,72,-3776,1180,-464,0,0
22,163,-44,-4234,1092,-445,0,0
-137,210,-37,-4151,1017,-434,0,0
-302,130,94,-3961,1044,-492,0,0
-222,5,212,-3825,1148,-479,0,0
173,-65,222,-3782,1067,-664,0,0
445,-22,188,-3982,904,-848,0,0
340,71,184,-3996,738,-1044,0,0
-42,168,233,-3983,703,-967,0,0
-285,177,279,-3693,749,-852,0,0
-299,78,281,-3814,771,-911,0,0
-302,-46,176,-4083,929,-1030,0,0
-186,-101,-31,-3869,991,-1096,0,0
-452,-26,-224,-3441,698,-1195,0,0
-1737,136,-298,-3317,799,-1017,0,0
-2311,220,-298,-3334,1416,-650,0,0
-1398,161,-238,-3120,1625,-623,0,0
-631,104,-222,-2950,1447,-752,0,0
-525,130,-309,-3009,1557,-669,0,0
-366,193,-424,-3212,1735,-694,0,0
-190,284,-377,-3116,1564,-755,0,0
-208,339,-164,-4103,1439,-620,0,0
-117,330,-3,-5068,1219,-647,0,0
-115,258,172,-4727,715,-645,0,0
-103,84,429,-4011,252,-573,0,0
96,-88,555,-3617,-138,-450,0,0
212,-198,379,-3631,91,-446,0,0
389,-246,119,-3930,285,-571,0,0
491,-210,-38,-4160,318,-570,0,0
290,-181,-128,-4335,485,-517,0,0
270,-225,-70,-4677,406,-454,0,0
329,-273,160,-4769,24,-408,0,0
43,-273,377,-4765,-148,-389,0,0
-349,-232,344,-4731,60,-425,0,0
-451,-246,126,-4626,495,-477,0,0
-54,-289,-38,-4609,640,-576,0,0
240,-272,-93,-4653,676,-588,0,0
16,-157,-131,-4989,709,-454,0,0
-311,-67,-141,-4892,876,-424,0,0
-242,-61,-112,-4898,968,-494,0,0
-102,-61,-103,-5148,1036,-470,0,0
55,-77,-104,-4932,1064,-546,0,0
295,-113,-17,-4758,1022,-560,0,0
442,-76,70,-4918,909,-439,0,0
362,2,148,-4928,792,-397,0,0
234,42,279,-4945,704,-312,0,0
131,24,420,-4784,559,-192,0,0
26,-40,551,-4450,449,-328,0,0
5,-39,627,-4293,351,-189,0,0
-90,-35,508,-4407,466,81,0,0
-202,-58,321,-4196,551,-2,0,0
-39,-46,162,-4214,522,-59,0,0
23,-39,-38,-4506,616,-163,0,0
-3,-85,-174,-4444,837,-407,0,0
201,-94,-229,-4470,977,-531,0,0
443,-30,-274,-4180,1096,-550,0,0
547,63,-264,-3662,1058,-401,0,0
314,101,-299,-3361,1143,-287,0,0
107,96,-409,-3011,1292,-409,0,0
47,95,-463,-3107,1359,-382,0,0
60,75,-574,-3485,1519,-521,0,0
140,104,-684,-3490,1497,-682,0,0
62,144,-583,-3307,1322,-620,0,0
-35,107,-350,-3334,1312,-661,0,0
13,71,-169,-3346,1376,-684,0,0
109,40,-89,-3470,1371,-682,0,0
270,-8,-62,-3803,1393,-858,0,0
428,13,-42,-3863,1403,-886,0,0
566,56,35,-3769,1347,-952,0,0
645,115,236,-3554,1186,-1003,0,0
440,181,537,-3822,915,-808,0,0
-44,152,742,-4492,995,-649,0,0
-88,47,795,-4266,1088,-739,0,0
189,-34,810,-3672,962,-757,0,0
241,-64,830,-3266,812,-611,0,0
121,-34,809,-3181,879,-393,0,0
76,25,485,-3980,1138,-305,0,0
143,100,-222,-4496,1350,-409,0,0
29,99,-723,-4092,1298,-500,0,0
-159,-59,-644,-3573,1227,-584,0,0
33,-222,-323,-3496,1262,-595,0,0
262,-260,-139,-3581,1253,-653,0,0
202,-177,-210,-3492,1235,-737,0,0
-31,-52,-383,-3456,1354,-646,0,0
-96,20,-511,-3540,1447,-616,0,0
-64,36,-506,-3399,1362,-613,0,0
-142,23,-356,-3314,1305,-558,0,0
-157,6,-205,-3400,1324,-557,0,0
-135,18,-145,-3162,1204,-555,0,0
-213,38,-151,-3077,1156,-475,0,0
-182,9,-199,-3232,1066,-500,0,0
-86,-46,-250,-2910,735,-498,0,0
54,-84,-347,-3523,695,-570,0,0
359,-41,-451,-4867,568,-623,0,0
469,2,-409,-4782,-5,-706,0,0
166,-7,-140,-4665,-203,-686,0,0
140,-41,84,-5077,-377,-646,0,0
257,-41,120,-4813,-502,-753,0,0
232,-26,30,-4576,-532,-745,0,0
313,8,-89,-4712,-537,-545,0,0
361,35,-96,-4949,-773,-457,0,0
1,71,-26,-4985,-841,-309,0,0
-343,33,-36,-5123,-762,-287,0,0
-323,-45,-89,-5056,-673,-324,0,0
-40,-132,-161,-5312,-504,-415,0,0
168,-166,-177,-5334,-451,-516,0,0
212,-163,-158,-5162,-309,-630,0,0
277,-150,-40,-5002,-273,-677,0,0
235,-113,115,-4973,-270,-738,0,0
53,-22,215,-4711,-392,-713,0,0
-147,81,237,-4592,-339,-623,0,0
-180,148,238,-4750,-297,-547,0,0
-189,178,280,-4579,-306,-509,0,0
-168,174,282,-4740,-265,-488,0,0
-135,139,297,-4533,-214,-520,0,0
15,72,318,-4438,-167,-550,0,0
22,56,368,-4563,-129,-464,0,0
-143,52,437,-4607,43,-470,0,0
-151,21,530,-4716,226,-486,0,0
-83,-19,612,-4602,448,-507,0,0
112,-83,634,-4291,666,-475,0,0
450,-206,548,-4037,901,-431,0,0
1030,-293,351,-3742,919,-545,0,0
1358,-266,156,-3456,697,-645,0,0
869,-255,9,-3235,658,-761,0,0
300,-265,-122,-3121,822,-848,0,0
117,-223,-240,-3223,897,-732,0,0
5,-222,-413,-3320,1040,-684,0,0
167,-259,-650,-3197,1206,-757,0,0
565,-258,-848,-3367,1218,-765,0,0
826,-192,-883,-3570,1160,-825,0,0
870,-50,-682,-3637,1021,-761,0,0
581,61,-321,-3743,806,-639,0,0
4,114,40,-3939,801,-670,0,0
-472,159,305,-4136,934,-635,0,0
-618,183,417,-4054,994,-561,0,0
-548,185,415,-3767,899,-524,0,0
-483,175,350,-3938,810,-563,0,0
-393,189,194,-4518,772,-706,0,0
-447,280,94,-4287,548,-691,0,0
-630,297,90,-3742,517,-762,0,0
-584,257,141,-3393,475,-921,0,0
-501,236,185,-3364,463,-840,0,0
-427,139,121,-4397,745,-886,0,0
-41,5,-33,-4915,860,-1229,0,0
265,-20,-119,-3878,661,-1230,0,0
18,19,-120,-3129,561,-1048,0,0
-398,74,-145,-3133,716,-835,0,0
-500,74,-276,-3318,921,-825,0,0
-453,24,-499,-3400,1089,-902,0,0
-278,-46,-696,-3252,1201,-946,0,0
-29,-85,-748,-3226,1201,-1032,0,0
84,-61,-650,-3286,1177,-1174,0,0
33,17,-450,-3301,1027,-1198,0,0
-291,99,-157,-3612,833,-1140,0,0
-594,178,102,-3939,635,-1130,0,0
-743,242,324,-3926,224,-909,0,0
-831,240,442,-4143,140,-869,0,0
-679,274,333,-4421,227,-681,0,0
-456,260,263,-4318,-46,-472,0,0
-179,141,329,-4577,-209,-634,0,0
-90,113,390,-4785,-445,-533,0,0
-258,93,349,-4770,-223,-538,0,0
-37,-21,297,-4854,-85,-667,0,0
244,-119,161,-5031,-40,-702,0,0
335,-189,1,-5281,36,-808,0,0
359,-235,11,-4934,-3,-913,0,0
278,-237,19,-4756,114,-875,0,0
151,-171,-32,-5017,256,-777,0,0
126,-108,-35,-4786,216,-864,0,0
53,-44,-3,-4901,196,-803,0,0
-99,17,1,-5067,178,-783,0,0
-180,38,47,-4805,173,-794,0,0
-147,7,80,-4721,168,-812,0,0
-150,8,98,-4357,197,-788,0,0
-151,30,13,-4452,323,-717,0,0
-95,35,-76,-4391,274,-712,0,0
-116,5,-47,-4215,336,-599,0,0
-27,-70,24,-4405,308,-501,0,0
-50,-113,135,-4218,200,-470,0,0
-161,-124,166,-4665,293,-400,0,0
-121,-100,130,-4940,294,-411,0,0
-64,-111,115,-4798,290,-490,0,0
40,-176,125,-4748,385,-522,0,0
280,-225,128,-4622,394,-600,0,0
380,-194,108,-4402,399,-671,0,0
282,-118,84,-4121,446,-612,0,0
179,-107,83,-3407,549,-622,0,0
264,-156,23,-2860,723,-688,0,0
379,-157,-139,-3086,926,-626,0,0
436,-182,-415,-3424,1165,-792,0,0
661,-190,-671,-3538,1254,-1103,0,0
735,-46,-658,-3621,1103,-1061,0,0
389,110,-362,-3853,772,-875,0,0
-248,158,30,-3842,730,-859,0,0
-708,142,293,-3697,971,-906,0,0
-604,115,292,-3730,1136,-880,0,0
-202,104,93,-3727,1093,-883,0,0
-11,97,-102,-3669,1027,-988,0,0
4,95,-138,-3781,1134,-1033,0,0
156,94,-8,-3795,1130,-1103,0,0
277,116,226,-3577,912,-1238,0,0
-114,223,453,-3761,850,-1092,0,0
-539,281,531,-4581,1152,-997,0,0
-259,255,549,-4171,1068,-964,0,0
18,202,671,-3129,844,-752,0,0
31,130,826,-2930,796,-601,0,0
-39,145,811,-3598,857,-405,0,0
-228,201,344,-4499,1047,-359,0,0
-375,216,-399,-4510,1252,-304,0,0
-295,43,-804,-3760,1243,-387,0,0
105,-237,-730,-3271,1348,-640,0,0
551,-374,-503,-3451,1381,-781,0,0
778,-317,-356,-3620,1268,-954,0,0
444,-160,-347,-3554,1142,-1042,0,0
-229,1,-395,-3462,1198,-944,0,0
-594,82,-408,-3331,1346,-821,0,0
-490,62,-376,-3265,1387,-812,0,0
-207,33,-340,-3097,1355,-774,0,0
54,26,-262,-3150,1197,-712,0,0
207,1,-84,-3240,991,-719,0,0
314,5,191,-3707,847,-587,0,0
157,37,496,-4860,600,-545,0,0
-407,43,679,-4682,459,-725,0,0
-597,-53,808,-3958,469,-666,0,0
48,-182,798,-4252,470,-650,0,0
764,-162,749,-4454,186,-752,0,0
704,-91,744,-4615,261,-785,0,0
459,-89,718,-4576,546,-822,0,0
581,-81,636,-4480,661,-855,0,0
705,-19,480,-4568,611,-823,0,0
484,23,277,-4705,558,-872,0,0
177,18,66,-4749,674,-951,0,0
138,5,-117,-4933,779,-960,0,0
207,-10,-235,-4927,756,-1050,0,0
165,28,-237,-4721,700,-1005,0,0
-37,72,-278,-4832,763,-982,0,0
-145,90,-380,-4608,865,-1003,0,0
-14,56,-409,-4640,823,-906,0,0
32,31,-424,-4744,741,-893,0,0
-24,23,-359,-4497,565,-913,0,0
-239,49,-282,-4642,489,-789,0,0
-510,67,-224,-4681,533,-756,0,0
-593,42,-150,-4750,566,-796,0,0
-526,-9,-42,-4758,667,-789,0,0
-391,-58,50,-4699,707,-900,0,0
-304,-36,112,-4537,739,-915,0,0
-178,-31,162,-4490,762,-1042,0,0
-7,-13,233,-4379,748,-1084,0,0
159,-1,310,-4085,685,-1069,0,0
284,52,383,-3930,523,-970,0,0
70,138,416,-3934,462,-843,0,0
-263,172,360,-3944,625,-821,0,0
-279,121,265,-3651,745,-776,0,0
-129,-4,154,-3230,841,-744,0,0
75,-89,6,-2848,950,-733,0,0
158,-91,-236,-2993,1035,-771,0,0
-41,-44,-559,-3225,1120,-874,0,0
-326,-23,-814,-3199,1297,-791,0,0
-308,-117,-1022,-3242,1528,-712,0,0
254,-246,-1222,-3388,1608,-783,0,0
900,-270,-1293,-3657,1449,-849,0,0
955,-168,-1129,-3865,1218,-870,0,0
420,-42,-715,-3827,977,-804,0,0
-324,24,-143,-3849,929,-719,0,0
-825,20,371,-3920,1073,-656,0,0
-903,-15,628,-3955,1168,-578,0,0
-769,-65,623,-3949,1206,-535,0,0
-535,-140,457,-4008,1227,-544,0,0
-169,-230,294,-4243,1209,-634,0,0
219,-288,232,-4418,1115,-791,0,0
480,-231,352,-3894,885,-840,0,0
369,-147,591,-3761,740,-752,0,0
146,-49,639,-4015,810,-853,0,0
96,121,416,-3855,825,-784,0,0
45,247,126,-3838,812,-708,0,0
3,301,-54,-3894,822,-783,0,0
-145,341,-33,-3737,670,-646,0,0
-486,236,140,-3898,677,-619,0,0
-623,25,155,-4349,972,-889,0,0
-410,-63,-134,-4083,1214,-1009,0,0
-42,-72,-453,-3154,1070,-1002,0,0
114,-66,-547,-2841,930,-956,0,0
-18,-46,-566,-3133,985,-906,0,0
-118,-31,-661,-3502,1112,-951,0,0
-81,-27,-763,-3303,1120,-984,0,0
-43,-13,-696,-3084,1065,-917,0,0
-92,20,-499,-3145,1044,-858,0,0
-178,56,-265,-3214,1002,-891,0,0
-250,93,-54,-3648,985,-827,0,0
-145,89,53,-4187,718,-779,0,0
84,74,107,-4619,497,-857,0,0
289,87,195,-4696,136,-728,0,0
196,89,357,-4592,-243,-486,0,0
-107,46,501,-4739,-360,-528,0,0
-345,44,512,-4774,-353,-421,0,0
-382,-15,387,-4720,-133,-517,0,0
-125,-80,298,-4769,-53,-559,0,0
139,-121,184,-4975,-76,-512,0,0
44,-124,130,-4807,-151,-514,0,0
-158,-118,64,-4942,-57,-539,0,0
-252,-88,-16,-4784,0,-483,0,0
-282,-109,-56,-4646,146,-572,0,0
-256,-117,-88,-4546,312,-564,0,0
-191,-107,-116,-4449,484,-575,0,0
-30,-123,-154,-4736,588,-633,0,0
133,-136,-124,-4599,571,-679,0,0
289,-137,-84,-4603,520,-658,0,0
320,-99,-75,-4844,475,-655,0,0
271,-45,-75,-4927,423,-654,0,0
200,-14,57,-4848,294,-619,0,0
48,25,195,-4854,158,-511,0,0
-149,60,240,-4895,83,-471,0,0
-219,58,208,-4900,75,-451,0,0
-170,33,151,-4798,68,-428,0,0
-81,21,109,-4797,181,-394,0,0
32,16,109,-4563,207,-437,0,0
35,20,158,-4277,267,-437,0,0
50,52,177,-4244,400,-441,0,0
51,108,234,-4167,355,-420,0,0
-105,129,318,-4266,418,-410,0,0
-105,101,358,-4264,539,-364,0,0
69,26,357,-3938,596,-337,0,0
204,-56,313,-3599,621,-448,0,0
144,-68,203,-3156,779,-640,0,0
92,-29,51,-3101,1076,-870,0,0
57,34,-95,-3417,1180,-845,0,0
53,59,-276,-3450,1310,-899,0,0
175,102,-392,-3260,1281,-928,0,0
201,163,-363,-3297,1162,-839,0,0
50,192,-322,-3480,1152,-788,0,0
-84,192,-371,-3539,1214,-779,0,0
-45,147,-465,-3506,1260,-759,0,0
95,58,-537,-3678,1236,-777,0,0
183,-7,-550,-3766,1208,-833,0,0
212,-34,-499,-3962,1201,-809,0,0
307,-73,-378,-4134,1180,-929,0,0
512,-100,-90,-3873,1034,-858,0,0
641,-173,357,-3754,791,-741,0,0
587,-286,780,-3947,693,-740,0,0
534,-373,993,-4269,758,-804,0,0
624,-358,1043,-4543,717,-821,0,0
