-6,26,-13,770,3755,-543,0,0
-19,19,-12,767,3748,-554,0,0
-29,21,-13,760,3741,-563,0,0
-27,31,-23,786,3742,-575,0,0
-20,32,-22,798,3777,-586,0,0
-10,26,-11,798,3759,-577,0,0
-8,-4,6,765,3720,-571,0,0
-16,-18,13,726,3736,-566,0,0
-24,-32,-2,719,3782,-573,0,0
-24,-46,-20,710,3784,-579,0,0
-17,-33,-14,726,3784,-572,0,0
-8,-32,1,725,3786,-567,0,0
-3,-24,8,704,3753,-549,0,0
-7,0,8,710,3754,-551,0,0
-16,7,-8,726,3768,-545,0,0
-31,0,-24,754,3737,-545,0,0
-61,-72,-21,769,3735,-590,0,0
-90,-128,-27,698,3719,-643,0,0
-95,-38,-56,753,3653,-706,0,0
-108,-38,-121,968,3700,-665,0,0
-158,-364,-180,902,3425,-616,0,0
-199,-585,-169,746,3058,-624,0,0
-171,-636,-189,944,3669,-534,0,0
-115,-820,-393,980,4501,-426,0,0
-56,-668,-573,839,4806,-361,0,0
-2,-16,-516,712,4444,-339,0,0
45,622,-235,552,3256,-653,0,0
154,634,139,490,2369,-883,0,0
227,143,369,536,3383,-586,0,0
186,-99,313,305,4619,-525,0,0
160,210,98,196,4264,-876,0,0
138,566,-40,295,3363,-965,0,0
5,326,-91,499,2969,-866,0,0
-144,-472,-242,523,3068,-900,0,0
-194,-935,-416,327,3128,-841,0,0
-210,-710,-481,259,2995,-933,0,0
-203,-360,-398,304,2892,-1029,0,0
-164,-253,-280,382,3019,-1005,0,0
-115,-314,-225,346,3150,-967,0,0
-60,-169,-199,232,3308,-926,0,0
-11,200,-177,173,3379,-927,0,0
21,509,-153,122,3483,-902,0,0
71,709,-137,-58,3669,-686,0,0
103,1182,-139,-269,3674,-259,0,0
7,1547,-194,3,4159,-300,0,0
-113,1017,-291,137,4340,-371,0,0
-196,-17,-348,-37,3864,-313,0,0
-194,-462,-213,-725,3895,265,0,0
-163,-188,-105,-1112,4438,220,0,0
-51,262,-112,-1348,4701,543,0,0
-133,57,-162,-1745,4735,458,0,0
-226,-48,-287,-2172,4773,35,0,0
-204,-50,-534,-1697,5170,-59,0,0
-189,-674,-809,-1760,5570,67,0,0
-129,-892,-978,-2239,5495,248,0,0
-65,-325,-1020,-2068,5217,247,0,0
-50,-212,-997,-1895,5091,125,0,0
-43,-208,-986,-1757,4852,268,0,0
-60,-211,-982,-1521,4053,169,0,0
-36,-180,-859,-1153,3648,251,0,0
-6,-212,-654,-866,3433,390,0,0
23,-20,-345,-1048,3111,489,0,0
9,93,39,-995,3227,351,0,0
50,-28,461,-1317,3627,430,0,0
130,87,746,-1806,3570,585,0,0
183,218,884,-2135,3582,633,0,0
186,288,877,-2266,3937,703,0,0
145,988,795,-2292,4124,664,0,0
39,1776,710,-1541,4221,7,0,0
22,1532,792,-1130,3917,-531,0,0
25,935,706,-516,3303,-791,0,0
2,137,528,441,2919,-838,0,0
-13,-541,670,201,2862,-880,0,0
-32,-666,842,113,3368,-839,0,0
-41,-209,748,154,3776,-829,0,0
-19,383,511,478,3833,-973,0,0
24,407,417,311,3369,-873,0,0
21,288,434,310,2864,-843,0,0
-5,-18,494,408,2705,-854,0,0
-43,-470,505,412,3112,-718,0,0
-134,-950,400,427,3723,-673,0,0
-210,-1143,199,203,4031,-732,0,0
-248,-868,55,278,3862,-778,0,0
-262,-669,13,340,3994,-721,0,0
-240,-759,-62,314,3876,-711,0,0
-146,-736,-121,-4,3150,-1041,0,0
-5,-214,104,-139,2579,-979,0,0
3,306,347,286,3472,-758,0,0
22,261,223,630,4032,-625,0,0
85,340,-100,715,4140,-402,0,0
96,694,-386,639,4175,-633,0,0
150,1162,-495,708,3808,-589,0,0
143,1309,-440,938,3179,-551,0,0
73,617,-260,1058,2789,-767,0,0
43,-106,-103,874,2566,-547,0,0
18,-358,-63,776,2549,-383,0,0
38,-473,-91,645,2674,-331,0,0
74,-196,-177,523,2775,-206,0,0
99,342,-262,342,2714,-293,0,0
111,824,-264,272,2997,-145,0,0
-23,944,-339,33,3552,-98,0,0
-218,793,-497,57,5001,-208,0,0
-317,146,-653,-169,5539,-858,0,0
-224,-481,-565,-1043,4216,-723,0,0
-115,-525,-280,-1588,3734,-356,0,0
-17,179,-265,-1373,4396,-65,0,0
22,674,-424,-1030,4406,-342,0,0
56,233,-475,-1175,4489,-608,0,0
113,-246,-315,-1498,4531,-297,0,0
131,-316,-67,-1751,5056,147,0,0
156,86,160,-2106,5280,276,0,0
103,132,276,-2316,4961,189,0,0
76,381,283,-2411,5015,347,0,0
-38,692,143,-1791,5139,66,0,0
-70,553,49,-1987,4770,-91,0,0
-89,316,-14,-1491,4841,117,0,0
-149,303,17,-1617,4744,80,0,0
-176,262,26,-1239,4631,-104,0,0
-185,-138,120,-1076,4527,-171,0,0
-149,-562,292,-1432,4428,-228,0,0
-50,-384,400,-1431,4205,-284,0,0
53,-134,439,-1185,4068,-330,0,0
168,-165,491,-1272,3781,-282,0,0
206,71,466,-919,3435,-340,0,0
135,117,370,92,3294,-255,0,0
2,-335,316,265,3305,-221,0,0
-93,-687,230,127,2718,-529,0,0
-58,-632,273,323,2466,-599,0,0
19,-355,367,643,3434,-118,0,0
-58,-141,260,766,4121,-140,0,0
-202,121,98,612,3511,-613,0,0
-268,369,96,663,3041,-651,0,0
-325,226,84,949,2920,-544,0,0
-347,-581,-26,920,2916,-532,0,0
-256,-1044,-86,591,3119,-370,0,0
-101,-587,-120,587,3578,-223,0,0
39,117,-154,755,3784,-94,0,0
86,508,-91,824,3881,-94,0,0
52,547,28,802,3773,-177,0,0
-39,434,110,745,3318,-326,0,0
-88,224,170,584,3455,-460,0,0
-42,205,122,367,4721,-437,0,0
50,379,-187,571,4709,-330,0,0
101,456,-368,37,2530,-1006,0,0
184,505,-50,60,2824,-1012,0,0
106,232,167,674,5274,-590,0,0
-1,-520,-95,450,4703,-943,0,0
9,-772,-228,246,2776,-931,0,0
31,-399,-100,458,2642,-893,0,0
113,-551,-60,599,2791,-676,0,0
116,-738,-91,621,2866,-655,0,0
125,-374,-67,479,2675,-867,0,0
132,134,30,672,2349,-904,0,0
63,15,84,953,2403,-957,0,0
21,-519,67,785,2702,-909,0,0
33,-552,51,416,3008,-723,0,0
91,-127,130,-27,3341,-533,0,0
179,627,234,-623,3399,-233,0,0
237,1066,187,-497,4210,-45,0,0
224,757,58,-415,5196,248,0,0
117,390,-79,-835,4928,176,0,0
13,644,-22,-1168,4628,135,0,0
-70,680,26,-812,5071,107,0,0
-60,415,-121,-832,4962,344,0,0
-146,-23,-252,-1135,4625,125,0,0
-245,-11,-320,-1066,4551,-87,0,0
-286,-141,-481,-715,4930,-79,0,0
-241,-382,-590,-960,4734,38,0,0
-211,-592,-584,-868,4711,-125,0,0
-83,-639,-448,-1021,5038,33,0,0
-11,-656,-318,-1304,4945,295,0,0
2,54,-174,-1462,4823,63,0,0
70,496,-119,-799,4840,-70,0,0
123,185,-9,-978,4473,173,0,0
100,87,91,-963,4659,23,0,0
144,258,159,-792,4648,144,0,0
177,24,269,-823,4460,80,0,0
204,-119,443,-1170,4364,281,0,0
175,488,516,-1248,4309,268,0,0
127,652,431,-974,4312,160,0,0
83,398,312,-1086,4370,145,0,0
-1,167,154,-697,4332,-84,0,0
-42,-31,157,-405,4480,-128,0,0
-40,-70,208,-362,4410,-90,0,0
-49,88,189,251,3850,-292,0,0
-76,125,240,233,2936,-572,0,0
-119,121,249,188,2548,-721,0,0
-131,93,189,663,2790,-637,0,0
-162,-157,60,547,3057,-756,0,0
-193,-266,-95,417,3127,-822,0,0
-203,-179,-222,512,3029,-922,0,0
-175,-288,-271,436,2971,-886,0,0
-150,-211,-282,245,3039,-819,0,0
-109,116,-306,280,3185,-797,0,0
-80,162,-338,431,3456,-818,0,0
-45,-128,-320,187,3677,-784,0,0
-1,-126,-273,138,3569,-636,0,0
46,121,-145,216,3747,-472,0,0
68,221,31,219,3691,-383,0,0
25,207,165,144,2894,-446,0,0
-5,8,271,127,2286,-657,0,0
63,-344,355,444,4015,-205,0,0
58,-466,71,719,6485,267,0,0
-52,-121,-540,499,4778,-206,0,0
-182,452,-561,470,3129,-881,0,0
-251,466,-271,767,2934,-956,0,0
-193,-385,-160,907,2465,-703,0,0
-66,-954,-58,330,2334,-493,0,0
96,-180,-52,174,2521,-520,0,0
240,760,-136,427,2358,-430,0,0
275,751,-115,418,2461,-284,0,0
211,403,-39,22,2844,-188,0,0
153,438,-92,-331,3406,-76,0,0
67,270,-247,-382,4006,-207,0,0
33,-40,-216,-881,4968,-177,0,0
-5,40,-90,-1277,4222,-276,0,0
-59,-188,-10,-1308,3610,-609,0,0
-39,-203,-91,-920,4137,-276,0,0
-28,-98,-270,-874,4595,-200,0,0
0,-2528,-209,-1022,4578,-149,0,0
9,-417,127,-1480,5366,512,0,0
-94,-221,296,-1637,5431,382,0,0
-158,-336,339,-2405,4872,279,0,0
-191,416,248,-2303,4845,448,0,0
-282,913,-5,-1763,5039,154,0,0
-347,809,-242,-1484,4827,-108,0,0
-427,350,-319,-1278,5005,-188,0,0
-398,154,-315,-1290,5195,51,0,0
-380,115,-291,-1086,4474,-133,0,0
-241,166,-83,-988,4586,-88,0,0
-63,322,123,-865,4319,290,0,0
-101,426,317,-1028,3576,303,0,0
-183,351,410,-778,3644,266,0,0
-194,26,423,-883,3704,319,0,0
-151,-213,392,-1013,3774,333,0,0
-135,-61,434,-1228,3678,367,0,0
-115,-96,450,-1110,3835,420,0,0
-12,-98,487,-1399,4121,714,0,0
-36,310,512,-1176,4130,644,0,0
-130,456,587,-1415,3519,468,0,0
-252,129,557,-628,3305,107,0,0
-243,55,480,-665,3228,456,0,0
-242,128,226,467,2738,389,0,0
-250,-395,-165,1068,3572,160,0,0
-287,-423,-321,1128,5214,443,0,0
-443,-462,-480,1641,4543,-180,0,0
-328,-561,-404,1592,3665,-583,0,0
-19,-49,-159,1737,3582,-25,0,0
157,141,-9,1616,3349,5,0,0
226,85,253,1162,3123,79,0,0
214,61,498,914,3427,226,0,0
197,-67,551,542,3892,228,0,0
247,-349,349,158,4082,-72,0,0
444,-691,95,95,4021,69,0,0
567,-287,-162,-144,3620,72,0,0
648,219,-204,-149,3136,-122,0,0
681,637,-22,299,3163,-170,0,0
565,603,116,484,4227,-23,0,0
346,282,77,256,4204,154,0,0
124,-109,-79,499,3214,-92,0,0
3,-407,-177,662,2763,-259,0,0
-53,-536,-270,560,2742,-444,0,0
-67,-798,-379,602,2994,-261,0,0
-100,-677,-363,232,3180,-172,0,0
-144,-102,-276,239,2719,-467,0,0
-161,-46,-146,245,2502,-700,0,0
-98,-274,-60,301,2774,-567,0,0
-25,-227,-75,410,2690,-593,0,0
98,144,-4,104,2661,-441,0,0
194,436,64,59,3088,-301,0,0
262,345,60,-105,3846,-83,0,0
234,253,41,-313,5045,138,0,0
138,355,-8,-647,4584,9,0,0
58,205,141,-736,3910,-193,0,0
100,35,281,-1108,5136,246,0,0
182,248,68,-1114,5785,682,0,0
82,668,-186,-1327,5103,460,0,0
-107,1002,-283,-949,4989,-147,0,0
-198,485,-418,-702,5133,-98,0,0
-264,-59,-635,-804,4862,-139,0,0
-269,-415,-793,-608,4712,-327,0,0
-170,-429,-771,-887,4758,-94,0,0
-120,-330,-598,-948,4580,-58,0,0
-63,-148,-370,-1197,4468,-139,0,0
-49,81,-249,-998,4215,-429,0,0
4,-305,-201,-1049,4217,-401,0,0
158,-469,-156,-1042,4149,9,0,0
285,-179,20,-1151,4114,97,0,0
368,265,302,-1022,4543,297,0,0
335,156,485,-1219,4507,401,0,0
242,226,576,-1574,4192,263,0,0
168,154,571,-1552,4579,367,0,0
129,349,566,-1933,4564,359,0,0
48,866,400,-1239,4169,-266,0,0
30,740,238,-464,4097,-138,0,0
-32,0,170,-347,4163,-99,0,0
-96,-458,111,-10,3780,-367,0,0
-125,-515,140,123,3151,-536,0,0
-99,-388,206,90,2790,-554,0,0
-60,-23,189,353,2855,-687,0,0
-34,-93,105,360,3347,-783,0,0
-43,-373,-26,411,3467,-782,0,0
-75,-540,-58,272,3265,-838,0,0
-28,-618,8,246,3268,-696,0,0
61,-537,52,77,3163,-718,0,0
127,-280,66,-26,3056,-800,0,0
149,-218,12,140,3202,-824,0,0
160,-418,-68,28,3431,-737,0,0
160,-402,-160,215,3691,-651,0,0
155,-368,-144,165,3849,-722,0,0
198,-321,42,96,3770,-725,0,0
278,-105,273,18,3754,-555,0,0
289,213,407,-114,4037,-411,0,0
188,402,345,43,4387,-485,0,0
38,221,229,191,3837,-543,0,0
-84,-349,187,98,2570,-713,0,0
-86,-703,345,-221,1671,-676,0,0
-73,-601,430,90,3082,-455,0,0
-122,-524,140,572,6011,-294,0,0
-206,-399,-451,381,5199,-626,0,0
-277,28,-597,496,3415,-925,0,0
-343,127,-368,780,3024,-1193,0,0
-311,-416,-362,928,2984,-1231,0,0
-204,-871,-533,773,2895,-921,0,0
-101,-634,-613,593,3064,-757,0,0
16,2,-558,576,3322,-546,0,0
66,641,-431,457,3021,-527,0,0
83,1131,-193,164,2757,-513,0,0
67,1352,-12,-190,2944,-390,0,0
-40,1002,-148,-319,3812,-606,0,0
-106,-94,-344,-686,5941,-414,0,0
-125,-659,-361,-1862,5309,-326,0,0
-101,-153,-130,-2070,3727,-1088,0,0
81,-117,-65,-1616,4305,-723,0,0
175,-619,-349,-2037,4457,-177,0,0
164,-594,-653,-1930,3279,-803,0,0
265,-180,-664,-1565,2798,-534,0,0
304,-38,-604,-1095,2715,-18,0,0
265,-10,-512,-1137,2873,13,0,0
163,30,-384,-953,3343,-114,0,0
39,-49,-170,-1123,3377,-108,0,0
-74,160,82,-1232,3684,-136,0,0
-123,404,232,-1292,3632,-173,0,0
-137,292,346,-1700,3960,-240,0,0
-119,239,441,-2041,4738,-53,0,0
-203,363,370,-2114,4630,-371,0,0
-263,479,294,-2372,4704,-409,0,0
-296,449,67,-1653,5050,-690,0,0
-289,-55,-81,-1785,4945,-872,0,0
-210,-319,-17,-1783,5107,-939,0,0
-33,-245,87,-2037,4925,-733,0,0
127,240,149,-1945,4752,-642,0,0
175,431,86,-1636,4751,-766,0,0
173,31,42,-1487,4335,-758,0,0
162,-455,35,-1292,4171,-563,0,0
190,-444,157,-1638,4127,-274,0,0
218,-28,270,-1587,3830,-231,0,0
223,322,409,-1637,3830,-202,0,0
191,583,487,-1844,3931,-137,0,0
89,532,395,-1519,3750,-309,0,0
-39,131,438,-1497,3716,-501,0,0
-132,-80,456,-995,3862,-493,0,0
-210,-122,386,-477,3774,-321,0,0
-283,-61,334,-530,3010,-339,0,0
-324,225,235,-75,2420,-475,0,0
-290,174,140,221,2658,-480,0,0
-266,-79,50,293,3402,-119,0,0
-346,-99,-95,413,3647,-52,0,0
-463,-31,-166,272,3234,-357,0,0
-513,-61,-153,606,2968,-508,0,0
-494,-631,-111,714,3042,-422,0,0
-391,-1099,-52,437,3260,-314,0,0
-245,-726,82,373,3571,-158,0,0
-113,-34,256,404,4005,-154,0,0
16,398,347,109,4061,-63,0,0
52,589,284,167,3992,-108,0,0
55,454,228,207,4554,-96,0,0
42,372,80,136,4707,-32,0,0
-67,353,-42,58,3445,-415,0,0
-51,-51,46,213,2920,-763,0,0
143,-815,86,368,3237,-557,0,0
320,-802,105,5,3704,87,0,0
306,224,113,-11,4725,-61,0,0
221,1222,145,175,4617,-571,0,0
92,1242,186,432,3329,-860,0,0
-7,75,152,488,3044,-761,0,0
-25,-836,3,295,3335,-381,0,0
-37,-679,-215,172,3376,-464,0,0
-26,9,-272,341,3319,-571,0,0
-66,255,-155,525,3102,-775,0,0
-95,-170,-51,668,2936,-969,0,0
-52,-546,18,459,2824,-849,0,0
17,-567,36,391,2907,-759,0,0
126,-277,88,67,2929,-526,0,0
258,347,169,-388,3110,-313,0,0
327,647,109,-608,3193,-166,0,0
248,800,13,-653,4029,68,0,0
129,831,-148,-523,5008,-17,0,0
26,286,-326,-424,4155,-72,0,0
-81,-365,-228,-729,3632,16,0,0
-67,-281,-62,-755,4277,306,0,0
-26,-49,-73,-804,4901,560,0,0
-73,280,-43,-1033,4581,377,0,0
-146,495,84,-976,4520,37,0,0
-182,298,91,-899,4543,96,0,0
-232,-26,-61,-919,4511,14,0,0
-225,-27,-198,-935,4659,-138,0,0
-180,-69,-287,-773,4653,-62,0,0
-164,-245,-313,-845,4489,-56,0,0
-150,-149,-277,-975,4335,-117,0,0
-132,74,-269,-852,4397,-150,0,0
-115,-137,-326,-812,4386,-265,0,0
-37,-205,-328,-976,4436,-101,0,0
69,61,-244,-832,4539,-10,0,0
141,52,-50,-989,4350,100,0,0
137,77,61,-931,4611,98,0,0
102,140,103,-1119,4324,95,0,0
57,-26,100,-782,4313,-48,0,0
130,-199,135,-889,4581,304,0,0
160,127,228,-1082,4588,327,0,0
123,453,315,-939,4434,85,0,0
79,89,405,-1317,4475,130,0,0
45,-240,328,-1360,4540,197,0,0
26,-25,278,-1580,4371,273,0,0
31,194,225,-1414,4347,242,0,0
37,428,167,-1004,4401,214,0,0
-24,507,128,-655,4459,-193,0,0
19,284,153,-73,3952,-478,0,0
91,-166,271,277,2927,-584,0,0
93,-621,405,300,2557,-563,0,0
40,-800,347,318,2748,-513,0,0
-10,-729,132,251,2861,-607,0,0
-34,-547,-139,411,2743,-702,0,0
-25,-455,-235,346,2660,-789,0,0
27,-483,-135,254,2822,-710,0,0
79,-235,-39,5,3109,-590,0,0
94,328,-80,-60,3355,-557,0,0
36,658,-235,148,3588,-622,0,0
-51,397,-360,227,3889,-684,0,0
-127,19,-361,172,4002,-762,0,0
-126,-189,-225,46,3886,-706,0,0
-37,-192,-13,133,4045,-445,0,0
64,137,188,-117,3609,-298,0,0
96,707,353,-3,3301,-377,0,0
67,884,459,182,3729,-366,0,0
-10,556,374,256,3698,-405,0,0
-84,151,206,276,2802,-481,0,0
-108,-124,175,306,3015,-515,0,0
-60,-453,99,630,5320,-124,0,0
-66,-506,-247,403,5596,38,0,0
-159,155,-385,229,4115,-372,0,0
-211,672,-177,493,3428,-823,0,0
-169,21,-37,759,3140,-854,0,0
-88,-994,4,428,3254,-593,0,0
23,-843,-46,186,3697,-443,0,0
129,69,-147,353,3991,-363,0,0
169,585,-187,553,3838,-440,0,0
159,451,-178,712,3538,-504,0,0
125,73,-158,629,3314,-442,0,0
83,-72,-202,555,3271,-416,0,0
68,-16,-315,510,3156,-399,0,0
50,139,-380,396,2901,-400,0,0
-12,272,-323,252,3294,-306,0,0
-81,250,-315,-273,2941,-319,0,0
-133,-16,-362,-622,2200,-520,0,0
-114,-358,-228,-902,3057,-197,0,0
12,-384,-31,-1488,3536,346,0,0
88,292,146,-1705,3667,527,0,0
-7,777,207,-1496,4036,209,0,0
-120,485,162,-1380,4362,-45,0,0
-207,19,69,-1366,4402,-294,0,0
-197,-226,34,-1254,4232,-346,0,0
-133,-416,3,-1184,4661,-261,0,0
-20,-371,-7,-1515,4781,-110,0,0
31,130,24,-1383,4738,-294,0,0
63,92,119,-1541,4703,-212,0,0
64,72,75,-1519,4547,-279,0,0
44,191,-100,-1431,4303,-407,0,0
57,99,-237,-1131,4504,-301,0,0
99,-108,-344,-1069,4756,-369,0,0
127,-224,-311,-1065,4505,-195,0,0
128,-318,-151,-1138,4960,-83,0,0
202,37,77,-1766,4867,13,0,0
194,695,171,-1527,4398,-320,0,0
131,466,116,-1449,4602,-477,0,0
77,-55,-74,-1364,4257,-532,0,0
28,-272,-126,-1278,4359,-419,0,0
19,-193,-118,-926,4434,-2440,0,0
39,-215,-64,-863,4126,-407,0,0
63,-179,156,-1179,4212,-380,0,0
65,-128,244,-910,4183,-392,0,0
89,-275,388,-1424,4030,-277,0,0
94,-38,489,-1472,4000,-409,0,0
97,85,500,-1633,4055,-409,0,0
86,36,394,-1604,3924,-354,0,0
28,-67,265,-1138,3873,-401,0,0
-49,-134,248,-763,3851,-372,0,0
-131,-340,186,-366,3678,-472,0,0
-176,-568,290,-168,2718,-466,0,0
-207,-702,391,-332,2194,-453,0,0
-163,-517,183,402,3312,-247,0,0
-157,-304,-199,685,3616,-165,0,0
-244,-165,-300,440,2835,-403,0,0
-317,93,-92,534,2800,-607,0,0
-300,-4,79,865,3126,-579,0,0
-250,-484,82,771,3215,-408,0,0
-183,-599,59,553,3546,-334,0,0
-74,-134,83,431,3899,-171,0,0
-11,505,134,570,3878,-135,0,0
-31,713,241,609,3788,-262,0,0
-75,457,327,541,3787,-284,0,0
-122,40,272,557,3959,-323,0,0
-129,-274,203,322,4326,-160,0,0
-138,-151,136,238,4042,-265,0,0
-111,-73,139,58,3354,-464,0,0
-18,-260,139,58,3317,-496,0,0
161,-426,47,32,3840,-347,0,0
379,-39,-71,-125,4297,-61,0,0
463,750,-101,-63,3443,-211,0,0
401,1142,107,94,3460,-518,0,0
215,867,221,459,5264,-615,0,0
20,159,-50,361,4327,-911,0,0
-60,-232,-241,199,2691,-905,0,0
-79,-244,-363,494,2729,-824,0,0
-69,-522,-515,663,3155,-614,0,0
-73,-664,-570,537,3615,-588,0,0
-53,-169,-454,435,3844,-545,0,0
-98,391,-197,680,3552,-821,0,0
-102,259,39,687,2927,-1057,0,0
-13,-241,130,359,2474,-1050,0,0
113,-298,141,88,2524,-684,0,0
200,171,144,-173,3157,-273,0,0
287,724,144,-557,3309,-134,0,0
248,813,175,-352,3497,-318,0,0
136,273,190,-669,4301,-48,0,0
33,-66,37,-723,4297,162,0,0
-53,-29,-23,-823,4216,163,0,0
-82,300,35,-664,4241,95,0,0
-66,206,72,-725,4176,66,0,0
12,230,177,-833,4447,310,0,0
-3,533,218,-775,4622,242,0,0
-106,677,137,-725,4678,-88,0,0
-212,460,-71,-278,4468,-523,0,0
-216,-262,-186,-360,4238,-577,0,0
-131,-606,-225,-435,4615,-330,0,0
-27,-156,-2296,-575,4728,-288,0,0
31,289,-201,-558,4549,-415,0,0
58,162,-140,-641,4574,-325,0,0
77,59,-178,-732,4719,-181,0,0
7,-32,-249,-767,4263,-313,0,0
-49,-263,-300,-783,4518,-400,0,0
-29,-477,-381,-629,4452,-232,0,0
-11,-353,-289,-775,3978,-105,0,0
53,158,-187,-498,4295,-142,0,0
125,366,-110,-404,4223,101,0,0
62,16,25,-391,4292,19,0,0
85,-117,294,-1070,4704,613,0,0
-10,712,492,-1076,4309,421,0,0
-138,1010,501,-772,4340,-180,0,0
-166,523,415,-872,4529,-59,0,0
-248,101,140,-524,4038,-252,0,0
-243,-162,57,-682,3963,-358,0,0
-174,-546,80,-624,4421,-202,0,0
-73,-541,142,-1051,4398,31,0,0
38,62,215,-1042,4371,-71,0,0
143,152,151,-803,4622,51,0,0
171,207,77,-988,4568,192,0,0
97,412,-133,-267,4293,-203,0,0
39,-282,-353,213,3641,-386,0,0
15,-1193,-282,-136,2952,-423,0,0
18,-803,-95,-182,3063,-255,0,0
-7,-49,-71,-20,3002,-701,0,0
56,-159,-156,271,2875,-875,0,0
108,-594,-211,380,2774,-660,0,0
103,-824,-186,264,2769,-783,0,0
117,-648,-105,124,2903,-686,0,0
115,-222,-116,148,3236,-717,0,0
145,50,-84,75,3453,-666,0,0
115,289,-63,84,3649,-756,0,0
93,160,-75,-34,3656,-779,0,0
88,-99,-28,-73,3949,-617,0,0
80,-57,71,-264,4311,-470,0,0
84,300,182,-485,3755,-539,0,0
102,446,242,-252,3548,-747,0,0
147,190,283,-291,3594,-700,0,0
182,213,276,-319,3578,-631,0,0
162,479,187,154,3940,-631,0,0
58,346,87,348,4207,-660,0,0
-88,-64,68,368,3839,-664,0,0
-212,-487,135,208,2517,-849,0,0
-185,-919,214,62,1869,-823,0,0
-40,-879,231,197,4105,-63,0,0
-32,-329,-138,341,6166,40,0,0
-110,390,-491,218,4706,-454,0,0
-233,854,-254,325,3690,-1038,0,0
-296,280,-16,768,3489,-1283,0,0
-240,-1047,-122,629,3144,-845,0,0
-157,-1326,-266,28,3163,-636,0,0
-55,-133,-348,232,3397,-734,0,0
22,566,-345,623,3371,-782,0,0
43,343,-272,766,3371,-707,0,0
13,3,-234,574,3033,-631,0,0
-13,20,-201,482,2627,-586,0,0
-18,122,-167,395,2539,-532,0,0
16,206,-87,-21,2655,-368,0,0
17,327,-78,-481,2534,-345,0,0
42,219,5,-679,4486,-165,0,0
138,-69,181,-1392,5869,398,0,0
24,16,379,-2067,4094,-19,0,0
-95,63,517,-1804,3378,-813,0,0
-32,-367,203,-1411,3938,-213,0,0
24,-594,-149,-1379,4367,137,0,0
68,-114,-222,-1348,4262,-163,0,0
103,-3,-127,-849,4346,-141,0,0
86,-393,100,-1507,4230,146,0,0
90,182,234,-1363,4389,90,0,0
76,570,201,-1225,4475,-47,0,0
-13,189,69,-1116,4087,-350,0,0
-57,14,-30,-1033,4259,-293,0,0
-67,83,-95,-760,4965,-192,0,0
-77,-203,-90,-909,4931,-343,0,0
-93,-108,60,-1277,4588,-310,0,0
-66,235,116,-1086,4728,-292,0,0
11,383,121,-1343,4793,-203,0,0
-3,687,24,-1216,4480,-420,0,0
-44,496,-77,-840,4819,-450,0,0
-41,-91,-90,-1041,4744,-361,0,0
-5,92,-17,-1018,4339,-403,0,0
57,464,106,-1002,4562,-372,0,0
105,540,96,-732,4659,-423,0,0
102,303,153,-883,4191,-508,0,0
49,-36,232,-899,4180,-544,0,0
47,-334,232,-1017,4217,-375,0,0
32,-201,230,-1409,4029,-333,0,0
-3,-130,117,-1191,3967,-405,0,0
6,-206,74,-988,3992,-221,0,0
-68,-119,103,-505,3852,-75,0,0
-223,-203,111,-111,3942,-309,0,0
-245,-236,176,-441,3599,-341,0,0
-274,98,79,81,2723,-470,0,0
-284,-218,-41,646,2666,-528,0,0
-234,-920,-25,493,3286,-250,0,0
-248,-679,-16,334,3309,-73,0,0
-309,37,-41,545,2968,-345,0,0
-289,118,-36,579,2946,-499,0,0
-228,-154,-73,629,3069,-377,0,0
-137,-274,-72,558,3215,-217,0,0
-12,59,56,328,3584,-116,0,0
84,747,190,427,3701,-28,0,0
105,1109,255,577,3756,15,0,0
41,925,208,664,4039,-74,0,0
-59,450,87,689,3912,-147,0,0
-149,3,28,497,3745,-138,0,0
-216,-147,-54,467,3945,-209,0,0
-250,-279,-184,465,3918,-441,0,0
-198,-603,-243,357,3851,-595,0,0
-26,-766,-234,247,3914,-452,0,0
186,-459,-212,99,4274,-176,0,0
335,191,-179,27,4300,-182,0,0
378,640,-116,112,3307,-458,0,0
356,336,124,169,2919,-507,0,0
305,-84,439,-77,4018,-251,0,0
228,1,437,-134,4695,-261,0,0
136,268,213,-75,4072,-514,0,0
24,170,30,149,3110,-750,0,0
-35,-413,-54,280,2857,-702,0,0
-21,-779,-102,189,2977,-549,0,0
-2,-341,-96,144,3028,-525,0,0
17,341,3,184,2826,-575,0,0
12,605,51,465,2559,-833,0,0
10,237,20,439,2330,-861,0,0
27,-164,-37,331,2617,-692,0,0
83,-152,-82,107,3299,-462,0,0
142,383,-96,-138,3733,-300,0,0
175,831,-92,-419,4115,-150,0,0
211,1068,-4,-802,4737,51,0,0
129,977,29,-732,4313,-199,0,0
13,66,15,-988,3860,-322,0,0
-23,-303,-94,-1010,4228,-226,0,0
-6,-98,-197,-1051,4433,61,0,0
-23,-53,-209,-955,4558,-55,0,0
-17,123,-179,-1000,4721,-286,0,0
-18,213,-143,-789,4883,-298,0,0
-8,-156,-112,-945,5296,-276,0,0
7,-310,-179,-1346,5176,-320,0,0
-70,-91,-363,-1210,4884,-554,0,0
-105,-584,-482,-951,5572,-779,0,0
-42,-1119,-516,-1362,4855,-623,0,0
61,-526,-472,-1531,3751,-556,0,0
197,182,-516,-964,3789,-375,0,0
206,-126,-492,-1169,4003,27,0,0
176,251,-403,-982,4190,141,0,0
92,687,-288,-652,4080,106,0,0
-69,272,-124,-608,4120,-115,0,0
-100,-344,78,-754,4518,29,0,0
-86,-433,363,-1393,4416,265,0,0
-112,154,584,-1495,4120,-93,0,0
-118,84,662,-1727,4154,-205,0,0
-97,-145,482,-1936,4003,-194,0,0
-57,100,311,-1920,3916,-27,0,0
-44,67,152,-1791,3978,-35,0,0
-8,106,44,-1773,4117,172,0,0
-45,444,-53,-1392,4338,222,0,0
-134,507,-145,-870,4339,-53,0,0
-213,66,-160,-586,4080,-384,0,0
-244,-284,-249,-340,3534,-524,0,0
-231,-232,-273,-27,3031,-486,0,0
-230,-217,-170,-9,2842,-718,0,0
-176,-266,-48,12,2922,-819,0,0
-119,-263,-58,29,3185,-733,0,0
-58,-329,-135,-89,3312,-659,0,0
19,-161,-79,-124,3506,-591,0,0
100,73,69,-369,3573,-562,0,0
130,373,134,-494,3329,-661,0,0
126,380,58,-440,3167,-763,0,0
113,-3,-70,-343,3581,-631,0,0
97,-245,-133,-364,4150,-546,0,0
91,-107,-82,-449,3738,-595,0,0
124,121,105,-261,3317,-605,0,0
209,250,324,-417,3764,-524,0,0
282,707,357,-419,3910,-435,0,0
220,1005,289,4,3593,-484,0,0
48,540,287,279,3655,-581,0,0
-96,-169,256,273,3709,-572,0,0
-181,-535,203,75,2710,-595,0,0
-187,-717,179,-1,2486,-650,0,0
-80,-868,100,308,4605,-312,0,0
6,-845,-107,114,5650,51,0,0
-39,-118,-133,-25,4690,-108,0,0
-167,500,114,190,3725,-683,0,0
-237,-56,215,274,3247,-866,0,0
-207,-946,23,207,2976,-664,0,0
-124,-1092,-178,97,3047,-490,0,0
-2,-604,-279,105,3422,-405,0,0
117,37,-247,36,3466,-214,0,0
148,679,-178,187,3376,-267,0,0
94,858,-117,260,3195,-500,0,0
38,460,-89,93,3168,-559,0,0
1,26,-126,-239,2581,-551,0,0
-32,-211,-127,-439,2326,-568,0,0
37,-228,-31,-627,3495,-253,0,0
169,-133,73,-1231,4082,102,0,0
222,347,197,-1577,4065,146,0,0
153,898,275,-1500,4442,-84,0,0
14,273,171,-1337,4314,-410,0,0
-82,-803,-15,-1367,4233,-523,0,0
-82,-1209,-138,-1203,4322,-298,0,0
20,-1079,-82,-1380,4261,29,0,0
118,-202,30,-1401,4558,22,0,0
139,435,96,-1157,4837,-16,0,0
83,23,170,-1356,4862,-123,0,0
30,-184,182,-1617,4649,-93,0,0
-1,77,117,-1704,4345,-114,0,0
13,267,5,-1481,4341,-212,0,0
31,369,-170,-1321,4237,-302,0,0
7,269,-283,-1219,3819,-335,0,0
-15,8,-319,-1094,4011,-377,0,0
22,96,-274,-1203,4488,-252,0,0
13,391,-245,-1080,4436,-427,0,0
-34,285,-183,-935,4737,-680,0,0
-21,-23,-112,-923,4949,-733,0,0
54,-19,-16,-1074,4882,-603,0,0
111,333,114,-1004,4690,-691,0,0
119,212,197,-916,4392,-749,0,0
121,-179,322,-1313,4420,-494,0,0
114,-8,314,-1353,4252,-372,0,0
103,183,275,-1383,4001,-350,0,0
49,117,226,-1415,3986,-334,0,0
14,5,185,-1357,4011,-136,0,0
-51,-45,165,-1355,3946,-168,0,0
-117,-107,165,-1239,3863,-258,0,0
-182,-100,281,-927,3940,-181,0,0
-268,-73,324,-206,3772,-242,0,0
-330,-417,313,-78,2954,-333,0,0
-332,-532,431,-309,2256,-122,0,0
-332,-252,379,-94,2602,-154,0,0
-305,-43,141,167,3140,-21,0,0
-374,114,12,319,3219,-9,0,0
-492,116,6,474,3340,-341,0,0
-475,-254,12,537,3426,-418,0,0
-368,-575,14,456,3349,-279,0,0
-284,-468,70,401,3349,-254,0,0
-180,-58,170,295,3522,-239,0,0
-92,324,201,402,3932,-190,0,0
-49,345,114,464,4155,-163,0,0
-38,228,6,342,3727,-165,0,0
-65,105,-48,382,3466,-171,0,0
-89,58,-103,389,3705,-32,0,0
-110,-73,-220,494,4323,-106,0,0
-68,-217,-275,361,4531,-1,0,0
-18,-237,-250,299,3986,-110,0,0
94,-224,-99,167,3767,-23,0,0
218,76,-4,107,3982,-1,0,0
330,419,-30,151,4017,-84,0,0
353,512,-42,166,3545,-236,0,0
300,217,19,115,2677,-537,0,0
273,-178,234,144,3395,-276,0,0
172,-202,297,208,4914,-355,0,0
61,-125,90,293,4609,-629,0,0
-39,-158,-116,505,3453,-714,0,0
-115,-614,-180,666,3133,-788,0,0
-94,-1117,-155,344,3036,-582,0,0
-45,-733,-129,148,3054,-485,0,0
11,56,-63,220,3072,-554,0,0
21,390,51,269,2866,-639,0,0
20,168,140,27,2408,-700,0,0
79,25,200,-281,2408,-440,0,0
180,71,131,-428,2942,-236,0,0
340,308,12,-712,3478,163,0,0
432,871,30,-544,4810,520,0,0
295,1099,207,-840,4673,334,0,0
54,703,252,-675,3793,-265,0,0
-29,-140,159,-501,3960,19,0,0
-41,-743,5,-600,4432,409,0,0
-16,-257,-31,-779,4449,459,0,0
-46,731,50,-536,4314,181,0,0
-84,686,154,-373,4749,7,0,0
-131,75,108,-463,4783,-15,0,0
-191,-95,32,-597,4538,-120,0,0
-195,35,-8,-464,4527,-278,0,0
-141,-160,-73,-243,4443,-168,0,0
-66,-103,-45,-501,4431,9,0,0
-5,376,-67,-438,4275,-105,0,0
-2,635,-119,-413,4103,-113,0,0
-18,518,-200,-368,4386,-114,0,0
23,221,-245,-501,4692,-2,0,0
-19,183,-230,-463,4772,-23,0,0
-122,-6,-129,-557,4589,-157,0,0
-124,-259,-81,-598,4419,-397,0,0
-22,-262,-156,-349,4362,-147,0,0
55,0,-126,-494,4500,110,0,0
111,350,-48,-318,4544,20,0,0
138,460,175,-319,4526,371,0,0
18,298,323,-471,4369,347,0,0
-90,350,338,-712,4389,328,0,0
-185,261,185,-505,4503,249,0,0
-228,-178,67,-698,4453,394,0,0
-250,-66,125,-1010,4565,312,0,0
-218,188,81,-704,4721,205,0,0
-168,-69,54,-912,4678,217,0,0
-134,-153,3,-965,4631,125,0,0
-70,107,-107,-657,4192,107,0,0
-59,89,-306,-315,3259,-257,0,0
-34,-230,-491,-67,2565,-382,0,0
-37,-409,-503,89,2375,-360,0,0
-87,-589,-442,141,2491,-738,0,0
-45,-864,-430,278,2963,-764,0,0
15,-1049,-497,280,3363,-454,0,0
62,-876,-503,187,3486,-388,0,0
124,-212,-389,252,3522,-415,0,0
174,367,-190,217,3670,-396,0,0
189,625,24,114,3640,-490,0,0
207,556,112,-44,3536,-572,0,0
242,425,91,-115,3485,-511,0,0
287,506,121,-66,3666,-370,0,0
296,584,245,-95,4283,-202,0,0
211,772,335,-26,4225,-274,0,0
40,641,294,152,2952,-608,0,0
-37,18,310,155,1798,-779,0,0
23,-639,336,448,2944,-482,0,0
132,-1019,168,466,5603,127,0,0
154,-488,-105,6,5221,215,0,0
73,741,1,135,3957,-316,0,0
-49,860,266,465,3342,-699,0,0
-106,-280,277,622,2856,-673,0,0
-66,-1234,153,82,2827,-370,0,0
3,-748,-70,69,3233,-299,0,0
50,205,-324,421,3660,-281,0,0
48,439,-439,489,3615,-411,0,0
-18,295,-442,454,3210,-561,0,0
-108,112,-400,400,3158,-536,0,0
-151,-301,-394,56,2856,-614,0,0
-122,-426,-340,-460,2324,-563,0,0
-17,-410,-193,-717,3242,-298,0,0
184,38,63,-1468,3798,292,0,0
230,819,275,-1145,3563,-131,0,0
140,377,419,-1486,3897,-263,0,0
31,-156,226,-1404,4128,-182,0,0
-31,-344,11,-1408,4371,-65,0,0
-21,-181,23,-1350,4518,-139,0,0
33,-155,111,-1234,4435,-171,0,0
87,91,296,-1654,4815,-241,0,0
115,329,262,-1126,5038,-500,0,0
97,-32,120,-1472,4788,-272,0,0
44,-152,-56,-1244,5026,-399,0,0
55,-248,-141,-1264,4802,-257,0,0
14,-240,-163,-1338,4443,-275,0,0
1,52,-238,-1020,4316,-314,0,0
-5,173,-286,-889,4178,-306,0,0
-31,101,-300,-671,3975,-431,0,0
-16,-12,-163,-849,3977,-321,0,0
42,148,12,-831,4304,-253,0,0
101,268,173,-1105,4891,-285,0,0
92,581,255,-1343,4740,-550,0,0
60,700,225,-1069,4590,-759,0,0
56,169,141,-1098,4764,-747,0,0
84,-128,-42,-879,4560,-750,0,0
101,-175,-48,-877,4290,-692,0,0
99,-332,63,-838,4089,-649,0,0
160,-358,211,-1049,4168,-385,0,0
208,-110,308,-1346,4168,-409,0,0
230,60,387,-1568,3991,-283,0,0
178,448,446,-1951,3792,-206,0,0
84,776,219,-1457,3857,-325,0,0
-22,428,21,-1216,3983,-186,0,0
-241,224,-120,-645,3970,-173,0,0
-438,96,-299,70,3780,-496,0,0
-512,-350,-238,127,2937,-452,0,0
-524,-583,-19,209,2540,-506,0,0
-387,-285,86,360,3020,-419,0,0
-296,118,26,508,3619,-221,0,0
-357,305,-148,643,3471,-423,0,0
-418,102,-269,689,3217,-660,0,0
-414,-261,-288,754,3338,-627,0,0
-339,-745,-225,685,3259,-575,0,0
-187,-836,-84,343,3222,-450,0,0
-19,-280,28,382,3606,-292,0,0
116,161,90,474,3850,-183,0,0
181,324,122,366,3913,-125,0,0
183,320,135,488,3956,-214,0,0
189,34,204,301,4056,-182,0,0
206,-26,270,99,3945,-169,0,0
215,107,298,-154,3781,-302,0,0
236,71,215,-110,3862,-427,0,0
249,-186,79,-74,3545,-449,0,0
223,-333,128,-318,3150,-486,0,0
208,-224,292,-157,3681,-496,0,0
203,-89,315,-91,4197,-466,0,0
120,144,181,-33,4376,-449,0,0
-37,283,-55,235,3722,-721,0,0
-167,-110,-236,487,3068,-800,0,0
-229,-759,-309,443,2979,-811,0,0
-178,-856,-231,317,2977,-793,0,0
-99,-253,-84,389,2817,-838,0,0
-32,71,53,465,2629,-991,0,0
13,13,111,521,2811,-1031,0,0
17,-195,97,514,3063,-927,0,0
51,-298,123,31,3114,-768,0,0
179,84,100,-290,3386,-491,0,0
316,348,-36,-426,3818,-26,0,0
302,562,-117,-685,4545,33,0,0
271,670,-48,-815,4572,-95,0,0
204,304,146,-807,3953,-207,0,0
156,-63,244,-1117,4157,-160,0,0
165,286,-10,-1032,4539,-178,0,0
185,473,-229,-988,4747,-357,0,0
178,138,-215,-890,4868,-452,0,0
137,-104,-151,-1136,4275,-636,0,0
148,-19,-147,-1165,4261,-649,0,0
211,8,-218,-1057,4623,-563,0,0
285,-56,-241,-1304,4520,-470,0,0
266,339,-276,-1101,4693,-474,0,0
179,363,-340,-870,4697,-688,0,0
109,-262,-426,-975,4403,-825,0,0
68,-451,-490,-1057,4677,-754,0,0
62,-290,-551,-893,4850,-1025,0,0
91,-369,-454,-1093,4560,-1469,0,0
184,-365,-339,-940,4888,-1391,0,0
305,-473,-268,-1244,4816,-1494,0,0
425,-440,-234,-1415,4528,-1492,0,0
526,-274,-242,-1386,4472,-1178,0,0
544,-293,-202,-1361,4062,-1237,0,0
496,-487,-217,-1447,4068,-756,0,0
446,-41,-172,-1652,3610,-503,0,0
362,277,-111,-1298,3454,-605,0,0
223,-91,20,-1676,3338,-123,0,0
35,-183,147,-1964,3063,-106,0,0
-81,144,177,-2248,3340,-23,0,0
-172,511,94,-2331,4017,-354,0,0
-118,836,115,-2305,3795,-1217,0,0
90,775,226,-1620,2433,-1905,0,0
258,121,284,-586,2195,-1810,0,0
247,-17,41,3,2271,-1524,0,0
10,177,-550,516,2738,-1742,0,0
-212,-55,-968,742,2637,-1582,0,0
-427,-594,-842,733,3121,-1390,0,0
-535,-879,-399,112,3515,-1316,0,0
-505,-401,-35,-238,2888,-1440,0,0
-425,2,235,-382,2581,-1409,0,0
-387,-45,359,-555,2795,-1325,0,0
-371,-196,352,-729,3338,-1302,0,0
-350,-119,402,-812,3875,-1232,0,0
-348,70,557,-995,3741,-1419,0,0
-250,85,719,-1001,3387,-1385,0,0
-104,176,856,-1257,3351,-946,0,0
-42,839,751,-826,3648,-951,0,0
-13,1183,620,-482,4311,-860,0,0
-145,1166,554,-411,3752,-740,0,0
-350,818,448,-296,2648,-1115,0,0
-376,33,342,129,3305,-867,0,0
-379,-904,106,374,5092,-375,0,0
-418,-906,-165,39,5281,-280,0,0
-465,-50,-342,200,4006,-767,0,0
-429,85,-200,520,3161,-875,0,0
-361,-573,-26,449,2983,-860,0,0
-249,-873,-29,246,3182,-710,0,0
-103,-352,-115,30,3631,-622,0,0
27,384,-284,271,3630,-734,0,0
101,524,-346,294,3165,-706,0,0
141,405,-251,34,2894,-749,0,0
181,363,-144,-230,2986,-608,0,0
138,304,-105,-531,2175,-666,0,0
100,-341,-72,-570,2525,-798,0,0
218,-856,25,-1123,4294,159,0,0
263,-513,114,-1453,4502,355,0,0
178,260,287,-1647,4082,-110,0,0
79,541,354,-1130,4029,-407,0,0
25,-124,383,-1103,4186,-363,0,0
-18,-314,326,-1106,4063,-532,0,0
-55,-208,150,-767,4007,-598,0,0
-67,-701,59,-583,4258,-423,0,0
-40,-678,164,-1117,4593,148,0,0
-81,58,300,-1168,4165,-46,0,0
-124,442,339,-1291,3757,102,0,0
-182,715,200,-865,4699,87,0,0
-248,323,-50,-883,4983,240,0,0
-379,379,-63,-925,4685,-40,0,0
-379,622,73,-762,5322,-220,0,0
-351,459,25,-769,5065,-163,0,0
-411,178,-98,-780,4178,-682,0,0
-333,-119,-87,-677,4523,-865,0,0
-114,-315,-137,-701,5016,-573,0,0
82,53,-86,-919,5070,-606,0,0
223,479,-17,-683,5228,-850,0,0
306,92,52,-988,4931,-709,0,0
343,-153,-29,-838,4696,-657,0,0
390,-210,-108,-741,4484,-370,0,0
362,-423,-115,-704,3968,-298,0,0
371,-473,3,-922,3713,75,0,0
383,60,207,-948,3883,202,0,0
323,251,333,-1020,4031,242,0,0
165,294,442,-1444,3895,359,0,0
-39,481,331,-1239,3849,-116,0,0
-159,264,154,-744,4040,-220,0,0
-291,-229,19,-373,3957,-12,0,0
-436,-322,-50,-317,3275,-16,0,0
-532,139,12,-96,2536,-224,0,0
-548,48,-21,358,2886,-524,0,0
-431,-599,-131,329,3341,-188,0,0
-405,-375,-187,16,3215,-11,0,0
-416,274,-191,262,3271,-326,0,0
-407,157,-173,488,3354,-396,0,0
-390,-285,-141,531,3192,-302,0,0
-331,-522,-78,504,3117,-364,0,0
-242,-498,24,437,3330,-251,0,0
-119,-219,49,568,4027,-224,0,0
33,-76,28,548,4536,30,0,0
94,82,21,406,4067,41,0,0
115,329,96,379,3426,-157,0,0
121,475,183,413,3580,-126,0,0
102,189,80,537,4245,-140,0,0
118,-165,-76,362,4486,-78,0,0
115,-205,-149,240,4159,-242,0,0
159,-232,-23,162,3663,-212,0,0
256,-370,102,56,3639,-265,0,0
386,-323,82,-80,3776,-155,0,0
448,140,66,-211,2944,-182,0,0
417,427,155,-69,2914,-419,0,0
348,306,298,180,4792,-427,0,0
205,199,163,7,4894,-534,0,0
90,295,-86,97,3543,-696,0,0
27,204,-176,418,3071,-752,0,0
-46,-290,-259,491,3014,-738,0,0
-89,-667,-363,410,2972,-636,0,0
-141,-503,-336,488,2845,-777,0,0
-190,-461,-204,659,2710,-1077,0,0
-151,-681,-104,562,2523,-1037,0,0
-35,-696,-7,295,2540,-645,0,0
86,-314,111,-178,3064,-115,0,0
139,84,144,-471,3460,138,0,0
158,391,141,-803,3474,543,0,0
84,621,280,-859,4051,680,0,0
-56,325,378,-1087,4767,493,0,0
-178,427,226,-1189,4130,68,0,0
-181,383,49,-899,4355,37,0,0
-148,189,24,-1234,4618,27,0,0
-110,390,-69,-822,4765,-86,0,0
-66,250,-94,-1099,4874,71,0,0
-54,307,-89,-1040,4625,-78,0,0
-25,462,-177,-708,4472,-231,0,0
-17,71,-182,-762,4388,-221,0,0
-59,-316,-241,-669,4368,-145,0,0
-109,-559,-324,-840,4272,-86,0,0
-109,-350,-390,-744,4482,129,0,0
-37,38,-373,-789,4688,402,0,0
-16,252,-280,-776,4891,324,0,0
-87,471,-140,-994,4547,322,0,0
-217,420,-28,-768,3994,-243,0,0
-190,31,-55,-891,4240,-239,0,0
-144,84,-127,-852,4218,-276,0,0
-31,36,-88,-680,4281,-295,0,0
85,49,42,-956,4440,116,0,0
112,377,133,-697,4532,143,0,0
92,-40,213,-772,4724,175,0,0
59,-274,288,-1140,4446,442,0,0
42,186,363,-1022,4471,343,0,0
51,163,449,-1078,4481,106,0,0
104,63,520,-1527,4500,263,0,0
141,480,354,-1397,4620,187,0,0
169,642,192,-1309,4608,30,0,0
129,298,-11,-818,4467,-187,0,0
98,-353,-252,-105,4027,-141,0,0
52,-840,-251,-75,3264,-208,0,0
14,-850,-113,42,2630,-325,0,0
12,-745,-28,64,2592,-493,0,0
26,-526,-35,36,2782,-523,0,0
40,-325,-157,276,3197,-593,0,0
76,-362,-134,120,3263,-581,0,0
89,-93,-61,111,3300,-627,0,0
95,105,-5,150,3301,-621,0,0
67,151,20,38,3284,-724,0,0
20,136,-69,231,3253,-845,0,0
-40,-165,-135,280,3461,-839,0,0
-61,-441,-164,222,3566,-862,0,0
-1,-383,-58,101,3532,-638,0,0
52,-10,94,136,3817,-514,0,0
93,206,252,226,4245,-394,0,0
58,284,416,42,3883,-337,0,0
-37,244,493,-86,2391,-484,0,0
-27,10,598,-69,2471,-316,0,0
27,-212,466,219,4929,-36,0,0
31,-250,69,174,5859,252,0,0
-97,304,-105,-58,4094,-169,0,0
-223,611,77,309,3025,-914,0,0
-214,-154,99,520,2828,-682,0,0
-148,-987,-112,252,2936,-360,0,0
-53,-480,-329,247,3359,-445,0,0
35,333,-458,672,3842,-544,0,0
92,227,-474,799,3957,-470,0,0
56,72,-415,645,3599,-485,0,0
-16,204,-280,449,2739,-685,0,0
-7,109,-114,336,2585,-680,0,0
31,44,-88,-121,3164,-334,0,0
38,192,-312,-432,3381,-329,0,0
39,197,-384,-664,4098,-261,0,0
58,-185,-227,-1133,3814,-216,0,0
143,-145,18,-1371,3176,26,0,0
204,308,102,-1132,3529,28,0,0
198,363,18,-1110,3917,30,0,0
95,112,-62,-956,3909,-233,0,0
31,-437,-26,-1034,3996,-173,0,0
61,-385,85,-1256,4302,19,0,0
100,53,170,-1195,4445,-81,0,0
113,354,314,-1252,4782,-282,0,0
67,204,293,-1197,5013,-598,0,0
54,-43,184,-1408,4503,-553,0,0
56,157,69,-1225,4639,-837,0,0
119,59,-91,-1041,4864,-728,0,0
137,-23,-191,-1000,4423,-730,0,0
178,-120,-223,-926,4274,-617,0,0
248,14,-120,-1107,4530,-112,0,0
215,469,-10,-1068,4320,-201,0,0
103,631,58,-1113,4277,-428,0,0
2,358,-32,-897,4634,-515,0,0
-68,-102,-66,-1025,4654,-575,0,0
-98,-209,24,-1163,4398,-708,0,0
-45,110,69,-1024,4487,-666,0,0
19,241,25,-746,4641,-788,0,0
35,-130,63,-804,4463,-805,0,0
37,-110,264,-1260,4305,-684,0,0
53,89,221,-1205,4105,-724,0,0
82,-113,143,-1290,4059,-635,0,0
73,-159,108,-1398,4008,-616,0,0
58,-158,41,-1246,3717,-531,0,0
26,-272,97,-1229,3747,-469,0,0
30,-218,114,-1154,3859,-407,0,0
20,7,193,-897,3669,-436,0,0
-75,133,244,-524,3316,-408,0,0
-201,8,70,-87,2742,-307,0,0
-307,-195,-21,170,2420,-284,0,0
-371,-354,33,480,3279,-267,0,0
-394,-621,-27,515,3886,-171,0,0
-436,-351,-83,363,3412,-331,0,0
-467,311,16,540,3298,-568,0,0
-452,374,101,417,3285,-648,0,0
-406,224,-16,488,3334,-657,0,0
-374,-51,-199,525,3413,-643,0,0
-311,-427,-244,470,3547,-547,0,0
-211,-386,-123,590,3714,-362,0,0
-130,-178,85,558,3840,-290,0,0
-81,-20,250,447,3669,-254,0,0
-64,168,297,360,3694,-186,0,0
-48,164,208,211,4187,-118,0,0
-49,131,103,55,4553,-19,0,0
-60,-22,-13,-77,4092,-373,0,0
68,-413,34,-211,3342,-458,0,0
262,-533,110,-465,2990,-235,0,0
407,70,207,-544,3331,54,0,0
347,1155,290,-111,5153,-172,0,0
159,1455,51,290,4863,-614,0,0
-44,599,-208,606,3087,-966,0,0
-149,-595,-275,600,2797,-845,0,0
-142,-1243,-343,527,3175,-547,0,0
-86,-967,-364,388,3284,-462,0,0
-71,-95,-237,511,3150,-814,0,0
-36,106,34,746,2970,-1245,0,0
65,-300,267,658,3105,-1019,0,0
173,-286,328,286,2986,-694,0,0
289,346,329,212,2869,-518,0,0
357,850,376,159,3376,-185,0,0
332,750,421,-134,3329,-84,0,0
270,227,357,-484,3608,-21,0,0
214,-103,263,-769,4223,262,0,0
168,-242,150,-972,4345,302,0,0
179,199,174,-1007,4226,438,0,0
132,626,200,-828,4547,138,0,0
112,553,128,-771,4713,49,0,0
62,409,-32,-570,4805,-81,0,0
-22,207,-93,-731,4812,-322,0,0
-149,-160,-191,-399,4511,-574,0,0
-181,-609,-278,-405,4442,-551,0,0
-105,-327,-305,-427,4611,-404,0,0
-12,-82,-354,-208,4704,-293,0,0
76,-102,-191,-690,4907,-51,0,0
76,523,-102,-773,4711,-101,0,0
26,580,-129,-664,4368,-296,0,0
-43,83,-211,-572,4194,-472,0,0
-83,-119,-291,-463,3936,-513,0,0
-69,79,-276,-362,4010,-555,0,0
66,418,-249,-114,4094,-470,0,0
196,754,4,-177,4424,-214,0,0
184,888,266,-135,4728,-242,0,0
116,663,477,-303,4738,-223,0,0
30,143,572,-437,4780,-184,0,0
-18,-147,568,-869,4719,20,0,0
-112,86,502,-838,4639,-157,0,0
-169,-72,367,-892,4518,-115,0,0
-207,-161,248,-1014,4568,-127,0,0
-222,-81,31,-832,4625,-251,0,0
-208,-71,-86,-913,4612,-178,0,0
-192,297,-252,-538,4581,-212,0,0
-169,290,-465,282,4273,-368,0,0
-185,-595,-475,139,3608,-810,0,0
-144,-806,-315,335,2923,-807,0,0
-92,-683,-139,629,2596,-729,0,0
-40,-788,-123,226,2691,-730,0,0
-21,-588,-367,378,3150,-580,0,0
-55,-385,-514,448,3278,-497,0,0
-65,-355,-458,368,3404,-562,0,0
-38,-219,-306,330,3437,-493,0,0
-16,96,-117,213,3523,-405,0,0
-31,578,-71,-62,3627,-633,0,0
-78,733,-198,121,3513,-796,0,0
-141,139,-355,225,3551,-837,0,0
-148,-492,-336,19,3336,-696,0,0
-90,-628,-148,109,3514,-530,0,0
17,-364,108,-76,3666,-280,0,0
64,313,273,-62,2819,-231,0,0
55,667,440,-56,2439,-388,0,0
85,560,492,34,3797,-331,0,0
125,256,158,311,5439,-40,0,0
87,89,-255,93,4882,63,0,0
-49,54,-348,348,4046,-301,0,0
-166,-387,-235,473,3516,-473,0,0
-196,-987,-95,351,3194,-467,0,0
-121,-1049,50,245,3277,-467,0,0
-14,-598,84,264,3492,-411,0,0
84,-229,-4,321,3610,-365,0,0
131,71,-34,437,3588,-310,0,0
114,315,-28,508,3490,-340,0,0
56,288,-74,432,3117,-495,0,0
20,136,-135,150,2742,-541,0,0
70,202,-149,-172,3141,-308,0,0
125,236,-262,-628,4066,-281,0,0
160,348,-300,-1308,3920,-152,0,0
119,551,-117,-1180,3732,-304,0,0
90,145,151,-1712,3271,-280,0,0
140,153,92,-1507,2645,-268,0,0
191,387,-149,-1141,2923,-28,0,0
189,200,-250,-1035,3481,-32,0,0
150,56,-156,-953,4205,167,0,0
50,149,62,-1141,4687,176,0,0
-72,208,363,-1335,4359,-5,0,0
-181,163,524,-1265,4321,-271,0,0
-201,-221,379,-1278,4581,-259,0,0
-191,-166,254,-1348,4298,-329,0,0
-161,61,252,-1188,4247,-365,0,0
-63,444,234,-1174,4863,-230,0,0
-75,617,96,-777,5267,-576,0,0
-104,-69,72,-920,5284,-770,0,0
-89,-664,77,-1068,5149,-749,0,0
2,-542,85,-1282,4939,-549,0,0
107,-68,-80,-973,4561,-523,0,0
195,184,-188,-801,4520,-331,0,0
215,453,-98,-559,4485,-356,0,0
191,188,-15,-528,4302,-238,0,0
180,56,174,-879,4331,-31,0,0
150,364,282,-748,4632,-110,0,0
123,433,414,-1124,4470,-221,0,0
10,308,418,-1087,4249,-486,0,0
-63,-168,272,-1119,4207,-564,0,0
-54,-501,99,-1129,4170,-526,0,0
-24,-591,-110,-948,3984,-549,0,0
2,-473,-123,-706,3928,-504,0,0
17,-557,-35,-722,4042,-513,0,0
68,-451,107,-788,3826,-341,0,0
68,-238,223,-839,3751,-360,0,0
45,-150,224,-543,3629,-237,0,0
-28,-152,179,-80,3121,-348,0,0
-80,-257,211,201,2506,-487,0,0
-80,-444,326,418,2778,-434,0,0
-61,-488,350,509,3593,-313,0,0
-130,-202,205,535,3504,-363,0,0
-267,165,-54,690,3306,-524,0,0
-396,53,-358,921,3260,-724,0,0
-467,-484,-627,1023,3285,-793,0,0
-443,-974,-765,958,3340,-704,0,0
-350,-1083,-660,810,3360,-520,0,0
-203,-652,-353,652,3545,-397,0,0
-25,97,13,520,3745,-218,0,0
53,775,243,602,3915,-279,0,0
44,912,339,473,3929,-387,0,0
2,710,345,294,3700,-413,0,0
-4,357,312,165,3766,-468,0,0
39,112,276,-45,3941,-243,0,0
60,21,182,-170,3830,-447,0,0
155,-146,101,-207,3791,-461,0,0
240,-167,27,-166,3273,-288,0,0
235,99,144,-191,3861,-317,0,0
120,515,230,120,5068,-662,0,0
9,444,49,342,4124,-840,0,0
-63,-13,-145,401,2912,-815,0,0
-86,-439,-265,549,2802,-798,0,0
-49,-628,-256,450,3030,-529,0,0
-42,-193,-166,441,3230,-539,0,0
-83,232,-41,640,3224,-732,0,0
-141,125,21,684,3180,-783,0,0
-172,-249,-1,590,2975,-728,0,0
-141,-439,96,296,2879,-498,0,0
-50,-271,241,-116,3252,-235,0,0
96,330,375,-593,3407,-144,0,0
248,820,349,-613,3946,1,0,0
302,876,197,-785,4421,34,0,0
221,654,21,-689,3979,-244,0,0
102,247,4,-579,3588,-275,0,0
59,-411,-23,-495,3742,-183,0,0
140,-612,-95,-498,3968,201,0,0
232,-141,-80,-615,4392,373,0,0
287,423,-19,-563,4863,372,0,0
214,683,92,-479,5030,70,0,0
99,322,164,-561,4959,-199,0,0
-18,-133,69,-690,4900,-532,0,0
-72,-426,-152,-603,4910,-651,0,0
-68,-731,-337,-552,4951,-813,0,0
54,-907,-422,-721,4757,-710,0,0
185,-386,-449,-763,4807,-713,0,0
286,-98,-369,-848,4953,-1034,0,0
370,-398,-362,-785,4777,-1038,0,0
435,-466,-471,-1103,4678,-955,0,0
490,-229,-710,-845,4488,-789,0,0
472,-152,-825,-978,4281,-431,0,0
401,288,-809,-728,4111,-435,0,0
324,325,-647,-569,3776,-198,0,0
186,-88,-354,-757,3892,-101,0,0
45,-83,-109,-758,3907,-189,0,0
-94,208,246,-1076,3746,-355,0,0
-176,277,429,-1111,3644,-584,0,0
-173,306,476,-1568,3789,-516,0,0
-196,607,412,-1525,3782,-561,0,0
-234,440,387,-1579,4014,-508,0,0
-266,291,374,-1566,4301,-542,0,0
-279,370,299,-1337,4321,-675,0,0
-259,271,238,-1199,4276,-809,0,0
-228,206,-28,-545,3437,-803,0,0
-282,-138,-237,103,2850,-996,0,0
-330,-712,-168,320,2912,-1275,0,0
-292,-904,25,143,2983,-1307,0,0
-171,-562,78,-85,3201,-1298,0,0
-31,-254,-29,2,3046,-1343,0,0
49,-393,2,-73,3360,-1351,0,0
108,-591,148,-181,3353,-1085,0,0
156,-501,140,-326,3022,-988,0,0
203,-186,14,-180,3025,-793,0,0
170,131,-44,-42,3467,-781,0,0
72,109,-50,-56,3844,-896,0,0
-33,-2,-3,-94,3589,-951,0,0
-75,-250,74,-212,3168,-1056,0,0
6,-362,199,-341,3436,-615,0,0
41,239,337,-340,3908,-416,0,0
-61,787,399,55,4128,-671,0,0
-178,439,474,-214,2789,-763,0,0
-234,-16,552,-267,2365,-577,0,0
-191,-130,355,63,4193,-352,0,0
-117,-58,11,159,5414,-150,0,0
-184,477,-181,267,4502,-322,0,0
-314,823,-77,557,3435,-857,0,0
-354,236,-8,652,3183,-972,0,0
-310,-546,-161,696,3260,-771,0,0
-218,-679,-307,469,3468,-757,0,0
-106,-105,-376,456,3533,-790,0,0
15,240,-342,591,3236,-842,0,0
116,296,-173,458,3301,-665,0,0
155,482,-56,154,3730,-563,0,0
142,723,-37,-204,3320,-578,0,0
82,611,-101,-390,2575,-665,0,0
94,18,-92,-625,2871,-349,0,0
177,-241,-64,-936,3912,8,0,0
242,250,39,-1030,4136,206,0,0
177,619,223,-999,4031,-103,0,0
51,472,347,-1093,4000,-370,0,0
-88,-88,185,-925,3915,-702,0,0
-108,-700,-62,-747,3895,-639,0,0
-69,-721,-85,-902,4128,-476,0,0
12,-396,-74,-707,4243,-491,0,0
127,-228,88,-868,4333,-229,0,0
158,136,295,-910,4703,-70,0,0
104,340,440,-1075,4699,-104,0,0
-6,359,394,-1068,4584,-343,0,0
-90,261,168,-869,4903,-373,0,0
-156,-27,-6,-735,4645,-634,0,0
-172,-325,-46,-669,4315,-764,0,0
-104,-190,-18,-762,4631,-508,0,0
-33,300,-209,-359,4695,-686,0,0
-8,3,-280,-344,4215,-774,0,0
10,-518,-103,-588,4604,-594,0,0
148,-178,103,-906,4953,-268,0,0
230,772,236,-975,4438,-387,0,0
179,781,190,-736,4491,-710,0,0
104,32,91,-805,4529,-573,0,0
58,-122,-60,-734,4328,-492,0,0
72,63,-104,-518,4237,-405,0,0
37,23,-23,-630,4277,-488,0,0
4,15,9,-639,4156,-537,0,0
-9,-64,105,-803,4060,-462,0,0
-24,-120,152,-991,4070,-462,0,0
-39,7,197,-1099,3938,-401,0,0
-75,47,164,-1119,4001,-440,0,0
-84,25,99,-1149,4027,-288,0,0
-150,131,7,-929,3900,-288,0,0
-251,119,-135,-228,3714,-367,0,0
-378,-208,-212,329,3485,-465,0,0
-409,-512,-135,451,2966,-435,0,0
-353,-385,24,542,2783,-480,0,0
-285,-211,120,650,3140,-471,0,0
-262,-54,48,641,3237,-442,0,0
-259,-3,-74,704,3048,-557,0,0
-232,-183,-74,687,3161,-417,0,0
-196,-312,-15,510,3300,-314,0,0
-114,-188,39,509,3403,-302,0,0
-16,135,138,425,3573,-89,0,0
33,499,180,489,3750,-83,0,0
11,532,131,615,3802,-144,0,0
-57,267,35,553,3910,-168,0,0
-89,47,-49,497,3902,-244,0,0
-95,96,-39,360,4024,-257,0,0
-77,127,-58,367,4641,-327,0,0
-31,27,-101,118,4244,-327,0,0
-8,-77,-81,81,3153,-619,0,0
109,-544,9,-15,3104,-539,0,0
273,-534,38,-357,3063,-81,0,0
309,402,33,-142,3587,-228,0,0
227,874,33,358,4969,-498,0,0
59,430,-118,495,4557,-774,0,0
-94,-224,-184,671,3318,-854,0,0
-120,-854,-177,527,3010,-878,0,0
-24,-955,-236,419,3272,-527,0,0
28,-357,-244,410,3381,-477,0,0
43,284,-68,465,3423,-654,0,0
10,592,125,705,3307,-802,0,0
-71,208,203,787,2856,-935,0,0
-98,-497,176,397,2556,-802,0,0
-14,-432,198,-243,2768,-464,0,0
117,77,139,-413,3436,-282,0,0
204,162,15,-708,3524,108,0,0
182,325,10,-818,3701,233,0,0
149,402,86,-959,4389,207,0,0
141,372,54,-1014,4086,260,0,0
140,436,19,-821,3887,278,0,0
106,296,58,-1027,4244,142,0,0
51,324,-34,-867,4351,159,0,0
-44,366,-135,-678,4413,-106,0,0
-108,-98,-131,-632,4457,-234,0,0
-110,-218,-45,-750,4265,-105,0,0
-75,75,-52,-557,4600,-184,0,0
-35,296,-43,-576,4795,-152,0,0
-89,192,-71,-434,4461,-352,0,0
-92,-42,-56,-559,4460,-229,0,0
-69,100,-82,-434,4602,-275,0,0
-49,8,-138,-410,4491,-167,0,0
-65,-1,-52,-576,4441,-209,0,0
-68,53,6,-434,4299,-368,0,0
-38,-165,105,-660,4178,-226,0,0
-3,-79,56,-758,4249,-182,0,0
35,183,-11,-435,4291,-199,0,0
46,17,14,-472,4588,-133,0,0
64,-14,83,-620,4709,124,0,0
31,242,196,-720,4724,-26,0,0
0,202,138,-605,4733,8,0,0
-48,-24,97,-777,4449,46,0,0
-89,61,55,-703,4450,-194,0,0
-90,-213,-10,-623,4465,-62,0,0
-109,-460,38,-1076,4143,-11,0,0
-98,-163,-17,-749,4167,-133,0,0
-45,-441,-29,-894,4362,124,0,0
-3,-325,-16,-1102,4437,282,0,0
17,317,-26,-724,4444,194,0,0
-15,260,1,-608,4463,84,0,0
-83,-240,-126,-194,4010,-69,0,0
-172,-942,-246,75,3326,-337,0,0
-194,-1366,-183,-17,2922,-366,0,0
-157,-1090,-63,-228,2686,-415,0,0
-124,-371,-3,-322,2834,-636,0,0
-64,73,-169,26,2978,-801,0,0
14,-61,-309,162,2945,-719,0,0
45,-133,-320,175,3234,-591,0,0
64,24,-258,-34,3398,-555,0,0
66,537,-176,25,3517,-536,0,0
52,743,-178,83,3690,-580,0,0
39,602,-200,-69,3977,-529,0,0
25,548,-235,-79,4026,-513,0,0
45,507,-110,-393,3576,-358,0,0
83,718,135,-308,3145,-352,0,0
133,818,360,-195,3278,-194,0,0
113,850,397,-201,3701,-62,0,0
21,779,209,-15,3398,-121,0,0
-74,455,81,194,3373,-191,0,0
-73,-10,-37,361,4687,-79,0,0
-87,-332,-227,472,4580,-6,0,0
-189,-378,-173,340,3891,-206,0,0
-249,-266,-33,258,3835,-504,0,0
-220,-410,-84,402,3713,-636,0,0
-131,-745,-141,177,3626,-630,0,0
14,-504,-127,142,3723,-555,0,0
135,-53,-69,319,3724,-494,0,0
192,43,-27,380,3626,-530,0,0
183,-79,-65,521,3519,-484,0,0
157,-280,-124,422,3409,-463,0,0
164,-229,-165,330,3163,-502,0,0
186,-71,-121,310,3288,-400,0,0
198,-20,23,-148,3751,-219,0,0
136,182,103,-679,3066,-197,0,0
60,44,94,-944,2751,-249,0,0
96,-421,94,-1284,3256,-5,0,0
162,-312,108,-1521,3541,292,0,0
147,30,241,-1621,3586,351,0,0
39,211,336,-1654,3661,34,0,0
-43,98,220,-1456,4001,-332,0,0
-31,-442,46,-1223,4086,-334,0,0
-1,-612,100,-1351,3702,-287,0,0
30,-201,130,-970,3954,-324,0,0
122,100,89,-879,4256,53,0,0
131,615,135,-803,4354,-48,0,0
41,601,157,-552,4699,-139,0,0
-79,-8,151,-701,5117,-240,0,0
-178,-245,172,-839,4514,-403,0,0
-199,-175,293,-813,4168,-533,0,0
-132,-88,210,-773,4465,-530,0,0
-73,104,-23,-552,4578,-421,0,0
-71,-66,-204,-316,4774,-451,0,0
-44,-323,-126,-480,4881,-137,0,0
-12,-164,10,-678,4972,-53,0,0
35,305,209,-910,4901,-10,0,0
26,652,285,-972,4964,-243,0,0
1,400,181,-1084,4746,-267,0,0
-30,78,14,-1080,4685,-401,0,0
-23,59,-58,-931,4683,-445,0,0
17,136,-133,-632,4606,-537,0,0
48,-81,-283,-451,4332,-528,0,0
33,-287,-253,-499,4028,-577,0,0
73,-524,-184,-475,3988,-489,0,0
170,-435,-20,-914,4010,-181,0,0
209,81,74,-1002,3967,-225,0,0
203,85,138,-1122,3706,-116,0,0
132,-151,179,-1355,3688,60,0,0
61,-61,37,-1293,3843,285,0,0
-55,438,-37,-1052,3951,274,0,0
-238,595,-106,-354,3727,-245,0,0
-363,-147,-150,-66,2952,-141,0,0
-409,-330,-58,-85,2349,-80,0,0
-360,394,60,253,2667,-103,0,0
-370,735,61,608,3205,-402,0,0
-370,160,-127,790,3543,-583,0,0
-314,-516,-298,657,3462,-481,0,0
-205,-442,-197,605,3351,-309,0,0
-74,247,100,423,3522,-107,0,0
-6,1026,309,450,3667,-326,0,0
37,911,269,644,3551,-411,0,0
70,56,98,544,3676,-288,0,0
139,-338,17,298,3903,38,0,0
163,154,53,131,4182,231,0,0
140,754,130,43,4400,78,0,0
69,711,68,178,4465,-228,0,0
-13,-228,-180,152,3953,-374,0,0
-38,-1065,-303,15,2919,-557,0,0
29,-1087,-74,-130,2662,-565,0,0
106,-566,172,-215,3809,-306,0,0
77,-163,28,57,5005,-503,0,0
-8,-139,-186,269,4641,-761,0,0
-87,-348,-118,441,3435,-917,0,0
-54,-819,10,368,3054,-745,0,0
54,-727,6,228,3078,-537,0,0
129,-185,56,264,3125,-499,0,0
119,194,215,326,3251,-534,0,0
42,324,300,363,3148,-586,0,0
-30,124,268,238,2737,-643,0,0
-14,-10,201,-52,2445,-598,0,0
71,162,124,-102,2523,-531,0,0
155,84,51,-329,3290,-280,0,0
274,407,67,-662,3929,78,0,0
318,865,151,-437,4080,41,0,0
243,585,257,-577,4692,-71,0,0
139,337,138,-620,4261,-228,0,0
40,234,-9,-623,3720,-223,0,0
-3,32,-82,-452,4089,-460,0,0
72,-192,-127,-369,4371,-305,0,0
134,-163,-32,-524,4597,-55,0,0
175,243,128,-626,4665,-18,0,0
119,556,209,-645,4194,-158,0,0
58,438,146,-510,4303,-221,0,0
50,379,55,-413,4656,-315,0,0
14,221,-51,-342,4779,-339,0,0
-19,26,-39,-379,4763,-438,0,0
-41,-6,-13,-399,4567,-586,0,0
-47,37,1,-429,4355,-584,0,0
-19,-12,-47,-238,4266,-648,0,0
17,-125,-51,-370,4040,-501,0,0
32,11,-75,-375,3753,-512,0,0
67,159,-97,-347,3640,-456,0,0
72,263,-50,-409,4160,-376,0,0
40,126,-90,-402,4684,-320,0,0
-12,51,-83,-417,4886,-256,0,0
-73,-6,-142,-311,4921,-299,0,0
-119,-207,-197,-284,4796,-169,0,0
-224,-242,-157,-205,4626,-394,0,0
-270,-568,-107,-204,4462,-415,0,0
-201,-750,53,-634,4345,-184,0,0
-81,-130,228,-803,4649,-5,0,0
-25,311,370,-985,4939,46,0,0
-73,106,287,-1210,4941,-47,0,0
-111,-107,89,-1261,5002,-12,0,0
-118,-88,-129,-1011,4765,-189,0,0
-89,-97,-302,-211,4350,-342,0,0
-108,-507,-349,125,3522,-659,0,0
-32,-432,-208,257,2585,-796,0,0
94,-3,-14,405,2134,-957,0,0
161,-130,50,271,1870,-989,0,0
173,-412,-109,119,2181,-670,0,0
142,-637,-311,187,2818,-435,0,0
62,-645,-372,180,3209,-364,0,0
-17,-462,-278,21,3201,-422,0,0
-55,-37,-100,-2,3367,-386,0,0
-72,311,-107,-178,3505,-650,0,0
-92,373,-219,-169,3505,-747,0,0
-152,256,-261,-119,3705,-711,0,0
-163,295,-132,-221,3912,-580,0,0
-138,550,45,60,3971,-427,0,0
-147,440,186,-56,3534,-283,0,0
-139,457,238,-130,2447,-359,0,0
-11,306,174,158,3572,-61,0,0
98,379,115,-36,5161,398,0,0
11,1183,2,115,4779,122,0,0
-160,1289,-54,410,4249,-470,0,0
-253,240,-164,583,3828,-776,0,0
-232,-839,-380,453,3411,-610,0,0
-159,-919,-473,170,3338,-513,0,0
-64,-273,-510,359,3424,-576,0,0
45,-98,-534,452,3369,-606,0,0
130,-201,-514,420,3319,-527,0,0
195,-192,-461,142,3291,-436,0,0
248,13,-310,-129,3145,-340,0,0
229,67,-214,-559,2857,-279,0,0
197,-30,-116,-645,2483,-615,0,0
244,-954,85,-1150,3625,-117,0,0
330,-245,353,-2059,4104,550,0,0
247,1013,325,-1321,3339,-400,0,0
146,207,232,-1216,3368,-651,0,0
64,-740,118,-1204,3745,-442,0,0
94,-981,84,-1156,4046,-369,0,0
167,-932,245,-1195,4218,-226,0,0
173,-693,456,-1631,4284,-146,0,0
214,-127,575,-1675,4340,-303,0,0
223,-29,509,-1632,4490,-278,0,0
176,26,372,-1789,4240,-374,0,0
154,185,181,-1397,4560,-446,0,0
137,167,46,-1192,5298,-383,0,0
41,77,-21,-1181,4728,-750,0,0
-2,-181,30,-1162,4654,-677,0,0
14,-286,-139,-1127,4893,-502,0,0
14,-71,-261,-1183,4456,-452,0,0
-66,90,-169,-1029,4050,-655,0,0
-87,-38,-157,-1004,4172,-648,0,0
-61,-124,-266,-886,4200,-605,0,0
-46,-332,-260,-925,4072,-523,0,0
-4,-71,1,-1317,4437,-268,0,0
36,741,159,-1118,4225,-426,0,0
38,698,198,-1053,3993,-431,0,0
-27,242,110,-1295,4452,-235,0,0
-114,169,16,-1154,4434,-400,0,0
-179,-111,158,-1285,4113,-512,0,0
-175,-321,229,-1451,4033,-283,0,0
-170,-204,150,-1513,4010,-397,0,0
-162,-185,33,-1360,3924,-551,0,0
-102,-280,39,-1247,3818,-382,0,0
-17,-209,148,-1338,3854,-215,0,0
24,268,233,-1206,3727,-235,0,0
-29,644,304,-683,3414,-444,0,0
-116,525,211,-145,2965,-450,0,0
-184,126,37,108,2586,-319,0,0
-213,-87,26,337,2616,-248,0,0
-219,-208,117,497,3021,-145,0,0
-204,-94,192,373,3532,42,0,0
-237,375,79,439,3800,-10,0,0
-299,435,-91,756,3729,-110,0,0
-349,-20,-85,594,3544,-174,0,0
-382,-93,-18,599,3573,-239,0,0
-355,-107,30,630,3771,-206,0,0
-292,-52,48,524,3914,-270,0,0
-221,92,14,533,3955,-360,0,0
-136,85,38,382,4143,-358,0,0
-19,160,67,192,4631,-419,0,0
106,360,93,-159,4491,-345,0,0
160,268,-51,-42,3261,-804,0,0
261,-659,-118,-197,2538,-674,0,0
313,-904,-36,-431,3404,-106,0,0
305,-147,7,-227,4942,-50,0,0
238,550,-92,109,4815,-357,0,0
80,475,-191,452,3480,-777,0,0
-17,-493,-100,459,2690,-734,0,0
-11,-1080,-50,236,3009,-415,0,0
30,-628,-49,154,3480,-291,0,0
32,76,56,272,3731,-416,0,0
-30,397,168,483,3698,-645,0,0
-126,159,217,655,3286,-851,0,0
-174,-428,227,509,2944,-897,0,0
-103,-581,218,238,2876,-770,0,0
26,-100,274,-262,2886,-502,0,0
162,394,237,-412,3097,-360,0,0
266,403,155,-784,3333,145,0,0
246,325,89,-869,3749,316,0,0
205,224,110,-903,4432,604,0,0
81,301,75,-758,4045,439,0,0
-26,255,100,-675,3571,324,0,0
-51,65,89,-583,3842,235,0,0
-20,-24,-36,-601,4139,225,0,0
-7,124,6,-714,4310,226,0,0
-16,183,153,-820,4456,-108,0,0
-7,195,247,-822,4335,-331,0,0
-13,-105,145,-693,4779,-582,0,0
50,-488,21,-784,5016,-498,0,0
102,-352,-156,-618,4914,-608,0,0
190,-327,-287,-393,4724,-392,0,0
216,-188,-308,-424,4902,-220,0,0
222,101,-371,-381,4647,-173,0,0
225,57,-341,-300,4624,-77,0,0
187,40,-215,-400,4613,-55,0,0
105,249,15,-565,4212,-167,0,0
36,212,144,-571,4268,-347,0,0
-5,52,140,-689,4612,-304,0,0
-46,3,-41,-583,4676,-246,0,0
-67,114,-78,-414,4398,-269,0,0
-103,133,17,-429,4397,-334,0,0
-83,-141,5,-2528,4439,-114,0,0
-49,-152,130,-724,4688,96,0,0
-74,211,290,-782,4557,142,0,0
-148,290,454,-1077,4275,69,0,0
-196,108,330,-1127,4445,-128,0,0
-136,-106,80,-1110,4638,33,0,0
-97,-88,-12,-1253,4561,91,0,0
-118,153,-184,-699,4234,-169,0,0
-162,-293,-360,-76,3608,-392,0,0
-185,-773,-286,72,2880,-401,0,0
-138,-442,-83,180,2433,-475,0,0
-69,-50,30,231,2346,-647,0,0
-25,-53,114,307,2625,-675,0,0
-45,-260,67,362,3178,-685,0,0
-49,-489,-76,202,3386,-598,0,0
-64,-238,-162,160,3215,-565,0,0
-74,29,-227,282,3326,-702,0,0
-69,140,-261,170,3502,-718,0,0
-75,237,-358,203,3511,-804,0,0
-62,134,-324,-15,3542,-658,0,0
-51,318,-275,-96,3855,-526,0,0
-25,512,-255,-8,4283,-254,0,0
-53,626,-90,-145,4196,-172,0,0
-112,495,105,-17,3036,-360,0,0
-112,57,319,-58,1898,-323,0,0
-20,-215,434,-76,2937,-55,0,0
86,94,394,314,5593,43,0,0
110,442,164,275,6000,-97,0,0
31,605,-11,579,4782,-359,0,0
-126,209,-12,653,3294,-795,0,0
-185,-689,-20,684,2758,-978,0,0
-120,-1259,-136,609,3039,-584,0,0
-44,-957,-310,417,3254,-514,0,0
71,-361,-378,644,3369,-511,0,0
172,6,-324,708,3527,-255,0,0
207,312,-234,596,3336,-311,0,0
200,523,-72,310,2945,-429,0,0
225,515,89,91,3188,-318,0,0
225,281,38,-406,3483,-317,0,0
164,89,-86,-791,3035,-173,0,0
78,-121,-96,-982,3434,-327,0,0
164,-504,32,-1315,4300,131,0,0
159,-280,157,-1443,4003,-47,0,0
116,4,293,-1577,3607,-237,0,0
94,211,173,-1159,3800,-341,0,0
75,-94,-57,-908,4039,-428,0,0
48,-460,-53,-936,4026,-423,0,0
47,-514,54,-926,3957,-254,0,0
99,-87,191,-1002,4168,-44,0,0
98,211,165,-861,4455,-71,0,0
27,-60,182,-1021,4164,40,0,0
-58,-20,245,-1049,4392,-77,0,0
-47,248,236,-881,5024,-12,0,0
-97,175,184,-856,5155,-346,0,0
-184,-123,155,-778,4775,-620,0,0
-200,-407,184,-952,4448,-531,0,0
-123,-82,-26,-634,4021,-524,0,0
-36,92,-170,-409,3774,-398,0,0
8,92,-83,-465,3872,-325,0,0
63,194,-12,-472,4479,-288,0,0
119,107,114,-726,5076,-248,0,0
133,130,267,-1033,5064,-501,0,0
152,351,369,-1139,4767,-552,0,0
161,293,171,-974,4928,-529,0,0
153,92,-139,-751,4880,-527,0,0
81,-203,-283,-536,4531,-518,0,0
26,-459,-169,-880,4311,-364,0,0
36,-269,-174,-760,4058,-434,0,0
98,-233,-104,-1000,3961,-135,0,0
86,30,66,-1257,3984,-41,0,0
53,344,72,-1138,3901,-81,0,0
-24,234,114,-1329,3924,-20,0,0
-157,126,-17,-1186,3874,-128,0,0
-270,-43,-197,-814,3834,-76,0,0
-395,-229,-350,-359,3840,-117,0,0
-493,-202,-441,-41,3411,-266,0,0
-506,-93,-297,247,2907,-469,0,0
-422,-20,-53,329,2811,-545,0,0
-292,176,134,354,2880,-435,0,0
-218,416,181,169,2920,-414,0,0
-199,622,-42,359,3267,-445,0,0
-200,225,-307,735,3547,-442,0,0
-187,-492,-304,550,3596,-399,0,0
-123,-583,-126,491,3533,-213,0,0
-9,-79,111,433,3557,-38,0,0
54,407,284,396,3701,-137,0,0
75,480,302,391,4046,-109,0,0
60,357,233,149,4088,-116,0,0
41,364,149,113,4335,-161,0,0
51,336,63,-157,4745,-52,0,0
33,365,-121,-321,3848,-336,0,0
31,32,-191,-43,2664,-672,0,0
89,-752,-121,-212,2627,-554,0,0
205,-719,-15,-471,3583,-37,0,0
221,445,87,-182,4853,-26,0,0
92,1120,11,187,4834,-478,0,0
-73,481,-150,507,3400,-882,0,0
-162,-669,-124,384,2998,-721,0,0
-139,-1069,-113,217,3151,-529,0,0
-39,-450,-69,241,3304,-448,0,0
-2,288,107,364,3451,-584,0,0
-43,316,219,565,3289,-898,0,0
-82,-255,219,503,2955,-923,0,0
-42,-553,191,189,2625,-740,0,0
79,-217,208,-141,2611,-492,0,0
205,75,198,-277,3147,-320,0,0
297,111,151,-675,3896,250,0,0
267,337,163,-714,3867,321,0,0
184,38,263,-912,4253,279,0,0
101,-57,199,-997,4153,358,0,0
84,125,143,-1008,3893,294,0,0
85,312,136,-908,4288,170,0,0
65,223,94,-867,4549,230,0,0
1,246,200,-894,4528,54,0,0
-54,311,217,-710,4456,-115,0,0
-45,153,132,-640,4376,-186,0,0
-39,-21,9,-605,4714,-253,0,0
-23,-133,10,-644,4863,-75,0,0
-36,-119,55,-649,4825,-260,0,0
-40,-50,-6,-574,4958,-147,0,0
-63,-107,-101,-430,4824,-278,0,0
-48,-335,-105,-474,4366,-304,0,0
13,-182,-54,-538,4239,-135,0,0
64,186,-82,-446,4207,-273,0,0
91,192,-70,-397,4082,-412,0,0
121,-95,-67,-374,4289,-247,0,0
173,89,24,-502,4622,39,0,0
140,531,71,-324,4677,-102,0,0
91,265,89,-261,4637,-93,0,0
40,26,139,-394,4726,32,0,0
-30,10,94,-429,4601,-49,0,0
-74,-60,185,-552,4439,-92,0,0
-82,-83,221,-612,4464,-81,0,0
-77,-103,242,-930,4466,-37,0,0
-109,-99,169,-936,4474,-185,0,0
-102,-236,-30,-769,4307,-84,0,0
-86,-233,-131,-614,4373,-140,0,0
-72,-297,-216,-438,4510,-285,0,0
-77,-505,-201,-300,3969,-301,0,0
-82,-570,-102,-112,3254,-524,0,0
-44,-469,-106,217,2788,-584,0,0
-55,-417,-199,262,2545,-720,0,0
-48,-386,-323,364,2571,-786,0,0
14,-388,-390,442,2935,-586,0,0
76,-215,-320,365,3516,-440,0,0
112,284,-171,318,3643,-437,0,0
93,679,-28,302,3350,-550,0,0
19,620,-28,301,3303,-699,0,0
-65,265,-126,257,3403,-748,0,0
-126,-11,-229,296,3673,-766,0,0
-131,-113,-184,143,3785,-714,0,0
-75,71,-2,106,3356,-681,0,0
23,258,245,-12,3270,-514,0,0
92,536,375,74,3906,-381,0,0
78,681,343,50,3325,-359,0,0
28,650,400,-106,2586,-484,0,0
46,468,418,165,3506,-431,0,0
60,-15,177,283,4964,-270,0,0
7,-140,-144,306,4826,-188,0,0
-97,31,-245,601,4219,-381,0,0
-175,-236,-225,643,3811,-557,0,0
-189,-446,-237,582,3361,-560,0,0
-168,-396,-223,589,3191,-670,0,0
-104,-434,-238,571,3410,-657,0,0
-23,-387,-317,630,3586,-548,0,0
49,-156,-301,529,3599,-400,0,0
102,274,-237,585,3543,-427,0,0
117,405,-152,411,3336,-490,0,0
125,362,-78,30,3761,-355,0,0
93,263,-189,-291,3792,-535,0,0
24,-152,-236,-826,2398,-592,0,0
-6,-794,-134,-894,1952,-574,0,0
197,-938,3,-1575,3560,515,0,0
359,883,-61,-1235,3418,608,0,0
267,1603,13,-868,3241,91,0,0
7,593,129,-780,3695,-43,0,0
-253,-481,126,-907,4014,-241,0,0
-270,-881,125,-974,4328,-113,0,0
-174,-479,86,-975,4681,44,0,0
-154,-43,199,-1078,4484,-390,0,0
-145,-150,320,-1020,4254,-659,0,0
-54,-389,344,-1168,4542,-471,0,0
48,-240,186,-1121,4658,-450,0,0
125,65,116,-1098,4385,-513,0,0
142,135,71,-902,4770,-479,0,0
144,0,-43,-735,5140,-339,0,0
62,-415,-88,-762,4663,-492,0,0
49,-648,-24,-1053,4448,-97,0,0
101,-35,-49,-943,4591,22,0,0
125,385,-112,-858,4327,-123,0,0
64,334,-45,-897,4196,-96,0,0
-9,111,5,-973,4642,-145,0,0
-10,218,-17,-1086,4577,-197,0,0
-23,363,-126,-835,4559,-442,0,0
-36,127,-93,-828,4662,-464,0,0
-52,0,-129,-785,4576,-595,0,0
-17,-175,-162,-797,4423,-506,0,0
8,-116,-93,-921,4257,-491,0,0
31,-118,-89,-841,4063,-527,0,0
44,-364,65,-1070,4079,-348,0,0
44,-332,91,-1353,3986,-254,0,0
73,81,97,-1262,3735,-122,0,0
55,123,141,-1265,3735,-187,0,0
29,-64,119,-1291,3669,-21,0,0
-9,-34,167,-1501,3718,84,0,0
-37,363,180,-1365,3962,180,0,0
-132,720,157,-710,3996,-122,0,0
-260,534,218,159,3290,-454,0,0
-348,-233,387,490,2712,-576,0,0
-325,-741,538,269,2586,-427,0,0
-219,-455,434,323,2834,-341,0,0
-148,-132,237,547,3190,-307,0,0
-179,96,134,622,3391,-315,0,0
-233,98,75,700,3496,-354,0,0
-245,-70,-46,846,3615,-467,0,0
-223,-240,-159,765,3634,-472,0,0
-133,-191,-146,695,3607,-313,0,0
-47,218,-63,768,3703,-297,0,0
9,434,-1,711,3895,-349,0,0
49,386,-2,696,3940,-380,0,0
72,301,12,553,4176,-458,0,0
146,244,10,389,4461,-209,0,0
171,349,-24,375,4332,-174,0,0
132,360,-54,208,3356,-340,0,0
103,3,-39,258,2414,-521,0,0
136,-728,14,31,2770,-268,0,0
172,-693,-22,-114,3785,147,0,0
115,234,-145,142,4819,-60,0,0
-8,769,-243,415,4850,-569,0,0
-152,419,-242,768,3644,-944,0,0
-196,-614,-123,493,2821,-978,0,0
-115,-988,7,216,2901,-651,0,0
-30,-333,21,245,3133,-625,0,0
28,127,1,344,3219,-738,0,0
17,142,64,424,3193,-783,0,0
-29,-95,132,326,2954,-712,0,0
-16,-211,158,20,2647,-569,0,0
62,-64,133,-177,2833,-365,0,0
189,218,75,-260,3585,2,0,0
238,412,14,-435,3864,127,0,0
215,514,141,-505,4119,176,0,0
180,463,218,-754,4696,210,0,0
135,666,138,-747,4119,243,0,0
34,762,133,-429,3990,-279,0,0
-35,-10,134,-498,4220,-430,0,0
-15,-591,73,-427,4276,-167,0,0
26,-449,169,-647,4427,-130,0,0
113,-79,215,-647,4266,-25,0,0
186,408,189,-508,4299,93,0,0
146,711,166,-383,4510,-182,0,0
82,451,144,-361,4920,-218,0,0
4,133,62,-416,4989,-236,0,0
-35,89,-76,-414,4831,-273,0,0
-48,85,-129,-381,4647,-334,0,0
-30,-35,-200,-281,4131,-412,0,0
13,-38,-197,-399,3717,-430,0,0
39,159,-182,-325,3566,-471,0,0
65,353,-176,-339,3730,-584,0,0
101,366,-193,-128,4222,-677,0,0
100,3,-162,-183,4948,-496,0,0
90,-79,-132,-345,5211,-534,0,0
138,40,-109,-292,5052,-409,0,0
134,44,-14,-417,5010,-312,0,0
132,-7,110,-553,5089,-215,0,0
82,162,278,-855,4816,-105,0,0
-64,54,131,-853,4402,-403,0,0
-160,-452,-43,-880,4324,-415,0,0
-200,-657,-111,-967,4421,-218,0,0
-181,-374,-190,-781,4384,-190,0,0
-127,-48,-121,-380,4499,-251,0,0
-138,-93,-92,124,4366,-302,0,0
-216,-576,-117,199,3859,-457,0,0
-275,-600,-48,74,2938,-566,0,0
-300,-435,-56,166,2412,-820,0,0
-261,-554,-96,-69,2418,-877,0,0
-221,-521,-291,84,2827,-873,0,0
-172,-563,-435,40,2995,-678,0,0
-119,-277,-357,33,3013,-659,0,0
-52,17,-308,206,3201,-651,0,0
-14,2,-254,179,3398,-516,0,0
-50,72,-196,134,3541,-567,0,0
-74,71,-165,252,3618,-538,0,0
-90,-127,-87,196,3772,-523,0,0
-63,-163,59,46,3763,-338,0,0
-5,174,292,72,3794,-315,0,0
79,514,566,-75,3765,-318,0,0
119,858,723,-92,2676,-340,0,0
128,848,853,-101,2608,-407,0,0
183,611,783,-167,4407,-183,0,0
194,740,303,75,5333,138,0,0
30,740,-262,373,4599,-102,0,0
-147,82,-445,663,3817,-498,0,0
-280,-846,-431,643,3433,-477,0,0
-287,-1370,-388,457,3379,-243,0,0
-176,-937,-263,321,3470,-224,0,0
-22,1,-113,392,3599,-205,0,0
95,511,-72,522,3670,-170,0,0
124,642,-74,621,3608,-115,0,0
64,659,-98,656,3541,-146,0,0
7,382,-178,534,3480,-262,0,0
-13,250,-209,288,3267,-233,0,0
-13,207,-234,41,3290,-309,0,0
4,154,-246,-328,3650,-139,0,0
-60,176,-321,-424,3315,-309,0,0
-155,-186,-314,-462,2620,-483,0,0
-152,-752,-249,-495,3131,-543,0,0
35,-761,-181,-791,3504,-21,0,0
167,-516,-64,-726,3808,49,0,0
235,-421,279,-1387,4010,306,0,0
211,400,557,-1420,4077,115,0,0
169,307,507,-1448,4336,-106,0,0
106,-391,260,-1539,3989,-120,0,0
63,-553,8,-1467,3980,-7,0,0
85,-333,-112,-1096,4477,136,0,0
96,-283,-112,-1079,4483,187,0,0
73,-131,-15,-1080,4700,144,0,0
44,-93,6,-1045,4737,32,0,0
22,4,48,-1231,4487,68,0,0
-14,190,-15,-947,4583,-170,0,0
-23,-92,-51,-1070,4524,-219,0,0
-40,-134,-94,-1074,4093,-201,0,0
-26,59,-205,-1017,4014,-150,0,0
-3,173,-311,-769,4506,-239,0,0
29,-237,-368,-767,4506,-201,0,0
100,-366,-33,-1431,4745,141,0,0
152,570,221,-1452,5170,-167,0,0
196,1018,212,-1260,4780,-517,0,0
129,421,18,-1159,4574,-779,0,0
106,-223,-176,-1179,4540,-531,0,0
98,-83,-317,-866,4169,-612,0,0
127,-311,-361,-720,3905,-504,0,0
176,-478,-198,-1013,3890,-104,0,0
229,-136,-50,-1033,3999,64,0,0
202,86,271,-1449,3977,235,0,0
47,173,367,-1602,3812,-111,0,0
-35,63,168,-1633,3678,-68,0,0
-116,-316,-76,-1611,3669,-162,0,0
-151,-469,-180,-1522,3422,-160,0,0
-181,-198,-30,-1443,3612,-140,0,0
-206,85,32,-1209,3975,-268,0,0
-228,305,19,-556,3494,-487,0,0
-255,182,124,-6,2895,-512,0,0
-262,-141,308,5,3195,-465,0,0
-197,16,366,-85,3650,-251,0,0
-189,371,85,105,3387,-201,0,0
-216,430,-101,204,3227,-279,0,0
-290,545,-121,299,3446,-421,0,0
-332,123,-241,483,3515,-567,0,0
-304,-385,-267,367,3316,-579,0,0
-246,-415,-181,395,3461,-505,0,0
-108,-312,-73,332,3695,-228,0,0
13,200,50,240,3802,-220,0,0
84,606,163,188,4006,-170,0,0
122,629,174,125,4052,-212,0,0
143,376,171,-50,4115,-252,0,0
156,131,212,-210,4692,-63,0,0
125,-65,146,-410,3669,-290,0,0
93,-358,181,-547,1859,-551,0,0
98,-654,290,-517,2937,-350,0,0
146,-455,262,-616,5316,-75,0,0
95,575,-50,-182,5418,-194,0,0
-84,843,-253,325,3849,-897,0,0
-197,-363,-143,498,2904,-1268,0,0
-176,-1553,-77,333,2917,-775,0,0
-68,-1274,-63,87,3112,-534,0,0
55,-97,46,295,3372,-650,0,0
83,389,168,571,3392,-755,0,0
38,-15,272,448,2938,-913,0,0
61,-457,350,197,2764,-797,0,0
189,-382,397,-299,2828,-381,0,0
343,195,366,-563,3207,-265,0,0
429,574,298,-696,3736,107,0,0
372,483,300,-786,3955,200,0,0
269,225,298,-1083,4324,112,0,0
180,313,135,-962,4144,218,0,0
55,220,-122,-521,3980,-63,0,0
-6,-63,-165,-576,4131,-110,0,0
-4,-135,-135,-432,4176,-52,0,0
55,-141,31,-617,4353,133,0,0
37,71,221,-712,4375,99,0,0
-13,160,317,-855,4412,85,0,0
-74,319,309,-937,4420,-122,0,0
-98,343,143,-922,4129,-265,0,0
-88,312,-48,-808,4126,-286,0,0
-68,382,-237,-577,4451,-322,0,0
-54,548,-273,-339,4718,-327,0,0
-83,378,-237,-225,4805,-520,0,0
-87,-99,-163,-192,4955,-466,0,0
-54,-212,-56,-366,5094,-419,0,0
14,71,139,-433,5006,-365,0,0
43,229,255,-466,4872,-332,0,0
44,142,126,-363,4719,-289,0,0
22,-33,87,-297,4666,-133,0,0
-26,-274,124,-576,4766,-2,0,0
-40,-4,227,-788,4414,185,0,0
-76,284,269,-889,4517,53,0,0
-71,148,192,-1098,4687,231,0,0
-146,238,108,-1316,4620,153,0,0
-238,314,-128,-1016,4612,-60,0,0
-269,-85,-357,-744,4558,-142,0,0
-239,-444,-491,-401,4543,-166,0,0
-215,-745,-596,23,4112,-204,0,0
-259,-1051,-560,113,3260,-554,0,0
-228,-920,-450,355,2567,-769,0,0
-112,-738,-341,290,2291,-724,0,0
4,-371,-242,51,2437,-724,0,0
99,1,-244,260,2973,-662,0,0
134,-150,-185,226,3415,-482,0,0
123,-197,-22,100,3478,-383,0,0
113,58,108,44,3420,-265,0,0
71,373,143,-23,3549,-306,0,0
1,347,34,127,3702,-484,0,0
-57,-90,-20,1,3525,-444,0,0
-77,-256,69,-192,3178,-421,0,0
-13,68,224,-274,3242,-320,0,0
84,650,321,-175,4464,-188,0,0
119,1073,205,24,4562,-95,0,0
-6,1182,135,99,2498,-414,0,0
-108,537,291,121,1933,-698,0,0
-17,-385,291,225,3718,-230,0,0
106,-508,-58,185,5811,232,0,0
101,255,-400,190,5212,175,0,0
-12,805,-303,525,3943,-385,0,0
-116,49,-62,719,3431,-871,0,0
-102,-883,-1,443,3261,-615,0,0
-31,-748,-116,211,3466,-565,0,0
104,-180,-238,360,3615,-586,0,0
202,30,-219,543,3555,-561,0,0
237,-69,-111,490,3506,-457,0,0
244,35,-100,478,3443,-265,0,0
210,220,-154,365,2969,-197,0,0
131,300,-128,338,2736,-316,0,0
78,144,-65,18,3325,-82,0,0
-43,39,-176,-316,3294,-145,0,0
-175,-301,-302,-528,2919,-303,0,0
-237,-889,-235,-770,3726,-294,0,0
-155,-1207,-25,-1391,3968,16,0,0
6,-339,177,-1524,3719,-21,0,0
86,250,296,-1166,3587,-337,0,0
99,-169,351,-1098,3756,-343,0,0
90,-856,217,-880,3941,-108,0,0
80,-1536,197,-1151,4044,306,0,0
87,-952,309,-1529,4492,698,0,0
78,140,345,-1545,4361,537,0,0
64,887,284,-1449,4390,216,0,0
3,1104,63,-985,4631,-92,0,0
-73,518,-46,-865,4500,-128,0,0
-164,-35,-74,-827,4591,-313,0,0
-170,-180,-149,-711,4815,-138,0,0
-145,-292,-169,-680,4792,-167,0,0
-93,-230,-123,-825,4494,-79,0,0
-61,111,0,-861,4185,-55,0,0
-40,295,20,-872,4053,-2,0,0
-32,569,-23,-878,3733,45,0,0
-48,613,-102,-775,3753,36,0,0
-63,510,-58,-910,4168,262,0,0
-91,686,-103,-829,4856,191,0,0
-81,579,-142,-703,4872,427,0,0
-203,484,-26,-910,4636,119,0,0
-256,448,49,-813,5050,-52,0,0
-244,279,99,-992,5228,209,0,0
-274,332,94,-1014,4637,-417,0,0
-239,17,99,-1002,4474,-764,0,0
-152,-652,65,-1151,4272,-748,0,0
-10,-978,-82,-1059,3871,-534,0,0
173,-562,-135,-1266,4003,-200,0,0
334,-109,-93,-751,3908,-290,0,0
411,-535,41,-1070,3949,326,0,0
383,-126,171,-1291,3930,613,0,0
283,416,164,-798,3893,409,0,0
117,-166,244,-837,3810,539,0,0
-139,-432,189,-564,3037,155,0,0
-231,-519,75,-36,2425,-109,0,0
-199,-571,152,42,2771,118,0,0
-147,-14,236,224,3201,28,0,0
-110,596,211,208,3236,-88,0,0
-145,685,51,443,3155,-281,0,0
-154,99,-63,657,3369,-302,0,0
-113,-274,-34,458,3572,-178,0,0
-41,61,76,493,3509,-172,0,0
57,449,260,595,3590,-266,0,0
135,479,390,573,4000,-288,0,0
182,300,343,680,4294,-215,0,0
187,76,248,600,3985,-173,0,0
166,40,259,524,3792,-244,0,0
133,81,216,519,4299,-147,0,0
62,-33,-27,374,3972,-408,0,0
41,-215,-137,284,3115,-628,0,0
107,-551,-120,436,3089,-684,0,0
252,-1071,-143,241,3476,-509,0,0
384,-657,-148,-133,3480,-96,0,0
343,579,-29,128,4030,-185,0,0
180,964,118,309,4422,-605,0,0
-21,320,83,440,3937,-854,0,0
-134,-681,-90,422,3336,-762,0,0
-152,-1002,-212,293,2997,-654,0,0
-105,-546,-202,298,3026,-557,0,0
-32,109,-53,273,3136,-610,0,0
-29,587,105,455,3339,-729,0,0
-100,444,151,652,3423,-919,0,0
-145,-76,133,598,3207,-1013,0,0
-107,-190,118,489,3065,-818,0,0
-41,17,117,335,2878,-786,0,0
71,309,131,59,3300,-599,0,0
174,547,47,-35,3701,-354,0,0
223,480,38,-664,3718,64,0,0
177,930,114,-748,4003,111,0,0
60,675,19,-538,4048,-265,0,0
13,-142,-132,-671,3616,-11,0,0
9,-266,-174,-594,3853,134,0,0
81,172,6,-717,4347,360,0,0
85,607,156,-592,4453,212,0,0
15,762,233,-688,4576,202,0,0
-117,656,101,-506,4518,1,0,0
-213,105,-148,-289,4501,-42,0,0
-273,-173,-140,-390,4736,38,0,0
-289,-44,-108,-262,4857,-167,0,0
-203,73,-47,-264,4839,-77,0,0
-156,370,1,-240,4729,-156,0,0
-123,454,52,-236,4606,-305,0,0
-88,245,0,-147,4810,-345,0,0
-37,-158,-84,-265,4906,-154,0,0
3,-76,-21,-472,4690,-135,0,0
51,108,2,-344,4636,-199,0,0
89,28,37,-519,4454,-115,0,0
88,2,-13,-425,4586,-213,0,0
114,-117,-42,-479,4493,50,0,0
99,-82,19,-447,4283,-16,0,0
91,-120,47,-411,4316,-19,0,0
