51,-27,22,3721,323,-1323,0,0
30,-61,-28,3740,278,-1315,0,0
-16,-94,-88,3732,212,-1288,0,0
-65,-113,-136,3724,190,-1241,0,0
-43,-103,-120,3661,163,-1218,0,0
-19,-71,-56,3641,141,-1205,0,0
-35,-35,8,3635,179,-1210,0,0
-8,0,54,3659,218,-1219,0,0
13,29,74,3677,231,-1233,0,0
8,48,82,3694,252,-1251,0,0
3,58,93,3708,265,-1276,0,0
-24,61,94,3736,302,-1291,0,0
-49,55,77,3739,339,-1301,0,0
-75,45,42,3713,362,-1305,0,0
-77,41,1,3607,358,-1306,0,0
-40,45,-10,3536,365,-1305,0,0
28,51,42,3626,370,-1334,0,0
50,51,103,3688,363,-1373,0,0
-23,44,124,3704,360,-1367,0,0
-121,41,106,3678,381,-1377,0,0
-130,34,61,3615,366,-1381,0,0
-84,14,18,3530,274,-1370,0,0
-124,-26,-32,3335,149,-1327,0,0
-251,-45,-93,3339,86,-1214,0,0
-241,47,-45,3950,71,-1262,0,0
-67,173,59,3999,-60,-1354,0,0
-72,242,91,3836,-87,-1449,0,0
-82,192,109,3524,-262,-1640,0,0
-334,44,206,3265,-306,-1616,0,0
-461,-28,257,3266,-9,-1375,0,0
-270,19,275,3410,133,-1360,0,0
-40,36,240,3403,199,-1435,0,0
121,-2,132,3232,17,-1504,0,0
-118,-55,38,3075,-35,-1419,0,0
-332,-85,39,3103,122,-1375,0,0
-279,-63,154,3430,170,-1361,0,0
-309,14,251,3684,230,-1458,0,0
-435,87,247,3644,221,-1569,0,0
-647,121,135,3415,247,-1565,0,0
-755,159,-21,3401,304,-1586,0,0
-474,225,33,4478,372,-1795,0,0
-75,115,287,4328,11,-1449,0,0
-413,-54,144,3452,33,-1219,0,0
-392,-146,-102,4318,56,-1233,0,0
2,-338,-67,4712,-284,-754,0,0
-232,-467,-80,4040,-610,-693,0,0
-427,-440,-183,4055,-299,-1095,0,0
257,-504,-118,4365,-139,-790,0,0
858,-635,-44,4498,-242,-663,0,0
415,-707,7,4133,-700,-650,0,0
-328,-640,106,4031,49,-305,0,0
302,-502,199,3859,-11,21,0,0
571,-177,297,3859,-354,-401,0,0
272,72,336,3957,-320,-725,0,0
13,233,282,3911,-235,-980,0,0
-82,318,199,3900,-203,-1424,0,0
61,327,159,3872,-193,-1610,0,0
383,310,168,3898,-304,-1834,0,0
595,214,172,3864,-484,-1861,0,0
516,124,156,3983,-570,-1909,0,0
405,3,151,3996,-533,-1820,0,0
414,-98,145,4217,-393,-1773,0,0
624,-221,97,4712,-321,-1955,0,0
753,-491,-156,4937,-495,-2491,0,0
336,-954,-538,4598,-965,-2121,0,0
-506,-1238,-730,4064,-546,-1223,0,0
12,-1260,-736,4318,730,-766,0,0
1538,-1312,-720,4444,412,-683,0,0
1253,-1352,-963,4751,38,-420,0,0
-163,-1314,-1431,5250,293,-161,0,0
-1270,-1095,-1721,5067,541,-183,0,0
-1544,-2560,-1560,3801,430,-1090,0,0
-747,184,-1206,1400,-427,-2452,0,0
-316,764,-742,-349,-1015,-3554,0,0
-411,1074,77,351,-442,-3778,0,0
-42,1059,892,1629,241,-3104,0,0
299,890,1301,2279,317,-2169,0,0
-175,863,1318,2958,335,-1457,0,0
-704,943,991,2754,322,-1356,0,0
-875,1058,732,2785,344,-1391,0,0
-782,1094,756,3445,569,-1469,0,0
-451,1012,902,3740,612,-1358,0,0
-124,1031,874,4157,532,-1501,0,0
238,1009,592,4508,639,-1901,0,0
850,791,90,4300,536,-1919,0,0
1311,507,-500,3874,3,-1691,0,0
960,276,-852,3709,-435,-1526,0,0
143,135,-838,3712,-217,-1241,0,0
-370,135,-622,4141,-133,-1357,0,0
-957,39,-246,4311,-597,-1774,0,0
-1898,-116,-5,3477,171,-1052,0,0
-1869,-90,51,3383,489,-842,0,0
-1557,-63,-14,3716,834,-815,0,0
-988,-89,-17,3944,1190,-859,0,0
-371,-187,-15,3794,1031,-883,0,0
-315,-253,-134,3461,849,-869,0,0
-515,-260,-303,3162,817,-824,0,0
-604,-221,-326,3250,917,-772,0,0
-526,-177,-103,3763,1125,-863,0,0
-320,-204,180,3964,1295,-843,0,0
-134,-216,198,3786,1212,-815,0,0
-253,-141,1,3731,1114,-926,0,0
-444,-54,-138,3565,1190,-916,0,0
-472,27,-164,3281,1300,-912,0,0
-299,59,-160,3043,1326,-887,0,0
-97,35,-148,2841,1356,-830,0,0
134,-22,-112,3035,1376,-950,0,0
284,-157,-12,3293,1363,-1043,0,0
100,-297,71,3312,1316,-987,0,0
-252,-331,58,3176,1305,-947,0,0
-592,-254,73,3098,1452,-879,0,0
-443,-127,195,3010,1580,-947,0,0
49,7,367,2703,1350,-1118,0,0
154,160,452,2865,1250,-1164,0,0
160,224,451,3675,1269,-1040,0,0
365,221,171,3519,1023,-693,0,0
602,235,-176,4311,700,-478,0,0
788,193,-184,5127,109,203,0,0
814,251,-184,4614,-57,311,0,0
765,302,-276,4337,-441,230,0,0
441,269,-214,4702,-436,-17,0,0
286,138,33,4680,-223,40,0,0
315,105,142,4150,-155,-46,0,0
479,171,152,4186,-177,-274,0,0
391,165,273,4358,-74,-262,0,0
307,138,370,4209,135,-232,0,0
378,117,395,4266,119,-256,0,0
333,84,352,4230,102,-209,0,0
199,69,324,4358,99,-162,0,0
86,45,329,4487,256,-108,0,0
215,16,297,4668,267,-21,0,0
289,-25,181,4730,17,22,0,0
13,-64,-3,4558,-119,-1,0,0
-208,-113,-145,4568,-133,-17,0,0
-249,-209,-185,4470,-284,-44,0,0
-340,-313,-185,4263,-473,-80,0,0
-538,-381,-209,4202,-508,-131,0,0
-510,-429,-223,4453,-317,-307,0,0
-330,-473,-217,5206,27,-429,0,0
-393,-458,-367,5547,520,-556,0,0
-372,-390,-627,4078,532,-682,0,0
-771,-187,-815,2773,424,-656,0,0
-1309,49,-695,2273,698,-588,0,0
-1675,269,-273,2382,1263,-411,0,0
-1183,453,119,3186,1865,-657,0,0
-64,498,244,3004,1761,-802,0,0
430,592,49,2992,1534,-1037,0,0
468,543,-37,3021,1359,-1450,0,0
237,238,138,2720,1391,-1380,0,0
67,-98,280,2893,1515,-1020,0,0
37,-298,338,3158,1471,-720,0,0
76,-343,377,3287,1348,-595,0,0
173,-291,435,3363,1165,-605,0,0
132,-199,497,3321,1044,-618,0,0
182,-95,490,3476,1109,-683,0,0
465,-17,440,3683,1008,-644,0,0
589,69,324,3775,905,-689,0,0
605,120,113,3758,832,-748,0,0
507,120,-187,3803,743,-764,0,0
345,94,-442,4078,584,-780,0,0
128,35,-482,4216,491,-835,0,0
208,-73,-330,3765,252,-1001,0,0
159,-159,-224,3506,-27,-1191,0,0
-421,-247,-176,3735,261,-1368,0,0
-650,-387,-45,3743,732,-1213,0,0
-511,-503,71,3539,574,-962,0,0
-641,-448,20,3641,610,-862,0,0
-810,-278,-75,3849,775,-1020,0,0
-899,-161,-110,3731,978,-1270,0,0
-801,-157,-114,3310,944,-1311,0,0
-835,-225,-82,3130,1166,-1254,0,0
-549,-268,64,3182,994,-1073,0,0
-868,-242,119,3204,1144,-1091,0,0
-929,-207,42,3061,1436,-960,0,0
-364,-117,-15,2966,1349,-1102,0,0
-401,-24,-50,3131,1354,-1291,0,0
-374,-19,-69,3090,1452,-1263,0,0
-41,-7,-122,2791,1377,-1170,0,0
-76,74,-209,2802,1321,-1285,0,0
-302,98,-219,3123,1582,-1195,0,0
-64,64,-119,3139,1559,-1114,0,0
-186,143,-120,2751,1595,-1177,0,0
-335,266,-268,2551,1597,-1155,0,0
-422,317,-327,3411,1548,-1153,0,0
-160,122,-43,4603,1731,-809,0,0
586,-123,215,4124,1186,-305,0,0
825,-202,185,5066,1054,-69,0,0
986,-264,188,5224,482,329,0,0
457,-157,-51,3853,-102,707,0,0
-301,156,-293,3732,-62,413,0,0
-457,311,-182,4252,524,208,0,0
33,277,132,4177,562,225,0,0
274,336,147,3767,459,-265,0,0
-99,321,135,4055,682,-535,0,0
-238,169,220,4202,956,-242,0,0
-156,86,266,4190,1009,-173,0,0
-185,64,253,4299,1102,-314,0,0
-73,27,277,4450,1219,-374,0,0
247,-44,340,4716,1168,-280,0,0
581,-121,322,4925,995,-267,0,0
862,-184,220,4962,671,-235,0,0
764,-217,37,4938,381,28,0,0
498,-193,-229,4787,191,119,0,0
277,-168,-341,4738,144,323,0,0
68,-166,-376,4629,150,464,0,0
-274,-172,-383,4797,61,341,0,0
-1103,-132,-325,4748,476,451,0,0
-1798,30,-242,4108,1219,370,0,0
-1662,170,-96,2685,1672,-469,0,0
-766,234,192,1275,1620,-1156,0,0
-21,237,616,2564,646,-2338,0,0
-480,-84,806,4732,1626,-1880,0,0
-255,-173,619,4499,2448,-765,0,0
755,-3,244,3084,1202,-1068,0,0
110,112,38,3021,953,-1060,0,0
-87,122,203,2603,1467,-686,0,0
857,166,401,2142,716,-769,0,0
959,209,547,2710,563,-1011,0,0
749,146,686,3506,1105,-1007,0,0
906,-9,707,3869,1070,-912,0,0
484,-96,473,3744,846,-829,0,0
25,-53,83,3531,927,-862,0,0
123,12,-199,3402,889,-858,0,0
218,72,-378,3312,739,-771,0,0
349,146,-476,3630,774,-779,0,0
631,108,-411,4036,720,-779,0,0
734,-47,-305,3802,366,-661,0,0
292,-109,-279,3805,294,-602,0,0
-158,-108,-216,3836,464,-579,0,0
-277,-77,-144,3616,636,-545,0,0
-65,13,-151,3634,771,-666,0,0
160,79,-157,3765,900,-793,0,0
221,50,-170,3532,880,-801,0,0
22,-25,-247,3297,811,-737,0,0
-315,-85,-188,3706,1013,-744,0,0
-364,-188,51,3793,1294,-684,0,0
-162,-231,81,3485,1296,-597,0,0
-137,-134,-60,3610,1249,-767,0,0
-148,-53,-44,3595,1410,-794,0,0
86,3,38,3390,1532,-833,0,0
399,32,13,3265,1402,-939,0,0
482,39,-23,3222,1391,-994,0,0
658,-6,-16,3163,1407,-1017,0,0
881,-104,5,3049,1228,-1033,0,0
779,-189,35,2984,1065,-1066,0,0
379,-219,115,3131,1057,-1096,0,0
23,-206,193,3049,1134,-1038,0,0
-105,-146,197,2586,1117,-1004,0,0
-123,-57,103,2506,970,-912,0,0
-249,65,94,3176,861,-775,0,0
28,185,70,3478,874,-636,0,0
779,233,151,4544,531,-357,0,0
1261,270,119,5116,221,-210,0,0
1212,298,-164,4401,-319,-113,0,0
822,335,-433,4156,-548,5,0,0
524,315,-336,4691,-560,-82,0,0
361,260,-41,4718,-271,73,0,0
663,284,101,4382,-222,8,0,0
730,313,168,4595,-365,-288,0,0
312,277,291,4807,22,-205,0,0
438,237,354,4764,291,-123,0,0
673,178,332,4732,70,-157,0,0
437,102,316,4782,83,-165,0,0
176,-10,299,4871,192,-96,0,0
53,-104,171,4744,68,-28,0,0
-152,-148,15,4758,-7,-17,0,0
-337,-199,-74,4674,0,47,0,0
-297,-237,-126,4450,-137,12,0,0
-306,-291,-146,4459,-277,-21,0,0
-441,-359,-175,4566,-327,38,0,0
-545,-367,-247,4529,-448,29,0,0
-517,-294,-238,4837,-309,-136,0,0
-376,-237,-200,5369,166,-526,0,0
-232,-245,-354,4584,314,-760,0,0
-238,-124,-604,2595,-62,-741,0,0
-772,161,-586,1634,165,-913,0,0
-1037,277,2,2292,861,-1073,0,0
-759,224,657,3034,1489,-972,0,0
-113,225,807,3275,1398,-944,0,0
184,328,446,3106,943,-1122,0,0
-159,428,132,3017,1021,-1226,0,0
-167,358,85,2897,1322,-1069,0,0
117,161,155,3145,1181,-1012,0,0
-62,-59,259,3538,1066,-1060,0,0
-559,-277,369,3535,1016,-824,0,0
-1182,-364,381,3259,965,-521,0,0
-1631,-209,234,3128,1075,-350,0,0
-1350,126,48,3845,1489,-501,0,0
107,372,-107,4323,1695,-854,0,0
1853,365,-273,4039,1068,-906,0,0
2420,190,-438,3730,231,-1009,0,0
1852,-45,-473,3561,-39,-965,0,0
1144,-217,-237,3803,68,-846,0,0
637,-319,39,4191,353,-768,0,0
507,-394,61,4055,373,-621,0,0
327,-399,-165,3668,144,-639,0,0
-87,-371,-342,3519,15,-663,0,0
-454,-350,-220,3535,80,-648,0,0
-555,-339,67,3450,320,-748,0,0
-359,-334,283,3374,354,-791,0,0
-249,-293,346,3548,289,-821,0,0
-343,-189,338,4067,356,-914,0,0
-275,-57,355,4256,452,-1026,0,0
4,99,316,4068,435,-1212,0,0
274,242,225,3775,249,-1585,0,0
266,267,226,3350,5,-1671,0,0
-81,253,367,3110,52,-1604,0,0
-255,243,469,2994,275,-1595,0,0
-41,242,458,3087,410,-1717,0,0
307,201,336,3148,396,-1823,0,0
525,99,166,3042,296,-1725,0,0
502,-15,8,3168,110,-1591,0,0
198,-123,-71,3320,61,-1482,0,0
-98,-189,-87,3517,201,-1377,0,0
-199,-159,-102,3788,251,-1388,0,0
-292,-58,-261,3214,146,-1470,0,0
-366,77,-533,2573,34,-1429,0,0
-236,194,-507,3565,176,-1459,0,0
331,64,-137,4336,480,-1270,0,0
1133,-207,180,5146,585,-811,0,0
1435,-537,198,5081,6,-188,0,0
235,-694,-194,4005,-628,660,0,0
-1297,-468,-601,3805,-461,632,0,0
-1350,-178,-506,4624,310,309,0,0
-514,16,-16,4714,510,257,0,0
434,176,175,4294,136,-21,0,0
734,284,39,4355,-254,-318,0,0
294,284,-37,4528,-203,-412,0,0
-20,228,91,4543,13,-621,0,0
-45,210,260,4679,287,-818,0,0
166,141,335,4870,320,-855,0,0
403,15,309,4908,273,-774,0,0
489,-70,189,4802,246,-538,0,0
824,-81,92,4888,190,-630,0,0
1393,-184,56,5004,36,-604,0,0
1316,-371,45,5141,-144,-105,0,0
524,-522,-14,5281,207,893,0,0
129,-482,-123,5275,275,1202,0,0
-314,-204,-189,4553,-402,828,0,0
-1389,308,-70,3809,-512,-258,0,0
-1566,591,199,2680,372,-1690,0,0
95,500,340,1737,486,-2905,0,0
871,248,296,3295,-326,-3396,0,0
-177,-77,90,4030,-443,-2861,0,0
-1048,-344,-84,3079,-82,-1970,0,0
-1064,-450,-325,2526,-186,-1557,0,0
-968,-430,-398,2791,54,-1372,0,0
-793,-328,-285,2674,378,-1199,0,0
-458,-148,-174,2570,319,-1125,0,0
-472,105,-10,2748,353,-988,0,0
-559,428,263,3316,709,-855,0,0
-103,638,508,3739,930,-1058,0,0
674,652,345,3391,777,-1161,0,0
717,653,-177,3304,347,-1189,0,0
370,635,-644,4014,414,-1274,0,0
515,518,-757,4825,668,-1281,0,0
1307,242,-485,4327,-482,-1613,0,0
1224,-154,-167,3407,-1434,-1460,0,0
-211,-358,-102,3477,-463,-949,0,0
-1343,-413,-18,3671,394,-822,0,0
-1344,-431,188,3758,601,-652,0,0
-900,-342,394,3519,565,-628,0,0
-601,-151,412,3024,519,-752,0,0
-403,69,373,3117,655,-916,0,0
231,221,603,4010,957,-1155,0,0
1297,175,884,4284,983,-1271,0,0
1800,52,733,3884,393,-1306,0,0
877,12,259,3471,-213,-1394,0,0
-739,16,7,3722,190,-1448,0,0
-1291,-24,47,3871,876,-1322,0,0
-604,-53,99,3681,1080,-1259,0,0
361,-66,65,3625,748,-1394,0,0
646,-127,-49,3488,432,-1360,0,0
291,-216,-179,3369,335,-1250,0,0
-128,-275,-297,3329,399,-1226,0,0
-366,-276,-304,3348,457,-1240,0,0
-527,-227,-215,3166,606,-1195,0,0
-411,-128,-143,3059,781,-1219,0,0
-173,-24,-115,2825,705,-1267,0,0
-129,67,-181,2501,631,-1274,0,0
-182,135,-311,2691,414,-1147,0,0
-396,242,-281,3170,314,-1110,0,0
-369,333,-246,3746,421,-907,0,0
207,354,-73,5029,428,-618,0,0
939,215,-146,4875,188,-323,0,0
1195,23,-476,4406,-504,-222,0,0
404,-165,-685,4327,-932,-20,0,0
-648,-231,-500,4594,-431,270,0,0
-700,-172,-153,4575,-126,388,0,0
-235,1,168,4470,52,104,0,0
213,169,366,4588,53,202,0,0
522,359,388,4732,70,-54,0,0
898,347,363,4564,20,-475,0,0
871,308,341,4601,121,-489,0,0
458,281,304,4860,217,-319,0,0
277,178,274,5014,294,-276,0,0
168,71,194,5109,309,-74,0,0
102,1,-80,4729,196,249,0,0
34,36,-348,4744,-98,169,0,0
-58,1,-335,4839,-50,19,0,0
140,-134,-206,4637,-110,133,0,0
267,-237,-189,4666,-372,-15,0,0
45,-341,-192,4822,-337,-222,0,0
1,-445,-196,4904,1,-273,0,0
331,-488,-274,4647,-17,-279,0,0
197,-302,-336,3882,32,-578,0,0
-215,-69,-282,2481,330,-828,0,0
-446,72,-204,1755,480,-613,0,0
-884,310,139,2570,339,-621,0,0
-1603,578,598,3310,739,-1086,0,0
-1982,641,803,3005,677,-1212,0,0
-2494,622,634,3164,1021,-939,0,0
-1702,559,403,3576,1779,-1031,0,0
65,326,376,3450,1557,-1068,0,0
956,62,345,3144,827,-949,0,0
498,-55,262,3041,470,-973,0,0
-267,-79,358,3359,742,-881,0,0
-442,-201,555,3692,956,-843,0,0
-357,-354,541,3765,908,-578,0,0
-349,-324,320,3863,818,-478,0,0
-413,-182,-32,3859,967,-538,0,0
25,-111,-331,3795,892,-451,0,0
444,-69,-541,3793,798,-277,0,0
860,-58,-654,3986,664,-316,0,0
1030,-104,-631,4215,539,-460,0,0
1000,-169,-533,4227,444,-613,0,0
761,-208,-468,4069,388,-762,0,0
547,-218,-519,3917,411,-886,0,0
616,-221,-600,3823,384,-986,0,0
826,-242,-559,3699,295,-1117,0,0
864,-290,-348,3645,178,-1170,0,0
687,-331,-36,3597,150,-1200,0,0
474,-359,236,3498,142,-1238,0,0
188,-385,377,3331,160,-1250,0,0
-52,-399,371,3271,168,-1103,0,0
-217,-332,362,3747,202,-1102,0,0
-223,-231,380,3848,251,-1129,0,0
-191,-86,349,3612,233,-1119,0,0
-185,110,299,3455,262,-1258,0,0
-8,270,331,3171,360,-1395,0,0
256,334,381,2795,287,-1454,0,0
238,341,354,2597,184,-1539,0,0
41,343,377,3197,317,-1805,0,0
95,239,443,3395,315,-1932,0,0
-34,63,294,2966,155,-1741,0,0
-453,-8,-102,2852,54,-1699,0,0
-685,49,-384,3316,355,-2004,0,0
-215,127,-372,3446,509,-2245,0,0
513,192,-316,3006,316,-2446,0,0
773,165,-270,2678,7,-2459,0,0
514,48,-147,3450,97,-2378,0,0
448,-302,176,4866,11,-1627,0,0
-112,-676,260,4318,206,-150,0,0
-76,-762,123,4960,215,504,0,0
-247,-704,-76,4886,-573,686,0,0
-1501,-405,-370,3977,-725,625,0,0
-1810,-15,-366,4437,-33,180,0,0
-590,77,54,4825,586,5,0,0
910,100,371,4772,105,86,0,0
1166,227,245,4774,-521,-520,0,0
147,249,67,4788,-362,-777,0,0
-618,168,115,4947,150,-628,0,0
-291,66,157,4759,236,-701,0,0
54,-32,195,4616,66,-820,0,0
-66,-128,182,4560,10,-777,0,0
-287,-200,130,4667,43,-676,0,0
-323,-273,71,5084,170,-647,0,0
-111,-425,11,5202,41,-431,0,0
-269,-585,-229,5100,-178,337,0,0
-994,-529,-606,5062,-459,1324,0,0
-1100,-196,-886,5013,-285,1592,0,0
-834,262,-750,5629,-482,769,0,0
-1040,787,-274,4599,-522,-1145,0,0
-1590,1209,189,1880,501,-2790,0,0
-506,1094,618,1049,1980,-4296,0,0
1183,282,1330,2831,1721,-4104,0,0
675,-274,1970,4294,1261,-2732,0,0
237,-472,1874,4494,1414,-1823,0,0
494,-570,1014,3206,384,-1581,0,0
-377,-474,148,3035,-20,-1491,0,0
-1264,-353,-286,3030,428,-1187,0,0
-1156,-158,-360,2468,562,-1027,0,0
-514,98,-184,2300,642,-1001,0,0
396,317,0,2628,707,-962,0,0
1357,454,85,3260,549,-1002,0,0
1803,486,-11,3561,289,-1037,0,0
1595,472,-321,3587,-30,-1131,0,0
1072,424,-684,3593,-224,-1215,0,0
606,328,-931,3458,-248,-1070,0,0
340,249,-979,3447,-276,-925,0,0
191,181,-862,3770,-279,-846,0,0
36,86,-645,4234,-208,-694,0,0
-43,24,-387,4809,-67,-633,0,0
49,12,-177,4505,-82,-810,0,0
246,-8,-95,3740,-469,-1122,0,0
-245,-49,-82,3510,-350,-1194,0,0
-655,-133,-3,3242,377,-830,0,0
-318,-95,210,3402,696,-585,0,0
135,82,456,3433,825,-845,0,0
803,103,515,3368,891,-997,0,0
915,30,401,3699,567,-1072,0,0
319,-15,384,4097,796,-1262,0,0
47,-100,468,4142,1124,-1327,0,0
75,-168,394,3745,990,-1345,0,0
-159,-164,116,3371,875,-1420,0,0
-280,-160,-197,3163,936,-1424,0,0
9,-209,-419,3124,886,-1388,0,0
209,-269,-475,3069,642,-1375,0,0
38,-282,-390,2909,572,-1390,0,0
-194,-245,-238,2806,566,-1399,0,0
-390,-190,-105,2765,583,-1374,0,0
-416,-107,42,3489,689,-1391,0,0
-189,-70,114,3430,484,-1399,0,0
-127,-92,-170,3141,329,-1377,0,0
-168,-171,-313,4211,368,-1358,0,0
167,-359,-203,4981,419,-1115,0,0
523,-624,-141,5051,-59,-817,0,0
-264,-822,-289,4400,-648,-120,0,0
-1753,-691,-564,4419,-552,100,0,0
-1838,-443,-684,4705,-166,145,0,0
-800,-169,-377,4480,4,107,0,0
230,153,105,4477,47,-94,0,0
980,424,450,4693,54,-317,0,0
1450,570,585,5053,142,-554,0,0
1661,564,586,5001,1,-618,0,0
1370,507,440,4812,-193,-739,0,0
755,410,258,4937,-199,-826,0,0
241,238,112,4834,-183,-770,0,0
-141,64,53,4743,-225,-745,0,0
-427,-91,44,4606,-143,-723,0,0
-429,-193,30,4720,53,-677,0,0
-120,-237,24,5219,224,-775,0,0
225,-275,-15,5137,113,-766,0,0
134,-220,-193,3914,-166,-879,0,0
-406,-33,-374,2133,-254,-858,0,0
-938,281,-158,2138,206,-982,0,0
-785,526,472,2697,859,-1098,0,0
-25,721,1053,3108,1223,-1409,0,0
758,793,1114,3311,989,-1828,0,0
891,701,670,3352,608,-1732,0,0
619,562,217,3376,464,-1662,0,0
331,324,-52,3254,375,-1617,0,0
-93,67,-75,3466,274,-1468,0,0
-668,-107,26,3567,213,-1319,0,0
-1273,-182,114,3445,321,-1186,0,0
-1591,-174,176,3339,529,-1125,0,0
-1361,-137,213,3319,783,-1037,0,0
-515,-101,191,3498,834,-989,0,0
350,-84,85,3867,593,-1035,0,0
661,-120,-25,4163,308,-1043,0,0
322,-160,-105,4158,77,-957,0,0
-344,-162,-268,3466,48,-885,0,0
-611,-111,-478,3317,220,-897,0,0
-135,-121,-508,3889,324,-881,0,0
505,-219,-371,4291,81,-784,0,0
474,-282,-315,3831,-299,-848,0,0
-228,-221,-359,3445,-305,-964,0,0
-678,-106,-370,3417,43,-972,0,0
-200,-25,-239,3680,312,-960,0,0
672,-1,-15,3936,217,-1025,0,0
1025,-9,118,3702,-11,-1131,0,0
711,11,158,3738,-86,-1224,0,0
167,51,168,3797,15,-1285,0,0
-119,95,187,3729,213,-1376,0,0
-17,109,192,3453,290,-1525,0,0
172,73,182,3389,283,-1570,0,0
321,18,166,3467,272,-1563,0,0
390,-39,86,3366,165,-1573,0,0
193,-77,-56,3195,29,-1591,0,0
-103,-101,-206,2989,118,-1541,0,0
-117,-103,-306,2805,208,-1476,0,0
19,-80,-334,2781,115,-1693,0,0
-289,-87,-290,2775,-53,-2028,0,0
-697,-133,-250,2722,444,-2013,0,0
-47,-198,-224,2969,669,-1730,0,0
572,-222,-22,4747,355,-1513,0,0
217,-375,276,4978,171,-978,0,0
-529,-475,177,4085,396,-393,0,0
-743,-390,-76,4365,139,-431,0,0
-806,-351,-176,4411,162,-170,0,0
-965,-222,-88,4210,222,-35,0,0
-629,-64,46,4229,448,-325,0,0
158,-23,233,4662,458,-405,0,0
760,-22,265,4866,109,-438,0,0
496,23,128,4630,-239,-658,0,0
-225,75,43,4732,-25,-752,0,0
-181,62,127,5032,269,-729,0,0
383,-20,198,4664,59,-737,0,0
368,-58,160,4570,-197,-758,0,0
-100,-66,118,4699,-33,-718,0,0
-145,-74,121,4721,299,-649,0,0
323,-92,86,4862,386,-2512,0,0
400,-92,-49,5145,265,-241,0,0
-130,-58,-271,5378,242,-302,0,0
-745,-22,-436,5400,13,-544,0,0
-1709,112,-435,3642,-178,-945,0,0
-1888,361,-300,1416,315,-2225,0,0
-1048,389,20,1840,957,-2403,0,0
-298,224,392,3588,1329,-2047,0,0
337,64,518,3397,1212,-1663,0,0
825,30,190,2632,436,-1445,0,0
424,58,-275,2726,152,-1413,0,0
-417,-2,-278,2956,461,-1183,0,0
-619,-112,-25,2535,666,-1034,0,0
-540,-168,148,2355,519,-968,0,0
-829,-106,220,3043,688,-942,0,0
-920,74,229,3971,1015,-1040,0,0
-417,301,112,3948,1153,-1197,0,0
439,515,-140,3439,1015,-1246,0,0
1331,649,-276,3507,840,-1313,0,0
1998,602,-130,3712,728,-1438,0,0
2593,409,143,3821,419,-1491,0,0
2496,155,302,3895,-51,-1507,0,0
1401,-47,189,3851,37,-1274,0,0
521,-134,47,3844,82,-1214,0,0
-9,-190,-57,3595,25,-1131,0,0
-525,-168,-162,3433,119,-997,0,0
-721,-69,-184,3474,319,-1044,0,0
-533,23,-70,3580,461,-1105,0,0
-149,68,30,3612,423,-1158,0,0
-39,74,28,3691,281,-1347,0,0
-279,17,-47,3746,310,-1374,0,0
-435,-55,-130,3665,397,-1255,0,0
-363,-80,-156,3608,447,-1139,0,0
-359,-62,-119,3559,438,-1067,0,0
-586,-20,-73,3475,568,-956,0,0
-663,37,-16,3582,781,-869,0,0
-512,92,100,3632,913,-943,0,0
-311,110,123,3471,995,-978,0,0
-164,118,64,3666,1070,-1067,0,0
-9,95,126,3951,1259,-1280,0,0
329,-23,207,3639,1262,-1274,0,0
504,-104,83,3245,991,-1155,0,0
366,-110,-74,3253,906,-1267,0,0
342,-186,-82,3342,945,-1201,0,0
426,-281,21,3385,770,-1044,0,0
172,-312,184,3331,648,-1100,0,0
-373,-270,309,3123,675,-1051,0,0
-837,-145,280,2752,793,-1053,0,0
-927,4,156,2853,892,-995,0,0
-603,155,93,3297,908,-1101,0,0
62,237,28,3643,912,-1132,0,0
916,174,40,4370,662,-1037,0,0
1393,-4,-8,4610,43,-742,0,0
917,-112,-268,4117,-475,-644,0,0
-15,-150,-489,4143,-593,-409,0,0
-592,-163,-513,4205,-482,-129,0,0
-470,-97,-331,4399,-304,-186,0,0
-39,-21,-54,4427,-219,-242,0,0
296,96,120,4532,-123,-266,0,0
644,210,177,4591,-68,-372,0,0
773,258,187,4548,-108,-429,0,0
597,251,232,4597,-163,-491,0,0
203,200,310,4752,-38,-500,0,0
-35,148,333,4803,105,-481,0,0
-53,129,253,4625,60,-485,0,0
-47,114,130,4432,18,-509,0,0
-76,62,46,4320,-53,-492,0,0
-160,-34,46,4346,-52,-429,0,0
-210,-140,49,4464,-1,-358,0,0
-196,-235,-7,4482,-66,-296,0,0
-242,-278,-172,4457,-158,-281,0,0
-330,-244,-284,4709,-130,-396,0,0
-167,-204,-247,4762,161,-661,0,0
233,-158,-229,4090,234,-893,0,0
340,-37,-379,3034,67,-1012,0,0
-67,179,-484,2204,90,-1023,0,0
-423,432,-246,2628,597,-1269,0,0
-98,520,260,3165,962,-1305,0,0
416,535,624,3523,927,-1334,0,0
557,498,616,3585,670,-1388,0,0
321,434,408,3368,580,-1416,0,0
130,329,241,3285,589,-1433,0,0
22,177,205,3202,524,-1237,0,0
-151,47,284,3218,516,-1198,0,0
-310,-71,401,3328,537,-1088,0,0
-440,-148,532,3583,617,-930,0,0
-445,-195,587,3711,681,-868,0,0
-399,-219,458,3624,648,-793,0,0
-450,-196,168,3639,609,-791,0,0
-410,-186,-105,3999,601,-867,0,0
-198,-228,-244,4145,450,-907,0,0
-82,-250,-311,4018,249,-954,0,0
-166,-225,-359,3664,51,-1097,0,0
-207,-194,-405,3429,50,-1206,0,0
90,-227,-397,3508,-3,-1136,0,0
387,-283,-337,3823,-192,-1055,0,0
360,-311,-250,4093,-378,-1095,0,0
39,-292,-213,3903,-386,-1143,0,0
-248,-204,-227,3687,-165,-1145,0,0
-132,-88,-190,3561,59,-1202,0,0
200,-3,-33,3360,120,-1285,0,0
429,52,182,3438,183,-1352,0,0
499,105,313,3561,199,-1497,0,0
460,133,286,3448,142,-1673,0,0
350,111,107,3227,94,-1697,0,0
190,71,-39,3096,41,-1684,0,0
99,35,-80,2999,117,-1606,0,0
131,31,-63,2966,80,-1629,0,0
114,52,-19,3043,212,-1706,0,0
214,77,8,2938,256,-1698,0,0
252,94,-48,2856,235,-1818,0,0
222,61,-127,3091,181,-1941,0,0
290,1,-27,4768,311,-2117,0,0
493,-245,261,5846,94,-1591,0,0
-63,-540,199,4828,-88,-896,0,0
-838,-661,-176,4197,-345,-635,0,0
-1655,-699,-347,4138,-332,-57,0,0
-2080,-560,-277,3803,92,347,0,0
-1187,-310,-131,3599,332,71,0,0
193,-94,87,4035,137,-68,0,0
826,82,208,4097,-228,-58,0,0
630,237,85,3633,-358,-357,0,0
178,366,53,3797,-165,-700,0,0
122,398,226,4051,241,-824,0,0
594,375,410,4221,223,-913,0,0
834,346,507,4511,20,-1112,0,0
600,271,526,4724,-72,-1272,0,0
212,125,393,4869,-62,-1241,0,0
4,-61,115,4963,-58,-1103,0,0
-100,-254,-176,5035,-149,-862,0,0
-345,-370,-351,5167,-207,-675,0,0
-548,-412,-403,5035,-132,-327,0,0
-449,-351,-457,4777,37,83,0,0
-101,-204,-460,5180,54,352,0,0
40,-44,-357,5024,12,253,0,0
13,145,-234,3944,-194,-498,0,0
-206,317,-160,2260,-143,-2024,0,0
-395,406,4,1219,310,-2735,0,0
201,294,405,2615,777,-2715,0,0
677,86,673,4250,454,-2508,0,0
369,-62,446,4009,49,-2314,0,0
80,-221,-117,2984,-549,-1981,0,0
-698,-254,-402,2705,-602,-1517,0,0
-1464,-155,-239,2630,225,-1070,0,0
-812,2,64,2721,680,-863,0,0
592,171,390,2992,532,-1016,0,0
1339,333,595,3349,417,-1139,0,0
1479,440,489,3634,172,-1234,0,0
1066,485,155,3748,-32,-1373,0,0
454,458,-209,3668,-10,-1410,0,0
156,394,-485,3545,20,-1393,0,0
222,316,-574,3607,-48,-1488,0,0
368,179,-457,3861,-161,-1460,0,0
292,2,-261,4269,-345,-1335,0,0
-121,-181,-159,3966,-509,-1250,0,0
-729,-292,-188,3382,-527,-1138,0,0
-1257,-290,-181,3042,-336,-1043,0,0
-1382,-212,0,3129,154,-995,0,0
-891,-100,352,3763,577,-1110,0,0
-267,-51,638,3842,802,-1315,0,0
-1,-77,581,3481,843,-1227,0,0
-57,-41,386,3870,864,-1279,0,0
-65,-40,312,4134,1241,-1402,0,0
180,-94,176,3687,1153,-1308,0,0
128,-88,-152,3222,835,-1357,0,0
-89,-86,-446,3023,936,-1339,0,0
121,-118,-534,3106,980,-1305,0,0
480,-192,-462,3085,715,-1281,0,0
346,-230,-317,3130,463,-1270,0,0
-143,-189,-159,3195,465,-1344,0,0
-533,-106,-108,2918,522,-1287,0,0
-602,61,-101,3298,683,-1343,0,0
-180,207,-14,3499,748,-1470,0,0
594,225,-85,3625,777,-1574,0,0
1593,63,-144,4673,548,-1690,0,0
2108,-258,-215,4840,12,-1486,0,0
1540,-583,-427,4542,-655,-1404,0,0
-90,-845,-615,4202,-767,-1116,0,0
-1666,-921,-636,4303,-303,-760,0,0
-2075,-885,-589,4155,89,-446,0,0
-1634,-753,-483,3818,250,-218,0,0
-874,-512,-325,3660,282,-236,0,0
-158,-196,-118,3551,248,-404,0,0
276,142,159,3631,272,-585,0,0
568,415,488,4041,411,-789,0,0
864,554,783,4464,461,-978,0,0
1005,596,959,4817,389,-1113,0,0
884,588,902,4987,262,-1310,0,0
557,501,659,4997,120,-1470,0,0
138,339,336,4813,20,-1461,0,0
-231,178,56,4626,-16,-1417,0,0
-408,40,-50,4530,-78,-1399,0,0
-482,-70,17,4435,-14,-1377,0,0
-370,-165,114,4316,1,-1287,0,0
-239,-243,128,4074,-123,-1219,0,0
-349,-287,66,4015,-144,-1073,0,0
-482,-223,43,4275,45,-959,0,0
-367,-39,51,4211,333,-1050,0,0
-100,184,-79,3113,367,-1122,0,0
121,411,-343,2243,299,-1216,0,0
213,540,-233,2547,416,-1458,0,0
27,620,287,2696,709,-1399,0,0
-2,734,714,3166,902,-1555,0,0
194,699,730,3492,774,-1701,0,0
267,579,472,3388,734,-1676,0,0
560,415,110,3394,701,-1663,0,0
808,157,-116,3632,317,-1515,0,0
314,-98,-92,3695,97,-1312,0,0
-518,-261,-12,3432,186,-1149,0,0
-1088,-314,-22,3284,333,-910,0,0
-1296,-238,-22,3369,554,-852,0,0
-892,-151,12,3392,764,-827,0,0
-110,-77,33,3535,629,-760,0,0
291,25,42,3969,490,-798,0,0
400,121,58,4362,518,-901,0,0
570,165,-64,3793,421,-999,0,0
552,195,-397,3277,294,-1085,0,0
554,194,-643,3620,382,-1159,0,0
916,98,-588,4136,365,-1109,0,0
1003,-76,-368,4126,27,-1086,0,0
352,-240,-276,3676,-161,-1071,0,0
-603,-296,-313,3522,4,-1062,0,0
-949,-277,-272,3621,290,-988,0,0
-508,-245,-86,3586,414,-921,0,0
134,-215,118,3477,271,-995,0,0
377,-205,249,3339,111,-1075,0,0
194,-204,274,3505,63,-1035,0,0
-203,-127,261,4057,118,-1118,0,0
-382,11,264,4197,312,-1349,0,0
-179,71,231,3414,322,-1468,0,0
-43,45,115,2859,241,-1351,0,0
-62,60,94,3055,292,-1333,0,0
12,118,192,3327,374,-1443,0,0
74,181,251,3163,393,-1576,0,0
86,221,111,2919,452,-1691,0,0
229,179,-123,2897,446,-1794,0,0
384,76,-242,3097,371,-1942,0,0
332,-53,-224,3314,281,-2055,0,0
71,-192,-224,3195,253,-2057,0,0
-89,-286,-208,4310,445,-2087,0,0
72,-521,20,5159,308,-1803,0,0
-169,-805,-8,4349,261,-1062,0,0
-545,-861,-215,4618,137,-873,0,0
-935,-927,-357,4369,186,-290,0,0
-1441,-750,-416,3979,225,214,0,0
-1380,-373,-450,3582,448,-107,0,0
-637,-72,-234,3726,662,-230,0,0
322,132,18,3728,566,-153,0,0
778,295,71,3807,338,-363,0,0
504,418,80,4072,296,-696,0,0
84,462,195,4275,490,-850,0,0
69,463,345,4461,635,-886,0,0
360,457,418,4688,650,-1105,0,0
677,384,395,4873,584,-1306,0,0
791,245,319,4991,491,-1203,0,0
702,106,149,5006,406,-1118,0,0
540,-49,-41,5179,305,-900,0,0
297,-218,-167,5185,236,-441,0,0
-4,-300,-303,4854,74,-93,0,0
-625,-249,-396,4562,-41,-154,0,0
-1271,-105,-382,4385,341,-192,0,0
-1044,112,-195,4116,712,-436,0,0
-437,294,62,3075,594,-1306,0,0
-512,378,177,1834,568,-2039,0,0
-313,394,211,2157,1226,-2748,0,0
605,136,361,3667,1322,-2734,0,0
984,-128,355,4150,686,-2244,0,0
458,-316,69,3250,163,-1914,0,0
-439,-317,-237,2952,116,-1702,0,0
-1003,-223,-279,2929,497,-1430,0,0
-719,-119,-111,2621,687,-1063,0,0
82,42,127,2741,707,-1038,0,0
833,213,337,3201,691,-1085,0,0
1509,332,386,3406,498,-1146,0,0
1649,385,247,3486,153,-1217,0,0
1076,393,10,3478,34,-1260,0,0
518,377,-254,3430,177,-1232,0,0
366,360,-395,3696,206,-1251,0,0
364,316,-322,3976,179,-1306,0,0
235,243,-95,4308,167,-1234,0,0
-62,99,97,3707,95,-1179,0,0
-485,-71,-45,2762,106,-943,0,0
-813,-99,-228,3010,169,-880,0,0
-899,-54,-108,3344,338,-932,0,0
-712,3,238,3635,528,-987,0,0
-518,53,647,4021,553,-1148,0,0
-542,45,833,4122,802,-1244,0,0
-395,10,666,4099,843,-1267,0,0
-301,7,322,4000,717,-1381,0,0
-403,2,71,3729,839,-1423,0,0
-269,-1,-72,3383,989,-1355,0,0
273,-1,-165,3339,962,-1370,0,0
706,-58,-167,3342,773,-1428,0,0
702,-186,-118,3408,649,-1440,0,0
448,-368,-98,3395,501,-1428,0,0
-113,-527,-80,3345,398,-1368,0,0
-765,-612,-40,3226,460,-1263,0,0
-1154,-603,-2,2984,500,-1094,0,0
-1387,-474,22,2609,559,-967,0,0
-1484,-268,33,2274,668,-1075,0,0
-1458,-92,42,2655,805,-916,0,0
-1205,68,153,3935,1039,-835,0,0
-478,142,136,4222,1144,-956,0,0
265,176,17,4519,1024,-1022,0,0
962,195,-366,4728,782,-966,0,0
1551,169,-907,4711,116,-956,0,0
1376,60,-1115,4519,-447,-813,0,0
609,-29,-885,4424,-268,-729,0,0
291,-54,-547,4300,-114,-690,0,0
359,-42,-233,4158,-100,-637,0,0
411,15,26,4342,32,-614,0,0
522,103,220,4384,32,-671,0,0
406,219,411,4597,142,-866,0,0
270,276,594,4575,357,-939,0,0
446,258,608,4304,370,-892,0,0
549,239,479,4231,233,-905,0,0
310,159,393,4235,234,-902,0,0
-9,5,340,4249,193,-735,0,0
-329,-130,266,4413,122,-593,0,0
-590,-227,157,4755,114,-541,0,0
-682,-286,-55,4691,0,-435,0,0
-619,-228,-251,4774,29,-717,0,0
-202,-162,-258,4996,184,-885,0,0
326,-94,-155,5051,304,-1154,0,0
566,-107,-274,3342,-27,-979,0,0
-373,80,-617,1780,-32,-824,0,0
-1042,269,-418,2370,662,-1101,0,0
-939,284,310,3074,1198,-846,0,0
-782,481,801,3632,1403,-1112,0,0
-532,610,704,3527,1075,-1497,0,0
-544,638,406,2725,1087,-1539,0,0
-145,617,124,2670,1489,-1553,0,0
964,411,37,3476,1328,-1544,0,0
1621,81,173,3647,810,-1273,0,0
1312,-148,280,3439,297,-1192,0,0
300,-202,287,3431,200,-1257,0,0
-503,-187,326,3617,663,-1239,0,0
-203,-186,327,3737,864,-1056,0,0
548,-159,225,3693,563,-1051,0,0
789,-144,151,3726,339,-1142,0,0
673,-120,172,3996,338,-1265,0,0
654,-141,115,3558,265,-1330,0,0
563,-193,-100,3298,83,-1288,0,0
377,-273,-278,3363,-55,-1206,0,0
307,-381,-288,3367,-203,-1010,0,0
32,-402,-243,3714,-435,-918,0,0
-554,-296,-205,4115,-361,-1004,0,0
-861,-130,-212,3864,-63,-1108,0,0
-493,45,-259,3472,108,-1182,0,0
179,187,-241,3243,39,-1259,0,0
448,251,-72,3195,-109,-1317,0,0
212,286,128,3332,-62,-1410,0,0
-179,313,221,3294,127,-1574,0,0
-293,312,203,3374,376,-1734,0,0
-38,239,123,3210,333,-1765,0,0
76,127,54,3083,222,-1867,0,0
4,-60,52,3157,176,-1878,0,0
-248,-243,-13,2886,99,-1637,0,0
-657,-297,-164,2937,180,-1521,0,0
-901,-205,-247,3238,421,-1542,0,0
-574,-66,-186,3516,682,-1695,0,0
170,11,-126,3930,557,-1705,0,0
591,-62,-47,4702,271,-1418,0,0
235,-221,-58,4548,231,-707,0,0
-143,-307,-90,4751,511,-530,0,0
-4,-446,-103,4307,345,80,0,0
-567,-372,-207,3887,97,417,0,0
-1154,-103,-307,3978,213,-73,0,0
-987,59,-82,4276,717,-257,0,0
-55,94,159,4180,809,-65,0,0
1005,151,65,3939,301,-336,0,0
1027,194,-89,4092,-181,-688,0,0
46,197,19,4406,-25,-648,0,0
-425,225,234,4563,451,-602,0,0
75,281,376,4863,617,-843,0,0
798,238,358,5043,557,-1091,0,0
1234,49,180,5001,226,-1022,0,0
1011,-158,-36,4891,-111,-864,0,0
289,-342,-143,4901,-132,-831,0,0
-323,-542,-122,4928,54,-570,0,0
-678,-664,-107,5085,273,73,0,0
-723,-626,-201,5179,402,472,0,0
-496,-452,-365,4900,314,355,0,0
-311,-110,-350,4283,272,-241,0,0
176,140,-6,3050,430,-1669,0,0
811,150,276,1239,277,-2163,0,0
940,211,273,2159,305,-2728,0,0
674,73,382,4101,98,-2772,0,0
339,-54,347,3619,330,-2511,0,0
732,-141,12,2848,52,-1861,0,0
734,-98,-346,2584,-387,-1540,0,0
34,-9,-316,2181,-114,-1264,0,0
-224,138,-97,2287,299,-1058,0,0
185,298,99,2673,290,-1268,0,0
409,418,256,3029,307,-1384,0,0
449,502,241,3516,259,-1434,0,0
371,528,38,3749,149,-1540,0,0
231,503,-231,3671,127,-1574,0,0
210,460,-451,3740,113,-1639,0,0
308,383,-567,3687,-17,-1682,0,0
506,280,-473,3649,-546,-1599,0,0
752,185,-87,3912,-886,-1509,0,0
173,127,230,4234,-414,-1510,0,0
-1123,27,220,3677,-92,-987,0,0
-1885,2,100,3148,124,-620,0,0
-2132,115,134,3258,383,-458,0,0
-1831,267,389,3848,782,-420,0,0
-779,358,685,4225,973,-585,0,0
473,370,715,4079,754,-709,0,0
1041,336,349,3939,312,-773,0,0
771,250,-77,4017,-33,-929,0,0
20,120,-244,3892,67,-1085,0,0
-300,-15,-211,3618,294,-1125,0,0
-102,-125,-128,3542,289,-1194,0,0
105,-223,-19,3679,268,-1260,0,0
146,-310,56,3663,238,-1183,0,0
15,-330,19,3611,294,-1196,0,0
-2,-306,-9,3761,418,-1222,0,0
158,-265,59,3879,476,-1187,0,0
298,-230,78,3665,421,-1242,0,0
209,-231,-15,3400,374,-1253,0,0
81,-265,-98,3218,454,-1161,0,0
97,-304,-87,3178,430,-1159,0,0
-43,-347,-27,3055,348,-1118,0,0
-460,-310,59,3001,541,-1011,0,0
-578,-193,140,3097,725,-1026,0,0
-530,-76,148,3007,515,-1010,0,0
-816,66,27,3129,367,-883,0,0
-948,269,-99,3308,452,-916,0,0
-372,397,-250,3527,563,-1029,0,0
638,328,-220,4467,299,-928,0,0
1040,130,-231,4643,-80,-736,0,0
803,-59,-428,4406,-448,-603,0,0
172,-192,-567,4511,-486,-338,0,0
-123,-261,-480,4776,-286,-18,0,0
-13,-259,-297,4591,-500,7,0,0
-205,-180,-74,4612,-355,-86,0,0
-174,-98,143,4830,-180,-76,0,0
49,-13,236,4760,-193,-178,0,0
154,81,294,4816,-123,-353,0,0
238,118,401,4947,-51,-375,0,0
248,104,475,4908,27,-421,0,0
220,55,423,4766,1,-442,0,0
49,-22,276,4684,-45,-472,0,0
-183,-125,135,4694,-24,-548,0,0
-231,-238,39,4617,105,-718,0,0
280,-325,-105,4672,296,-1099,0,0
1218,-495,-188,5119,-197,-964,0,0
871,-611,-144,5147,-493,-539,0,0
-96,-503,-100,4903,-19,-669,0,0
-225,-300,-197,3171,11,-695,0,0
-167,29,-471,1707,-242,-872,0,0
-304,297,-413,2219,-253,-1259,0,0
-645,514,59,2543,473,-1488,0,0
-240,660,531,2707,824,-1630,0,0
261,645,650,3048,525,-1724,0,0
-73,559,549,3183,601,-1928,0,0
-262,363,344,2998,820,-1868,0,0
-137,154,99,3081,538,-1577,0,0
-361,25,-101,3288,348,-1383,0,0
-650,-12,-176,3431,476,-1329,0,0
-530,-4,-100,3636,550,-1185,0,0
-219,30,5,3742,505,-1128,0,0
40,78,39,3743,449,-1140,0,0
187,120,-17,3637,384,-1143,0,0
231,142,-102,3577,364,-1163,0,0
285,139,-122,3538,356,-1160,0,0
382,117,-56,3581,373,-1176,0,0
489,73,37,3738,326,-1212,0,0
450,6,124,3945,248,-1285,0,0
137,-95,156,4008,238,-1293,0,0
-261,-203,97,3905,237,-1227,0,0
-545,-302,-26,3750,293,-1150,0,0
-614,-366,-133,3681,321,-1063,0,0
-544,-375,-138,3812,262,-990,0,0
-492,-336,-7,4086,215,-1019,0,0
-461,-302,176,3889,172,-1049,0,0
-499,-288,219,3233,85,-988,0,0
-553,-242,59,3075,80,-869,0,0
-415,-120,-91,3660,45,-922,0,0
-175,41,-91,4038,46,-1098,0,0
53,199,6,3664,18,-1366,0,0
128,276,70,3053,17,-1618,0,0
-75,248,78,2679,75,-1592,0,0
-285,244,67,2623,298,-1558,0,0
-199,248,81,2760,409,-1706,0,0
-103,210,92,2938,460,-1799,0,0
-71,160,31,3110,473,-1855,0,0
-68,107,-85,3168,439,-1951,0,0
-77,18,-156,3215,470,-2106,0,0
-10,-165,-172,3239,300,-1976,0,0
-129,-330,-113,4295,156,-1859,0,0
-414,-536,76,4836,-66,-1366,0,0
-981,-646,46,3989,29,-853,0,0
-1098,-573,-48,4653,289,-916,0,0
-591,-647,136,5074,367,-412,0,0
-308,-687,195,3981,181,159,0,0
-288,-540,-19,4253,-34,-184,0,0
-371,-460,-90,5030,31,-123,0,0
-430,-339,-118,4654,25,69,0,0
-317,-72,-230,4428,-160,-150,0,0
-113,202,-141,4644,27,-417,0,0
556,356,124,4864,318,-600,0,0
1460,393,308,4935,209,-853,0,0
1841,332,307,5069,-27,-1166,0,0
1479,150,175,4959,-335,-1156,0,0
631,-46,-91,4684,-266,-1140,0,0
161,-218,-297,4698,-51,-1062,0,0
36,-304,-333,4606,25,-782,0,0
-99,-271,-270,4267,61,-589,0,0
-232,-103,-181,4313,213,-579,0,0
-334,127,-35,4254,459,-1081,0,0
-172,210,28,2783,410,-1657,0,0
-163,267,-50,1428,262,-1691,0,0
-131,496,90,2631,619,-2103,0,0
511,562,445,3945,784,-2490,0,0
1265,442,556,3697,548,-2536,0,0
1440,225,236,3213,-216,-2108,0,0
587,74,-317,2711,-624,-1721,0,0
-436,81,-544,2731,-527,-1503,0,0
-1105,149,-355,3032,-122,-1292,0,0
-1165,244,-49,2944,248,-1163,0,0
-351,372,251,3255,507,-1228,0,0
788,471,435,3805,404,-1298,0,0
1429,471,359,3685,114,-1429,0,0
1284,358,64,3076,-361,-1371,0,0
460,259,-245,3276,-512,-1250,0,0
-291,152,-264,3673,-378,-1186,0,0
-677,10,-71,3741,-163,-858,0,0
-702,-23,227,4646,128,-791,0,0
-471,-100,436,4507,157,-806,0,0
-551,-156,335,3463,39,-631,0,0
-660,-81,8,3271,-22,-684,0,0
-606,7,-94,3499,88,-750,0,0
-290,89,94,3500,368,-832,0,0
205,152,270,3472,459,-1113,0,0
583,163,368,4004,537,-1408,0,0
756,32,313,3963,416,-1362,0,0
400,-94,74,3778,240,-1225,0,0
-108,-119,-146,4065,334,-1333,0,0
-276,-147,-198,3912,567,-1273,0,0
-52,-128,-241,3484,562,-1243,0,0
183,-75,-351,3267,471,-1386,0,0
334,-94,-405,3136,521,-1376,0,0
509,-176,-392,3069,412,-1303,0,0
406,-263,-338,3058,283,-1337,0,0
22,-332,-212,3089,314,-1355,0,0
-361,-358,-68,2956,397,-1245,0,0
-674,-311,-24,2633,449,-1167,0,0
-804,-192,-81,2901,543,-1149,0,0
-661,-50,-103,3264,406,-1216,0,0
-360,5,-216,3401,442,-1355,0,0
235,-69,-128,4323,236,-1275,0,0
434,-230,-44,4694,1,-909,0,0
268,-352,-150,4890,-336,-809,0,0
-307,-411,-306,4820,-421,-421,0,0
-701,-296,-403,4631,-190,-209,0,0
-84,-112,-306,4726,-129,-298,0,0
587,36,33,4942,-135,-298,0,0
709,163,320,5256,-98,-320,0,0
761,218,341,5226,-99,-497,0,0
716,192,265,5246,-186,-616,0,0
376,86,213,5251,-249,-528,0,0
9,-12,156,5000,-205,-563,0,0
-198,-91,155,4989,-179,-632,0,0
-276,-157,189,4965,-116,-667,0,0
-198,-198,113,4769,-224,-770,0,0
-233,-187,-39,4619,-291,-896,0,0
-191,-109,-96,4297,-119,-1023,0,0
20,84,-111,2866,68,-980,0,0
272,359,-166,1926,545,-1200,0,0
819,431,61,2300,751,-1666,0,0
831,290,429,2631,556,-1558,0,0
91,316,537,3236,422,-1389,0,0
-677,384,330,3537,373,-1674,0,0
-1252,361,129,3365,598,-1545,0,0
-988,415,30,3231,1001,-1419,0,0
259,485,-1,3077,936,-1563,0,0
1247,448,116,3206,526,-1632,0,0
1341,292,272,3412,281,-1727,0,0
815,63,343,3317,57,-1652,0,0
-116,-137,278,3236,1,-1525,0,0
-919,-278,144,3596,215,-1514,0,0
-1153,-391,144,4333,408,-1446,0,0
-1060,-482,126,4414,341,-1263,0,0
-1111,-477,-205,3593,143,-1187,0,0
-1073,-384,-765,2854,-39,-1130,0,0
-644,-251,-1018,3077,-136,-1087,0,0
175,-216,-742,3689,-14,-1046,0,0
830,-218,-231,4106,-130,-949,0,0
891,-137,119,4240,-292,-1162,0,0
413,-53,166,3678,-462,-1364,0,0
-289,24,-5,3165,-317,-1318,0,0
-401,113,-55,3520,0,-1357,0,0
60,173,166,3821,124,-1517,0,0
393,172,399,3508,-22,-1653,0,0
137,102,404,2839,-280,-1536,0,0
-554,93,328,2997,-77,-1437,0,0
-704,113,429,3603,288,-1567,0,0
-272,93,542,3413,302,-1633,0,0
-160,85,421,2809,67,-1638,0,0
-522,109,158,2752,139,-1684,0,0
-538,96,117,3144,430,-1822,0,0
-92,25,226,3331,475,-1930,0,0
97,-40,241,3172,255,-2156,0,0
-238,-107,69,2900,155,-2259,0,0
-407,-172,-70,4257,454,-2368,0,0
-81,-427,0,4591,240,-1685,0,0
-298,-588,-176,3925,172,-1097,0,0
-318,-580,-375,5192,72,-1345,0,0
-612,-728,-504,4686,-86,-608,0,0
-1465,-562,-683,3997,264,-196,0,0
-861,-314,-759,4699,793,-703,0,0
525,-341,-552,4985,631,-437,0,0
949,-351,-545,4469,74,-212,0,0
501,-239,-862,4322,-430,-491,0,0
-449,-64,-922,4483,-367,-699,0,0
-642,67,-582,4591,178,-528,0,0
264,193,-154,4748,337,-465,0,0
1095,291,116,4743,63,-625,0,0
1082,365,218,4902,-3,-603,0,0
638,459,292,5645,264,-656,0,0
351,497,345,6052,582,-938,0,0
244,431,215,5014,634,-999,0,0
-156,525,-89,3498,572,-1234,0,0
-432,619,-187,2137,964,-2317,0,0
-1,397,-27,1076,1310,-2381,0,0
503,222,286,2551,1228,-1978,0,0
728,133,493,4189,915,-1891,0,0
633,22,237,3715,440,-1894,0,0
-212,-3,-377,3366,-59,-1990,0,0
-1160,18,-858,2863,35,-1845,0,0
-1509,116,-800,2374,350,-1265,0,0
-1053,329,-211,2452,252,-1128,0,0
-198,364,623,2983,125,-1633,0,0
-578,313,880,3477,828,-1429,0,0
-799,357,730,3658,1241,-1254,0,0
41,354,451,3647,1297,-1464,0,0
894,279,209,3546,1074,-1377,0,0
1511,223,34,3544,615,-1311,0,0
1426,170,-7,3930,385,-1501,0,0
908,47,101,4106,480,-1379,0,0
729,-111,169,3919,450,-1163,0,0
646,-271,23,3360,270,-1137,0,0
336,-417,-165,3281,113,-1057,0,0
-195,-499,-150,3742,64,-956,0,0
-709,-471,26,4001,262,-948,0,0
-881,-379,135,3707,381,-1065,0,0
-884,-274,35,3081,412,-1115,0,0
-1045,-106,-142,2915,538,-1088,0,0
-3296,42,-85,3669,909,-1259,0,0
-1185,-20,181,4324,1544,-1356,0,0
-466,-245,179,3866,1654,-1000,0,0
-63,-247,-234,3144,1073,-942,0,0
-486,-63,-594,3250,1053,-1236,0,0
-659,32,-565,3541,1399,-1111,0,0
-52,99,-394,3406,1438,-908,0,0
693,198,-323,3178,967,-1096,0,0
668,257,-260,2912,776,-1257,0,0
339,285,-165,2802,1055,-1280,0,0
111,239,-70,2938,1267,-1365,0,0
-327,158,65,2986,1657,-1400,0,0
-2304,38,107,2943,1979,-1395,0,0
273,-95,-26,2967,1500,-1595,0,0
742,-226,-164,2517,913,-1575,0,0
765,-255,-183,2467,507,-1220,0,0
47,-127,-84,2672,567,-1010,0,0
-329,26,-72,3050,1100,-950,0,0
590,24,167,4179,1174,-901,0,0
1831,-69,479,4865,897,-675,0,0
2501,-93,457,5005,247,-804,0,0
1749,-130,153,4734,-545,-787,0,0
-328,-133,-139,4779,-439,-555,0,0
-1489,-79,-304,4804,-32,-254,0,0
-3384,39,-215,4641,122,-61,0,0
-865,158,98,4884,209,61,0,0
-247,234,336,5235,263,23,0,0
451,342,409,5352,121,-234,0,0
868,466,369,5317,96,-688,0,0
1180,450,293,5147,108,-916,0,0
1281,297,233,4875,4,-814,0,0
1006,150,192,4917,-38,-861,0,0
478,-21,169,4884,117,-969,0,0
89,-149,74,4841,305,-987,0,0
63,-157,-96,4801,358,-938,0,0
-73,-75,-214,4160,270,-1014,0,0
-2344,-5,-428,2379,169,-870,0,0
-572,119,-703,1741,110,-902,0,0
-1063,212,-460,2400,378,-1084,0,0
-1293,193,66,2684,950,-947,0,0
-895,93,333,2833,984,-819,0,0
-776,73,250,2954,759,-839,0,0
-884,172,105,3137,994,-1029,0,0
-304,226,29,3321,1038,-1139,0,0
158,204,75,3427,696,-1154,0,0
-240,155,187,3363,605,-1225,0,0
-788,113,304,3402,891,-1197,0,0
-770,106,442,3568,1137,-1219,0,0
-252,80,545,3628,1224,-1270,0,0
240,14,485,3692,1041,-1202,0,0
268,-48,269,3661,893,-1188,0,0
96,-116,65,3734,860,-1150,0,0
-3,-205,-32,3832,858,-999,0,0
41,-248,-113,3756,778,-986,0,0
130,-257,-192,3600,681,-1037,0,0
227,-284,-198,3741,648,-1044,0,0
417,-338,-121,3815,550,-1020,0,0
477,-404,-52,3696,335,-993,0,0
192,-413,-48,3579,180,-1019,0,0
-194,-372,-58,3587,214,-1045,0,0
-282,-313,-23,3610,321,-964,0,0
-56,-215,25,3687,370,-981,0,0
252,-98,52,3604,348,-1090,0,0
507,-15,7,3433,248,-1126,0,0
491,67,-19,3712,158,-1313,0,0
282,130,60,3839,122,-1545,0,0
-9,136,146,3240,130,-1612,0,0
-300,135,137,2772,213,-1625,0,0
-306,152,121,2818,395,-1717,0,0
39,151,177,3091,440,-1774,0,0
258,142,210,3245,347,-1830,0,0
187,114,109,3152,338,-1902,0,0
28,35,-40,3066,334,-1899,0,0
-157,-52,-135,2976,348,-1848,0,0
-383,-87,-171,2854,422,-1957,0,0
-528,-124,-229,2672,515,-1924,0,0
-523,-135,-312,3355,640,-1709,0,0
-226,-232,-64,5203,608,-1461,0,0
-189,-485,81,4253,396,-461,0,0
-478,-484,-113,4137,289,-33,0,0
-472,-399,-301,4511,-31,209,0,0
-752,-256,-317,4214,-234,504,0,0
-907,97,-145,4527,43,12,0,0
-307,370,200,5029,614,-406,0,0
1006,427,394,4702,541,-357,0,0
1891,421,228,4673,-124,-580,0,0
1356,353,101,5015,-396,-902,0,0
276,181,257,5085,-37,-888,0,0
75,7,363,5097,323,-971,0,0
522,-199,276,5130,125,-902,0,0
509,-405,67,5064,-112,-836,0,0
135,-594,-120,4943,-100,-693,0,0
-130,-699,-234,4971,22,-295,0,0
-155,-661,-273,5225,126,299,0,0
-33,-518,-278,5028,205,538,0,0
137,-273,-247,4303,20,1,0,0
-118,-5,-138,2668,-112,-1225,0,0
-905,188,-25,998,276,-1872,0,0
-1253,261,101,1823,960,-2224,0,0
-678,184,225,3950,1045,-2358,0,0
-217,197,346,4274,936,-2441,0,0
394,122,166,3254,687,-2088,0,0
642,85,-338,2857,96,-1669,0,0
69,157,-547,2876,15,-1710,0,0
-317,119,-411,2409,156,-1494,0,0
-478,153,-153,2211,213,-1298,0,0
-439,280,218,2622,439,-1468,0,0
-29,371,574,3232,490,-1510,0,0
307,418,709,3571,376,-1485,0,0
286,437,591,3412,302,-1476,0,0
163,454,390,3670,396,-1462,0,0
353,404,258,3949,488,-1374,0,0
725,310,204,4431,394,-1342,0,0
856,144,165,4309,71,-1366,0,0
293,-82,7,3427,-174,-1224,0,0
-619,-238,-132,3385,-86,-1087,0,0
-1104,-295,-81,3847,130,-964,0,0
-1123,-232,110,3878,395,-967,0,0
-754,-98,222,3498,479,-1114,0,0
-363,38,187,3305,484,-1214,0,0
-95,137,73,3236,554,-1188,0,0
167,182,-45,3193,497,-1195,0,0
18,221,-26,3729,512,-1361,0,0
-451,196,119,3916,854,-1436,0,0
-479,77,114,3688,1175,-1115,0,0
-173,38,-121,3565,1111,-1040,0,0
98,61,-409,3520,992,-1144,0,0
192,77,-567,3633,954,-1083,0,0
369,50,-600,3608,968,-1040,0,0
532,-32,-554,3454,776,-1020,0,0
228,-112,-491,3311,606,-1130,0,0
-508,-159,-398,3310,639,-1143,0,0
-1154,-137,-276,3320,947,-1095,0,0
-1141,-77,-155,3229,1259,-1078,0,0
-456,-5,-75,3143,1328,-1111,0,0
418,42,23,2947,1104,-1175,0,0
777,35,65,2735,976,-1220,0,0
681,12,177,3379,887,-1265,0,0
616,24,437,3502,864,-1136,0,0
631,137,499,3960,866,-745,0,0
770,303,380,4480,716,-584,0,0
1138,364,131,4128,596,-436,0,0
1677,271,-269,3906,-45,-161,0,0
1165,117,-488,4242,-903,216,0,0
-2136,51,-373,4571,-669,511,0,0
-334,110,-138,4544,-201,660,0,0
207,245,69,4813,23,518,0,0
821,307,171,4993,-154,310,0,0
883,270,191,4891,-352,51,0,0
432,158,194,5133,-253,-70,0,0
71,-31,229,5304,-116,-3,0,0
-57,-194,182,5048,-160,46,0,0
-121,-265,40,4918,-302,-55,0,0
-222,-346,-29,4819,-435,-57,0,0
-320,-410,31,4870,-427,-75,0,0
-99,-452,175,5083,-268,-201,0,0
243,-423,247,5170,-203,-288,0,0
405,-216,206,4921,198,-781,0,0
691,-7,153,3877,458,-1050,0,0
777,98,-90,1799,307,-1210,0,0
543,62,-307,1333,106,-1206,0,0
-216,-29,12,2077,314,-911,0,0
-908,7,358,2687,646,-831,0,0
-1223,115,422,3375,583,-1122,0,0
-1486,264,366,3800,797,-1199,0,0
-932,450,295,3585,1230,-1140,0,0
621,590,94,3357,966,-1220,0,0
1630,599,-62,3608,479,-1338,0,0
1744,476,-51,3771,272,-1480,0,0
1402,261,15,3677,-12,-1477,0,0
519,38,20,3345,-268,-1384,0,0
-701,-119,16,3302,-76,-1357,0,0
-1311,-258,87,3679,304,-1250,0,0
-1121,-386,190,4027,456,-1164,0,0
-781,-477,203,3989,318,-1176,0,0
-754,-553,-9,3505,189,-1146,0,0
-717,-573,-267,3580,64,-1059,0,0
-540,-536,-283,3925,-44,-1020,0,0
-387,-506,-120,3869,-156,-1008,0,0
-538,-429,-8,3575,-282,-1020,0,0
-779,-282,11,3366,-57,-1161,0,0
-466,-154,47,3353,107,-1213,0,0
66,-34,146,3753,75,-1276,0,0
354,109,266,4096,101,-1589,0,0
471,171,350,3709,50,-1773,0,0
298,150,311,3119,-39,-1756,0,0
20,129,209,2997,7,-1742,0,0
-43,127,156,3067,123,-1707,0,0
107,148,138,3029,161,-1750,0,0
321,173,124,3031,205,-1779,0,0
574,172,78,3149,195,-1820,0,0
694,92,-24,3127,23,-1864,0,0
439,-20,-146,2996,-109,-1975,0,0
-38,-112,-299,2595,-69,-2111,0,0
-298,-158,-404,2374,40,-2207,0,0
-192,-154,-307,3199,157,-2062,0,0
223,-209,120,5811,252,-1927,0,0
138,-536,357,5672,166,-962,0,0
-365,-780,59,4458,226,-10,0,0
-287,-761,-579,4544,-434,589,0,0
-938,-526,-820,4366,-947,771,0,0
-1868,-57,-652,3840,-280,242,0,0
-1197,396,-104,4096,263,22,0,0
434,619,376,4576,313,-127,0,0
1642,666,387,4655,-52,-540,0,0
1735,615,187,4582,-515,-856,0,0
770,488,229,4754,-460,-1042,0,0
265,285,442,5140,-110,-1028,0,0
472,6,496,5117,-8,-873,0,0
618,-235,327,5045,-256,-748,0,0
454,-474,100,5221,-336,-670,0,0
3,-698,-95,5092,-354,11,0,0
-467,-651,-240,5278,85,929,0,0
-50,-391,-329,4998,271,1053,0,0
123,-2,-167,4608,-675,495,0,0
-589,359,253,3874,-545,-1448,0,0
-458,629,644,1756,1183,-2802,0,0
1891,491,603,2135,651,-2865,0,0
2094,189,12,4268,-783,-2838,0,0
32,-137,-507,3752,-630,-2348,0,0
-943,-354,-628,2481,-390,-1446,0,0
-1305,-304,-601,2597,-111,-1197,0,0
-1097,-211,-398,2745,67,-1064,0,0
-722,-72,-201,2582,-57,-927,0,0
-673,156,-83,2798,17,-1190,0,0
-432,331,38,3295,316,-1399,0,0
67,420,113,3607,255,-1466,0,0
345,427,21,3789,94,-1612,0,0
376,346,-71,3798,-13,-1674,0,0
274,239,-94,3601,28,-1592,0,0
276,135,-91,3512,-55,-1554,0,0
133,50,-35,3590,-115,-1535,0,0
-92,-13,78,3727,23,-1469,0,0
-71,-64,135,3808,78,-1358,0,0
-20,-75,118,3961,-7,-1313,0,0
-108,-60,77,3911,-68,-1291,0,0
-242,-58,38,3573,-84,-1237,0,0
-334,-60,43,3371,39,-1164,0,0
-213,-62,118,3518,149,-1203,0,0
-92,-84,211,3715,133,-1262,0,0
-249,-109,227,3733,159,-1261,0,0
-528,-115,167,3609,290,-1284,0,0
-630,-110,60,3416,392,-1282,0,0
-667,-84,-36,3110,446,-1276,0,0
-660,-45,-82,3177,638,-1232,0,0
-304,6,53,3956,963,-1341,0,0
441,-20,252,3840,922,-1310,0,0
707,-1,154,3515,612,-1302,0,0
352,88,-105,3859,494,-1561,0,0
167,104,-159,3936,832,-1591,0,0
565,68,-205,3460,729,-1547,0,0
709,22,-357,3238,333,-1624,0,0
322,-33,-379,3192,415,-1643,0,0
301,-113,-227,3152,552,-1564,0,0
330,-153,-48,2863,452,-1434,0,0
57,-64,127,2930,610,-1566,0,0
15,-9,296,3283,714,-1704,0,0
84,-41,231,3224,572,-1548,0,0
-74,-65,-48,3348,205,-1422,0,0
-631,-56,-193,3727,114,-1290,0,0
-1047,-58,-311,2928,265,-900,0,0
-711,6,-294,3754,501,-917,0,0
260,-24,-137,4675,463,-796,0,0
862,-76,-75,4659,13,-640,0,0
593,-108,-338,4071,-493,-502,0,0
-239,-68,-508,4313,-266,-401,0,0
-120,-65,-412,4700,72,-180,0,0
503,-83,-202,4512,-320,-120,0,0
292,-35,1,4614,-448,-238,0,0
-144,58,159,5010,-134,-158,0,0
25,188,277,4992,40,-185,0,0
455,329,350,4965,-23,-434,0,0
584,329,407,5061,-90,-476,0,0
420,201,387,4930,-157,-476,0,0
166,14,266,4817,-201,-623,0,0
-172,-221,103,4758,-242,-753,0,0
-445,-415,-68,5042,-229,-1042,0,0
-401,-562,-86,5377,-148,-996,0,0
-272,-541,-10,5066,207,-521,0,0
264,-289,-45,4019,321,-502,0,0
830,-39,-187,1884,-63,-554,0,0
530,282,-313,1178,-247,-508,0,0
-215,549,-73,2740,138,-1202,0,0
-992,678,421,3371,516,-1497,0,0
-1234,763,823,3619,900,-1523,0,0
-684,731,774,3687,1034,-1666,0,0
-98,612,463,3176,1083,-1746,0,0
423,452,169,2913,884,-1569,0,0
595,306,-62,3167,556,-1501,0,0
307,150,-158,3552,371,-1481,0,0
-198,34,-106,3690,409,-1392,0,0
-450,-52,-12,3665,499,-1192,0,0
-486,-100,25,3637,537,-1079,0,0
-401,-121,-15,3577,577,-1046,0,0
-124,-149,-144,3525,542,-1050,0,0
202,-215,-295,3535,422,-1066,0,0
327,-311,-336,3722,305,-1040,0,0
190,-349,-187,4353,234,-1049,0,0
-117,-301,42,4516,214,-1162,0,0
-500,-223,22,3725,212,-1186,0,0
-649,-119,-321,3194,320,-1189,0,0
-2,-55,-596,3329,478,-1142,0,0
1242,-80,-473,3874,341,-1133,0,0
1877,-200,-123,4054,-235,-1141,0,0
1036,-290,148,3605,-613,-1156,0,0
-725,-255,216,3401,-347,-1201,0,0
-1636,-182,181,3634,281,-1088,0,0
-1026,-79,138,3755,692,-1004,0,0
334,32,89,3587,403,-1134,0,0
927,92,67,3513,-49,-1320,0,0
555,126,149,3800,-124,-1439,0,0
77,128,303,3859,-65,-1555,0,0
-252,68,356,3490,-136,-1470,0,0
-680,47,258,3217,-150,-1345,0,0
-980,106,146,3075,-46,-1296,0,0
-895,240,146,3068,215,-1261,0,0
-225,406,217,3066,462,-1317,0,0
660,542,285,3066,464,-1463,0,0
1218,577,237,3111,363,-1676,0,0
1305,461,78,3190,138,-1938,0,0
769,238,-82,3219,-125,-1980,0,0
-199,79,-197,3169,-30,-1968,0,0
-688,-28,-326,3055,157,-2002,0,0
-643,-115,-399,3872,136,-1798,0,0
-434,-270,-241,4810,120,-907,0,0
-324,-408,-219,4249,186,134,0,0
-47,-415,-160,4954,-55,53,0,0
-486,-559,33,4962,-358,464,0,0
-1610,-491,14,4140,-71,927,0,0
-1155,-219,-96,4427,177,453,0,0
-101,-71,142,4882,142,391,0,0
372,58,286,4664,-96,301,0,0
340,180,156,4500,-437,-34,0,0
-167,210,120,4809,-219,-71,0,0
-218,177,265,4982,67,-82,0,0
343,125,345,5048,200,-387,0,0
745,23,335,4956,89,-328,0,0
821,-86,193,4830,143,-51,0,0
900,-207,48,5011,183,233,0,0
756,-361,-102,4938,83,639,0,0
36,-392,-314,4857,-18,693,0,0
-777,-350,-516,4962,-87,286,0,0
-1580,-378,-569,4675,-91,-515,0,0
-1744,-484,-482,3769,241,-1066,0,0
-1421,-334,-271,2400,549,-1569,0,0
-905,24,-121,2325,849,-2094,0,0
-185,254,57,3521,974,-2244,0,0
674,232,105,3572,1108,-2182,0,0
1550,46,-16,2992,460,-1703,0,0
1437,-5,-239,2741,-278,-1469,0,0
531,44,-331,2478,-274,-1482,0,0
-220,95,-291,2388,192,-1312,0,0
-366,201,-124,2578,605,-1213,0,0
240,289,129,3058,854,-1241,0,0
837,289,346,3570,623,-1383,0,0
245,204,308,3650,265,-1511,0,0
-1005,125,57,3447,379,-1242,0,0
-1371,148,-148,3404,855,-1129,0,0
-246,232,-163,3411,789,-1156,0,0
946,325,-7,3515,46,-1446,0,0
362,341,-45,3827,282,-1556,0,0
-35,279,-93,4186,788,-1190,0,0
465,172,5,4278,581,-1126,0,0
397,33,-33,3598,307,-1102,0,0
-258,-53,-168,3264,301,-1023,0,0
-703,-96,-135,3528,584,-922,0,0
-709,-92,85,3711,760,-794,0,0
-536,-29,186,3627,837,-866,0,0
-320,31,26,3288,705,-912,0,0
-344,83,-123,3385,751,-942,0,0
-423,63,26,3926,1065,-940,0,0
-221,-36,251,3980,1157,-888,0,0
-162,-83,226,3728,1016,-1039,0,0
-369,-78,43,3793,1002,-1165,0,0
-490,-83,-28,3742,1217,-1082,0,0
-220,-62,-74,3315,1178,-965,0,0
112,23,-151,3166,1065,-1079,0,0
350,64,-123,3128,1169,-1148,0,0
661,-2,-29,3190,1163,-1158,0,0
771,-132,22,3248,968,-1281,0,0
344,-273,40,3246,846,-1283,0,0
-277,-339,55,3214,975,-1296,0,0
-501,-363,28,2783,1037,-1129,0,0
-457,-298,-97,2297,924,-1017,0,0
-326,-219,-174,2357,746,-978,0,0
-186,-124,32,3640,761,-524,0,0
277,44,248,4137,801,-413,0,0
978,139,385,4980,596,-370,0,0
1125,142,328,4861,40,-267,0,0
722,137,12,4287,-603,-155,0,0
4,129,-212,4727,-803,20,0,0
-412,130,-82,5136,-552,74,0,0
-165,209,174,4904,-281,21,0,0
432,332,331,4836,-243,-157,0,0
875,336,369,5015,-282,-216,0,0
897,206,339,4910,-360,-240,0,0
561,85,250,4730,-375,-283,0,0
72,-6,161,4608,-263,-239,0,0
-192,-81,98,4541,-124,-155,0,0
21,-160,82,4837,103,-169,0,0
392,-321,33,4898,-240,11,0,0
32,-357,-152,5037,-366,-4,0,0
-296,-300,-333,5267,-195,-173,0,0
-276,-225,-385,5011,72,-363,0,0
122,-87,-474,3914,237,-555,0,0
270,167,-723,2336,199,-632,0,0
244,411,-719,2313,377,-1292,0,0
-22,286,-85,2549,350,-1588,0,0
-702,217,358,2964,1309,-1184,0,0
-138,298,207,3341,1252,-1397,0,0
63,332,-95,3426,798,-1397,0,0
-158,331,-206,3093,948,-1419,0,0
46,230,-237,2872,879,-1419,0,0
263,47,-73,3079,726,-1295,0,0
148,-124,199,3189,670,-1064,0,0
-132,-228,423,3365,631,-906,0,0
-371,-280,557,3375,660,-887,0,0
-345,-285,538,3303,710,-943,0,0
-134,-243,480,3729,620,-884,0,0
19,-139,465,4319,658,-997,0,0
312,-77,397,4187,524,-1255,0,0
266,-90,7,3254,53,-1086,0,0
-278,-4,-394,3525,25,-1054,0,0
-213,52,-371,4176,412,-1193,0,0
557,-51,-123,3986,312,-1117,0,0
732,-161,-66,3491,-245,-1051,0,0
-182,-158,-179,3387,-291,-1156,0,0
-825,-128,-134,3621,234,-1147,0,0
-465,-137,30,3470,421,-1016,0,0
-52,-103,89,3573,260,-1117,0,0
-228,-25,17,4016,193,-1358,0,0
-841,-1,-115,4010,257,-1304,0,0
-1651,14,-225,3844,110,-1378,0,0
-2844,9,-217,3633,332,-1541,0,0
-3145,-124,-193,3124,1144,-1360,0,0
-1983,-278,-92,2810,1264,-1000,0,0
-996,-261,48,2926,1194,-824,0,0
-602,-156,107,3177,1236,-844,0,0
-540,-36,2,3199,1232,-986,0,0
-433,60,-146,3128,1242,-1126,0,0
-20,102,-174,3088,1463,-1031,0,0
458,74,-120,3108,1276,-1175,0,0
27,-37,-46,3366,1156,-1502,0,0
-735,-130,-65,3131,1349,-1497,0,0
-954,-96,-182,3099,1641,-1385,0,0
-272,-157,-166,4965,1729,-840,0,0
627,-343,15,5098,742,262,0,0
428,-226,-86,3293,-23,427,0,0
-293,58,-346,3276,-259,382,0,0
-953,195,-75,3819,48,714,0,0
-924,313,279,4098,502,969,0,0
66,503,466,4669,879,434,0,0
1042,533,582,5088,722,-359,0,0
1261,260,401,4940,18,-650,0,0
910,-166,276,4942,9,122,0,0
1208,-363,365,4857,278,496,0,0
1589,-283,532,4985,-63,155,0,0
1453,-192,423,5354,62,149,0,0
1364,-164,70,5209,134,27,0,0
959,-234,-286,5008,62,-99,0,0
245,-341,-479,4933,124,224,0,0
-181,-371,-422,4932,310,419,0,0
-373,-305,-256,4804,236,664,0,0
-913,-15,-108,4161,54,528,0,0
-1335,431,-70,2872,245,-530,0,0
-1190,836,102,1688,51,-2543,0,0
-2,552,543,2623,645,-3487,0,0
426,3,697,4032,1752,-1990,0,0
33,-113,562,4317,1886,-1131,0,0
425,-134,117,2909,1050,-1390,0,0
57,-146,-392,2189,225,-1385,0,0
-768,-143,-350,2452,620,-917,0,0
-408,-105,-10,2988,997,-691,0,0
395,30,277,3377,776,-958,0,0
620,213,263,3545,894,-1049,0,0
968,349,97,3636,889,-999,0,0
1317,374,-34,3773,706,-994,0,0
1440,308,-104,4026,681,-949,0,0
1834,172,-79,4201,604,-2984,0,0
2079,-24,3,3629,183,-922,0,0
1417,-167,-69,3189,-323,-798,0,0
9,-139,-94,3996,-236,-883,0,0
-680,-119,19,4435,312,-997,0,0
-335,-161,89,3849,360,-913,0,0
-48,-125,-92,3378,287,-981,0,0
349,-81,-317,3289,634,-838,0,0
1229,76,-292,3166,713,-838,0,0
1583,242,-210,3531,425,-1276,0,0
960,189,-109,3764,237,-1317,0,0
55,53,-39,3710,435,-1244,0,0
-387,-81,-9,3776,415,-1263,0,0
-555,-163,56,3815,684,-1355,0,0
-163,-196,115,3581,931,-1373,0,0
704,-179,26,3287,758,-1453,0,0
962,-118,-72,3235,384,-1616,0,0
833,-94,-40,3458,609,-1666,0,0
1069,-148,108,3375,393,-1711,0,0
665,-231,178,3130,72,-1652,0,0
-275,-253,172,3094,199,-1594,0,0
-730,-227,200,3154,531,-1670,0,0
-560,-199,265,2958,474,-1675,0,0
-538,-128,291,3456,380,-1496,0,0
-522,78,426,4968,518,-1423,0,0
215,114,319,3988,734,-1272,0,0
1699,-43,-211,3116,410,-897,0,0
2262,-232,-574,3126,-1103,-362,0,0
876,-282,-406,3406,-1337,-476,0,0
-559,-286,-75,3708,-464,-70,0,0
-883,-98,15,3986,49,1,0,0
48,94,-71,4384,61,-25,0,0
685,239,-121,4638,-299,-64,0,0
551,286,-52,4981,-282,-336,0,0
391,155,68,5123,-381,-192,0,0
23,21,100,5266,-616,-262,0,0
-432,-85,112,5400,-598,-428,0,0
-681,-141,146,5241,-600,-418,0,0
-604,-122,114,5036,-391,-601,0,0
-29,-115,185,5099,-261,-781,0,0
361,-171,294,5165,-274,-731,0,0
671,-163,274,5355,-82,-895,0,0
1349,-216,223,4748,-282,-1409,0,0
1341,-367,168,3956,-565,-1208,0,0
770,-415,18,3529,-404,-972,0,0
202,-359,-95,2535,-311,-802,0,0
-495,-136,-46,2216,-140,-1080,0,0
-1234,114,36,2373,-184,-1443,0,0
-2136,384,73,3023,-315,-1796,0,0
-2838,557,81,3427,170,-1834,0,0
-2482,613,64,3224,760,-1941,0,0
-1142,559,-22,3086,890,-2051,0,0
183,418,-12,3262,549,-2178,0,0
614,209,104,3209,186,-2007,0,0
217,10,256,3236,75,-1781,0,0
-521,-140,308,3267,99,-1504,0,0
-1212,-181,302,3317,342,-1265,0,0
-1383,-150,269,3374,573,-1119,0,0
-1078,-61,201,3502,672,-1030,0,0
-577,93,155,3767,677,-1024,0,0
-14,282,200,4010,694,-1214,0,0
589,334,150,3352,603,-1286,0,0
969,267,-96,3133,407,-1331,0,0
1092,138,-319,3617,266,-1402,0,0
1088,-22,-343,4354,155,-1380,0,0
897,-199,-243,4465,-144,-1451,0,0
100,-344,-238,3687,-508,-1476,0,0
-1175,-376,-339,3093,-448,-1411,0,0
-1667,-353,-416,3130,18,-1312,0,0
-772,-333,-316,3865,313,-1285,0,0
478,-345,-100,4114,4,-1334,0,0
846,-312,29,3811,-461,-1404,0,0
166,-197,102,3515,-666,-1498,0,0
-790,-90,238,3164,-304,-1335,0,0
-1059,32,429,3115,112,-1242,0,0
-691,185,595,3222,304,-1417,0,0
-242,350,656,3322,404,-1567,0,0
175,474,569,3312,447,-1828,0,0
557,459,392,3134,361,-2022,0,0
764,340,206,3101,306,-2210,0,0
821,123,58,3036,85,-2248,0,0
384,-129,-54,2831,-132,-2001,0,0
-380,-312,-158,2597,-31,-1985,0,0
-749,-447,-322,2407,255,-2135,0,0
-583,-448,-468,3210,339,-1854,0,0
-270,-408,-162,5541,370,-1525,0,0
-699,-629,32,4386,393,-13,0,0
-1252,-343,-315,4539,422,171,0,0
-1105,-113,-712,4595,-42,-166,0,0
-1634,-37,-862,3685,-185,283,0,0
-1401,253,-814,4322,165,-242,0,0
-77,338,-347,5086,569,-661,0,0
1628,227,214,5174,767,-750,0,0
3458,92,377,5388,349,-929,0,0
4095,-60,432,6009,-441,-1072,0,0
2543,-330,453,5560,-646,-698,0,0
607,-483,221,4920,-189,-110,0,0
-358,-493,-61,5023,270,-113,0,0
-674,-467,-160,5123,438,-176,0,0
-571,-352,-195,5089,563,-503,0,0
-32,-256,-156,5192,396,-545,0,0
227,-132,-100,4137,-112,-850,0,0
-254,99,-169,1717,-394,-1553,0,0
-649,368,-221,821,-132,-1920,0,0
-295,578,225,3059,13,-2080,0,0
-61,724,730,4052,238,-2586,0,0
199,619,831,3369,277,-2495,0,0
192,361,384,2853,-219,-2077,0,0
-648,249,-147,2966,-324,-1973,0,0
-1260,247,-309,2682,89,-1959,0,0
-972,287,-268,2322,335,-1716,0,0
-338,398,-11,2688,358,-1725,0,0
396,459,367,3179,454,-1910,0,0
1168,399,596,3651,236,-1803,0,0
1213,292,432,3742,-257,-1684,0,0
309,205,3,3568,-322,-1581,0,0
-372,150,-416,3687,43,-1288,0,0
-310,129,-603,3884,237,-1045,0,0
-67,95,-554,3664,220,-765,0,0
-23,118,-340,3573,244,-763,0,0
-41,139,-147,3560,254,-851,0,0
-176,142,15,3802,358,-996,0,0
-113,64,42,3877,401,-1001,0,0
-62,5,-77,3973,257,-1061,0,0
-210,-6,-257,3976,219,-1244,0,0
-349,-4,-360,3709,181,-1309,0,0
-422,5,-310,3321,-22,-1449,0,0
-401,-34,-113,3167,313,-1349,0,0
130,-57,68,3511,692,-1111,0,0
577,-68,300,4033,629,-1109,0,0
623,-155,435,4019,538,-1163,0,0
261,-220,299,3698,398,-1158,0,0
-340,-179,84,3766,604,-1299,0,0
-285,-160,73,3915,1049,-1338,0,0
479,-179,106,3575,929,-1306,0,0
724,-152,-17,3281,517,-1473,0,0
245,-139,-162,3078,522,-1498,0,0
-23,-154,-203,3077,851,-1406,0,0
256,-181,-168,3107,900,-1462,0,0
429,-209,-133,3091,805,-1493,0,0
306,-186,-154,3244,743,-1583,0,0
177,-168,-240,3164,657,-1627,0,0
24,-161,-371,2839,461,-1558,0,0
-243,-115,-467,2599,240,-1571,0,0
-451,-62,-320,3382,157,-1495,0,0
-609,-54,21,3779,92,-1203,0,0
-812,2,175,3744,245,-842,0,0
-588,85,328,4348,430,-628,0,0
195,122,484,5055,429,-414,0,0
796,94,394,4674,-229,-265,0,0
353,72,67,4368,-797,-177,0,0
-401,61,-140,4609,-573,-142,0,0
-359,51,-55,4538,-464,48,0,0
-116,132,218,4643,-224,-22,0,0
374,190,470,5037,76,-27,0,0
909,180,522,5356,-244,-79,0,0
642,90,376,5346,-465,-202,0,0
39,-35,184,5361,-257,-217,0,0
-54,-134,39,5442,-105,-318,0,0
121,-195,-127,5370,-69,-383,0,0
315,-152,-259,5351,69,-701,0,0
867,-123,-193,4841,200,-1142,0,0
1148,-226,-211,2982,-337,-876,0,0
378,-131,-378,1861,-671,-988,0,0
-514,11,-197,2086,-342,-1281,0,0
-1092,211,158,2294,308,-1267,0,0
-774,448,378,3069,561,-1403,0,0
-295,577,498,3837,488,-1465,0,0
-33,605,465,3420,557,-1505,0,0
314,562,311,3306,368,-1578,0,0
312,421,237,3493,205,-1603,0,0
15,223,278,3501,147,-1531,0,0
-418,32,280,3485,84,-1487,0,0
-899,-119,238,3451,213,-1376,0,0
-1020,-213,198,3427,375,-1242,0,0
-827,-248,155,3445,356,-1163,0,0
-692,-236,119,3549,333,-1195,0,0
-614,-219,92,3606,353,-1151,0,0
-530,-179,10,3558,319,-1100,0,0
-452,-99,-164,3571,308,-1072,0,0
-224,49,-256,4157,371,-1169,0,0
406,122,-282,4240,449,-1238,0,0
1145,80,-458,3787,237,-1022,0,0
1448,-12,-753,3618,-281,-1029,0,0
913,-153,-799,3666,-641,-1093,0,0
-65,-272,-535,3669,-515,-1083,0,0
-871,-317,-221,3457,-225,-1085,0,0
-1156,-290,-78,3370,98,-1059,0,0
-810,-187,-37,3699,259,-1042,0,0
-121,-91,27,3735,245,-1180,0,0
422,-37,129,3452,-214,-1191,0,0
66,9,200,3741,-315,-1683,0,0
-912,3,291,3940,125,-1677,0,0
-670,45,472,3528,611,-1383,0,0
64,99,613,3049,310,-1302,0,0
55,200,550,2934,378,-1215,0,0
135,305,407,3193,510,-1328,0,0
359,360,303,3311,457,-1485,0,0
485,393,183,3299,424,-1664,0,0
599,370,38,3318,390,-1863,0,0
667,215,-110,3286,224,-1936,0,0
406,20,-240,3246,7,-1812,0,0
-188,-79,-328,3622,-164,-1657,0,0
-684,-99,-204,5150,24,-1500,0,0
-719,-269,-40,4272,66,-310,0,0
-558,-230,-213,2953,-138,309,0,0
151,-174,-170,4405,-342,41,0,0
-103,-292,210,4884,-506,822,0,0
-768,-100,250,4221,-263,493,0,0
-272,131,140,4630,-84,15,0,0
374,198,250,4912,23,207,0,0
991,189,244,4460,-353,-6,0,0
703,114,180,4597,-610,-188,0,0
-42,-16,203,4968,-226,-73,0,0
13,-119,199,5109,-176,-71,0,0
218,-176,82,5024,-340,-217,0,0
260,-260,-50,4801,-370,-280,0,0
286,-369,-85,4599,-448,-249,0,0
259,-446,-6,4658,-223,-200,0,0
508,-471,36,4755,125,-197,0,0
945,-475,12,5141,149,-290,0,0
1010,-546,-13,5108,78,-239,0,0
562,-581,-104,3239,-305,142,0,0
-268,-300,-353,1763,-583,-258,0,0
-723,73,-360,2073,-759,-1196,0,0
-932,432,50,3393,-14,-1829,0,0
62,664,468,4127,390,-2494,0,0
1425,544,543,3810,-358,-2576,0,0
1143,245,260,3463,-1215,-2219,0,0
-394,14,-125,3022,-1344,-1872,0,0
-1915,-32,-243,2877,-825,-1579,0,0
-2500,34,-99,2904,66,-1312,0,0
-1573,140,131,3003,677,-1147,0,0
256,285,305,3337,613,-1216,0,0
1620,369,295,3677,122,-1351,0,0
1801,333,105,3633,-385,-1363,0,0
936,237,-145,3547,-543,-1275,0,0
-55,130,-342,3538,-411,-1164,0,0
-595,49,-422,3467,-228,-1049,0,0
-642,5,-432,3671,-53,-937,0,0
-312,-54,-428,3874,-45,-2872,0,0
-70,-101,-439,3900,-239,-770,0,0
-206,-106,-427,4056,-330,-793,0,0
-362,-92,-381,3883,-217,-717,0,0
-322,-70,-284,3601,-59,-741,0,0
-116,-61,-144,3599,117,-919,0,0
228,-48,71,3638,191,-1111,0,0
465,-13,253,3587,177,-1229,0,0
327,70,399,3791,79,-1424,0,0
-80,139,483,3928,287,-1651,0,0
-101,94,419,3851,572,-1637,0,0
371,-40,153,3572,531,-1576,0,0
681,-187,-112,3676,332,-1598,0,0
521,-313,-105,3895,198,-1604,0,0
56,-366,96,3900,291,-1518,0,0
-326,-384,209,3364,393,-1335,0,0
-477,-363,124,2992,427,-1227,0,0
-426,-251,-10,3131,578,-1276,0,0
17,-131,-73,3373,681,-1380,0,0
440,-97,-48,3217,396,-1387,0,0
188,-87,-2,3031,203,-1375,0,0
-355,-63,75,3125,351,-1412,0,0
-610,-56,137,3062,468,-1322,0,0
-693,31,129,3488,421,-1265,0,0
-861,152,1,3406,248,-1275,0,0
-1042,261,-270,3232,76,-1109,0,0
-890,389,-318,3654,262,-1217,0,0
58,348,-139,4381,465,-1217,0,0
1136,139,-15,4983,-165,-1055,0,0
841,-97,-134,4849,-843,-693,0,0
-596,-154,-445,4710,-891,-207,0,0
-1275,-90,-634,4873,-735,188,0,0
-796,-66,-439,4882,-490,554,0,0
-29,5,-67,4858,-445,548,0,0
518,101,198,5047,-519,297,0,0
638,135,264,5050,-467,86,0,0
632,112,200,4883,-414,-210,0,0
562,21,129,4912,-301,-460,0,0
481,-118,40,5008,-74,-573,0,0
721,-253,-140,5160,156,-750,0,0
1197,-390,-333,5244,44,-799,0,0
1136,-386,-428,4964,-59,-965,0,0
788,-309,-438,3583,49,-1202,0,0
575,-299,-621,1660,67,-962,0,0
245,-176,-619,1500,-112,-917,0,0
-318,32,-50,2043,68,-1084,0,0
-768,292,715,2857,488,-1178,0,0
-803,523,1206,3841,561,-1374,0,0
-952,627,1148,3604,765,-1597,0,0
-549,625,725,3211,1058,-1615,0,0
532,555,298,3422,906,-1686,0,0
1020,380,69,3617,520,-1668,0,0
612,186,2,3524,167,-1615,0,0
-297,78,32,3352,114,-1604,0,0
-1073,64,115,3228,453,-1494,0,0
-1135,96,142,3566,753,-1382,0,0
-575,132,43,3846,778,-1436,0,0
87,103,-178,3729,653,-1338,0,0
556,41,-421,3861,424,-1284,0,0
614,-56,-553,4024,200,-1265,0,0
286,-144,-516,3910,182,-1183,0,0
-5,-191,-403,3637,288,-1089,0,0
-82,-213,-292,3573,318,-1025,0,0
-76,-217,-238,3592,349,-1008,0,0
25,-211,-205,3737,351,-1029,0,0
129,-208,-132,3920,327,-1081,0,0
167,-228,-53,3900,300,-1105,0,0
118,-262,-37,3708,220,-1066,0,0
-59,-292,-72,3482,144,-1047,0,0
-256,-295,-103,3507,89,-954,0,0
-358,-233,-43,3768,105,-918,0,0
-347,-108,52,3770,154,-918,0,0
-283,53,104,3713,145,-1018,0,0
-258,206,137,3743,133,-1196,0,0
-329,274,235,3333,53,-1236,0,0
-864,266,326,2870,-182,-1232,0,0
-1950,310,389,2886,51,-1288,0,0
-2332,417,500,3001,855,-1260,0,0
-1344,546,616,2907,1382,-1390,0,0
238,573,606,2904,1365,-1754,0,0
1400,421,449,3051,1044,-1982,0,0
1333,171,261,3377,598,-2209,0,0
58,-138,-10,3650,563,-2079,0,0
-1063,-402,-526,3761,757,-1657,0,0
-1532,-615,-882,5305,514,-1027,0,0
-2313,-792,-782,4429,23,192,0,0
-2108,-613,-734,3610,730,46,0,0
-191,-415,-429,4852,303,-2,0,0
562,-338,-43,5140,-89,427,0,0
626,-144,-123,4905,-261,460,0,0
551,1,-128,4688,-439,284,0,0
-219,53,33,4605,215,460,0,0
-185,66,304,4689,619,496,0,0
390,48,444,4795,471,318,0,0
594,92,404,4509,554,189,0,0
1015,242,207,4435,723,-43,0,0
1448,303,40,4867,527,-57,0,0
1361,191,-6,5201,534,23,0,0
1180,-74,42,5747,513,323,0,0
785,-334,-146,5873,309,595,0,0
226,-360,-516,5386,108,106,0,0
248,-238,-635,3565,228,-1293,0,0
847,-223,-48,1735,-748,-2013,0,0
1098,-163,739,1862,-233,-1881,0,0
2630,-85,812,3004,-55,-2320,0,0
1432,-140,770,3824,-652,-2082,0,0
-511,-274,522,3822,-54,-1380,0,0
-1110,-269,-1,3107,-183,-1127,0,0
-1617,-56,-346,2657,-404,-1149,0,0
-2189,229,-314,2525,212,-1114,0,0
-1433,453,-12,2652,803,-1038,0,0
333,607,299,2969,670,-1202,0,0
1352,690,434,3480,250,-1585,0,0
1232,605,293,3665,-105,-1666,0,0
465,457,-9,3646,-156,-1509,0,0
-98,354,-307,3811,-8,-1458,0,0
-185,282,-470,4071,134,-1494,0,0
47,157,-466,3799,147,-1369,0,0
129,35,-418,3700,-5,-1064,0,0
-174,-7,-267,3727,-33,-1144,0,0
-508,-87,-11,3446,102,-1081,0,0
-754,-115,284,3606,214,-930,0,0
-836,-96,494,3747,376,-920,0,0
-632,-76,563,3973,532,-983,0,0
-183,-95,425,4077,478,-1025,0,0
69,-108,86,3763,294,-991,0,0
55,-80,-215,3402,205,-1058,0,0
63,-62,-259,3292,290,-1062,0,0
288,-27,-10,3543,342,-1117,0,0
512,6,367,3913,280,-1144,0,0
423,35,617,4032,231,-1213,0,0
85,39,600,3952,235,-1328,0,0
-262,1,386,3936,363,-1391,0,0
-211,-100,87,3585,442,-1295,0,0
54,-176,-192,3415,325,-1253,0,0
119,-228,-310,3322,197,-1306,0,0
-32,-298,-243,3081,197,-1261,0,0
-299,-358,-91,2944,204,-1154,0,0
-743,-358,123,3213,265,-1145,0,0
-1388,-298,354,3439,562,-1127,0,0
-1635,-193,411,3353,1272,-948,0,0
-775,-4,194,2964,1551,-1130,0,0
292,177,-100,2866,1202,-1644,0,0
763,156,-314,2986,783,-1672,0,0
510,141,-359,4010,294,-1494,0,0
-241,134,-247,4053,-540,-1657,0,0
-1491,59,-91,3901,-618,-1261,0,0
-1974,56,80,5198,240,-237,0,0
-226,133,-30,5248,-3,52,0,0
1376,154,-224,4394,-1632,94,0,0
296,219,-369,4281,-1996,97,0,0
-958,259,-200,4778,-969,157,0,0
-367,206,117,4687,-540,301,0,0
755,184,331,4809,-611,10,0,0
1145,127,315,4885,-696,-169,0,0
739,41,179,4845,-804,-372,0,0
183,-89,62,4599,-668,-552,0,0
52,-232,-5,4411,-593,-529,0,0
125,-358,-13,4458,-671,-434,0,0
52,-458,38,4942,-475,-365,0,0
-9,-506,-16,5328,-148,-149,0,0
250,-379,-359,5336,107,-457,0,0
478,-72,-569,4872,160,-1171,0,0
536,129,-410,3059,468,-1525,0,0
1147,41,-304,1923,417,-1479,0,0
1310,-126,-78,2399,-191,-1268,0,0
250,-38,245,2819,-133,-1218,0,0
-766,177,420,3307,295,-1434,0,0
-1070,274,464,3524,649,-1362,0,0
-451,356,495,3173,1029,-1301,0,0
877,425,406,3007,912,-1308,0,0
1681,405,321,3317,520,-1355,0,0
1553,267,332,3473,171,-1379,0,0
691,98,341,3394,-24,-1372,0,0
-487,-32,274,3242,80,-1283,0,0
-1224,-106,148,3245,400,-1250,0,0
-1178,-139,105,3966,630,-1123,0,0
-769,-94,172,4788,731,-1048,0,0
-333,-40,33,4066,682,-1313,0,0
37,-64,-616,2738,306,-1350,0,0
206,-42,-1349,2590,-114,-1170,0,0
363,102,-1362,3658,-54,-1173,0,0
966,164,-691,4870,360,-1443,0,0
1750,36,-74,4228,151,-1280,0,0
1826,-8,-90,3518,-547,-1301,0,0
1051,-39,-402,3557,-997,-1328,0,0
132,-166,-383,3418,-695,-1121,0,0
-527,-194,-129,3416,-290,-897,0,0
-519,-92,189,3825,-139,-1108,0,0
-255,-35,522,4128,74,-1423,0,0
1,-94,590,3554,42,-1252,0,0
-142,-116,378,2999,-217,-1106,0,0
-591,-69,150,2979,-232,-1218,0,0
-852,-12,129,3238,61,-1237,0,0
-697,95,213,3280,280,-1387,0,0
-330,204,204,3075,317,-1717,0,0
-109,246,57,3110,398,-2063,0,0
154,157,-111,3056,310,-2174,0,0
152,42,-204,3005,34,-1919,0,0
-331,34,-189,3604,42,-1719,0,0
-752,-48,136,4893,268,-1484,0,0
-1353,-349,294,4011,350,-321,0,0
-1900,-366,-7,4012,435,-38,0,0
-1354,-353,-440,4678,326,-277,0,0
-839,-323,-565,4455,128,12,0,0
-614,-112,-476,4194,236,-396,0,0
324,-74,-168,4391,707,-836,0,0
1740,-231,217,4780,878,-721,0,0
2699,-405,296,4977,144,-284,0,0
1725,-454,118,4629,-483,-267,0,0
-263,-418,-102,4895,-187,-249,0,0
-1403,-384,-202,5311,396,13,0,0
-1256,-325,-249,5188,810,388,0,0
-195,-186,-342,5204,590,410,0,0
390,-9,-394,5386,121,141,0,0
123,159,-287,5404,119,-363,0,0
-50,206,-31,4663,60,-1065,0,0
-769,292,231,2679,-386,-2091,0,0
-1323,492,208,1462,561,-3479,0,0
773,319,91,2340,936,-3379,0,0
1164,13,413,3095,773,-2188,0,0
353,-34,711,3483,1099,-1343,0,0
602,34,522,3622,743,-1582,0,0
763,-3,67,3021,19,-1910,0,0
-123,-93,-291,2511,-177,-1516,0,0
-904,-89,-363,2594,271,-1086,0,0
-625,38,-217,2904,556,-1073,0,0
87,188,5,3239,498,-1213,0,0
412,340,101,3516,253,-1326,0,0
206,469,26,3558,239,-1420,0,0
110,545,-90,3466,473,-1438,0,0
441,562,-179,3414,419,-1481,0,0
652,527,-232,3550,251,-1543,0,0
589,487,-176,4128,208,-1673,0,0
521,397,60,4626,192,-1789,0,0
397,189,219,3980,277,-1641,0,0
179,-47,40,2931,160,-1261,0,0
-157,-157,-198,3061,141,-1067,0,0
-397,-181,-54,3968,292,-1027,0,0
-430,-229,345,4242,425,-940,0,0
-464,-250,490,3655,361,-882,0,0
-602,-160,257,3452,271,-871,0,0
-563,-22,16,3621,473,-916,0,0
-21,66,-29,3464,517,-900,0,0
373,128,26,3037,281,-1005,0,0
199,167,102,3139,365,-1128,0,0
51,173,322,3973,631,-1338,0,0
139,41,554,4337,804,-1484,0,0
-86,-137,469,3987,699,-1353,0,0
-644,-184,26,3674,668,-1414,0,0
-935,-174,-415,3685,902,-1482,0,0
-618,-160,-621,3547,1154,-1412,0,0
228,-180,-670,3271,1011,-1339,0,0
632,-205,-623,3081,677,-1388,0,0
434,-242,-468,3119,664,-1438,0,0
219,-305,-254,3200,814,-1442,0,0
105,-342,-86,3190,859,-1493,0,0
-35,-327,-42,3067,874,-1571,0,0
-222,-271,-82,2910,845,-1504,0,0
-349,-169,-103,2705,931,-1463,0,0
-207,-79,-83,2537,839,-1442,0,0
-259,18,27,3288,690,-1352,0,0
-494,100,172,3671,572,-1269,0,0
-738,210,175,3580,506,-812,0,0
-562,412,202,4276,840,-841,0,0
641,409,295,5109,780,-689,0,0
1714,298,177,5138,72,-487,0,0
1415,172,-153,4965,-721,-271,0,0
-169,136,-467,4677,-879,-90,0,0
-1161,197,-468,4567,-426,-139,0,0
-804,201,-169,4599,22,-44,0,0
113,178,175,4781,123,54,0,0
870,116,302,4904,-185,-33,0,0
686,0,275,4900,-427,-115,0,0
-75,-150,216,4766,-290,-63,0,0
-478,-289,103,4524,-166,-67,0,0
-464,-390,-2,4527,-204,-343,0,0
-301,-529,-30,4873,-75,-569,0,0
-107,-663,-22,4894,45,-536,0,0
-169,-670,-34,4924,259,-681,0,0
-528,-533,27,4763,729,-977,0,0
-576,-427,126,3242,1413,-718,0,0
-16,-182,-170,1909,1298,-725,0,0
470,186,-676,2007,308,-1495,0,0
-359,520,-747,2316,334,-1810,0,0
-1212,760,-92,2991,1351,-1945,0,0
-375,746,673,3288,1874,-1687,0,0
1047,674,805,3323,1184,-1822,0,0
1152,573,550,3379,542,-1982,0,0
288,430,329,3290,671,-1714,0,0
-145,320,192,3315,935,-1348,0,0
129,251,174,3301,952,-1124,0,0
599,195,303,3307,811,-957,0,0
715,149,474,3391,567,-842,0,0
316,120,585,3525,496,-733,0,0
-213,97,595,3555,638,-673,0,0
-362,73,475,3649,778,-535,0,0
-148,104,242,4002,796,-537,0,0
193,146,9,4255,743,-727,0,0
512,121,-170,4067,599,-873,0,0
602,41,-360,3660,421,-1010,0,0
455,-59,-586,3417,251,-1095,0,0
167,-130,-693,3719,185,-1117,0,0
30,-166,-540,4136,302,-1172,0,0
139,-185,-233,4238,344,-1295,0,0
289,-208,-92,3884,109,-1464,0,0
427,-260,-260,3454,-105,-1307,0,0
691,-331,-519,3472,-73,-1203,0,0
709,-405,-501,3653,-164,-1391,0,0
385,-508,-219,3277,-326,-1291,0,0
-145,-512,63,3230,-145,-1058,0,0
-552,-399,332,3649,75,-1179,0,0
-596,-259,583,3655,311,-1015,0,0
-459,-93,626,3368,355,-887,0,0
-252,73,406,3157,257,-1134,0,0
-215,165,142,3028,-181,-1617,0,0
-989,147,68,2947,-157,-1878,0,0
-895,111,92,2673,534,-1716,0,0
-58,159,194,2673,466,-1845,0,0
-189,138,254,2955,448,-1965,0,0
-459,19,196,3065,666,-1859,0,0
-393,-95,57,3200,779,-1777,0,0
-178,-188,-38,4471,753,-1873,0,0
-190,-407,-77,4674,467,-1210,0,0
-774,-470,-301,4311,320,-2392,0,0
-1250,-333,-439,4992,394,-210,0,0
-1177,-236,-375,4758,478,315,0,0
-786,84,-296,4141,301,408,0,0
-218,447,-184,4389,89,128,0,0
177,673,53,4853,373,-228,0,0
1008,695,204,4834,441,-660,0,0
1497,493,161,4599,120,-787,0,0
1029,169,126,4542,-1,-349,0,0
327,-37,226,4728,290,-177,0,0
179,-161,349,4624,502,-261,0,0
170,-204,328,4638,543,-235,0,0
238,-215,162,5060,652,-124,0,0
265,-306,-58,5184,534,334,0,0
-201,-294,-345,5187,378,812,0,0
-535,-114,-546,5223,443,1053,0,0
-535,135,-576,4719,184,743,0,0
-1002,339,-460,3663,-253,-347,0,0
-1440,419,-154,2155,50,-1782,0,0
-1768,441,247,1703,711,-3156,0,0
-915,70,494,3598,1762,-2642,0,0
616,-184,503,4280,1575,-1883,0,0
1047,-287,372,3145,952,-1354,0,0
699,-246,-52,2819,434,-1464,0,0
-73,-184,-372,2816,530,-1491,0,0
-361,-179,-348,2598,849,-1028,0,0
45,-118,-99,2518,804,-767,0,0
470,8,283,2854,724,-667,0,0
722,173,662,3402,724,-567,0,0
935,361,800,3833,760,-565,0,0
1163,562,611,4744,857,-716,0,0
1691,676,124,5143,846,-1127,0,0
2089,470,-569,4000,250,-1253,0,0
1259,119,-1170,2877,-485,-838,0,0
-22,9,-1179,3202,170,-597,0,0
1180,-116,-309,3579,-625,-1125,0,0
423,-295,460,3836,-1343,-1705,0,0
-2746,-307,311,4041,244,-1229,0,0
-2856,-357,174,3657,911,-895,0,0
-1768,-339,176,3553,1200,-418,0,0
-774,-123,265,3659,1093,-406,0,0
-144,94,304,3700,1079,-752,0,0
94,152,344,3719,1062,-768,0,0
253,127,239,3696,964,-653,0,0
257,106,16,3763,694,-630,0,0
