-13,-134,18,882,3855,-898,0,0
-7,-111,39,854,3844,-883,0,0
-1,-73,41,844,3840,-899,0,0
2,-73,34,817,3839,-926,0,0
6,-70,20,799,3853,-950,0,0
16,-22,2,850,3842,-964,0,0
21,-5,5,875,3833,-933,0,0
14,-33,0,885,3839,-918,0,0
13,-33,-1,879,3844,-898,0,0
3,-14,-1,863,3871,-881,0,0
-16,-15,-13,858,3883,-913,0,0
-25,-17,-22,845,3837,-926,0,0
-29,-2,-34,871,3852,-910,0,0
-40,1,-46,930,3868,-887,0,0
-59,-39,-40,945,3841,-884,0,0
-90,-146,-62,1034,3843,-920,0,0
-124,-359,-119,1169,3841,-1043,0,0
-196,-878,-207,1398,3659,-1442,0,0
-151,-1496,-135,1448,3525,-1753,0,0
24,-1779,-6,1863,3732,-1925,0,0
271,-2608,290,1703,3792,-2067,0,0
533,-2869,589,1439,3749,-2261,0,0
903,-2682,780,1217,3747,-2450,0,0
1233,-2487,841,991,3612,-2774,0,0
1573,-2179,853,833,3616,-3000,0,0
1868,-1824,788,696,3593,-3240,0,0
2161,-1443,678,443,3606,-3344,0,0
2397,-1316,482,181,3552,-3560,0,0
2617,-901,303,239,3635,-3130,0,0
2676,-537,237,23,3207,-2835,0,0
2652,-289,255,80,2749,-2879,0,0
2525,-685,174,-150,2191,-3028,0,0
2333,-729,-58,-363,1823,-3249,0,0
2195,-487,-274,-405,1538,-3343,0,0
1998,-363,-441,-394,1274,-3563,0,0
1788,-253,-359,-310,952,-3636,0,0
1720,-151,-207,-593,803,-3405,0,0
1603,373,-151,-201,156,-3497,0,0
1397,274,-36,-165,-430,-3679,0,0
1130,-101,25,-389,-1001,-3510,0,0
824,-43,37,-286,-1144,-3390,0,0
430,-136,-7,-361,-1211,-3524,0,0
14,-366,82,-345,-1358,-3765,0,0
-342,-631,106,-549,-1145,-3344,0,0
-887,-403,28,-698,-949,-3866,0,0
-1394,-560,-37,-837,-526,-3920,0,0
-1700,-530,87,-975,323,-3656,0,0
-2026,107,302,-852,1049,-3351,0,0
-2283,182,402,-755,1618,-2818,0,0
-2699,609,477,173,2869,-2146,0,0
-3105,1317,404,-154,3265,-1569,0,0
-3547,2238,137,223,3663,-3410,0,0
-3731,433,-172,-629,3803,-3413,0,0
-3757,195,-519,382,5286,-3169,0,0
-3905,-819,-569,-616,5126,-3747,0,0
-3280,5,-320,-204,4403,-2950,0,0
-2773,-261,-106,-353,4430,-2673,0,0
-2419,-118,-20,134,4327,-2814,0,0
-1975,989,118,-24,4562,-2876,0,0
-1502,3108,-256,481,4501,-3130,0,0
-1053,2979,-555,1431,3707,-2732,0,0
-1008,1246,-623,798,3560,-2046,0,0
-925,1726,-802,588,3787,-1269,0,0
-821,2413,-789,877,3295,-1479,0,0
-845,2237,-370,301,3478,-2039,0,0
-268,1911,151,599,4106,-2257,0,0
587,990,477,391,4258,-1293,0,0
763,1033,689,449,4008,-1463,0,0
910,-731,940,521,4223,-1727,0,0
1065,-6471,813,-773,4574,-431,0,0
1068,-5557,258,-1277,4802,-331,0,0
1048,-968,-110,-43,4552,-1672,0,0
1027,426,-248,1170,4163,-2754,0,0
1536,-947,69,1275,4030,-3654,0,0
2422,-1821,305,192,4763,-3312,0,0
3025,-944,241,-272,5319,-2829,0,0
3314,142,262,-376,5095,-2225,0,0
3262,1386,504,77,4622,-1819,0,0
3057,1799,1027,290,3599,-2198,0,0
2974,1413,1572,82,2657,-2201,0,0
2814,308,1646,-245,2225,-2173,0,0
2518,-526,1239,-113,1571,-2583,0,0
2171,-771,750,-317,1061,-2753,0,0
1844,-533,323,-201,998,-3061,0,0
1486,-467,-109,140,532,-2973,0,0
967,-897,-379,-35,23,-3408,0,0
514,-1533,-705,84,-106,-3878,0,0
412,-1533,-876,-199,165,-3824,0,0
469,-631,-765,-130,462,-4078,0,0
715,-217,-370,-333,200,-4102,0,0
862,-117,5,-353,15,-3993,0,0
804,-188,113,-150,-316,-4168,0,0
658,-57,237,-381,-997,-3812,0,0
442,256,316,-220,-1323,-4136,0,0
142,-176,238,-507,-1280,-4530,0,0
-57,-335,76,-673,-1009,-4833,0,0
-136,-300,29,-813,-777,-4900,0,0
-114,-318,82,-1107,-801,-4709,0,0
-109,-133,65,-1045,-758,-4210,0,0
-330,-137,-31,-448,-491,-3444,0,0
-820,-468,-30,-305,-162,-2784,0,0
-1308,-238,134,-515,-36,-3203,0,0
-1454,-272,350,-1164,409,-3161,0,0
-1676,184,354,-367,1440,-2438,0,0
-2270,-48,396,-594,1557,-3142,0,0
-2562,-192,555,-518,2312,-2477,0,0
-2857,-379,753,-440,3056,-2657,0,0
-3066,-84,833,-961,3195,-2443,0,0
-3182,239,727,-862,3725,-2984,0,0
-3238,209,380,-1330,3883,-2617,0,0
-3231,1042,-113,-688,4771,-3229,0,0
-3139,1565,-472,-693,4316,-3287,0,0
-2698,2482,-581,-529,4107,-2295,0,0
-2522,4338,-761,13,4428,-2082,0,0
-2342,7436,-867,1354,4894,-1967,0,0
-1417,7101,-1058,2255,4633,-1708,0,0
-893,3936,-1101,1557,4220,-1295,0,0
-514,2258,-989,1553,3918,-948,0,0
-198,1339,-768,1306,4109,-438,0,0
-189,357,-621,1590,4231,-376,0,0
-375,-1453,-331,1673,4145,-868,0,0
-490,-3212,254,1249,3974,-1049,0,0
-353,-4008,839,503,4063,-1014,0,0
74,-3237,1011,-358,4076,-936,0,0
523,-4367,557,-1119,4105,-361,0,0
554,-4747,50,-1251,4038,358,0,0
507,-1267,-14,41,4326,56,0,0
479,-32,39,874,4200,-28,0,0
297,-972,145,680,3859,81,0,0
195,-1532,159,257,3829,92,0,0
132,-1409,135,17,4119,84,0,0
67,-1140,103,-520,4165,-286,0,0
55,-563,38,-823,4162,-488,0,0
15,194,-49,-295,4113,-568,0,0
0,507,-69,180,4128,-472,0,0
10,360,-55,290,3972,-610,0,0
59,120,-15,16,3910,-708,0,0
124,128,-33,-133,3899,-693,0,0
143,156,-62,-42,4032,-579,0,0
117,181,-67,62,4150,-611,0,0
98,141,-37,-97,4098,-640,0,0
59,212,-53,-139,4052,-685,0,0
36,287,-68,-41,3969,-815,0,0
29,283,-66,134,3874,-878,0,0
30,43,-72,51,4006,-807,0,0
-1,-151,-86,-81,4098,-822,0,0
3,-365,-98,-392,3961,-1100,0,0
260,-648,-113,-270,3812,-2369,0,0
462,-1757,-86,-521,4124,-3805,0,0
856,-1237,-346,-492,4369,-3987,0,0
1475,-238,-356,-294,4317,-3065,0,0
1994,43,-188,-313,3996,-2296,0,0
2429,798,-81,100,3493,-2301,0,0
2543,1461,125,304,3552,-1976,0,0
2576,1819,329,618,3356,-2285,0,0
2622,1300,553,1030,3362,-2527,0,0
2567,-64,584,1071,3396,-2482,0,0
2448,-1864,391,443,3231,-3293,0,0
2512,-2059,217,-857,2803,-3422,0,0
2538,-548,170,-779,2431,-3857,0,0
2475,-218,238,-644,2094,-3667,0,0
2324,-335,218,-618,1623,-3623,0,0
2179,-319,143,-452,1294,-3322,0,0
1885,-393,72,-663,982,-3090,0,0
1553,-157,44,-688,202,-3099,0,0
1224,99,-41,-383,35,-2950,0,0
797,-17,-212,28,224,-3139,0,0
228,249,-197,-167,-13,-2441,0,0
-258,317,9,-237,-459,-4171,0,0
-372,-226,256,-1273,-500,-4797,0,0
-430,18,-44,-1425,-586,-6144,0,0
-362,33,-322,-1159,-543,-6215,0,0
-295,-205,-454,-1030,-356,-5339,0,0
-332,-427,-518,-660,-66,-4403,0,0
-556,-376,-465,-622,273,-3366,0,0
-977,-47,-373,-269,669,-3133,0,0
-1486,-232,-278,-82,683,-2756,0,0
-1888,-558,22,-569,786,-3061,0,0
-2061,-571,173,-833,1101,-2739,0,0
-2303,-350,105,-1046,1601,-3051,0,0
-2406,581,-98,-640,1836,-2670,0,0
-2511,1002,-184,114,2770,-2821,0,0
-2566,306,-17,120,3179,-2768,0,0
-2565,-457,121,84,3915,-2528,0,0
-2504,-92,147,-104,3443,-2614,0,0
-2426,-167,144,-519,3566,-2404,0,0
-2372,196,118,-638,2914,-2812,0,0
-2122,-19,184,-1143,3737,-2565,0,0
-1942,795,-32,-756,4995,-2587,0,0
-1839,1884,-196,-337,4933,-2916,0,0
-1589,2168,-211,132,4318,-2625,0,0
-1280,1354,-89,474,3972,-2569,0,0
-1053,28,21,335,3751,-2258,0,0
-833,-391,45,432,3746,-2144,0,0
-482,-79,96,320,3617,-2026,0,0
-116,612,156,291,3526,-1945,0,0
196,708,297,402,3934,-1840,0,0
449,-68,468,-355,4563,-1710,0,0
542,-1874,168,-2200,4497,-636,0,0
439,-1825,-227,-1318,4224,-674,0,0
670,-552,41,377,4312,-1356,0,0
712,-1120,460,356,4199,-1039,0,0
617,-864,361,142,3917,-636,0,0
413,-518,124,646,3706,-582,0,0
167,-1414,75,481,3688,-351,0,0
-8,-2325,-5,121,3846,-331,0,0
-12,-2275,-112,-543,4054,-807,0,0
137,-1013,-55,-705,4166,-967,0,0
211,-521,50,-1104,4148,-709,0,0
139,2,-101,-1242,3972,-555,0,0
-34,903,-304,-558,3961,-900,0,0
-131,1219,-287,-211,3873,-1080,0,0
-162,1031,-184,-277,3817,-1188,0,0
-174,855,-134,-246,3811,-1319,0,0
-185,640,-93,-343,3839,-1459,0,0
-172,424,-70,-357,3907,-1526,0,0
-129,218,-59,-478,3850,-1762,0,0
19,351,-86,-498,3807,-1568,0,0
86,271,-117,-577,3746,-2053,0,0
393,30,-168,-852,3993,-2537,0,0
751,107,-288,-989,3979,-3061,0,0
1016,498,-454,-894,3897,-3017,0,0
1388,1148,-390,-278,3824,-3106,0,0
1710,930,-165,-226,3880,-3079,0,0
1948,858,-40,-17,3854,-3206,0,0
2119,587,132,-214,3702,-3123,0,0
2280,213,323,-2328,3497,-3337,0,0
2361,-84,328,-878,3218,-3266,0,0
2224,-176,57,-482,2862,-3435,0,0
2135,-692,-141,-456,2831,-3301,0,0
2117,-672,-241,-428,2615,-3285,0,0
2176,-541,-281,-379,2268,-3040,0,0
2174,-290,-300,-242,2111,-2683,0,0
2099,50,-247,-469,1519,-2651,0,0
1902,410,-123,-266,1115,-2735,0,0
1669,424,-60,-374,791,-2813,0,0
1380,764,-42,-306,188,-3248,0,0
1183,889,46,-573,-14,-3146,0,0
941,1157,174,213,-325,-3054,0,0
775,623,326,431,-506,-3484,0,0
542,431,500,454,-825,-3893,0,0
264,-295,641,11,-675,-3923,0,0
-104,-711,480,-149,-530,-4127,0,0
-461,-1056,43,-524,-372,-4497,0,0
-633,-198,-325,-685,-342,-4724,0,0
-782,813,-379,-452,-431,-6214,0,0
-637,114,-171,-634,-381,-6094,0,0
-432,-559,-57,-638,-47,-5238,0,0
-472,-545,-61,-564,385,-3853,0,0
-770,-428,39,-650,524,-2997,0,0
-1200,-707,21,-141,851,-2109,0,0
-1738,-935,127,-311,1208,-2134,0,0
-2147,-1297,356,-244,1658,-2034,0,0
-2460,-2178,673,-964,1992,-2584,0,0
-2629,-2440,921,-1634,2613,-2716,0,0
-2615,-1168,937,-1923,2886,-2922,0,0
-2535,-354,935,-1016,3718,-2628,0,0
-2590,-161,1147,-1670,4073,-2559,0,0
-2636,1695,1093,-1328,3608,-2297,0,0
-2647,2534,883,-883,3559,-2885,0,0
-2335,1012,605,-852,4083,-2842,0,0
-2042,45,341,-838,4452,-2490,0,0
-2024,244,80,-614,4352,-2555,0,0
-1872,914,-115,61,4152,-2744,0,0
-1453,990,66,-349,4191,-2524,0,0
-814,1241,376,-417,4202,-2401,0,0
-327,7,495,-420,4263,-2327,0,0
-55,-519,408,-672,4023,-2029,0,0
260,169,306,-532,3697,-1866,0,0
490,154,189,-305,3748,-1385,0,0
458,32,40,124,4263,-1013,0,0
439,-462,-27,152,4179,-626,0,0
359,-593,48,22,3898,-397,0,0
324,-976,159,-356,3874,-520,0,0
246,-800,125,-302,4179,-301,0,0
108,-207,-17,-17,3961,-531,0,0
76,7,-50,34,4008,-727,0,0
102,7,-75,83,4111,-930,0,0
126,-144,-6,24,4089,-952,0,0
166,-297,84,-214,4072,-972,0,0
204,-340,94,-504,3964,-922,0,0
133,24,-37,-551,3927,-922,0,0
45,423,-217,-445,3907,-981,0,0
-53,671,-306,-142,3955,-1044,0,0
-106,405,-213,86,3997,-1097,0,0
-67,6,-50,30,3999,-1066,0,0
-14,-106,21,-108,4013,-983,0,0
53,-110,-10,-215,3943,-965,0,0
145,-420,-22,-119,3907,-1116,0,0
67,-849,25,-339,3895,-1033,0,0
56,-475,32,-357,3932,-1015,0,0
57,-225,38,-352,3992,-962,0,0
-10,-102,8,-373,4009,-925,0,0
-56,78,-1,-420,3984,-897,0,0
-69,268,-35,-389,3982,-936,0,0
-74,373,-52,-272,3966,-1010,0,0
-39,361,-33,-207,3961,-1030,0,0
2,280,-22,-175,3923,-1029,0,0
5,260,-27,-175,3906,-1013,0,0
7,270,-50,-266,3972,-971,0,0
-32,381,-117,-391,3945,-925,0,0
-128,686,-235,-420,3897,-901,0,0
-200,927,-314,-105,3953,-1002,0,0
-188,778,-227,-86,4010,-1002,0,0
-164,687,-159,-150,3935,-1239,0,0
-76,437,-105,-298,3899,-1736,0,0
130,385,-114,-360,3919,-2156,0,0
399,251,-93,-94,4046,-2721,0,0
744,-22,7,-317,3991,-2863,0,0
1113,-96,60,-413,3635,-2934,0,0
1493,40,61,-42,3746,-3101,0,0
1829,-38,54,234,3671,-3131,0,0
2170,-55,43,333,3840,-2848,0,0
2431,-163,41,-95,3910,-2990,0,0
2694,396,106,-193,3851,-2994,0,0
2742,648,349,33,3802,-3143,0,0
2702,119,664,-182,2976,-3494,0,0
2703,-565,770,-263,2350,-3184,0,0
2546,-1122,425,-247,2261,-3223,0,0
2322,-1051,-81,-208,2172,-3113,0,0
2088,-473,-348,-336,2116,-3015,0,0
1913,-89,-452,-350,1608,-2891,0,0
1699,348,-290,-219,1053,-2969,0,0
1428,436,59,-180,438,-3047,0,0
1077,100,262,-343,13,-3324,0,0
758,192,140,-497,-155,-3735,0,0
435,461,-81,-332,-310,-4251,0,0
121,164,-172,-267,-256,-4500,0,0
-73,-37,-150,-303,-205,-4649,0,0
-224,-155,-65,-492,-108,-4559,0,0
-442,-207,4,-537,-164,-4491,0,0
-680,-401,-58,-768,26,-3914,0,0
-1005,-292,-241,-511,302,-3757,0,0
-1369,-523,-201,-323,707,-3370,0,0
-1753,-1125,64,-222,1344,-2916,0,0
-2015,-1541,395,-440,1712,-2187,0,0
-2296,-1294,757,-893,2137,-2164,0,0
-2353,-483,852,-1087,2397,-1939,0,0
-2548,551,656,-360,2844,-2483,0,0
-2730,580,604,-608,3110,-2542,0,0
-2843,318,532,-197,4145,-2986,0,0
-2840,-1097,647,-964,4600,-3246,0,0
-2667,-1870,741,-1074,4506,-3088,0,0
-2487,-1376,744,-1580,3807,-3147,0,0
-1973,152,703,-1523,4244,-2821,0,0
-1582,1464,387,-1289,4511,-2478,0,0
-1295,2901,-54,-545,4071,-2146,0,0
-1175,3390,-328,-55,3648,-2066,0,0
-1034,3118,-392,36,3754,-2401,0,0
-834,2318,-394,269,3984,-2414,0,0
-708,1262,-288,206,4135,-2270,0,0
-404,704,-65,199,3843,-2164,0,0
-43,350,253,-86,3494,-1864,0,0
265,93,423,9,3804,-1849,0,0
570,-1125,426,198,4197,-1374,0,0
745,-1878,190,-751,4502,-417,0,0
833,148,-192,-347,4165,-561,0,0
721,236,-9,162,4099,-829,0,0
601,-897,364,-130,4149,-701,0,0
541,-857,408,-187,4087,-672,0,0
298,-557,280,-60,3944,-597,0,0
56,-440,132,-48,3809,-780,0,0
52,-400,57,-130,3811,-989,0,0
86,-235,36,-291,3952,-1060,0,0
102,83,4,-295,4098,-1099,0,0
82,334,-30,-237,4022,-1109,0,0
44,437,-28,-212,3895,-1228,0,0
20,382,-51,-229,3829,-1243,0,0
-5,523,-145,-168,3839,-1285,0,0
-36,640,-240,-2,3828,-1351,0,0
-45,502,-200,108,3887,-1355,0,0
-45,398,-149,63,3923,-1366,0,0
2,465,-121,60,3856,-1376,0,0
70,451,-71,56,3842,-1325,0,0
90,370,-32,-53,3905,-1336,0,0
70,445,-63,-46,3836,-1351,0,0
-18,338,-74,119,3801,-1542,0,0
-114,-76,-65,84,3744,-1922,0,0
-47,-269,-94,89,3663,-2325,0,0
91,-341,-54,234,3693,-2843,0,0
359,-762,15,-159,3839,-3195,0,0
849,-274,-3,86,3970,-3288,0,0
1243,-303,116,567,4046,-3420,0,0
1618,-810,289,276,3771,-3194,0,0
1989,-569,372,309,3654,-2957,0,0
2266,-262,488,362,3422,-2729,0,0
2461,-193,690,-213,2791,-2691,0,0
2717,296,776,-80,2327,-2430,0,0
2696,17,621,335,2662,-2419,0,0
2461,-428,243,277,2541,-2504,0,0
2130,-102,10,114,2536,-2453,0,0
1732,206,-209,64,2257,-3086,0,0
1569,382,-342,73,1877,-3336,0,0
1462,452,-178,94,1384,-3303,0,0
1349,-167,144,16,1158,-3616,0,0
1242,-695,349,36,791,-3739,0,0
1081,-1097,234,-401,580,-3763,0,0
907,-762,78,-213,365,-3956,0,0
761,-789,65,-515,461,-3774,0,0
550,-364,86,-627,36,-4171,0,0
384,-122,148,-739,-294,-4104,0,0
125,117,67,-560,-196,-4807,0,0
-72,-79,-51,-606,-31,-4934,0,0
-230,-73,-203,-681,351,-5451,0,0
-244,5,-194,-688,410,-5398,0,0
-296,-27,-82,-598,217,-4995,0,0
-409,-95,-82,-675,143,-4567,0,0
-615,115,-128,-397,392,-4237,0,0
-817,205,-90,-297,559,-4268,0,0
-1017,-118,-17,-275,791,-4031,0,0
-1154,165,256,-266,1065,-3996,0,0
-1056,326,519,131,1419,-2979,0,0
-1393,-703,658,-316,1294,-3260,0,0
-1552,-1102,654,-300,1578,-2586,0,0
-1825,-997,569,-364,1845,-2663,0,0
-1854,-41,471,-827,2061,-2147,0,0
-2070,465,146,-62,2315,-2542,0,0
-2236,85,57,-758,2427,-2934,0,0
-2112,728,-83,-373,2546,-2608,0,0
-1950,945,-101,-839,2598,-3410,0,0
-1648,1283,-238,-550,2873,-3056,0,0
-1407,1150,-190,232,3508,-3480,0,0
-1349,171,19,-42,3723,-2919,0,0
-1304,501,105,189,3737,-2450,0,0
-1275,442,119,326,3723,-2329,0,0
-1255,432,62,164,3807,-2212,0,0
-1144,989,-72,251,3955,-2270,0,0
-1113,854,-303,324,4034,-2348,0,0
-956,839,-402,-239,3997,-2499,0,0
-490,2026,-523,-634,4011,-3129,0,0
203,2461,-403,701,3700,-2869,0,0
372,145,-101,652,3581,-1910,0,0
253,-1283,-32,432,3787,-1576,0,0
214,-1443,28,306,3961,-1383,0,0
186,-1034,97,221,4075,-860,0,0
107,-479,125,232,3943,-477,0,0
51,-359,148,-9,3688,-991,0,0
48,-278,186,0,3873,-1355,0,0
72,98,143,-327,4068,-1312,0,0
93,301,20,-374,3890,-1419,0,0
111,213,61,-262,3719,-1491,0,0
87,-8,79,10,3765,-1334,0,0
-16,-314,39,151,3850,-1111,0,0
-98,-311,14,38,3940,-1083,0,0
-68,-61,5,-34,3886,-1309,0,0
21,289,17,-88,3834,-1335,0,0
71,446,-29,-43,3894,-1398,0,0
69,566,-56,-28,3918,-1505,0,0
98,701,-37,269,3936,-1466,0,0
96,157,6,285,3897,-1346,0,0
13,-33,-8,183,3826,-1367,0,0
-51,-64,-30,231,3797,-1477,0,0
-73,-172,-29,73,3817,-1495,0,0
-111,60,-82,28,3837,-1424,0,0
-153,348,-119,224,3774,-1598,0,0
-117,-266,-76,596,3764,-2315,0,0
78,-1089,20,69,3709,-2813,0,0
460,-501,-6,72,3924,-2924,0,0
785,-155,-5,368,4044,-2716,0,0
1028,-452,207,334,3992,-2810,0,0
1348,-767,365,-25,3739,-2916,0,0
1597,-329,255,-97,3500,-3281,0,0
1910,441,67,258,3471,-3183,0,0
2156,422,45,272,3587,-2883,0,0
2381,596,60,248,3323,-2585,0,0
2510,90,227,380,2787,-2944,0,0
2436,-1066,324,-127,2714,-3397,0,0
2342,-1278,127,-292,2462,-3640,0,0
2344,-951,-62,-29,2265,-3602,0,0
2339,-845,-147,-19,2164,-3266,0,0
2237,-515,-186,-256,1770,-3075,0,0
2099,11,-89,-131,1408,-3058,0,0
1854,172,103,-239,670,-3087,0,0
1622,30,150,-375,480,-3493,0,0
1441,19,115,-469,180,-3724,0,0
1288,-45,92,-558,-157,-3782,0,0
1127,22,97,-569,-534,-4010,0,0
965,-168,100,-553,-858,-3923,0,0
767,-428,70,-688,-1021,-4066,0,0
535,-180,73,-1077,-1141,-4156,0,0
434,93,185,-1295,-1151,-4122,0,0
291,-93,188,-1191,-1276,-3834,0,0
-182,48,-28,-970,-1424,-3458,0,0
-695,296,-284,-547,-1287,-3468,0,0
-1084,-199,-357,-558,-895,-3633,0,0
-1351,-371,-302,-942,-236,-3191,0,0
-1711,305,-264,-667,417,-3068,0,0
-2154,736,-310,-374,1191,-2835,0,0
-2601,677,-396,-278,1832,-3265,0,0
-2866,1068,-488,-417,2306,-2614,0,0
-3207,996,-689,510,2945,-3459,0,0
-3205,218,-491,536,3104,-3112,0,0
-3123,-347,-132,-274,3484,-3194,0,0
-2944,-156,-116,184,3681,-2890,0,0
-2880,-1236,18,-238,3832,-3482,0,0
-2744,-2081,202,-532,3954,-2989,0,0
-2356,-1815,384,-811,3948,-3128,0,0
-1989,-1608,524,-1096,3908,-2772,0,0
-1861,-1286,458,-804,4085,-2744,0,0
-1650,-584,444,-741,4361,-2477,0,0
-1374,303,366,-735,4518,-2066,0,0
-1176,1019,207,-341,4143,-2217,0,0
-969,1248,89,-440,3910,-1922,0,0
-780,1472,-10,172,3948,-1767,0,0
-748,540,113,507,4071,-1639,0,0
-798,2137,293,-140,3405,-898,0,0
-662,721,661,-122,3894,-652,0,0
-323,3128,216,-1888,4184,-719,0,0
-76,1424,-432,-959,4072,-1167,0,0
175,1727,-131,453,4178,-953,0,0
292,1488,104,588,4084,-310,0,0
324,667,77,649,3971,-262,0,0
307,-849,101,330,4071,-89,0,0
229,-1942,166,22,4044,108,0,0
132,-1749,172,-388,4279,249,0,0
69,-1087,68,-531,4149,17,0,0
28,-465,18,-405,4201,23,0,0
-26,145,6,-163,4076,-119,0,0
-52,522,-18,-142,4007,-195,0,0
-61,843,-71,-28,3991,-410,0,0
-42,873,-67,11,4173,-439,0,0
-25,761,-53,105,4056,-521,0,0
5,141,-10,61,4019,-463,0,0
18,-255,16,143,4035,-401,0,0
38,-561,84,70,3927,-624,0,0
105,-1101,169,-65,3872,-874,0,0
232,-1265,162,-165,4181,-836,0,0
378,-803,29,67,4315,-860,0,0
600,-790,-52,296,4199,-1115,0,0
806,-992,-53,287,4115,-1161,0,0
933,-697,-63,67,4136,-1200,0,0
1009,-74,-150,379,3857,-1784,0,0
926,-713,26,181,3951,-2477,0,0
1176,-384,172,105,4023,-2767,0,0
1515,-67,283,645,3976,-2944,0,0
1778,-1025,419,395,4167,-2964,0,0
2019,-1442,372,204,4265,-2934,0,0
2127,-1812,402,300,3957,-2793,0,0
2158,-2062,443,-275,3406,-2290,0,0
2126,-1557,270,-875,2561,-2699,0,0
2171,-1117,-16,-726,3242,-3119,0,0
2204,-908,-269,-1180,3279,-3197,0,0
2255,-423,-407,-1164,3014,-3241,0,0
2276,-282,-477,-1175,2441,-3356,0,0
2159,519,-608,-717,2036,-3744,0,0
2238,627,-597,-554,2044,-3912,0,0
2249,-279,-573,-743,1853,-3359,0,0
2114,-281,-422,-591,1520,-3311,0,0
2030,-537,-324,-1129,896,-3205,0,0
1858,-335,-240,-1087,365,-3114,0,0
1613,-338,-249,-1353,-304,-2702,0,0
1265,-159,-268,-1316,-655,-3197,0,0
1076,-246,-169,-1629,-879,-2516,0,0
754,360,-120,-1599,-1273,-2822,0,0
364,618,-170,-1539,-1440,-3069,0,0
-186,935,-314,-1188,-1807,-3708,0,0
-792,549,-481,-777,-1469,-3930,0,0
-1168,332,-394,-539,-915,-3704,0,0
-1371,126,-99,-525,-523,-3412,0,0
-1729,-346,22,-684,193,-3041,0,0
-2154,485,58,-717,1158,-2678,0,0
-2644,1046,-32,-13,1791,-3240,0,0
-2958,216,64,-133,2460,-3078,0,0
-3239,-920,373,-147,3249,-3271,0,0
-3207,-1086,652,-474,3170,-2903,0,0
-3236,-639,939,-359,3872,-2872,0,0
-3026,424,1049,-1323,3972,-2620,0,0
-3155,1567,559,164,4676,-2563,0,0
-3269,1817,20,12,4420,-2567,0,0
-3095,2433,-380,286,4707,-2427,0,0
-2791,2991,-719,414,4655,-2201,0,0
-2148,3751,-937,329,5041,-2571,0,0
-1322,5957,-1278,887,4979,-1552,0,0
-738,8901,-1378,2769,4411,-1914,0,0
-258,8091,-981,2852,4080,-1646,0,0
-102,4390,-632,2083,3810,-292,0,0
-179,2938,-417,1281,4037,415,0,0
-336,2702,-161,1018,3605,466,0,0
-376,2578,81,885,3529,289,0,0
-336,2073,206,938,3905,221,0,0
-345,811,124,570,3998,-438,0,0
-288,-878,-188,-26,4265,-1688,0,0
168,-400,-222,228,4215,-1114,0,0
314,-752,-6,395,4205,47,0,0
160,-1216,21,-97,4275,192,0,0
125,-796,82,-225,4382,571,0,0
46,-134,165,-545,3977,430,0,0
-122,576,215,-390,3886,24,0,0
-168,512,159,-290,4041,-250,0,0
-44,105,19,-204,4148,-398,0,0
72,79,-31,137,4147,-258,0,0
70,-49,-11,312,4162,-72,0,0
43,39,-14,373,4102,16,0,0
10,115,8,500,4054,-6,0,0
-1,-160,41,441,4052,23,0,0
16,-337,66,173,3977,-71,0,0
70,-283,106,108,3986,-66,0,0
45,-438,96,-105,3947,-2,0,0
-8,-466,15,-291,4095,-55,0,0
0,-424,-56,-136,4136,-110,0,0
-46,-420,-62,115,4111,-244,0,0
-46,-655,-18,148,3852,-345,0,0
4,-789,-30,94,4019,-132,0,0
64,-840,-61,284,4217,-79,0,0
48,-517,-29,111,4196,-117,0,0
-36,-14,-23,212,4087,-375,0,0
-7,-288,-17,242,4055,-387,0,0
64,-863,-5,677,3978,-581,0,0
122,-2608,79,1227,3960,-684,0,0
282,-4357,165,1377,4037,-1063,0,0
537,-5481,140,2008,4078,-1318,0,0
821,-5678,313,1036,4246,-1373,0,0
1261,-4058,458,929,4507,-1875,0,0
1648,-3842,659,1033,4577,-2109,0,0
2076,-3487,716,392,4434,-2256,0,0
2529,-2473,543,265,4075,-2857,0,0
2726,-1816,396,-425,4186,-3042,0,0
2867,103,245,-244,4272,-3050,0,0
2998,1213,412,525,3847,-3258,0,0
3094,29,778,511,3468,-3356,0,0
3171,-1593,675,-651,3102,-3206,0,0
3105,-979,238,-535,2908,-3053,0,0
2946,-566,115,-213,2339,-2735,0,0
2647,-827,93,-478,1862,-2514,0,0
2303,-850,18,-557,1295,-2766,0,0
2014,-793,23,-700,787,-2718,0,0
1725,-604,31,-927,516,-2866,0,0
1493,-54,-42,-1064,65,-3224,0,0
1202,347,-61,-897,-454,-3497,0,0
879,379,10,-1079,-960,-3792,0,0
557,81,6,-1217,-975,-3947,0,0
259,14,37,-1109,-1001,-4090,0,0
-99,268,19,-1135,-1051,-3696,0,0
-470,611,83,-731,-1079,-4305,0,0
-726,-50,183,-1047,-850,-4141,0,0
-916,-509,109,-1122,-409,-3319,0,0
-1403,-492,5,-1190,-177,-2716,0,0
-1929,-272,125,-816,613,-2731,0,0
-2270,-39,233,-788,990,-2962,0,0
-2557,423,272,-150,2266,-2781,0,0
-2929,852,200,-519,2511,-2589,0,0
-3194,2106,48,-205,3032,-2769,0,0
-3090,3113,-218,-55,2655,-2700,0,0
-2974,3187,-547,1056,3659,-3299,0,0
-2695,1726,-856,414,3649,-3253,0,0
-2401,1336,-1052,720,4029,-2900,0,0
-2216,1680,-1220,710,4032,-3212,0,0
-1944,1816,-1286,834,4421,-2690,0,0
-1808,2206,-1416,1466,4473,-2088,0,0
-1596,2521,-1364,1495,4372,-2030,0,0
-1318,3299,-1153,1743,4157,-1408,0,0
-1064,3447,-888,1791,4291,-1029,0,0
-743,3177,-645,1893,4262,-692,0,0
-443,2546,-481,1636,4063,-315,0,0
-172,2889,-352,1092,3854,221,0,0
-87,4009,-203,1230,3777,156,0,0
-12,3653,-46,1283,4143,-541,0,0
60,1817,78,1233,3986,-1317,0,0
100,105,170,891,3907,-1278,0,0
142,-1094,170,799,4257,-423,0,0
235,-1320,180,412,4230,219,0,0
218,-672,169,335,3896,191,0,0
72,-395,241,283,3962,181,0,0
-96,-423,301,174,4053,-59,0,0
-107,-282,238,210,4001,-243,0,0
-66,-170,126,355,3945,-235,0,0
-29,-236,52,295,4044,-275,0,0
-15,-265,7,388,3955,-317,0,0
-1,-243,-5,399,4132,-300,0,0
46,-148,-49,535,4079,-248,0,0
17,-116,-5,658,3972,-270,0,0
-25,-361,54,605,4050,-282,0,0
-11,-571,46,512,4016,-251,0,0
-18,-568,57,512,4013,-236,0,0
-45,-631,88,510,4037,-243,0,0
-66,-742,123,567,3994,-252,0,0
-85,-579,147,605,4025,-264,0,0
-62,-315,143,642,4002,-336,0,0
-38,-312,137,615,4034,-236,0,0
-60,-349,130,531,4060,-223,0,0
-65,-304,102,404,3963,-324,0,0
-38,-230,48,423,4029,-329,0,0
7,-176,-7,451,4065,-312,0,0
48,169,-17,539,3984,-291,0,0
28,226,-44,665,3984,-344,0,0
6,88,-62,742,3998,-369,0,0
2,16,-50,731,3992,-336,0,0
-5,-36,-42,699,3946,-340,0,0
-13,-62,-33,696,4001,-317,0,0
-22,-113,-24,693,3995,-300,0,0
-24,-190,-15,685,4000,-303,0,0
-18,-162,-14,668,3926,-295,0,0
-5,-99,2,648,3974,-274,0,0
11,-61,7,607,3977,-296,0,0
15,-40,3,621,4006,-337,0,0
21,11,-6,731,4044,-282,0,0
5,54,20,739,3914,-319,0,0
-24,3,59,775,3967,-394,0,0
-21,-153,46,1145,4014,-598,0,0
-10,-417,83,1807,3888,-998,0,0
189,-503,270,2409,4019,-1378,0,0
573,-1604,447,3448,3920,-1844,0,0
925,-3169,911,3143,4077,-1775,0,0
1265,-3629,1387,2568,4526,-1857,0,0
1657,-3330,1631,2220,4667,-1950,0,0
1966,-3081,1643,1685,4523,-1995,0,0
2201,-2646,1621,1360,4047,-2304,0,0
2422,-2195,1623,955,3515,-2315,0,0
2594,-1972,1440,1015,3186,-2428,0,0
2708,-2339,1039,689,2917,-2701,0,0
2739,-2664,389,108,2557,-2914,0,0
2641,-2076,-117,14,2321,-3247,0,0
2545,-1385,-97,-476,1954,-3038,0,0
2403,-725,236,-428,1501,-2892,0,0
2220,-785,375,-556,1074,-2959,0,0
1951,-510,397,-827,427,-3081,0,0
1659,-195,415,-897,-133,-2989,0,0
1373,-53,297,-1134,-451,-3051,0,0
1026,443,98,-1130,-817,-3096,0,0
589,1019,-145,-834,-1239,-3358,0,0
296,755,-313,-466,-1139,-4051,0,0
-21,-14,-336,-534,-1131,-4397,0,0
-281,-200,-238,-519,-849,-4513,0,0
-509,-138,-115,-683,-696,-4383,0,0
-790,-9,-5,-543,-679,-4332,0,0
-1096,-522,51,-518,-460,-3745,0,0
-1437,-485,0,-1061,-29,-3322,0,0
-1816,353,-113,-271,732,-3249,0,0
-2065,687,-46,-547,799,-3317,0,0
-2234,565,5,13,1409,-2980,0,0
-2436,-52,69,-706,1551,-3158,0,0
-2435,297,-46,-243,2081,-3027,0,0
-2588,454,-59,50,2855,-2788,0,0
-2719,346,-40,66,3405,-2839,0,0
-2788,578,-21,270,3036,-2969,0,0
-2629,567,114,-189,3136,-2728,0,0
-2449,1412,92,133,3784,-2558,0,0
-2313,2228,-71,140,4086,-2761,0,0
-2143,3003,-475,785,4733,-2385,0,0
-1994,3763,-1124,1188,4712,-2338,0,0
-1528,4746,-1575,1723,4274,-1668,0,0
-1045,4592,-1477,2055,4246,-1838,0,0
-630,3970,-1018,1916,4319,-1584,0,0
-152,4959,-677,2214,4068,-1404,0,0
200,4416,-414,3147,3849,-936,0,0
336,621,72,2235,3908,-145,0,0
172,-565,166,1179,3622,87,0,0
52,-539,154,1089,3806,-34,0,0
-23,-993,202,1047,3996,-36,0,0
-152,-1341,322,833,4071,-309,0,0
-167,-1727,430,500,4094,-587,0,0
-147,-2100,378,493,4196,-493,0,0
-135,-2622,244,77,4033,-515,0,0
10,-2134,156,-38,3918,-631,0,0
135,-1236,152,454,3991,-682,0,0
183,-1056,218,427,4071,-563,0,0
179,-651,178,395,4003,-593,0,0
135,-288,77,685,3822,-577,0,0
42,-578,29,680,3780,-623,0,0
-59,-796,-3,556,3923,-758,0,0
-121,-555,-37,609,3937,-863,0,0
-145,-422,-6,616,3933,-852,0,0
-133,-382,17,469,3945,-841,0,0
-102,-198,-12,396,3915,-806,0,0
-71,-95,-37,449,3919,-753,0,0
-48,-107,-29,438,3918,-770,0,0
-19,48,-38,423,4058,-774,0,0
-14,190,-73,476,3997,-800,0,0
-30,185,-71,484,3947,-853,0,0
-27,161,-70,527,3947,-833,0,0
-17,144,-53,521,3854,-788,0,0
3,193,-26,477,3858,-761,0,0
27,284,-22,531,3907,-811,0,0
44,240,-11,644,3979,-928,0,0
59,-63,4,717,4008,-1013,0,0
118,-331,40,653,4087,-965,0,0
177,-325,50,668,4202,-848,0,0
170,-470,62,732,3955,-911,0,0
161,-648,176,538,3821,-1052,0,0
216,-437,215,521,3813,-1262,0,0
336,-368,173,754,3775,-1490,0,0
458,-818,132,921,3722,-1890,0,0
678,-1164,26,953,3760,-2375,0,0
928,-1280,-93,1361,3891,-2866,0,0
1244,-1506,112,1361,4043,-3226,0,0
1560,-1831,329,910,4131,-3323,0,0
1856,-1468,430,444,3907,-3116,0,0
2052,41,498,523,3702,-2679,0,0
2054,1791,756,1366,3293,-2982,0,0
2108,927,1300,1976,2865,-3251,0,0
2306,-1624,1547,1250,2857,-3047,0,0
2595,-2777,1288,-46,2666,-2784,0,0
2716,-1946,772,188,2697,-3053,0,0
2668,-1620,533,325,2172,-2899,0,0
2519,-1714,436,-241,1855,-2532,0,0
2268,-1199,296,-427,1256,-2530,0,0
1932,-996,256,-587,814,-3106,0,0
1594,-1062,154,-1057,237,-3037,0,0
1265,-808,-56,-1124,-147,-3342,0,0
941,-667,-265,-1282,-389,-3417,0,0
627,-400,-386,-1119,-202,-3521,0,0
478,-616,-284,-1195,-475,-3844,0,0
250,-360,-94,-1371,-803,-4025,0,0
47,-150,-68,-1760,-970,-4299,0,0
-200,148,-152,-1796,-1110,-4429,0,0
-531,392,-251,-1653,-769,-4127,0,0
-868,621,-274,-1489,-665,-4254,0,0
-1098,920,-209,-1100,-220,-3728,0,0
-1365,973,-263,-695,141,-3876,0,0
-1651,1470,-265,-787,968,-2953,0,0
-2171,2037,-335,267,1480,-3645,0,0
-2486,1530,-383,387,1864,-2717,0,0
-2857,672,-263,673,2401,-3291,0,0
-2928,-280,-69,-639,2300,-2418,0,0
-3006,607,-190,242,3092,-2547,0,0
-2924,783,-326,-140,3044,-2271,0,0
-2810,1073,-593,492,3760,-2295,0,0
-2637,763,-773,138,3284,-2313,0,0
-2513,2183,-902,481,4427,-2073,0,0
-2243,4696,-1403,1590,4222,-2213,0,0
-1737,4638,-1589,2146,4381,-1895,0,0
-1395,3615,-1429,1918,5453,-1714,0,0
-997,2950,-1186,2453,5019,-1396,0,0
-698,2430,-789,1706,3866,-1357,0,0
-407,4200,-404,2123,3780,-1322,0,0
-32,4893,-100,2696,4106,-1142,0,0
169,1972,-49,1708,3731,-226,0,0
297,510,-17,1053,3602,-96,0,0
364,155,57,702,3831,-46,0,0
267,-392,67,548,4007,18,0,0
100,-689,72,381,4188,-248,0,0
14,-719,72,331,4116,-506,0,0
-5,-453,121,161,4072,-458,0,0
5,-191,134,119,3972,-453,0,0
63,-70,130,146,4012,-302,0,0
98,5,122,262,4062,-145,0,0
106,96,128,341,3956,-284,0,0
97,206,86,586,4027,-371,0,0
106,71,4,816,3943,-503,0,0
180,186,24,755,3819,-464,0,0
132,125,64,599,3928,-438,0,0
19,-35,74,477,4013,-631,0,0
-8,-87,7,559,4078,-687,0,0
6,-177,-50,786,4005,-445,0,0
-29,-426,-19,672,3930,-337,0,0
-55,-142,8,624,4098,-480,0,0
-17,-27,-19,639,3977,-639,0,0
39,-117,-44,674,3817,-686,0,0
52,-216,-26,679,3842,-605,0,0
27,-231,27,718,3978,-621,0,0
13,-411,73,585,4161,-553,0,0
3,-278,94,407,4075,-381,0,0
-28,118,113,262,4105,-128,0,0
-86,484,96,282,3874,-309,0,0
-98,471,48,698,3902,-794,0,0
-31,169,43,1012,3938,-941,0,0
25,-254,72,1153,3952,-572,0,0
14,-884,65,1318,3832,-509,0,0
-31,-1656,133,1520,3656,-797,0,0
-41,-2415,259,1737,3710,-1060,0,0
125,-3281,301,2088,3809,-1522,0,0
518,-4346,265,2257,3800,-1756,0,0
878,-4848,551,1678,4358,-2009,0,0
1204,-4378,891,971,4656,-2452,0,0
1587,-3256,1064,424,4353,-2691,0,0
1797,-2038,965,391,4052,-2910,0,0
1901,-1107,819,728,3937,-2919,0,0
1979,-846,727,916,3931,-3043,0,0
2091,-1387,646,568,3696,-2940,0,0
2137,-1666,505,85,3241,-2864,0,0
2133,-1166,388,-142,2903,-3004,0,0
2188,-587,285,-309,2616,-2805,0,0
2247,81,174,-174,2361,-2431,0,0
2149,-140,136,-39,1676,-2554,0,0
1910,-821,243,-34,1386,-2509,0,0
1821,-1237,226,-737,1232,-2075,0,0
1756,-860,144,-750,1249,-2561,0,0
1651,-510,159,-1013,1051,-2665,0,0
1295,269,79,-814,240,-3162,0,0
851,-61,-5,-776,-279,-4143,0,0
858,-1139,-151,-1145,-155,-3560,0,0
791,-463,-321,-1015,-358,-3523,0,0
555,317,-320,-569,-317,-3622,0,0
268,135,-248,-837,-499,-3865,0,0
134,350,-87,-1227,-581,-4294,0,0
150,549,16,-1107,-686,-4648,0,0
61,72,-71,-1128,-812,-4974,0,0
-229,-64,-244,-896,-721,-5585,0,0
-458,-283,-340,-1001,-468,-5529,0,0
-557,-63,-280,-1227,-104,-5297,0,0
-734,434,-150,-1049,120,-4514,0,0
-1086,1104,-191,-596,391,-3531,0,0
-1471,2011,-273,-272,527,-3235,0,0
-1846,2562,-420,859,1112,-2811,0,0
-2127,1350,-526,257,1264,-2963,0,0
-2255,2318,-668,430,1894,-1933,0,0
-2447,3272,-983,1359,2017,-2741,0,0
-2363,2261,-1145,796,2372,-2213,0,0
-2327,1668,-1376,1647,2931,-2502,0,0
-2292,152,-1355,732,3229,-2195,0,0
-2190,116,-1415,830,4122,-2434,0,0
-1935,449,-1603,1017,3885,-2056,0,0
-1795,1343,-1690,1127,3919,-1572,0,0
-1833,1735,-1743,1408,4293,-1555,0,0
-1778,1815,-1659,1155,4548,-1461,0,0
-1525,2381,-1660,721,4929,-1146,0,0
-1170,3489,-1682,2384,4854,-597,0,0
-778,3006,-1427,2161,4450,-726,0,0
-284,3306,-1116,2037,4084,-705,0,0
59,3394,-855,2021,4123,-183,0,0
137,2077,-743,1697,4029,-23,0,0
125,1081,-444,1072,3849,116,0,0
-108,1463,-38,851,3749,-27,0,0
-246,1501,310,564,4041,-295,0,0
-211,740,365,76,4089,-768,0,0
-70,-363,334,-84,4270,-883,0,0
19,-1000,420,-261,4320,-798,0,0
109,-1160,396,-180,4291,-580,0,0
90,-1071,281,-204,4091,-106,0,0
154,-876,215,-39,4028,56,0,0
170,-828,144,-1,3833,149,0,0
118,-690,124,73,3942,-83,0,0
99,-770,137,386,4056,-319,0,0
95,-1355,116,177,4310,-227,0,0
12,-1263,14,108,4119,-344,0,0
-35,-898,34,126,4051,-441,0,0
-22,-802,50,8,3927,-463,0,0
71,-602,89,-143,3985,-380,0,0
171,-134,153,-39,4016,-290,0,0
111,-146,209,23,4151,-180,0,0
-35,-162,245,-145,4063,-262,0,0
-102,-18,203,132,3979,-430,0,0
-137,-31,197,396,4024,-584,0,0
-50,-64,143,364,4086,-618,0,0
53,-128,73,445,4070,-433,0,0
72,-43,83,396,4065,-339,0,0
68,44,96,391,4028,-344,0,0
53,-13,103,300,4012,-311,0,0
24,42,94,229,4010,-324,0,0
-12,83,41,312,4052,-425,0,0
-23,64,-23,654,4056,-573,0,0
-10,-285,-27,970,3973,-650,0,0
23,-958,52,1062,4029,-599,0,0
77,-1639,160,876,3955,-602,0,0
110,-1329,217,440,3890,-610,0,0
117,-529,209,603,3978,-618,0,0
106,-726,248,696,4020,-658,0,0
99,-1297,285,785,4021,-847,0,0
117,-1737,341,879,3925,-1017,0,0
146,-2242,422,1180,3938,-1475,0,0
318,-2850,519,1072,4097,-1741,0,0
630,-2889,494,1216,4014,-2068,0,0
925,-3099,506,947,4127,-2219,0,0
1179,-3080,447,390,4259,-2452,0,0
1415,-2538,263,35,4048,-2569,0,0
1540,-1501,96,-131,3577,-2538,0,0
1533,-591,47,291,3216,-3050,0,0
1582,-1068,107,595,3366,-3085,0,0
1774,-1556,137,185,3389,-2477,0,0
1892,-1421,74,-439,2905,-2153,0,0
1904,-235,38,-844,2763,-2699,0,0
1964,1468,10,-299,2497,-3470,0,0
2263,1103,47,428,2282,-3862,0,0
2590,-1025,-121,-96,2145,-3622,0,0
2680,-1394,-381,-629,2066,-3216,0,0
2467,8,-394,-441,1917,-2901,0,0
2228,1013,-75,-284,1447,-3183,0,0
1994,1067,268,-364,901,-3181,0,0
1813,583,360,-155,516,-3290,0,0
1615,30,357,-228,187,-3302,0,0
1379,-566,289,-304,-380,-3412,0,0
1058,-656,262,-630,-889,-3285,0,0
677,-346,234,-629,-983,-3739,0,0
417,-104,116,-490,-926,-4069,0,0
158,-579,-3,-101,-894,-4615,0,0
-41,-1280,48,-1032,-1110,-4555,0,0
-322,-598,158,-1508,-1294,-4936,0,0
-449,87,265,-1439,-1069,-4740,0,0
-620,58,125,-1299,-1117,-4729,0,0
-847,-301,-26,-849,-324,-4052,0,0
-1101,-372,-4,-1066,274,-3358,0,0
-1553,514,140,-955,603,-3107,0,0
-1998,1745,151,-516,828,-3251,0,0
-2367,2400,-28,-81,1227,-3487,0,0
-2402,2708,-365,194,1647,-3070,0,0
-2370,2475,-737,741,1968,-3688,0,0
-2191,1543,-827,708,1955,-3168,0,0
-2135,806,-764,599,2366,-3218,0,0
-1951,739,-761,926,2565,-2858,0,0
-1944,627,-825,1359,2685,-3095,0,0
-1883,58,-677,882,2591,-2085,0,0
-1853,1279,-729,944,3155,-1736,0,0
-1774,2572,-1039,1419,3348,-1751,0,0
-1618,2289,-1184,1692,3914,-1761,0,0
-1510,1246,-1278,1563,4602,-1553,0,0
-1450,1218,-1399,1322,4565,-1557,0,0
-1303,1726,-1386,1183,4232,-1456,0,0
-1023,2203,-1241,1542,4078,-1507,0,0
-692,2296,-971,1396,4144,-1459,0,0
-246,4061,-766,1636,4317,-1560,0,0
206,5496,-481,3036,3978,-1250,0,0
239,2084,8,2818,3828,-393,0,0
108,-640,255,1039,3551,-273,0,0
90,-545,165,684,3688,126,0,0
1,-237,156,724,4001,277,0,0
-75,-134,128,557,4126,-33,0,0
-89,-118,34,722,4177,-360,0,0
-35,-398,22,451,4210,-718,0,0
19,-434,36,263,3962,-782,0,0
14,-262,74,342,4044,-453,0,0
29,-164,44,515,4098,-324,0,0
56,-142,-2,634,3999,-273,0,0
52,-165,28,617,3949,-404,0,0
64,-216,22,520,3972,-515,0,0
77,-234,-20,600,3982,-521,0,0
77,-389,-8,618,4026,-551,0,0
76,-459,13,585,4010,-575,0,0
65,-434,57,692,3921,-522,0,0
21,-669,104,603,3955,-439,0,0
-9,-644,85,417,3922,-422,0,0
-15,-275,37,446,3920,-470,0,0
-12,-181,10,511,3958,-500,0,0
-20,-308,-14,550,4033,-578,0,0
-26,-231,-22,579,3990,-674,0,0
-22,-80,-6,579,3965,-628,0,0
-44,-43,-16,580,3955,-508,0,0
-83,-40,-25,586,3965,-497,0,0
-51,-104,-34,524,4009,-554,0,0
-44,-90,-45,501,4003,-566,0,0
-45,46,-40,512,3993,-574,0,0
-25,18,-45,511,3953,-558,0,0
-40,-38,-61,609,3879,-566,0,0
-48,-163,-34,730,3912,-618,0,0
-28,-277,-9,818,4010,-627,0,0
7,-571,-17,1021,3970,-784,0,0
15,-1322,27,1313,3888,-1051,0,0
40,-2095,149,1209,3963,-1217,0,0
143,-2434,292,1410,3966,-1630,0,0
358,-2973,423,1491,3986,-1749,0,0
611,-3483,479,1007,3926,-1618,0,0
854,-2988,436,444,3828,-1624,0,0
1030,-1809,356,433,3813,-1677,0,0
1149,-901,368,608,3750,-1892,0,0
1264,-160,453,691,3732,-1772,0,0
1310,223,504,780,3804,-2006,0,0
1306,401,577,984,3906,-2026,0,0
1295,73,649,895,3849,-2292,0,0
1263,-159,673,857,3845,-2388,0,0
1214,-261,682,766,3448,-2547,0,0
1197,-245,667,642,3012,-2736,0,0
1209,-91,609,670,2484,-2782,0,0
1281,-264,581,736,2308,-2623,0,0
1344,-678,584,601,2304,-2556,0,0
1373,-779,573,448,2215,-2705,0,0
1398,-674,506,452,2187,-2899,0,0
1434,-974,384,573,1837,-3378,0,0
1431,-1551,254,188,1770,-3325,0,0
1388,-1254,116,19,1336,-3451,0,0
1315,-971,84,101,1133,-3719,0,0
1308,-1309,80,-189,1035,-4084,0,0
1322,-955,26,-493,837,-4299,0,0
1352,-359,-65,-410,760,-4348,0,0
1234,-181,-53,-386,324,-4324,0,0
1034,-412,19,-389,-218,-4474,0,0
817,-767,54,-788,-695,-4315,0,0
611,-583,61,-664,-447,-3799,0,0
321,-506,-42,-866,-126,-3880,0,0
-83,-211,-79,-858,-71,-3909,0,0
-528,-226,11,-940,14,-4075,0,0
-884,-660,111,-1291,422,-4005,0,0
-1098,-468,184,-1561,765,-3971,0,0
-1502,553,147,-1215,1219,-3285,0,0
-1888,2069,104,-540,1548,-3081,0,0
-2238,2096,33,-217,2141,-3231,0,0
-2381,1805,-62,-310,2793,-2776,0,0
-2687,2049,-408,195,3204,-2847,0,0
-2739,2760,-737,499,3417,-2221,0,0
-2794,2575,-1119,1367,3391,-3575,0,0
-2379,1084,-1110,420,2942,-2590,0,0
-2157,1259,-1087,861,3523,-2007,0,0
-2106,1256,-1098,810,3681,-2138,0,0
-1898,1537,-1155,792,3898,-1863,0,0
-1615,2259,-1410,1194,4078,-1454,0,0
-1368,2722,-1585,1348,4274,-1360,0,0
-1089,2654,-1618,1629,4488,-1334,0,0
-779,2267,-1518,1729,4423,-1209,0,0
-543,2574,-1271,1661,4104,-728,0,0
-445,3828,-1008,2058,3911,-736,0,0
-313,3464,-650,2048,3886,-538,0,0
-121,2070,-265,1500,4123,20,0,0
-22,2433,-10,919,4205,285,0,0
-102,2852,105,896,3772,47,0,0
-310,1805,206,806,3827,-519,0,0
-244,-318,163,-326,4156,-1608,0,0
158,-680,-43,-318,4294,-971,0,0
152,-560,3,148,4058,-123,0,0
32,-588,105,248,3918,-208,0,0
132,-622,88,344,4193,167,0,0
104,-613,88,235,4042,237,0,0
-13,-567,147,-8,4089,2,0,0
-69,-500,175,37,4048,-57,0,0
-127,-590,204,-163,4072,-259,0,0
-92,-512,130,-367,4182,-434,0,0
-30,-214,47,-303,4090,-537,0,0
57,28,-11,-41,4156,-376,0,0
76,-10,-57,218,4041,-140,0,0
41,-81,-33,248,4016,-94,0,0
37,-122,-12,262,4102,-84,0,0
0,-198,27,185,3986,-247,0,0
-22,-204,44,81,4048,-332,0,0
8,-162,7,38,4180,-293,0,0
-13,-124,-10,71,4027,-312,0,0
-27,-90,-17,129,4087,-260,0,0
-3,-51,-45,177,4066,-227,0,0
-7,-60,-51,152,4043,-253,0,0
-9,-88,-59,147,4076,-256,0,0
-10,-63,-51,155,4050,-266,0,0
4,61,-26,3,4110,-208,0,0
17,340,-24,116,4063,-123,0,0
-47,62,-69,230,3999,-308,0,0
-38,-79,-74,267,4087,-401,0,0
6,-111,-56,294,4026,-290,0,0
2,-282,-4,291,3996,-339,0,0
12,-494,47,444,4016,-472,0,0
52,-924,111,1049,4039,-792,0,0
158,-2196,224,1908,3882,-1043,0,0
355,-3679,513,2287,4126,-1066,0,0
716,-4597,887,2548,4148,-1339,0,0
1169,-5316,1256,1842,4685,-1734,0,0
1729,-4014,1355,1044,4751,-2295,0,0
2277,-1171,1320,906,4613,-2594,0,0
2422,1093,1545,1583,3834,-2534,0,0
2399,945,2101,2225,3567,-2420,0,0
2508,-871,2324,1846,3921,-2215,0,0
2686,-1965,2007,1329,3882,-2251,0,0
2753,-2235,1583,660,3441,-2143,0,0
2680,-1629,1252,654,2944,-2386,0,0
2478,-1498,935,442,2285,-2369,0,0
2248,-1293,659,361,1378,-2982,0,0
2100,-1404,518,179,1182,-3118,0,0
1936,-1335,370,-142,962,-3380,0,0
1736,-826,206,-337,450,-3512,0,0
1459,-540,162,-454,-114,-3938,0,0
1275,-369,123,-536,-589,-3630,0,0
928,-298,29,-320,-960,-3588,0,0
513,-480,-93,-369,-1036,-3198,0,0
-33,-438,-221,-456,-916,-3373,0,0
-613,-42,-228,-450,-770,-3275,0,0
-1161,215,-166,-218,-689,-4171,0,0
-1507,-122,-153,-300,-38,-3817,0,0
-1815,361,-225,-179,472,-3560,0,0
-2104,719,-325,-286,987,-3586,0,0
-2287,1333,-353,417,1652,-3528,0,0
-2531,1008,-423,241,2053,-3413,0,0
-2577,1014,-450,519,2590,-3488,0,0
-2622,683,-554,258,2599,-3496,0,0
-2419,911,-617,352,2832,-3317,0,0
-2392,644,-758,614,3432,-2815,0,0
-2348,698,-793,593,3814,-3143,0,0
-2272,1106,-856,733,3773,-2499,0,0
-2135,2005,-880,1211,3519,-2776,0,0
-1805,1357,-799,1133,3679,-2405,0,0
-1544,1101,-756,1104,3940,-1819,0,0
-1431,1807,-857,1149,4057,-1622,0,0
-1311,2555,-1056,1581,3869,-1416,0,0
-1172,2452,-1085,1557,3822,-1464,0,0
-946,2121,-917,1467,4022,-1290,0,0
-674,2109,-653,1484,4229,-764,0,0
-390,2641,-442,1130,4195,-464,0,0
-89,4452,-262,1108,4174,-102,0,0
9,5123,-134,1074,3962,-252,0,0
33,3902,-176,712,4034,-250,0,0
-29,2507,-194,1239,3752,-465,0,0
24,1117,16,1037,3884,-355,0,0
121,255,27,906,4005,-32,0,0
208,52,9,547,4025,299,0,0
150,-86,-36,723,3793,202,0,0
94,-577,-9,491,4091,178,0,0
72,-637,38,232,4112,17,0,0
54,-598,41,53,4112,-133,0,0
8,-734,21,126,4003,-276,0,0
12,-876,-35,189,4205,-185,0,0
4,-721,-49,452,3901,-232,0,0
1,-1093,-25,879,3786,-381,0,0
90,-1672,67,1040,4017,-379,0,0
205,-2057,159,1067,4076,-337,0,0
291,-2651,310,1380,4037,-626,0,0
424,-3985,550,1877,4078,-1100,0,0
675,-6152,759,1989,4269,-1587,0,0
1083,-7137,983,1502,4468,-1878,0,0
1473,-5845,869,348,4348,-2116,0,0
1756,-2850,359,-184,4024,-2484,0,0
1953,-403,140,470,3870,-2717,0,0
2139,-100,307,736,3880,-2627,0,0
2360,-115,491,451,3720,-2422,0,0
2519,605,637,252,3314,-2110,0,0
2496,1730,904,532,2898,-2030,0,0
2357,1339,1240,787,2506,-2423,0,0
2096,358,1302,833,2396,-2349,0,0
1762,-342,1105,844,1912,-2624,0,0
1549,-752,876,685,1774,-2686,0,0
1377,-847,648,551,1511,-3118,0,0
1251,-893,487,490,1465,-3178,0,0
1107,-915,395,418,1079,-3698,0,0
997,-1165,357,193,628,-3946,0,0
942,-1380,390,75,470,-4332,0,0
980,-1527,346,-224,393,-4036,0,0
948,-1024,255,-306,314,-4242,0,0
861,-735,170,-466,177,-4379,0,0
801,-474,109,-706,199,-4253,0,0
745,-72,69,-815,-57,-4317,0,0
553,211,138,-520,-347,-4455,0,0
262,-304,158,-985,-728,-4583,0,0
10,-447,87,-1031,-949,-4179,0,0
-239,-421,-87,-1155,-729,-4098,0,0
-579,105,-355,-748,-340,-4118,0,0
-968,700,-482,-344,197,-3877,0,0
-1382,990,-443,-299,834,-3547,0,0
-1748,1610,-333,219,1579,-3609,0,0
-1959,1498,-307,-5,1940,-3146,0,0
-2205,2019,-377,693,2284,-3473,0,0
-2384,1025,-517,255,2300,-3383,0,0
-2408,1666,-613,261,3013,-2082,0,0
-2696,2188,-936,873,2972,-3488,0,0
-2449,1601,-1140,746,3400,-2239,0,0
-2385,1254,-1550,1901,3748,-2674,0,0
-2239,64,-1485,1096,3593,-1968,0,0
-1862,362,-1303,1348,3689,-1854,0,0
-1808,-461,-1153,1063,3049,-2285,0,0
-1790,-100,-1039,439,3523,-1743,0,0
-1754,2410,-1083,1104,4105,-1960,0,0
-1493,3075,-1000,1294,4527,-2098,0,0
-1144,2768,-881,1517,4434,-1840,0,0
-755,2407,-724,1379,4099,-1756,0,0
-314,3902,-545,1480,3987,-1778,0,0
183,4630,-395,2223,3753,-1081,0,0
326,1829,-250,1758,3833,-219,0,0
272,141,-138,1099,3729,139,0,0
211,270,-75,823,3889,89,0,0
135,799,33,827,4060,250,0,0
-81,802,288,744,3968,43,0,0
-319,58,574,663,4051,-540,0,0
-305,-1300,539,-330,4191,-1175,0,0
-17,-1526,115,-585,4070,-1056,0,0
142,-718,-58,243,4158,-437,0,0
81,-402,52,474,4086,-209,0,0
33,-228,92,434,3960,-150,0,0
5,-172,24,475,3845,-154,0,0
-26,-373,-15,559,3829,-286,0,0
-42,-498,11,630,4006,-428,0,0
-25,-395,55,628,4035,-534,0,0
-6,-500,100,610,4006,-545,0,0
6,-1035,135,484,3918,-538,0,0
37,-1272,142,317,3987,-480,0,0
59,-1045,123,343,4145,-471,0,0
-23,-828,141,186,4178,-503,0,0
-101,-434,116,252,4139,-579,0,0
-88,-266,57,380,4061,-613,0,0
-59,-168,-10,490,3978,-581,0,0
-12,-19,-37,604,3935,-526,0,0
24,12,-46,630,3972,-492,0,0
30,-63,-35,592,3988,-538,0,0
52,16,-20,497,4079,-528,0,0
57,174,-11,530,3942,-604,0,0
38,-4,23,526,3992,-665,0,0
58,-210,38,509,4033,-713,0,0
94,-181,48,471,4008,-722,0,0
123,40,38,528,3983,-625,0,0
114,106,27,606,3912,-544,0,0
71,0,20,612,3927,-576,0,0
43,-191,-15,770,3954,-747,0,0
52,-630,4,774,3898,-875,0,0
61,-872,49,800,3910,-1066,0,0
84,-1147,91,1026,3909,-1407,0,0
160,-4048,185,1348,3892,-1904,0,0
448,-2958,317,1037,3976,-1908,0,0
754,-2468,253,931,3980,-1841,0,0
935,-1881,177,869,3883,-2104,0,0
1124,-1497,217,893,3736,-2616,0,0
1438,-1020,378,958,3545,-2961,0,0
1759,-564,506,1243,3414,-3075,0,0
2068,-505,707,1382,3618,-2926,0,0
2309,-960,949,911,3431,-2944,0,0
2525,-877,1043,551,3361,-3032,0,0
2658,-484,908,326,3263,-2832,0,0
2653,369,717,437,2827,-2907,0,0
2639,776,722,387,2537,-2896,0,0
2534,439,821,499,2272,-3145,0,0
2383,-258,868,256,1960,-2935,0,0
2167,-633,847,147,1452,-3147,0,0
1907,-1173,707,-34,1068,-3340,0,0
1657,-1293,458,-163,692,-3194,0,0
1285,-959,209,-164,-88,-3698,0,0
1034,-788,114,-147,-540,-3844,0,0
853,-848,119,-300,-423,-3321,0,0
603,-473,59,-472,-481,-3871,0,0
276,-215,64,-260,-648,-4322,0,0
-59,-380,55,-615,-822,-4528,0,0
-316,-193,-16,-750,-989,-5087,0,0
-433,9,-105,-970,-933,-5445,0,0
-496,286,-244,-947,-700,-5122,0,0
-586,578,-408,-431,-265,-4474,0,0
-870,738,-571,-234,-45,-4403,0,0
-1246,1727,-581,-22,383,-3493,0,0
-1443,3381,-601,647,291,-2956,0,0
-1604,3340,-705,1468,818,-2571,0,0
-1640,2130,-846,1366,1032,-2294,0,0
-1832,1058,-1107,1552,1874,-2427,0,0
-1877,391,-1216,975,1997,-2541,0,0
-1953,352,-1337,1277,2250,-2347,0,0
-2016,195,-1341,1056,2268,-2427,0,0
-2014,183,-1358,1047,2780,-2197,0,0
-2077,164,-1338,1240,3003,-2358,0,0
-2144,-544,-1200,1043,3456,-2305,0,0
-2132,-584,-1057,1086,3631,-1974,0,0
-2132,-610,-899,825,4015,-2033,0,0
-1974,1,-914,792,4568,-1814,0,0
-1830,858,-1140,1108,4774,-2143,0,0
-1649,1476,-1287,1195,4712,-1824,0,0
-1248,2231,-1314,1488,4472,-1501,0,0
-863,2708,-1051,1636,4324,-1237,0,0
-581,3311,-592,1610,4227,-898,0,0
-321,5060,-169,1950,3966,-833,0,0
-64,4803,123,2060,3888,-316,0,0
21,3005,128,1365,3596,73,0,0
-14,1514,95,1070,3655,-474,0,0
110,307,44,322,4007,-832,0,0
189,192,-51,464,4348,-387,0,0
76,-10,33,506,4219,-218,0,0
-42,-575,158,197,4115,-252,0,0
-32,-443,177,144,4017,-185,0,0
35,-218,102,138,4043,-55,0,0
0,-285,15,281,3958,40,0,0
-62,-399,-6,271,4097,-39,0,0
-52,-471,-47,301,4098,-309,0,0
-3,-428,-85,354,4016,-403,0,0
13,-387,-88,484,4066,-253,0,0
8,-266,-38,541,4130,-41,0,0
-5,-288,30,431,4022,-172,0,0
-30,-413,43,321,4060,-172,0,0
-50,-410,33,361,3988,-295,0,0
-33,-704,35,351,4021,-314,0,0
-22,-922,24,355,4041,-331,0,0
-11,-1151,30,359,4068,-237,0,0
-18,-1138,19,278,4035,-270,0,0
5,-923,-16,365,4010,-417,0,0
41,-935,-16,410,4016,-383,0,0
44,-873,11,434,4085,-360,0,0
39,-842,32,443,4070,-312,0,0
12,-878,80,451,3947,-331,0,0
10,-959,114,291,4012,-354,0,0
22,-722,65,229,4029,-351,0,0
3,-363,37,245,4029,-319,0,0
-25,-170,33,260,4034,-322,0,0
-47,-125,28,279,3974,-416,0,0
-33,-65,35,331,3995,-493,0,0
-4,4,60,425,4030,-662,0,0
57,-90,114,748,4048,-1149,0,0
199,-562,170,1304,3975,-1789,0,0
446,-1642,197,1576,3926,-2094,0,0
827,-1888,185,1520,4052,-1753,0,0
1192,-1366,201,1487,4175,-1747,0,0
1427,-1097,405,1356,4136,-1933,0,0
1631,-260,784,1121,3949,-1995,0,0
1788,1200,1071,1841,3379,-2365,0,0
1908,531,1440,2459,3193,-2231,0,0
1960,-1372,1750,2055,3532,-1909,0,0
2111,-2128,1783,1806,3369,-2386,0,0
2305,-2187,1730,1183,3406,-2490,0,0
2440,-2072,1538,938,3278,-3031,0,0
2570,-2592,1195,456,2799,-3200,0,0
2613,-2053,919,253,2542,-2987,0,0
2453,-1436,740,0,2045,-2932,0,0
2204,-953,593,-411,1372,-3045,0,0
1967,-492,470,-329,587,-3167,0,0
1720,-760,218,-725,39,-3377,0,0
1409,-144,-16,-341,219,-3830,0,0
1075,-498,-18,-636,260,-4178,0,0
889,-205,-28,-877,184,-4448,0,0
722,399,-13,-825,-370,-4295,0,0
299,685,-78,-334,-874,-4555,0,0
-149,323,-53,-771,-1234,-4100,0,0
-419,706,-64,-450,-1220,-4425,0,0
-636,531,-269,-85,-595,-4152,0,0
-1007,911,-461,52,-75,-3883,0,0
-1314,1758,-556,402,670,-3310,0,0
-1649,2342,-693,1043,845,-3526,0,0
-1774,1649,-796,718,1241,-2809,0,0
-1920,1583,-893,900,1695,-2787,0,0
-2055,1095,-1021,699,1936,-2340,0,0
-2138,1145,-1080,975,2973,-1549,0,0
-2374,1098,-1371,1309,2863,-2119,0,0
-2508,804,-1627,1398,3176,-1985,0,0
-2537,74,-1909,1376,3252,-2209,0,0
-2388,-367,-1979,1313,3722,-2368,0,0
-2244,238,-2019,1221,4295,-2031,0,0
-1981,2475,-2073,1185,4811,-1211,0,0
-1604,6805,-2198,1790,4770,-414,0,0
-1014,1670,-2178,2800,4888,-28,0,0
-141,7935,-2019,3351,4773,55,0,0
449,3541,-1705,3085,4465,449,0,0
751,1000,-1454,2403,4185,950,0,0
615,1593,-1036,1600,4035,749,0,0
21,2402,-396,1825,3915,199,0,0
-431,870,143,1415,3908,191,0,0
-530,-589,473,738,3835,-104,0,0
-343,-1075,474,380,3847,-365,0,0
-109,-1251,322,257,4012,-288,0,0
37,-1308,221,395,4280,-151,0,0
70,-1460,220,328,4350,100,0,0
-27,-1502,232,136,3920,-16,0,0
-98,-1371,270,194,3886,-77,0,0
-104,-1450,269,228,4091,75,0,0
-119,-1492,262,303,4074,-3,0,0
-102,-1512,308,496,4128,33,0,0
-80,-1723,355,255,4085,74,0,0
-71,-980,322,398,4142,-74,0,0
-82,-780,361,586,4003,-78,0,0
-76,-908,405,216,4014,-149,0,0
-9,-579,333,309,4043,-150,0,0
2,-516,255,358,4109,-174,0,0
-55,-484,174,364,4029,-314,0,0
-82,-383,84,526,3989,-413,0,0
-58,-348,42,514,3989,-476,0,0
18,-109,-10,519,4042,-475,0,0
82,5,-30,705,4016,-330,0,0
55,-67,-36,576,3924,-288,0,0
64,153,-89,591,3909,-265,0,0
54,327,-104,825,3944,-239,0,0
36,219,-109,914,3958,-311,0,0
30,-97,-111,767,3938,-450,0,0
55,-126,-124,740,4010,-369,0,0
50,-110,-117,756,4008,-264,0,0
-4,-216,-101,701,4000,-233,0,0
-26,-214,-112,631,3910,-322,0,0
-12,-119,-123,748,3979,-355,0,0
-14,-154,-98,765,3986,-481,0,0
-19,-199,-47,706,3950,-525,0,0
5,-219,3,744,3966,-585,0,0
55,-527,58,790,3933,-616,0,0
92,-984,82,832,3998,-835,0,0
169,-1322,62,1076,4018,-1151,0,0
314,-1176,78,1517,3884,-1519,0,0
547,-1298,221,1963,3805,-1587,0,0
810,-1266,469,2155,3896,-1514,0,0
1083,-1304,867,2441,3657,-1760,0,0
1244,-2144,1268,2190,3494,-1987,0,0
1518,-2333,1455,1937,3535,-2024,0,0
1851,-2428,1512,1813,3770,-2386,0,0
2200,-1838,1566,1766,4277,-2459,0,0
2379,-2243,1658,1442,3734,-2684,0,0
2639,-2377,1742,984,3363,-3114,0,0
2813,-2126,1522,328,3173,-2645,0,0
2747,-1541,905,126,2729,-2568,0,0
2455,-1595,395,-79,2312,-2986,0,0
2184,-1604,165,-317,1963,-3334,0,0
2023,-1154,267,-350,1380,-3736,0,0
1922,-1188,298,-815,945,-3654,0,0
1753,-1023,145,-908,442,-3846,0,0
1552,-654,64,-1005,-126,-3545,0,0
1240,-251,7,-914,-254,-3399,0,0
907,101,52,-846,-516,-3462,0,0
525,-113,-8,-1063,-500,-3660,0,0
110,264,-228,-730,-673,-4400,0,0
-215,203,-236,-780,-1123,-4904,0,0
-301,-293,-66,-1049,-1000,-4827,0,0
-260,23,111,-1468,-998,-4531,0,0
-391,364,13,-951,-779,-4326,0,0
-689,216,-148,-593,-476,-4068,0,0
-928,418,-106,-609,-139,-3632,0,0
-1096,1066,39,-715,232,-3050,0,0
-1447,1582,35,-213,492,-2946,0,0
-1762,1269,-22,-8,1128,-2895,0,0
-2022,484,-185,-179,1246,-3190,0,0
-2160,138,-251,-219,1826,-2894,0,0
-2238,-79,-338,-588,1897,-2530,0,0
-2355,463,-460,88,2816,-2384,0,0
-2548,880,-583,95,2951,-2464,0,0
-2540,1681,-682,274,3727,-2203,0,0
-2560,2604,-1080,942,3391,-2559,0,0
-2361,2168,-1274,1154,3237,-2811,0,0
-2156,1227,-1326,1189,4482,-2282,0,0
-2092,1373,-1447,1690,4351,-2396,0,0
-1986,914,-1267,1314,3860,-2847,0,0
-1676,738,-939,997,4544,-2335,0,0
-1362,1508,-831,878,4757,-1812,0,0
-1027,3074,-846,1163,4564,-1504,0,0
-760,3883,-785,1549,4283,-1201,0,0
-562,3611,-686,1700,3913,-880,0,0
-359,2842,-684,1613,3693,-667,0,0
-137,2297,-646,1508,3861,-296,0,0
-51,1854,-392,1318,3921,-186,0,0
-172,1483,16,910,4083,-131,0,0
-430,1250,375,968,3995,-270,0,0
-497,18,534,284,4130,-791,0,0
-223,-1104,314,-392,4061,-959,0,0
99,-854,150,-101,4049,-298,0,0
84,-658,170,330,3982,-128,0,0
46,-815,258,347,4162,-139,0,0
139,-854,251,402,4235,-61,0,0
170,-988,304,452,4068,-95,0,0
167,-675,392,369,4144,-130,0,0
156,-135,414,442,4152,-57,0,0
87,-76,368,449,3991,-87,0,0
36,-442,296,258,3893,-174,0,0
30,-174,200,359,3999,-174,0,0
7,0,130,609,4012,-256,0,0
-5,-557,71,542,3991,-300,0,0
-5,-633,29,512,3972,-357,0,0
10,-278,-8,636,4052,-427,0,0
20,-162,-42,711,3969,-429,0,0
10,-161,-50,689,3923,-429,0,0
19,-116,-73,760,3971,-442,0,0
37,-246,-77,828,3983,-450,0,0
36,-482,-63,821,3996,-416,0,0
17,-728,-38,834,3920,-475,0,0
16,-916,22,772,3894,-559,0,0
49,-897,73,878,3866,-802,0,0
119,-1202,134,1060,3956,-1023,0,0
237,-1709,216,976,3955,-1153,0,0
342,-1879,243,1085,3955,-1303,0,0
458,-1971,244,1076,3942,-1403,0,0
598,-1729,255,1051,3896,-1787,0,0
789,-1662,297,1087,3985,-2140,0,0
984,-1523,314,1115,3958,-2441,0,0
1186,-1197,345,1098,3965,-2521,0,0
1399,-875,385,1089,4091,-2597,0,0
1615,-705,472,1082,3993,-2716,0,0
1773,-423,652,854,3938,-2715,0,0
1822,2,734,843,3681,-2581,0,0
1795,364,812,1175,3365,-2444,0,0
1670,-637,902,1000,2793,-2875,0,0
1709,-1660,849,769,2422,-3108,0,0
1865,-2144,709,135,2181,-2763,0,0
1944,-1599,550,56,1826,-2932,0,0
1978,-1251,442,182,1813,-2684,0,0
1948,-1232,330,-59,1400,-3090,0,0
1910,-1167,281,-210,1282,-2830,0,0
1836,-873,108,-357,1135,-2987,0,0
1781,-174,-66,-325,902,-2612,0,0
1548,262,-281,-422,452,-3056,0,0
1246,598,-188,-231,102,-3501,0,0
1019,-39,85,-617,-34,-4096,0,0
945,-454,278,-1060,-184,-4073,0,0
788,-232,261,-1147,-410,-3826,0,0
464,349,71,-739,-690,-3768,0,0
1,174,-220,-416,-570,-4375,0,0
-367,-160,-372,-574,-803,-5081,0,0
-462,-253,-258,-647,-704,-5290,0,0
-504,-201,-156,-942,-549,-5550,0,0
-602,-89,-176,-787,-226,-5167,0,0
-902,-93,-276,-653,104,-4648,0,0
-1171,388,-202,-515,475,-4202,0,0
-1456,1068,-46,-52,1088,-3532,0,0
-1577,770,-68,-295,998,-3475,0,0
-1653,833,-134,50,1200,-2981,0,0
-1899,491,-103,-310,1121,-3236,0,0
-2047,442,-29,-114,1881,-2180,0,0
-2377,-3,-154,127,2402,-2853,0,0
-2463,-833,-157,-56,2458,-2296,0,0
-2618,-605,-126,-346,3095,-2203,0,0
-2656,414,-242,-291,3186,-1925,0,0
-2718,1536,-493,499,3988,-2375,0,0
-2673,1576,-610,340,3745,-2396,0,0
-2513,2275,-605,787,3834,-2222,0,0
-2164,2163,-571,826,4177,-2382,0,0
-1743,1374,-605,996,5083,-2511,0,0
-1562,977,-819,707,5060,-2330,0,0
-1253,3058,-1173,5,4349,-1950,0,0
-596,8352,-1366,1928,4154,-1768,0,0
-16,6968,-857,2827,4125,-1000,0,0
-3,2558,-318,1757,4132,-202,0,0
-172,1336,-137,1004,3958,-74,0,0
-285,1687,-102,910,3565,-129,0,0
-330,1366,1,1006,3571,-287,0,0
-237,326,128,832,3987,-785,0,0
-22,-676,87,427,4365,-951,0,0
143,-1183,99,408,4069,-819,0,0
174,-1416,312,440,4137,-309,0,0
68,-1459,474,409,4116,-74,0,0
62,-1694,512,498,4008,-203,0,0
161,-1685,496,290,4207,83,0,0
139,-1216,394,305,4075,25,0,0
24,-1171,353,140,4113,71,0,0
-101,-983,317,5,4158,-7,0,0
-218,-881,282,24,3867,-296,0,0
-230,-815,233,-139,4022,-582,0,0
-108,-252,63,-46,4096,-890,0,0
26,333,-73,357,4060,-818,0,0
72,337,-99,604,3951,-624,0,0
92,186,-85,616,3933,-513,0,0
123,181,-106,668,3988,-486,0,0
168,60,-87,700,3981,-794,0,0
325,29,54,584,3820,-664,0,0
226,-398,-6,1438,3825,-1323,0,0
192,-1750,3,1233,3968,-1570,0,0
356,-1181,-12,1462,3947,-1525,0,0
532,-1079,137,1781,4056,-1671,0,0
702,-511,391,1753,4002,-1798,0,0
897,57,689,2193,3907,-1865,0,0
1015,-462,1047,2238,3907,-1980,0,0
1179,-1149,1332,2472,3595,-2297,0,0
1442,-1834,1601,2110,3633,-2101,0,0
1709,-2104,1686,1980,3551,-2293,0,0
1984,-2050,1751,1824,3735,-2530,0,0
2292,-2561,1744,1411,3658,-3011,0,0
2576,-3526,1542,597,3862,-3305,0,0
2843,-3483,1119,-40,3511,-2984,0,0
2927,-3009,610,-122,3173,-3047,0,0
2762,-2234,198,-736,2311,-2489,0,0
2462,-1387,23,-666,1663,-2713,0,0
2144,-1387,22,-1046,969,-2601,0,0
1909,-1406,-114,-1507,484,-3280,0,0
1677,-963,-325,-1672,226,-3068,0,0
1241,103,-507,-1454,11,-3167,0,0
827,972,-481,-1257,-484,-3398,0,0
479,706,-304,-1142,-737,-3780,0,0
80,146,-67,-1377,-1159,-3747,0,0
-371,-54,12,-1607,-1557,-4034,0,0
-749,12,-111,-1372,-1259,-3721,0,0
-1077,80,-156,-996,-679,-3725,0,0
-1259,456,77,-922,307,-2652,0,0
-1737,1439,241,-816,516,-2519,0,0
-2198,1973,263,-586,1254,-2226,0,0
-2582,1819,-20,-380,1743,-2509,0,0
-2792,1581,-384,-181,2639,-2567,0,0
-3038,1815,-794,321,3586,-2237,0,0
-3227,2235,-1016,692,4116,-2515,0,0
-3215,2883,-1211,702,4432,-1832,0,0
-2989,3076,-1425,1939,4190,-3128,0,0
-2620,1400,-1189,1032,4630,-2400,0,0
-2391,1692,-1477,1603,5037,-1740,0,0
-2083,3121,-1982,1302,5056,-1463,0,0
-1469,5060,-2403,2248,4901,-1307,0,0
-848,4592,-2337,2957,4601,-885,0,0
-506,3224,-1770,3210,4512,-796,0,0
-379,1540,-958,2812,4020,-783,0,0
-238,1228,-429,2224,3694,-599,0,0
-71,1586,-181,1968,3763,-278,0,0
11,2260,65,1636,3656,-18,0,0
-43,2306,328,1388,3963,-134,0,0
-86,1190,395,561,4261,-804,0,0
60,-579,288,220,4168,-1322,0,0
144,-1947,359,142,4215,-796,0,0
52,-1984,474,60,4172,-494,0,0
150,-1407,500,153,4441,-14,0,0
209,-1220,326,179,4035,182,0,0
187,-1182,190,123,3872,177,0,0
166,-903,110,249,3942,67,0,0
106,-680,132,364,3917,-148,0,0
58,-681,177,293,4131,-394,0,0
58,-584,162,156,4214,-392,0,0
19,-333,120,127,4077,-420,0,0
-36,-139,84,180,4001,-461,0,0
-28,8,20,230,3978,-505,0,0
13,162,-58,414,4005,-491,0,0
29,240,-80,626,4001,-498,0,0
37,196,-51,714,4002,-618,0,0
54,46,-15,756,3938,-669,0,0
61,-101,35,669,3949,-613,0,0
75,-146,55,627,4043,-559,0,0
90,-195,59,678,3984,-541,0,0
84,-333,122,705,3923,-615,0,0
86,-419,186,787,4038,-775,0,0
126,-756,201,1149,4055,-1104,0,0
201,-1350,245,1234,3962,-1163,0,0
297,-1440,358,1206,3899,-1269,0,0
388,-977,493,1229,3802,-1369,0,0
509,-682,668,1604,3832,-1686,0,0
694,-1033,724,1886,3938,-1953,0,0
943,-1125,762,1931,4053,-1909,0,0
1189,-1371,811,1936,4040,-2065,0,0
1393,-1540,900,1786,3706,-2041,0,0
1570,-1203,1074,1695,3199,-2364,0,0
1742,-1192,1356,1677,3199,-2897,0,0
1932,-1922,1530,1605,3316,-3342,0,0
2199,-2796,1593,571,3541,-3037,0,0
2438,-1277,1694,176,3319,-2719,0,0
2457,-411,1809,736,2724,-2831,0,0
2396,-1487,1589,611,2169,-2925,0,0
2373,-2131,1151,39,1841,-2949,0,0
2315,-1526,805,-209,1246,-2832,0,0
2198,-726,806,-593,758,-3119,0,0
2024,-415,903,-479,230,-2862,0,0
1521,-957,706,-590,-636,-3118,0,0
1011,-1503,201,-532,-819,-3567,0,0
708,-1397,-270,-513,-540,-3456,0,0
547,-634,-490,-672,-605,-3467,0,0
317,-258,-496,-589,-593,-3647,0,0
54,-452,-374,-786,-677,-3778,0,0
-58,-380,-241,-1145,-1039,-4147,0,0
-121,-66,-199,-905,-1369,-4243,0,0
-286,-226,-175,-939,-1333,-4452,0,0
-452,-162,-240,-1093,-1006,-4591,0,0
-559,206,-186,-885,-667,-4910,0,0
-671,-259,-117,-1194,-560,-4574,0,0
-881,-215,-20,-1175,-579,-4569,0,0
-1160,-43,65,-848,22,-3853,0,0
-1470,618,137,-1372,349,-3990,0,0
-1701,1894,164,-753,968,-3453,0,0
-2083,2742,105,-296,1030,-3796,0,0
-2064,2294,-161,447,1519,-2920,0,0
-2100,1462,-531,408,1758,-3206,0,0
-1955,1355,-819,326,2047,-2460,0,0
-2067,1875,-1224,709,2974,-2159,0,0
-2248,2095,-1623,1157,2995,-2519,0,0
-2237,1862,-1691,1305,3038,-2569,0,0
-2116,761,-1551,1086,2644,-2914,0,0
-1778,597,-1276,985,3207,-2471,0,0
-1701,453,-1130,1079,3344,-2871,0,0
-1612,427,-1029,845,3839,-2618,0,0
-1390,1261,-1088,1174,4477,-2370,0,0
-1163,1205,-1124,1344,4508,-2233,0,0
-934,1028,-1065,1040,4155,-1582,0,0
-743,1899,-1088,1099,3766,-1069,0,0
-539,2667,-1027,1214,3890,-822,0,0
-389,2991,-837,1243,4034,-672,0,0
-326,2921,-566,1159,3879,-519,0,0
-317,2557,-312,816,3605,-399,0,0
-347,2149,-199,592,3605,-311,0,0
-409,1697,-247,543,4047,-401,0,0
-492,1244,-359,510,4065,-346,0,0
-571,866,-401,475,4234,-328,0,0
-608,926,-378,452,4143,-223,0,0
-546,1556,-362,426,4339,-139,0,0
-429,1571,-391,485,4134,-340,0,0
-349,639,-390,-14,4118,-221,0,0
-279,467,-449,-108,3949,-112,0,0
-241,516,-385,-226,4269,215,0,0
-296,268,-262,-389,4124,198,0,0
-278,258,-214,-382,4200,178,0,0
-206,461,-232,-220,4241,298,0,0
-163,337,-231,-202,4334,429,0,0
-145,458,-215,-10,4221,386,0,0
-91,319,-155,-9,4145,360,0,0
-34,109,-112,13,4121,194,0,0
41,-181,-68,-15,4203,267,0,0
55,-511,-42,113,4147,264,0,0
89,-877,44,317,4254,358,0,0
128,-1163,171,418,4552,601,0,0
105,-1225,330,551,4444,518,0,0
184,-1422,459,463,4353,94,0,0
385,-1867,551,389,4210,171,0,0
580,-2088,598,603,4189,396,0,0
586,-2380,609,469,3868,436,0,0
549,-2181,611,608,3811,304,0,0
524,-2354,560,509,4118,460,0,0
473,-2524,508,592,4232,330,0,0
442,-2485,557,479,4200,108,0,0
485,-1784,566,522,4046,-90,0,0
527,-1582,552,1022,3960,-446,0,0
632,-2190,647,1533,4017,-1080,0,0
879,-3042,772,1706,3893,-1710,0,0
1244,-2802,928,1447,4165,-1871,0,0
1563,-2407,989,1546,3911,-2189,0,0
1866,-2226,1146,895,3925,-2388,0,0
2225,-1548,1116,576,3704,-2715,0,0
2485,-841,1010,685,3476,-2800,0,0
2668,-724,913,602,3374,-2465,0,0
2656,-646,760,439,2970,-2563,0,0
2504,-544,594,229,2626,-2422,0,0
2253,-515,487,-29,2032,-2497,0,0
1871,-354,364,74,1641,-2899,0,0
1593,-640,387,158,1286,-3806,0,0
1507,-1149,276,-196,1193,-3759,0,0
1496,-908,94,-167,838,-4050,0,0
1466,-683,-70,0,802,-3866,0,0
1392,-543,-125,17,376,-4006,0,0
1367,-312,-156,19,-60,-3563,0,0
1108,-431,-123,186,-302,-4131,0,0
935,-778,-65,-229,-451,-3844,0,0
714,-430,-23,-291,-495,-3822,0,0
455,-248,99,-331,-668,-3885,0,0
64,-201,144,-772,-1054,-3995,0,0
-334,109,114,-666,-1302,-4154,0,0
-753,-204,-4,-676,-833,-4194,0,0
-1123,48,-159,-437,-463,-4186,0,0
-1416,2,-234,-356,212,-3887,0,0
-1559,228,-174,-505,578,-3289,0,0
-1790,1289,-83,-233,879,-3123,0,0
-1949,2217,-10,276,1333,-2934,0,0
-2116,1586,-151,463,1867,-3193,0,0
-2204,1256,-307,369,2127,-3333,0,0
-2260,1094,-473,753,2314,-3037,0,0
-2247,539,-643,389,2595,-2934,0,0
-2273,507,-1038,922,2936,-2793,0,0
-2328,747,-1113,1160,2779,-2622,0,0
-2237,838,-753,333,2984,-2192,0,0
-2076,1343,-621,600,3303,-2591,0,0
-1910,825,-806,786,3872,-2515,0,0
-1751,1121,-953,717,4333,-1914,0,0
-1725,1880,-996,1164,4861,-1943,0,0
-1625,1925,-949,1361,4592,-1792,0,0
-1350,1589,-893,1301,4319,-1472,0,0
-1012,1685,-883,1293,4331,-1180,0,0
-706,1896,-881,1332,4378,-1082,0,0
-474,2077,-876,1339,4292,-646,0,0
-346,2391,-801,1177,4110,-192,0,0
-223,3327,-527,1148,3738,-285,0,0
-98,3732,-122,1606,3835,-542,0,0
28,2518,174,1241,3920,-932,0,0
213,1109,291,938,4039,-670,0,0
200,-6,379,511,4209,-136,0,0
26,-409,389,354,4115,-168,0,0
-9,-640,299,211,4087,-168,0,0
88,-570,186,61,4080,-128,0,0
98,-469,152,166,3925,-150,0,0
66,-232,175,204,3989,-210,0,0
78,-211,141,176,4060,-250,0,0
109,-147,26,267,4117,-83,0,0
64,-86,-4,322,4012,-104,0,0
7,102,8,351,4032,-201,0,0
-10,247,7,517,3975,-358,0,0
41,130,4,510,4041,-321,0,0
53,60,-3,490,3939,-316,0,0
40,-33,19,406,4061,-266,0,0
25,-102,13,379,4019,-327,0,0
38,-130,3,330,4103,-272,0,0
38,-2,4,373,3986,-271,0,0
37,70,24,427,3973,-263,0,0
36,22,11,555,4027,-193,0,0
-3,-164,32,667,3950,-320,0,0
-14,-346,55,669,3940,-553,0,0
44,-452,50,858,4088,-627,0,0
126,-722,23,1126,4058,-621,0,0
149,-951,91,1354,3857,-773,0,0
184,-1335,268,1547,4047,-804,0,0
310,-2063,430,1932,3979,-1075,0,0
462,-2687,638,1888,4008,-1304,0,0
687,-2926,791,1914,4043,-1578,0,0
991,-3541,959,2028,3917,-1948,0,0
1398,-4440,1116,1647,4044,-2231,0,0
1896,-4866,1023,870,3737,-2356,0,0
2256,-3819,798,55,3264,-2215,0,0
2321,-2102,590,-150,3014,-2409,0,0
2339,-941,446,269,3064,-2890,0,0
2353,-1074,352,112,3209,-2939,0,0
2418,-1019,273,-355,3037,-3110,0,0
2488,-402,244,-394,2786,-3370,0,0
2495,-193,266,-407,2567,-3428,0,0
2413,-286,223,-312,2293,-3658,0,0
2288,-400,243,-470,1644,-3566,0,0
2120,-598,191,-836,1374,-3698,0,0
1953,-206,60,-761,1150,-3427,0,0
1709,76,60,-661,677,-3116,0,0
1364,75,108,-768,-95,-3530,0,0
971,-349,106,-907,-390,-4215,0,0
621,-630,-39,-1218,-523,-4356,0,0
213,-196,-302,-1228,-691,-4178,0,0
-153,767,-258,-918,-625,-3724,0,0
-634,408,-169,-818,-696,-3937,0,0
-981,2,-238,-819,-475,-3934,0,0
-1203,263,-283,-711,77,-3619,0,0
-1405,742,-203,-269,471,-3332,0,0
-1612,560,-123,-468,814,-3011,0,0
-1882,866,-194,242,1708,-3079,0,0
-2264,271,-148,140,1792,-3488,0,0
-2423,342,36,-164,2607,-2623,0,0
-2641,984,-178,-343,2648,-2697,0,0
-2524,2593,-548,536,2809,-2174,0,0
-2697,2436,-808,1222,3502,-3052,0,0
-2636,1209,-795,523,3569,-2500,0,0
-2473,1540,-1082,833,4050,-2270,0,0
-2300,1661,-1438,1151,3809,-2904,0,0
-1977,1509,-1530,1054,4159,-2328,0,0
-1596,2104,-1471,1762,3852,-2449,0,0
-1247,1419,-1019,1302,3968,-2203,0,0
-979,1545,-728,1355,4463,-1721,0,0
-689,2210,-825,1485,4180,-1474,0,0
-493,2533,-907,1567,3935,-1023,0,0
-366,2521,-800,1605,3990,-831,0,0
-235,2525,-641,1500,3902,-801,0,0
-127,3010,-400,1760,3848,-771,0,0
-53,2331,-14,1930,3922,-863,0,0
-11,462,298,1116,4198,-861,0,0
31,-32,356,368,4398,-602,0,0
15,220,406,451,4002,-463,0,0
9,-343,441,125,3937,-522,0,0
36,-923,262,-103,4023,-583,0,0
135,-851,53,-93,4088,-553,0,0
164,-295,0,146,4080,-478,0,0
139,60,14,331,4109,-414,0,0
123,118,-27,452,3939,-418,0,0
105,106,-57,535,3872,-470,0,0
58,48,-49,596,3946,-532,0,0
48,6,-44,548,3990,-524,0,0
41,14,-43,510,3965,-565,0,0
19,-31,-43,511,3941,-646,0,0
11,-80,-42,515,3958,-604,0,0
12,-13,-65,517,3975,-515,0,0
-9,15,-92,589,3923,-554,0,0
-44,-51,-71,534,3936,-591,0,0
-56,-92,-68,502,3998,-627,0,0
-58,-83,-82,584,4007,-573,0,0
-77,-157,-79,585,3984,-561,0,0
-103,-242,-90,592,4025,-544,0,0
-123,-367,-97,591,3975,-598,0,0
-108,-480,-78,466,3989,-592,0,0
-69,-436,-72,419,4070,-546,0,0
-55,-404,-52,403,4050,-510,0,0
-55,-383,-11,381,4021,-505,0,0
-41,-354,18,350,4011,-565,0,0
-19,-322,33,330,4049,-562,0,0
-24,-279,50,264,4012,-523,0,0
-44,-284,43,259,4010,-600,0,0
-39,-353,3,425,4030,-685,0,0
8,-474,5,534,3953,-708,0,0
38,-612,89,773,3931,-780,0,0
126,-1073,209,1205,3915,-1060,0,0
251,-1965,398,1701,3839,-1457,0,0
490,-2763,661,1624,4043,-1521,0,0
824,-2991,810,1397,4035,-1756,0,0
1142,-3015,893,936,4061,-1881,0,0
1381,-1892,880,469,4042,-1798,0,0
1533,-139,875,768,3624,-2039,0,0
1654,186,1021,1089,3717,-2167,0,0
1769,-46,1072,1125,3816,-2126,0,0
1813,-173,1138,1155,3409,-2433,0,0
1922,-851,1245,1357,3137,-2775,0,0
2108,-2788,1201,1236,2922,-3015,0,0
2261,-4126,777,0,2724,-2770,0,0
2248,-3174,217,-676,2417,-2998,0,0
2188,-1321,-20,-324,2270,-3320,0,0
2119,-905,84,-315,1911,-3533,0,0
1979,-1091,44,-436,1615,-3417,0,0
1770,-1663,-131,-907,1128,-3327,0,0
1437,-1230,-475,-1138,826,-3612,0,0
1187,-466,-592,-1235,510,-3679,0,0
1062,220,-450,-1298,237,-3777,0,0
940,368,-178,-1079,-43,-4115,0,0
770,-23,-88,-1425,-219,-4105,0,0
501,487,-92,-1135,-195,-4375,0,0
183,183,-48,-1292,-193,-4353,0,0
-156,400,11,-1064,-271,-4713,0,0
-400,0,111,-1379,-302,-4230,0,0
-652,93,64,-1271,-198,-4363,0,0
-924,295,-48,-1006,207,-3894,0,0
-1196,415,-68,-770,338,-3806,0,0
-1391,583,6,-783,816,-2802,0,0
-1743,1577,45,-205,1173,-2903,0,0
-1902,940,47,-386,1362,-2764,0,0
-2085,467,-40,-422,1817,-3015,0,0
-2137,342,-164,-476,1842,-3002,0,0
-2179,751,-249,-134,2841,-2956,0,0
-2214,436,-369,70,2966,-3048,0,0
-2231,670,-350,-56,3001,-2445,0,0
-2110,1836,-421,110,3035,-2485,0,0
-1881,2450,-715,1028,3604,-2619,0,0
-1678,1382,-985,781,3588,-2290,0,0
-1742,1309,-1091,924,3595,-2431,0,0
-1584,2058,-1047,593,3975,-2046,0,0
-1294,3463,-1143,938,4236,-1951,0,0
-1009,4430,-1282,1306,4235,-1580,0,0
-743,4801,-1390,1846,3845,-1424,0,0
-524,3849,-1370,2068,3948,-1165,0,0
-390,2255,-1278,2300,4481,-991,0,0
-431,169,-1178,2218,4287,-1083,0,0
-477,-1326,-835,1525,3638,-651,0,0
-478,-1008,-301,863,3978,-612,0,0
-412,232,121,766,4088,-972,0,0
-283,1038,372,800,4137,-968,0,0
-83,686,427,874,4155,-1051,0,0
132,-493,427,698,3881,-896,0,0
199,-1316,470,344,3956,-545,0,0
166,-1456,500,408,4131,-233,0,0
159,-1448,512,192,4148,-225,0,0
149,-1336,404,156,4112,-244,0,0
130,-871,317,97,4117,-248,0,0
53,-359,231,211,4003,-296,0,0
1,-598,120,55,3935,-446,0,0
-4,-497,-17,-107,3912,-560,0,0
-40,66,-68,210,3971,-691,0,0
-57,23,-26,233,4075,-844,0,0
-36,-93,-69,103,4007,-833,0,0
35,299,-187,227,3940,-700,0,0
67,647,-257,423,4035,-584,0,0
46,637,-279,593,4031,-557,0,0
-6,355,-247,558,4019,-586,0,0
-44,275,-236,585,3969,-636,0,0
-47,277,-222,625,3904,-609,0,0
-69,106,-161,569,3924,-751,0,0
-73,48,-74,617,3971,-849,0,0
-23,46,-13,653,3972,-822,0,0
33,-105,26,589,3977,-766,0,0
50,-361,57,500,3997,-669,0,0
18,-470,69,709,4021,-797,0,0
22,-938,112,1041,3950,-1153,0,0
110,-1522,200,1587,3978,-1590,0,0
349,-2017,447,1809,3960,-1901,0,0
663,-2590,794,1665,4201,-2171,0,0
1037,-2793,965,1228,4356,-2152,0,0
1428,-2376,927,1047,4249,-2349,0,0
1720,-1767,880,904,4169,-2442,0,0
1959,-1308,889,983,3931,-2649,0,0
2162,-1517,936,789,3809,-2811,0,0
2410,-1691,879,769,3740,-3062,0,0
2588,-1719,724,128,3531,-2739,0,0
2670,-1206,462,98,3000,-3021,0,0
2763,-1193,399,48,2657,-2876,0,0
2721,-1355,279,-371,2373,-2757,0,0
2555,-838,121,-286,2126,-2910,0,0
2332,-492,106,-367,1714,-2892,0,0
2115,-265,37,-234,1232,-3110,0,0
1825,-524,13,-193,654,-3032,0,0
1458,-751,-108,-570,365,-2829,0,0
1123,-286,-221,-484,47,-3187,0,0
864,-284,-166,-876,-395,-3237,0,0
620,89,-68,-764,-482,-3646,0,0
483,253,101,-882,-726,-3824,0,0
228,147,162,-713,-895,-4074,0,0
-33,-201,109,-886,-621,-4135,0,0
-225,-5,133,-1003,-569,-4573,0,0
-360,104,183,-1373,-346,-4767,0,0
-534,286,63,-1351,-323,-5295,0,0
-737,-166,-155,-1441,-273,-5111,0,0
-960,-18,-313,-832,159,-4395,0,0
-1285,506,-225,-508,462,-3730,0,0
-1561,995,-182,-217,825,-3455,0,0
-1796,1551,-164,50,1087,-3422,0,0
-1888,2062,-162,-121,1412,-2583,0,0
-2171,2570,-375,766,2034,-2535,0,0
-2406,1642,-598,414,2050,-2680,0,0
-2414,1412,-904,595,2748,-2046,0,0
-2486,1872,-1272,831,2639,-2102,0,0
-2363,2347,-1395,723,3206,-1489,0,0
-2194,3138,-1540,1304,3633,-1698,0,0
-1927,2924,-1631,1420,3797,-1841,0,0
-1656,1739,-1903,1948,4154,-2007,0,0
-1447,486,-1941,1747,4574,-1678,0,0
-1333,326,-1843,1702,5033,-1688,0,0
-1225,1394,-1606,1912,4967,-1231,0,0
-1241,1758,-1404,2613,4897,-1272,0,0
-1223,1073,-1027,1899,4164,-955,0,0
-708,4524,-590,2276,3739,-2013,0,0
163,4567,-126,2749,3570,-3328,0,0
376,415,62,1113,3698,248,0,0
149,-700,183,331,3934,166,0,0
-1,-673,243,500,4139,-389,0,0
11,-1055,186,180,4460,-415,0,0
66,-1141,125,23,4182,-381,0,0
71,-809,181,2,4022,-378,0,0
93,-471,189,69,4020,-422,0,0
157,-438,115,79,4124,-213,0,0
176,-267,48,145,4112,-90,0,0
122,-259,51,151,3972,-239,0,0
85,-266,76,143,3968,-302,0,0
51,-112,87,191,4019,-376,0,0
46,19,41,219,4098,-507,0,0
47,152,-49,345,4085,-528,0,0
46,214,-93,515,4004,-532,0,0
33,127,-78,627,3947,-602,0,0
70,-28,-26,647,4020,-590,0,0
105,-93,62,492,4040,-433,0,0
38,6,130,372,4026,-390,0,0
-41,-4,147,290,3950,-345,0,0
-98,-51,97,307,3877,-390,0,0
-71,-189,-9,468,3974,-462,0,0
0,-254,-36,512,4107,-340,0,0
-51,-143,63,332,4016,-258,0,0
-174,-83,74,294,4078,-435,0,0
-186,-215,-49,597,4053,-571,0,0
-102,-325,-88,583,3961,-532,0,0
-84,-265,-43,485,3954,-490,0,0
-69,-304,-35,465,3999,-409,0,0
-32,-279,-51,459,4040,-326,0,0
-40,-274,-43,451,3994,-361,0,0
-39,-294,3,341,3997,-401,0,0
3,-53,23,318,4027,-556,0,0
113,305,16,644,4013,-591,0,0
171,109,39,985,3973,-690,0,0
223,-374,130,1133,4020,-759,0,0
295,-447,277,1062,4055,-800,0,0
349,-140,453,1195,4156,-775,0,0
422,-86,601,1818,3950,-1075,0,0
525,-1017,799,2020,3861,-1392,0,0
709,-1817,1004,1805,4091,-1457,0,0
933,-2078,1125,1806,4080,-1563,0,0
1116,-2242,1261,1595,4152,-1612,0,0
1320,-2660,1330,1658,3870,-1989,0,0
1508,-2968,1348,1220,3646,-2268,0,0
1785,-2379,1226,961,3534,-2454,0,0
1973,-1830,1058,856,3109,-2704,0,0
2130,-1579,876,739,3008,-2812,0,0
2143,-1571,635,728,2444,-3026,0,0
2197,-1486,529,297,2354,-2794,0,0
2201,-1263,391,287,2000,-2917,0,0
2114,-1069,327,-91,1899,-2666,0,0
1905,-541,384,183,1359,-3058,0,0
1721,-909,404,-365,1122,-3026,0,0
1530,-797,203,-541,971,-3339,0,0
1327,-376,77,-609,974,-3143,0,0
1027,106,-40,-488,990,-3429,0,0
783,418,-30,-275,520,-3843,0,0
480,-11,32,-293,401,-4141,0,0
182,-143,-13,-509,-75,-4586,0,0
-89,-188,-64,-461,-418,-5018,0,0
-244,-576,-118,-693,-357,-5278,0,0
-310,-561,-143,-797,-175,-5298,0,0
-405,-311,-217,-803,-40,-5004,0,0
-564,-74,-283,-655,159,-5050,0,0
-737,-70,-242,-645,476,-4058,0,0
-979,372,-214,-330,712,-3543,0,0
-1220,677,-235,-221,1082,-3199,0,0
-1414,1298,-165,-240,1135,-2952,0,0
-1676,1332,-61,220,1317,-3142,0,0
-1682,396,69,-172,1780,-2718,0,0
-1912,298,-54,146,2220,-2359,0,0
-2130,104,-177,155,2207,-2698,0,0
-2186,-253,-242,46,2545,-2137,0,0
-2171,344,-232,-124,2783,-2040,0,0
-2133,1462,-299,54,3194,-1640,0,0
-2160,2139,-443,502,3646,-2226,0,0
-2022,2730,-537,633,3789,-1984,0,0
-2057,3644,-864,1382,4299,-2117,0,0
-2041,2748,-1260,1716,4632,-2018,0,0
-1838,1869,-1367,2024,4779,-2118,0,0
-1588,409,-1114,1962,4723,-2390,0,0
-1307,1486,-814,412,4483,-2672,0,0
-232,47,-779,2896,4151,-2668,0,0
323,3660,-289,3519,3778,-899,0,0
231,-1077,-46,1725,3723,-109,0,0
215,-850,-118,934,3500,30,0,0
200,-792,-227,886,3599,157,0,0
102,-663,-240,945,4141,246,0,0
-61,-704,-125,965,4123,179,0,0
-214,-1189,199,708,4024,-309,0,0
-158,-1703,372,-234,3990,-1143,0,0
126,-1632,327,-178,4124,-1217,0,0
246,-1494,230,24,4398,-833,0,0
286,-921,219,329,4176,-734,0,0
295,-417,315,422,3896,-482,0,0
251,-304,287,364,3881,-444,0,0
231,3,147,549,3825,-461,0,0
115,-240,79,866,3873,-529,0,0
16,-802,158,617,3969,-524,0,0
-4,-739,131,438,4036,-568,0,0
8,-381,81,403,3935,-594,0,0
-19,-185,67,338,3868,-678,0,0
-73,-104,22,328,3936,-820,0,0
-88,29,-27,303,3986,-908,0,0
-42,254,-86,361,3981,-963,0,0
-13,355,-144,502,3945,-919,0,0
3,379,-161,499,3905,-911,0,0
37,450,-189,609,3937,-875,0,0
46,445,-202,683,3972,-861,0,0
54,517,-151,636,3975,-781,0,0
29,633,-92,529,3884,-748,0,0
15,443,-137,426,3859,-764,0,0
-18,349,-191,563,3957,-734,0,0
-61,232,-185,581,3971,-806,0,0
-48,231,-135,507,3946,-891,0,0
9,468,-80,626,3953,-899,0,0
70,475,-21,739,3945,-917,0,0
105,267,22,668,3914,-878,0,0
99,170,30,608,3884,-810,0,0
75,163,30,612,3932,-742,0,0
41,91,33,633,3921,-750,0,0
21,42,37,659,3907,-843,0,0
20,20,34,719,3952,-881,0,0
43,0,51,727,3929,-955,0,0
70,-4,77,732,3964,-927,0,0
75,-81,96,788,3936,-934,0,0
68,-273,107,989,3960,-1042,0,0
147,-490,128,1207,3937,-1462,0,0
293,-341,256,1537,3728,-1897,0,0
481,-373,495,2061,3748,-2382,0,0
815,-649,804,2416,3683,-2097,0,0
1062,-1552,1169,2233,3308,-1844,0,0
1200,-1905,1462,1338,3121,-1512,0,0
1255,-1498,1484,1096,2786,-1756,0,0
1508,-991,1317,1382,2690,-2459,0,0
1956,-1110,1157,2178,2850,-3001,0,0
2299,-2230,1157,1566,3399,-2567,0,0
2401,-1860,1181,910,3576,-2295,0,0
2292,-1346,1250,680,3384,-2871,0,0
2252,-962,1156,607,3002,-3018,0,0
2178,-1131,918,707,2083,-3710,0,0
2056,-1493,619,402,1792,-3568,0,0
1845,-1886,217,191,901,-4054,0,0
1643,-1683,90,-6,853,-3444,0,0
1371,-1180,4,-360,1003,-3720,0,0
1126,-609,-54,-154,746,-4130,0,0
899,-751,-53,-698,330,-4370,0,0
697,-308,-132,-934,-238,-4294,0,0
327,167,-208,-1028,-452,-4216,0,0
80,351,-84,-330,-636,-4527,0,0
-32,114,105,-468,-450,-4510,0,0
-274,376,35,-728,-352,-4663,0,0
-562,-96,-124,-665,-150,-4574,0,0
-873,-490,-105,-694,348,-4250,0,0
-1201,-228,-61,-1115,681,-3857,0,0
-1443,1008,-44,-881,718,-3274,0,0
-1738,1699,-147,-130,1096,-2900,0,0
-1923,1822,-339,-136,1402,-2488,0,0
-2260,2398,-643,507,2454,-2097,0,0
-2425,2434,-1034,344,2842,-2031,0,0
-2530,2353,-1507,1324,2973,-2062,0,0
-2618,619,-1700,1516,2755,-2708,0,0
-2615,-569,-1394,926,3259,-2225,0,0
-2573,-553,-1162,844,3550,-2725,0,0
-2353,-134,-1009,582,3774,-2477,0,0
-2107,224,-1104,870,4078,-2937,0,0
-1731,356,-1083,598,4625,-2742,0,0
-1442,1028,-908,674,4166,-2720,0,0
-1197,1405,-635,625,3715,-2271,0,0
-983,1663,-422,687,3691,-1874,0,0
-813,1165,-271,1276,3935,-1680,0,0
-718,-936,-33,1026,4117,-1371,0,0
-686,-636,13,405,4268,-1240,0,0
-506,1722,-168,912,4209,-1341,0,0
-338,2945,-206,934,3696,-1327,0,0
-192,2902,-124,842,3781,-834,0,0
-79,1832,-80,802,3936,-821,0,0
3,287,62,789,3980,-854,0,0
72,-876,212,556,4098,-927,0,0
162,-1505,263,271,4185,-552,0,0
132,-1537,367,257,4065,-90,0,0
54,-1564,378,122,4076,-196,0,0
67,-1870,276,53,3951,-131,0,0
72,-1626,164,-9,3987,-108,0,0
64,-1062,117,74,3956,-281,0,0
91,-832,173,131,3948,-590,0,0
136,-654,184,-9,4098,-727,0,0
214,-297,94,153,4215,-722,0,0
295,-119,84,313,4068,-677,0,0
274,-13,119,303,3992,-751,0,0
190,-83,97,229,3991,-629,0,0
102,71,42,388,3981,-624,0,0
75,40,15,409,3978,-723,0,0
85,-2,-8,351,3916,-656,0,0
49,120,-20,390,3874,-723,0,0
24,180,-14,429,3988,-762,0,0
32,155,-19,412,4115,-766,0,0
14,121,-22,344,4082,-778,0,0
-22,243,-20,359,3939,-876,0,0
-31,219,-20,354,3815,-943,0,0
5,175,-53,403,3843,-948,0,0
60,226,-112,433,4034,-893,0,0
100,342,-131,501,4015,-843,0,0
124,383,-40,520,3932,-825,0,0
122,370,49,479,3946,-728,0,0
102,393,44,558,3978,-770,0,0
71,244,33,537,3946,-819,0,0
26,60,22,444,3912,-871,0,0
35,147,-10,459,3958,-921,0,0
64,246,-36,477,3941,-936,0,0
67,230,-38,471,3964,-906,0,0
82,151,-38,451,3972,-935,0,0
151,-32,-61,384,3902,-969,0,0
155,34,-97,487,3961,-977,0,0
143,137,-90,559,3979,-969,0,0
149,179,-48,528,3924,-902,0,0
115,247,-37,579,3894,-854,0,0
53,160,-49,731,3853,-935,0,0
-10,-309,-26,821,3837,-1169,0,0
-20,-908,-5,792,3851,-1417,0,0
7,-1473,40,1059,3667,-2183,0,0
312,-2155,270,687,4010,-2268,0,0
600,-1751,258,643,4026,-2374,0,0
834,-1798,294,544,3840,-2493,0,0
1151,-1743,276,417,3531,-2962,0,0
1473,-1174,260,447,3277,-3296,0,0
1733,-849,276,537,3514,-3252,0,0
2055,-943,202,725,3653,-3226,0,0
2348,-1086,194,268,3581,-3024,0,0
2562,-790,239,-1,3235,-3239,0,0
2802,-658,308,67,3278,-3198,0,0
2877,-782,248,-244,3008,-2835,0,0
2696,-941,73,-545,2517,-2311,0,0
2383,-458,-27,-431,2016,-2453,0,0
2089,-2,-1,-506,1514,-2508,0,0
1807,-22,48,-747,1385,-2785,0,0
1595,-106,92,-964,722,-2958,0,0
1328,-114,111,-635,602,-3470,0,0
1070,-368,81,-585,278,-3422,0,0
881,-720,-14,-653,78,-3798,0,0
680,-776,-105,-918,-169,-3902,0,0
371,-488,-173,-949,-237,-4603,0,0
170,-782,-194,-1380,-186,-4734,0,0
-71,-281,-178,-1564,57,-4931,0,0
-255,247,-65,-1685,-9,-5147,0,0
-435,353,58,-1466,-38,-5144,0,0
-615,185,-35,-1572,19,-4671,0,0
-971,1062,-243,-1137,-13,-4408,0,0
-1440,2611,-359,-67,445,-3565,0,0
-1845,2726,-472,735,963,-3594,0,0
-1811,2419,-466,742,1453,-3235,0,0
-1853,2251,-337,1139,1639,-3307,0,0
-1862,2360,-175,522,2294,-2156,0,0
-1979,2530,-567,1168,2356,-2980,0,0
-1896,868,-866,588,2901,-2261,0,0
-1934,215,-1262,1320,2945,-2236,0,0
-1984,-827,-1302,478,2737,-2290,0,0
-1883,-176,-1175,575,2751,-1742,0,0
-1844,39,-1104,697,2868,-2034,0,0
-1740,-223,-1090,464,3533,-1927,0,0
-1571,532,-1061,689,3756,-1838,0,0
-1484,1370,-934,852,4660,-1642,0,0
-1554,1566,-1040,1476,4819,-1773,0,0
-1556,1264,-1103,1315,4482,-1683,0,0
-1352,1274,-1199,1442,4464,-1557,0,0
-854,1677,-1427,1034,4266,-997,0,0
-315,3613,-1640,1610,4044,-584,0,0
-174,4086,-1317,2008,3848,-852,0,0
-331,3006,-450,1812,3866,-962,0,0
-431,2049,274,1310,3939,-1107,0,0
-228,1570,410,503,4050,-1819,0,0
111,735,231,797,4021,-1490,0,0
194,-929,317,779,4118,-716,0,0
173,-1431,451,350,4167,-564,0,0
236,-1045,454,511,4108,-479,0,0
294,-1144,475,427,4117,-273,0,0
292,-1117,501,324,4059,-184,0,0
249,-784,550,415,3971,-256,0,0
188,-871,554,487,4033,-188,0,0
105,-1040,506,269,4071,-163,0,0
40,-726,396,258,3985,-318,0,0
-66,-616,344,214,3983,-339,0,0
-184,-389,336,421,4137,-425,0,0
-246,-874,338,385,4087,-615,0,0
-252,-1324,271,12,3994,-765,0,0
-189,-775,164,105,3998,-959,0,0
-96,-394,97,204,4058,-1016,0,0
-5,-102,-1,238,4054,-1033,0,0
82,298,-123,448,3964,-1003,0,0
137,433,-199,693,3907,-858,0,0
141,334,-216,870,3911,-745,0,0
91,-143,-239,644,3912,-721,0,0
62,-422,-296,464,3929,-689,0,0
49,-157,-270,501,3962,-659,0,0
22,142,-173,587,3958,-695,0,0
8,226,-58,647,3927,-760,0,0
13,228,8,657,3897,-836,0,0
1,94,12,591,3905,-873,0,0
-6,49,-3,588,3962,-915,0,0
5,12,8,572,3982,-939,0,0
21,-39,27,477,3996,-901,0,0
36,12,34,505,4026,-824,0,0
63,134,91,801,4010,-871,0,0
45,-253,176,592,3931,-1021,0,0
53,-328,155,298,3808,-962,0,0
62,135,111,500,3808,-919,0,0
68,143,112,585,3901,-920,0,0
123,94,103,400,4024,-974,0,0
251,674,46,437,3951,-758,0,0
237,834,11,811,3873,-773,0,0
158,361,43,780,3860,-774,0,0
138,102,41,790,3785,-1050,0,0
180,-111,30,1217,3721,-1498,0,0
213,-898,54,1354,3778,-1755,0,0
283,-1066,134,1449,3960,-1644,0,0
374,-984,255,1575,3900,-1660,0,0
421,-775,471,1621,3860,-1998,0,0
574,-647,677,1841,3785,-2436,0,0
799,-823,846,2127,3801,-2548,0,0
1080,-1290,1057,2100,3848,-2522,0,0
1361,-1557,1224,1724,3792,-2401,0,0
1610,-1590,1296,1655,3162,-2727,0,0
1889,-1552,1381,1344,2963,-2875,0,0
2204,-1670,1336,1241,3005,-2811,0,0
2391,-2051,1194,1063,2922,-2445,0,0
2412,-2435,999,564,2571,-2780,0,0
2390,-1720,977,407,2171,-2816,0,0
2323,-1432,1014,75,1617,-3109,0,0
2245,-1341,855,-175,1507,-3011,0,0
2113,-982,642,-307,1373,-2793,0,0
1826,-921,370,-457,1134,-2785,0,0
1439,-872,122,-588,668,-3066,0,0
1130,-1055,-112,-1026,132,-3283,0,0
855,-406,-314,-940,-271,-3669,0,0
651,128,-155,-936,-631,-3902,0,0
453,172,47,-830,-681,-4212,0,0
327,-698,100,-924,-748,-4436,0,0
232,-1546,-34,-1433,-699,-3837,0,0
-200,-612,-208,-1263,-1044,-3846,0,0
-905,84,-301,-1155,-607,-4698,0,0
-1412,290,-274,-1178,32,-4953,0,0
-1570,283,-162,-1338,573,-4830,0,0
-1552,693,0,-1536,773,-4400,0,0
-1518,1441,85,-956,944,-3967,0,0
-1594,1232,74,-431,1511,-3258,0,0
-1851,981,43,-798,1791,-2827,0,0
-2129,1074,-129,-151,2353,-2914,0,0
-2308,483,-332,-247,2394,-2668,0,0
-2519,722,-468,205,2812,-2315,0,0
-2773,819,-432,73,2871,-2200,0,0
-2873,1452,-418,424,3696,-1925,0,0
-2866,1077,-625,381,3863,-2326,0,0
-2765,1267,-791,632,4020,-2025,0,0
-2767,816,-886,907,4380,-2524,0,0
-2589,104,-714,199,4539,-2646,0,0
-2092,1264,-686,-418,4665,-2435,0,0
-1584,3616,-1109,1486,4991,-2303,0,0
-1050,4140,-1000,2418,4313,-2510,0,0
-568,3310,-356,1823,3637,-1814,0,0
-274,2690,39,1447,3697,-1207,0,0
-98,2251,169,1010,3863,-807,0,0
-46,1402,196,892,3849,-557,0,0
-76,136,285,546,4087,-236,0,0
-109,-221,450,137,3989,-293,0,0
-153,-12,559,230,3909,-412,0,0
-148,180,625,458,3937,-494,0,0
-102,37,578,437,4067,-308,0,0
25,901,487,549,4131,-33,0,0
188,1352,333,757,3819,-249,0,0
316,986,100,905,3736,-218,0,0
376,521,-64,1043,3867,-191,0,0
358,-258,-113,1116,4096,-304,0,0
271,-630,5,883,4152,-495,0,0
187,-600,179,651,4033,-734,0,0
153,-511,253,616,3959,-731,0,0
169,-534,226,579,4022,-508,0,0
185,-314,117,641,4072,-328,0,0
156,202,11,841,3834,-217,0,0
87,282,-68,929,3709,-151,0,0
22,-89,-155,911,3803,-240,0,0
-25,-598,-282,685,3943,-425,0,0
-41,-728,-404,477,4003,-596,0,0
-48,-227,-406,453,4007,-528,0,0
-51,470,-374,771,4073,-479,0,0
-50,287,-286,856,3904,-673,0,0
-73,10,-198,547,3878,-572,0,0
-67,57,-159,581,4040,-493,0,0
-102,-202,-99,829,4011,-485,0,0
-221,-958,23,700,4055,-571,0,0
-210,-1061,97,41,4063,-631,0,0
-86,-340,-131,150,3948,-739,0,0
52,96,-274,511,3989,-536,0,0
69,61,-198,584,4069,-509,0,0
60,12,-78,415,4088,-553,0,0
72,98,-16,384,4023,-583,0,0
70,44,14,420,4004,-571,0,0
69,-120,34,496,3946,-658,0,0
75,-412,47,502,3879,-769,0,0
29,-714,37,1097,3906,-815,0,0
-138,-2144,107,1116,4008,-1033,0,0
-58,-2465,228,259,3860,-1099,0,0
243,-1249,252,467,3860,-1200,0,0
447,-1174,285,906,4165,-1371,0,0
619,-1340,403,765,4111,-1549,0,0
760,-981,450,746,4108,-1662,0,0
930,-716,435,1032,3907,-2121,0,0
1118,-934,528,1573,3857,-3028,0,0
1428,-1147,765,1653,4033,-3115,0,0
1750,-1385,941,1337,3960,-2814,0,0
2000,-1543,1008,1008,3625,-2600,0,0
2221,-1452,878,742,3336,-2538,0,0
2409,-1257,509,356,2829,-2826,0,0
2547,-1273,265,418,2518,-3230,0,0
2747,-1793,209,3,2704,-2586,0,0
2697,-885,258,-173,2838,-2481,0,0
2508,569,427,-35,2433,-2676,0,0
2220,1145,569,297,1972,-2892,0,0
2010,792,646,316,1369,-2810,0,0
1787,58,654,307,902,-3229,0,0
1577,-941,570,17,405,-3369,0,0
1248,-1385,378,-329,-170,-3785,0,0
1024,-1379,87,-675,20,-3572,0,0
762,-797,-124,-758,0,-3889,0,0
514,-95,-104,-757,-151,-3918,0,0
243,545,-115,-427,-420,-4222,0,0
31,192,-119,-175,-673,-4750,0,0
-190,-380,-55,-580,-793,-4590,0,0
-401,-493,4,-817,-698,-4522,0,0
-711,-505,-152,-676,-412,-4857,0,0
-1078,-496,-467,-649,-97,-4648,0,0
-1311,-122,-507,-613,319,-4590,0,0
-1367,563,-184,-940,650,-3844,0,0
-1535,1696,-88,-14,1235,-3261,0,0
-1764,1424,-170,254,1716,-3148,0,0
-1975,676,-331,345,2184,-3047,0,0
-2232,-262,-559,452,2482,-3453,0,0
-2354,-1165,-587,102,2510,-3301,0,0
-2218,-667,-268,-1174,1951,-2711,0,0
-2194,1125,-218,-712,2627,-1989,0,0
-2387,1548,-446,-20,3378,-2147,0,0
-2517,1213,-524,298,3694,-2523,0,0
-2502,907,-576,155,4067,-2321,0,0
-2417,1342,-729,682,3685,-2312,0,0
-2322,1257,-622,609,4306,-1867,0,0
-2198,1890,-567,565,4886,-1345,0,0
-1802,3799,-773,463,4980,-707,0,0
-1407,1303,-1092,2207,4388,-902,0,0
-1163,3759,-970,1989,4139,-1296,0,0
-470,5629,-859,2316,4086,-2255,0,0
313,6193,-436,2821,3716,-1095,0,0
323,2429,-200,1910,3564,-201,0,0
106,277,-63,1052,3810,-318,0,0
42,-295,-89,895,3951,-549,0,0
104,-791,-160,585,3991,-616,0,0
162,-1441,-39,235,4052,-499,0,0
148,-1523,174,-378,4417,-176,0,0
81,-484,270,-458,4229,-34,0,0
32,385,330,-77,3965,-211,0,0
-21,259,311,114,3921,-438,0,0
4,-538,220,-30,3985,-689,0,0
107,-922,71,124,4211,-667,0,0
147,-636,99,45,4437,-282,0,0
122,246,236,-105,4153,-1,0,0
17,642,273,247,3855,-249,0,0
-76,-71,232,84,3853,-393,0,0
-49,-127,79,275,3888,-573,0,0
62,110,-24,554,4008,-554,0,0
94,-33,-39,529,4103,-361,0,0
34,-223,-56,368,4034,-331,0,0
-34,-254,-66,357,4004,-385,0,0
-53,-201,-63,305,4035,-410,0,0
-32,-131,-103,305,4053,-441,0,0
-25,-141,-97,388,3977,-520,0,0
-23,-113,-27,348,3971,-532,0,0
24,52,-23,249,4095,-354,0,0
27,169,-55,328,4055,-382,0,0
-5,30,-38,202,4102,-408,0,0
-43,97,-44,132,4085,-498,0,0
-50,135,-84,251,4020,-582,0,0
-33,114,-90,318,4060,-495,0,0
-45,86,-66,399,3988,-476,0,0
-54,41,-32,450,3944,-410,0,0
-84,54,20,596,3939,-385,0,0
-124,-37,132,798,3914,-543,0,0
-125,-369,278,869,4000,-770,0,0
-38,-986,302,895,4144,-759,0,0
59,-1883,257,1169,4024,-861,0,0
176,-2896,338,1087,4052,-976,0,0
377,-3012,425,1122,4142,-1212,0,0
637,-2708,465,1571,4043,-1601,0,0
890,-2514,663,1747,4181,-1773,0,0
1131,-2364,850,1465,4274,-1984,0,0
1415,-2082,901,1254,4300,-2260,0,0
1668,-1558,913,1216,4311,-2398,0,0
1863,-1261,985,1088,4252,-2480,0,0
2030,-862,1016,979,3966,-2453,0,0
2103,-500,1058,855,3470,-2506,0,0
2190,-267,1117,805,2929,-2635,0,0
2336,-902,1158,845,2820,-2288,0,0
2305,-2058,1090,368,2352,-2180,0,0
2288,-2133,838,-308,1947,-2095,0,0
2159,-1088,479,-233,1593,-2210,0,0
1892,-353,304,32,1514,-2545,0,0
1637,-346,273,72,1221,-2881,0,0
1328,-824,234,-360,781,-3325,0,0
1164,-778,183,-260,599,-3748,0,0
1098,-950,178,-429,539,-3788,0,0
1016,-806,125,-616,321,-4028,0,0
975,-525,145,-658,88,-3952,0,0
889,-206,195,-591,148,-3427,0,0
579,-97,283,-723,-123,-4033,0,0
254,176,394,-763,-267,-4582,0,0
9,106,317,-987,-271,-5041,0,0
-203,190,191,-1178,-391,-5245,0,0
-411,183,-11,-1222,-347,-5201,0,0
-663,79,-305,-1270,-304,-5188,0,0
-802,316,-476,-819,-114,-5017,0,0
-888,676,-566,-587,199,-4546,0,0
-1060,1300,-597,171,688,-4377,0,0
-1214,1284,-539,93,699,-3548,0,0
-1473,1556,-616,672,1213,-3408,0,0
-1641,1175,-483,855,1371,-2793,0,0
-2019,148,-51,764,2030,-2171,0,0
-2263,-1288,200,243,2378,-1997,0,0
-2538,-1559,250,84,2703,-2645,0,0
-2380,-1031,129,-847,2623,-2529,0,0
-2402,1024,-272,-244,3309,-1921,0,0
-2539,2078,-780,-40,3528,-2376,0,0
-2447,2987,-1080,708,3334,-1982,0,0
-2502,2325,-1154,1278,3785,-3239,0,0
-2178,1354,-827,937,4306,-2128,0,0
-1874,1818,-605,953,4381,-2047,0,0
-1370,2862,-537,929,4316,-1883,0,0
-922,3748,-774,1805,4135,-1726,0,0
-577,3280,-905,1535,3984,-1254,0,0
-384,2567,-954,1413,4000,-1005,0,0
-349,1867,-910,1362,4179,-842,0,0
-358,1382,-762,1296,4035,-750,0,0
-311,1193,-484,1381,3900,-583,0,0
-187,1543,-130,1212,3862,-560,0,0
8,1674,190,1297,3703,-764,0,0
151,611,427,929,3828,-577,0,0
155,-201,524,415,4184,-262,0,0
22,-235,574,518,4439,-132,0,0
-114,-363,579,356,4325,-156,0,0
-153,-720,415,114,3962,-362,0,0
-14,-695,220,43,3854,-366,0,0
166,-354,69,269,3947,-108,0,0
240,80,-2,548,4100,99,0,0
193,318,-4,790,4026,1,0,0
118,284,44,842,4028,-165,0,0
62,199,69,798,3958,-337,0,0
56,122,54,779,3944,-480,0,0
69,64,37,724,3980,-406,0,0
60,2,37,707,4002,-342,0,0
61,-66,4,642,4047,-214,0,0
32,-34,-38,664,3928,-188,0,0
1,-23,-49,701,3933,-332,0,0
11,1,-48,723,3985,-381,0,0
-2,-24,-47,703,3998,-410,0,0
-21,-128,-46,725,3949,-505,0,0
-34,-404,-35,795,3939,-557,0,0
-23,-720,-24,856,4034,-552,0,0
25,-1036,-21,1044,4068,-566,0,0
78,-1414,4,1096,3930,-704,0,0
150,-1241,75,1051,3879,-875,0,0
261,-843,159,1200,3999,-871,0,0
370,-770,312,1370,4021,-915,0,0
465,-944,552,1506,4030,-1027,0,0
548,-1678,757,1517,3980,-1214,0,0
626,-2460,844,1278,3918,-1500,0,0
756,-2335,799,922,3863,-1604,0,0
845,-1641,645,1055,3836,-1970,0,0
980,-1341,578,1028,3906,-1987,0,0
1104,-1016,544,1065,3860,-2052,0,0
1179,-910,562,990,3720,-2295,0,0
1212,-594,605,885,3527,-2563,0,0
1262,-288,629,910,3478,-2608,0,0
1258,-57,574,1112,3231,-2639,0,0
1223,-80,595,1098,3080,-2647,0,0
1154,-152,602,1036,2881,-2699,0,0
1095,-225,573,1121,2659,-2894,0,0
1087,-511,483,1167,2438,-2991,0,0
1140,-1083,466,1207,2112,-3304,0,0
1259,-1833,517,415,1650,-3218,0,0
1413,-1352,518,223,1190,-3360,0,0
1631,-1193,451,185,1358,-3005,0,0
1760,-1185,281,302,1262,-3429,0,0
1896,-1230,189,60,1222,-3082,0,0
1844,-857,170,51,1137,-3231,0,0
1792,-782,173,-227,636,-3314,0,0
1737,-581,171,-397,549,-3045,0,0
1582,-79,171,-365,361,-3184,0,0
1370,-36,177,-441,-134,-3504,0,0
1100,-221,134,-481,-457,-3599,0,0
790,-309,66,-804,-877,-3812,0,0
387,-247,62,-769,-1196,-4003,0,0
-14,-269,21,-859,-718,-3912,0,0
-574,-402,-154,-1068,-956,-4191,0,0
-1192,-654,-262,-1152,-1044,-4575,0,0
-1562,-526,-482,-1035,-95,-3958,0,0
-1992,202,-429,-929,626,-4250,0,0
-2298,456,-221,-449,1894,-3357,0,0
-2646,138,-39,-475,2537,-3617,0,0
-2778,-62,171,-559,3193,-2952,0,0
-3076,-22,314,-480,3415,-3630,0,0
-3157,68,262,-557,3508,-2597,0,0
-3226,683,129,-420,3460,-3304,0,0
-3166,1299,36,-772,3599,-2095,0,0
-3072,2856,-266,-131,4313,-2065,0,0
-2796,3261,-692,482,4117,-2457,0,0
-2639,2833,-1056,789,4839,-2861,0,0
-2096,3052,-1349,1138,4624,-2439,0,0
-1410,2100,-1341,1619,4269,-2516,0,0
-1248,-278,-991,512,3982,-2318,0,0
-967,1643,-918,363,3956,-2201,0,0
-438,2624,-788,1830,3884,-1688,0,0
-394,108,-491,518,3649,-831,0,0
-415,1602,-453,435,3759,-532,0,0
-344,3810,-386,866,3750,-454,0,0
-239,4557,-221,951,3976,-301,0,0
-215,5262,77,1139,3939,-328,0,0
-290,4504,409,1474,4059,-565,0,0
-393,2265,656,1381,4162,-870,0,0
-318,-61,687,-407,4139,-1987,0,0
246,-778,249,-301,4061,-2153,0,0
446,-1572,294,582,4269,-452,0,0
255,-1989,476,274,4452,-57,0,0
183,-1962,413,106,4006,-39,0,0
157,-1580,300,207,3924,150,0,0
4,-1462,269,267,3886,-28,0,0
-97,-1529,322,211,3917,-235,0,0
-105,-1307,299,123,4142,-210,0,0
-133,-923,259,264,4175,-303,0,0
-203,-881,261,259,4117,-546,0,0
-225,-923,238,168,4083,-773,0,0
-182,-898,136,83,4033,-899,0,0
-167,-685,74,26,3991,-778,0,0
-137,-584,57,-1,3983,-856,0,0
-44,-371,6,2,3980,-888,0,0
65,-10,-66,241,4047,-754,0,0
139,27,-82,276,4027,-549,0,0
129,292,-72,293,3963,-361,0,0
99,474,-100,417,4007,-364,0,0
35,226,-131,417,3983,-482,0,0
-46,127,-175,260,4035,-496,0,0
-81,344,-256,266,3937,-636,0,0
-77,508,-276,366,4066,-616,0,0
-86,372,-192,366,3961,-812,0,0
-52,342,-126,345,4017,-848,0,0
-17,280,-96,461,4056,-768,0,0
7,-93,-48,457,3986,-796,0,0
73,-430,-3,513,3933,-965,0,0
192,-656,-3,533,3977,-1045,0,0
335,-730,-53,764,4128,-1184,0,0
462,-860,-42,1414,3963,-1706,0,0
682,-1504,201,1735,4001,-1941,0,0
942,-1958,577,1521,4308,-1692,0,0
1170,-2209,944,1257,4343,-1767,0,0
1421,-2339,1163,970,4354,-1865,0,0
1625,-2068,1177,874,4298,-2003,0,0
1782,-1547,1139,817,4144,-2215,0,0
1798,-1213,1099,762,3341,-2541,0,0
1845,-1403,1064,658,2854,-2853,0,0
2053,-1971,868,413,2986,-2892,0,0
2282,-1834,694,-42,3181,-3065,0,0
2451,-861,638,-69,3046,-3193,0,0
2564,-562,711,19,2826,-3136,0,0
2534,-728,678,77,2632,-3402,0,0
2531,-841,537,-692,2132,-3155,0,0
2291,231,383,-441,1770,-2868,0,0
2016,93,311,-164,1394,-3297,0,0
1787,-451,277,-454,703,-3183,0,0
1555,-424,197,-455,253,-3232,0,0
1374,-687,145,-941,-514,-3660,0,0
1264,-591,31,-1209,-397,-3412,0,0
1006,-319,-107,-1176,-639,-3619,0,0
578,-429,-213,-505,-957,-4233,0,0
139,-549,-266,-551,-795,-4445,0,0
-202,-257,-304,-893,-840,-3980,0,0
-647,184,-290,-627,-902,-4396,0,0
-985,-18,-258,-1008,-676,-4808,0,0
-1196,-109,-328,-1128,-457,-4553,0,0
-1333,416,-371,-1020,-59,-4117,0,0
-1482,1293,-433,-589,573,-4012,0,0
-1536,2325,-353,11,554,-4087,0,0
-1592,1837,-264,-151,736,-3271,0,0
-1650,1388,-401,-263,1292,-2691,0,0
-1924,1382,-785,702,1783,-2394,0,0
-2052,1487,-971,802,2520,-1565,0,0
-2262,1738,-1267,985,2625,-1790,0,0
-2261,1598,-1326,893,2486,-1924,0,0
-2249,998,-1304,1272,2579,-2073,0,0
-2292,-972,-1088,842,3033,-2515,0,0
-2228,-1279,-910,-196,3793,-2279,0,0
-2083,882,-924,372,4430,-2775,0,0
-1865,1561,-896,735,5296,-2753,0,0
-1554,1686,-882,1085,4870,-2387,0,0
-1120,2560,-1022,1256,4401,-1770,0,0
-718,3602,-1344,1624,4106,-1214,0,0
-355,3948,-1570,1870,3987,-700,0,0
-163,3779,-1527,1949,3689,-462,0,0
-162,3345,-1171,1894,3753,-248,0,0
-270,2874,-749,1639,4075,-136,0,0
-351,2299,-513,1438,4130,-241,0,0
-368,1947,-412,1202,4029,-306,0,0
-355,2001,-252,1059,3674,-239,0,0
-381,908,-90,1297,3831,-375,0,0
-440,-1061,-21,514,4141,-300,0,0
-531,-984,-5,-79,4365,-104,0,0
-522,79,-41,-251,4299,-327,0,0
-347,655,-144,-167,4295,-294,0,0
-191,604,-214,-49,4190,-109,0,0
-155,450,-179,10,4248,137,0,0
-242,275,-68,135,4231,248,0,0
-258,408,27,-114,4349,462,0,0
-228,850,-15,320,4012,376,0,0
-198,380,-2,306,4047,236,0,0
-91,119,3,165,4123,179,0,0
-5,14,-58,159,4359,332,0,0
-33,-324,-56,33,4204,28,0,0
21,-576,15,216,4149,-69,0,0
147,-691,-51,336,4217,149,0,0
192,-735,16,372,4309,416,0,0
154,-856,114,278,4284,359,0,0
168,-829,145,184,4114,236,0,0
195,-597,150,361,3995,99,0,0
197,-906,131,563,4011,55,0,0
195,-1476,78,655,4059,61,0,0
151,-1701,76,729,4003,39,0,0
82,-1876,154,699,4220,371,0,0
-40,-2148,236,312,3993,303,0,0
-32,-2074,302,342,3680,88,0,0
77,-1851,221,848,4042,-110,0,0
255,-2639,113,1420,4515,-455,0,0
555,-3903,113,1745,4197,-864,0,0
927,-5151,311,1688,4067,-1087,0,0
1454,-5502,423,1282,4128,-1365,0,0
1987,-5094,470,943,4308,-1488,0,0
2024,-4309,327,-47,3822,-2267,0,0
2186,-2940,78,-349,3571,-2878,0,0
2504,-1213,-75,-409,4082,-2712,0,0
2754,102,-171,-335,4386,-2801,0,0
2846,1014,-60,-202,4150,-2772,0,0
2824,833,212,-202,3395,-2929,0,0
2717,239,199,-249,3227,-3203,0,0
2587,-243,89,-563,2771,-3169,0,0
2231,-218,310,-784,1895,-2642,0,0
1842,-38,463,-611,1047,-3307,0,0
1842,-568,491,-792,1413,-3664,0,0
1982,-461,489,-846,1557,-2785,0,0
2013,278,835,-807,1247,-2575,0,0
1808,611,678,-802,591,-2655,0,0
1456,597,734,-636,-10,-2915,0,0
793,233,613,-674,-618,-3382,0,0
12,-214,240,-659,-859,-3958,0,0
-710,-443,-82,-542,-912,-4641,0,0
-1184,-515,-355,-610,-647,-4959,0,0
-1462,32,-625,-565,-17,-4669,0,0
-1651,424,-800,10,532,-3989,0,0
-1800,-87,-811,119,1107,-3869,0,0
-1761,154,-530,169,1637,-3127,0,0
-1816,-125,-153,-199,1846,-3405,0,0
-1778,-397,-44,-240,1974,-2593,0,0
-1880,108,89,-323,2242,-2755,0,0
-2021,262,81,-328,2542,-2133,0,0
-2186,711,76,-60,2382,-2568,0,0
-2234,482,161,-274,2753,-2075,0,0
-2254,703,-20,27,3486,-2335,0,0
-2277,1448,-317,-122,3618,-2288,0,0
-2225,2963,-642,571,4171,-2167,0,0
-2124,2813,-857,948,4237,-2500,0,0
-2012,2283,-919,877,5065,-1998,0,0
-1781,2926,-1131,1153,5042,-1781,0,0
-1419,3827,-1200,1279,4442,-1472,0,0
-1027,4242,-1171,1590,4253,-1231,0,0
-705,4332,-1035,1868,4507,-1015,0,0
-364,4850,-815,2011,4662,-829,0,0
-38,4441,-579,2545,3926,-678,0,0
3,1614,-140,2014,3463,-536,0,0
-39,-216,87,1010,3557,-505,0,0
8,-694,24,908,3991,-122,0,0
60,-872,36,811,4166,-39,0,0
53,-1070,136,663,4016,-131,0,0
49,-1178,302,400,3913,-189,0,0
61,-1328,394,326,3996,-431,0,0
144,-1916,321,31,4190,-446,0,0
200,-1657,199,2,4140,-374,0,0
157,-1015,209,222,4078,-254,0,0
61,-1041,216,147,4048,-306,0,0
39,-1004,217,13,3962,-349,0,0
46,-586,111,-225,3974,-313,0,0
31,-7,-126,-112,4190,-243,0,0
-4,278,-269,115,4189,-217,0,0
-122,284,-289,135,4065,-491,0,0
-223,239,-195,189,4081,-662,0,0
-207,300,-153,362,4076,-686,0,0
-112,172,-172,392,4184,-683,0,0
-41,96,-186,437,4003,-600,0,0
0,3,-101,431,3955,-487,0,0
20,-19,-24,436,4029,-437,0,0
43,-20,-1,428,3992,-421,0,0
76,-66,35,315,4087,-323,0,0
80,-39,52,275,4036,-302,0,0
49,-85,85,167,4019,-374,0,0
33,-117,78,45,4026,-435,0,0
29,-57,42,24,3997,-458,0,0
16,41,6,39,4013,-510,0,0
16,191,-29,195,4020,-519,0,0
19,215,-13,298,3971,-537,0,0
23,184,3,323,3946,-497,0,0
7,152,0,297,3984,-421,0,0
-33,84,-31,321,3972,-465,0,0
-52,-57,-61,297,4058,-453,0,0
-50,-138,-61,369,4064,-479,0,0
-21,-139,-4,416,4085,-609,0,0
11,-131,41,384,4024,-695,0,0
64,-216,46,472,3946,-698,0,0
131,-473,84,590,3879,-800,0,0
244,-817,180,556,3892,-943,0,0
396,-757,233,623,4002,-922,0,0
475,-689,253,1073,4087,-1330,0,0
544,-970,338,1342,4108,-1612,0,0
640,-1242,498,1526,4040,-1922,0,0
840,-1488,767,1545,4112,-2018,0,0
1103,-1683,990,1465,4011,-2272,0,0
1388,-1382,1063,1398,3940,-2238,0,0
1647,-1051,1134,1416,3530,-2329,0,0
1826,-914,1294,1291,3238,-2445,0,0
2037,-944,1433,1162,3309,-2430,0,0
2194,-924,1370,854,3068,-2387,0,0
2235,-903,1290,1195,3122,-2423,0,0
2190,-1331,1276,1008,3017,-2495,0,0
2192,-1866,1034,779,2748,-2927,0,0
2038,-2142,677,201,2279,-2902,0,0
1893,-1531,493,296,2013,-2974,0,0
1653,-1198,461,37,1472,-2873,0,0
1388,-461,303,-69,956,-2992,0,0
1137,260,356,149,635,-3441,0,0
960,-50,362,124,769,-3759,0,0
768,-512,392,-101,778,-4136,0,0
604,-913,394,-514,620,-4485,0,0
440,-1004,253,-1016,355,-4631,0,0
185,-388,78,-860,60,-4983,0,0
-16,-383,-23,-699,24,-5286,0,0
-172,-615,-65,-1276,42,-4984,0,0
-321,-87,-153,-1141,214,-4757,0,0
-514,202,-241,-636,313,-4637,0,0
-740,-2,-292,-823,470,-4166,0,0
-818,526,-287,-769,723,-3636,0,0
-1049,734,-355,-526,924,-3370,0,0
-1132,1746,-321,-475,1112,-2736,0,0
-1307,2979,-478,692,1504,-2524,0,0
-1591,2607,-688,612,1420,-2600,0,0
-1779,2003,-878,485,1677,-2234,0,0
-1826,2509,-1038,864,2196,-1838,0,0
-1915,2147,-1320,958,2397,-1602,0,0
-1995,1780,-1504,1079,2934,-1505,0,0
-2002,1299,-1835,1165,3418,-1302,0,0
-2008,755,-1891,1253,3410,-1803,0,0
-1917,620,-1866,994,3771,-1508,0,0
-1891,1119,-1898,1529,5041,-1167,0,0
-1868,1271,-1873,1550,5972,-1280,0,0
-1635,2146,-1657,1431,5578,-1292,0,0
-1224,3726,-1429,1644,4856,-715,0,0
-898,4407,-1178,2373,4471,-583,0,0
-528,4258,-631,2975,4307,-714,0,0
0,4535,-169,3379,3976,-1035,0,0
243,1655,-13,2133,3562,-183,0,0
94,-182,28,1258,3594,123,0,0
49,-444,-3,1018,3589,-119,0,0
98,-857,-53,895,3766,-267,0,0
152,-1460,-68,717,4093,-396,0,0
203,-1740,-5,528,4247,-368,0,0
194,-1976,131,309,4330,-44,0,0
98,-1894,271,117,4191,129,0,0
18,-1499,346,-126,4198,52,0,0
33,-1058,289,-85,3964,-59,0,0
8,-923,239,-89,3908,-57,0,0
7,-778,137,-232,4140,-238,0,0
13,-533,15,-194,4134,-353,0,0
13,-221,-28,-22,4027,-424,0,0
11,78,-18,151,4008,-437,0,0
28,196,-27,276,4061,-378,0,0
55,204,-55,411,4045,-334,0,0
39,189,-33,467,3926,-440,0,0
28,154,12,420,3975,-502,0,0
50,75,13,389,4033,-480,0,0
64,-14,30,391,4091,-347,0,0
49,-6,56,298,4123,-302,0,0
29,42,42,259,3977,-351,0,0
34,95,8,262,4091,-362,0,0
30,134,-41,344,3987,-508,0,0
31,127,-20,423,3973,-557,0,0
45,181,6,390,3991,-554,0,0
56,401,-22,425,4048,-477,0,0
66,250,-31,481,4036,-437,0,0
36,7,-9,481,3978,-535,0,0
24,-279,-1,816,3911,-947,0,0
130,-1157,53,1199,3983,-1316,0,0
373,-1801,186,1213,4165,-1238,0,0
494,-2045,314,1410,4134,-1324,0,0
551,-2239,425,1778,4011,-1581,0,0
753,-2471,583,1930,3960,-1815,0,0
1057,-3083,781,1657,4100,-1980,0,0
1426,-3239,952,1049,4386,-2396,0,0
1666,-1445,1027,104,4159,-2635,0,0
1876,2875,1309,1026,3984,-2774,0,0
1972,4231,1792,2569,3542,-2218,0,0
1820,1989,2174,2912,3350,-1905,0,0
1670,-483,2422,2029,3432,-1662,0,0
1686,-1508,2345,1390,2997,-1582,0,0
1832,-3032,2048,1147,2823,-1643,0,0
1956,-4646,1501,243,2418,-1728,0,0
1923,-4649,817,-305,1588,-2238,0,0
1670,-2621,589,-139,1309,-2769,0,0
1484,-1450,441,-497,1005,-3333,0,0
1351,-975,277,-430,791,-3644,0,0
1179,-869,178,-736,589,-3594,0,0
1018,-218,28,-601,476,-3158,0,0
868,361,176,-438,-148,-3868,0,0
529,521,299,-391,-671,-4445,0,0
242,-88,-49,-477,-594,-4748,0,0
-105,-206,-251,-429,-477,-4837,0,0
-352,205,-277,-247,-141,-5212,0,0
-519,775,-343,-18,14,-5461,0,0
-551,865,-363,487,-112,-5487,0,0
-654,-114,-335,-6,8,-4473,0,0
-979,1598,-294,-174,391,-3341,0,0
-1324,2800,-417,176,834,-2297,0,0
-1591,2685,-620,314,1439,-2080,0,0
-1808,2677,-967,769,2002,-2270,0,0
-1929,2708,-1387,564,2447,-2101,0,0
-1898,2344,-2101,1191,3250,-1490,0,0
-1976,1156,-2505,1884,3457,-1720,0,0
-2134,-789,-2264,1231,3886,-1639,0,0
-2210,-559,-2010,1128,4198,-1665,0,0
-2125,588,-1928,1177,4352,-1795,0,0
-1676,1991,-1946,1355,4005,-2020,0,0
-1350,2255,-1937,1684,3971,-1566,0,0
