-862,-342,2251,-766,3156,-1405,0,0
-759,-494,2505,-432,3209,-1206,0,0
-633,-271,2782,196,2910,-1183,0,0
-598,293,3124,792,2669,-303,0,0
-467,1503,3217,2086,2376,-220,0,0
-400,2602,2945,3527,2305,-95,0,0
-297,3616,2122,5469,2176,741,0,0
-116,1791,915,6539,2389,1561,0,0
275,-1041,-359,5009,2531,897,0,0
434,-1587,-1302,3592,2410,-47,0,0
230,-1357,-1693,2687,2457,-321,0,0
-49,-913,-1875,2150,3021,-654,0,0
-171,-636,-2077,1423,3117,-610,0,0
-146,-287,-2127,863,3208,-338,0,0
44,-444,-1973,448,3705,-118,0,0
628,-277,-1975,589,3777,331,0,0
1278,-593,-2080,76,3345,-80,0,0
1659,-512,-2036,-240,3236,-324,0,0
1941,-395,-2155,-699,2901,-1539,0,0
1916,-616,-2106,-925,2827,-1099,0,0
1983,-649,-2084,-1584,2524,-2870,0,0
1526,-1007,-1585,-2050,2434,-2434,0,0
1286,-156,-1285,-2329,2171,-2903,0,0
989,-282,-1050,-2604,1942,-3554,0,0
564,-311,-662,-2975,1965,-3296,0,0
235,50,-338,-3110,1987,-3600,0,0
-130,-91,185,-3302,2060,-3412,0,0
-473,-163,774,-3154,2067,-3156,0,0
-759,-261,1280,-3109,2008,-3367,0,0
-1064,-576,1902,-2739,2002,-2839,0,0
-1288,-281,2432,-2152,2190,-2041,0,0
-1417,505,2591,-1325,2425,-1978,0,0
-1581,750,2636,-129,2648,-1583,0,0
-1640,743,2563,514,2954,-926,0,0
-1574,1446,2251,886,3291,-250,0,0
-1444,2756,1781,1413,3534,393,0,0
-1319,3433,1285,2081,3515,363,0,0
-1214,2722,1019,1812,3566,488,0,0
-818,1472,920,1463,3635,1119,0,0
-303,481,812,1844,3594,1406,0,0
143,61,629,2314,3421,1079,0,0
443,188,326,2789,3316,818,0,0
652,69,-168,2841,3347,616,0,0
901,-1076,-709,2754,3405,788,0,0
1227,-1893,-1194,2497,3291,454,0,0
1443,-2041,-1621,1760,3231,-58,0,0
1548,-1754,-1952,1234,3163,-332,0,0
1531,-1807,-2158,394,3066,-1194,0,0
1325,-1775,-2172,-285,3285,-1198,0,0
1247,-1332,-2171,-1009,2910,-2026,0,0
1072,-1541,-1967,-1669,2623,-2264,0,0
846,-763,-1701,-1764,2655,-1621,0,0
885,354,-1612,-2002,2211,-2700,0,0
827,-321,-1133,-2621,2243,-2784,0,0
547,-551,-773,-3466,2681,-3237,0,0
104,-498,-319,-3818,2290,-2976,0,0
-276,-418,475,-3431,2307,-2629,0,0
-460,-241,1022,-2868,2393,-2662,0,0
-599,-714,1427,-2636,2444,-2546,0,0
-754,-961,1856,-2448,2467,-2254,0,0
-889,-812,2203,-1864,2644,-1952,0,0
-968,-617,2493,-1043,2862,-1577,0,0
-981,-551,2601,-387,3019,-982,0,0
-924,-437,2576,252,3260,-637,0,0
-787,-403,2421,697,3471,-685,0,0
-532,-254,2121,1333,3604,-61,0,0
-158,132,1678,2089,3666,-139,0,0
273,232,1118,2691,3618,-253,0,0
557,-23,485,2923,3439,-580,0,0
468,99,-122,2784,3345,-1273,0,0
219,242,-692,2537,3430,-1080,0,0
155,329,-1296,2008,3430,-936,0,0
295,532,-1767,1682,3426,-700,0,0
548,658,-2228,1035,3281,-817,0,0
733,581,-2598,429,3090,-999,0,0
964,857,-2776,-135,2963,-1074,0,0
1228,813,-2831,-1194,2743,-1644,0,0
1334,663,-2597,-1472,2461,-1457,0,0
1416,554,-2402,-2362,2181,-2666,0,0
1215,-2,-1996,-2852,2022,-2806,0,0
945,241,-1511,-3505,1816,-3355,0,0
592,-90,-832,-4254,1736,-3975,0,0
93,-460,238,-4278,1884,-3289,0,0
-303,244,1017,-3407,1993,-3272,0,0
-613,-2,1584,-2575,2020,-3334,0,0
-907,-809,2066,-2238,2114,-2993,0,0
-1162,-781,2312,-1591,2269,-2720,0,0
-1437,-436,2382,-887,2479,-2293,0,0
-1681,-195,2285,-348,2728,-1873,0,0
-1877,60,2146,192,2950,-1185,0,0
-1974,854,1885,564,3274,-466,0,0
-1874,1250,1438,1446,3596,206,0,0
-1498,253,998,1481,3941,1006,0,0
-800,-86,433,1537,4118,1472,0,0
-45,-11,-139,1370,4013,1470,0,0
434,90,-458,872,3879,832,0,0
640,215,-572,644,3851,270,0,0
802,184,-636,541,3848,24,0,0
1081,264,-784,478,3765,-38,0,0
1481,604,-1011,598,3557,-156,0,0
1879,563,-1290,428,3308,-549,0,0
2161,318,-1578,248,3001,-1142,0,0
2218,-29,-1848,-239,2721,-1854,0,0
2073,16,-1997,-530,2397,-2170,0,0
1936,230,-2136,-1198,2029,-3206,0,0
1596,-110,-1989,-2063,1739,-3510,0,0
1141,-330,-1709,-3411,1510,-4566,0,0
407,-752,-909,-4513,1466,-4564,0,0
-344,-423,242,-4388,1684,-4091,0,0
-876,-12,1200,-3367,1851,-3765,0,0
-1232,-462,1878,-2695,1837,-3314,0,0
-1487,-890,2454,-2257,1764,-2941,0,0
-1715,-787,2951,-1419,1788,-2350,0,0
-1840,-419,3168,-383,1996,-1594,0,0
-1781,132,3023,536,2211,-1017,0,0
-1550,951,2641,1538,2666,-314,0,0
-1033,1572,2017,1724,3099,-152,0,0
-559,1001,1498,1702,3497,225,0,0
-286,-395,1158,1890,3816,392,0,0
-220,-1068,908,2008,4254,204,0,0
-185,-455,534,2180,4570,390,0,0
74,344,-35,2394,4553,442,0,0
431,220,-661,2120,4310,20,0,0
719,-31,-1210,1829,3965,10,0,0
1137,340,-1685,1821,3606,-164,0,0
1582,223,-2185,1342,3136,-903,0,0
1778,-110,-2546,794,2689,-1172,0,0
1801,-227,-2795,277,2306,-1905,0,0
1576,-704,-2882,-794,2084,-2204,0,0
1326,-302,-2785,-1345,1996,-2171,0,0
1202,381,-2519,-2088,1856,-2373,0,0
1168,1155,-2181,-2386,1728,-3034,0,0
1059,1176,-1705,-2929,1624,-3306,0,0
801,608,-1204,-3033,1570,-3947,0,0
380,-266,-569,-3513,1558,-4104,0,0
-39,-390,170,-3381,1607,-3793,0,0
-353,-331,790,-2942,1534,-3706,0,0
-661,-689,1337,-2712,1536,-3507,0,0
-977,-1066,1896,-2745,1671,-3254,0,0
-1239,-1179,2448,-2399,1813,-2763,0,0
-1380,-1039,2916,-1626,1922,-2368,0,0
-1415,-1157,3130,-851,2111,-2093,0,0
-1390,-1050,3135,-81,2519,-1451,0,0
-1243,-642,2889,714,2957,-1022,0,0
-974,-478,2432,1245,3135,-1000,0,0
-635,-665,1974,1819,3238,-623,0,0
-213,-847,1475,1813,3603,-213,0,0
131,-393,903,1668,3931,-544,0,0
267,-136,499,1518,4192,-772,0,0
283,-20,193,1412,4320,-1026,0,0
196,58,-83,1325,4261,-1332,0,0
59,141,-369,1351,4056,-1331,0,0
9,306,-676,1381,3783,-1226,0,0
54,354,-1016,1053,3611,-1265,0,0
110,503,-1248,1047,3587,-832,0,0
361,839,-1519,833,3422,-1075,0,0
582,773,-1797,353,3261,-1130,0,0
757,1055,-1887,237,3281,-879,0,0
1037,1241,-2003,-202,3036,-1590,0,0
1132,1128,-1973,-499,2987,-1511,0,0
1241,1086,-1926,-869,2798,-2017,0,0
1253,932,-1855,-1075,2633,-2103,0,0
1353,1096,-1809,-1161,2290,-2709,0,0
1377,751,-1742,-1493,1923,-3212,0,0
1164,58,-1522,-2197,1561,-4019,0,0
614,-434,-960,-2890,1616,-4131,0,0
125,-162,-300,-3090,1726,-3987,0,0
-233,-86,329,-2807,1749,-3864,0,0
-565,-576,993,-2561,1850,-3546,0,0
-844,-827,1515,-2273,1940,-3373,0,0
-1119,-985,1940,-1938,2043,-3162,0,0
-1392,-1118,2328,-1552,2182,-2763,0,0
-1593,-1099,2580,-985,2355,-2314,0,0
-1678,-1166,2673,-326,2662,-1758,0,0
-1588,-1364,2548,190,3036,-1318,0,0
-1354,-1252,2281,619,3279,-958,0,0
-1036,-869,1935,1107,3435,-467,0,0
-653,-580,1480,1529,3631,-195,0,0
-217,-351,954,1772,3872,-68,0,0
220,-91,398,1749,4051,113,0,0
456,6,-59,1368,4003,-485,0,0
401,-56,-279,953,4015,-1009,0,0
231,127,-406,744,4034,-1165,0,0
91,361,-564,789,3953,-1113,0,0
125,528,-855,1062,3812,-872,0,0
348,500,-1294,995,3700,-789,0,0
716,573,-1794,908,3494,-541,0,0
1186,610,-2386,461,3061,-1009,0,0
1349,736,-2719,-425,2717,-1687,0,0
1305,1050,-2686,-1274,2462,-2012,0,0
1241,1533,-2432,-1674,2320,-2155,0,0
1220,1529,-2056,-1937,2199,-2822,0,0
1059,922,-1530,-2562,2169,-3239,0,0
828,526,-927,-2768,2093,-3407,0,0
558,-25,-311,-2564,1962,-3890,0,0
187,-752,273,-2645,1919,-3716,0,0
-163,-837,773,-2658,1916,-3580,0,0
-492,-775,1234,-2573,1963,-3465,0,0
-826,-937,1735,-2484,2104,-3054,0,0
-1028,-851,2166,-2086,2255,-2582,0,0
-1047,-778,2485,-1276,2277,-2430,0,0
-1052,-1325,2712,-478,2480,-2206,0,0
-1018,-1668,2738,-80,2749,-1835,0,0
-982,-1293,2589,252,2857,-1401,0,0
-922,-540,2293,1030,3045,-1000,0,0
-765,-201,1839,1814,3390,-579,0,0
-426,-5,1234,2245,3833,-93,0,0
59,521,496,1907,4035,-370,0,0
336,566,-15,1431,4119,-745,0,0
370,54,-245,1044,4176,-969,0,0
317,-4,-391,834,4090,-1192,0,0
220,263,-551,997,3892,-1323,0,0
174,562,-794,1244,3789,-935,0,0
411,1114,-1298,1546,3650,-850,0,0
852,958,-1970,1115,3283,-1375,0,0
1097,398,-2386,437,2967,-1294,0,0
1311,531,-2621,-268,2626,-1739,0,0
1431,477,-2681,-3000,2278,-2196,0,0
1390,416,-2435,-1578,2183,-2114,0,0
1387,585,-2157,-2165,1990,-2766,0,0
1261,530,-1698,-2734,1954,-3153,0,0
1022,313,-1086,-3014,1892,-3628,0,0
618,-27,-391,-3022,1882,-3912,0,0
153,-123,216,-2738,1841,-3927,0,0
-305,-229,716,-2447,1855,-3676,0,0
-683,-304,1122,-2210,1876,-3407,0,0
-978,-245,1459,-1861,1940,-3080,0,0
-1201,-251,1795,-1511,2062,-2826,0,0
-1362,-488,2083,-1256,2206,-2484,0,0
-1421,-654,2309,-946,2443,-1862,0,0
-1315,-296,2379,-399,2741,-1553,0,0
-1115,-44,2292,38,2884,-1404,0,0
-900,77,2231,222,2941,-793,0,0
-568,981,2119,942,2814,-588,0,0
-256,1280,1973,1909,2984,-672,0,0
57,34,1778,1991,3216,-698,0,0
448,-317,1439,2040,3517,-1080,0,0
596,153,1098,2416,4030,-1520,0,0
432,19,675,2711,4278,-1756,0,0
205,41,119,2781,4212,-1994,0,0
2,127,-444,2615,3972,-1880,0,0
-100,65,-970,2276,3722,-1582,0,0
-3,212,-1387,2064,3534,-1156,0,0
332,446,-1786,2100,3373,-769,0,0
867,458,-2213,1958,2975,-662,0,0
1441,381,-2600,1440,2511,-1040,0,0
1831,253,-2831,791,2058,-1495,0,0
1988,310,-2809,43,1649,-2169,0,0
1917,398,-2504,-970,1516,-2428,0,0
1861,953,-2204,-1235,1466,-2826,0,0
1774,1014,-1804,-1211,1463,-3124,0,0
1612,585,-1363,-1349,1419,-3955,0,0
1258,-107,-931,-1762,1457,-4286,0,0
821,-513,-512,-2196,1349,-4959,0,0
207,-900,73,-2800,1262,-5260,0,0
-468,-666,784,-2731,1330,-4797,0,0
-1005,-240,1363,-1980,1298,-4485,0,0
-1468,-679,1842,-1613,1314,-3973,0,0
-1784,-1202,2305,-1489,1452,-3390,0,0
-1933,-1256,2739,-1141,1493,-2839,0,0
-1945,-999,3081,-616,1604,-2209,0,0
-1819,-454,3217,169,1818,-1465,0,0
-1547,240,3141,1078,2154,-947,0,0
-1177,888,2839,2051,2593,-427,0,0
-774,1209,2275,3138,3235,-319,0,0
-293,378,1639,2948,3823,-363,0,0
244,-160,899,2992,4103,-795,0,0
522,-63,223,2821,4186,-1234,0,0
502,153,-341,2554,3960,-1569,0,0
353,89,-776,2305,3650,-1529,0,0
290,120,-1123,2091,3387,-1340,0,0
486,361,-1486,1927,3149,-1377,0,0
827,500,-1817,1846,2921,-1165,0,0
1213,465,-2137,1550,2681,-1618,0,0
1433,-135,-2419,935,2444,-2019,0,0
1455,-337,-2527,355,2397,-1841,0,0
1423,-295,-2555,-370,2185,-2733,0,0
1269,-496,-2461,-1024,2114,-2846,0,0
1163,-271,-2274,-1563,1959,-2953,0,0
1012,-168,-1938,-2106,1814,-3289,0,0
822,-137,-1442,-2526,1708,-3564,0,0
551,-363,-761,-2923,1577,-3783,0,0
201,-667,64,-3116,1588,-3760,0,0
-128,-584,810,-2777,1572,-3843,0,0
-481,-721,1446,-2369,1679,-3572,0,0
-779,-768,1941,-2204,1886,-3080,0,0
-950,-456,2270,-1541,2065,-2898,0,0
-1004,-612,2426,-991,2300,-2611,0,0
-991,-796,2425,-454,2506,-2322,0,0
-950,-552,2285,-42,2739,-1973,0,0
-855,55,2046,192,2943,-1603,0,0
-718,662,1790,547,3019,-1515,0,0
-548,836,1631,646,3140,-1276,0,0
-336,824,1510,1015,3584,-1235,0,0
-175,615,1288,1626,3697,-1466,0,0
-77,250,952,2084,3726,-1387,0,0
16,188,442,2329,3800,-1399,0,0
115,326,-183,2420,3828,-1375,0,0
213,144,-795,2064,3728,-1357,0,0
330,-30,-1320,1529,3523,-1437,0,0
481,4,-1678,1235,3345,-1113,0,0
802,314,-1963,941,3076,-1335,0,0
1094,267,-2188,542,2728,-1870,0,0
1171,-251,-2281,134,2480,-2158,0,0
1140,-635,-2284,-650,2319,-2226,0,0
1131,-382,-2294,-1151,2103,-2554,0,0
1099,-116,-2082,-1681,2031,-2546,0,0
1085,123,-1740,-2212,1888,-2872,0,0
1007,112,-1324,-2635,1836,-3236,0,0
850,11,-816,-2867,1730,-3561,0,0
576,-283,-212,-2888,1636,-3825,0,0
195,-484,390,-2707,1639,-3888,0,0
-200,-378,870,-2353,1683,-3647,0,0
-521,-136,1223,-2007,1784,-3115,0,0
-667,150,1460,-1701,1741,-2989,0,0
-703,-36,1662,-1576,1954,-2994,0,0
-734,-475,1914,-1571,2210,-2879,0,0
-830,-588,2242,-1345,2241,-2784,0,0
-987,-363,2569,-800,2336,-2305,0,0
-1062,327,2751,-30,2613,-1459,0,0
-939,1068,2679,412,2948,-1168,0,0
-721,1189,2522,1524,2871,-1420,0,0
-515,623,2265,2560,3280,-1329,0,0
-186,353,1554,3042,3590,-1349,0,0
183,321,483,3306,3866,-1346,0,0
361,-60,-462,2655,3962,-1648,0,0
368,-215,-1039,1884,3859,-1749,0,0
387,260,-1341,1855,3821,-1116,0,0
723,1058,-1711,1829,3403,-1373,0,0
1174,762,-2085,1451,2840,-1974,0,0
1277,-39,-2275,908,2416,-2338,0,0
1012,-735,-2428,431,2229,-2698,0,0
716,-1201,-2529,-201,1999,-2901,0,0
542,-1076,-2485,-812,1948,-2475,0,0
555,-482,-2441,-1341,1754,-2703,0,0
525,-495,-2175,-2063,1570,-2907,0,0
410,-454,-1730,-2626,1615,-2814,0,0
318,-122,-1241,-3094,1584,-3075,0,0
162,-155,-604,-3456,1602,-3399,0,0
-83,-415,206,-3640,1795,-3296,0,0
-341,-395,1039,-3467,1958,-3111,0,0
-575,-247,1761,-2769,1991,-2881,0,0
-773,87,2271,-2054,2023,-2424,0,0
-973,822,2579,-1306,2136,-2060,0,0
-1139,1042,2690,-660,2105,-2330,0,0
-1290,379,2783,-170,2334,-2119,0,0
-1328,126,2812,311,2603,-1676,0,0
-1234,220,2669,977,2863,-1368,0,0
-963,-32,2450,1623,2967,-983,0,0
-532,-264,2138,2285,3127,-892,0,0
-66,-261,1608,2745,3584,-951,0,0
246,-136,910,2843,3884,-1193,0,0
354,-160,229,2624,4061,-1513,0,0
276,-252,-289,2284,4100,-1759,0,0
114,-163,-664,2066,3943,-1811,0,0
31,130,-1052,2096,3646,-1691,0,0
138,313,-1526,1976,3345,-1593,0,0
347,241,-1977,1659,3111,-1464,0,0
552,334,-2362,1335,2930,-1510,0,0
742,324,-2642,751,2751,-1663,0,0
907,275,-2790,203,2527,-1546,0,0
1133,268,-2887,-447,2211,-1906,0,0
1288,131,-2805,-991,2037,-1941,0,0
1409,219,-2634,-1618,1844,-2246,0,0
1505,349,-2374,-2091,1629,-2645,0,0
1522,395,-1896,-2532,1472,-3008,0,0
1328,196,-1303,-3058,1290,-3871,0,0
861,-204,-582,-3322,1271,-4258,0,0
277,-360,232,-3357,1303,-4337,0,0
-304,-282,941,-2900,1324,-4131,0,0
-806,-305,1498,-2390,1360,-3624,0,0
-1174,-351,1881,-1783,1371,-3502,0,0
-1419,-565,2125,-1487,1582,-3065,0,0
-1518,-602,2261,-1248,2022,-2580,0,0
-1505,-358,2313,-965,2323,-2224,0,0
-1401,-50,2342,-560,2454,-1677,0,0
-1173,339,2354,-198,2625,-1136,0,0
-816,799,2308,304,2567,-1064,0,0
-509,582,2308,1149,3130,-934,0,0
-253,14,2146,1633,3569,-1063,0,0
-43,-470,1762,2043,4085,-1226,0,0
108,-390,1183,2306,4473,-1289,0,0
178,52,476,2494,4521,-1441,0,0
212,217,-288,2412,4238,-1607,0,0
263,110,-986,2070,3894,-1427,0,0
439,218,-1582,1679,3569,-1294,0,0
765,324,-2065,1360,3139,-1524,0,0
1072,28,-2377,892,2767,-1558,0,0
1312,-282,-2593,383,2402,-1852,0,0
1440,-472,-2659,-477,2100,-1949,0,0
1563,-153,-2609,-834,1816,-2223,0,0
1641,-34,-2409,-1168,1542,-2612,0,0
1649,15,-2142,-1667,1297,-3191,0,0
1492,-284,-1742,-2389,1091,-3578,0,0
1103,-428,-1131,-3159,1083,-3882,0,0
647,-178,-358,-3497,997,-4291,0,0
122,-436,660,-3568,878,-4312,0,0
-424,-717,1763,-3315,806,-3755,0,0
-806,-247,2691,-2754,845,-3231,0,0
-1000,491,3340,-1788,1096,-3005,0,0
-1150,689,3711,-685,1450,-3052,0,0
-1297,285,3734,287,1559,-2758,0,0
-1270,277,3494,981,1920,-1915,0,0
-1093,1238,3018,2224,2280,-1727,0,0
-866,1079,2405,3069,2794,-1544,0,0
-478,354,1660,2955,3354,-1339,0,0
-41,129,859,2897,3732,-1531,0,0
244,-201,165,2718,3842,-1811,0,0
271,-474,-352,2354,3687,-2277,0,0
80,-549,-720,2176,3432,-2391,0,0
-86,-135,-1123,2150,3175,-2325,0,0
-70,462,-1632,2275,2970,-2264,0,0
99,614,-2172,1927,2866,-2002,0,0
325,470,-2719,1199,2689,-1995,0,0
495,-251,-3036,249,2501,-2022,0,0
600,-874,-3080,-778,2364,-2037,0,0
717,-613,-2937,-1493,2212,-1832,0,0
983,689,-2674,-1773,2036,-2295,0,0
1220,1010,-2316,-1540,1776,-2792,0,0
1201,169,-1877,-1838,1560,-3064,0,0
1002,-406,-1399,-2462,1402,-3389,0,0
676,-360,-764,-2890,1438,-3625,0,0
303,-55,-113,-2844,1365,-3907,0,0
-120,-180,548,-2767,1386,-3820,0,0
-511,-63,1155,-2536,1528,-3582,0,0
-799,162,1598,-1963,1679,-3570,0,0
-1011,-135,1836,-1720,1813,-3307,0,0
-1195,-469,1960,-1126,1994,-2928,0,0
-1233,-1073,2024,-953,2167,-2530,0,0
-1101,-1104,2095,-1045,2604,-2045,0,0
-928,-348,2127,-972,2736,-1792,0,0
-788,88,2281,-472,2688,-1546,0,0
-638,68,2477,156,2882,-1251,0,0
-346,216,2442,1012,2875,-1157,0,0
-3,174,2190,1978,3192,-1222,0,0
336,-82,1666,2419,3418,-1545,0,0
536,-151,894,2675,3854,-1962,0,0
443,-286,82,2426,4095,-2309,0,0
155,-282,-564,1807,4049,-2405,0,0
-100,6,-1002,1543,3736,-2226,0,0
-172,358,-1366,1490,3390,-2023,0,0
-53,498,-1778,1313,3151,-1737,0,0
211,602,-2180,982,2940,-1455,0,0
567,637,-2517,434,2663,-1793,0,0
841,339,-2671,-79,2469,-1777,0,0
1012,242,-2652,-691,2233,-2132,0,0
1101,343,-2493,-1299,2115,-2362,0,0
1249,759,-2300,-1437,2000,-2609,0,0
1345,658,-2088,-1707,1768,-3043,0,0
1297,379,-1851,-2047,1525,-3509,0,0
1102,42,-1478,-2553,1264,-3907,0,0
708,-341,-844,-3118,1072,-4330,0,0
125,-564,55,-3506,1050,-4289,0,0
-484,-143,1002,-3110,1254,-3779,0,0
-870,360,1656,-2586,1442,-3541,0,0
-1093,-63,2150,-2212,1386,-3593,0,0
-1327,-671,2730,-1912,1482,-3180,0,0
-1509,-363,3089,-1257,1653,-2598,0,0
-1604,-157,3253,-348,1832,-2183,0,0
-1501,-362,3285,394,2176,-1689,0,0
-1136,-373,3032,500,2521,-1536,0,0
-608,-542,2758,1288,2724,-1279,0,0
8,-450,2451,2614,2805,-1303,0,0
410,-166,1681,3382,3161,-1852,0,0
440,-261,751,3295,3422,-2218,0,0
270,22,27,2781,3656,-2183,0,0
80,219,-506,2400,3558,-2176,0,0
-27,220,-958,2224,3316,-2134,0,0
-34,138,-1396,1941,3111,-2111,0,0
29,195,-1822,1621,2966,-1768,0,0
269,441,-2262,946,2807,-1953,0,0
522,293,-2615,693,2642,-2096,0,0
683,-103,-2791,193,2461,-1884,0,0
810,-217,-2842,-671,2267,-2283,0,0
748,-206,-2652,-1461,2182,-2374,0,0
743,701,-2421,-1698,2241,-2363,0,0
931,1080,-2276,-1695,1906,-2982,0,0
954,468,-1998,-2018,1795,-2886,0,0
991,467,-1771,-2373,1457,-3538,0,0
829,-125,-1259,-3176,1228,-3870,0,0
446,-645,-353,-4046,1099,-4018,0,0
4,-567,838,-3793,1136,-4041,0,0
-403,-701,1926,-2832,1281,-3760,0,0
-754,-834,2550,-2247,1452,-3295,0,0
-1020,-530,2920,-1708,1573,-3070,0,0
-1223,-489,3232,-919,1629,-2643,0,0
-1307,-300,3377,-331,1917,-1634,0,0
-1176,559,3153,504,2338,-1582,0,0
-964,631,2800,1121,2671,-1672,0,0
-706,4,2480,1794,3095,-1411,0,0
-384,-114,1933,2515,3606,-1616,0,0
2,248,1029,2736,4130,-1200,0,0
390,675,-203,2681,4208,-1389,0,0
513,111,-1053,1928,3911,-1935,0,0
398,-414,-1440,1365,3561,-1841,0,0
376,-47,-1828,1504,3124,-2165,0,0
381,-64,-2282,1029,2730,-2117,0,0
379,175,-2655,197,2687,-1919,0,0
499,505,-2872,-624,2490,-2162,0,0
655,805,-2801,-1073,2400,-1683,0,0
988,1189,-2636,-1241,2086,-2353,0,0
1153,612,-2314,-1709,1830,-2772,0,0
1197,327,-1938,-2205,1680,-3076,0,0
1119,180,-1432,-2519,1610,-3521,0,0
873,-206,-837,-2956,1512,-4095,0,0
427,-733,-143,-3345,1427,-4174,0,0
-105,-816,650,-3236,1549,-3919,0,0
-533,-671,1325,-2817,1592,-3643,0,0
-870,-732,1934,-2621,1619,-3108,0,0
-1119,-564,2508,-2074,1742,-2845,0,0
-1262,-239,2818,-1585,1959,-2309,0,0
-1241,224,2841,-627,2057,-2150,0,0
-1158,186,2766,274,2297,-1869,0,0
-925,595,2454,633,2834,-3272,0,0
-593,1205,1919,1461,3037,-1406,0,0
-351,170,1560,1662,3061,-1522,0,0
-115,-926,1299,1478,3412,-1279,0,0
119,-365,881,1731,3840,-1339,0,0
275,213,399,1856,3975,-1584,0,0
344,28,-64,1739,3910,-1742,0,0
333,-204,-488,1448,3777,-1866,0,0
341,-134,-856,1322,3581,-1764,0,0
507,294,-1233,1365,3351,-1721,0,0
773,563,-1664,1332,3070,-1675,0,0
1075,599,-2136,1156,2778,-1716,0,0
1395,682,-2533,704,2385,-1720,0,0
1773,1084,-2769,163,1964,-2158,0,0
2064,1043,-2765,-404,1456,-2945,0,0
2064,673,-2551,-1190,1127,-3578,0,0
1834,538,-2247,-3712,932,-4211,0,0
1371,359,-1726,-2263,862,-4884,0,0
729,-125,-978,-2860,793,-5420,0,0
-40,-541,39,-2962,917,-5127,0,0
-644,-539,952,-2279,943,-4762,0,0
-1079,-809,1570,-1770,983,-4354,0,0
-1422,-1035,2009,-1587,1182,-3911,0,0
-1657,-1051,2378,-1303,1336,-3512,0,0
-1834,-1241,2760,-1042,1564,-2673,0,0
-1815,-901,3019,-728,1886,-2088,0,0
-1637,-97,3005,181,2058,-2031,0,0
-1430,91,2837,881,2370,-1407,0,0
-1093,323,2486,1661,2770,-1141,0,0
-612,-198,1956,2145,3088,-1252,0,0
-56,-1070,1412,2125,3419,-1339,0,0
331,-812,846,2291,3738,-1488,0,0
411,-254,331,2250,3845,-1731,0,0
278,0,-148,2127,3779,-1917,0,0
112,-37,-601,1935,3570,-2075,0,0
27,-4,-1051,1510,3334,-1991,0,0
97,569,-1630,1532,3168,-1903,0,0
189,416,-2171,1539,2991,-2171,0,0
379,53,-2394,575,2825,-1698,0,0
693,455,-2672,190,2572,-2142,0,0
798,-133,-2742,-420,2277,-2166,0,0
814,-215,-2620,-1283,2131,-2264,0,0
778,-171,-2366,-2145,1844,-2857,0,0
549,-236,-1751,-2613,2003,-2338,0,0
557,1178,-1262,-2426,2169,-2802,0,0
702,1171,-897,-2447,1970,-3633,0,0
544,-436,-315,-3066,1878,-3635,0,0
211,-819,406,-3202,1898,-3683,0,0
-114,-237,1072,-2820,1890,-3604,0,0
-479,-206,1742,-2778,1708,-3262,0,0
-817,-243,2545,-2367,1501,-2550,0,0
-952,392,3179,-1093,1395,-2735,0,0
-963,-45,3423,-17,1549,-2604,0,0
-810,-586,3302,652,1983,-2059,0,0
-598,-571,2970,1370,2175,-2221,0,0
-441,-963,2742,1882,2435,-2004,0,0
-261,-100,2272,2501,3176,-1794,0,0
10,438,1392,3131,3723,-1778,0,0
294,-166,489,2916,4043,-1742,0,0
385,-244,-250,2277,3989,-2224,0,0
222,-128,-711,1957,3622,-2472,0,0
-7,43,-1038,1884,3249,-2522,0,0
-140,187,-1422,1564,3027,-2443,0,0
-198,72,-1746,1052,2891,-2511,0,0
-298,-43,-1869,611,2800,-2418,0,0
-364,191,-1968,417,2794,-2193,0,0
-237,562,-2166,313,2719,-1888,0,0
107,803,-2413,40,2543,-1766,0,0
508,758,-2610,-506,2334,-1884,0,0
805,642,-2621,-1205,2212,-2016,0,0
985,712,-2447,-1763,2101,-2366,0,0
1045,702,-2029,-2210,1980,-2805,0,0
987,650,-1488,-2621,1884,-3283,0,0
816,488,-883,-2813,1771,-3594,0,0
544,85,-164,-2903,1618,-3835,0,0
217,-321,595,-2868,1523,-3956,0,0
-152,-556,1333,-2923,1656,-3749,0,0
-473,-241,2011,-2752,1849,-3402,0,0
-717,78,2660,-2053,1755,-2989,0,0
-930,258,3204,-910,1666,-2649,0,0
-1089,638,3349,355,1698,-2592,0,0
-1237,324,3261,1855,1526,-2481,0,0
-1354,-277,3029,2073,1706,-1977,0,0
-1294,65,2350,2309,2164,-1846,0,0
-1015,-26,1658,2448,2894,-1388,0,0
-593,-116,1155,2361,3901,-1264,0,0
-147,111,544,2661,4333,-1421,0,0
187,72,-158,2705,4277,-1615,0,0
357,-67,-858,2522,3848,-1695,0,0
399,-77,-1476,2236,3364,-1578,0,0
576,283,-2103,1984,3002,-1578,0,0
889,442,-2667,1630,2643,-1756,0,0
1084,68,-2996,696,2296,-2173,0,0
1097,-77,-3058,-172,2141,-2290,0,0
1068,133,-2964,-706,1922,-2509,0,0
1035,370,-2634,-1373,1812,-2826,0,0
1019,734,-2202,-1940,1737,-3183,0,0
935,796,-1741,-1992,1746,-3314,0,0
801,662,-1252,-2068,1758,-3625,0,0
648,369,-789,-2138,1727,-3828,0,0
445,-68,-325,-2322,1642,-3946,0,0
148,-500,254,-2449,1547,-4045,0,0
-209,-703,921,-2510,1545,-4034,0,0
-588,-760,1608,-2509,1637,-3676,0,0
-909,-465,2287,-2122,1741,-3230,0,0
-1137,364,2735,-1380,1778,-3135,0,0
-1389,471,2986,-486,1697,-2888,0,0
-1576,-195,3160,287,1758,-2530,0,0
-1572,-362,3147,907,1895,-2083,0,0
-1433,244,2941,1740,2081,-1710,0,0
-1295,500,2542,2595,2551,-1392,0,0
-900,329,1821,3221,3212,-824,0,0
-269,54,958,3155,3584,-718,0,0
266,-102,204,2715,3697,-1237,0,0
526,-83,-322,2344,3613,-1790,0,0
483,-112,-634,2150,3422,-2062,0,0
271,-67,-891,2118,3263,-2148,0,0
136,147,-1276,2385,3183,-2082,0,0
184,354,-1857,2838,2915,-2000,0,0
373,831,-2674,2277,2908,-1427,0,0
794,931,-3508,949,2623,-1261,0,0
1254,474,-3852,-321,2067,-1654,0,0
1471,194,-3665,-1174,1685,-2029,0,0
1464,57,-3260,-1844,1342,-2888,0,0
1450,442,-2620,-2071,1480,-2576,0,0
1536,1487,-2063,-2298,1249,-3693,0,0
1287,458,-1366,-2661,1022,-4772,0,0
598,-1347,-262,-3570,1286,-4368,0,0
-45,-1002,725,-3244,1526,-4293,0,0
-474,-489,1413,-2530,1532,-3971,0,0
-864,-1230,1972,-2306,1640,-3475,0,0
-1151,-1499,2463,-1873,1824,-3261,0,0
-1372,-794,2688,-1060,2064,-2716,0,0
-1599,354,2548,-577,2428,-2167,0,0
-1744,977,2195,-490,2681,-1896,0,0
-1720,554,2063,-257,2825,-1367,0,0
-1504,-185,2174,99,2799,-1141,0,0
-1155,-663,2328,804,2708,-992,0,0
-750,-596,2280,1502,2863,-722,0,0
-335,-148,1902,1951,3430,-544,0,0
51,-31,1367,2424,3960,-627,0,0
326,-220,765,2443,4404,-812,0,0
476,-96,42,2462,4454,-1169,0,0
513,-139,-647,2249,4183,-1414,0,0
519,-186,-1260,1913,3759,-1338,0,0
678,19,-1818,1709,3382,-1216,0,0
981,48,-2279,1091,2967,-1586,0,0
1155,-104,-2545,482,2688,-1710,0,0
1225,25,-2719,139,2491,-2010,0,0
1277,156,-2768,-435,2237,-2060,0,0
1452,640,-2779,-858,2030,-2304,0,0
1622,507,-2655,-1425,1640,-2649,0,0
1556,32,-2257,-2144,1477,-2959,0,0
1337,10,-1720,-2745,1425,-3364,0,0
1072,207,-1068,-3072,1329,-3827,0,0
721,119,-283,-3102,1275,-4094,0,0
281,48,450,-2810,1289,-4126,0,0
-178,178,1012,-2669,1350,-4037,0,0
-591,290,1552,-2532,1336,-3723,0,0
-966,560,2126,-2004,1348,-3565,0,0
-1318,830,2526,-1003,1409,-3444,0,0
-1651,438,2684,-131,1580,-3016,0,0
-1832,-423,2715,281,1711,-2627,0,0
-1812,-323,2685,423,2085,-1841,0,0
-1552,767,2398,802,2681,-1468,0,0
-1121,391,2128,1258,2712,-1723,0,0
-730,-398,2103,2116,2803,-1552,0,0
-475,9,1804,2710,3349,-1461,0,0
-296,531,1036,3247,3676,-1363,0,0
-77,282,191,3077,3979,-1102,0,0
279,-19,-533,2528,3853,-964,0,0
796,264,-1103,2291,3590,-687,0,0
1435,472,-1600,2279,2989,-1294,0,0
1892,-7,-2020,1856,2448,-2029,0,0
1935,-653,-2401,1340,2026,-2662,0,0
1753,-1008,-2762,549,1835,-2945,0,0
1671,-1012,-2973,-213,1474,-3246,0,0
1567,-856,-2904,-998,1263,-2778,0,0
1729,515,-2781,-1298,997,-2955,0,0
1924,966,-2417,-1585,601,-3672,0,0
1779,183,-1866,-2106,412,-4591,0,0
1271,-805,-1134,-2772,405,-4782,0,0
590,-638,-322,-2980,515,-4757,0,0
-69,265,449,-2504,587,-4872,0,0
-757,318,1113,-1984,625,-4861,0,0
-1463,-198,1637,-1841,648,-4734,0,0
-2161,-628,2241,-1898,621,-4291,0,0
-2798,-490,2916,-1567,839,-3307,0,0
-3181,254,3288,-660,995,-2433,0,0
-3241,621,3357,332,1408,-1539,0,0
-2962,1090,3104,1154,2261,-1001,0,0
-2299,1056,2523,1883,2812,-583,0,0
-1294,-47,1941,2497,3302,228,0,0
-162,-755,1321,2591,3762,-78,0,0
625,-680,708,2497,3769,-1051,0,0
797,-554,224,2396,3702,-1543,0,0
617,-383,-222,2176,3721,-1853,0,0
476,-499,-626,1712,3614,-1963,0,0
490,-698,-896,1474,3403,-1829,0,0
698,-266,-1183,1735,3139,-1665,0,0
1122,243,-1649,1923,2842,-1634,0,0
1496,89,-2201,1585,2489,-1970,0,0
1682,-564,-2669,756,2133,-2448,0,0
1678,-1169,-2892,-181,1781,-2546,0,0
1562,-1283,-2915,-1266,1432,-2928,0,0
1441,-855,-2719,-2006,1270,-2827,0,0
1405,87,-2375,-2540,1114,-3341,0,0
1271,426,-1754,-2645,1034,-3674,0,0
1007,401,-1057,-2790,911,-4133,0,0
621,138,-396,-2932,819,-4532,0,0
91,-492,437,-3182,743,-4418,0,0
-433,-211,1247,-3001,821,-4210,0,0
-820,218,1901,-2539,910,-3866,0,0
-1088,169,2421,-1992,1001,-3515,0,0
-1299,363,2808,-1319,1133,-3384,0,0
-1542,570,3027,-265,1260,-3305,0,0
-1728,736,3016,129,1593,-2880,0,0
-1842,1986,2718,648,1752,-2325,0,0
-1998,2748,2305,1759,1983,-1947,0,0
-1946,1079,2039,2008,2426,-865,0,0
-1508,353,1692,2486,2909,-571,0,0
-926,304,1219,2989,3493,-579,0,0
-189,-72,589,3282,3696,-489,0,0
407,-163,-67,2936,3689,-1009,0,0
660,-326,-561,2659,3433,-1634,0,0
644,-488,-968,2464,3151,-1802,0,0
709,-523,-1444,2390,3051,-1662,0,0
1069,-550,-2006,2104,2982,-1407,0,0
1695,-319,-2609,1626,2458,-1873,0,0
2187,-513,-2982,754,1766,-2104,0,0
2450,-656,-3196,73,1180,-2635,0,0
2445,-1204,-3199,-747,723,-2984,0,0
2127,-1439,-2996,-1767,570,-3287,0,0
1726,-856,-2673,-2285,540,-3577,0,0
1392,74,-2110,-2647,480,-3752,0,0
1145,911,-1513,-2486,318,-4118,0,0
840,817,-866,-2445,98,-4702,0,0
325,-140,-218,-2674,-67,-5262,0,0
-411,-893,640,-2880,163,-4772,0,0
-1007,-125,1377,-2660,348,-4523,0,0
-1451,176,1919,-2109,418,-4345,0,0
-1966,-539,2519,-1827,634,-3783,0,0
-2368,-153,2958,-1386,932,-3220,0,0
-2585,1145,2978,-561,1323,-2715,0,0
-2691,2037,2692,409,1640,-2249,0,0
-2679,2372,2194,1061,2275,-1753,0,0
-2429,1099,1707,1235,2687,-1428,0,0
-1879,-1310,1699,1061,2890,-836,0,0
-1168,-1691,1832,975,3216,-1067,0,0
-521,-1155,1800,1288,3162,-1428,0,0
-9,-782,1660,1977,3203,-1110,0,0
362,-202,1354,2485,3536,-1243,0,0
512,-110,904,3016,3642,-1498,0,0
490,-30,290,3141,3652,-1684,0,0
371,-6,-414,2932,3528,-1795,0,0
318,-241,-1089,2499,3322,-1725,0,0
500,-294,-1657,2232,3094,-1559,0,0
967,-200,-2166,1827,2765,-1615,0,0
1450,-255,-2597,1408,2384,-1847,0,0
1679,-743,-2930,746,2033,-2453,0,0
1681,-1463,-3066,-312,1673,-2863,0,0
1478,-1836,-2964,-1440,1439,-2806,0,0
1237,-1162,-2693,-2436,1357,-3093,0,0
1015,-333,-2069,-3014,1376,-3262,0,0
787,380,-1218,-3191,1429,-3420,0,0
604,530,-406,-2933,1294,-3910,0,0
329,-240,398,-2803,1177,-3964,0,0
-50,-926,1166,-2832,1144,-3650,0,0
-304,-806,1895,-2618,1089,-3405,0,0
-428,-248,2411,-2127,1190,-3211,0,0
-536,35,2738,-1478,1357,-2983,0,0
-629,56,2988,-753,1428,-2930,0,0
-685,33,3150,-228,1575,-2416,0,0
-640,418,3092,420,1564,-1953,0,0
-464,938,2985,1549,1646,-2181,0,0
-305,2094,2613,2580,2146,-2334,0,0
-293,2581,1912,3102,2621,-2248,0,0
-254,2103,1197,3295,3204,-2004,0,0
-54,1070,533,3172,3543,-2117,0,0
236,250,-148,3212,3597,-2420,0,0
364,-118,-794,3000,3289,-2774,0,0
289,-236,-1367,2875,2907,-2541,0,0
272,-126,-1946,2568,2668,-2346,0,0
426,-384,-2480,2017,2407,-2291,0,0
572,-616,-2896,1300,2257,-2159,0,0
668,-730,-3194,402,2008,-2548,0,0
660,-990,-3262,-174,1933,-2156,0,0
710,-387,-3239,-859,1801,-2248,0,0
850,-29,-3143,-1460,1617,-2528,0,0
1001,33,-2828,-2194,1453,-2679,0,0
945,-54,-2385,-2533,1279,-3377,0,0
609,-459,-1723,-3179,1284,-3609,0,0
298,12,-912,-3532,1247,-3779,0,0
30,96,-42,-3481,1187,-3982,0,0
-323,-628,951,-3454,1137,-3697,0,0
-681,-740,2028,-3271,1199,-3114,0,0
-947,99,2948,-2642,1148,-2958,0,0
-1134,310,3639,-1736,871,-2774,0,0
-1218,-768,4332,-1135,747,-1668,0,0
-1094,431,4524,709,1299,-1867,0,0
-914,1341,4031,1735,1726,-2187,0,0
-751,590,3351,2865,1902,-2144,0,0
-538,175,2669,2903,2683,-1558,0,0
35,1195,1779,3235,3446,-1309,0,0
525,1410,957,3921,3666,-1641,0,0
498,125,246,3788,3704,-2241,0,0
199,-597,-510,3352,3591,-2409,0,0
-20,-426,-1115,2910,3236,-2126,0,0
-2,-148,-1634,2730,2796,-1957,0,0
164,-210,-2193,2579,2488,-1836,0,0
435,-304,-2785,2030,2356,-1651,0,0
803,-397,-3321,1073,2108,-1876,0,0
1023,-728,-3566,26,1921,-1835,0,0
1118,-794,-3519,-993,1661,-2146,0,0
1171,-599,-3165,-1675,1557,-2191,0,0
1239,101,-2685,-2196,1558,-2529,0,0
1233,547,-2149,-2437,1451,-3126,0,0
1098,556,-1513,-2659,1492,-3478,0,0
904,507,-978,-2679,1354,-4100,0,0
581,-204,-339,-2972,1243,-4252,0,0
172,-466,307,-2938,1231,-4122,0,0
-201,-217,893,-2528,1274,-3809,0,0
-486,-74,1404,-2436,1327,-3550,0,0
-679,-65,1962,-2321,1393,-3460,0,0
-835,-68,2546,-1929,1434,-3352,0,0
-1065,306,3015,-1215,1449,-3046,0,0
-1367,984,3205,-514,1538,-2916,0,0
-1695,1350,3211,181,1507,-2845,0,0
-2165,1821,3186,1114,1846,-2409,0,0
-2510,1928,2795,2430,2436,-1242,0,0
-2227,1022,1995,3291,3220,23,0,0
-1172,44,940,3683,3890,451,0,0
172,-316,-87,3340,3920,135,0,0
1020,-339,-774,2532,3586,-986,0,0
1114,-522,-1124,2079,3284,-1669,0,0
914,-315,-1436,2027,3179,-1501,0,0
1026,123,-1906,1954,3050,-1522,0,0
1449,-136,-2396,1392,2686,-1812,0,0
1733,-541,-2742,571,2357,-2175,0,0
1766,-995,-2921,-61,1958,-2626,0,0
1670,-1096,-2942,-926,1717,-2688,0,0
1640,-510,-2917,-1526,1393,-3227,0,0
1479,-435,-2559,-1996,1196,-3073,0,0
1232,-32,-2141,-2316,1091,-3548,0,0
935,-10,-1517,-2523,1057,-3494,0,0
705,254,-961,-2729,946,-3813,0,0
451,-317,-348,-3220,760,-4165,0,0
2,-1542,725,-3911,873,-3868,0,0
-410,-935,1846,-3632,944,-3906,0,0
-826,-66,2710,-2814,886,-3922,0,0
-1357,-30,3295,-2113,1029,-3463,0,0
-1772,-67,3658,-1161,1225,-3115,0,0
-1968,127,3750,-2192,1582,-2488,0,0
-2021,633,3449,523,2023,-1716,0,0
-1846,1160,2921,1324,2589,-1294,0,0
-1374,1399,2304,1814,2984,-839,0,0
-687,1717,1709,1896,3371,-308,0,0
60,2016,1070,2496,3596,-732,0,0
633,386,594,2943,3643,-960,0,0
884,-391,-124,3033,3661,-1546,0,0
870,-312,-897,2581,3683,-1759,0,0
834,-335,-1493,2063,3456,-1523,0,0
970,-35,-2009,1751,3121,-1710,0,0
1279,-253,-2398,1168,2714,-1850,0,0
1529,-375,-2737,582,2293,-2031,0,0
1701,-451,-3044,86,1847,-2579,0,0
1758,-937,-3119,-794,1435,-2561,0,0
1717,-838,-3087,-1627,1118,-2997,0,0
1516,-783,-2664,-2634,1047,-3338,0,0
1121,-540,-1883,-3550,1100,-3740,0,0
668,-50,-859,-3831,1170,-4004,0,0
223,243,197,-3310,1179,-4192,0,0
-278,92,1057,-2760,1173,-4054,0,0
-763,-186,1638,-2662,1299,-3706,0,0
-1096,-399,2206,-2537,1437,-3156,0,0
-1206,128,2721,-1916,1408,-2912,0,0
-1244,677,3006,-1228,1564,-2773,0,0
-1316,375,3128,-615,1720,-2548,0,0
-1268,155,3087,327,1849,-2396,0,0
-1144,545,2895,1093,2107,-2137,0,0
-1015,503,2577,1912,2236,-1889,0,0
-811,274,2129,2392,2753,-1822,0,0
-582,53,1639,2643,3260,-1674,0,0
-391,131,1084,2923,3677,-1585,0,0
-230,372,365,2976,3898,-1529,0,0
-3,108,-339,2982,3668,-1590,0,0
216,-117,-973,2817,3317,-1788,0,0
331,-86,-1602,2460,3020,-1813,0,0
474,-8,-2207,2095,2802,-1681,0,0
727,-63,-2737,1379,2571,-1711,0,0
951,-321,-3109,569,2292,-1800,0,0
1066,-560,-3279,-302,1999,-2227,0,0
1078,-778,-3236,-1111,1771,-2218,0,0
1056,-434,-3039,-1820,1689,-2079,0,0
1154,298,-2779,-2445,1538,-2774,0,0
1190,440,-2245,-2653,1470,-2780,0,0
1182,776,-1769,-2772,1316,-3504,0,0
1048,559,-1224,-2704,1160,-3634,0,0
802,198,-745,-2912,946,-3904,0,0
501,-547,-122,-3313,839,-4128,0,0
122,-1362,718,-3711,826,-4107,0,0
-307,-1189,1609,-3608,881,-3956,0,0
-771,-699,2463,-3165,977,-3655,0,0
-1193,-450,3174,-2632,1143,-3084,0,0
-1478,146,3585,-2117,1428,-2328,0,0
-1612,1271,3664,-764,1697,-1488,0,0
-1451,1755,3423,374,1997,-1574,0,0
-1120,782,3095,1059,2156,-1761,0,0
-748,-248,2747,1773,2361,-1837,0,0
-354,-263,2222,1967,2715,-1873,0,0
-43,-99,1640,2328,3039,-1932,0,0
130,-94,1090,2692,3372,-2141,0,0
179,89,434,3126,3559,-2253,0,0
108,24,-412,3337,3658,-2429,0,0
-40,52,-1332,2559,3670,-2147,0,0
-114,-90,-2055,1826,3322,-1876,0,0
11,10,-2533,1173,2988,-1629,0,0
355,384,-2933,599,2577,-1669,0,0
664,115,-3143,-6,2181,-1813,0,0
847,-248,-3165,-551,1954,-2046,0,0
1026,-190,-3168,-1127,1658,-2433,0,0
1127,182,-3124,-2163,1561,-2360,0,0
1124,640,-2837,-2981,1402,-2997,0,0
952,357,-1951,-3986,1438,-3617,0,0
617,-103,-746,-4459,1513,-3690,0,0
196,-358,524,-3879,1544,-3662,0,0
-172,-623,1540,-2950,1564,-3390,0,0
-459,-540,2098,-2546,1731,-2552,0,0
-574,-58,2393,-1828,1609,-2882,0,0
-695,-418,2824,-1441,1524,-2720,0,0
-870,-527,3235,-1411,1728,-2193,0,0
-932,26,3526,-664,1795,-2553,0,0
-952,485,3698,160,1984,-2329,0,0
-1062,881,3626,1439,2271,-1921,0,0
-1108,1431,3126,2572,2903,-1341,0,0
-748,2590,2109,3096,3681,-444,0,0
-9,3499,827,3878,4144,-243,0,0
574,1124,32,3758,3993,-524,0,0
862,-1122,-584,3040,3683,-1048,0,0
786,-1283,-1142,2372,3410,-1585,0,0
559,-831,-1478,1929,3243,-1613,0,0
555,44,-1749,1736,3179,-1678,0,0
740,344,-2011,1688,2982,-1755,0,0
900,96,-2309,1504,2765,-1751,0,0
1071,120,-2701,1136,2477,-1780,0,0
1297,91,-3030,593,1983,-1950,0,0
1477,-171,-3120,-309,1572,-1787,0,0
1711,4,-3125,-1153,1269,-2722,0,0
1667,-667,-2703,-2263,1227,-2998,0,0
1306,-849,-2105,-3344,1274,-3701,0,0
836,-1130,-1210,-4236,1268,-4198,0,0
261,-1443,105,-4493,1400,-3974,0,0
-215,-621,1298,-3771,1450,-3849,0,0
-607,13,2141,-3054,1482,-3247,0,0
-942,30,2726,-2383,1465,-2808,0,0
-1139,10,3209,-1535,1544,-2565,0,0
-1264,457,3445,-761,1756,-2297,0,0
-1394,1119,3382,139,1903,-2131,0,0
-1504,1304,3197,1240,2060,-1813,0,0
-1530,1049,2850,2048,2251,-1406,0,0
-1326,367,2354,2664,2552,-886,0,0
-838,131,1762,2860,3430,-607,0,0
-260,360,944,3053,3976,-596,0,0
179,-110,162,3144,4132,-775,0,0
429,-210,-582,2989,4064,-1181,0,0
572,-142,-1353,2716,3745,-1191,0,0
800,-187,-2063,2218,3319,-1038,0,0
1231,-253,-2692,1621,2805,-1347,0,0
1633,-720,-3068,622,2275,-1779,0,0
1646,-1246,-3171,-194,1975,-2148,0,0
1314,-1808,-3065,-1202,1829,-2314,0,0
985,-1341,-2872,-1953,1881,-2448,0,0
820,-125,-2483,-2488,1911,-2483,0,0
747,937,-1904,-2789,1895,-2917,0,0
603,1086,-1292,-2725,1859,-3291,0,0
404,425,-794,-2934,1711,-3659,0,0
137,-671,-239,-3391,1594,-3755,0,0
-164,-1305,591,-3882,1654,-3416,0,0
-413,-905,1561,-3621,1879,-3029,0,0
-589,-547,2470,-3425,1993,-2829,0,0
-721,-627,3250,-2586,1627,-3008,0,0
-951,-255,3773,-1594,1680,-2623,0,0
-1311,652,3774,-295,1670,-2398,0,0
-1558,441,3550,996,1891,-2162,0,0
-1538,481,3105,1523,2543,-1303,0,0
-1292,810,2363,2325,2909,-901,0,0
-679,658,1510,2999,3169,-473,0,0
211,1208,271,3658,3479,-345,0,0
885,538,-893,3327,3596,-425,0,0
1212,98,-1719,2315,3433,-870,0,0
1502,248,-2353,1566,3086,-1313,0,0
1766,189,-2753,689,2804,-1769,0,0
1804,-269,-2913,-307,2468,-2678,0,0
1425,-1138,-2808,-1392,2304,-2775,0,0
958,-957,-2643,-1713,2350,-2890,0,0
778,-51,-2288,-2102,2209,-2800,0,0
798,1156,-2007,-1875,2022,-3053,0,0
787,937,-1794,-1649,1765,-3283,0,0
676,305,-1573,-2054,1661,-3294,0,0
545,121,-1380,-2435,1462,-3518,0,0
336,-495,-955,-3159,1335,-3702,0,0
15,-1677,-119,-4684,1032,-4147,0,0
-409,-2668,1519,-5186,1274,-3159,0,0
-633,-500,2944,-3772,1440,-3293,0,0
-1010,344,3586,-2071,1348,-3056,0,0
-1439,-206,3812,-1153,1578,-2230,0,0
-1546,63,3654,-86,1802,-2135,0,0
-1474,103,3364,544,2230,-1442,0,0
-1280,687,2800,1430,2513,-1209,0,0
-973,564,2222,2002,2714,-1032,0,0
-533,307,1626,2096,2938,-836,0,0
-204,266,1033,2364,3374,-777,0,0
31,24,485,2327,3948,-824,0,0
265,14,-96,2197,4229,-1085,0,0
375,-34,-630,1998,4117,-1279,0,0
400,49,-1121,1948,3812,-1155,0,0
592,484,-1693,1870,3396,-1081,0,0
1008,748,-2360,1406,2945,-1238,0,0
1350,402,-2905,498,2556,-1795,0,0
1385,-403,-3161,-702,2322,-2249,0,0
1201,-820,-3101,-1556,2206,-2131,0,0
1149,-135,-2906,-2274,2045,-2389,0,0
1163,590,-2432,-2615,1885,-2563,0,0
1174,1321,-1841,-2458,1788,-2900,0,0
1203,1256,-1360,-2345,1562,-3487,0,0
1068,376,-926,-2338,1436,-3654,0,0
816,-62,-590,-2575,1365,-3881,0,0
515,-311,-204,-2990,1260,-4005,0,0
137,-854,478,-3439,1247,-4017,0,0
-257,-964,1346,-3254,1329,-3821,0,0
-603,-467,2022,-2523,1401,-3641,0,0
-935,-195,2370,-2120,1478,-3429,0,0
-1232,-208,2651,-1829,1572,-3139,0,0
-1472,194,2914,-1305,1748,-2662,0,0
-1703,815,3038,-366,1885,-2373,0,0
-1929,834,3052,283,2126,-1890,0,0
-2012,1193,2822,1201,2528,-1095,0,0
-1909,1377,2295,1989,3100,-761,0,0
-1456,476,1658,2465,3683,-78,0,0
-688,-79,870,2814,4168,332,0,0
203,28,-21,2794,4231,123,0,0
972,35,-802,2378,3901,-277,0,0
1418,-70,-1384,1903,3439,-766,0,0
1672,-39,-1863,1697,3061,-1075,0,0
1945,-10,-2323,1201,2638,-1811,0,0
2045,-422,-2667,537,2339,-2254,0,0
1858,-932,-2841,-244,1948,-2511,0,0
1591,-1023,-2905,-986,1708,-3012,0,0
1358,-674,-2808,-1708,1471,-3028,0,0
1202,282,-2613,-2167,1261,-3225,0,0
1039,960,-2209,-2283,1213,-3439,0,0
848,1052,-1720,-2346,1083,-3698,0,0
599,620,-1204,-2669,921,-3980,0,0
282,-198,-513,-3285,885,-4032,0,0
2,-164,286,-3713,934,-4115,0,0
-275,298,1146,-3539,984,-4412,0,0
-758,590,2017,-2764,1110,-4277,0,0
-1353,527,2604,-1509,1031,-4174,0,0
-1850,-783,2937,-780,1235,-3595,0,0
-2102,-1159,3014,-632,1558,-3013,0,0
-2065,-1384,3035,-305,1795,-2481,0,0
-1764,-972,2969,325,2297,-1895,0,0
-1382,-313,2607,831,2673,-1605,0,0
-965,-588,2225,1246,2916,-1383,0,0
-488,-633,1869,1488,2967,-1287,0,0
-53,-394,1547,1843,2776,-1228,0,0
316,-21,1213,1889,3001,-1339,0,0
613,160,752,2157,3367,-1625,0,0
687,-31,284,2159,3699,-2043,0,0
494,44,-164,2028,3800,-2540,0,0
159,212,-626,2253,3623,-2518,0,0
3,304,-1222,2404,3278,-2022,0,0
212,333,-2016,2037,2916,-1762,0,0
610,254,-2791,1497,2563,-1764,0,0
934,100,-3390,622,2147,-1989,0,0
1081,-47,-3646,-454,1699,-2215,0,0
1003,-18,-3451,-1771,1377,-2941,0,0
716,213,-2744,-2478,1613,-2659,0,0
811,1727,-2213,-2471,1706,-3100,0,0
1087,1587,-1677,-2634,1479,-3550,0,0
1026,196,-974,-2996,1472,-4022,0,0
713,-754,-160,-3200,1568,-4502,0,0
225,-1021,762,-3265,1593,-4388,0,0
-386,-441,1643,-2827,1559,-3889,0,0
-923,433,2251,-2033,1410,-3508,0,0
-1332,744,2633,-1116,1327,-3368,0,0
-1710,514,2952,-721,1563,-2727,0,0
-1938,632,3051,18,1666,-2213,0,0
-1930,730,2989,942,2028,-1684,0,0
-1614,298,2750,1613,2676,-1246,0,0
-1004,89,2250,2651,3246,-1481,0,0
-380,102,1466,2854,3804,-1368,0,0
63,244,494,3083,3708,-1297,0,0
229,-160,-252,2714,3577,-1314,0,0
321,-284,-761,2241,3427,-1369,0,0
487,-143,-1190,2115,3233,-1339,0,0
803,-13,-1684,1980,3039,-1318,0,0
1234,-35,-2281,1673,2726,-1670,0,0
1592,-363,-2807,1047,2276,-1928,0,0
1806,-466,-3215,329,1755,-2374,0,0
1893,-547,-3389,-553,1234,-2827,0,0
1891,28,-3350,-1316,874,-3095,0,0
1708,494,-3094,-1971,625,-3690,0,0
1431,613,-2516,-2341,619,-3655,0,0
1263,790,-1910,-2621,483,-4167,0,0
1002,162,-1090,-2989,302,-4690,0,0
520,-711,-127,-3194,283,-4762,0,0
15,-504,714,-2920,432,-4671,0,0
-437,-20,1400,-2575,540,-4351,0,0
-883,-123,1983,-2551,617,-4200,0,0
-1301,-614,2656,-2358,744,-3827,0,0
-1646,-290,3287,-1934,882,-3315,0,0
-1887,522,3541,-1149,1015,-3009,0,0
-2027,917,3555,-228,1486,-2651,0,0
-2046,717,3408,647,1863,-2317,0,0
-1754,394,3105,1347,2141,-2015,0,0
-1310,518,2674,2192,2345,-1424,0,0
-1058,406,2290,2843,2314,-1366,0,0
-873,568,1803,3106,2511,-1264,0,0
-659,979,1110,3660,2850,-1055,0,0
-343,747,365,3618,3117,-761,0,0
121,381,-448,3529,3301,-846,0,0
623,35,-1202,3275,3182,-1021,0,0
1081,-138,-1889,2927,2955,-1188,0,0
1463,-309,-2474,2349,2619,-1375,0,0
1900,-392,-2930,1479,2186,-1621,0,0
2291,-324,-3151,665,1635,-2041,0,0
2527,46,-3149,-345,1248,-2739,0,0
2678,186,-3067,-743,1005,-3550,0,0
2389,-594,-2708,-1446,833,-3669,0,0
1809,-545,-2303,-2118,928,-4367,0,0
1232,-495,-1607,-2856,903,-4886,0,0
522,-854,-539,-3407,997,-4603,0,0
-95,-596,510,-3135,1033,-4573,0,0
-544,-228,1465,-2584,990,-4426,0,0
-1076,-50,2174,-2135,1048,-4052,0,0
-1573,-76,2679,-1705,1112,-3600,0,0
-1914,73,3172,-841,1172,-3135,0,0
-2160,2147,3190,431,1657,-2608,0,0
-2412,3081,2600,1560,1849,-1896,0,0
-2423,256,2274,1690,1938,-1250,0,0
-2057,-717,2126,1854,2612,-1318,0,0
-1546,4,1786,2341,2960,-1399,0,0
-964,5,1275,2977,3305,-971,0,0
-351,206,555,3421,3657,-790,0,0
305,189,-342,3340,3643,-744,0,0
853,-207,-1135,2877,3351,-919,0,0
1263,-303,-1745,2417,2974,-1196,0,0
1614,-406,-2267,1753,2488,-1792,0,0
1670,-761,-2543,916,2147,-2296,0,0
1429,-1032,-2606,139,2003,-2832,0,0
1032,-1339,-2472,-676,2030,-2966,0,0
656,-1043,-2210,-1344,2140,-2946,0,0
541,9,-1958,-1496,2170,-2923,0,0
665,919,-1707,-1410,2024,-2793,0,0
899,1333,-1516,-1315,1840,-3017,0,0
1046,748,-1367,-1520,1630,-3549,0,0
980,-74,-1116,-2075,1515,-3964,0,0
785,-654,-724,-2700,1426,-4214,0,0
467,-760,2,-3082,1492,-3923,0,0
227,304,732,-2717,1432,-4042,0,0
-25,398,1288,-2109,1131,-4639,0,0
-589,-935,1944,-1989,1127,-4699,0,0
-1332,-1219,2567,-1876,1311,-3989,0,0
-1886,-474,3041,-3144,1274,-3245,0,0
-2153,-194,3333,-220,1369,-2401,0,0
-2180,272,3261,237,1839,-1702,0,0
-1982,1,3057,973,2085,-1171,0,0
-1397,-502,2920,1683,2410,-945,0,0
-640,96,2499,2184,2950,-675,0,0
89,272,1834,3205,3037,-1104,0,0
649,205,1038,3524,3275,-1392,0,0
852,275,81,3603,3385,-1871,0,0
715,3,-749,2868,3417,-2232,0,0
543,8,-1288,2373,3212,-2119,0,0
585,272,-1735,2303,2849,-1830,0,0
785,64,-2222,1765,2506,-2248,0,0
872,-159,-2626,1147,2330,-2264,0,0
882,-20,-2962,644,2197,-2521,0,0
884,-239,-3195,-135,1987,-2579,0,0
900,-10,-3223,-1273,1859,-2504,0,0
942,302,-3068,-1787,1635,-2640,0,0
996,336,-2591,-1649,1447,-2827,0,0
977,-5,-2002,-2442,1309,-3706,0,0
816,-174,-1375,-3017,1308,-3812,0,0
618,-249,-574,-3648,1179,-4159,0,0
345,-551,489,-3640,1279,-4332,0,0
19,-490,1457,-2866,1381,-4095,0,0
-360,-125,2082,-2237,1405,-3625,0,0
-691,447,2394,-1751,1411,-3361,0,0
-969,746,2600,-1250,1522,-3204,0,0
-1195,390,2803,-482,1583,-2975,0,0
-1294,-453,2993,-66,1815,-2527,0,0
-1247,-615,3073,364,2068,-2110,0,0
-1035,-733,3011,976,2315,-1790,0,0
-599,-1063,2832,1493,2618,-1734,0,0
-156,-381,2381,2412,2928,-2077,0,0
92,142,1672,2972,3086,-2257,0,0
216,217,745,3377,3101,-2278,0,0
273,100,-217,2994,3141,-2323,0,0
337,59,-991,2408,3046,-2281,0,0
457,183,-1502,2027,2777,-2410,0,0
562,236,-1925,1703,2489,-2663,0,0
555,198,-2303,1271,2427,-2380,0,0
546,-258,-2528,381,2284,-2505,0,0
550,-399,-2545,-219,2184,-2656,0,0
597,158,-2486,-427,2053,-2973,0,0
580,567,-2473,-696,1956,-3156,0,0
613,876,-2626,-786,1820,-3268,0,0
694,576,-2719,-1310,1512,-3178,0,0
704,374,-2617,-1796,1336,-3342,0,0
713,-649,-2096,-3236,942,-3534,0,0
516,-1247,-880,-4507,1016,-3332,0,0
481,-145,443,-3582,1244,-4009,0,0
405,-43,1376,-2282,1325,-4206,0,0
-40,-380,1641,-1765,1458,-4047,0,0
-539,-622,1774,-2085,1631,-3787,0,0
-835,-901,2249,-2450,1385,-3771,0,0
-1117,-1644,3171,-2256,1229,-3019,0,0
-1270,-1292,4065,-950,1286,-2389,0,0
-1182,-64,4216,300,1644,-2418,0,0
-1092,91,3837,952,2072,-2105,0,0
-978,-146,3329,1713,2461,-2028,0,0
-613,-93,2573,2267,3129,-1461,0,0
-40,156,1389,3348,3314,-1380,0,0
406,143,211,3269,3332,-1737,0,0
554,68,-705,2586,3296,-1912,0,0
442,302,-1293,1965,3228,-2126,0,0
367,684,-1779,2022,3076,-2168,0,0
484,780,-2342,1694,2836,-2288,0,0
623,434,-2869,1304,2439,-2566,0,0
627,213,-3206,321,2238,-2603,0,0
526,133,-3363,-750,2099,-2440,0,0
457,217,-3273,-1832,1931,-2639,0,0
392,-33,-2761,-2607,1813,-2762,0,0
378,606,-2016,-2471,2073,-2473,0,0
629,1847,-1679,-1885,1954,-3223,0,0
704,1090,-1419,-1809,1716,-3424,0,0
611,620,-1209,-1732,1715,-3017,0,0
728,1026,-1289,-2109,1486,-3517,0,0
739,-191,-960,-3344,1135,-4037,0,0
366,-1966,199,-4293,1206,-4116,0,0
-55,-1816,1565,-4057,1299,-4304,0,0
-593,-1086,2682,-3094,1143,-4023,0,0
-1253,-1085,3464,-2162,954,-3684,0,0
-1777,-822,3948,-1248,948,-2820,0,0
-2061,371,4042,-337,1318,-1923,0,0
-2155,2208,3515,1126,2073,-1467,0,0
-2065,2340,2569,2098,3227,-669,0,0
-1507,268,1690,2055,3958,-521,0,0
-584,-1386,1177,2502,4167,-489,0,0
374,-916,414,2085,4241,281,0,0
964,-14,-704,2434,3711,-23,0,0
1068,-425,-1458,1912,3387,-666,0,0
1094,-232,-1948,1234,3152,-915,0,0
1243,358,-2443,867,2793,-1460,0,0
1325,186,-2770,241,2356,-2171,0,0
1276,-121,-2999,-345,2012,-2568,0,0
1312,127,-3189,-1253,1753,-2769,0,0
1511,732,-3354,-1690,1146,-3120,0,0
1487,330,-3114,-2544,659,-3949,0,0
981,-979,-2325,-3843,638,-4137,0,0
320,-904,-1216,-4551,1079,-3556,0,0
54,479,-232,-3920,1162,-3709,0,0
-89,224,631,-3354,1147,-3532,0,0
-300,-456,1259,-3002,1308,-3348,0,0
-439,-479,1628,-2659,1543,-3346,0,0
-535,-317,1823,-2387,1676,-3159,0,0
-646,-258,1988,-2297,1898,-2699,0,0
-686,22,2102,-1982,2112,-2506,0,0
-659,173,2209,-1529,2167,-2459,0,0
-667,47,2334,-1020,2240,-2341,0,0
-703,12,2351,-517,2326,-2282,0,0
-757,-74,2304,409,2138,-2435,0,0
-917,127,2209,925,2119,-2045,0,0
-1158,1098,1949,1373,2346,-1575,0,0
-1221,1060,1629,1343,2805,-1272,0,0
-995,174,1488,1253,3039,-991,0,0
-681,-306,1484,1374,3737,-797,0,0
-314,244,1231,1843,4345,-858,0,0
80,728,664,2377,4719,-894,0,0
387,409,-72,2490,4545,-1026,0,0
597,155,-800,2488,4081,-1129,0,0
779,307,-1495,2274,3532,-1261,0,0
951,368,-2085,1750,3168,-1433,0,0
1043,169,-2468,1022,2954,-1825,0,0
999,97,-2670,351,2881,-1783,0,0
1020,427,-2752,65,2656,-1700,0,0
1215,846,-2805,-436,2330,-1865,0,0
1480,1027,-2720,-620,2059,-1994,0,0
1626,590,-2585,-1055,1726,-2848,0,0
1594,-94,-2332,-1752,1434,-3206,0,0
1449,-680,-2001,-2520,1087,-3858,0,0
1076,-1216,-1449,-3291,1055,-4025,0,0
683,-713,-732,-3608,1057,-3865,0,0
376,198,133,-3509,1053,-3653,0,0
127,697,918,-2730,1030,-3696,0,0
-125,254,1477,-2250,915,-3933,0,0
-433,-447,1964,-1999,935,-3846,0,0
-728,-426,2364,-1752,1316,-3655,0,0
-1003,-55,2614,-1346,1467,-3477,0,0
-1302,-132,2876,-852,1721,-2971,0,0
-1495,140,3015,-231,1978,-2560,0,0
-1611,564,2963,560,2185,-2013,0,0
-1630,1191,2698,1220,2738,-3120,0,0
-1374,2829,2072,1627,3097,-287,0,0
-922,3643,1381,2328,3434,-385,0,0
-422,1583,1121,2498,3725,-386,0,0
193,-973,845,2749,4056,-293,0,0
804,-1037,201,2874,4079,-730,0,0
1257,-400,-583,2798,3773,-1029,0,0
1508,-564,-1348,2498,3336,-1496,0,0
1686,-897,-2132,1788,2912,-1946,0,0
1789,-1049,-2860,1539,2325,-2284,0,0
1795,-1835,-3258,260,1606,-2956,0,0
1517,-2669,-3224,-1087,1262,-3060,0,0
1026,-2501,-2859,-2466,1276,-3005,0,0
658,-1030,-2142,-3465,1393,-3175,0,0
460,68,-1089,-3924,1460,-3425,0,0
269,-224,144,-3696,1526,-3490,0,0
81,-603,1218,-2960,1510,-3399,0,0
-81,-407,2042,-2219,1488,-3414,0,0
-352,453,2470,-1529,1593,-3238,0,0
-783,1661,2438,-499,1707,-3293,0,0
-1215,2161,2085,299,1962,-2967,0,0
-1417,1691,1517,903,2427,-2507,0,0
-1239,345,1062,828,2793,-2274,0,0
-847,-805,799,441,3008,-2214,0,0
-492,-1145,682,66,3082,-2328,0,0
-277,-980,689,-180,3183,-2516,0,0
-224,-784,816,-172,3319,-2762,0,0
-419,-920,1079,-232,3393,-2646,0,0
-763,-738,1333,95,3260,-2149,0,0
-938,-108,1463,1107,3116,-1696,0,0
-878,555,1283,2065,3067,-1117,0,0
-574,1135,565,2918,3120,-815,0,0
44,613,-520,3127,3229,-421,0,0
760,154,-1682,2564,3290,-690,0,0
1232,-31,-2623,1617,3092,-1509,0,0
1444,-402,-3261,356,2675,-2037,0,0
1424,-806,-3666,-688,2154,-2354,0,0
1247,-1143,-3831,-2050,1645,-2708,0,0
1011,-934,-3550,-2993,1309,-2582,0,0
776,179,-2844,-3802,1221,-2886,0,0
759,1194,-1775,-4103,1125,-3565,0,0
578,222,-430,-3952,1105,-3700,0,0
277,-559,758,-3459,1235,-3522,0,0
14,-660,1649,-3283,1297,-3198,0,0
-171,-809,2531,-3274,1432,-2560,0,0
-192,122,3296,-2419,1539,-2529,0,0
-298,1282,3653,-1141,1502,-2809,0,0
-681,1555,3649,306,1436,-2934,0,0
-1087,761,3439,944,1734,-2416,0,0
-1210,1000,2854,1791,2314,-2017,0,0
-1092,1673,2083,2666,2905,-1754,0,0
-841,1215,1288,2772,3477,-1418,0,0
-419,465,465,2739,3864,-1434,0,0
109,141,-332,2451,3996,-1712,0,0
528,5,-1099,2194,3700,-1727,0,0
833,-67,-1744,1771,3278,-1726,0,0
1101,-128,-2213,1047,2889,-1637,0,0
1431,110,-2540,715,2442,-2141,0,0
1539,-443,-2752,409,1958,-2768,0,0
1267,-1260,-2889,-275,1764,-3091,0,0
944,-1371,-2951,-1332,1598,-3142,0,0
742,-402,-2812,-1836,1496,-2712,0,0
815,1111,-2572,-2043,1317,-3352,0,0
907,719,-2060,-2520,1062,-3707,0,0
766,-311,-1327,-3317,974,-3816,0,0
483,-633,-450,-3796,1058,-3606,0,0
232,-88,614,-3261,1063,-3701,0,0
-55,-41,1564,-2434,1043,-3824,0,0
-460,-45,2067,-2034,1228,-3676,0,0
-793,187,2201,-1666,1416,-3847,0,0
-1088,-60,2330,-1340,1698,-3504,0,0
-1384,278,2410,-1042,1895,-3131,0,0
-1670,1120,2393,-215,2002,-2853,0,0
-1892,1376,2359,210,2028,-2084,0,0
-1928,1321,2237,782,2225,-1601,0,0
-1706,891,2036,1263,2758,-1355,0,0
-1269,215,1805,1347,3079,-1323,0,0
-815,-529,1620,1754,3465,-1263,0,0
-518,-622,1311,1860,3773,-1450,0,0
-358,-243,844,2337,3904,-1515,0,0
-244,-112,334,2516,3935,-1212,0,0
-16,57,-249,2469,3734,-1203,0,0
292,4,-797,2321,3512,-1159,0,0
583,-165,-1271,2051,3271,-1250,0,0
828,-200,-1691,1682,3076,-1304,0,0
1094,-98,-2050,1311,2808,-1641,0,0
1247,-481,-2277,650,2561,-2012,0,0
1245,-664,-2425,81,2508,-2126,0,0
1321,-250,-2536,-435,2309,-2316,0,0
1396,-90,-2503,-1003,2017,-2748,0,0
1306,-193,-2267,-1491,1899,-2760,0,0
1216,208,-2014,-1966,1734,-3148,0,0
1099,200,-1572,-2370,1643,-3495,0,0
923,-198,-992,-2789,1418,-4091,0,0
569,-975,-245,-3217,1338,-4185,0,0
86,-864,574,-3273,1483,-4082,0,0
-351,-271,1297,-2893,1504,-3878,0,0
-744,-406,1932,-2610,1562,-3634,0,0
-1064,-829,2592,-2082,1514,-3532,0,0
-1341,-911,3138,-1358,1645,-2861,0,0
-1511,-634,3293,-968,1933,-2211,0,0
-1428,-198,3299,-63,2124,-1735,0,0
-1160,470,3091,690,2510,-1332,0,0
-838,844,2616,1591,2694,-1285,0,0
-476,669,2036,2558,2928,-1244,0,0
-14,576,1257,2914,3292,-1103,0,0
380,531,211,3255,3489,-1434,0,0
532,-61,-683,2521,3587,-1867,0,0
478,-286,-1266,1803,3513,-2041,0,0
384,-58,-1676,1494,3262,-2039,0,0
391,-4,-2061,1000,2967,-2071,0,0
474,27,-2391,601,2773,-1770,0,0
636,246,-2706,21,2530,-2205,0,0
671,-282,-2767,-707,2363,-2160,0,0
648,-137,-2721,-1344,2339,-2241,0,0
718,346,-2649,-1994,2145,-2657,0,0
810,692,-2362,-2301,1987,-2449,0,0
888,959,-2037,-2518,1777,-2988,0,0
843,380,-1561,-2806,1643,-3384,0,0
693,-387,-936,-3340,1556,-3726,0,0
371,-1148,-6,-3817,1409,-3786,0,0
-53,-880,1080,-3487,1598,-3253,0,0
-383,188,1810,-2805,1744,-2897,0,0
-546,354,2240,-2198,1626,-2805,0,0
-615,-58,2661,-1597,1657,-2795,0,0
-690,219,2802,-1065,1865,-2818,0,0
-840,558,2772,-793,2116,-2682,0,0
-940,261,2784,-550,2245,-2428,0,0
-852,-578,2878,-472,2137,-2480,0,0
-696,-1206,3166,267,2185,-1994,0,0
-370,-298,3130,1902,2594,-2040,0,0
55,524,2411,3159,2888,-1773,0,0
338,244,1290,4033,3082,-1808,0,0
446,-311,225,3651,3268,-2084,0,0
373,-323,-654,2685,3322,-2293,0,0
126,-339,-1185,2029,3145,-2516,0,0
-126,-233,-1492,1625,2871,-2509,0,0
-213,292,-1895,1565,2779,-2082,0,0
-97,607,-2420,1252,2686,-2026,0,0
87,230,-2812,478,2607,-1930,0,0
320,-9,-3041,-219,2480,-1884,0,0
567,131,-3111,-975,2357,-2005,0,0
934,379,-3073,-1856,1992,-3028,0,0
1064,-710,-2624,-2651,1762,-2565,0,0
1153,282,-2324,-3043,1688,-2902,0,0
1303,1003,-1840,-3027,1425,-3775,0,0
1024,-136,-858,-3236,1435,-3770,0,0
526,-315,54,-2925,1578,-3807,0,0
20,-15,733,-2619,1578,-3637,0,0
-492,-304,1332,-2748,1559,-3349,0,0
-825,-648,2115,-2604,1465,-2810,0,0
-921,-127,2899,-1905,1262,-2578,0,0
-975,66,3581,-1044,1163,-2497,0,0
-1006,34,4105,-621,1483,-2299,0,0
-967,1402,3901,739,1879,-2016,0,0
-946,1264,3306,2044,2267,-1911,0,0
-717,132,2694,2600,3010,-1578,0,0
-188,216,1688,3112,3584,-1640,0,0
324,58,651,2996,3748,-2005,0,0
586,-176,-235,2588,3584,-2469,0,0
505,-343,-860,2087,3292,-2759,0,0
249,-337,-1247,1892,2861,-2763,0,0
74,28,-1615,1842,2616,-2503,0,0
60,299,-2049,1593,2641,-2087,0,0
363,587,-2580,1211,2603,-1880,0,0
741,114,-2976,374,2286,-2373,0,0
763,-746,-3017,-543,2181,-2249,0,0
791,-171,-2864,-1199,2082,-2276,0,0
991,703,-2503,-1801,1864,-2732,0,0
1017,1207,-1973,-1752,1838,-2893,0,0
1055,1718,-1588,-1482,1768,-3562,0,0
1021,774,-1282,-1539,1572,-3863,0,0
776,229,-903,-1705,1574,-3910,0,0
532,271,-594,-1768,1460,-4332,0,0
168,-611,-79,-2202,1362,-4388,0,0
-301,-896,591,-2433,1422,-4271,0,0
-776,-341,1342,-2350,1464,-4192,0,0
-1270,-381,2054,-1899,1536,-3707,0,0
-1592,-821,2548,-1552,1701,-3018,0,0
-1599,-1020,2878,-1164,1779,-2614,0,0
-1393,-1030,3103,-509,1863,-2249,0,0
-1069,-1138,3131,230,2011,-1995,0,0
-665,-1216,2955,796,2335,-1982,0,0
-245,-977,2607,1051,2791,-1500,0,0
240,-562,2101,1586,2878,-2086,0,0
646,-231,1538,1994,3097,-2379,0,0
785,114,809,2279,3084,-2849,0,0
637,69,96,2232,3114,-3302,0,0
258,24,-465,1844,3076,-3377,0,0
-213,226,-900,1751,2987,-3456,0,0
-631,324,-1330,1928,2800,-3787,0,0
-1080,304,-1961,1182,2923,-2863,0,0
-1306,245,-2525,361,2967,-1730,0,0
-972,777,-2874,-164,2948,-932,0,0
-198,1144,-3060,-729,2676,-843,0,0
531,968,-2936,-1376,2363,-1335,0,0
1048,1056,-2563,-1658,2120,-2019,0,0
1312,1051,-2092,-1643,2011,-2092,0,0
1438,1155,-1844,-1462,1890,-2989,0,0
1453,666,-1629,-2024,1741,-3648,0,0
1220,-2072,-1152,-2921,1547,-4116,0,0
695,-597,-344,-3496,1526,-4290,0,0
146,-618,675,-3251,1601,-3894,0,0
-218,-546,1523,-2480,1517,-3766,0,0
-534,-1063,2150,-2017,1495,-3212,0,0
-786,-959,2659,-1506,1651,-2681,0,0
-907,-300,2971,-861,1723,-2397,0,0
-964,-199,3167,-362,1880,-2062,0,0
-900,-172,3223,120,2197,-1957,0,0
-633,-54,3024,782,2568,-1976,0,0
-311,-142,2621,1304,3062,-1921,0,0
12,-48,2010,1718,3643,-2053,0,0
285,-15,1247,1788,4089,-2444,0,0
363,-60,449,1622,4216,-2748,0,0
201,-50,-300,1732,3937,-2736,0,0
-103,-66,-890,1618,3482,-2560,0,0
-272,148,-1418,1520,3165,-2202,0,0
-127,423,-1989,1476,2912,-1753,0,0
282,596,-2562,1133,2571,-1733,0,0
717,659,-2980,647,2223,-1874,0,0
994,699,-3166,-103,1955,-1990,0,0
1181,908,-3223,-769,1725,-2745,0,0
1189,700,-3063,-1367,1520,-3115,0,0
1123,1141,-2561,-2012,1467,-2792,0,0
1092,2493,-1943,-2470,1357,-3304,0,0
933,3732,-1291,-1424,1225,-4983,0,0
494,1493,-465,-1244,1110,-5582,0,0
-220,-671,290,-1978,1179,-4943,0,0
-844,-640,886,-1559,1274,-4522,0,0
-1141,-1382,1535,-1435,1298,-3872,0,0
-1214,-1693,2164,-1390,1403,-3383,0,0
-1196,-1635,2618,-1070,1610,-3112,0,0
-1037,-1893,2922,-542,1630,-2840,0,0
-804,-1839,3142,-100,1884,-2577,0,0
-609,-1295,3138,119,2027,-2421,0,0
-441,-708,2916,814,2086,-2267,0,0
-207,-79,2625,886,2472,-1692,0,0
100,591,2172,2335,2662,-2120,0,0
325,147,1625,2741,3106,-2476,0,0
418,96,725,2896,3419,-2899,0,0
293,76,-167,2480,3504,-3098,0,0
57,28,-805,1953,3325,-3096,0,0
-185,73,-1252,1765,2954,-3037,0,0
-346,216,-1682,1483,2699,-2845,0,0
-384,373,-2121,1189,2532,-2461,0,0
-251,485,-2502,761,2465,-2143,0,0
64,471,-2886,263,2280,-2153,0,0
412,349,-3102,-480,2137,-1733,0,0
853,1252,-3263,-543,1984,-1771,0,0
1454,1807,-3203,-894,1443,-2508,0,0
1694,532,-2635,-2123,944,-3718,0,0
1278,-832,-1679,-3416,1117,-4189,0,0
748,-439,-610,-3822,1243,-4550,0,0
193,-70,466,-3240,1310,-4662,0,0
-377,-457,1445,-2631,1439,-4104,0,0
-793,-540,2176,-2039,1449,-3761,0,0
-1095,-716,2710,-1309,1448,-3407,0,0
-1358,-605,3058,-785,1547,-2844,0,0
-1530,-183,3110,192,1711,-2509,0,0
-1524,-105,2902,711,2362,-1843,0,0
-1276,275,2468,681,3059,-1456,0,0
-860,520,2018,848,3336,-1460,0,0
-361,-349,1782,801,3428,-1209,0,0
236,-829,1615,723,3336,-1044,0,0
854,-356,1442,1643,3271,-1783,0,0
1170,64,1155,2377,3055,-2602,0,0
924,460,429,3506,2735,-3291,0,0
277,-70,-519,3316,2870,-3009,0,0
-64,-257,-1352,2238,3060,-2364,0,0
64,58,-1960,1681,2877,-2183,0,0
359,331,-2464,1307,2661,-2168,0,0
697,258,-2971,887,2356,-2303,0,0
938,-62,-3297,370,2049,-2214,0,0
1153,190,-3499,-277,1664,-2247,0,0
1474,598,-3595,-998,1078,-3258,0,0
1371,-579,-3138,-2278,807,-3710,0,0
822,-1226,-2346,-3715,903,-3859,0,0
376,-458,-1194,-4379,1019,-4009,0,0
55,161,240,-3658,1142,-3925,0,0
-259,159,1329,-2594,1247,-3682,0,0
-496,-145,1879,-4008,1378,-3346,0,0
-623,-118,2185,-1669,1710,-2446,0,0
-475,1076,2170,-1262,1860,-2760,0,0
-270,784,2213,-727,1759,-3447,0,0
-344,-495,2419,-624,1915,-3037,0,0
-567,-26,2527,-161,1939,-3042,0,0
-783,316,2715,340,1864,-2591,0,0
-878,598,2836,1197,1775,-2208,0,0
-881,1728,2738,2409,2097,-1924,0,0
-776,1792,2351,2645,2508,-1691,0,0
-520,1648,1525,3427,2929,-1738,0,0
-194,481,628,3713,3428,-1720,0,0
206,-192,-292,3359,3555,-2088,0,0
487,-392,-1107,2919,3310,-2287,0,0
572,-630,-1670,2540,2831,-2274,0,0
702,-430,-2204,2308,2549,-2000,0,0
1031,-350,-2756,1872,2210,-2252,0,0
1243,-551,-3169,945,1926,-2499,0,0
1350,-324,-3453,296,1601,-2749,0,0
1486,-85,-3469,-502,1343,-2994,0,0
1544,188,-3301,-1329,1091,-3268,0,0
1410,129,-2880,-1884,994,-3487,0,0
1004,-470,-2068,-2622,929,-4047,0,0
395,-896,-902,-3529,1038,-4163,0,0
-182,-608,401,-3554,1182,-3980,0,0
-595,-439,1676,-3006,1130,-3761,0,0
-892,-380,2613,-2579,1229,-3285,0,0
-1066,-18,3199,-1759,1263,-3235,0,0
-1196,-86,3614,-642,1317,-3022,0,0
-1227,-330,3684,-92,1620,-2601,0,0
-1098,237,3478,742,1651,-2462,0,0
-947,581,3263,1816,1728,-2229,0,0
-740,426,2853,2261,1969,-2052,0,0
-442,703,2200,2947,2303,-2022,0,0
-168,449,1576,2975,2715,-1917,0,0
68,195,956,3374,2930,-2152,0,0
201,347,285,3474,3076,-2342,0,0
190,276,-482,3366,2930,-2402,0,0
77,101,-1175,3049,2743,-2287,0,0
41,50,-1835,2928,2563,-2212,0,0
170,-193,-2332,2159,2481,-1933,0,0
431,-115,-2745,1554,2266,-1962,0,0
701,-100,-3051,918,2112,-2026,0,0
938,97,-3207,360,1940,-2215,0,0
1332,848,-3263,-269,1797,-2320,0,0
1717,858,-3179,-942,1384,-2735,0,0
1727,551,-2805,-1563,1318,-3277,0,0
1601,311,-2271,-2391,1233,-4202,0,0
1282,-358,-1453,-3208,1231,-4675,0,0
738,-915,-345,-3402,1277,-4704,0,0
170,-746,732,-2768,1310,-4436,0,0
-337,-509,1544,-2224,1246,-4210,0,0
-817,-308,2227,-1758,1301,-3702,0,0
-1250,126,2688,-992,1389,-3455,0,0
-1598,-7,2962,-447,1496,-3074,0,0
-1848,-128,3133,92,1596,-2587,0,0
-1918,-10,3166,566,1723,-2320,0,0
-1794,-74,3077,1141,2009,-1915,0,0
-1509,-100,2866,1808,2376,-1584,0,0
-1061,54,2461,2268,2894,-1300,0,0
-507,220,1753,2929,3511,-1193,0,0
93,170,828,3338,3812,-1353,0,0
628,141,-212,3206,3740,-1698,0,0
845,-183,-1071,2756,3392,-2052,0,0
812,-321,-1702,2243,3010,-2290,0,0
921,-116,-2199,1981,2563,-2037,0,0
1141,-29,-2597,1719,2099,-2086,0,0
1214,-267,-2968,815,1899,-2571,0,0
1198,-522,-3120,-39,1900,-2504,0,0
1175,-528,-3090,-865,1824,-2547,0,0
1236,47,-3035,-1564,1748,-2898,0,0
1371,187,-2729,-2080,1516,-2859,0,0
1405,53,-2298,-2350,1263,-3424,0,0
1149,-661,-1657,-2978,1095,-3957,0,0
738,-831,-692,-3310,1083,-4321,0,0
260,-324,317,-3065,1060,-4255,0,0
-380,-145,1145,-2748,1083,-3915,0,0
-892,-200,1936,-2796,1212,-3495,0,0
-1160,66,2637,-2084,1293,-3313,0,0
-1373,346,3118,-1361,1386,-3139,0,0
-1633,503,3371,-795,1496,-2788,0,0
-1830,130,3576,33,1464,-2620,0,0
-1840,143,3629,641,1722,-2074,0,0
-1642,532,3333,1464,2156,-1701,0,0
-1182,408,2829,2383,2663,-1596,0,0
-580,879,1899,3403,3410,-1532,0,0
-203,668,554,3848,4136,-1651,0,0
11,-353,-495,3026,4029,-1482,0,0
239,-294,-1217,2552,3583,-1421,0,0
474,99,-1818,2451,3107,-1295,0,0
796,395,-2417,2131,2763,-1135,0,0
1272,404,-2969,1626,2322,-1389,0,0
1523,-79,-3347,513,1927,-2123,0,0
1424,-186,-3416,-371,1978,-2197,0,0
1418,554,-3336,-1227,1823,-2840,0,0
1419,471,-3019,-1602,1517,-2961,0,0
1235,-221,-2587,-2519,1370,-3386,0,0
991,-929,-1945,-3622,1154,-3772,0,0
693,-1217,-842,-4228,1141,-4085,0,0
279,-636,497,-3767,1298,-4118,0,0
-201,-225,1623,-3050,1364,-3663,0,0
-555,-374,2592,-2582,1389,-3128,0,0
-740,-193,3391,-1878,1346,-3102,0,0
-996,419,3918,-1026,1317,-2777,0,0
-1388,1215,4207,-11,1209,-2278,0,0
-1656,1504,4166,1389,1275,-2076,0,0
-1692,975,3742,2373,1934,-1391,0,0
-1326,536,2846,3448,2858,-858,0,0
-526,151,1700,3640,3761,-493,0,0
408,89,470,3636,3920,-968,0,0
988,14,-541,3115,3622,-1606,0,0
1012,51,-1160,2647,3237,-1839,0,0
890,335,-1625,2372,2935,-1904,0,0
1078,417,-2114,2058,2714,-1735,0,0
1304,271,-2600,1588,2452,-2185,0,0
1388,-259,-3053,1066,2249,-2610,0,0
1560,-794,-3524,468,1849,-2555,0,0
1524,-1248,-3831,-321,1103,-3395,0,0
1136,-1196,-3529,-1620,1088,-3034,0,0
1076,717,-2938,-2514,927,-3598,0,0
956,316,-2006,-3432,832,-4575,0,0
467,-1368,-455,-4463,1159,-3881,0,0
175,-528,982,-3573,1317,-3661,0,0
-11,-58,1989,-2241,1181,-3955,0,0
-375,-496,2680,-1877,1243,-3478,0,0
-739,-48,3181,-1440,1280,-3342,0,0
-1110,846,3672,-682,1290,-3012,0,0
-1604,1622,3830,258,1237,-2605,0,0
-1987,644,3631,1314,1437,-2288,0,0
-1895,-547,3393,1737,2090,-1707,0,0
-1542,-763,2973,2430,2677,-1703,0,0
-1062,-813,2417,3024,3201,-1113,0,0
-319,-148,1469,3762,3430,-1389,0,0
417,87,311,3923,3265,-1682,0,0
698,-114,-749,3255,2967,-2178,0,0
505,-231,-1416,2536,2714,-2594,0,0
181,220,-1842,2375,2610,-2484,0,0
143,668,-2367,2110,2611,-2075,0,0
410,736,-2961,1650,2532,-1628,0,0
813,161,-3592,1062,2197,-2083,0,0
870,-1115,-3847,-442,1928,-2372,0,0
815,-282,-3800,-1477,1865,-2362,0,0
1006,949,-3410,-2238,1499,-2796,0,0
1017,1207,-2631,-2279,1554,-2929,0,0
1108,1298,-1999,-2215,1522,-3494,0,0
1067,220,-1317,-2642,1394,-3714,0,0
753,-65,-593,-2580,1369,-4226,0,0
286,-462,63,-2797,1309,-4302,0,0
-231,-742,779,-2872,1345,-4104,0,0
-669,-792,1500,-2533,1437,-3743,0,0
-974,-886,2126,-2169,1517,-3229,0,0
-1117,-786,2677,-1859,1673,-2735,0,0
-1097,-617,3111,-1364,1762,-2668,0,0
-976,-532,3515,-790,1826,-2229,0,0
-873,409,3741,-60,2069,-1724,0,0
-793,1050,3662,537,2059,-1855,0,0
-668,827,3387,1635,2140,-1797,0,0
-413,314,2769,2934,2534,-1809,0,0
-37,-67,2029,3225,2929,-1684,0,0
317,161,1181,3503,3116,-1829,0,0
507,92,426,3358,3196,-2081,0,0
489,-40,-258,3080,3127,-2346,0,0
292,-81,-840,2841,2997,-2492,0,0
126,95,-1343,2655,2747,-2461,0,0
116,227,-1877,2389,2671,-2136,0,0
249,144,-2402,2012,2571,-1919,0,0
545,270,-2852,1355,2416,-1842,0,0
960,272,-3176,856,2234,-1879,0,0
1174,-59,-3371,194,2045,-2175,0,0
1354,184,-3518,-466,1827,-2545,0,0
1470,-61,-3394,-1378,1396,-2863,0,0
1380,83,-3021,-2026,1251,-3152,0,0
1278,-80,-2325,-3204,974,-3827,0,0
851,-597,-1130,-3886,1075,-4009,0,0
415,-152,144,-3408,1147,-4531,0,0
-117,-546,1219,-2880,1221,-4201,0,0
-638,-614,2084,-2547,1409,-3479,0,0
-850,-238,2758,-1847,1437,-3169,0,0
-940,-226,3219,-1246,1516,-2841,0,0
-1034,-81,3478,-866,1554,-2515,0,0
-1042,292,3598,218,1520,-2280,0,0
-1117,1461,3514,648,1755,-2230,0,0
-1237,2396,3161,2081,2001,-2042,0,0
-1150,563,2756,2636,2399,-1658,0,0
-712,-464,2125,3100,2975,-1503,0,0
-204,-192,1358,3381,3319,-1545,0,0
237,-43,601,3514,3316,-1714,0,0
480,-127,-143,3383,3156,-2033,0,0
422,-501,-745,2965,2908,-2356,0,0
226,-466,-1239,2734,2701,-2243,0,0
262,106,-1804,2672,2565,-1958,0,0
570,142,-2448,2297,2368,-1872,0,0
887,-147,-3034,1538,2161,-2157,0,0
962,-627,-3450,812,2115,-2224,0,0
912,-744,-3613,-363,1948,-2243,0,0
1077,270,-3675,-942,1722,-2440,0,0
1314,883,-3435,-1295,1365,-2591,0,0
1402,986,-2955,-1907,1110,-3393,0,0
1302,264,-2201,-2725,884,-3603,0,0
1031,-334,-1281,-3222,793,-4533,0,0
582,-589,-122,-3375,897,-4549,0,0
43,-345,895,-2994,908,-4584,0,0
-434,-573,1731,-2364,997,-4413,0,0
-767,-971,2321,-2017,1157,-3964,0,0
-1005,-1125,2772,-1835,1371,-3428,0,0
-1139,-763,3291,-1309,1476,-2889,0,0
-1186,269,3604,-322,1578,-2477,0,0
-1343,1223,3517,104,1732,-2281,0,0
-1415,1396,3319,1014,1879,-2072,0,0
-1261,911,3026,1876,2202,-1742,0,0
-1003,682,2545,2329,2548,-1578,0,0
-715,349,1965,2942,2868,-1729,0,0
-462,98,1341,3166,3265,-1496,0,0
-277,332,617,3566,3578,-1041,0,0
14,183,-199,3334,3633,-1015,0,0
459,-178,-1017,2996,3361,-1080,0,0
804,-261,-1662,2618,3085,-1273,0,0
1078,-20,-2305,2464,2826,-1536,0,0
1366,7,-2860,1946,2429,-1834,0,0
1411,-550,-3312,889,2029,-2628,0,0
1307,-946,-3530,72,1926,-2336,0,0
1274,-678,-3577,-780,1471,-2902,0,0
1098,-158,-3298,-1364,1413,-2836,0,0
1157,1294,-2918,-1674,1328,-2934,0,0
1314,1579,-2323,-1772,1139,-3388,0,0
1241,1018,-1534,-1803,971,-4101,0,0
837,-219,-724,-2464,857,-4797,0,0
131,-926,202,-3150,1088,-4635,0,0
-428,-68,1038,-2743,1220,-4527,0,0
-804,-357,1614,-2267,1242,-4308,0,0
-1023,-1372,2170,-2070,1303,-3780,0,0
-1074,-1483,2733,-1581,1405,-3336,0,0
-1118,-879,3091,-967,1517,-2927,0,0
-1193,-360,3224,-475,1668,-2695,0,0
-1203,-234,3334,182,1915,-2488,0,0
-1113,235,3206,515,2292,-1751,0,0
-944,1063,2845,1131,2663,-1587,0,0
-608,1045,2520,1506,2890,-1373,0,0
-129,1570,2024,1942,3088,-915,0,0
309,1761,1375,3783,3008,-1248,0,0
616,220,740,4346,2906,-1470,0,0
710,-126,-230,4061,2940,-1942,0,0
584,-361,-1074,3067,3038,-2095,0,0
471,-407,-1607,2516,2955,-1966,0,0
632,75,-2114,2264,2762,-1778,0,0
1041,532,-2703,1880,2436,-1470,0,0
1537,919,-3189,1433,2034,-1855,0,0
1979,768,-3328,986,1551,-2511,0,0
2078,273,-3260,337,1258,-2713,0,0
1959,28,-3113,-412,1071,-3390,0,0
1722,168,-2749,-1110,1019,-3504,0,0
1523,-1,-2196,-1881,668,-4286,0,0
1105,-1300,-1288,-2953,448,-5021,0,0
436,-1564,-106,-3552,553,-5178,0,0
-204,-377,1035,-2824,817,-4984,0,0
-721,115,1819,-1751,979,-4619,0,0
-1087,-675,2338,-1365,1181,-3988,0,0
-1289,-878,2701,-981,1427,-3490,0,0
-1415,-322,2778,-260,1620,-3228,0,0
-1522,-254,2763,57,1838,-2779,0,0
-1526,-200,2643,419,2121,-2381,0,0
-1383,-150,2446,710,2384,-2018,0,0
-1136,-295,2285,1071,2600,-1678,0,0
-762,-561,2160,1234,2720,-1469,0,0
-311,-556,1985,1524,2607,-1392,0,0
109,-442,1750,2190,2641,-1786,0,0
372,-161,1408,2308,3006,-2155,0,0
392,281,838,2901,3330,-2496,0,0
227,215,203,3225,3448,-2750,0,0
16,269,-518,2769,3337,-2394,0,0
-70,246,-1222,2360,3036,-2243,0,0
55,260,-1807,1984,2791,-2087,0,0
374,475,-2349,1655,2548,-2001,0,0
667,409,-2792,1281,2290,-2203,0,0
797,-75,-3018,525,2067,-2577,0,0
813,-529,-2932,-149,1885,-2343,0,0
1049,294,-2658,-581,1859,-1921,0,0
1455,1403,-2477,-1000,1667,-2836,0,0
1593,1014,-2211,-1034,1591,-3258,0,0
1592,341,-1942,-1651,1483,-3752,0,0
1403,-218,-1520,-2125,1425,-3924,0,0
1064,-214,-899,-2624,1255,-4642,0,0
520,-573,-53,-2698,1224,-4693,0,0
-168,-470,782,-2353,1262,-4428,0,0
-744,-136,1394,-2024,1240,-4244,0,0
-1149,-516,1940,-1866,1298,-3727,0,0
-1352,-407,2470,-1578,1430,-3209,0,0
-1382,309,2820,-801,1488,-2895,0,0
-1363,171,3012,-117,1461,-2799,0,0
-1221,-441,3187,148,1516,-2240,0,0
-833,-369,3201,1052,1517,-2292,0,0
-384,-334,3050,1624,1989,-1949,0,0
-81,121,2562,2138,2445,-2346,0,0
76,261,2027,2637,2822,-2477,0,0
238,409,1401,2990,3061,-2396,0,0
374,749,582,3297,3049,-2625,0,0
400,488,-206,3098,2922,-2648,0,0
287,-108,-828,2806,2662,-2704,0,0
148,-244,-1334,2582,2483,-2711,0,0
132,119,-1825,2394,2439,-2309,0,0
340,641,-2396,1965,2465,-2247,0,0
662,627,-2917,1472,2377,-2307,0,0
959,147,-3277,834,2162,-2602,0,0
1152,-324,-3435,283,1842,-2507,0,0
1403,-195,-3601,-278,1396,-2761,0,0
1538,-268,-3400,-1237,1025,-3262,0,0
1408,46,-2773,-1932,969,-2933,0,0
1214,369,-1944,-2551,834,-3894,0,0
803,23,-897,-2492,962,-4699,0,0
303,-487,-4,-2588,944,-4759,0,0
-287,-737,835,-2794,995,-4463,0,0
-717,-711,1741,-2316,1034,-4319,0,0
-1028,-836,2365,-1830,1161,-3932,0,0
-1296,-666,2731,-1659,1370,-3257,0,0
-1389,231,2974,-991,1500,-3007,0,0
-1366,768,3103,-202,1568,-2571,0,0
-1317,701,3062,389,1825,-1973,0,0
-1176,635,2825,1105,2127,-2070,0,0
-986,408,2579,1688,2345,-1996,0,0
-826,-78,2403,2526,2258,-1958,0,0
-755,-278,2220,3225,2215,-1692,0,0
-647,128,1874,2709,2706,-1204,0,0
-160,888,1005,3165,3216,-1294,0,0
413,258,92,3320,3490,-1775,0,0
689,-705,-574,2695,3330,-2417,0,0
582,-625,-1079,2516,2970,-2508,0,0
386,59,-1503,2596,2681,-2361,0,0
499,708,-2085,2765,2603,-1902,0,0
994,656,-2809,2437,2256,-1769,0,0
1459,-32,-3497,1404,1891,-2522,0,0
1532,-1380,-3737,290,1709,-2324,0,0
1403,-1525,-3752,-809,1414,-2323,0,0
1303,-166,-3647,-1634,1175,-2983,0,0
1343,1118,-3181,-1995,928,-3284,0,0
1170,1230,-2360,-2421,896,-3974,0,0
712,780,-1364,-2731,1047,-4545,0,0
190,51,-238,-2791,1095,-4748,0,0
-362,-444,795,-2329,1050,-4391,0,0
-830,-294,1470,-1978,1132,-4012,0,0
-1055,-441,1969,-1864,1222,-3898,0,0
-1084,-1072,2555,-1756,1188,-3725,0,0
-1076,-1420,3116,-1389,1129,-3137,0,0
-958,-1057,3558,-543,1110,-2969,0,0
-759,-536,3654,8,1367,-2909,0,0
-563,-175,3454,553,1826,-2426,0,0
-338,758,3077,1572,2142,-2763,0,0
-183,1482,2655,2486,2453,-2315,0,0
-147,1003,2091,3496,2573,-1916,0,0
-66,-329,1339,3592,2883,-1737,0,0
133,-579,328,3389,3206,-1750,0,0
256,-321,-560,2805,3291,-2041,0,0
323,-65,-1187,2501,3119,-2142,0,0
430,196,-1819,2446,2762,-2430,0,0
499,8,-2433,1992,2521,-2622,0,0
537,-12,-2917,1432,2329,-2647,0,0
574,173,-3321,1014,2050,-2749,0,0
615,197,-3483,506,1794,-2411,0,0
737,546,-3573,-22,1367,-2972,0,0
747,398,-3445,-729,1133,-3324,0,0
734,166,-3166,-1505,876,-3543,0,0
628,206,-2626,-2515,728,-3381,0,0
543,712,-1794,-3079,714,-4162,0,0
463,116,-594,-3378,747,-4486,0,0
184,-665,683,-3035,925,-4348,0,0
-147,-622,1549,-2130,1151,-4146,0,0
-408,-667,2037,-1777,1320,-3849,0,0
-583,-861,2434,-1614,1393,-3493,0,0
-700,-555,2802,-1223,1362,-3355,0,0
-857,-48,3135,-594,1412,-3029,0,0
-1058,302,3251,4,1599,-2831,0,0
-1137,-83,3237,581,1694,-2735,0,0
-1008,-1216,3205,925,2090,-2461,0,0
-646,-2032,2961,994,2621,-2387,0,0
-118,-1765,2440,1628,3151,-2414,0,0
268,-748,1750,2248,3455,-2464,0,0
400,-4,982,2701,3375,-2482,0,0
390,145,167,2628,3286,-2385,0,0
270,98,-637,2254,3111,-2498,0,0
112,143,-1248,1561,2955,-2635,0,0
88,525,-1744,1478,2776,-2629,0,0
191,712,-2279,1444,2524,-2807,0,0
265,572,-2886,1041,2305,-2965,0,0
314,307,-3341,516,2104,-2903,0,0
374,-195,-3450,-358,1751,-2562,0,0
433,229,-3540,-787,1553,-2805,0,0
801,399,-3533,-1564,1117,-2993,0,0
1069,574,-3082,-2389,810,-2813,0,0
1134,1127,-2361,-2676,677,-3769,0,0
1005,89,-1354,-3274,555,-4336,0,0
537,-507,-170,-3374,678,-4487,0,0
-64,-269,828,-2894,786,-4398,0,0
-603,-362,1672,-2740,842,-3931,0,0
-944,-575,2523,-2543,1011,-3265,0,0
-1108,-55,3188,-1796,1141,-2978,0,0
-1248,613,3490,-834,1196,-2912,0,0
-1452,1023,3622,-66,1405,-2608,0,0
-1586,1238,3523,765,1622,-2512,0,0
-1573,272,3336,1468,1802,-2047,0,0
-1338,176,3030,2244,2296,-1634,0,0
-893,225,2425,2743,2872,-1665,0,0
-231,-101,1579,3194,3370,-1585,0,0
366,17,566,3245,3570,-1858,0,0
670,-106,-310,2785,3443,-2410,0,0
646,-281,-903,2470,3178,-2693,0,0
471,-65,-1373,2416,2868,-2575,0,0
545,481,-1982,2489,2610,-2314,0,0
837,259,-2692,2050,2285,-2219,0,0
1088,-211,-3336,1080,2072,-2487,0,0
1257,-659,-3719,28,1804,-2502,0,0
1328,-531,-3834,-734,1471,-2439,0,0
1484,-101,-3687,-1573,1111,-2858,0,0
1575,8,-3164,-2154,907,-2954,0,0
1576,372,-2459,-2562,762,-3559,0,0
1312,-50,-1482,-2864,645,-4149,0,0
736,-362,-450,-3028,635,-4753,0,0
-14,-326,576,-3064,722,-4600,0,0
-727,-339,1589,-2882,747,-4242,0,0
-1237,-254,2543,-2487,820,-3673,0,0
-1579,246,3267,-1886,910,-3092,0,0
-1826,693,3738,-897,1126,-2965,0,0
-1868,89,3966,201,1152,-2947,0,0
-1789,-154,3894,949,1437,-2449,0,0
-1691,222,3451,1768,2002,-2071,0,0
-1315,524,2784,2117,2589,-1683,0,0
-657,732,1982,2541,3034,-1299,0,0
-76,486,1143,2869,3359,-1572,0,0
392,333,462,2799,3435,-1953,0,0
602,237,-75,2643,3249,-2231,0,0
445,-262,-560,2544,3148,-2511,0,0
224,-215,-956,2362,3134,-2430,0,0
234,76,-1415,2415,2961,-2453,0,0
364,-119,-2051,2258,2852,-2391,0,0
560,-415,-2763,1316,2700,-2208,0,0
872,-529,-3288,621,2378,-1988,0,0
1168,-523,-3545,-106,1935,-2168,0,0
1304,-696,-3465,-804,1616,-2270,0,0
1420,-231,-3226,-1189,1348,-2046,0,0
1585,420,-2877,-1795,1030,-2714,0,0
1601,564,-2302,-2104,848,-2855,0,0
1474,598,-1653,-2533,692,-3842,0,0
1122,-121,-877,-3021,600,-4553,0,0
549,-385,-46,-3356,658,-4663,0,0
-38,-22,793,-3148,735,-4531,0,0
-484,85,1548,-2558,765,-4298,0,0
-828,-155,2115,-1972,865,-3933,0,0
-1092,-73,2427,-1448,1042,-3664,0,0
-1275,-50,2640,-939,1209,-3582,0,0
-1392,118,2841,-693,1399,-3306,0,0
-1531,997,2879,-198,1667,-2886,0,0
-1720,1509,2721,361,1907,-2570,0,0
-1792,833,2507,1079,1937,-2242,0,0
-1617,-224,2404,1419,2154,-1720,0,0
-1177,-68,2230,1886,2526,-1388,0,0
-614,837,1813,2555,3006,-1136,0,0
-33,1656,1086,3074,3636,-1112,0,0
488,1013,188,3212,3898,-1613,0,0
765,-425,-598,2737,3739,-1960,0,0
703,-650,-1170,2233,3384,-2151,0,0
549,-230,-1599,2008,3057,-2197,0,0
598,145,-2071,2015,2800,-2058,0,0
794,-249,-2528,1641,2478,-2126,0,0
919,-706,-2790,894,2214,-2472,0,0
857,-611,-2919,-25,2111,-2594,0,0
771,-425,-2915,-784,1912,-2504,0,0
890,140,-2765,-1225,1810,-2439,0,0
1202,451,-2524,-1458,1514,-2967,0,0
1276,-194,-2060,-2000,1379,-2893,0,0
1218,137,-1634,-2318,1279,-3602,0,0
1018,-405,-970,-3188,1070,-4527,0,0
414,-1216,118,-3677,1168,-4527,0,0
-281,-106,1219,-2829,1383,-4463,0,0
-974,1174,1798,-1540,1435,-4165,0,0
-1640,963,1946,-1012,1626,-3501,0,0
-1949,-184,1951,-993,1837,-2939,0,0
-1899,-1351,2114,-1054,2025,-2155,0,0
-1584,-1205,2346,-1100,2246,-1762,0,0
-1212,-557,2624,-416,2243,-1775,0,0
-898,-540,3072,154,2172,-1229,0,0
-576,669,3404,351,2150,-985,0,0
-276,1751,3370,1564,2061,-1241,0,0
79,800,3140,2695,2297,-1263,0,0
551,415,2453,3734,2943,-1515,0,0
888,566,1383,4462,3381,-2351,0,0
908,45,332,4182,3436,-2618,0,0
526,-243,-579,3584,3186,-2596,0,0
106,-373,-1178,2933,2856,-2391,0,0
49,-188,-1624,2908,2401,-2059,0,0
212,133,-1977,2826,2000,-1827,0,0
397,478,-2249,2082,1975,-1643,0,0
601,653,-2560,1306,2254,-1659,0,0
844,434,-2726,763,2376,-1898,0,0
1144,221,-2683,158,2349,-2081,0,0
1593,306,-2434,54,2167,-1956,0,0
1991,-2,-2254,-810,1839,-2677,0,0
2225,-15,-1845,-1432,1732,-2795,0,0
2437,382,-1378,-855,1239,-4111,0,0
2132,-735,-925,-1297,1118,-5424,0,0
1225,-1716,-524,-2445,1225,-5137,0,0
251,-705,317,-2587,1299,-5199,0,0
-511,-20,1239,-1595,1277,-4678,0,0
-1140,-455,1837,-1308,1229,-4056,0,0
-1604,-483,2347,-1024,1280,-3602,0,0
-1870,-131,2752,-686,1315,-3082,0,0
-2025,478,3108,-121,1267,-2490,0,0
-2092,858,3340,780,1258,-1979,0,0
-2020,1325,3364,1599,1533,-1014,0,0
-1793,2624,2995,2822,1799,-943,0,0
-1409,2514,2402,3669,2600,-389,0,0
-641,474,1551,4058,3470,116,0,0
305,-679,469,4056,4072,-735,0,0
929,-761,-506,3364,3932,-1549,0,0
1099,-633,-1223,2954,3253,-1537,0,0
1149,-337,-1634,2655,2622,-1363,0,0
1483,336,-2014,2417,2371,-1321,0,0
1953,669,-2429,2343,2022,-1761,0,0
2212,60,-2700,1803,1596,-2281,0,0
2317,-327,-2859,1500,1516,-2390,0,0
2324,-888,-2940,755,1074,-3350,0,0
1962,-1954,-2908,-361,923,-3365,0,0
1568,-1640,-2727,-1646,713,-3815,0,0
1151,-1051,-2020,-2994,537,-4376,0,0
651,-549,-776,-3559,642,-4859,0,0
104,-370,584,-2991,830,-4977,0,0
-456,-523,1659,-1982,1015,-4605,0,0
-960,-568,2242,-1258,1176,-4294,0,0
-1375,-680,2543,-994,1379,-3815,0,0
-1660,-571,2828,-789,1548,-3194,0,0
-1790,245,2900,-253,1693,-2593,0,0
-1789,992,2780,163,1880,-2074,0,0
-1631,1302,2636,856,1958,-1671,0,0
-1318,1358,2552,1584,2127,-1435,0,0
-1003,1433,2356,2162,2293,-1237,0,0
-806,952,2150,2786,2437,-1029,0,0
-557,-150,1864,2883,2814,-762,0,0
-174,-383,1351,3425,3349,-1128,0,0
175,-382,661,3543,3674,-1456,0,0
403,-466,-118,3359,3584,-1995,0,0
356,-536,-796,3119,3261,-2313,0,0
111,-448,-1299,2796,2916,-2015,0,0
101,65,-1808,2655,2678,-1530,0,0
559,428,-2327,2499,2409,-1482,0,0
1182,200,-2803,1982,2192,-1654,0,0
1619,-310,-3169,1406,1931,-2123,0,0
1689,-1028,-3289,447,1707,-2387,0,0
1557,-1612,-3380,-254,1518,-2399,0,0
1379,-1838,-3206,-1867,1188,-2669,0,0
1174,81,-2683,-2476,1202,-3375,0,0
1088,1109,-1871,-2637,1106,-4104,0,0
760,90,-866,-3049,1071,-4277,0,0
313,-612,226,-3147,1185,-4142,0,0
-51,-513,1221,-2652,1258,-3965,0,0
-381,-574,1993,-2150,1332,-3594,0,0
-614,-472,2617,-1781,1443,-3221,0,0
-726,-93,3158,-1251,1368,-3134,0,0
-828,-100,3549,-460,1375,-2800,0,0
-898,142,3712,138,1398,-2567,0,0
-940,1077,3724,849,1539,-2321,0,0
-954,2280,3475,1641,1926,-1689,0,0
-864,3460,2887,3004,2424,-1420,0,0
-649,2611,2197,3961,2917,-1178,0,0
-91,501,1374,4292,3245,-1208,0,0
551,-91,304,4458,3249,-1661,0,0
826,-194,-601,3878,2992,-1776,0,0
742,-329,-1268,3327,2657,-1893,0,0
653,-239,-1733,2982,2418,-1847,0,0
758,-80,-2104,2439,2200,-1969,0,0
788,-415,-2394,1737,2072,-2352,0,0
645,-738,-2431,1378,2094,-2236,0,0
678,-439,-2370,1081,2025,-2304,0,0
1003,212,-2379,1020,1938,-2532,0,0
1261,207,-2377,745,1787,-2797,0,0
1295,-452,-2374,35,1724,-3051,0,0
1385,-645,-2351,-610,1689,-3273,0,0
1385,-1207,-2214,-1608,1408,-3270,0,0
1127,-1763,-1735,-3072,1163,-3409,0,0
839,-1456,-778,-3938,1000,-4071,0,0
456,-1083,632,-3553,1097,-4717,0,0
-82,-714,1987,-2724,1284,-4292,0,0
-604,-134,2946,-1863,1303,-3401,0,0
-889,446,3519,-612,1167,-3379,0,0
-1151,656,3724,63,1270,-2688,0,0
-1428,1060,3579,942,1325,-2469,0,0
-1486,554,3330,1724,1616,-1987,0,0
-1257,1069,2705,2449,2304,-1528,0,0
-802,1410,1814,2968,2845,-1517,0,0
-166,762,1082,2804,3188,-1393,0,0
417,150,520,2541,3341,-1829,0,0
702,-686,193,2241,3396,-2347,0,0
631,-876,-45,2215,3471,-2867,0,0
333,-651,-256,1999,3495,-3071,0,0
2,-384,-453,1717,3400,-2685,0,0
-107,324,-924,2227,3134,-2422,0,0
77,135,-1633,2601,2651,-2305,0,0
311,-452,-2444,2470,2146,-2337,0,0
388,-929,-3168,2017,1913,-2296,0,0
460,-1230,-3471,889,1593,-2089,0,0
475,-1112,-3582,-276,1312,-2421,0,0
555,-939,-3482,-1379,1169,-2298,0,0
700,-200,-3036,-2339,1095,-2316,0,0
819,717,-2308,-2765,1133,-2961,0,0
872,1090,-1533,-2861,1172,-3550,0,0
755,330,-785,-3008,1064,-4369,0,0
371,-856,33,-3357,1131,-4074,0,0
-43,-342,778,-2922,1275,-3768,0,0
-303,357,1257,-2034,1345,-3615,0,0
-457,28,1475,-1638,1376,-3430,0,0
-579,-490,1634,-1649,1356,-3229,0,0
-716,-748,2014,-1826,1363,-3021,0,0
-852,-349,2677,-1753,1561,-2683,0,0
-991,657,3288,-913,1669,-2469,0,0
-1172,1183,3650,139,1914,-2134,0,0
-1248,1244,3674,923,2322,-1672,0,0
-1064,1641,3394,2092,3029,-1035,0,0
-548,2948,2634,2796,3870,-1028,0,0
118,3546,1623,3274,3768,-1635,0,0
737,1493,834,4140,3298,-1293,0,0
949,-720,-94,4357,2984,-1486,0,0
785,-945,-1029,3392,3014,-1707,0,0
749,-500,-1691,2778,2792,-1661,0,0
901,-473,-2093,2291,2509,-1780,0,0
1105,-848,-2438,1977,2286,-1970,0,0
1271,-1475,-2658,1191,1983,-2143,0,0
1280,-1567,-2829,429,1787,-2256,0,0
1345,-1078,-2884,-40,1578,-2578,0,0
1547,-593,-2902,-563,1330,-2693,0,0
1674,-246,-2828,-949,1019,-2972,0,0
1641,-97,-2581,-1531,797,-3388,0,0
1468,-187,-2111,-2392,610,-3958,0,0
1125,-578,-1391,-3210,452,-4669,0,0
605,-813,-327,-3572,453,-4748,0,0
-6,-262,815,-3143,505,-4639,0,0
-580,143,1678,-2378,564,-4368,0,0
-1005,8,2251,-1903,737,-3848,0,0
-1245,-19,2653,-1459,973,-3401,0,0
-1377,165,2946,-937,1153,-3167,0,0
-1448,633,3079,-480,1423,-2845,0,0
-1488,1039,2987,322,1539,-2783,0,0
-1494,650,2867,1216,1760,-2571,0,0
-1354,552,2530,1439,2274,-2168,0,0
-1035,794,1988,1452,2650,-1940,0,0
-648,373,1682,1620,2949,-1841,0,0
-291,-170,1582,1979,3135,-1957,0,0
-38,-18,1354,2260,3325,-1936,0,0
65,824,884,2963,3299,-1946,0,0
129,1496,233,3335,3214,-1721,0,0
273,1082,-503,3384,3051,-1395,0,0
558,39,-1197,3003,2884,-1428,0,0
986,-102,-1847,2684,2733,-1657,0,0
1409,19,-2372,2500,2441,-1729,0,0
1770,-35,-2894,2088,2011,-2034,0,0
2102,-690,-3280,1398,1558,-2595,0,0
2145,-1805,-3550,407,1111,-2672,0,0
1930,-2160,-3761,-690,585,-3087,0,0
1661,-1564,-3647,-1797,366,-3190,0,0
1413,-599,-3155,-3045,51,-3851,0,0
953,-602,-1890,-4215,58,-4374,0,0
411,-703,-176,-4422,228,-4467,0,0
-87,-332,1406,-3375,329,-4475,0,0
-677,-321,2554,-2254,399,-4128,0,0
-1190,-402,3254,-1637,654,-3826,0,0
-1509,-172,3638,-1155,1032,-3088,0,0
-1701,415,3756,-884,1344,-2521,0,0
-1805,722,3772,-66,1453,-2448,0,0
-1762,652,3808,552,1872,-1852,0,0
-1513,1115,3542,1201,2243,-1353,0,0
-1089,1265,3070,2355,2285,-1156,0,0
-554,1153,2378,3312,2702,-814,0,0
50,459,1410,4164,3296,-1274,0,0
706,-258,525,3609,3629,-1765,0,0
978,-497,-250,2943,3615,-2156,0,0
779,-641,-837,2679,3330,-2461,0,0
451,-347,-1305,2704,2923,-2618,0,0
391,210,-1784,2556,2644,-2339,0,0
585,579,-2393,2403,2345,-2062,0,0
878,430,-2979,1592,2152,-2017,0,0
1185,-405,-3350,716,1871,-2182,0,0
1325,-1042,-3468,-128,1643,-2164,0,0
1377,-681,-3360,-942,1504,-2616,0,0
1538,369,-2981,-1694,1379,-2864,0,0
1695,1115,-2289,-2160,1080,-3291,0,0
1511,406,-1308,-2268,909,-4153,0,0
973,-436,-368,-2423,884,-4999,0,0
231,-315,463,-2196,1009,-5034,0,0
-509,56,1309,-1689,1068,-4633,0,0
-1198,-126,2039,-1429,1129,-4096,0,0
-1637,-633,2652,-1528,1255,-3647,0,0
-1823,-582,3250,-1343,1242,-3037,0,0
-1853,-15,3725,-284,1335,-2637,0,0
-1673,-248,3952,439,1552,-2205,0,0
-1272,-377,3910,1209,1809,-1762,0,0
-790,329,3409,1892,2367,-1512,0,0
-105,-138,2585,2954,2640,-1044,0,0
757,-499,1699,4588,2626,-1735,0,0
1093,-15,613,4791,2396,-3177,0,0
659,-225,-539,4019,2460,-3503,0,0
88,-489,-1272,2630,2693,-3106,0,0
-136,0,-1692,2131,2526,-2790,0,0
-17,493,-2150,2126,2344,-2472,0,0
358,737,-2719,1931,2029,-2331,0,0
791,764,-3208,1465,1702,-2353,0,0
1114,681,-3540,911,1479,-2355,0,0
1369,922,-3647,265,1255,-2617,0,0
1448,468,-3414,-725,1044,-3445,0,0
1089,-631,-2730,-2253,1083,-4061,0,0
520,-987,-1481,-3819,1259,-4491,0,0
86,-590,120,-3946,1423,-4326,0,0
-195,92,1483,-2369,1467,-4242,0,0
-508,113,2220,-1059,1524,-3996,0,0
-791,-198,2478,-690,1679,-3435,0,0
-873,-201,2639,-149,1700,-3262,0,0
-838,-644,2738,477,1715,-3116,0,0
-735,-1299,2758,442,1808,-2554,0,0
-551,-2536,2720,768,1839,-2392,0,0
-447,1004,2698,881,2014,-1799,0,0
-461,2459,2768,1583,1562,-1497,0,0
-686,3383,2830,3850,1345,-1553,0,0
-834,2010,2280,4401,1909,-1155,0,0
-518,980,1217,4989,2555,-940,0,0
116,177,357,4436,3032,-1246,0,0
566,-380,-398,4187,2813,-1941,0,0
555,-419,-1057,4005,2532,-1935,0,0
435,-112,-1607,3602,2210,-1697,0,0
705,430,-2174,3280,2065,-1374,0,0
1203,221,-2668,2936,1953,-1537,0,0
1489,-505,-3058,2319,1877,-1749,0,0
1700,-623,-3371,1542,1812,-1821,0,0
1964,-709,-3553,1054,1480,-2125,0,0
1975,-1369,-3609,84,1111,-2650,0,0
1669,-1588,-3274,-1046,955,-2883,0,0
1392,-697,-2744,-2214,887,-3668,0,0
1027,-395,-1875,-3419,820,-4426,0,0
437,-480,-401,-3678,1046,-4522,0,0
-30,-44,968,-2551,1195,-4408,0,0
-423,174,1738,-1645,1287,-3904,0,0
-727,227,2182,-1180,1396,-3713,0,0
-881,95,2537,-572,1412,-3641,0,0
-1087,-31,2739,-353,1540,-3152,0,0
-1285,202,2864,-93,1596,-2798,0,0
-1343,693,3023,432,1602,-2492,0,0
-1359,1194,3164,959,1760,-1874,0,0
-1408,3475,2893,2066,2000,-1382,0,0
-1524,3156,2349,3489,1875,-1115,0,0
-1372,-138,2038,4043,1849,-912,0,0
-973,-625,1711,4334,2214,-1166,0,0
-438,145,1004,4302,2682,-788,0,0
48,205,34,4517,2883,-887,0,0
414,-418,-598,4063,2774,-1337,0,0
607,-645,-1144,3818,2543,-1660,0,0
641,-589,-1734,3553,2346,-1666,0,0
840,194,-2283,3138,2157,-1953,0,0
1099,545,-2676,2285,2018,-2294,0,0
1019,27,-2804,1556,2060,-1844,0,0
986,-64,-2790,873,2267,-1511,0,0
1363,44,-2679,493,2191,-1393,0,0
1898,108,-2473,42,2023,-1896,0,0
2243,-135,-2217,-491,1782,-2904,0,0
2121,-434,-1713,-1241,1657,-3859,0,0
1509,-219,-926,-1669,1707,-4561,0,0
693,59,-240,-1242,1663,-5208,0,0
-235,-443,456,-906,1701,-4951,0,0
-1044,-895,985,-1041,1734,-4139,0,0
-1531,-773,1587,-1059,1673,-3371,0,0
-1715,-693,2205,-472,1648,-2835,0,0
-1692,-792,2667,-118,1794,-2396,0,0
-1500,-733,2974,543,1991,-2113,0,0
-1202,-450,3090,1038,2131,-1913,0,0
-891,-58,2959,1770,2331,-1925,0,0
-596,189,2665,2330,2383,-1814,0,0
-365,321,2168,2902,2423,-1714,0,0
-181,391,1633,3738,2490,-1899,0,0
21,713,916,3878,2805,-1771,0,0
151,619,9,4003,2995,-1830,0,0
297,181,-772,3634,3017,-1881,0,0
480,158,-1512,3451,2863,-1671,0,0
795,57,-2211,2955,2672,-1536,0,0
1301,-37,-2779,2276,2437,-1621,0,0
1698,-487,-3198,1731,1963,-2187,0,0
1686,-1339,-3418,716,1669,-2359,0,0
1582,-1441,-3553,52,1432,-2602,0,0
1473,-1519,-3502,-844,1072,-2832,0,0
1218,-1025,-3126,-1629,1065,-2686,0,0
1180,366,-2664,-2122,937,-3229,0,0
1086,647,-1912,-2684,815,-3854,0,0
701,-203,-892,-3347,757,-4716,0,0
198,-963,388,-3664,845,-4497,0,0
-245,-370,1474,-2860,940,-4227,0,0
-594,-7,2100,-1905,1060,-3897,0,0
-805,-278,2380,-1535,1238,-3564,0,0
-866,-682,2612,-1413,1385,-3220,0,0
-818,-707,2993,-1255,1394,-2876,0,0
-768,-10,3317,-426,1456,-2812,0,0
-785,-77,3458,186,1554,-2710,0,0
-731,-234,3529,771,1559,-2640,0,0
-585,216,3481,1477,1746,-2442,0,0
-429,653,3190,1940,1995,-2051,0,0
-190,1168,2589,2886,2348,-1982,0,0
248,984,1823,3355,2822,-1865,0,0
730,686,952,3589,3053,-2212,0,0
843,16,201,3362,2980,-2833,0,0
524,-473,-319,2937,2808,-3102,0,0
-18,-251,-675,2707,2728,-3160,0,0
-428,89,-991,2736,2715,-2931,0,0
-580,375,-1425,2889,2743,-2613,0,0
-558,480,-2015,2797,2687,-2146,0,0
-365,337,-2628,2356,2529,-1753,0,0
-4,204,-3125,1859,2167,-1694,0,0
372,-148,-3379,1229,1803,-1779,0,0
569,-546,-3355,278,1539,-1826,0,0
658,-462,-3238,-323,1484,-2152,0,0
813,-63,-2994,-829,1483,-2023,0,0
1056,743,-2725,-1473,1416,-2464,0,0
1313,1164,-2291,-2211,1331,-3050,0,0
1394,540,-1601,-2963,1004,-4622,0,0
995,-1254,-380,-4028,1123,-5032,0,0
320,-1115,853,-4031,1354,-4676,0,0
-228,233,1941,-2297,1386,-4501,0,0
-759,-4,2688,-1340,1287,-3641,0,0
-1168,-542,3176,-1058,1371,-2887,0,0
-1254,-575,3505,-539,1507,-2325,0,0
-1066,-374,3682,70,1575,-2069,0,0
-733,2,3666,1079,1751,-1819,0,0
-230,-54,3376,1705,2083,-1427,0,0
455,-328,2887,2098,2521,-1580,0,0
1047,371,2192,2786,3047,-2409,0,0
1261,974,1423,3167,3242,-3100,0,0
998,747,588,3471,3164,-3448,0,0
314,67,-253,3283,3002,-3569,0,0
-344,-354,-934,2668,2902,-3153,0,0
-610,-72,-1480,2343,2695,-2623,0,0
-456,419,-1957,2320,2478,-2221,0,0
-68,649,-2399,1946,2291,-1993,0,0
369,638,-2890,1696,2052,-2045,0,0
769,310,-3312,1189,1852,-2143,0,0
1114,84,-3582,618,1597,-2383,0,0
1371,-228,-3714,-60,1251,-2613,0,0
1419,-459,-3565,-1020,919,-2424,0,0
1315,-284,-3019,-2523,629,-3004,0,0
1134,-727,-1927,-3594,514,-4610,0,0
725,-1141,-335,-4207,861,-4755,0,0
190,-195,1170,-3388,1097,-4434,0,0
-291,368,2168,-2146,1249,-4145,0,0
-580,37,2665,-1615,1400,-3729,0,0
-710,-170,2926,-1301,1463,-3315,0,0
-857,309,3051,-698,1480,-2961,0,0
-1032,1158,3039,164,1518,-2792,0,0
-1186,2029,2959,935,1584,-2556,0,0
-1297,2167,2817,1768,1553,-2284,0,0
-1345,1277,2663,2221,1753,-1585,0,0
-1214,712,2422,2782,2156,-1337,0,0
-800,455,2003,3330,2876,-781,0,0
-196,688,1229,3974,3480,-854,0,0
411,831,296,4279,3559,-1530,0,0
679,48,-577,3899,3240,-2017,0,0
565,-851,-1329,3361,2803,-2085,0,0
537,-683,-1879,2932,2489,-1924,0,0
762,-294,-2352,2601,2241,-1897,0,0
997,-588,-2783,2049,2050,-1893,0,0
1167,-876,-3132,1502,1838,-2283,0,0
1136,-1571,-3357,597,1620,-2493,0,0
980,-1683,-3435,-188,1474,-2503,0,0
968,-892,-3442,-1113,1286,-2855,0,0
965,-587,-3062,-1918,1116,-2813,0,0
858,-298,-2284,-2769,1103,-2925,0,0
746,151,-1181,-3569,1125,-3746,0,0
398,-155,82,-3731,1191,-4428,0,0
-138,-310,1277,-3160,1351,-4318,0,0
-600,-17,2041,-2350,1516,-3861,0,0
-878,20,2451,-1797,1595,-3457,0,0
-1003,-40,2731,-1296,1688,-3073,0,0
-1068,145,2941,-623,1719,-2911,0,0
-1119,410,3082,-207,1798,-2542,0,0
-1094,467,3129,259,1714,-2182,0,0
-898,292,3164,1212,1684,-1946,0,0
-542,322,3075,1599,1912,-1237,0,0
35,111,2776,2580,1875,-1603,0,0
738,-129,2407,3358,2245,-2001,0,0
991,776,1540,4149,2541,-2707,0,0
726,492,442,4179,2907,-3057,0,0
332,-97,-530,3530,3118,-3070,0,0
55,-266,-1253,2996,2844,-2987,0,0
-83,-228,-1856,2731,2453,-2792,0,0
-58,-110,-2462,2470,2181,-2424,0,0
207,-96,-3002,1969,2048,-2180,0,0
582,-384,-3307,1229,1771,-1969,0,0
904,-217,-3500,520,1553,-1687,0,0
1322,577,-3477,26,1304,-1786,0,0
1822,1147,-3050,-658,1007,-2990,0,0
1857,232,-2523,-1598,897,-4310,0,0
1225,-1179,-1702,-3132,1101,-4903,0,0
413,-759,-346,-3979,1341,-5003,0,0
-245,39,1160,-2896,1426,-4803,0,0
-815,-172,2226,-1686,1405,-4105,0,0
-1234,-117,2778,-871,1377,-3597,0,0
-1518,87,3092,-254,1418,-3208,0,0
-1702,256,3239,281,1590,-2808,0,0
-1671,-195,3276,1102,1721,-2452,0,0
-1285,-1024,3350,1314,2005,-2297,0,0
-678,-647,3177,1615,2085,-2079,0,0
-320,-118,2371,3038,2256,-2196,0,0
-116,-567,1410,3353,2657,-2371,0,0
126,-177,538,3310,2916,-2134,0,0
364,277,-351,3092,2852,-2112,0,0
503,189,-1106,2695,2717,-2240,0,0
605,205,-1616,2402,2514,-2309,0,0
737,567,-2054,2125,2355,-2342,0,0
923,664,-2511,1766,2179,-2550,0,0
1097,612,-2804,1421,1980,-2615,0,0
1174,549,-3101,953,1757,-3102,0,0
1122,194,-3198,443,1590,-3144,0,0
1048,18,-3148,-73,1344,-3247,0,0
887,-193,-2987,-830,1194,-3542,0,0
719,-357,-2748,-1703,1093,-3900,0,0
471,-780,-1992,-3016,1009,-3955,0,0
118,-406,-838,-3535,1152,-4279,0,0
-158,-240,470,-3108,1296,-4391,0,0
-387,-579,1588,-2327,1308,-4015,0,0
-606,-558,2328,-1570,1367,-3723,0,0
-832,-339,2799,-1252,1472,-3417,0,0
-1027,-212,3109,-793,1517,-3111,0,0
-1120,-10,3339,18,1581,-2928,0,0
-1121,398,3340,545,1665,-2418,0,0
-1136,628,3170,1549,1779,-2251,0,0
-1031,-75,2912,2156,2098,-1869,0,0
-981,-264,2962,-1436,1386,-3489,0,0
-1092,-73,3199,-2888,1545,-3224,0,0
-1201,190,3312,-644,1685,-2548,0,0
-1214,515,3295,297,1930,-2257,0,0
-1137,715,3158,866,2431,-1988,0,0
-900,401,2785,1538,2322,-2067,0,0
-639,-376,2422,2605,2243,-2295,0,0
-378,-165,1977,2672,2580,-1974,0,0
-136,621,1087,3305,2797,-1905,0,0
111,347,141,3214,3128,-1755,0,0
368,-33,-632,2651,3162,-1986,0,0
549,87,-1273,2569,3049,-2014,0,0
688,230,-1859,2276,2851,-2192,0,0
874,94,-2433,1862,2586,-2446,0,0
1005,-415,-2841,1256,2283,-2614,0,0
978,-714,-3127,399,2146,-2675,0,0
1037,-415,-3426,-311,1859,-2861,0,0
1063,-566,-3493,-1154,1451,-2984,0,0
871,-964,-3239,-1992,1270,-3169,0,0
666,-483,-2621,-2701,1225,-3225,0,0
509,256,-1728,-3124,1185,-3568,0,0
221,200,-674,-3325,1205,-3823,0,0
-166,-276,439,-3140,1347,-3655,0,0
-463,-380,1388,-2640,1399,-3507,0,0
-709,-353,2075,-2313,1614,-3083,0,0
-875,85,2557,-2056,1872,-2715,0,0
-910,530,2879,-1322,1863,-2974,0,0
-985,554,3097,-843,1958,-2764,0,0
-1106,967,3079,-150,1926,-2492,0,0
-1139,769,3062,898,1903,-2312,0,0
-974,509,2869,1214,2153,-1842,0,0
-651,873,2477,1915,2243,-1753,0,0
-290,1768,2062,2688,2614,-1410,0,0
-93,1943,1503,3472,2851,-1504,0,0
111,480,925,4120,2974,-1619,0,0
337,-161,164,3902,3148,-1752,0,0
429,-304,-589,3400,3038,-1750,0,0
475,-396,-1136,3074,2812,-1830,0,0
599,-416,-1600,2753,2641,-1717,0,0
878,-201,-2059,2014,2521,-1471,0,0
1241,-192,-2312,1443,2166,-1900,0,0
1452,-314,-2368,1152,1965,-2399,0,0
1388,-376,-2417,874,1886,-2562,0,0
1289,-60,-2479,349,1861,-2867,0,0
1312,134,-2517,-348,1784,-2714,0,0
1347,657,-2398,-412,1620,-2807,0,0
1422,561,-2124,-792,1312,-4001,0,0
1270,-1046,-1468,-1732,1205,-4379,0,0
871,-1636,-905,-2733,1125,-4861,0,0
393,-1023,-55,-3196,1134,-4903,0,0
-198,-218,945,-2572,1272,-4700,0,0
-719,-129,1748,-1790,1298,-4357,0,0
-1109,-619,2332,-1257,1299,-3712,0,0
-1379,-378,2805,-870,1416,-3114,0,0
-1550,704,3081,-81,1514,-2818,0,0
-1733,1178,3173,585,1622,-2520,0,0
-1759,129,3119,1057,1867,-1809,0,0
-1413,-709,2922,1248,2267,-1326,0,0
-747,-957,2590,1891,2619,-1403,0,0
-68,-897,2102,3379,2708,-1805,0,0
345,57,1255,4062,2773,-2232,0,0
488,488,128,3979,2777,-2422,0,0
444,-161,-858,3104,2852,-2495,0,0
438,-213,-1502,2487,2712,-2498,0,0
580,74,-2124,2180,2478,-2473,0,0
680,-455,-2737,1121,2210,-2598,0,0
580,-1101,-3280,980,2044,-2671,0,0
646,-1597,-3490,-128,1660,-2719,0,0
643,-1090,-3239,-1191,1419,-2712,0,0
540,673,-2856,-1424,1474,-2801,0,0
684,1605,-2437,-1765,1329,-3728,0,0
646,169,-1787,-2584,1252,-3920,0,0
350,-695,-884,-3516,1279,-4041,0,0
43,-669,291,-3775,1309,-3859,0,0
-191,-668,1530,-3244,1318,-3690,0,0
-344,-799,2490,-2501,1312,-3349,0,0
-598,-471,2986,-1749,1389,-2956,0,0
-778,-119,3362,-1311,1491,-2676,0,0
-724,675,3736,-381,1376,-2354,0,0
-804,2164,3811,1222,1496,-2329,0,0
-1034,2791,3483,2552,1697,-2204,0,0
-1023,2073,3071,3545,1908,-1702,0,0
-654,1098,2503,3371,2197,-1099,0,0
-57,949,1785,3711,2329,-990,0,0
484,532,948,4279,2418,-1233,0,0
727,-201,31,4339,2557,-1885,0,0
672,-570,-767,3863,2669,-2216,0,0
544,-576,-1381,3529,2539,-2279,0,0
548,-433,-1967,3203,2301,-2141,0,0
769,-368,-2586,2975,2003,-2242,0,0
975,-827,-3153,2108,1834,-2422,0,0
1003,-1408,-3576,1141,1677,-2435,0,0
886,-2012,-3703,117,1493,-2202,0,0
803,-1500,-3703,-700,1363,-2209,0,0
952,-194,-3494,-1560,1172,-2886,0,0
1005,445,-2905,-2221,973,-3205,0,0
840,590,-2103,-3038,956,-3850,0,0
582,-7,-927,-3635,970,-4401,0,0
230,-639,493,-3548,1092,-4377,0,0
-230,-463,1646,-2685,1160,-4332,0,0
-672,-539,2463,-1883,1212,-4208,0,0
-1034,-693,3060,-1482,1333,-3406,0,0
-1357,85,3438,-763,1431,-3034,0,0
-1643,782,3617,36,1590,-2831,0,0
-1775,1704,3424,526,1900,-1736,0,0
-1754,1772,2995,1831,2140,-1782,0,0
-1443,-187,2701,2255,2522,-1282,0,0
-851,-556,2281,2910,2836,-1225,0,0
-218,520,1605,3470,2894,-1339,0,0
346,1835,716,3680,2948,-1131,0,0
678,1553,-80,3403,3001,-1184,0,0
832,197,-663,2999,2992,-1315,0,0
957,-467,-1163,2850,2890,-1703,0,0
1094,-414,-1572,2289,2773,-1752,0,0
1334,438,-2046,2448,2571,-1747,0,0
1575,426,-2455,2220,2367,-2283,0,0
1700,-713,-2690,1430,2077,-2481,0,0
1603,-1239,-2780,1032,1809,-2198,0,0
1510,-996,-2868,230,1519,-2800,0,0
1381,-1027,-2959,-456,1289,-3174,0,0
1132,-685,-2767,-1321,1147,-3388,0,0
971,-74,-2363,-2213,954,-3830,0,0
731,188,-1604,-2918,963,-4118,0,0
495,190,-645,-3110,956,-4643,0,0
201,-462,458,-2975,1006,-4478,0,0
-160,-602,1421,-2283,1106,-4305,0,0
-499,-420,2071,-1746,1212,-4011,0,0
-792,-333,2520,-1385,1268,-3668,0,0
-1016,-244,2889,-847,1350,-3496,0,0
-1239,14,3127,-478,1475,-2875,0,0
-1406,778,3245,-3,1502,-2347,0,0
-1440,1593,3213,1067,1587,-2160,0,0
-1402,1627,3049,2054,1862,-2022,0,0
-1364,1150,2725,2934,2367,-1687,0,0
-1248,863,2163,3588,2865,-1074,0,0
-745,570,1203,3931,3288,-799,0,0
65,165,111,3810,3359,-913,0,0
734,-108,-810,3198,3090,-1536,0,0
996,-232,-1406,2740,2790,-1920,0,0
993,41,-1820,2517,2577,-2021,0,0
966,280,-2196,2297,2413,-2057,0,0
1020,507,-2366,1824,2292,-2212,0,0
1051,902,-2334,1363,2241,-2111,0,0
1110,1180,-2342,1310,2135,-2330,0,0
1189,339,-2369,653,2009,-2617,0,0
1246,-462,-2277,-3,1950,-2716,0,0
1365,-901,-2107,-665,1739,-3168,0,0
1415,-1080,-1848,-1351,1530,-3293,0,0
1385,-1018,-1457,-2054,1296,-4292,0,0
1121,-1450,-707,-2825,1407,-4668,0,0
626,-1277,298,-2861,1553,-4661,0,0
41,-549,1205,-2115,1579,-4418,0,0
-498,-283,1884,-1477,1509,-3984,0,0
-924,-83,2434,-902,1508,-3424,0,0
-1258,385,2756,-191,1640,-3111,0,0
-1559,969,2846,97,1855,-2464,0,0
-1745,1490,2817,718,1932,-2024,0,0
-1800,1068,2718,1634,2094,-1725,0,0
-1591,71,2531,1900,2275,-1199,0,0
-1125,-183,2141,2694,2491,-1150,0,0
-572,-65,1630,2978,2899,-1193,0,0
11,241,1010,3065,3015,-1469,0,0
407,202,457,3008,3124,-1802,0,0
490,70,-2,2848,3290,-2190,0,0
376,165,-505,2771,3173,-2355,0,0
343,492,-1058,2800,3046,-1871,0,0
611,569,-1738,2791,2891,-1521,0,0
1098,-121,-2344,2357,2600,-1676,0,0
1447,-695,-2738,1678,2245,-1955,0,0
1615,-1204,-2979,909,2008,-2122,0,0
1725,-1176,-3104,172,1690,-2082,0,0
1924,-430,-3246,-429,1242,-2453,0,0
2253,342,-3017,-973,790,-3098,0,0
2264,-163,-2381,-1965,587,-3902,0,0
1768,-1118,-1468,-3088,645,-4819,0,0
1010,-1176,-245,-3490,823,-5136,0,0
189,62,876,-2655,923,-5067,0,0
-628,294,1612,-2068,957,-4647,0,0
-1199,-611,2279,-2010,1028,-3906,0,0
-1427,-664,2967,-1548,1103,-3398,0,0
-1560,189,3396,-713,1130,-3078,0,0
-1750,1132,3472,348,1261,-2654,0,0
-1821,1880,3201,1660,1469,-2224,0,0
-1666,2095,2761,1902,1967,-1453,0,0
-1313,925,2218,2141,2355,-1524,0,0
-771,-356,1715,2644,2735,-1697,0,0
-237,-449,1204,2822,3175,-1796,0,0
173,140,486,2942,3337,-2020,0,0
448,268,-241,2808,3255,-2135,0,0
611,59,-875,2663,3054,-2114,0,0
761,168,-1541,2831,2861,-2088,0,0
1092,351,-2273,2634,2662,-2048,0,0
1615,97,-2951,1905,2170,-2308,0,0
1878,-833,-3392,995,1704,-2681,0,0
1725,-1965,-3627,-191,1368,-3064,0,0
1262,-2600,-3563,-1241,1164,-2987,0,0
801,-1848,-3063,-2233,1074,-3028,0,0
656,-2128,-2290,-2778,1046,-3088,0,0
568,954,-1293,-2833,946,-3643,0,0
321,59,-237,-2931,891,-4255,0,0
-72,-878,847,-2933,954,-4098,0,0
-496,-537,1695,-2591,1061,-4048,0,0
-827,-456,2378,-2020,1179,-3841,0,0
-1010,-491,2906,-1476,1316,-3301,0,0
-1416,2206,2440,-648,1247,-3676,0,0
-2096,1166,2556,-124,1425,-3205,0,0
-2298,-958,2792,130,1548,-2455,0,0
-2109,-1434,3123,600,1728,-2050,0,0
-1847,-113,3218,1609,1881,-1998,0,0
-1687,885,2884,2226,2111,-1708,0,0
-1553,1223,2352,3087,2490,-1296,0,0
-1260,399,1754,3305,3037,-614,0,0
-579,-17,1058,3350,3536,-419,0,0
249,141,294,3236,3730,-691,0,0
824,-129,-336,2996,3494,-1175,0,0
1079,-181,-803,2822,3222,-1171,0,0
1320,239,-1265,2802,2917,-1141,0,0
1780,384,-1760,2622,2586,-1351,0,0
2239,30,-2315,2423,2168,-1817,0,0
2488,-613,-2946,1908,1770,-2635,0,0
2396,-1790,-3427,919,1347,-3148,0,0
1935,-2898,-3665,-397,932,-3435,0,0
1216,-3136,-3512,-2020,758,-3474,0,0
586,-1917,-2844,-3280,801,-3460,0,0
232,-130,-1641,-3931,969,-3550,0,0
39,541,-174,-3624,1053,-3766,0,0
-152,-232,1088,-2842,1104,-3627,0,0
-353,-405,1884,-2227,1241,-3506,0,0
-613,-179,2373,-2140,1498,-3160,0,0
-811,119,2849,-1877,1661,-2956,0,0
-895,734,3293,-1157,1765,-2817,0,0
-1066,1824,3473,-300,1743,-2729,0,0
-1309,2006,3335,729,1632,-2409,0,0
-1361,1830,3311,2013,1738,-1875,0,0
-1272,2185,2729,2713,2076,-1591,0,0
-967,867,2100,3359,2114,-1351,0,0
-410,116,1516,3619,2464,-1251,0,0
109,148,874,3451,2759,-1387,0,0
457,-35,271,3473,2836,-1753,0,0
576,-161,-217,3348,2824,-2224,0,0
455,-282,-647,3323,2636,-2336,0,0
233,-206,-1126,3213,2506,-2150,0,0
183,-172,-1619,2784,2472,-1852,0,0
397,-79,-2096,2426,2423,-1696,0,0
688,-269,-2506,1922,2336,-2039,0,0
845,-883,-2730,1195,2264,-2163,0,0
891,-1083,-2867,619,2202,-1999,0,0
1079,-526,-3053,-15,2033,-2311,0,0
1355,-372,-2958,-649,1729,-2434,0,0
1348,-604,-2558,-1482,1486,-2752,0,0
1237,-409,-2051,-2092,1504,-3667,0,0
1068,-465,-1284,-2761,1559,-4063,0,0
669,-390,-439,-2891,1577,-4393,0,0
190,-166,386,-2515,1631,-4316,0,0
-238,-186,1034,-2147,1666,-3881,0,0
-533,-324,1576,-1964,1725,-3236,0,0
-585,93,2089,-1581,1798,-2715,0,0
-488,992,2466,-940,1645,-2924,0,0
-593,1106,2759,-92,1476,-3348,0,0
-941,1478,2943,356,1536,-3100,0,0
-1405,2488,2899,1360,1531,-2754,0,0
-1759,2744,2644,2171,1798,-2078,0,0
-1809,3027,2153,2580,2186,-1179,0,0
-1603,2545,1642,3321,2362,-753,0,0
-1080,1459,1218,3681,2705,-260,0,0
-386,551,683,4130,2966,18,0,0
276,-252,60,4182,2975,-79,0,0
850,-740,-585,3776,2917,-208,0,0
1311,-863,-1149,3356,2667,-332,0,0
1744,-3176,-1679,3191,2282,-881,0,0
2108,-1764,-2065,2707,1982,-1424,0,0
2203,-1944,-2515,2065,1653,-1733,0,0
2151,-1868,-2943,1316,1318,-2722,0,0
1851,-2388,-3066,384,1077,-3154,0,0
1295,-2814,-3083,-808,972,-3494,0,0
732,-2355,-2824,-2055,1083,-3672,0,0
