102,-51,-7,-731,843,-3849,0,0
105,128,20,-695,661,-3512,0,0
14,282,59,-579,543,-3178,0,0
-184,316,41,-453,438,-3007,0,0
-406,205,5,-378,348,-2939,0,0
-645,206,-6,-395,521,-3188,0,0
-878,401,31,-280,760,-3657,0,0
-944,280,118,-68,1082,-4102,0,0
-834,-249,144,-188,1380,-4357,0,0
-689,-410,108,-242,1703,-4540,0,0
-463,-426,51,-356,1917,-4581,0,0
-224,-205,25,-494,1989,-4448,0,0
-48,124,56,-421,1920,-4383,0,0
95,73,118,-415,1669,-4255,0,0
181,-106,139,-496,1537,-4274,0,0
273,-247,52,-591,1512,-4292,0,0
387,-200,-99,-624,1535,-4186,0,0
482,-18,-201,-510,1499,-4107,0,0
562,71,-203,-451,1398,-4004,0,0
621,155,-172,-434,1218,-3847,0,0
640,250,-148,-383,1058,-3700,0,0
598,308,-117,-356,799,-3572,0,0
478,445,-70,-243,535,-3631,0,0
386,312,26,-169,355,-3799,0,0
324,19,79,-246,128,-4019,0,0
369,-219,92,-203,10,-4196,0,0
470,-245,83,-436,-79,-3448,0,0
427,0,89,-355,-271,-3106,0,0
410,-45,147,-385,-387,-2865,0,0
382,-142,184,-400,-261,-2633,0,0
426,-324,203,-513,101,-2098,0,0
478,-95,137,-517,899,-2037,0,0
467,504,0,-673,1349,-1978,0,0
201,1855,-174,-711,1424,-3316,0,0
-199,3172,-223,599,900,-6384,0,0
-88,1407,-340,2282,452,-11173,0,0
772,-1223,-407,1993,754,-12602,0,0
1670,-1374,-263,1715,990,-11028,0,0
1861,-1527,-46,859,705,-7723,0,0
1094,-1502,180,-372,-249,-3869,0,0
-72,-1001,-1,-1126,-1301,2086,0,0
-1426,-424,-880,-460,-1549,314,0,0
-1005,-808,-554,-388,-2963,2064,0,0
-192,-1342,-757,111,1049,1525,0,0
-154,-213,-650,476,232,-1148,0,0
-526,465,363,721,343,-3264,0,0
-626,130,354,-258,893,-5013,0,0
-1022,545,300,-1092,886,-6806,0,0
-386,691,304,-1106,2103,-4147,0,0
486,1251,160,354,1344,-2244,0,0
1432,-77,384,-528,-2436,19,0,0
2622,250,442,-1042,-3054,1878,0,0
1838,773,402,27,-1916,-643,0,0
-7,405,19,-41,-967,-3182,0,0
-886,456,-245,-89,-176,-5516,0,0
-1433,160,-169,-92,-746,-7619,0,0
-1034,-326,-54,96,72,-7894,0,0
-481,-410,40,9,252,-7055,0,0
-532,-262,139,-185,388,-6520,0,0
-423,-507,59,-945,973,-7075,0,0
-468,274,-25,-879,1604,-8384,0,0
-232,-523,-117,-947,1443,-10903,0,0
545,-847,-230,-1842,903,-11917,0,0
1287,-339,-398,-1028,89,-9559,0,0
928,764,-426,-235,-915,-1926,0,0
-313,462,215,1313,-456,2416,0,0
-1124,-2000,175,-1746,-2804,895,0,0
-283,-147,-573,-629,-2402,1021,0,0
566,-13,-1107,1056,1548,-797,0,0
227,-499,-560,795,118,-942,0,0
28,-153,134,611,-159,-2729,0,0
-231,456,270,-247,106,-3406,0,0
-620,1180,363,-26,487,-3950,0,0
-172,1162,322,-497,914,-2042,0,0
432,806,761,-208,592,-1353,0,0
1348,-66,1076,-1505,-1406,-101,0,0
2043,326,588,423,-2450,-498,0,0
978,-266,174,349,-2745,-3264,0,0
-295,375,159,1239,-2164,-4898,0,0
-811,-127,188,-49,270,-6205,0,0
-1458,590,474,-143,-398,-7470,0,0
-980,-71,507,-1015,-664,-6297,0,0
-667,247,244,-591,-215,-6007,0,0
-685,-2200,63,-584,140,-5075,0,0
-431,-159,-175,-582,341,-4868,0,0
-371,201,-194,-621,602,-5255,0,0
-294,465,-282,-122,1124,-5462,0,0
-88,185,-320,-444,1408,-8144,0,0
47,809,-226,-225,786,-7384,0,0
316,559,-254,476,-1104,-9605,0,0
794,-626,-381,1919,-1410,-11667,0,0
1077,-1205,-449,948,900,-7786,0,0
72,-326,-562,-458,763,-1504,0,0
-1169,-128,-756,-219,-273,1118,0,0
-777,-869,-492,-525,-2922,941,0,0
119,-94,25,-118,-482,2195,0,0
60,-31,-576,1382,2095,589,0,0
-389,-624,-262,672,-631,-1136,0,0
-621,-260,665,-18,-1364,-2669,0,0
-893,165,741,-85,-294,-4657,0,0
-852,303,385,512,570,-5330,0,0
18,406,395,110,995,-3067,0,0
771,1133,861,201,610,-2311,0,0
1805,379,1026,-822,-723,-1488,0,0
2735,183,261,-1789,-556,-876,0,0
1808,1699,-214,-613,-605,-1037,0,0
131,1286,50,1512,-1174,-3161,0,0
-911,-1210,340,-223,-341,-5350,0,0
-1562,-578,241,464,405,-8659,0,0
-1036,-695,-120,64,267,-7079,0,0
-960,-320,-407,38,-284,-6916,0,0
-892,-58,-237,944,169,-6610,0,0
-482,-802,-174,-54,239,-6151,0,0
-179,-82,-174,227,32,-6421,0,0
281,-203,-187,184,138,-5610,0,0
598,-178,-177,-2,189,-5277,0,0
749,-7,-50,-156,496,-5618,0,0
896,221,48,-135,885,-6071,0,0
1062,-247,41,-154,886,-7113,0,0
1128,-534,-46,-258,207,-8926,0,0
1306,-1014,-211,-448,-1294,-8102,0,0
708,125,-159,-117,-1687,-3265,0,0
-550,-659,247,363,-1017,-70,0,0
-1380,-1886,268,-3550,-1385,1547,0,0
-1136,495,-427,-1102,-2049,-972,0,0
-82,880,-840,-62,-1258,-940,0,0
334,1239,-1068,1878,858,-1623,0,0
471,-544,-470,1297,-466,-2477,0,0
310,-321,70,21,-160,-2403,0,0
114,258,85,109,1022,-3575,0,0
268,564,296,-1001,505,-2540,0,0
684,1754,438,-722,116,-824,0,0
1215,1517,437,242,-487,84,0,0
1758,-112,268,140,-1619,2066,0,0
879,-145,75,-92,-4389,1813,0,0
2548,-785,-1774,236,162,1168,0,0
-2269,-65,-107,1057,1875,-7914,0,0
-2097,-427,174,483,585,-8042,0,0
-1442,-224,535,305,645,-7406,0,0
-871,-295,499,99,-93,-7882,0,0
-373,-484,424,-62,53,-5960,0,0
174,-705,117,-70,258,-5334,0,0
418,-466,71,-458,181,-4441,0,0
380,-65,48,61,406,-3858,0,0
482,-295,-44,-185,263,-3931,0,0
362,74,47,-7,179,-3534,0,0
219,45,5,-120,299,-3811,0,0
-17,450,-52,244,439,-4407,0,0
-323,133,-28,-90,262,-5334,0,0
-529,525,45,176,7,-7912,0,0
-92,-170,97,400,-116,-10746,0,0
627,-1232,14,-217,-190,-11595,0,0
1011,-572,-119,396,931,-7583,0,0
85,-312,283,110,2153,230,0,0
-2007,671,797,-1240,-78,-571,0,0
-2073,-118,-91,-1307,-2853,-2892,0,0
-400,-238,-714,-1036,-4009,-1726,0,0
543,1445,-519,672,-1168,-943,0,0
685,760,-522,1179,257,-3280,0,0
539,-393,-331,671,200,-1433,0,0
412,-1026,12,24,1689,-2265,0,0
485,-1237,-3,-1161,1749,-2562,0,0
539,261,-96,-1327,943,-1519,0,0
744,1402,-139,-216,653,-656,0,0
1229,945,106,104,-859,282,0,0
1652,-158,298,-608,-2242,1192,0,0
1043,322,50,-308,-4114,365,0,0
-774,679,-20,857,-3054,-4039,0,0
-1765,223,-326,1506,-300,-4773,0,0
-2137,-99,-553,1105,2502,-7173,0,0
-2133,107,-35,938,2044,-7819,0,0
-1478,-252,316,281,2230,-6968,0,0
-1181,-36,425,-165,1651,-7367,0,0
-868,16,386,-58,1403,-6765,0,0
-298,-404,42,-284,1275,-6191,0,0
-23,148,91,17,846,-5399,0,0
187,56,129,214,827,-4825,0,0
402,-152,-19,117,1070,-4361,0,0
437,128,-49,149,1446,-4226,0,0
341,346,-24,183,1519,-4767,0,0
284,247,-90,193,1524,-6056,0,0
453,-96,-90,221,1110,-7280,0,0
726,-500,-79,46,430,-7334,0,0
525,-587,-80,72,1248,-7059,0,0
-270,-596,62,-368,2506,-4478,0,0
-1371,6,43,-26,2564,-1671,0,0
-1844,-967,-728,447,-1400,-1493,0,0
-951,-1350,-666,245,-4825,557,0,0
42,-498,-452,719,-1110,-1477,0,0
465,160,-493,758,-530,-2802,0,0
679,268,-315,555,1235,-3131,0,0
739,-133,-193,-259,2980,-3007,0,0
-284,825,480,-707,1119,-3451,0,0
-155,598,648,-358,1715,-2655,0,0
668,300,193,-577,516,-1329,0,0
1261,766,451,218,-2276,-420,0,0
2065,-364,421,-242,-2538,-73,0,0
1633,-316,122,137,-2352,-990,0,0
-317,94,142,600,-1603,-3581,0,0
-1629,213,88,600,3463,-6281,0,0
-1944,-201,116,-1114,3408,-8664,0,0
-1474,703,536,-906,2067,-7831,0,0
-792,302,372,-482,2037,-7112,0,0
-502,-48,331,-576,1466,-6790,0,0
-84,-73,259,-357,841,-5570,0,0
387,-170,-25,-130,723,-4466,0,0
531,100,-70,-34,369,-3661,0,0
554,209,-27,70,359,-2957,0,0
561,61,-48,119,654,-2568,0,0
534,-171,-22,37,854,-2642,0,0
479,-140,47,-338,882,-2654,0,0
277,419,103,-14,1025,-3114,0,0
30,205,67,-23,792,-4407,0,0
-276,386,-39,98,609,-7196,0,0
48,120,-365,770,737,-10649,0,0
919,-568,-612,251,478,-10886,0,0
1438,-615,-391,897,1041,-9812,0,0
1220,-1738,-110,-860,1058,-5095,0,0
-63,-716,-164,-597,348,-756,0,0
-1276,-1057,-471,696,-1131,150,0,0
-977,-936,-692,240,-3395,1051,0,0
192,-326,-426,940,-865,-95,0,0
517,-175,-292,551,423,-1754,0,0
481,1241,-38,122,261,-1146,0,0
230,1882,-14,797,1667,-1264,0,0
-816,1512,187,250,286,-2452,0,0
-1287,755,366,-311,726,-2788,0,0
-378,292,-112,-640,716,-1540,0,0
394,793,78,152,-1652,-1991,0,0
1288,233,655,-458,-1862,-1093,0,0
1497,591,636,-375,-1803,-220,0,0
-621,1095,455,378,-2175,-3711,0,0
-2297,1154,-389,1946,2923,-6298,0,0
-2214,-1363,-1012,1205,3537,-7670,0,0
-1835,-480,-299,455,2905,-7859,0,0
-1410,912,214,1596,2510,-7553,0,0
-845,-239,242,1099,1919,-7092,0,0
-262,-564,331,532,1483,-5824,0,0
223,-302,408,506,1256,-4821,0,0
435,-189,358,399,927,-3981,0,0
502,-192,239,426,930,-3130,0,0
522,-353,173,365,1008,-2890,0,0
507,-353,223,40,1075,-2593,0,0
413,6,258,23,1151,-2588,0,0
343,110,233,-4,1485,-2913,0,0
149,391,187,-44,1442,-3828,0,0
3,913,111,115,1572,-5905,0,0
292,1183,-23,800,1254,-7342,0,0
655,-163,-291,1417,646,-8794,0,0
783,-1394,-623,1790,1328,-9708,0,0
1118,-3768,-782,2259,2891,-9599,0,0
932,-1622,-456,600,2072,-7073,0,0
217,-796,174,778,552,551,0,0
-965,-2185,-25,-1922,-1653,2789,0,0
-1101,-517,-416,-1787,-4248,2429,0,0
-600,566,-988,-471,-507,-35,0,0
-2056,407,-1509,588,970,-2092,0,0
129,372,-824,764,228,-1979,0,0
-85,377,-124,796,1800,-2977,0,0
-549,382,-9,188,1017,-3156,0,0
-633,352,77,23,1031,-2015,0,0
-119,565,127,453,878,-947,0,0
468,240,558,202,-1218,-717,0,0
1138,307,766,217,-2075,-1970,0,0
1502,533,336,401,-1809,-4152,0,0
676,1713,665,794,-1225,-3432,0,0
-579,1471,894,1990,2180,-3071,0,0
-1940,-397,526,-47,3354,-6072,0,0
-2278,-402,651,-286,2822,-6488,0,0
-1804,-414,410,-187,2579,-6836,0,0
-1428,287,-65,69,1935,-7773,0,0
-941,73,-237,688,1637,-7259,0,0
-250,-292,-216,597,1586,-5749,0,0
280,34,-83,842,1434,-4829,0,0
552,-141,52,723,1364,-3772,0,0
690,-34,100,535,1288,-3171,0,0
664,190,105,393,1257,-2953,0,0
599,102,163,403,1362,-2578,0,0
318,484,299,305,1330,-2907,0,0
-355,2243,530,993,1939,-5220,0,0
25,1525,730,2704,2356,-7362,0,0
985,-1131,572,1588,1418,-7986,0,0
1265,-837,280,1403,1266,-7872,0,0
1281,-1179,-67,1533,1787,-7058,0,0
815,-2242,-410,1512,2136,-6917,0,0
95,-3375,-155,91,1972,-4154,0,0
-660,-1677,704,-1240,486,-158,0,0
-1384,-14,1119,-1148,-1801,-1847,0,0
-406,-1343,265,-2442,-3244,239,0,0
491,221,-1230,-1222,-1269,1362,0,0
547,1156,-2022,854,556,-718,0,0
175,566,-1480,1269,716,-600,0,0
-259,16,-646,901,1389,-1384,0,0
-647,620,-165,61,755,-2162,0,0
-742,1249,219,127,741,-2026,0,0
-317,1192,269,-336,536,-1569,0,0
319,1431,216,651,-1443,-2482,0,0
1244,-297,217,165,-1034,-1985,0,0
1141,-254,69,-429,-514,-3380,0,0
-107,1351,322,658,-1140,-3253,0,0
-1610,1353,56,2005,3170,-5662,0,0
-1868,-1259,-164,669,2207,-8063,0,0
-1105,-585,457,-113,2375,-5095,0,0
-856,1176,191,808,2427,-6650,0,0
-835,339,142,884,1233,-6209,0,0
-576,-688,172,476,1887,-4836,0,0
-196,-503,-5,138,1999,-4916,0,0
-137,434,20,591,1528,-4781,0,0
36,157,-2,769,1427,-4005,0,0
187,-237,-159,619,1416,-4200,0,0
296,-14,-127,763,1547,-4236,0,0
449,-157,22,736,1441,-4714,0,0
661,-110,23,345,1491,-4748,0,0
960,-83,-53,552,1533,-4931,0,0
1029,-320,-31,-123,1775,-5723,0,0
907,349,-19,521,1301,-7093,0,0
1027,-690,-183,648,1520,-8122,0,0
894,-1029,-220,750,1224,-8895,0,0
508,-1203,247,868,1641,-7619,0,0
201,-923,751,1046,2792,-1736,0,0
-499,-955,394,-766,-977,-56,0,0
-457,-551,452,-2236,-4917,1352,0,0
315,381,30,-1907,-2719,3711,0,0
400,869,-1395,576,1313,-669,0,0
157,208,-1454,677,846,-788,0,0
-793,-179,-612,111,1296,-2237,0,0
-1037,493,-114,425,1801,-3427,0,0
-872,635,-9,-163,1399,-3508,0,0
-2216,505,78,75,1062,-1673,0,0
794,86,225,381,-810,-719,0,0
1760,-292,580,604,-3266,926,0,0
1484,80,748,219,-2819,184,0,0
-173,1054,364,766,-791,-4886,0,0
-1430,731,-77,713,2495,-5511,0,0
-2384,-172,-283,-357,4645,-7446,0,0
-2320,16,-31,-221,3737,-8987,0,0
-1518,24,105,308,3124,-8487,0,0
-896,-395,89,143,2295,-7957,0,0
-340,132,137,509,1506,-7050,0,0
391,53,153,729,1263,-5519,0,0
825,-103,227,441,976,-4490,0,0
983,-74,358,401,921,-3601,0,0
1082,-274,365,204,823,-2841,0,0
1002,-232,297,-163,699,-2539,0,0
805,53,229,108,582,-2174,0,0
612,-373,183,-166,397,-2506,0,0
490,-420,124,-280,432,-2433,0,0
285,-219,25,-174,832,-2959,0,0
1,178,-102,-328,1259,-3895,0,0
-297,565,-144,-92,1395,-6673,0,0
-76,22,-298,-62,870,-8903,0,0
592,-497,-348,221,210,-9581,0,0
1053,-1402,-349,475,366,-8830,0,0
769,-1881,-419,122,1896,-5841,0,0
-498,-806,-149,-754,2567,-1955,0,0
-2107,620,-79,-415,2400,281,0,0
-2820,770,-425,-214,-450,-2033,0,0
-1289,-11,47,-906,-4107,-553,0,0
371,488,348,-424,-1912,-1388,0,0
723,840,-18,362,-1099,-652,0,0
-20,6,-291,787,-181,-922,0,0
-787,-192,-357,522,2271,-2238,0,0
-1387,759,-348,460,2103,-2989,0,0
-1227,795,-89,381,1096,-3334,0,0
-396,595,154,380,601,-3172,0,0
607,-181,643,339,-1241,-4205,0,0
2155,-925,852,-628,-1727,-2768,0,0
2615,183,583,-353,625,-2234,0,0
954,196,360,-278,1046,-4110,0,0
-787,21,-126,159,4370,-5277,0,0
-1533,-245,-390,-608,3965,-7944,0,0
-1109,525,214,132,3620,-7186,0,0
-887,749,354,488,2663,-7662,0,0
-459,96,296,603,1231,-7588,0,0
314,-246,346,181,861,-5905,0,0
957,130,451,458,905,-4878,0,0
1286,60,476,377,785,-3686,0,0
1338,66,395,413,750,-2758,0,0
1274,39,287,336,545,-2133,0,0
1057,54,254,343,241,-1804,0,0
745,-282,248,266,149,-2016,0,0
502,-369,129,49,46,-2269,0,0
329,-74,-8,95,-24,-2379,0,0
192,119,-39,329,166,-2518,0,0
-94,261,-96,320,573,-3208,0,0
-533,819,-229,374,800,-5390,0,0
-566,758,-291,711,561,-8080,0,0
18,-327,-264,814,-364,-10193,0,0
717,-1247,-281,875,-434,-11265,0,0
1201,-1485,-590,1351,-222,-10454,0,0
853,-1376,-730,1311,913,-6922,0,0
-196,-776,-881,636,2699,-250,0,0
-1301,-1283,-281,-964,219,1000,0,0
-1172,523,468,-2182,-3549,-73,0,0
-3,1757,313,183,-3023,2257,0,0
204,-417,-515,311,-767,-308,0,0
336,-208,-680,1239,-358,-1931,0,0
303,-297,155,706,1,-1886,0,0
111,431,564,451,1407,-1977,0,0
-419,1693,493,350,1101,-2427,0,0
-780,1791,411,442,1067,-2651,0,0
-293,1046,537,-236,533,-1255,0,0
298,383,685,104,-1429,-1774,0,0
847,-795,812,249,-2692,-2009,0,0
681,-1384,16,3,-1696,-3869,0,0
-169,101,-937,166,1076,-3850,0,0
-1586,866,-849,1178,3060,-5953,0,0
-2310,-694,-339,-443,3079,-8946,0,0
-1848,-275,182,20,2841,-7816,0,0
-1344,-426,-43,-38,2220,-8541,0,0
-804,-240,-223,188,1184,-7887,0,0
-123,-420,-367,224,884,-5772,0,0
408,-119,-359,298,821,-4347,0,0
715,45,-227,494,766,-3200,0,0
751,-250,-65,299,630,-2425,0,0
568,-179,-27,179,507,-2042,0,0
393,110,-14,232,422,-1955,0,0
265,43,11,206,629,-1866,0,0
142,179,127,220,991,-1910,0,0
-41,444,322,-27,1333,-2513,0,0
-166,1050,439,-337,1811,-2671,0,0
-482,1651,471,1,1810,-5310,0,0
-581,904,91,977,821,-9293,0,0
-164,-357,-499,1910,722,-12898,0,0
990,-781,-621,2777,1466,-13570,0,0
2209,-1571,-343,2126,3020,-11239,0,0
2399,-2199,162,1543,3674,-5891,0,0
1208,-2634,632,-193,2452,130,0,0
-482,-864,589,-982,-1445,4349,0,0
-1310,-143,-177,-707,-3266,850,0,0
-476,192,-418,-1510,-2430,1184,0,0
-18,287,-1112,442,791,-1001,0,0
370,-710,-1261,267,870,-1675,0,0
281,-410,-619,-441,577,-730,0,0
-275,861,9,226,939,-1202,0,0
-870,1127,386,92,1141,-1623,0,0
-866,1284,445,553,1314,-1161,0,0
-305,772,620,504,73,-1959,0,0
292,562,733,147,-2656,-2174,0,0
984,601,638,486,-1911,-1308,0,0
352,1001,625,-39,-1123,-2218,0,0
-2093,4543,762,1515,1186,-4148,0,0
-3110,3858,-336,692,5572,-8454,0,0
-1898,-2715,-1366,1572,3880,-10070,0,0
-968,-1450,-322,599,3562,-7647,0,0
-611,892,23,1998,2631,-8020,0,0
123,-931,-2,1628,1361,-6820,0,0
666,-1125,55,571,1383,-4549,0,0
984,-74,94,1135,1159,-3696,0,0
1078,-203,104,806,727,-3216,0,0
1063,-120,170,887,708,-2211,0,0
959,-342,177,819,670,-1912,0,0
715,-407,165,402,636,-1727,0,0
411,-231,269,504,813,-1550,0,0
176,-2416,306,400,904,-1812,0,0
-83,-243,240,425,1101,-2578,0,0
-415,232,196,268,1128,-4268,0,0
-488,710,113,725,1058,-6868,0,0
-57,236,-10,1068,838,-9547,0,0
547,-427,-88,1091,1079,-11140,0,0
1227,-975,-199,1049,1678,-11295,0,0
1406,-1676,-245,1162,2663,-8832,0,0
704,-3927,-32,2075,3387,-4019,0,0
-442,-5880,545,-1828,1791,1881,0,0
-1406,78,542,-2963,-4308,609,0,0
-586,2449,-105,-663,-5297,366,0,0
312,2117,-1305,-205,-1256,-46,0,0
332,3148,-1939,1630,1025,-2318,0,0
900,-144,-1141,855,1313,-2541,0,0
783,-35,-303,-522,2274,-2349,0,0
-123,1350,109,154,1632,-2885,0,0
-196,194,210,-224,732,-1297,0,0
550,771,392,95,600,566,0,0
983,1667,1085,687,-1245,945,0,0
985,874,1418,934,-2678,347,0,0
250,-424,742,676,-4092,-2859,0,0
-1183,548,-89,122,-1416,-5194,0,0
-2238,2919,-591,2376,3833,-5995,0,0
-2394,199,-540,1390,3966,-9130,0,0
-1813,-810,313,637,1714,-7616,0,0
-1110,202,420,1338,1955,-7211,0,0
-653,-500,-44,1231,1344,-7299,0,0
-249,-684,-121,1043,990,-5431,0,0
352,-449,-113,1010,1178,-4063,0,0
499,-158,-1,762,884,-3266,0,0
379,-364,209,559,583,-2880,0,0
369,-768,176,221,429,-2780,0,0
297,-368,32,140,473,-2584,0,0
151,-186,26,261,458,-2407,0,0
-82,-761,63,238,586,-2213,0,0
-297,-1295,40,-317,719,-1990,0,0
-405,-350,-70,-418,781,-2895,0,0
-375,490,-199,-94,871,-3479,0,0
-356,918,-387,-40,1642,-4665,0,0
-411,1939,-415,384,2259,-6879,0,0
43,1934,-197,1295,2552,-9372,0,0
851,1322,6,1810,2249,-10261,0,0
1526,914,290,2753,2220,-9223,0,0
1700,-685,256,3224,2171,-7376,0,0
982,-2138,-107,1946,2383,-4751,0,0
-364,-1202,-321,168,1959,-1721,0,0
-1167,-13,-598,794,-1160,360,0,0
-1225,-1460,-769,-413,-3637,-52,0,0
-352,-705,-502,-721,-1804,651,0,0
246,-48,-666,141,1071,-359,0,0
167,-18,-865,712,-48,-453,0,0
-108,-453,-198,595,-402,-1793,0,0
-353,146,307,370,236,-2158,0,0
-782,726,446,662,731,-2845,0,0
-479,568,319,27,927,-2397,0,0
286,855,367,845,-43,-2433,0,0
1074,-479,823,462,-697,-2220,0,0
1600,-593,920,69,204,-1700,0,0
854,-274,798,-60,-1336,-3487,0,0
-606,-97,640,177,2658,-4360,0,0
-2099,184,-240,157,3733,-7588,0,0
-1919,146,-439,-335,3663,-7442,0,0
-1343,1107,-164,456,3213,-7223,0,0
-1152,980,-68,1268,1992,-7401,0,0
-570,-512,-124,537,1476,-5755,0,0
25,-31,-54,469,1313,-4800,0,0
370,154,148,727,1021,-3907,0,0
595,-311,213,185,887,-2573,0,0
735,137,182,342,908,-1939,0,0
759,-93,225,426,1078,-1757,0,0
486,-253,317,266,1498,-2059,0,0
-44,-2064,344,634,1723,-4909,0,0
-121,-111,179,464,1724,-8176,0,0
565,-259,18,1028,2473,-10362,0,0
1550,-1437,-202,-55,2272,-10663,0,0
1867,-1142,-269,315,2354,-9592,0,0
1594,-1623,-359,202,2441,-7740,0,0
866,-555,-124,848,2437,-1389,0,0
93,-147,270,1308,2042,5668,0,0
-1229,-456,464,-892,-3086,3312,0,0
-1558,1180,691,-2392,-3567,2246,0,0
-1043,1689,-572,-342,-434,-2746,0,0
-550,1066,-1081,-262,-704,-2768,0,0
-443,807,-422,1773,1459,-5234,0,0
124,-881,-243,434,2098,-5264,0,0
77,201,-289,509,1602,-4985,0,0
836,147,-28,-237,1045,-2604,0,0
1792,1570,330,464,702,-404,0,0
2421,248,976,894,-566,1204,0,0
2241,-1031,814,230,-1479,2178,0,0
596,-264,662,104,-3320,-387,0,0
-1527,498,548,822,633,-3349,0,0
-3202,613,-396,238,4530,-8101,0,0
-3077,402,-562,213,2445,-10174,0,0
-1768,632,-124,632,2563,-8908,0,0
-1028,638,-177,1110,2033,-8013,0,0
-390,-327,-84,873,1177,-5735,0,0
165,-83,40,783,1089,-4442,0,0
484,267,177,1103,873,-3893,0,0
637,-372,287,677,729,-2988,0,0
606,-243,308,472,554,-2640,0,0
484,-51,300,444,422,-2667,0,0
367,-286,249,202,395,-2688,0,0
313,-107,178,135,420,-3123,0,0
398,287,84,-43,562,-2935,0,0
564,599,17,340,745,-2799,0,0
558,589,-70,380,1249,-3076,0,0
349,609,-135,1079,1118,-4174,0,0
206,-197,-114,951,923,-6776,0,0
379,-36,-154,1747,523,-9645,0,0
909,-1086,-410,1805,-225,-12707,0,0
1683,-933,-584,1914,646,-10884,0,0
1854,-650,-241,2893,1113,-9208,0,0
1464,-1593,26,1650,1266,-3647,0,0
-24,-689,341,-1406,159,2829,0,0
-1303,54,-493,-1037,-116,1870,0,0
-1027,-26,-877,-440,-2662,2420,0,0
-441,-948,-134,533,-864,2462,0,0
-454,-1195,-152,867,1169,-978,0,0
-602,-2208,163,407,-1358,-463,0,0
-957,-201,561,178,-204,-1988,0,0
-1261,386,319,-237,1339,-3499,0,0
-1376,1345,227,-134,1237,-3958,0,0
-595,924,344,-255,1387,-2831,0,0
445,1295,732,90,305,-2190,0,0
1256,484,1221,439,-2066,-1301,0,0
1469,-904,1127,290,-1421,-1315,0,0
381,-522,789,323,-1337,-3304,0,0
-1268,522,296,1089,3705,-6069,0,0
-2467,870,-423,777,4840,-10564,0,0
-1713,-127,-151,-91,3454,-9641,0,0
-753,241,165,350,1709,-9034,0,0
-266,-16,-38,462,1320,-7599,0,0
146,-53,-248,653,1274,-5689,0,0
522,-27,-217,767,684,-4424,0,0
721,-421,-64,310,479,-3325,0,0
892,-440,14,192,376,-2332,0,0
919,-327,46,73,91,-2054,0,0
875,-265,46,-38,-52,-1846,0,0
855,-359,34,-2376,-211,-1822,0,0
779,-25,57,-941,-355,-2087,0,0
695,-113,-64,-459,-155,-3086,0,0
330,1,-520,746,814,-5133,0,0
10,677,-521,1699,1740,-8557,0,0
544,781,-205,1972,903,-9991,0,0
1097,36,152,1079,217,-10923,0,0
1554,-1236,210,229,-221,-9588,0,0
1569,-1988,65,-231,-627,-7863,0,0
802,-1915,-131,-62,728,-3090,0,0
-492,-1925,-225,1713,1988,3031,0,0
-2336,-2869,313,-1544,-1033,2149,0,0
-2291,-319,926,-2477,-3395,-1664,0,0
-113,638,402,-2478,-2945,-2040,0,0
881,1235,-655,100,754,-2171,0,0
884,439,-1113,101,363,-922,0,0
520,940,-733,492,145,-2262,0,0
61,1092,-241,197,753,-1887,0,0
-464,1236,46,-28,1144,-2674,0,0
46,1665,274,-429,1288,-1662,0,0
856,2786,751,549,-134,-157,0,0
1300,1120,1232,837,-2387,624,0,0
943,-324,815,-27,-2445,118,0,0
-189,-252,389,452,-2916,-2235,0,0
-1597,617,107,881,665,-3124,0,0
-3679,2025,-345,2132,2821,-8955,0,0
-3191,-408,-362,352,2910,-9095,0,0
-2094,645,-325,1311,2208,-9345,0,0
-1418,-332,-361,1323,1562,-8153,0,0
-836,-536,-196,902,1371,-6418,0,0
-95,258,-133,1328,1026,-5521,0,0
423,-110,44,1129,601,-3933,0,0
528,-514,300,513,549,-2521,0,0
414,-213,187,319,554,-2015,0,0
221,-9,-104,317,713,-2084,0,0
-11,48,-167,191,1006,-2092,0,0
-197,198,-124,558,1232,-2740,0,0
-221,216,-157,446,1508,-3486,0,0
-213,1249,-180,802,2163,-5156,0,0
145,1740,-152,1762,1818,-6734,0,0
295,1010,-192,2130,1347,-8331,0,0
266,698,-266,2696,1955,-9545,0,0
800,-645,-475,3928,2200,-10286,0,0
1128,-3238,-456,2514,3380,-8805,0,0
996,-3449,-56,944,3583,-5723,0,0
392,-1141,-391,-851,1339,-1525,0,0
-159,1432,-737,1707,-264,762,0,0
286,-202,-122,-527,-2827,1305,0,0
667,565,401,-917,-3371,2643,0,0
527,-273,-135,757,-452,-140,0,0
356,-849,-81,709,70,-819,0,0
315,-99,589,444,327,-2288,0,0
113,448,567,-220,782,-1811,0,0
-257,763,349,82,1354,-1724,0,0
-129,798,545,-210,1362,-1623,0,0
513,1024,941,1037,164,-2066,0,0
1427,-672,1116,394,-1476,-2426,0,0
1811,-643,717,686,-2567,-1779,0,0
709,-909,663,656,-2309,-2382,0,0
-1074,-416,514,300,1061,-2782,0,0
-2779,589,-50,-449,3256,-7014,0,0
-3136,720,-39,-1107,3356,-9127,0,0
-2214,187,-263,-598,2591,-9119,0,0
-1487,-7,-431,-786,1887,-8261,0,0
-706,794,-381,592,1057,-6461,0,0
123,114,-444,750,583,-5104,0,0
491,253,-340,852,530,-3404,0,0
611,343,-138,1014,572,-2485,0,0
599,-1,13,566,657,-2014,0,0
394,169,155,524,773,-1632,0,0
180,-27,142,378,887,-1948,0,0
45,84,70,201,1080,-2341,0,0
-86,237,31,322,1139,-2728,0,0
-174,296,-70,547,1503,-3653,0,0
-398,850,-135,989,1736,-5893,0,0
-160,817,-184,1988,1783,-8961,0,0
620,355,-125,2004,1326,-10692,0,0
1453,352,4,3242,1082,-10461,0,0
1949,-579,74,3342,1620,-10226,0,0
1771,-1195,-211,1799,2873,-7773,0,0
985,-548,-503,-743,2173,-2871,0,0
-340,109,-1138,-586,1471,1542,0,0
-1033,-936,-1444,-648,-177,1629,0,0
-203,-210,-141,71,-3120,1989,0,0
400,-236,632,-467,-1055,925,0,0
-136,-174,-91,-51,-1137,400,0,0
-414,-722,-377,790,-805,-1594,0,0
-588,-666,-185,451,1038,-2761,0,0
-941,395,-39,708,1211,-3150,0,0
-618,524,177,282,901,-2823,0,0
40,1285,610,519,780,-1648,0,0
829,760,1342,852,-537,-1180,0,0
1478,-871,1455,62,-1681,-789,0,0
1169,-1112,922,-142,-2127,-1513,0,0
-706,403,523,479,741,-4006,0,0
-2639,1476,-649,1889,4394,-9151,0,0
-2304,-740,-937,239,3614,-10007,0,0
-1169,401,-122,466,2987,-8291,0,0
-743,565,192,1323,1940,-7652,0,0
-272,-1117,128,201,1251,-5477,0,0
136,-270,37,401,852,-4512,0,0
447,-285,70,497,579,-3971,0,0
602,-339,135,156,618,-2747,0,0
665,92,90,420,627,-2382,0,0
568,-122,70,302,647,-2338,0,0
313,-29,153,203,747,-2226,0,0
195,32,128,220,1036,-2636,0,0
143,148,37,209,1121,-2835,0,0
11,463,36,387,1059,-3359,0,0
-91,566,35,610,1090,-4126,0,0
-133,629,-3,749,1069,-4771,0,0
-274,1541,65,1743,1555,-6088,0,0
-315,1333,88,3272,2044,-10275,0,0
505,467,206,3809,1936,-11373,0,0
1302,-861,605,3605,2495,-11885,0,0
1489,-2866,181,1256,3846,-7455,0,0
832,-1931,-211,-281,3975,-2864,0,0
62,-39,-16,-760,-1394,3747,0,0
-2328,-219,-178,-508,-4317,917,0,0
-54,-581,-324,-1756,-4476,900,0,0
-226,835,-431,-25,-1262,-2739,0,0
850,-13,-529,462,485,-2229,0,0
1393,17,-450,397,1770,-1093,0,0
720,658,-452,442,2558,-1395,0,0
-389,917,-276,172,765,-1261,0,0
-507,169,-11,-53,874,-2130,0,0
562,591,60,-44,320,-316,0,0
1268,538,557,1383,-1809,1413,0,0
618,-831,958,666,-3139,636,0,0
-804,-613,501,788,-3209,-3253,0,0
-1923,-414,-43,1358,497,-5943,0,0
-2639,835,-899,1706,3903,-8396,0,0
-2459,602,-687,1496,3402,-8723,0,0
-1733,-8,48,603,3035,-7848,0,0
-1263,-87,206,719,2245,-7752,0,0
-641,-1308,114,-324,1774,-6142,0,0
-106,110,46,235,1413,-4765,0,0
302,294,72,795,1105,-3947,0,0
417,-220,130,294,852,-2768,0,0
374,365,144,687,915,-2445,0,0
396,-41,123,539,904,-2250,0,0
221,61,204,388,1027,-2072,0,0
86,142,226,649,1211,-2744,0,0
78,208,54,315,1487,-3347,0,0
42,962,22,903,2053,-4811,0,0
209,706,89,781,2195,-7273,0,0
473,485,120,1460,1710,-10321,0,0
1287,-642,-219,2095,1289,-11624,0,0
1710,-1859,-267,3141,1481,-12830,0,0
2188,-3431,-500,2682,4025,-9314,0,0
1836,-2872,-79,1086,3640,-1250,0,0
-19,-508,-11,-1697,-215,4592,0,0
-698,1444,-844,-1357,-3398,2710,0,0
198,948,-266,-822,-3824,1717,0,0
425,289,55,129,-1469,-1368,0,0
436,-178,-517,421,-2,-1125,0,0
261,377,-681,923,565,-2289,0,0
-52,612,-322,102,1384,-2415,0,0
-525,1486,-5,279,1097,-2481,0,0
-13,1078,252,-363,1108,-1416,0,0
777,1353,736,826,404,-171,0,0
1097,-587,1273,950,-1850,152,0,0
658,-1177,1014,721,-3031,-679,0,0
-322,-1366,537,459,-3940,-3198,0,0
-1253,-258,251,-86,1360,-3134,0,0
-2791,2034,-575,680,3183,-7388,0,0
-248,692,-47,-570,-452,-4004,0,0
-431,735,-162,-91,-490,-5310,0,0
-272,-699,-250,338,-515,-7029,0,0
28,-2484,-258,-1499,-1142,-8391,0,0
58,-1110,-317,-2064,-1306,-9867,0,0
269,-13,-252,-1145,-1900,-10140,0,0
652,-1218,-119,-1344,-2426,-8649,0,0
627,-1804,63,-1244,-2574,-7115,0,0
255,-1708,306,-2204,-1627,-3840,0,0
-370,843,372,-835,62,1575,0,0
-1519,1281,6,310,1114,554,0,0
-1807,-159,299,-1127,-2949,-827,0,0
-884,48,265,-1379,-1088,687,0,0
-101,981,-929,-536,305,-3128,0,0
661,1730,-1029,160,-383,-3975,0,0
1101,492,-661,309,169,-2568,0,0
637,65,-342,-602,-508,-1715,0,0
-393,267,-37,-224,591,-3053,0,0
-399,-362,-54,43,1264,-1421,0,0
10,54,-190,909,800,771,0,0
191,-42,309,903,-1578,924,0,0
833,-84,392,738,-2645,-588,0,0
976,-66,122,56,-1402,-3141,0,0
144,901,250,-1139,-1099,-5108,0,0
-846,1615,709,-2390,-1273,-7560,0,0
-1176,1217,493,-2501,-796,-9989,0,0
-706,382,-151,-1251,-678,-9649,0,0
-540,-4,-421,-280,71,-8374,0,0
-631,-230,-238,300,-121,-7565,0,0
-361,-492,-295,-107,-292,-6707,0,0
-66,25,-351,296,-529,-6186,0,0
329,-356,-247,227,-428,-4587,0,0
549,-166,-209,240,-465,-3546,0,0
597,-82,-190,228,-624,-3124,0,0
621,-27,-150,129,-339,-2786,0,0
624,169,-16,138,-1,-3443,0,0
419,250,142,-181,-250,-4762,0,0
285,-71,244,-117,-960,-7154,0,0
597,-985,186,-718,-2060,-9031,0,0
904,-1151,56,-1183,-3668,-8656,0,0
733,709,114,-615,-2051,-4980,0,0
-296,1406,468,326,254,-137,0,0
-2075,-409,277,-2146,2625,768,0,0
-2041,-611,-269,-2309,-1780,-1624,0,0
-167,55,-493,-915,-2672,-756,0,0
484,761,-593,1338,395,-1182,0,0
570,-503,-310,1155,-1341,-2205,0,0
698,-692,-15,629,-1502,-2892,0,0
376,160,-2,-17,-796,-1523,0,0
-430,661,-1,119,599,-1746,0,0
-546,433,-82,-722,1168,-841,0,0
-392,1140,-10,9,703,-644,0,0
70,320,118,-75,-471,-825,0,0
833,0,-73,606,-1625,-1319,0,0
688,-360,279,418,-2239,-3351,0,0
-144,-114,402,380,-1292,-5408,0,0
-1132,225,335,8,-903,-7653,0,0
-1488,118,337,-523,-198,-7645,0,0
-1238,4,159,-415,9,-6978,0,0
-1239,-4,22,-110,286,-7294,0,0
-1012,-247,-117,-122,202,-7073,0,0
-546,-153,-162,12,274,-6510,0,0
-141,-172,-83,-30,314,-5745,0,0
212,-253,2,-199,293,-4919,0,0
469,-177,4,-307,213,-4375,0,0
608,-173,-45,-305,190,-3924,0,0
701,-81,-92,-268,402,-3738,0,0
716,-33,-32,-175,507,-4103,0,0
552,131,78,-417,327,-4860,0,0
407,727,176,-751,-69,-6436,0,0
525,947,160,312,-831,-8060,0,0
631,-1016,-92,-134,-1584,-9770,0,0
570,-749,-355,232,-1263,-9013,0,0
275,-405,-119,226,1007,-4246,0,0
-580,-1122,242,-721,2233,1597,0,0
-1316,-2516,340,-636,-3163,1017,0,0
-572,-2056,81,-2562,-4555,1639,0,0
-116,1940,-786,500,57,-1281,0,0
262,148,-806,15,474,-1233,0,0
587,130,-487,253,570,-2766,0,0
300,431,-195,-128,-52,-1814,0,0
-710,752,73,521,208,-3216,0,0
-750,224,161,-382,639,-3067,0,0
-167,1173,400,190,890,-2100,0,0
264,770,537,72,-489,-2029,0,0
1166,-33,260,-45,-1642,-2631,0,0
2076,-339,57,-74,-2195,-3271,0,0
1221,214,362,-81,-2039,-4077,0,0
-183,209,542,-112,-6,-5294,0,0
-1452,-160,968,-2147,-736,-7567,0,0
-1196,557,662,-2004,-1074,-6891,0,0
-1127,308,-50,-1023,-541,-6542,0,0
-1174,-246,-414,-812,-39,-6508,0,0
-638,113,-391,-340,21,-6233,0,0
-126,163,-256,-228,-24,-5225,0,0
164,170,-287,-84,-89,-4181,0,0
353,-32,-314,-115,-278,-3474,0,0
342,6,-284,-78,-590,-3035,0,0
284,-207,-304,-45,-723,-2822,0,0
231,-141,-281,-53,-579,-2656,0,0
175,-146,-210,-7,-362,-2642,0,0
85,-240,-144,-213,-383,-2610,0,0
-58,-108,-95,-195,-212,-3156,0,0
-63,-173,-111,-496,-45,-3378,0,0
-114,318,-90,-197,190,-3920,0,0
-121,142,6,-333,150,-4464,0,0
-186,353,123,-443,122,-6019,0,0
-119,491,244,-568,86,-8261,0,0
337,359,178,-431,-454,-9801,0,0
999,-524,-1,-544,-853,-9898,0,0
1326,-881,-281,-553,-416,-8333,0,0
786,-1100,-541,-529,111,-6607,0,0
-361,439,-416,301,419,-2385,0,0
-1266,1045,19,864,-423,-48,0,0
-1015,-1237,-122,-1107,-3352,652,0,0
9,-1060,-290,-1415,-1437,837,0,0
272,-336,-355,-372,490,-761,0,0
496,-515,-196,-350,-928,-2006,0,0
455,-314,-210,-470,97,-2552,0,0
-527,724,-342,218,89,-3205,0,0
-698,576,-152,-389,304,-3168,0,0
-131,1462,-46,-257,1254,-1830,0,0
345,1418,278,-19,186,-1901,0,0
1402,897,217,-347,-1516,-1927,0,0
2132,363,-146,741,-2544,-1218,0,0
1045,-1065,-91,354,-2784,-1919,0,0
-537,-1180,-74,237,-2278,-4657,0,0
-1689,-149,226,-498,-117,-7596,0,0
-1988,792,222,-41,480,-8363,0,0
-1689,393,172,-260,103,-7797,0,0
-1199,-54,287,-485,113,-7656,0,0
-568,-214,158,-1027,176,-6519,0,0
-105,251,-81,-350,329,-5748,0,0
323,-65,-191,-297,224,-4067,0,0
425,198,-84,143,-62,-3623,0,0
474,-43,64,-60,-407,-3380,0,0
499,49,89,117,-765,-3339,0,0
598,-79,116,82,-903,-3044,0,0
548,-44,172,109,-837,-2798,0,0
377,11,216,152,-938,-2632,0,0
193,-136,307,154,-921,-2903,0,0
29,-186,337,-31,-910,-3066,0,0
-154,-142,298,-45,-724,-3309,0,0
-316,-55,260,-266,-663,-3374,0,0
-492,205,234,-65,-463,-3644,0,0
-558,-40,228,-228,-384,-3556,0,0
-609,-42,232,-308,-255,-3914,0,0
-525,147,290,-226,-113,-3868,0,0
-533,247,357,-56,104,-3301,0,0
-386,60,307,-81,404,-3655,0,0
-214,203,333,-28,652,-3764,0,0
-99,340,545,336,816,-3862,0,0
4,435,661,280,749,-3909,0,0
-208,613,706,407,672,-5260,0,0
-354,742,679,372,702,-7097,0,0
-172,426,521,714,258,-9722,0,0
411,-734,504,362,-298,-10721,0,0
1119,-2131,509,216,-212,-9559,0,0
1020,-3208,621,27,52,-7032,0,0
-184,-2831,598,-1600,601,-4699,0,0
-1149,241,-42,-1707,1326,-398,0,0
-1571,1558,-1214,1479,752,-845,0,0
-947,-631,-819,-1171,-3096,1161,0,0
-98,112,-183,-1276,-1380,1263,0,0
165,420,-747,-569,-1103,102,0,0
0,518,-718,406,-804,-376,0,0
-205,387,-230,173,312,-1359,0,0
-827,1204,-30,652,1241,-2111,0,0
-1293,718,88,748,1856,-3009,0,0
-910,141,114,-268,1379,-2909,0,0
-360,893,227,26,405,-3076,0,0
428,311,222,328,-1111,-4086,0,0
1462,-389,115,-809,-1201,-3298,0,0
1024,1064,422,-160,283,-2384,0,0
-1014,1823,214,697,3928,-7824,0,0
-2287,-74,-51,712,3022,-9531,0,0
-1425,-927,156,-996,3392,-7123,0,0
-1003,1074,7,521,2426,-8714,0,0
-497,-24,-284,851,1338,-7933,0,0
163,-674,-356,257,1154,-6242,0,0
748,156,-122,406,1032,-4818,0,0
1042,81,81,470,968,-3443,0,0
1033,-2216,57,312,793,-2380,0,0
860,-96,31,327,525,-2090,0,0
667,-261,117,276,294,-2094,0,0
521,-411,214,17,296,-2050,0,0
412,-256,235,37,342,-2120,0,0
265,-230,248,210,474,-2151,0,0
-3,-93,204,123,951,-2730,0,0
-98,152,64,201,1916,-3699,0,0
-80,363,-102,-668,1713,-6221,0,0
114,1184,96,156,260,-8799,0,0
678,-590,42,149,109,-10344,0,0
1099,-1396,-44,-51,762,-10328,0,0
938,-1444,44,149,1683,-8386,0,0
100,-591,208,-547,2517,-3221,0,0
-1290,714,-196,488,1992,-1020,0,0
-1506,-327,-518,-319,-3612,63,0,0
-369,-488,27,-1235,-4698,1701,0,0
241,796,-177,335,-758,-626,0,0
174,-129,-582,1511,-101,-1415,0,0
-103,-1263,-256,112,382,-3439,0,0
-34,240,24,-260,2025,-3467,0,0
-270,972,184,-282,1128,-3465,0,0
39,785,319,-818,655,-1491,0,0
678,1077,336,-740,544,-93,0,0
1078,875,643,-559,-961,-662,0,0
1333,-413,688,-519,-2192,-1416,0,0
1106,-746,301,-168,-3040,-2489,0,0
-537,795,-267,470,726,-3865,0,0
-2384,2108,-1111,2664,3821,-7650,0,0
-2312,-666,-933,949,3076,-8467,0,0
-1569,189,138,619,2354,-8003,0,0
-915,651,566,1488,1744,-8288,0,0
-187,-574,499,422,848,-6841,0,0
391,-244,406,397,757,-5457,0,0
826,-401,345,202,747,-4226,0,0
932,-376,316,43,642,-3191,0,0
883,-505,285,67,459,-2735,0,0
734,-660,230,-351,163,-2463,0,0
525,-353,183,-231,142,-2536,0,0
348,-281,149,-284,214,-2661,0,0
89,11,92,-393,106,-2741,0,0
-232,279,53,-115,71,-3541,0,0
-236,-47,-29,-391,500,-4436,0,0
115,210,-118,-76,817,-4750,0,0
424,188,-157,37,1034,-4917,0,0
520,633,-131,269,814,-5538,0,0
664,437,-23,795,93,-6681,0,0
749,-119,50,602,-458,-7860,0,0
723,-2784,36,976,-1322,-9953,0,0
903,-1969,-197,-372,-631,-9465,0,0
585,-568,-572,-755,1910,-5145,0,0
-893,1510,-792,791,3704,-191,0,0
-1881,436,-693,124,297,-223,0,0
-1293,-605,-32,-1099,-4183,-339,0,0
-327,-408,144,-1427,-2747,747,0,0
-183,-33,-908,941,-1005,-1881,0,0
49,-1242,-974,1308,-1067,-2477,0,0
171,-1483,-330,511,917,-2982,0,0
94,-257,-73,-511,1784,-2492,0,0
-301,1264,173,95,1636,-2329,0,0
-10,1127,435,-351,1156,-903,0,0
598,1335,458,7,-502,-231,0,0
1010,510,731,318,-1660,-480,0,0
1100,-49,948,188,-1708,-1763,0,0
50,1896,1274,66,-2550,-2679,0,0
-2085,4826,731,3282,2094,-4299,0,0
-2784,1230,-795,3640,3902,-10311,0,0
-1879,-1640,-897,692,3159,-8194,0,0
-1383,233,-601,1144,3025,-7626,0,0
-866,522,-820,2328,1872,-8129,0,0
-164,-1380,-611,1496,1214,-6075,0,0
290,-974,-314,1061,1175,-4497,0,0
663,-309,-161,1369,955,-4002,0,0
816,-487,-80,722,820,-2892,0,0
702,-199,-33,495,765,-2264,0,0
600,-306,34,359,666,-2207,0,0
493,-432,123,11,758,-1921,0,0
290,-187,131,119,737,-2171,0,0
152,-152,108,132,817,-2437,0,0
101,-165,87,87,777,-2578,0,0
88,-85,8,-67,1116,-3134,0,0
105,280,-33,191,1162,-3566,0,0
-64,457,36,461,1237,-4923,0,0
-215,406,122,1093,1018,-7345,0,0
-28,-2136,113,1278,1045,-9953,0,0
545,-627,-27,1687,1172,-11840,0,0
1373,-1327,-70,738,1829,-10832,0,0
1606,-1025,45,1072,2673,-7572,0,0
872,-1609,246,1896,5381,-2256,0,0
-523,-2097,1005,-1570,2348,2059,0,0
-1763,-512,1032,-2809,-4666,171,0,0
-761,-266,-232,-2744,-6484,457,0,0
468,738,-1590,1174,-2360,-68,0,0
250,-157,-1442,2811,659,-1614,0,0
120,-982,-360,1905,1044,-2020,0,0
192,-523,489,58,2132,-3087,0,0
-204,1168,951,-565,1671,-3299,0,0
-200,712,816,-1306,940,-2866,0,0
449,1014,321,-2157,75,-69,0,0
983,1974,36,-141,-1432,-450,0,0
1204,411,177,-123,-2724,-1748,0,0
924,-394,170,-865,-2572,-3092,0,0
-75,1066,236,59,-786,-3156,0,0
-1658,1407,-480,1443,3835,-6450,0,0
-2360,125,-613,64,2818,-7596,0,0
-1963,542,-114,626,3414,-6132,0,0
-1502,480,-137,990,2581,-7524,0,0
-1099,-156,-70,986,1801,-7437,0,0
-486,-301,-22,828,1390,-5793,0,0
120,131,-71,976,1312,-5141,0,0
413,128,53,832,1145,-4140,0,0
499,47,211,665,968,-3061,0,0
561,-235,278,559,976,-2793,0,0
550,-471,372,279,1083,-2759,0,0
520,-477,445,317,1192,-2700,0,0
449,-683,353,47,1252,-2773,0,0
348,-484,225,-95,1141,-2829,0,0
411,-332,81,-98,1011,-4083,0,0
402,172,-5,3,992,-5710,0,0
424,247,-128,154,837,-8046,0,0
658,155,-331,527,777,-8978,0,0
852,-190,-378,520,1373,-9132,0,0
765,-96,-296,1037,2783,-7897,0,0
335,-156,-117,913,4104,-4378,0,0
-811,86,-236,262,2061,-1268,0,0
-1866,110,-295,-105,-2619,-490,0,0
-1461,35,250,-1252,-6120,-551,0,0
-251,-8,491,-944,-3643,-516,0,0
394,-131,-112,437,-1341,-2478,0,0
643,-379,-354,1325,130,-2354,0,0
166,-693,-397,835,3289,-2317,0,0
-489,24,-245,862,3350,-2788,0,0
-542,422,367,-253,913,-1714,0,0
-159,332,481,-831,-16,-779,0,0
520,578,355,-532,-1137,-1168,0,0
1391,-159,591,-27,-2984,-1282,0,0
1618,-357,673,-453,-1475,-1617,0,0
184,741,326,1295,132,-3140,0,0
-2089,1188,-309,1336,4433,-7373,0,0
-2720,513,-756,599,4590,-9214,0,0
-2020,-1030,-444,-110,3681,-7073,0,0
-1275,-577,-249,-271,3311,-7204,0,0
-567,452,-356,399,1827,-7375,0,0
120,141,-192,824,1055,-5920,0,0
732,-162,-80,665,1042,-4509,0,0
1071,-59,-64,866,984,-3662,0,0
1146,-174,51,633,832,-2772,0,0
1021,-94,251,595,558,-2285,0,0
902,-292,330,328,534,-1956,0,0
739,-14,294,195,624,-1832,0,0
547,244,279,300,730,-1672,0,0
257,-84,210,162,896,-1959,0,0
73,-147,110,117,1272,-2801,0,0
-89,264,-98,17,1474,-4378,0,0
-193,817,-125,370,1481,-7127,0,0
116,745,-21,981,1105,-9517,0,0
808,-617,-83,883,785,-10947,0,0
1367,-548,-119,355,1123,-8661,0,0
1191,-398,4,252,1753,-5786,0,0
-370,-847,-507,-841,2892,-1945,0,0
-2044,1057,-1173,319,2218,1435,0,0
-2757,245,-1362,960,-1631,-2025,0,0
-1795,-894,-586,-330,-5334,-1490,0,0
-346,-803,-442,1316,-2428,-3395,0,0
767,-1743,-677,1223,-757,-2732,0,0
1327,-1374,-568,1733,2298,-3160,0,0
989,-1083,-159,-272,3914,-3381,0,0
-94,988,370,-387,2979,-3783,0,0
45,687,838,-1778,2066,-2643,0,0
1071,1664,888,-933,1299,-901,0,0
1996,909,913,-611,-1630,1026,0,0
1917,5,832,-298,-2803,890,0,0
1081,-541,477,-93,-1504,-1447,0,0
-898,727,382,236,308,-4554,0,0
-2701,1212,-261,627,4578,-9076,0,0
-2651,365,-818,-319,2782,-11228,0,0
-1389,770,-307,492,1858,-9238,0,0
-382,128,-224,662,1463,-7627,0,0
94,-115,-84,698,674,-5994,0,0
657,-351,65,521,850,-4054,0,0
1084,-251,29,331,674,-3172,0,0
1071,-34,90,305,371,-2265,0,0
816,-21,120,255,194,-1755,0,0
477,93,80,162,212,-2053,0,0
196,164,144,248,22,-2343,0,0
55,-243,181,3,195,-2308,0,0
-101,-108,110,-188,281,-2315,0,0
-316,403,24,-336,439,-2033,0,0
-630,1011,-298,-979,559,-1604,0,0
-801,1387,-582,-78,784,-2819,0,0
-477,572,-627,473,1864,-2810,0,0
-267,722,-242,2028,1883,-5058,0,0
-126,450,45,3526,1105,-9209,0,0
481,-399,28,3692,666,-12702,0,0
1522,-1504,224,2666,1451,-14865,0,0
2583,-3254,248,542,2482,-13643,0,0
2766,-4651,88,-1349,2447,-7681,0,0
1454,-3558,-658,-546,1982,-286,0,0
-394,-1243,-1629,1748,1575,4863,0,0
-1652,569,-928,2565,-1484,3065,0,0
-931,568,673,281,-4413,3231,0,0
-899,1043,383,-88,-2400,-2049,0,0
-539,73,-929,206,-1184,-4751,0,0
947,216,-1152,-254,2736,-3543,0,0
825,2622,-461,110,2482,-786,0,0
-784,2384,777,418,1722,-1424,0,0
-947,-934,1473,-1968,2714,-1113,0,0
-280,265,1467,-2297,1697,334,0,0
349,852,1278,-1555,-1905,861,0,0
428,-395,410,-1559,-5100,-119,0,0
-363,-286,-1100,732,-3150,-4661,0,0
-1126,-257,-1182,982,-1313,-5432,0,0
-1866,1150,-663,1997,3716,-6505,0,0
-2664,1146,-342,1307,4598,-9480,0,0
-2288,264,234,507,4170,-8776,0,0
-1435,-207,519,50,3347,-8911,0,0
-677,-1012,659,-777,1957,-8153,0,0
143,-951,575,-973,1383,-6103,0,0
803,-375,304,-394,1060,-4681,0,0
1053,118,211,-188,854,-3515,0,0
1016,489,234,418,884,-2916,0,0
1000,-354,210,-3,658,-2372,0,0
793,-203,265,-131,445,-2228,0,0
574,81,357,36,475,-2436,0,0
418,-95,348,-2248,178,-2752,0,0
321,-122,260,-505,111,-3773,0,0
506,-203,125,-166,260,-5067,0,0
969,-520,-227,-780,1334,-4230,0,0
1021,1153,-407,-124,1687,-3257,0,0
797,1321,-78,48,1406,-3971,0,0
488,528,351,-135,236,-6339,0,0
520,-331,253,720,-1012,-9757,0,0
1069,-1621,-418,766,-1886,-11534,0,0
1716,-2133,-848,1645,-1222,-11061,0,0
1723,-2944,-634,-172,139,-5179,0,0
279,-679,-179,129,1558,1808,0,0
-1855,-71,-190,-247,2933,4370,0,0
-2641,1247,527,-942,-1786,1719,0,0
-1280,1345,1597,-1200,-5008,-474,0,0
-667,1247,612,-636,-3034,-2833,0,0
-179,41,-1504,1539,-644,-3991,0,0
77,-286,-1650,1100,3444,-3335,0,0
-275,1093,84,-49,3582,-4525,0,0
-304,720,1327,-1713,1347,-5184,0,0
456,866,1218,-1658,1585,-2068,0,0
1424,1718,1162,-810,436,930,0,0
1900,705,1245,-1195,-3673,4051,0,0
1001,177,204,-314,-3794,2475,0,0
-712,-67,-570,1113,-1717,-461,0,0
-2733,104,-569,1989,2096,-5006,0,0
-3845,228,-836,1826,5536,-11031,0,0
-3055,-443,-789,596,4358,-12472,0,0
-1657,123,-264,367,3223,-10854,0,0
-675,35,-87,1009,2315,-9093,0,0
80,-704,-150,846,1430,-6683,0,0
771,-625,-142,971,1067,-4995,0,0
1224,-423,-57,812,1030,-3757,0,0
1348,-114,118,707,1039,-2585,0,0
1255,-202,191,407,864,-1918,0,0
947,-214,210,286,362,-2006,0,0
702,-327,291,94,-38,-1751,0,0
490,-363,231,131,72,-2028,0,0
198,56,172,309,116,-2351,0,0
-32,-43,44,461,375,-2461,0,0
-223,-22,-126,266,420,-1960,0,0
-436,755,-74,457,832,-1658,0,0
-597,868,76,-336,916,-2735,0,0
-642,1035,316,-804,687,-5789,0,0
-336,866,380,-44,834,-9474,0,0
273,-52,-158,1227,1373,-12685,0,0
1309,-590,-321,1898,1616,-13299,0,0
2346,-1202,-32,1189,1400,-11101,0,0
2520,-1039,-95,1266,1549,-5819,0,0
1305,-499,-303,309,1347,708,0,0
-1226,1279,-873,504,826,2986,0,0
-2992,-379,-1345,-95,283,-858,0,0
-1730,-1608,-678,-1590,-2122,-602,0,0
-190,340,250,-542,-2238,-305,0,0
321,-414,-63,367,-881,-1485,0,0
14,-806,-599,754,-2044,-601,0,0
-237,-1475,-552,1077,-91,-1860,0,0
-539,-192,-616,570,2208,-784,0,0
-3424,1411,-325,732,2559,-2027,0,0
-1193,822,432,-519,1524,-1612,0,0
-475,1878,945,320,589,-2580,0,0
376,832,1209,557,-1439,-3693,0,0
1134,338,1512,1211,-1075,-3060,0,0
753,-215,1365,889,1033,-2987,0,0
-1445,1354,575,1933,6065,-5146,0,0
-2933,139,-319,947,5299,-10571,0,0
-1809,-2011,22,-1858,1281,-11035,0,0
-426,235,-66,-205,1714,-9817,0,0
210,104,-836,1377,1992,-8280,0,0
855,-497,-625,1030,1837,-4572,0,0
1355,28,-199,1174,1471,-3262,0,0
1492,-653,-141,558,1026,-2663,0,0
1218,-569,-115,136,739,-1711,0,0
935,-71,77,332,403,-1613,0,0
758,-415,202,62,53,-1849,0,0
449,-228,238,-127,-158,-2050,0,0
189,-260,142,-77,5,-2309,0,0
-9,-149,69,-201,112,-2420,0,0
-299,433,90,1,360,-2615,0,0
-562,729,116,-217,195,-2485,0,0
-1027,1987,122,-317,-9,-2331,0,0
-1031,1385,32,864,65,-3076,0,0
-633,-537,-55,-111,1024,-2876,0,0
-384,196,-324,540,2569,-3915,0,0
-272,323,-292,998,2614,-6212,0,0
-44,255,200,1719,2754,-9058,0,0
734,-548,258,1393,2785,-10157,0,0
1358,-124,216,-224,1492,-9210,0,0
1584,647,-589,-750,840,-7691,0,0
1574,-670,-1032,1629,1086,-6185,0,0
716,-2578,-686,1652,2363,-5046,0,0
-695,-1900,-319,1024,3709,-2163,0,0
-1706,1181,-638,-331,2555,1881,0,0
-1754,2536,-2028,1501,-1528,129,0,0
-1012,841,-1200,600,-4369,-176,0,0
-393,724,513,1807,-1204,-2716,0,0
437,-1067,685,1432,-1819,-3258,0,0
855,-1295,319,1011,-351,-2476,0,0
635,-750,-90,860,1439,-1861,0,0
-88,339,-153,816,1811,-1551,0,0
-297,836,519,685,1545,-1398,0,0
210,1050,1471,-123,582,-482,0,0
689,835,1933,-181,-1002,-421,0,0
838,-327,1284,-583,-1644,-761,0,0
270,-305,264,823,-314,-1206,0,0
-1533,663,-580,1388,6524,-3600,0,0
-3302,2356,-435,2816,4649,-10864,0,0
-1716,-1092,789,1632,4025,-10862,0,0
-668,-477,1040,529,3530,-10385,0,0
-200,-203,246,1133,2242,-8683,0,0
324,-912,-236,818,1586,-6521,0,0
716,-329,-143,1296,1643,-5038,0,0
947,-451,-164,1383,1414,-3856,0,0
956,-389,-133,1106,931,-2956,0,0
949,-42,-11,1069,583,-2575,0,0
937,-208,57,836,278,-2459,0,0
765,-124,104,570,64,-2445,0,0
691,-70,129,521,68,-2571,0,0
660,-23,206,289,-42,-2169,0,0
439,162,220,214,-182,-1887,0,0
133,94,76,13,-284,-1650,0,0
-246,151,-143,-181,-215,-1974,0,0
-471,546,-354,-711,150,-2051,0,0
-586,2365,-473,-744,1280,-1708,0,0
-520,2297,-706,589,2452,-3110,0,0
-707,587,-1044,1828,2692,-5514,0,0
-377,477,-2800,5586,1644,-9061,0,0
763,-517,-349,7582,-513,-13564,0,0
2381,-1114,419,7299,527,-13859,0,0
3858,-2436,953,3574,2056,-10904,0,0
3770,-1908,781,350,2138,-3543,0,0
1610,-1487,677,-1567,2046,1701,0,0
-1034,-843,-138,-3688,2181,6621,0,0
-2084,1330,-1457,-912,781,3471,0,0
-1511,-109,-1007,1100,-3285,1439,0,0
-1208,-1171,67,1839,-802,-1037,0,0
-723,-782,-120,2255,-430,-2193,0,0
-643,-405,16,667,-111,-2745,0,0
-922,952,142,-957,403,-2190,0,0
-1691,2932,-467,-192,1414,-3257,0,0
-1457,1139,-1089,-604,1783,-2490,0,0
-810,1220,-988,229,1117,-1212,0,0
28,1220,402,2439,-1732,-2789,0,0
1104,-1025,1941,1053,-1372,-2109,0,0
1173,-46,1855,1315,182,-1584,0,0
-417,-262,962,1885,3236,-2225,0,0
-3033,962,-339,2813,5326,-7764,0,0
-3226,160,-791,2451,3443,-10025,0,0
-1590,-1902,-171,946,2654,-9308,0,0
-683,80,98,829,2467,-8249,0,0
-95,370,-294,1556,1658,-6270,0,0
370,-390,-343,1463,1360,-4430,0,0
707,-672,-76,1299,1608,-3405,0,0
794,-464,70,1153,1563,-2700,0,0
706,-122,212,1062,1210,-2254,0,0
550,-161,369,964,913,-2301,0,0
371,-180,374,735,827,-2475,0,0
181,11,307,687,930,-2708,0,0
98,-149,216,510,1138,-2995,0,0
123,-58,163,421,1185,-3147,0,0
133,66,186,451,1046,-3519,0,0
308,-10,205,312,1035,-3818,0,0
609,342,209,384,1175,-4342,0,0
918,667,243,947,1121,-4304,0,0
794,388,330,1512,1189,-5687,0,0
461,-269,164,2147,616,-7624,0,0
558,-874,-113,2431,466,-10788,0,0
1338,-1524,-132,1740,671,-11796,0,0
2085,-1917,-4,896,1025,-11284,0,0
2320,-2479,76,239,1545,-7833,0,0
1591,-1274,-283,-1014,1002,-766,0,0
-65,629,-1327,60,1323,3612,0,0
-560,-593,-1483,195,-85,4001,0,0
-347,-90,-151,14,-1823,4227,0,0
-526,299,-281,641,741,1761,0,0
-774,-266,-751,273,-916,826,0,0
-1099,147,-126,770,-726,-1620,0,0
-1252,-400,222,51,909,-3240,0,0
-1375,599,275,-76,1870,-4364,0,0
-745,1534,605,353,2212,-4018,0,0
496,2076,1327,890,1589,-3025,0,0
1857,1035,2225,1163,-139,-3108,0,0
2831,-1527,3040,291,-1166,-2984,0,0
3235,-1499,3040,-1811,-1525,-921,0,0
1781,1947,1959,-72,-3080,-1844,0,0
-982,2513,-99,1740,-3530,-6184,0,0
-2811,819,-231,1392,-1693,-9663,0,0
-333,1130,-200,1861,152,-7629,0,0
47,426,-576,2674,-193,-9370,0,0
458,-386,-647,3281,131,-10960,0,0
1096,-1612,-293,2429,-81,-10489,0,0
1109,-1481,-29,2149,-817,-8950,0,0
811,-3121,-84,430,-798,-8653,0,0
570,-2536,17,-1667,-428,-4889,0,0
-105,1360,-73,-990,800,209,0,0
-1366,3852,-712,-68,-1308,641,0,0
-1258,2345,-629,685,-1557,833,0,0
-243,397,-273,280,-482,835,0,0
163,801,-760,1331,1192,-1546,0,0
452,-1073,-482,701,823,-3804,0,0
836,-1887,277,203,1741,-3337,0,0
480,-1127,680,-541,841,-3279,0,0
5,-1291,684,-1065,478,-3611,0,0
400,-691,219,-583,1707,-512,0,0
890,980,-157,414,354,1351,0,0
969,978,393,872,-3573,2423,0,0
460,-1133,531,1050,-5762,-1597,0,0
60,-2726,-452,-39,-3688,-5228,0,0
-236,389,-951,-278,-441,-3934,0,0
-1483,2846,-201,1102,1219,-8521,0,0
-1692,-42,591,-240,620,-9220,0,0
-1105,109,520,-1019,235,-8025,0,0
-832,867,249,-65,42,-7812,0,0
-543,-304,45,-73,-199,-5709,0,0
-254,-331,-68,170,-365,-5154,0,0
89,-169,-146,300,-228,-4340,0,0
332,-47,-165,512,7,-3302,0,0
527,-329,-83,390,242,-2592,0,0
635,-134,60,-80,599,-1986,0,0
608,1165,171,-818,1582,-523,0,0
78,3058,607,878,1513,-2657,0,0
-964,1216,829,2238,-1529,-10072,0,0
-555,-2368,313,2836,-2597,-16290,0,0
1737,-2589,-370,1467,-807,-14379,0,0
2477,-968,-357,494,-786,-8256,0,0
1445,-666,-434,-149,313,-1443,0,0
-326,107,-516,-580,1905,5649,0,0
-2277,403,-119,-1467,-408,2392,0,0
-1589,-593,146,-1948,-4122,184,0,0
-229,65,-677,298,-1948,-1689,0,0
158,-166,-1085,1786,-425,-1507,0,0
339,-144,-395,1721,639,-3384,0,0
186,382,260,488,449,-3711,0,0
-642,535,394,-320,540,-7272,0,0
-186,-953,36,-1123,1197,-4160,0,0
658,-280,-70,-1118,1740,-1103,0,0
1197,1061,431,649,-473,1288,0,0
1629,-269,784,317,-2579,2604,0,0
1022,235,138,816,-2853,873,0,0
-506,-3,84,496,-3358,-3530,0,0
-1543,605,317,633,-998,-6134,0,0
-2323,850,3,1189,1138,-10639,0,0
-1787,-444,-48,-305,-125,-9082,0,0
-1046,482,191,852,423,-7477,0,0
-675,-488,298,329,477,-6619,0,0
-438,-503,274,-182,268,-5486,0,0
-60,-115,53,-156,233,-4636,0,0
102,-25,-49,-149,236,-3674,0,0
132,-28,31,-127,511,-3248,0,0
265,-151,104,-185,684,-2927,0,0
352,-204,156,-342,821,-2836,0,0
376,16,112,-626,766,-3160,0,0
221,803,202,-225,452,-4751,0,0
124,747,268,-60,-294,-7600,0,0
545,559,3,756,-1219,-10532,0,0
1376,-356,-275,1213,-1668,-10898,0,0
1545,-487,-206,2141,-1217,-9221,0,0
779,-1161,-211,926,9,-6451,0,0
-310,-424,-518,-1103,935,-1684,0,0
-1257,850,-992,829,773,1466,0,0
-909,-1357,-511,154,-2773,1957,0,0
-228,-1231,173,-1221,-1328,3576,0,0
-507,432,-386,1015,1013,-343,0,0
-659,-260,-61,452,-1163,-513,0,0
-562,358,935,-469,-941,-1801,0,0
-583,1399,968,301,102,-3964,0,0
-658,1104,917,525,737,-4528,0,0
-144,756,998,131,1226,-2927,0,0
738,823,1170,316,607,-2466,0,0
1125,263,1188,86,-1242,-3992,0,0
1017,-1175,438,70,-1760,-3374,0,0
828,-2051,-545,-1280,-1745,-4458,0,0
516,-249,-779,-1303,1115,-3570,0,0
-1113,2106,-704,877,621,-7730,0,0
-1445,-296,-371,519,876,-8789,0,0
-692,-439,-561,91,508,-7007,0,0
-640,686,-452,1765,-17,-7758,0,0
-397,-599,-200,923,-9,-6037,0,0
-128,122,-215,725,-122,-5265,0,0
198,325,-93,1009,-185,-4765,0,0
500,-251,36,401,-191,-3629,0,0
626,-53,63,267,-180,-2713,0,0
625,-129,79,248,-52,-2039,0,0
516,-336,-2,-34,421,-1754,0,0
560,212,-31,-116,468,-2229,0,0
571,231,290,232,217,-2235,0,0
316,-12,580,-263,-173,-2974,0,0
-384,1563,378,854,-691,-5750,0,0
-496,528,-203,1464,-931,-9796,0,0
186,-855,-328,1252,-1384,-13316,0,0
1472,-2140,-149,1048,-1146,-13686,0,0
2289,-3948,54,380,-438,-8079,0,0
1315,-3318,49,-1653,-167,-707,0,0
-684,1128,-288,1340,1568,3931,0,0
-2069,1437,-89,1351,1644,1590,0,0
-1697,276,477,-1117,-3072,-59,0,0
-349,547,373,-1706,-2816,-1028,0,0
-106,1200,-533,202,-1727,-3635,0,0
346,-978,-696,798,54,-3390,0,0
886,-1324,-659,-1369,1001,-2053,0,0
-155,2008,-433,177,846,-2084,0,0
-558,836,-31,386,1286,-2689,0,0
276,340,-279,-677,766,-193,0,0
710,1539,231,877,-754,-699,0,0
838,285,733,-429,-2625,-2175,0,0
1115,641,601,378,-3907,-2594,0,0
629,-361,367,544,-2961,-1716,0,0
-1701,949,-259,1161,724,-5762,0,0
-2696,-83,-318,681,1344,-8268,0,0
-1943,-615,1,-262,1007,-7264,0,0
-1541,1044,86,980,510,-8392,0,0
-1048,-288,-5,690,388,-7400,0,0
-568,-531,-10,187,456,-5847,0,0
-154,195,39,261,441,-4893,0,0
88,411,4,310,310,-4138,0,0
210,151,-20,202,148,-3381,0,0
203,-50,-42,166,91,-3068,0,0
145,-94,-30,114,241,-2995,0,0
109,-41,-13,199,508,-2674,0,0
82,-122,20,216,661,-2799,0,0
70,-45,111,150,572,-2950,0,0
79,234,254,438,476,-3445,0,0
50,511,327,744,239,-4451,0,0
-105,741,299,1865,-1144,-7296,0,0
51,375,177,3406,-23,-11129,0,0
1105,-1091,298,1762,959,-11423,0,0
1776,-1564,360,-490,1184,-9458,0,0
1498,-477,116,-502,882,-5838,0,0
155,-162,-110,-767,1636,-2721,0,0
-1123,746,-385,-363,2516,255,0,0
-1306,559,-319,-1049,-1707,985,0,0
-869,117,163,-1240,-4978,1427,0,0
-368,312,-902,587,-563,-463,0,0
-69,-435,-1523,1780,318,-2414,0,0
396,-1297,-375,547,74,-2523,0,0
559,-6,229,192,594,-2765,0,0
-163,568,388,115,866,-2656,0,0
-434,472,569,-40,1375,-2319,0,0
227,1065,816,-564,1480,-780,0,0
582,2032,1184,963,-301,-1724,0,0
1133,-842,1236,640,-3151,-3822,0,0
1982,-1901,651,-1052,-3054,-2379,0,0
1354,679,378,598,-1857,-1313,0,0
-876,728,144,1106,1084,-2263,0,0
-3348,69,-240,498,1392,-8599,0,0
-2621,-846,-584,-165,1837,-7874,0,0
-1826,589,-988,830,1747,-8901,0,0
-1389,830,-795,1639,1127,-7812,0,0
-623,-60,-543,1448,734,-6053,0,0
50,27,-306,1214,661,-5204,0,0
411,-37,6,1106,587,-4346,0,0
626,-411,135,724,489,-3505,0,0
653,-160,122,465,429,-3070,0,0
599,203,135,666,456,-2673,0,0
517,-137,181,641,493,-2180,0,0
328,-474,183,356,595,-2146,0,0
177,-74,260,441,450,-2497,0,0
67,22,309,394,546,-3113,0,0
-15,231,168,319,838,-4232,0,0
62,1290,-81,253,1323,-6088,0,0
285,3318,20,1282,1035,-8651,0,0
438,4588,443,4837,-829,-10429,0,0
1491,-912,595,7851,-1278,-9570,0,0
1929,-5153,110,4565,448,-6449,0,0
1113,-3783,-149,1483,790,-3849,0,0
-290,-868,-470,372,1686,568,0,0
-1395,-167,-552,-557,2663,1155,0,0
-1263,-460,270,-2663,-3987,358,0,0
-410,517,548,-1471,-3074,2888,0,0
-440,932,-295,-146,-291,-1033,0,0
-567,841,-279,290,-729,-1488,0,0
-579,-765,10,887,937,-1757,0,0
-959,144,-109,301,1644,-3041,0,0
-1326,960,-286,1483,788,-4036,0,0
-768,-193,-108,586,327,-2224,0,0
-45,672,448,897,-117,-2394,0,0
686,-226,830,925,-1000,-3456,0,0
1569,-875,812,-236,41,-1942,0,0
1094,457,808,-415,-761,-1657,0,0
-812,1290,498,667,5116,-3169,0,0
-2936,-19,-427,1311,3196,-10729,0,0
-2135,-1897,-600,-2224,2452,-9201,0,0
-959,658,-712,1052,2365,-9687,0,0
-269,321,-690,1899,1378,-8337,0,0
356,-767,-406,862,1164,-5373,0,0
910,166,-148,1039,1054,-4213,0,0
1193,-179,22,623,736,-3401,0,0
1131,-265,84,277,489,-2501,0,0
936,-210,13,388,224,-2304,0,0
762,-430,-29,232,114,-2287,0,0
650,-401,85,62,118,-2162,0,0
597,-407,206,-165,192,-2241,0,0
504,178,241,-352,273,-1890,0,0
292,907,96,152,250,-2237,0,0
42,992,-102,614,190,-2988,0,0
-141,798,-179,1085,582,-3365,0,0
-300,529,-159,1217,1026,-4715,0,0
-410,614,-104,1732,1246,-6945,0,0
26,312,-31,2177,512,-9052,0,0
712,-139,173,1993,448,-9532,0,0
1118,339,397,2414,240,-8954,0,0
1410,-1562,563,2139,-320,-8721,0,0
1254,-2310,147,274,-187,-5004,0,0
82,-1024,-369,301,2004,-2308,0,0
-1637,32,-779,-621,1692,252,0,0
-2110,324,-872,-270,-1736,-1182,0,0
-572,-554,-87,-905,-4020,-470,0,0
586,672,69,416,-841,-742,0,0
523,677,-147,1188,-521,-1614,0,0
218,-170,-23,1098,-509,-1947,0,0
376,-313,4,704,773,-1869,0,0
59,551,147,395,1356,-1248,0,0
-499,827,499,102,1543,-1358,0,0
-203,781,507,-755,818,-2960,0,0
280,806,394,691,-1699,-2039,0,0
731,-1295,562,-146,-2143,-2018,0,0
491,-135,897,974,-1667,-3016,0,0
-573,427,1273,1804,1887,-3413,0,0
-2699,2228,554,2543,2411,-9103,0,0
-2417,-157,-77,670,1526,-10216,0,0
-1124,193,-410,367,2199,-7895,0,0
-774,871,-804,1684,1697,-7703,0,0
-508,-910,-623,879,882,-6028,0,0
99,-820,-195,937,820,-4694,0,0
580,-373,-71,838,671,-4084,0,0
678,-275,3,818,523,-3413,0,0
749,-457,-65,341,560,-2617,0,0
605,190,-295,281,342,-2175,0,0
309,480,-367,514,376,-2508,0,0
157,235,-189,317,379,-2658,0,0
160,-130,-12,588,421,-3117,0,0
248,-335,126,538,482,-3018,0,0
390,-41,276,949,837,-3008,0,0
572,99,308,575,1138,-2639,0,0
488,741,213,722,1171,-2530,0,0
92,585,4,757,316,-4675,0,0
-206,999,-4,2001,-142,-7841,0,0
146,-245,-134,2609,-929,-11272,0,0
752,-525,-74,2947,-544,-11763,0,0
1402,-1637,35,2782,483,-10716,0,0
1381,-2195,20,898,1681,-7200,0,0
462,-929,-114,35,2144,-2218,0,0
-619,1364,-542,539,1228,1916,0,0
-1113,451,-125,-929,-3720,1869,0,0
-172,-298,352,-2219,-3345,2334,0,0
-1,426,-276,-149,-484,-249,0,0
-120,120,-426,893,-208,-1770,0,0
205,-218,90,1038,1771,-3246,0,0
-242,423,342,490,1763,-3178,0,0
-635,751,476,453,481,-3567,0,0
49,500,411,-304,716,-2202,0,0
804,1166,677,714,183,-1222,0,0
1477,-703,1106,341,-1215,-504,0,0
1619,-1351,1027,-3,-2064,-531,0,0
442,-1614,666,-496,-3683,-1812,0,0
-1503,-377,374,147,1154,-3252,0,0
-3319,807,-849,196,3440,-8768,0,0
-2897,585,-852,-97,1173,-10126,0,0
-1351,992,-343,878,1063,-8611,0,0
-796,952,-385,1571,897,-7758,0,0
-324,-216,-313,1094,754,-5584,0,0
320,-15,-143,964,976,-4451,0,0
701,35,-18,798,530,-3621,0,0
629,-295,134,434,295,-2670,0,0
458,-154,111,528,435,-2517,0,0
281,-321,-12,363,342,-2536,0,0
39,-373,-23,346,393,-2624,0,0
-133,-387,9,257,493,-2810,0,0
-229,-140,-16,154,499,-2901,0,0
-271,171,-42,321,544,-3242,0,0
-247,-210,-19,1,771,-3866,0,0
-36,-21,-53,63,1567,-4086,0,0
155,538,-196,544,1493,-4919,0,0
220,572,-151,873,727,-5329,0,0
387,471,-10,1467,384,-6708,0,0
614,508,195,1756,60,-8337,0,0
930,-315,343,1892,-482,-10143,0,0
1284,-2541,458,812,-401,-11388,0,0
1581,-5932,370,-86,1874,-9024,0,0
786,-6519,228,-3394,3083,-3700,0,0
-270,311,-572,-1473,2524,83,0,0
-731,3472,-1531,1908,-36,1719,0,0
-897,2218,-383,694,-3704,954,0,0
282,796,811,-318,-2775,1120,0,0
390,546,507,-289,-914,-1474,0,0
44,668,-228,-220,-1139,-2813,0,0
277,28,-533,-930,1350,-3090,0,0
197,1539,-554,-868,1716,-2279,0,0
-208,2007,169,-124,1253,-2274,0,0
480,1388,650,-1105,1448,-306,0,0
1376,2198,974,1087,741,80,0,0
1541,340,1283,-38,-2613,1096,0,0
273,22,782,43,-4721,-845,0,0
-1183,-690,55,139,-3902,-3279,0,0
-2503,614,-956,2297,1893,-6825,0,0
-2910,-351,-1534,1370,2304,-10154,0,0
-1846,-258,-906,674,2058,-7830,0,0
-1160,428,-544,1318,1378,-7501,0,0
-1093,-550,-470,577,1061,-6737,0,0
-681,-95,-228,877,1358,-5026,0,0
-114,175,-121,863,869,-4794,0,0
129,80,13,625,521,-3940,0,0
189,-83,78,476,448,-3167,0,0
197,-102,50,431,414,-3185,0,0
149,-116,136,433,582,-3134,0,0
161,-114,212,415,631,-2926,0,0
-10,-60,115,8,593,-2398,0,0
-162,-16,-44,396,781,-2924,0,0
-118,-41,-66,322,793,-3274,0,0
-15,123,-36,387,1174,-3383,0,0
231,-3,-18,339,1228,-3683,0,0
350,264,114,456,910,-4363,0,0
359,329,320,795,978,-5698,0,0
506,746,301,1194,1183,-7306,0,0
685,2158,430,3077,750,-8004,0,0
857,795,710,3179,308,-8103,0,0
906,-76,723,2032,22,-7234,0,0
962,-2648,258,2119,920,-7050,0,0
723,-1423,-244,1155,1594,-6583,0,0
-28,-357,-370,718,2028,-3989,0,0
-747,813,-836,1209,1458,-1112,0,0
-758,-188,-766,-791,-2810,-460,0,0
299,92,71,-1972,-3632,2143,0,0
486,535,18,2,-1087,-1293,0,0
604,-107,-169,1324,-591,-2097,0,0
960,-1748,-93,928,543,-1995,0,0
905,-1049,-277,319,1735,-2385,0,0
67,933,-159,776,1457,-1651,0,0
-168,499,-15,734,1116,-1288,0,0
579,163,4,5,952,201,0,0
942,266,505,1392,-1555,1033,0,0
173,-865,1068,27,-3564,-1026,0,0
-890,-455,764,187,-3440,-3553,0,0
-2101,1,-120,1498,2935,-7379,0,0
-2668,288,-594,806,1981,-10878,0,0
-1573,476,-496,1106,1579,-9027,0,0
-788,635,-427,1177,1979,-7979,0,0
-606,110,-222,1215,1529,-6538,0,0
-154,-844,-139,448,1238,-4847,0,0
232,-152,-78,578,968,-4325,0,0
438,53,71,693,493,-3914,0,0
542,-131,127,502,126,-3122,0,0
549,-140,-6,503,66,-2982,0,0
494,-192,-31,481,138,-3146,0,0
391,-70,36,578,100,-3008,0,0
240,-66,38,580,33,-3313,0,0
187,-66,-18,442,67,-3317,0,0
105,137,-8,530,3,-3285,0,0
23,-6,29,480,-75,-3129,0,0
-97,73,55,542,-121,-2994,0,0
-260,7,29,563,-6,-3089,0,0
-359,30,-11,445,-173,-2957,0,0
-343,0,26,414,-142,-2983,0,0
-174,75,111,-131,64,-2785,0,0
167,1082,236,274,499,-2473,0,0
637,614,387,977,934,-2255,0,0
593,-605,431,984,1090,-2417,0,0
-167,-238,354,1127,1019,-4734,0,0
-717,817,165,1865,786,-8723,0,0
-365,598,-202,2644,382,-12542,0,0
1009,291,-234,3255,877,-12876,0,0
2168,208,467,4098,-10,-10964,0,0
2425,-1465,579,2430,805,-6964,0,0
1302,-970,17,132,714,-2260,0,0
-627,108,-1291,-1656,1686,2176,0,0
-1908,405,-2718,336,3422,1369,0,0
-2010,-1335,-1282,51,-2230,-19,0,0
-444,-1374,685,18,-2715,648,0,0
290,-516,422,1056,-2170,-1546,0,0
-154,-938,184,1104,-1886,-1883,0,0
-209,-1151,116,380,1126,-2921,0,0
-135,271,-20,-489,2194,-2928,0,0
-510,1115,132,-318,1702,-2818,0,0
-205,657,218,-1258,1575,-1129,0,0
678,1547,371,39,814,-65,0,0
1257,427,991,527,-1715,437,0,0
787,-652,1386,318,-2658,-821,0,0
-243,-179,1212,1007,-1089,-2437,0,0
-2136,1430,269,1966,3399,-7412,0,0
-3230,1365,-2584,1901,2115,-12168,0,0
-1928,-600,-1087,1428,3581,-11045,0,0
-866,506,-1056,1959,3465,-11054,0,0
-1,-502,-647,1442,2202,-8789,0,0
793,-850,-454,810,1797,-5751,0,0
1224,12,-364,897,1064,-4200,0,0
1284,-349,-224,568,559,-3316,0,0
1231,-370,-142,446,701,-2140,0,0
1058,-3,-144,529,539,-2026,0,0
833,-71,80,217,153,-2146,0,0
617,-78,293,197,114,-2432,0,0
507,-40,331,60,24,-2851,0,0
449,19,341,-44,-246,-2880,0,0
331,43,398,99,-57,-2839,0,0
102,142,497,198,-158,-3120,0,0
-151,165,500,205,-746,-3550,0,0
-90,105,319,472,-810,-3347,0,0
45,-26,197,474,-489,-3037,0,0
-59,242,269,635,-334,-2660,0,0
-208,139,280,724,-468,-2578,0,0
-373,125,257,589,-214,-2588,0,0
-557,413,302,715,250,-2988,0,0
-554,201,205,421,555,-3682,0,0
-377,488,36,718,1312,-4316,0,0
-156,309,-46,700,1526,-5387,0,0
167,771,112,1718,799,-6161,0,0
337,190,230,1844,-194,-8245,0,0
511,138,235,2247,-497,-9284,0,0
960,-1054,128,2175,-1175,-10494,0,0
1096,-2327,-142,1885,-900,-11008,0,0
1136,-3670,-211,1569,601,1543,0,0
1227,-3151,-133,1985,2400,692,0,0
-718,-368,-384,-1089,1394,3980,0,0
-2045,1215,-467,-840,-320,1093,0,0
-1016,150,-135,-1442,-2073,1372,0,0
-226,692,195,169,-98,-1206,0,0
173,53,157,306,-1136,-912,0,0
16,34,328,304,-1564,-1342,0,0
-321,327,292,255,-104,-2240,0,0
-577,1152,148,3,956,-2445,0,0
-498,1783,304,450,1001,-2532,0,0
164,1163,612,-346,185,-1802,0,0
747,772,478,-76,-1164,-1450,0,0
580,-102,89,-268,-827,-2020,0,0
-45,24,210,142,-676,-2360,0,0
-1459,572,-60,1489,3604,-5377,0,0
-3171,1332,-673,1429,2376,-10062,0,0
-2487,103,-675,1506,3029,-8952,0,0
-1300,-280,-547,1145,2617,-8692,0,0
-661,483,-280,1942,1619,-7832,0,0
-58,-379,-130,1642,1443,-5633,0,0
356,-340,33,1370,1378,-4871,0,0
633,-135,233,1052,1147,-4070,0,0
775,-244,357,794,1273,-3186,0,0
773,-318,381,538,1145,-2837,0,0
610,-211,397,425,755,-2733,0,0
420,-285,344,324,538,-2697,0,0
314,-329,188,208,534,-2815,0,0
230,-76,74,334,651,-2836,0,0
134,-49,35,444,630,-3139,0,0
110,-187,-13,381,710,-3083,0,0
64,-142,-128,412,848,-3433,0,0
111,-153,-202,405,858,-3939,0,0
281,-281,-252,598,967,-4647,0,0
477,-450,-239,493,777,-5515,0,0
582,111,-115,552,667,-6333,0,0
743,263,-28,553,253,-7302,0,0
778,210,-31,447,118,-8104,0,0
1044,-248,198,576,329,-8483,0,0
1337,-496,555,733,-400,-8613,0,0
1171,-1216,305,419,191,-7122,0,0
305,-398,-207,-642,593,-2820,0,0
-974,192,-1052,-1483,1935,1206,0,0
-1717,393,-1756,-713,604,-476,0,0
-621,79,-672,-162,-2530,566,0,0
619,-474,355,237,-1118,917,0,0
627,-326,-42,274,-675,-365,0,0
55,90,-313,745,-1181,-436,0,0
-726,-279,-353,737,962,-1670,0,0
-1190,504,-230,1077,1698,-2468,0,0
-995,699,239,589,889,-3066,0,0
39,974,909,-4,26,-2666,0,0
1036,850,1047,160,-1768,-2268,0,0
1459,-311,754,236,-2302,-1560,0,0
910,-762,484,372,-1458,-1040,0,0
-893,-468,619,369,880,-2042,0,0
-3396,516,-102,-301,3531,-8008,0,0
-3260,496,-711,-731,4151,-10068,0,0
-1505,502,-766,-162,3716,-9504,0,0
-797,1404,-310,1137,2148,-7952,0,0
-403,177,-370,1301,1489,-6294,0,0
47,-148,-497,1061,1429,-5343,0,0
423,122,-162,1140,1291,-4272,0,0
610,-350,87,858,1129,-3383,0,0
649,-225,95,657,929,-2775,0,0
567,-40,99,672,821,-2421,0,0
405,-285,184,459,794,-2372,0,0
221,-125,262,428,851,-2428,0,0
108,-233,227,366,828,-2786,0,0
51,-225,145,275,1007,-2913,0,0
29,37,82,387,1197,-3117,0,0
19,-58,18,201,1307,-3471,0,0
163,154,-1,275,1367,-3965,0,0
374,133,-14,339,1311,-4884,0,0
350,354,41,695,1161,-6766,0,0
659,31,-97,973,986,-8165,0,0
1056,-42,-162,1060,547,-8715,0,0
1412,90,-113,1081,683,-8126,0,0
1499,317,-57,1458,328,-7545,0,0
1308,-490,-190,608,1492,-5328,0,0
630,-99,-18,115,1655,-2833,0,0
-735,462,-147,-7,973,-1728,0,0
-1590,520,-696,-241,267,-487,0,0
-1073,79,-654,-769,-2975,-354,0,0
-97,195,-186,-292,-3103,879,0,0
96,-100,-372,676,-1204,-1364,0,0
217,-35,-381,851,98,-1584,0,0
89,-258,-167,1269,1949,-877,0,0
-565,-203,-7,267,2805,-2352,0,0
-878,1059,418,549,1215,-2780,0,0
-162,504,814,353,610,-1982,0,0
909,-10,1352,940,-856,-1793,0,0
1361,-1268,1653,687,-1987,-2298,0,0
955,-1588,1432,-367,-2696,-3169,0,0
-57,-344,1072,444,-347,-3072,0,0
-2042,812,95,769,2453,-7627,0,0
-2361,696,-219,162,2985,-8209,0,0
-1103,760,-256,546,2955,-7096,0,0
-739,1440,-280,1194,1174,-7647,0,0
-608,133,-306,1076,562,-6025,0,0
-181,-444,-436,774,858,-4790,0,0
289,-26,-364,982,664,-4304,0,0
474,-277,-175,855,573,-3530,0,0
522,-169,-61,774,579,-2730,0,0
529,-104,-23,663,382,-2402,0,0
305,-135,46,472,500,-2444,0,0
15,-58,87,602,649,-2679,0,0
-190,-122,10,523,818,-3184,0,0
-303,150,-77,643,770,-3432,0,0
-343,77,-105,662,713,-3745,0,0
-289,-107,-133,543,781,-3892,0,0
-168,92,-161,763,988,-3932,0,0
52,-25,-242,830,1387,-4315,0,0
287,338,-286,1101,1454,-4654,0,0
532,478,-60,1562,1194,-5520,0,0
684,280,161,1392,1019,-6714,0,0
749,598,292,2123,601,-8154,0,0
1157,-738,321,1771,814,-9710,0,0
1485,-947,492,1949,1030,-10465,0,0
1523,-2462,417,640,1341,-7172,0,0
540,-3078,96,461,2676,-3029,0,0
-621,-1991,-294,-261,2073,1106,0,0
-1059,1596,-395,-940,-1297,1881,0,0
-677,1625,-117,-1045,-4128,-623,0,0
312,635,-152,-353,-2376,1252,0,0
111,842,-764,1033,-216,-1585,0,0
18,408,-581,1398,225,-2079,0,0
-83,-653,14,753,1932,-1537,0,0
-523,690,298,-113,1382,-2426,0,0
-484,1678,575,252,311,-2343,0,0
369,706,781,-27,41,-2136,0,0
1471,42,1680,1032,-1185,-3505,0,0
2495,-1847,2600,35,-1013,-2326,0,0
2343,-858,1854,-319,-4382,382,0,0
468,926,-147,24,-2201,-1353,0,0
-2039,2213,-2018,1727,2645,-4497,0,0
-3521,878,-1514,1958,3025,-8269,0,0
-2614,-1143,-548,1190,2426,-7851,0,0
-1674,262,-2600,1444,859,-9009,0,0
-1103,87,-465,1571,811,-7555,0,0
-444,-128,-333,1305,755,-5417,0,0
-63,286,-274,1434,636,-4545,0,0
2,42,-97,1034,732,-3720,0,0
72,-93,87,917,847,-3173,0,0
93,-215,117,604,754,-2866,0,0
-35,114,200,678,643,-2857,0,0
-66,44,261,762,607,-2878,0,0
-59,-122,215,647,577,-2930,0,0
-50,5,121,613,746,-2942,0,0
-55,115,10,668,974,-3151,0,0
-43,361,-59,939,1200,-3842,0,0
-23,641,-91,1021,1483,-5645,0,0
225,1134,-94,2148,1382,-7616,0,0
760,-197,-123,2139,1443,-9932,0,0
1360,-517,147,2586,933,-9967,0,0
1847,-1103,271,2402,1137,-9451,0,0
1946,-1309,374,1979,1822,-8180,0,0
1620,-1405,555,773,1658,-3633,0,0
142,90,70,-1530,1866,2457,0,0
-1612,1436,-1641,-375,1586,902,0,0
-1452,-407,-1715,-239,-2501,-1232,0,0
289,-63,35,236,-2862,238,0,0
977,-2,719,659,-1607,-722,0,0
547,-966,167,707,-1915,-378,0,0
39,-1453,-265,857,253,-3608,0,0
-212,-494,-504,378,2110,-2267,0,0
-588,1327,-144,559,1009,-2634,0,0
-137,768,364,-249,421,-2178,0,0
869,1194,835,214,69,-1608,0,0
1506,-31,1235,611,-2354,-1220,0,0
996,-1244,774,62,-3623,-2595,0,0
54,-671,176,86,-3328,-2444,0,0
-1240,894,-290,843,1885,-3148,0,0
-2907,1394,-898,768,3365,-6756,0,0
-2821,474,-475,271,3173,-7380,0,0
-1843,-51,25,257,2492,-7661,0,0
-1346,21,130,748,1675,-8050,0,0
-724,-891,28,567,997,-6636,0,0
-52,-494,-59,826,906,-5205,0,0
256,-22,-50,1239,1063,-4289,0,0
215,-224,4,770,1197,-3653,0,0
250,190,85,740,1265,-3512,0,0
340,-57,126,578,1103,-3463,0,0
255,-194,208,274,891,-3265,0,0
209,-108,175,310,710,-3522,0,0
272,-211,39,226,688,-3484,0,0
275,-124,-68,256,815,-3314,0,0
316,-142,-129,349,1040,-3189,0,0
348,-52,-148,477,854,-3179,0,0
219,123,-122,838,524,-3398,0,0
-212,231,-199,1012,179,-6246,0,0
-87,1021,-379,2029,1137,-8796,0,0
932,738,-99,2339,2034,-9617,0,0
1704,-309,574,936,1114,-8316,0,0
1742,-809,599,54,244,-7500,0,0
1453,-1523,189,-492,-261,-6539,0,0
691,-975,-48,-217,1138,-4734,0,0
-478,581,-392,659,3658,569,0,0
-1783,1934,-1063,870,3145,2363,0,0
-2469,1220,-1349,206,-3106,-2587,0,0
-833,-517,-99,-567,-5594,-998,0,0
757,-278,522,-70,-2182,-1724,0,0
1126,-125,296,661,-1087,-824,0,0
706,-739,211,140,983,-734,0,0
201,-100,-90,80,2828,-756,0,0
-508,1090,-317,129,2198,-940,0,0
-961,1071,-158,201,1349,-1558,0,0
-407,774,117,566,-31,-1139,0,0
270,79,666,681,-3035,-1660,0,0
442,-814,840,337,-3037,-2622,0,0
131,46,514,1106,-806,-2681,0,0
-1117,817,79,2020,3806,-4063,0,0
-2975,1393,-445,2393,3914,-9926,0,0
-1998,-427,-627,1703,3989,-8567,0,0
-814,436,-392,1896,3458,-7610,0,0
-596,478,-133,2138,1867,-6780,0,0
-367,-950,-294,1525,1340,-5813,0,0
5,-200,-307,1433,1344,-4979,0,0
287,-330,-200,1201,1227,-4191,0,0
451,-821,-116,912,1152,-3628,0,0
576,-2472,-70,917,1148,-2986,0,0
639,-372,-16,808,1068,-2527,0,0
526,-345,143,702,1071,-2521,0,0
453,-381,231,511,1151,-2433,0,0
399,-304,185,440,1260,-2653,0,0
253,-70,176,443,1436,-3131,0,0
141,-186,113,427,1445,-4181,0,0
126,-24,81,497,1000,-5512,0,0
474,-381,63,686,836,-6230,0,0
967,-347,20,668,1265,-6386,0,0
1137,361,142,732,1062,-6456,0,0
1080,4,201,482,609,-7495,0,0
1089,5,256,858,54,-8266,0,0
982,-1208,74,265,4,-8899,0,0
925,-1103,-15,668,1517,-6979,0,0
608,-370,529,1681,4043,-1416,0,0
-1026,205,889,-67,3694,1746,0,0
-2298,1293,-433,-359,-156,-1494,0,0
-1346,-437,-1202,-1074,-5021,-1562,0,0
303,-519,-130,-554,-3686,324,0,0
563,562,374,437,-2049,-304,0,0
176,-86,-17,96,-2381,-306,0,0
7,-27,-240,223,191,-1069,0,0
-105,247,-393,167,1800,-1437,0,0
-419,984,-287,57,2513,-1436,0,0
-614,1362,-23,105,2390,-2109,0,0
-137,1006,210,157,864,-1958,0,0
392,-131,613,269,-1667,-2655,0,0
334,-1700,650,-793,-3159,-3692,0,0
269,-633,524,488,341,-2129,0,0
-3640,1043,-520,2197,4282,-4288,0,0
-4050,2188,-824,2402,4098,-9367,0,0
-2225,-589,-908,1322,4847,-8829,0,0
-1032,2040,-495,2452,3354,-8841,0,0
-679,279,-203,2255,1984,-7804,0,0
97,-1195,-154,1084,1868,-5972,0,0
769,301,93,1414,1695,-4607,0,0
1042,-572,259,1006,1505,-3356,0,0
1012,-869,345,533,1400,-2386,0,0
1016,-240,212,587,1244,-1851,0,0
779,-219,102,367,1194,-1511,0,0
328,99,308,429,1181,-1622,0,0
216,-33,397,419,944,-1908,0,0
145,-180,243,179,1184,-2133,0,0
-13,151,151,409,1023,-2444,0,0
-16,-166,62,320,1093,-2798,0,0
0,374,-46,593,1226,-2828,0,0
19,650,9,873,1427,-3557,0,0
-161,1354,67,1959,1725,-6197,0,0
-73,908,100,2620,1303,-9582,0,0
431,-542,-75,2511,1149,-11367,0,0
1131,66,-171,3145,2003,-11820,0,0
1955,-949,65,2866,2056,-10294,0,0
2162,-2152,105,1564,2677,-7090,0,0
1479,-1618,-165,66,2414,-2237,0,0
33,275,-982,61,3344,4108,0,0
-1370,1517,-1099,1239,1350,1931,0,0
-774,-908,692,-1118,-3014,1163,0,0
753,-494,1099,-412,-2355,-14,0,0
985,649,523,1325,-1551,-865,0,0
446,-150,704,897,-1474,-827,0,0
216,193,744,560,525,-1612,0,0
-88,1338,306,46,1101,-1841,0,0
-355,1780,169,-452,1006,-1863,0,0
148,983,154,-351,1075,-1770,0,0
702,408,228,-813,412,-1107,0,0
945,568,579,80,-566,-352,0,0
794,-481,943,362,65,-1618,0,0
32,-65,898,900,1915,-1175,0,0
-2499,901,-1589,1715,3377,-4478,0,0
-5092,2081,-3606,3546,5187,-7017,0,0
-5081,592,-2855,4543,6385,-8902,0,0
-4379,264,-2711,3822,6515,-8304,0,0
-3457,355,-2900,4128,6377,-6675,0,0
-2456,-252,-1991,2688,4763,-4836,0,0
-2096,1328,-1383,2019,3619,-3334,0,0
-1588,1034,-1219,1775,3160,-2443,0,0
-1032,-355,-1014,768,2942,-1679,0,0
-844,352,-873,382,3171,-1318,0,0
-710,1500,-744,435,3287,-1115,0,0
-545,1795,-528,546,3255,-635,0,0
-457,1698,-341,522,3384,-567,0,0
-333,1772,-174,393,3583,-490,0,0
-130,1945,-194,370,3470,-459,0,0
35,2176,89,675,3452,-433,0,0
123,2095,314,577,3346,-501,0,0
