427,-477,-334,-136,-37,-4341,0,0
-156,-220,-221,-55,-180,-3921,0,0
-1060,4,74,208,-344,-2916,0,0
-1385,177,270,75,44,-1921,0,0
-639,237,453,-414,166,-1227,0,0
17,186,460,-645,-86,-1122,0,0
-565,123,259,-873,-390,-1783,0,0
-1468,-35,274,-1098,601,-3574,0,0
-654,-372,157,-1494,1452,-6574,0,0
477,-565,-113,-1431,1635,-10067,0,0
288,-109,-590,-1295,1901,-12153,0,0
370,465,-647,-909,2495,-11996,0,0
783,851,-726,-1357,2157,-9070,0,0
-402,297,-937,-2136,2086,-4502,0,0
618,-1097,-736,-2515,850,-2516,0,0
-557,-1719,-167,206,-794,-1977,0,0
-440,-1165,-18,1953,-95,-2406,0,0
396,-150,-301,2393,-943,-1286,0,0
-39,492,13,1070,182,-795,0,0
1007,704,-256,-399,442,-233,0,0
541,822,65,-358,720,320,0,0
1033,556,213,-469,166,350,0,0
-800,120,278,-1908,22,197,0,0
-2465,-843,419,-3091,188,-3247,0,0
619,-1251,304,-1828,-274,-4661,0,0
576,-64,225,-1517,-738,-2722,0,0
-944,720,787,-557,203,-2948,0,0
1958,840,329,1245,-83,-4246,0,0
2868,1069,-223,1887,235,-4357,0,0
-1915,1013,-1236,-3870,415,-5286,0,0
-1600,-1202,71,-680,2113,-11822,0,0
2715,-1160,-527,-990,-872,-9097,0,0
-1733,354,-422,-576,781,-6970,0,0
-1,-70,-69,-746,2291,-5196,0,0
1021,-684,-167,-1373,940,-4535,0,0
-941,-390,267,-1099,700,-4836,0,0
-1939,265,594,-1178,351,-2693,0,0
-812,-26,733,-679,870,-3434,0,0
2041,-271,295,-821,-76,-2641,0,0
808,175,364,-618,-616,-2706,0,0
-675,575,362,-524,-150,-3216,0,0
283,405,125,-510,-106,-3480,0,0
896,264,288,-46,-480,-3749,0,0
262,206,349,172,-411,-3743,0,0
371,124,48,68,-455,-3474,0,0
-11,277,51,141,-506,-2962,0,0
-407,590,307,-344,63,-2213,0,0
-108,966,312,-1599,426,-1816,0,0
35,1008,299,-1301,16,-1501,0,0
-807,702,516,-579,106,-2738,0,0
-43,102,623,-334,795,-6751,0,0
1506,-262,99,1606,-312,-9493,0,0
785,-142,-770,1255,-221,-11301,0,0
560,204,-1114,1151,365,-9693,0,0
538,-259,-1129,-99,927,-5945,0,0
74,-1367,-1124,-1681,-202,-2882,0,0
-2569,-1579,206,359,-971,-1021,0,0
-2227,-1179,635,1492,-178,-1983,0,0
407,-827,-372,1296,-1214,-1019,0,0
-44,-138,-330,-470,183,-688,0,0
-15,253,162,-956,366,-1377,0,0
520,124,542,219,200,-1594,0,0
530,-19,469,-457,153,-1985,0,0
615,-168,180,-1389,296,-2291,0,0
-82,29,-58,-1804,216,-2695,0,0
-604,656,390,-1506,250,-2021,0,0
52,1054,643,-1218,364,-2901,0,0
1297,1350,561,368,-658,-3656,0,0
621,1653,103,1501,-667,-4161,0,0
-735,1027,-364,-11,706,-3993,0,0
-55,-673,-186,254,800,-7618,0,0
-127,-1082,-388,-777,305,-9098,0,0
-1055,-758,-417,-655,1302,-8674,0,0
889,-835,-411,-696,828,-7954,0,0
401,-441,-216,-232,650,-6519,0,0
-538,-98,-249,-514,780,-5346,0,0
-1175,199,-85,-575,399,-3446,0,0
-293,-4,112,-159,975,-3508,0,0
983,16,14,-612,38,-2483,0,0
-398,117,118,-300,74,-2811,0,0
298,149,207,-388,19,-2444,0,0
743,172,171,-53,-340,-2815,0,0
612,316,163,0,-454,-2963,0,0
219,334,162,123,-234,-3307,0,0
401,144,112,98,-169,-3881,0,0
469,32,-18,87,-289,-4221,0,0
343,119,-72,215,-401,-4333,0,0
71,314,46,472,-298,-6168,0,0
-324,401,176,662,-450,-3362,0,0
-714,356,282,704,-345,-2345,0,0
-833,159,216,607,-296,-1814,0,0
-953,-27,306,640,-374,-1354,0,0
-310,-198,320,113,-122,-1235,0,0
286,-278,128,-1027,55,-1634,0,0
-108,-318,154,-1071,286,-3028,0,0
-85,-438,496,-847,700,-6032,0,0
510,-371,348,-295,785,-9370,0,0
237,203,-40,118,1328,-11069,0,0
1086,534,-158,675,1631,-11602,0,0
1846,593,-500,448,424,-10612,0,0
237,579,-781,-241,120,-6726,0,0
-817,-278,-778,-1025,-490,-2807,0,0
-2314,-967,-286,127,-548,-466,0,0
-1869,-992,154,1835,-814,-702,0,0
128,-484,89,2051,-1150,-494,0,0
883,-22,84,-14,-638,113,0,0
541,147,61,-1223,-106,-125,0,0
595,-86,24,-382,54,-913,0,0
-154,-315,140,-458,-7,-1236,0,0
-815,-700,18,-2067,703,-2706,0,0
-269,-930,-480,-2279,690,-3406,0,0
-253,-284,-252,-1028,51,-1925,0,0
-234,422,329,-454,647,-3398,0,0
1737,939,261,1247,-683,-4845,0,0
2428,1364,-245,1809,-1420,-6065,0,0
196,1210,-684,409,-785,-5325,0,0
-1656,17,-272,-859,1776,-7091,0,0
1998,-1176,-233,-1489,-635,-8720,0,0
-990,-196,224,-165,-375,-7090,0,0
-684,-336,134,-87,491,-5378,0,0
443,-538,-405,-784,-5,-5416,0,0
135,-132,-191,-650,113,-4149,0,0
-287,140,169,-636,2,-3173,0,0
-621,123,209,-300,23,-3240,0,0
-60,75,201,-119,-206,-3330,0,0
32,158,255,-199,90,-2966,0,0
309,191,196,-204,-448,-2995,0,0
41,203,172,-44,-481,-3567,0,0
-16,164,197,21,-376,-3539,0,0
168,20,112,45,-308,-3753,0,0
334,-38,2,-92,-256,-4134,0,0
336,-7,-10,-163,-408,-3906,0,0
-141,48,31,-31,-348,-3970,0,0
-254,47,48,115,-308,-3845,0,0
-137,16,68,265,-631,-3323,0,0
-697,54,25,364,-514,-2827,0,0
-1062,88,69,447,-150,-2351,0,0
-525,229,87,-324,338,-2240,0,0
-268,465,61,-1092,204,-1801,0,0
-726,245,521,-625,568,-3734,0,0
411,13,614,-921,1379,-6666,0,0
711,84,-73,-181,1021,-9372,0,0
1343,111,-357,1148,585,-10604,0,0
2201,26,-637,894,-163,-10553,0,0
606,-13,-799,-503,-147,-6838,0,0
-1103,-856,-462,-1615,25,-2549,0,0
-1546,-1654,295,206,-686,-1856,0,0
221,-1278,167,3106,-1355,-1546,0,0
188,-137,-46,2857,-1418,-815,0,0
-1301,656,-232,-1636,53,-993,0,0
-198,407,-126,-1567,817,-2454,0,0
1606,71,-102,-2055,178,-2348,0,0
-744,-20,-145,-3005,-14,-2653,0,0
-414,-217,310,-1735,1091,-2610,0,0
713,138,-83,-1372,49,-935,0,0
-379,780,74,143,-197,-212,0,0
957,998,224,2289,261,-2904,0,0
1244,1187,-76,2620,-2008,-5407,0,0
-530,547,276,2367,-432,-7288,0,0
-321,-805,-366,-371,714,-7100,0,0
748,-1326,-183,-2104,-357,-7878,0,0
98,-379,625,295,-1237,-6859,0,0
-531,73,560,1494,-700,-5296,0,0
626,209,-498,-478,-252,-3868,0,0
-479,444,-400,-753,67,-2879,0,0
-320,416,273,-243,246,-2322,0,0
349,193,286,-13,-252,-2689,0,0
159,-72,280,247,-678,-3691,0,0
469,-230,174,114,-709,-3978,0,0
412,-205,-43,-252,-700,-4091,0,0
-176,-24,25,-204,-607,-3955,0,0
-284,9,115,-9,-528,-3829,0,0
-182,-46,37,60,-682,-3610,0,0
-178,-112,25,335,-584,-3531,0,0
54,-183,-1,256,-605,-3193,0,0
-339,-51,49,114,-519,-2622,0,0
-804,243,92,-202,-194,-2035,0,0
-1057,514,206,-471,100,-1634,0,0
-637,324,366,-75,-77,-2604,0,0
-312,4,644,10,4,-5134,0,0
233,-208,484,-161,615,-8786,0,0
981,74,-97,251,561,-10580,0,0
499,618,-547,314,1023,-11271,0,0
1451,689,-522,651,241,-10295,0,0
912,593,-570,289,-206,-7224,0,0
-70,-243,-530,-132,-251,-2629,0,0
-1919,-954,9,98,-967,378,0,0
-3952,-622,360,934,-635,1615,0,0
-1240,-816,438,2565,-1710,415,0,0
996,-933,397,527,-1043,-544,0,0
870,-515,-22,-1825,76,-1977,0,0
796,-226,-229,-1192,600,-2684,0,0
-307,-195,-386,-2602,568,-2312,0,0
-1164,-637,-162,-2673,1248,-3540,0,0
612,-625,-245,-1624,821,-2851,0,0
-718,449,183,-687,138,-1625,0,0
-894,985,827,1398,921,-3327,0,0
2596,1160,325,2683,-113,-4822,0,0
1211,1165,-29,2113,-1234,-6456,0,0
-778,338,-234,1106,142,-6327,0,0
-1395,-726,-648,-714,1905,-7540,0,0
691,-934,21,-524,720,-6648,0,0
-19,-505,839,87,542,-5455,0,0
155,-226,593,75,547,-4534,0,0
967,238,189,-699,-186,-2902,0,0
-396,506,284,-564,-146,-2626,0,0
-144,298,259,-372,131,-2348,0,0
796,-226,-18,82,-205,-3304,0,0
1142,-563,-126,-19,-481,-4137,0,0
795,-388,-240,-367,-643,-4280,0,0
-145,-116,-199,-342,-395,-4456,0,0
-33,16,-52,-179,-460,-3973,0,0
-406,153,-98,-153,-400,-3451,0,0
-1148,140,-133,11,-238,-2907,0,0
-1072,-81,-52,110,-314,-2310,0,0
-1348,-265,-207,-13,-1170,-1434,0,0
-2166,-474,-516,143,-540,-1160,0,0
-791,-744,-971,-748,393,-1969,0,0
-985,-487,-980,-1992,1451,-2860,0,0
-942,-285,-529,-2365,2498,-4828,0,0
-163,-203,35,-1797,2920,-6883,0,0
519,176,220,-1229,3167,-7727,0,0
651,596,258,-1022,2953,-8084,0,0
476,731,503,-194,2786,-8750,0,0
1428,822,410,-318,2166,-9008,0,0
997,907,318,-269,2027,-9315,0,0
1087,678,135,-581,1468,-7408,0,0
715,147,150,-472,697,-3599,0,0
767,-682,136,696,-808,245,0,0
496,-701,-114,1466,-1011,2362,0,0
-318,-275,153,1899,-1333,3054,0,0
-888,-218,300,-1174,-654,1277,0,0
-909,-446,290,-1391,-164,-1403,0,0
-158,-660,406,-1431,-191,-3113,0,0
-405,-574,-254,-2982,-229,-3239,0,0
-1342,-466,-517,-2648,750,-2754,0,0
-1236,-75,-175,-1414,675,-1227,0,0
-1238,283,381,-97,793,-1472,0,0
1318,127,383,1663,695,-4570,0,0
2851,532,-190,1144,-334,-6904,0,0
451,352,-327,-529,951,-7731,0,0
-569,-659,-1004,-1659,1806,-7899,0,0
484,-1248,-1055,-1580,1541,-8311,0,0
924,-503,30,-420,252,-6659,0,0
436,249,277,40,311,-5489,0,0
839,891,-204,-890,-175,-3376,0,0
-878,1264,-147,-896,-127,-1767,0,0
-750,980,136,-411,416,-1678,0,0
-1,330,221,282,177,-2529,0,0
882,-232,177,-61,399,-3340,0,0
2439,-543,53,-600,178,-4057,0,0
2131,-349,22,-973,-831,-4085,0,0
-300,180,337,-783,-729,-3886,0,0
-1481,338,526,-461,-333,-3941,0,0
-237,47,517,-382,-262,-4159,0,0
1105,-167,289,-501,-966,-6224,0,0
461,-83,143,-351,-1119,-4294,0,0
-142,19,22,-323,-825,-4273,0,0
-44,33,-51,-334,-736,-4150,0,0
69,41,-95,-484,-716,-4132,0,0
-99,135,-56,-545,-731,-3978,0,0
-248,179,22,-423,-537,-3904,0,0
-79,132,50,-328,-638,-3749,0,0
-161,39,12,-263,-569,-3864,0,0
-463,-17,-77,-221,-421,-3939,0,0
-723,-75,-185,-66,-280,-3999,0,0
-366,-154,-304,-179,-224,-4020,0,0
-112,-164,-325,-391,-385,-3984,0,0
-496,-55,-136,-207,-516,-3853,0,0
-2800,41,28,53,-672,-3163,0,0
-1223,35,-29,266,-1003,-1957,0,0
-1072,-233,-158,334,-400,-747,0,0
431,-730,-520,-366,-303,-795,0,0
-357,-618,-531,-1120,169,-1580,0,0
-791,-505,-160,-987,747,-3421,0,0
-587,-346,66,-1249,864,-5768,0,0
-328,-34,29,-1590,1414,-7023,0,0
658,14,-147,-1793,1429,-8345,0,0
565,246,-174,-1738,1380,-9159,0,0
387,453,-251,-1718,1796,-10146,0,0
419,639,-186,-2050,2019,-10509,0,0
55,863,108,-2189,1902,-9824,0,0
-203,881,596,-1350,546,-6356,0,0
-1464,350,835,37,-766,-1640,0,0
-1105,-504,545,642,-808,677,0,0
952,-515,79,1649,-1186,1960,0,0
568,-144,300,2233,-1695,1938,0,0
-498,-58,187,-743,-582,459,0,0
-347,-142,-81,-1829,-23,-1248,0,0
-381,-393,-210,-1721,13,-1704,0,0
-1753,-752,-556,-3035,854,-2544,0,0
-493,-1074,-565,-2438,1629,-3032,0,0
161,-608,-132,-1478,391,-1801,0,0
-750,44,542,274,1227,-3072,0,0
2611,238,641,2107,2352,-8420,0,0
3081,2270,403,-1370,-277,-7966,0,0
-1956,2851,648,592,207,-4664,0,0
-1223,569,179,1516,1002,-4543,0,0
1056,-887,-939,-1733,1215,-5233,0,0
893,-865,-418,-226,160,-5925,0,0
-907,-224,560,871,146,-4542,0,0
-614,-83,391,620,654,-3769,0,0
854,-107,-412,-237,372,-3176,0,0
993,18,-418,-452,584,-2926,0,0
842,137,-207,-573,305,-2723,0,0
-191,109,121,-64,230,-2914,0,0
-265,-346,182,38,468,-3471,0,0
1137,-845,-96,-574,231,-4260,0,0
1798,-895,-316,-1167,-332,-4653,0,0
1321,-591,-320,-1294,-566,-4822,0,0
371,-92,-219,-1304,-535,-4650,0,0
-413,371,61,-986,-531,-4075,0,0
-564,461,165,-564,-333,-3973,0,0
-515,347,139,-263,-362,-3739,0,0
-487,70,59,-266,-40,-3972,0,0
306,-132,-54,-593,-197,-3941,0,0
179,-70,-8,-705,-466,-3881,0,0
-2328,75,114,-517,-379,-3761,0,0
40,8,-12,-419,-240,-3605,0,0
186,-140,-70,-245,-559,-3523,0,0
-566,-168,93,132,-366,-3318,0,0
-734,-231,71,172,-153,-2743,0,0
-733,-210,12,-141,-204,-1899,0,0
-1629,-2152,218,-412,24,-1597,0,0
-1650,96,406,-1312,986,-1740,0,0
-225,19,345,-1414,892,-2745,0,0
2,-68,611,-1349,1292,-4908,0,0
1152,-38,326,-1319,912,-6761,0,0
537,-61,-98,-718,985,-9236,0,0
1681,-177,-568,-648,785,-11087,0,0
1117,158,-1188,-807,1112,-11619,0,0
434,548,-1246,-1871,2122,-9372,0,0
385,463,-117,-2534,1136,-5185,0,0
-2772,-8,1302,-953,-524,-1161,0,0
-2441,-1372,993,1632,-907,-2066,0,0
742,-1401,362,2461,-3033,-1494,0,0
-638,172,579,2316,-2380,-231,0,0
-1025,879,118,-1460,-285,-493,0,0
120,693,-347,-3457,356,-156,0,0
1067,68,13,-2572,623,-724,0,0
267,-495,1,-2838,128,-1594,0,0
-3056,-1066,-356,-1719,1015,-2802,0,0
478,-842,-932,-908,378,-1805,0,0
-848,217,-92,475,466,-2242,0,0
806,560,224,1324,1038,-4660,0,0
2197,1112,-287,-294,127,-5616,0,0
-991,968,524,-89,1231,-5970,0,0
-834,-439,104,-2113,1801,-6291,0,0
781,-1460,-846,-2536,423,-7688,0,0
614,-1017,-455,-823,-850,-6876,0,0
-1210,-328,-168,348,253,-6127,0,0
253,112,-827,-599,638,-4669,0,0
-1,624,-835,-1145,733,-3616,0,0
-654,1010,69,-1334,1173,-2961,0,0
-200,972,555,-1269,707,-2379,0,0
-351,493,701,-383,500,-2868,0,0
275,24,452,-423,393,-3685,0,0
227,10,263,-530,192,-4221,0,0
-518,319,368,-241,358,-4241,0,0
-644,391,309,-99,603,-4065,0,0
9,202,135,-54,658,-3865,0,0
365,70,4,-257,525,-3887,0,0
200,75,38,-196,552,-3762,0,0
124,80,124,-171,527,-3684,0,0
-102,104,240,31,499,-3597,0,0
-521,69,271,196,620,-3630,0,0
-504,42,342,328,566,-3520,0,0
-667,16,498,330,482,-3118,0,0
-667,-105,471,305,275,-2554,0,0
16,-412,157,638,-213,-1813,0,0
1961,-968,-439,878,-875,-980,0,0
3179,-1390,-1226,-702,-968,-809,0,0
1723,-1251,-1530,-3149,-356,-1174,0,0
-1980,-699,-755,-3692,1023,-4585,0,0
-684,-441,25,-2642,1261,-8224,0,0
-298,105,88,-2038,1264,-9734,0,0
-440,728,8,-1711,1882,-9881,0,0
808,1082,-22,-1865,1280,-9831,0,0
453,1312,121,-1489,939,-9101,0,0
626,977,-62,-1751,466,-7449,0,0
138,378,-249,-2063,-285,-4866,0,0
-1721,-249,112,-1171,-158,-1337,0,0
-2031,-898,279,1296,-236,1040,0,0
-974,-1106,-269,3247,-1553,258,0,0
523,-850,-100,3162,-800,-710,0,0
1484,-236,-460,-1676,-245,-1255,0,0
447,182,-656,-2937,641,-1881,0,0
52,-43,-642,-3756,1021,-1595,0,0
-1875,-494,-98,-3716,1058,-2361,0,0
-708,-729,255,-1603,1345,-2334,0,0
318,-82,212,-329,438,-1349,0,0
39,549,1026,2015,240,-3060,0,0
2925,775,1042,1946,977,-6199,0,0
2689,1517,-267,-2252,-1325,-6585,0,0
-909,1157,629,-843,508,-5972,0,0
-1251,-2392,373,-247,384,-7001,0,0
158,-886,-188,-1302,-352,-6428,0,0
102,-673,-96,-263,-451,-6091,0,0
292,-148,-26,-322,-273,-4899,0,0
-767,683,54,-573,404,-3429,0,0
-454,833,283,-448,809,-2848,0,0
430,550,387,-298,205,-2456,0,0
446,242,199,-80,91,-2663,0,0
-330,69,109,-47,141,-3574,0,0
-819,8,68,-293,531,-3967,0,0
191,-118,-73,-225,383,-4104,0,0
875,-115,-85,-313,-85,-4269,0,0
-81,53,89,-251,9,-4051,0,0
-228,41,174,-218,318,-4134,0,0
419,-71,160,-193,-118,-3675,0,0
41,-82,132,-177,25,-3945,0,0
-608,13,128,-157,-18,-3893,0,0
-550,-34,124,-5,339,-3555,0,0
186,-224,-15,-109,119,-3533,0,0
-158,-109,120,-27,-409,-3052,0,0
-904,183,519,-79,82,-2351,0,0
-316,420,691,-779,186,-2024,0,0
112,585,549,-1331,332,-2223,0,0
352,195,412,-404,629,-4413,0,0
1035,-103,91,-113,796,-7126,0,0
1532,-160,-567,333,643,-9328,0,0
1532,-76,-1121,80,330,-10158,0,0
612,70,-1119,-225,178,-8649,0,0
115,-531,-917,-1877,476,-5502,0,0
53,-1641,-721,-3378,5,-2353,0,0
-1386,-2282,292,-585,-2151,-1412,0,0
-1972,-1668,489,2719,-1747,-2864,0,0
-213,-657,-208,2651,-1402,-2853,0,0
-341,326,-402,-1060,11,-1965,0,0
-297,778,-425,-2132,553,-1984,0,0
864,564,-182,-2269,1046,-1365,0,0
407,41,-329,-3446,284,-1587,0,0
-644,-293,117,-2337,742,-2588,0,0
527,137,111,-1068,326,-1187,0,0
-812,1052,516,-155,331,-1034,0,0
-122,1253,1354,1134,651,-4037,0,0
2482,941,1027,1721,-1200,-7036,0,0
741,271,31,1424,-1367,-7345,0,0
-2218,-482,-1073,-1267,1093,-6165,0,0
451,-1339,-1643,-2633,586,-6236,0,0
1500,-1088,-556,-919,-871,-5584,0,0
-589,-25,327,-259,-157,-5013,0,0
-728,320,106,-691,257,-4251,0,0
-93,330,-196,-961,121,-3545,0,0
-247,528,-3,-1086,214,-3141,0,0
-464,530,291,-554,222,-3026,0,0
-100,220,359,-239,327,-3341,0,0
751,-119,118,-551,99,-3682,0,0
975,-147,29,-876,-132,-3872,0,0
355,28,122,-905,-271,-3973,0,0
-189,201,308,-732,-248,-3921,0,0
-340,173,407,-409,-294,-3929,0,0
-116,-58,318,-307,-292,-4059,0,0
122,-186,70,-434,-329,-4101,0,0
-23,-158,-111,-672,-93,-4070,0,0
-30,-88,-136,-677,-41,-3870,0,0
-296,30,6,-393,4,-3658,0,0
-475,163,266,-64,-150,-3186,0,0
-764,363,577,71,-281,-2486,0,0
-774,575,781,-374,69,-1956,0,0
83,710,628,-1328,430,-1898,0,0
-82,653,660,-1031,365,-3433,0,0
598,172,777,-207,494,-7149,0,0
2971,-108,-250,378,-1158,-9009,0,0
727,-50,-1403,-16,-1045,-10646,0,0
1499,-441,-2045,-936,-790,-9484,0,0
502,-491,-1602,-1447,-490,-6487,0,0
-2720,-423,-14,-2135,326,-2565,0,0
-5387,-1007,410,-1122,-176,-569,0,0
-3763,-1417,226,2569,340,-1185,0,0
1343,-1388,179,3517,-939,-2409,0,0
741,-239,458,258,-178,-1719,0,0
-699,331,-95,-1591,856,-1888,0,0
1105,-102,-394,-1213,1124,-2141,0,0
1039,-293,-577,-3013,621,-2214,0,0
-639,-293,-108,-2063,910,-2458,0,0
-368,-55,237,-743,892,-2238,0,0
30,597,436,-1222,490,-1742,0,0
1072,902,792,58,506,-3599,0,0
2959,1421,773,13,272,-4974,0,0
-43,1361,719,5,-586,-5163,0,0
-1591,-69,822,1114,645,-5612,0,0
369,-1564,-613,-1312,606,-7567,0,0
774,-1218,-994,-1530,-636,-6495,0,0
-1564,-196,-212,-708,623,-5546,0,0
296,63,-221,-953,541,-4214,0,0
278,354,-391,-1296,226,-3480,0,0
-906,736,-39,-879,878,-3004,0,0
-176,574,224,-469,875,-2852,0,0
170,174,299,-154,631,-3328,0,0
313,-176,76,-244,633,-3804,0,0
505,-266,-284,-593,345,-4147,0,0
60,-43,-251,-700,683,-4444,0,0
206,141,-42,-494,493,-3875,0,0
335,68,50,-319,369,-3812,0,0
191,43,48,-375,379,-4390,0,0
144,116,22,-291,153,-4035,0,0
156,135,-4,-353,269,-4105,0,0
160,166,14,-377,253,-4000,0,0
-85,154,83,-212,186,-3751,0,0
-31,86,98,-95,190,-3685,0,0
208,12,136,68,-35,-3450,0,0
426,-56,183,-87,-182,-3215,0,0
221,20,191,-290,-328,-2856,0,0
-487,267,390,-230,-53,-2152,0,0
187,386,371,-626,452,-1949,0,0
767,276,179,-1380,163,-2328,0,0
605,301,468,-1201,-76,-4967,0,0
540,476,510,-459,-316,-7268,0,0
759,122,156,1093,-733,-9661,0,0
1743,-170,-563,966,-1286,-11528,0,0
468,-68,-1166,-230,-1435,-9379,0,0
598,-479,-1136,-1768,120,-5046,0,0
366,-1264,-243,-2142,-702,-1737,0,0
-2216,-1571,726,217,-1240,-218,0,0
-2588,-1283,504,2564,-1254,183,0,0
-1566,-782,313,2573,-829,-58,0,0
261,-557,-56,-1407,-17,-1449,0,0
598,-301,-192,-2053,110,-2933,0,0
1410,-242,-75,-2266,172,-3059,0,0
-784,12,-296,-3308,56,-2725,0,0
-2650,-8,24,-2230,1245,-2325,0,0
-867,16,125,-1397,1019,-1405,0,0
-70,502,414,-531,279,-1799,0,0
651,953,758,1438,236,-3884,0,0
2862,971,222,1107,-854,-5616,0,0
78,159,264,168,-172,-6101,0,0
-1214,-1463,-853,-2421,1470,-7610,0,0
1899,-2314,-1371,-3382,-511,-7952,0,0
719,-913,70,-1495,-1542,-7188,0,0
-826,450,372,-485,-270,-5827,0,0
-428,885,-276,-1018,19,-3838,0,0
-535,1081,-266,-1166,751,-3028,0,0
168,1021,2,-1400,553,-2509,0,0
-160,802,414,-871,267,-2961,0,0
127,390,487,-795,38,-3458,0,0
1085,69,247,-851,-377,-3811,0,0
1067,142,100,-929,-730,-3956,0,0
170,418,189,-659,-631,-3703,0,0
-212,435,290,-405,-609,-3869,0,0
-22,380,311,-442,-430,-3765,0,0
143,200,147,-286,-489,-3568,0,0
257,3,-34,-311,-648,-3604,0,0
-126,36,0,-416,-664,-3707,0,0
-686,52,89,-335,-388,-3725,0,0
-230,-96,-16,-363,-286,-4193,0,0
-53,-79,-87,-307,-591,-4023,0,0
-372,12,-52,-260,-51,-3826,0,0
-497,-34,-92,-221,-241,-3757,0,0
-435,-125,-89,-215,154,-3877,0,0
-133,-198,-60,-246,-7,-3809,0,0
-367,-242,89,71,-12,-3415,0,0
-345,-225,209,77,35,-3146,0,0
-692,-29,516,-1,-20,-2588,0,0
-644,177,933,-424,447,-2040,0,0
67,408,1086,-1231,158,-1573,0,0
-277,534,1160,-1305,518,-2549,0,0
254,160,893,-1154,712,-5884,0,0
1275,-81,351,-270,-57,-8037,0,0
1900,-238,-347,-9,-478,-10580,0,0
2958,-171,-866,-70,-1486,-11363,0,0
3743,121,-1342,-797,-2733,-10354,0,0
1507,405,-1511,-1207,-1852,-6589,0,0
-1109,-2112,-1062,-787,-142,-2565,0,0
-2764,-1097,-417,-509,-175,-713,0,0
-4053,-1191,243,693,-713,838,0,0
-2972,-1120,284,2505,-477,-528,0,0
278,-947,271,2501,-889,-801,0,0
1006,-243,-51,-2274,150,-1058,0,0
-481,152,-29,-2090,164,-2308,0,0
-609,79,499,-1669,859,-2227,0,0
-796,-281,476,-2408,713,-2972,0,0
-1029,-517,226,-1794,804,-3279,0,0
-239,56,137,-874,380,-1312,0,0
-1642,677,609,239,489,-2584,0,0
554,809,748,732,1172,-5267,0,0
3182,952,-51,577,-644,-7192,0,0
285,598,-120,599,233,-6660,0,0
-802,-287,-472,-2454,1895,-6139,0,0
1624,-1120,-313,-1276,-80,-6614,0,0
1699,-842,505,1325,-1344,-5295,0,0
-450,-311,98,705,-111,-4363,0,0
-373,-312,-750,122,-4,-3362,0,0
-43,-220,-734,-2520,676,-2414,0,0
106,-72,-521,-1757,851,-2299,0,0
-243,-135,35,-1587,788,-2886,0,0
120,-249,350,-1227,506,-3462,0,0
673,-288,321,-1503,183,-4075,0,0
584,-355,338,-1560,-573,-4394,0,0
251,-404,519,-1199,-813,-5110,0,0
712,-213,316,-1357,-1080,-4842,0,0
288,71,55,-1526,-1246,-4457,0,0
-421,277,-33,-1477,-755,-4347,0,0
-447,369,-80,-1227,-683,-3858,0,0
-285,306,-142,-1071,-425,-3575,0,0
73,187,-159,-927,-307,-3599,0,0
184,86,-138,-881,-388,-3528,0,0
53,23,-152,-896,-322,-3517,0,0
-73,-17,-128,-917,-270,-3596,0,0
79,-79,-54,-832,-413,-3657,0,0
124,-48,-1,-875,-489,-3619,0,0
13,-34,-17,-1080,-546,-3744,0,0
6,-110,-71,-1005,-688,-3857,0,0
67,-216,-136,-984,-494,-4435,0,0
127,-257,-267,-991,-578,-4485,0,0
172,-224,-467,-1294,-210,-4584,0,0
-141,-15,-416,-1484,-261,-4054,0,0
-915,207,-78,-965,-113,-3766,0,0
-779,280,151,-533,-60,-3596,0,0
-368,239,123,-434,-15,-3510,0,0
-304,-24,139,-92,-40,-2672,0,0
449,-227,-14,-365,100,-2702,0,0
249,85,-64,-1402,52,-2534,0,0
101,406,195,-1386,110,-2776,0,0
166,506,347,-1208,-696,-3980,0,0
30,466,272,-1342,-514,-7074,0,0
531,503,-171,-1609,-819,-8817,0,0
-239,481,-217,-555,259,-10053,0,0
1077,225,-625,-1131,-107,-9446,0,0
-1327,241,-424,-2738,-80,-6089,0,0
-2497,-480,310,-1921,-251,-2345,0,0
-2114,-1319,238,-200,-714,-790,0,0
-1753,-1124,-306,931,-334,-771,0,0
-702,-652,201,3229,-704,-1355,0,0
-15,-48,725,861,-17,-1338,0,0
164,186,107,-619,116,-2276,0,0
707,81,-307,-247,366,-2438,0,0
540,107,-774,-2904,1155,-3952,0,0
371,-404,-812,-3365,1624,-2750,0,0
2144,-497,-392,-1370,663,-2932,0,0
773,841,222,-999,90,-2345,0,0
73,1605,586,-270,324,-3523,0,0
1988,1701,277,540,-743,-4616,0,0
-507,1319,744,836,-907,-4991,0,0
-1459,-132,572,232,650,-5748,0,0
-70,-1775,-1093,-1759,-66,-7737,0,0
-526,-1425,-1029,-1625,9,-6294,0,0
-1660,-484,-185,-1552,1719,-5336,0,0
741,-405,17,-1493,960,-4590,0,0
1107,-21,76,-1408,361,-4414,0,0
29,742,227,-1474,-22,-3748,0,0
-1226,1192,667,-832,204,-3104,0,0
-682,903,733,-245,347,-2969,0,0
402,332,425,255,137,-3204,0,0
824,32,-89,-210,91,-3655,0,0
301,54,-326,-547,80,-3621,0,0
-357,148,-172,-455,524,-3839,0,0
4,132,-10,-442,518,-3914,0,0
141,80,116,-233,283,-4071,0,0
174,72,137,-51,231,-4249,0,0
375,104,47,-163,22,-4125,0,0
-59,167,4,-159,95,-3939,0,0
-281,156,33,-108,388,-3899,0,0
69,77,35,-138,232,-3785,0,0
196,6,100,-106,165,-3744,0,0
271,-69,104,-98,-43,-3787,0,0
250,-121,101,-122,-150,-3956,0,0
334,-179,36,-138,-238,-4010,0,0
267,-238,-79,-167,-217,-4073,0,0
135,-257,-157,-47,-146,-3953,0,0
-67,-210,-188,186,-72,-3604,0,0
-548,-47,-64,361,-104,-2778,0,0
-1401,227,233,105,214,-1929,0,0
-1072,395,350,-919,634,-1631,0,0
160,386,282,-1630,497,-1329,0,0
-186,72,369,-1699,125,-2868,0,0
-630,-22,715,-1364,416,-4826,0,0
-1750,32,676,-2496,902,-6564,0,0
-771,-248,119,71,2122,-8337,0,0
1070,-276,-700,-659,1956,-9585,0,0
766,62,-793,-707,2170,-10438,0,0
1424,421,-862,-866,1936,-9013,0,0
1891,154,-1193,-1248,1545,-6450,0,0
630,-586,-1061,-1444,784,-2569,0,0
-2011,-1151,-113,291,290,-912,0,0
-2481,-820,203,2281,-256,-778,0,0
-1650,-320,85,2677,-784,-670,0,0
-147,-108,415,-28,172,-832,0,0
906,119,281,-2161,328,-1185,0,0
125,87,339,-1422,648,-1525,0,0
-574,69,395,-1663,637,-1236,0,0
-571,-70,545,-1074,455,-1500,0,0
5,-9,738,-238,330,-1902,0,0
977,462,681,-338,158,-2668,0,0
1592,930,562,639,410,-5039,0,0
1858,1095,7,1219,46,-5687,0,0
496,406,-300,1644,749,-5026,0,0
-1513,-327,-882,-1952,2324,-4923,0,0
-1237,-1430,-1173,-2119,1932,-7349,0,0
863,-1560,-195,-715,1028,-7663,0,0
758,-870,-255,-776,517,-7103,0,0
71,-153,-602,-933,568,-5913,0,0
-124,566,-487,-1172,1143,-4296,0,0
172,870,-96,-1226,1075,-3134,0,0
-60,933,424,-591,665,-2382,0,0
-574,800,675,-291,634,-2387,0,0
115,437,587,-119,315,-2572,0,0
998,-38,379,113,21,-3244,0,0
1543,-230,92,-43,-306,-3462,0,0
369,-132,-96,-191,-429,-4002,0,0
-609,48,-143,-270,-120,-4054,0,0
-322,50,-128,-187,135,-4147,0,0
116,26,-69,-230,27,-4163,0,0
28,93,-15,-84,179,-4063,0,0
-40,101,-104,-138,230,-4050,0,0
-65,101,-77,-214,204,-3898,0,0
-194,117,-7,-200,245,-3840,0,0
-221,108,48,-260,271,-3851,0,0
-185,60,91,-194,241,-3836,0,0
-19,-39,61,-56,319,-4098,0,0
142,-70,-48,-115,224,-4060,0,0
57,-62,-115,-125,334,-4121,0,0
8,-30,-124,-171,292,-3979,0,0
-121,4,-52,-103,379,-3978,0,0
30,-25,-49,-199,329,-3914,0,0
18,-63,-64,-246,275,-3830,0,0
22,-88,-76,-230,341,-3955,0,0
-157,-53,16,-292,462,-3979,0,0
-103,-63,144,-277,561,-4189,0,0
75,-56,211,-151,284,-3965,0,0
48,-85,235,-142,329,-4039,0,0
1,-82,251,-302,364,-4103,0,0
-60,-58,309,-261,442,-4139,0,0
33,-39,294,-270,244,-3985,0,0
-165,-19,311,-194,249,-3932,0,0
2,-85,228,-229,250,-3936,0,0
30,-81,127,-415,130,-4064,0,0
-308,-22,91,-353,168,-4005,0,0
-159,-33,19,-381,239,-4081,0,0
-147,-3,10,-233,218,-3826,0,0
-232,-37,-3,-12,282,-3527,0,0
-423,-68,-21,52,177,-2906,0,0
-1071,-141,149,287,126,-2116,0,0
-992,-359,311,385,238,-1774,0,0
-35,-505,347,-52,203,-1874,0,0
589,-323,309,-903,207,-2136,0,0
-153,10,342,-1174,682,-3036,0,0
-968,11,344,-1034,1300,-5256,0,0
63,80,-16,-950,1982,-7195,0,0
573,-44,-543,-561,2290,-9557,0,0
1277,-99,-1149,-1369,2661,-11218,0,0
1114,234,-1122,-2003,2100,-9776,0,0
494,355,-853,-2242,1517,-7204,0,0
-304,-2344,-1031,-2487,673,-2633,0,0
-2019,-1478,-848,-1406,830,-188,0,0
-1500,-2139,-306,940,-2,-544,0,0
116,-1677,253,3049,-924,-2791,0,0
1189,-517,430,1747,-745,-2274,0,0
23,414,-2,-1096,98,-1845,0,0
-61,346,-98,-1017,719,-1842,0,0
1175,65,-253,-2069,628,-1634,0,0
-1059,-63,-13,-2894,1074,-1406,0,0
-1026,-381,273,-1682,1272,-2002,0,0
-330,46,442,-937,501,-1354,0,0
-1474,867,1301,-1366,1215,-2210,0,0
650,1116,1898,-163,1435,-4942,0,0
2186,1042,1505,527,724,-7399,0,0
560,624,505,-508,1738,-7438,0,0
-1508,-29,-767,-3011,3003,-7526,0,0
1205,-928,-738,-1667,1616,-8330,0,0
2314,-250,-92,-134,-389,-5859,0,0
-1085,873,-12,42,474,-3256,0,0
-1072,910,-128,114,1183,-2001,0,0
776,739,-248,-443,927,-1260,0,0
-206,590,-153,-1092,890,-1831,0,0
-408,415,146,-511,1088,-2322,0,0
168,-48,160,-462,967,-3476,0,0
134,-215,-113,-757,597,-3686,0,0
-265,-272,-200,-755,734,-4294,0,0
805,-162,-178,-715,520,-4310,0,0
578,49,-86,-563,137,-4179,0,0
-315,159,24,-332,333,-6344,0,0
98,151,-22,-556,543,-4161,0,0
157,147,-49,-627,369,-4148,0,0
23,84,174,-127,384,-4193,0,0
236,11,246,130,306,-4118,0,0
343,-67,113,-479,511,-4135,0,0
524,30,-141,-715,414,-3827,0,0
-148,189,-73,-269,419,-3900,0,0
-244,169,190,130,530,-3730,0,0
355,-16,170,68,401,-3774,0,0
636,-121,94,-74,167,-3919,0,0
407,-46,186,33,13,-3751,0,0
343,-7,164,95,-29,-3420,0,0
394,-148,172,332,-90,-3499,0,0
381,-245,223,377,-524,-3004,0,0
19,-160,299,248,-684,-2323,0,0
-439,195,202,-654,-199,-2269,0,0
-410,486,31,-902,185,-1942,0,0
946,348,17,-942,209,-5095,0,0
672,779,-118,-724,827,-7415,0,0
-36,494,-1069,-418,572,-8871,0,0
78,139,-1208,44,174,-8414,0,0
599,-478,-1194,16,104,-7864,0,0
297,-1095,-1043,-1205,-400,-5483,0,0
-1824,-1459,-178,-2179,171,-3534,0,0
-2212,-1780,147,-601,-290,-3047,0,0
-1027,-1567,-132,2827,-302,-4428,0,0
61,-67,-171,2437,-203,-2088,0,0
-417,1081,247,-878,1381,-812,0,0
507,995,286,-1648,1010,-1037,0,0
115,608,660,-1439,279,-449,0,0
-1534,126,563,-2207,899,-948,0,0
-531,-747,345,-1433,1049,-3025,0,0
2239,-618,-143,-919,201,-2411,0,0
407,363,-23,-443,-23,-2539,0,0
344,804,142,-419,941,-4779,0,0
2777,762,-73,746,-961,-6989,0,0
-159,682,103,631,-274,-6164,0,0
-1959,-437,-199,-2215,1737,-7183,0,0
1406,-1336,-674,-1343,-891,-7077,0,0
-518,-250,-124,169,-821,-6088,0,0
-847,537,39,186,468,-4438,0,0
972,678,-505,-549,90,-3352,0,0
-178,852,-213,-378,843,-2417,0,0
669,511,118,-153,513,-2361,0,0
496,106,332,237,182,-2979,0,0
534,-116,291,117,-94,-3704,0,0
289,-88,246,-3,-97,-4266,0,0
-255,20,280,-77,-262,-3881,0,0
-784,67,288,-245,35,-3795,0,0
-2608,4,256,-370,260,-3992,0,0
149,-112,184,-434,-82,-3976,0,0
209,-85,191,-351,-227,-4108,0,0
-55,-43,229,-124,-214,-4260,0,0
-47,-42,157,-57,-210,-4196,0,0
-136,-24,56,64,0,-3906,0,0
73,-17,60,243,-143,-3341,0,0
-286,112,259,524,-246,-2715,0,0
-685,306,625,554,-17,-1825,0,0
-500,262,845,241,337,-1021,0,0
948,-204,784,-856,571,-3408,0,0
1036,-398,703,-794,-261,-2898,0,0
-483,-415,492,-360,-248,-6643,0,0
354,-494,-227,-980,-471,-9387,0,0
653,-273,-617,-3192,-14,1287,0,0
1341,61,-795,-996,34,-10663,0,0
935,51,-1384,-2031,357,-7926,0,0
-868,-736,-1771,-2775,1343,-4005,0,0
-1562,-1733,-132,-1080,262,-1611,0,0
-1874,-1837,985,1320,-1831,-1710,0,0
-1430,-1236,353,3898,-2622,-3019,0,0
75,-150,42,1257,-1303,-1875,0,0
117,927,37,-3002,-33,-1843,0,0
375,1048,233,-2333,844,-1507,0,0
-89,512,-171,-2977,765,-937,0,0
-2242,-239,189,-1903,996,-2148,0,0
-35,-584,211,-145,939,-2301,0,0
691,101,-296,-553,110,-1479,0,0
855,486,-100,220,749,-3507,0,0
4182,707,-897,-792,92,-5817,0,0
605,968,-808,-1047,-765,-6621,0,0
-2925,223,599,-517,1529,-6081,0,0
426,-1313,-259,-2189,1232,-8188,0,0
2537,-1026,-356,-550,-2231,-6482,0,0
-1530,618,626,424,-538,-5298,0,0
-543,1064,389,-152,338,-3617,0,0
246,1032,-62,-454,23,-2251,0,0
-315,823,43,-532,394,-1940,0,0
-176,268,334,-533,152,-2583,0,0
660,-203,510,-276,1,-3233,0,0
1556,-520,157,-301,-606,-3772,0,0
783,-431,-71,-426,-972,-4107,0,0
-451,-2216,-133,-649,-703,-3920,0,0
-807,-117,-170,-595,-330,-4062,0,0
-349,-221,-173,-669,-160,-4240,0,0
215,-261,-225,-661,-294,-4305,0,0
-11,-164,-161,-551,-232,-4498,0,0
-148,-30,-75,-570,-78,-4420,0,0
-140,55,-35,-553,27,-4372,0,0
-137,133,98,-561,30,-4330,0,0
-82,199,258,-431,-235,-4035,0,0
18,200,325,-389,-290,-3981,0,0
-5,220,357,-516,-237,-4186,0,0
77,251,421,-481,-272,-4142,0,0
109,243,355,-350,-411,-4151,0,0
-10,234,243,-282,-367,-4107,0,0
29,175,96,-310,-426,-3878,0,0
-7,49,-25,-242,-333,-3728,0,0
106,-101,-141,-304,-328,-3836,0,0
106,-134,-229,-200,-421,-3846,0,0
-148,-37,-237,-319,-281,-4019,0,0
-648,205,-145,-315,-186,-4094,0,0
-930,170,-8,-199,-177,-3494,0,0
-205,-96,-58,-254,-257,-3276,0,0
-409,-275,-181,-65,-366,-2800,0,0
-684,-378,-158,169,419,-2916,0,0
-111,-241,70,-233,165,-2735,0,0
-317,154,184,-1339,137,-2703,0,0
-160,548,435,-2124,1111,-3419,0,0
678,529,914,-1157,1251,-5888,0,0
1697,371,496,-77,779,-8627,0,0
944,626,-394,569,211,-8962,0,0
569,272,-807,667,47,-8834,0,0
1133,-251,-1023,-556,-983,-6029,0,0
-1093,-1024,-582,-3912,318,-2962,0,0
-1897,-2098,134,-2812,340,-1442,0,0
-2561,-2214,622,729,-1026,-2168,0,0
-2216,-797,1035,4412,-1162,-2007,0,0
-837,302,930,410,514,-1454,0,0
152,194,172,-1616,462,-2575,0,0
1519,-480,58,-1182,1023,-4119,0,0
2059,-354,-720,-3790,229,-2964,0,0
-1173,-125,-723,-2807,749,-2972,0,0
-619,204,-391,-1267,794,-1879,0,0
-162,788,-207,-1234,499,-1240,0,0
217,1106,286,672,397,-2162,0,0
2897,985,350,1138,242,-4164,0,0
1512,726,-215,-459,-455,-4613,0,0
-3076,-517,-332,-1687,1021,-5141,0,0
-846,-2615,-722,-1587,1444,-9100,0,0
2159,-2042,-1249,-1534,-1525,-6958,0,0
-1967,-193,-576,-900,493,-5488,0,0
793,225,-555,-1184,1521,-4273,0,0
2516,516,-665,-1881,457,-2780,0,0
57,994,11,-1714,363,-3153,0,0
-1328,809,585,-870,266,-3126,0,0
-1348,248,549,-1122,480,-3894,0,0
730,5,56,-1340,151,-4121,0,0
1110,199,-23,-3224,-539,-3909,0,0
-826,540,245,-769,-444,-3750,0,0
-1605,537,439,-271,476,-3644,0,0
-140,162,111,-546,710,-4048,0,0
874,-66,-226,-770,35,-4067,0,0
202,119,-66,-717,318,-4016,0,0
-153,255,68,-652,429,-3876,0,0
5,175,112,-612,378,-4000,0,0
8,156,128,-582,296,-4036,0,0
-101,203,173,-557,349,-3884,0,0
7,173,216,-550,338,-3868,0,0
-35,151,280,-454,290,-3764,0,0
-80,148,350,-309,421,-3890,0,0
72,111,339,-168,242,-3777,0,0
29,65,278,142,21,-3488,0,0
-85,16,223,276,8,-3106,0,0
-267,-148,157,263,-163,-2563,0,0
-103,-307,131,252,-214,-2452,0,0
383,-116,146,-694,-36,-2479,0,0
357,483,137,-1557,56,-2394,0,0
-948,758,499,-1183,736,-3774,0,0
52,576,739,-1169,1318,-6131,0,0
821,374,-1,-351,979,-8281,0,0
757,-49,-584,398,886,-9983,0,0
1038,-136,-1220,-185,222,-9950,0,0
-47,-73,-994,-897,899,-7181,0,0
-1509,-558,-910,-2119,941,-3382,0,0
-2455,-1741,-672,-977,845,-1413,0,0
-1810,-2060,-253,1437,-394,-1140,0,0
-1414,-1327,158,2973,-896,-1450,0,0
484,-786,427,1352,-70,-1726,0,0
1671,-177,194,-1147,74,-1835,0,0
816,112,-10,-1189,396,-2200,0,0
91,133,-328,-3153,1106,-1399,0,0
-1068,-232,-118,-4060,1584,-2077,0,0
209,-657,279,-1905,1235,-2677,0,0
196,9,283,-833,431,-2145,0,0
-335,811,767,159,425,-3213,0,0
2238,1246,957,359,422,-5219,0,0
925,1470,772,-958,-127,-5933,0,0
-1185,402,615,-1823,1356,-5274,0,0
-530,-1449,-773,-2631,1474,-8376,0,0
1206,-1418,-1213,-1974,-704,-7440,0,0
-1024,-59,-142,-770,193,-5975,0,0
396,387,-246,-443,854,-4845,0,0
1241,698,-813,-827,400,-3345,0,0
-370,1287,-557,-1296,1071,-2804,0,0
-301,1202,-28,-815,1089,-2396,0,0
-131,603,381,69,836,-2992,0,0
444,259,129,-213,714,-3428,0,0
941,156,-181,-206,204,-4022,0,0
924,270,-15,-205,-110,-3576,0,0
133,313,103,-9,77,-3333,0,0
-107,202,106,-243,336,-4015,0,0
-25,135,110,-277,152,-3914,0,0
131,112,133,-309,209,-3894,0,0
301,101,196,-245,-161,-3716,0,0
93,39,262,-173,-92,-3864,0,0
254,-60,185,-202,-299,-3981,0,0
147,-89,91,-129,-612,-3894,0,0
-351,-16,43,-198,-227,-3999,0,0
-478,-17,14,-164,6,-4071,0,0
-63,-110,-41,-129,6,-4027,0,0
-21,-89,-15,-71,24,-4100,0,0
-212,-34,77,-43,95,-3872,0,0
-240,-44,125,7,120,-3750,0,0
-217,-110,89,-163,62,-3465,0,0
-230,-222,73,-276,214,-3517,0,0
-152,-340,81,-400,179,-3766,0,0
-161,-344,139,-268,3,-3786,0,0
-229,-313,268,-28,-95,-3280,0,0
-203,-173,498,-127,-20,-2176,0,0
-128,23,719,-447,230,-937,0,0
154,-104,520,-1037,295,-1807,0,0
-272,-155,237,-1159,132,-4806,0,0
-759,247,140,-1065,1154,-6677,0,0
-166,500,-192,-1182,1470,-7675,0,0
-114,265,-126,-117,1684,-8291,0,0
1182,-215,-410,-721,1495,-10048,0,0
1423,-200,-489,-1194,785,-10231,0,0
420,11,-455,-2186,725,-7029,0,0
-744,-365,-364,-1820,24,-1665,0,0
-2113,-1183,-60,-44,-386,377,0,0
-413,-1646,-313,2293,-1332,-777,0,0
542,-931,-347,3044,-1529,-1207,0,0
-786,200,-107,50,449,-1188,0,0
-516,289,-341,-1451,1045,-2398,0,0
2060,-129,-271,-1275,333,-2908,0,0
840,261,-353,-3085,-34,-2325,0,0
-2001,143,-247,-2674,1226,-1857,0,0
421,-106,-346,-1587,636,-1625,0,0
-7,503,110,-963,579,-1539,0,0
107,1050,569,-209,414,-3983,0,0
-62,1425,913,828,-126,-5581,0,0
-1478,757,989,63,1195,-5328,0,0
-1123,-859,-247,-2137,2421,-7083,0,0
1388,-1991,-1417,-2233,612,-9007,0,0
780,-1075,-600,-1018,-284,-7737,0,0
163,30,-254,-452,664,-5807,0,0
1132,506,-770,-798,139,-4210,0,0
95,1036,-648,-864,576,-2959,0,0
-292,1226,-118,-822,881,-1929,0,0
-399,943,370,-377,751,-1891,0,0
-377,422,504,-341,733,-2432,0,0
326,-72,255,-510,504,-3387,0,0
965,-188,183,-532,-29,-3925,0,0
484,-3,343,-452,-234,-4045,0,0
-548,197,424,-357,-145,-4099,0,0
-635,147,359,-221,106,-4171,0,0
3,58,159,-365,67,-4233,0,0
-248,122,110,-273,37,-4106,0,0
-407,123,100,-199,327,-3937,0,0
68,26,30,-234,410,-4060,0,0
260,3,10,-316,201,-4013,0,0
78,24,50,-301,284,-3885,0,0
155,-31,-33,-319,245,-4004,0,0
276,-78,-46,-439,288,-3974,0,0
510,-104,-90,-568,123,-3967,0,0
-101,44,36,-491,-149,-3552,0,0
-1184,213,261,-314,292,-3230,0,0
-1546,234,390,60,269,-2899,0,0
-1178,-118,340,464,240,-2686,0,0
6,-562,24,457,-27,-2654,0,0
272,-511,-59,-202,232,-3100,0,0
312,75,77,-1230,377,-2599,0,0
-541,551,401,-1678,887,-3167,0,0
309,390,733,-883,1227,-5022,0,0
1811,472,294,-698,576,-5509,0,0
-470,363,-187,361,1131,-7218,0,0
1199,-235,-807,262,1421,-8843,0,0
1114,-125,-953,-284,912,-9594,0,0
294,141,-598,-260,967,-8796,0,0
675,-53,-740,-1702,463,-6455,0,0
-919,-618,-387,-1788,-142,-3177,0,0
-1735,-1451,-110,-431,-71,-1821,0,0
-939,-1475,-258,1539,-421,-1661,0,0
-766,-502,55,2633,-663,-1303,0,0
-46,49,446,1800,-222,-983,0,0
428,422,133,-939,-26,-835,0,0
293,585,204,-924,591,-1218,0,0
515,513,284,-1298,520,-3304,0,0
-690,268,256,-3148,896,-1055,0,0
-1125,-634,43,-2859,1096,-2714,0,0
651,-637,-315,-1158,573,-2609,0,0
-533,615,23,-629,445,-2794,0,0
-763,1434,898,641,845,-6031,0,0
596,1092,1426,2360,1347,-8273,0,0
203,613,637,519,1937,-5927,0,0
-751,-485,-810,-1328,2403,-6467,0,0
1066,-1136,-656,431,719,-7128,0,0
253,-448,89,548,379,-5649,0,0
-141,-128,-235,-144,881,-4695,0,0
982,48,-601,-647,288,-3693,0,0
229,561,-204,-776,492,-2763,0,0
-75,673,222,-521,682,-2418,0,0
499,386,301,56,348,-2407,0,0
517,70,188,134,313,-2790,0,0
269,-209,-47,-65,200,-3250,0,0
383,-401,-183,-343,172,-3807,0,0
442,-333,-196,-361,-143,-3870,0,0
-432,-183,-88,-101,84,-4053,0,0
-385,-174,-138,-357,268,-3990,0,0
-152,-214,-184,-270,385,-4057,0,0
-133,-267,-264,-667,516,-4196,0,0
-163,-243,-265,-788,597,-4307,0,0
-69,-141,-136,-818,735,-4368,0,0
82,-81,-18,-835,543,-4279,0,0
62,-11,72,-675,499,-4296,0,0
219,62,64,-682,351,-4207,0,0
76,93,100,-530,304,-4157,0,0
38,91,94,-458,344,-4149,0,0
226,86,65,-549,271,-4002,0,0
200,70,84,-557,351,-3881,0,0
361,8,107,-513,243,-3909,0,0
534,-12,184,-468,20,-4079,0,0
66,136,248,-476,-99,-3917,0,0
-390,153,221,-378,117,-3856,0,0
-79,52,165,-439,233,-3914,0,0
135,-3,118,-520,101,-3928,0,0
26,-14,150,-554,265,-4033,0,0
256,-87,90,-451,-104,-4257,0,0
299,-42,-53,-346,-171,-4375,0,0
0,20,-128,-350,12,-4261,0,0
-39,76,-125,-246,131,-4020,0,0
-32,108,-17,-160,145,-3766,0,0
-8,107,189,-25,-59,-3414,0,0
-55,116,437,193,-266,-2905,0,0
-406,95,485,489,-917,-2307,0,0
-685,-109,235,580,-690,-2089,0,0
444,-229,-271,-511,-95,-2051,0,0
652,-60,-455,-1522,54,-2471,0,0
127,107,-31,-1024,401,-4029,0,0
182,262,31,-1351,258,-5520,0,0
-680,290,-28,-899,699,-7366,0,0
129,17,34,-386,902,-9266,0,0
1106,-48,-325,-487,402,-10045,0,0
118,-123,-529,-605,1128,-10172,0,0
1096,-566,-654,-1230,1072,-8249,0,0
-406,-742,33,-1432,-1586,-2342,0,0
-3451,-1210,588,491,-1351,-752,0,0
-1012,-901,755,2429,-1483,-1519,0,0
-262,611,1050,2039,-1246,-675,0,0
-1210,1400,1056,-1351,990,-123,0,0
-10,591,557,-1459,639,-1112,0,0
788,-93,362,-1238,306,-1694,0,0
-1138,-122,95,-2300,283,-1858,0,0
-1863,-366,75,-1544,798,-2182,0,0
-348,-230,-261,-1101,329,-1570,0,0
-448,222,-231,-453,545,-2113,0,0
1499,378,-82,1442,467,-3807,0,0
2996,788,-531,1035,116,-6390,0,0
1123,914,-643,708,1026,-6542,0,0
-832,-105,-457,-457,2485,-5766,0,0
-332,-1658,-1065,-1986,1889,-8148,0,0
479,-1420,-855,-719,303,-7111,0,0
-733,-282,-164,-424,1234,-5869,0,0
381,141,-49,-596,924,-4294,0,0
109,593,24,-766,676,-2971,0,0
-521,843,209,-785,793,-2592,0,0
-73,676,412,-601,781,-2495,0,0
658,270,387,-281,379,-2882,0,0
-16,-2,268,-105,320,-3448,0,0
-99,-225,75,-150,614,-3992,0,0
788,-259,-247,-570,272,-4280,0,0
392,52,-129,-754,187,-4117,0,0
-338,280,129,-594,291,-3891,0,0
-623,292,298,-228,439,-4046,0,0
-619,240,275,-285,252,-4174,0,0
-1909,476,380,-361,620,-3977,0,0
-2236,552,386,-221,1269,-3750,0,0
-1153,367,257,41,1563,-3614,0,0
19,92,7,147,1739,-3738,0,0
1064,-56,-249,209,1252,-3682,0,0
859,-38,-315,114,1055,-3686,0,0
335,31,-261,120,914,-3596,0,0
-133,39,-130,73,838,-3617,0,0
-306,44,-1,106,935,-3739,0,0
-174,26,-2,-61,832,-3856,0,0
-490,74,-16,-67,1274,-3429,0,0
10,-126,-177,148,1516,-3695,0,0
843,-258,-374,195,1210,-3750,0,0
1161,-303,-383,199,907,-3785,0,0
875,-215,-254,157,430,-3515,0,0
112,-34,73,254,275,-3141,0,0
-36,282,465,-128,268,-2558,0,0
-241,812,945,-1345,257,-1988,0,0
-788,1238,1590,-1508,407,-2360,0,0
-1541,1012,2053,286,1081,-4363,0,0
233,580,1433,1742,1560,-6135,0,0
1337,97,-97,3478,1341,-7779,0,0
1334,-335,-1245,2477,2000,-9140,0,0
2672,-870,-2150,912,751,-8637,0,0
2305,-1232,-2454,-1453,-533,-6433,0,0
-876,-1165,-1662,-2912,122,-2601,0,0
-4308,-1537,-391,-1595,878,-1081,0,0
-2730,-1419,581,3233,-139,-1155,0,0
-1076,-2432,1270,4262,-555,-624,0,0
387,123,1188,-941,1000,-627,0,0
939,-113,455,-1006,422,-1309,0,0
-523,-465,645,-1897,2083,-2815,0,0
557,-653,-60,-4106,1483,-3499,0,0
-938,-589,-182,-1780,859,-3870,0,0
-386,-41,-82,-185,1372,-2143,0,0
363,342,-180,-194,711,-2034,0,0
999,371,902,1574,1325,-4071,0,0
4630,418,660,1468,748,-5973,0,0
1543,437,-391,-171,133,-5739,0,0
-3342,-552,-319,-706,2903,-6526,0,0
-19,-1730,-1445,-1744,1788,-7046,0,0
1522,-1173,-1392,-1046,-884,-5879,0,0
-895,155,-59,-48,502,-4771,0,0
550,591,223,-125,999,-3855,0,0
907,728,-52,-662,478,-3192,0,0
-211,911,75,-946,712,-2950,0,0
-740,713,467,-430,615,-2615,0,0
-1013,88,779,-560,810,-3084,0,0
1229,-383,516,-873,809,-3435,0,0
3520,-634,171,-603,-374,-3837,0,0
2022,-339,120,-378,-1452,-4390,0,0
-975,180,35,-337,-672,-4426,0,0
-1404,272,-194,-449,34,-4134,0,0
-756,157,-383,-501,114,-4088,0,0
-548,112,-340,-570,141,-3873,0,0
-48,90,-103,-466,200,-3726,0,0
-119,92,166,-518,90,-3678,0,0
-387,70,252,-302,297,-3777,0,0
-290,-19,65,-324,288,-3949,0,0
-622,-2,39,-373,380,-4012,0,0
-648,16,90,-237,618,-3929,0,0
-228,-48,89,20,514,-3541,0,0
58,-164,173,134,462,-3104,0,0
854,-257,514,108,366,-2483,0,0
1777,-270,922,-452,76,-1995,0,0
1691,54,995,-973,-345,-2143,0,0
-623,457,747,-667,-435,-3181,0,0
-1209,396,499,-583,601,-5421,0,0
-126,514,-145,-1006,568,-6665,0,0
-921,768,-536,-542,1387,-7162,0,0
587,318,-441,-1353,1837,-7319,0,0
1658,-282,15,-1915,525,-6579,0,0
-171,-800,314,-2017,594,-5009,0,0
-1538,-1552,-52,-1763,308,-3772,0,0
-2552,-2489,-736,759,-385,-3890,0,0
-283,-3195,-926,3579,-1179,-5310,0,0
333,-1767,-1245,2607,-2210,-2891,0,0
-2668,25,-758,333,1229,-2925,0,0
1774,174,-737,-2132,1057,-2922,0,0
1921,848,-562,-4278,327,-2682,0,0
-1302,1390,-315,-5940,1259,-2472,0,0
-2131,815,110,-3201,1101,-2577,0,0
-907,990,221,-649,785,-1982,0,0
-24,1696,179,-284,819,-1108,0,0
1222,1840,704,606,1030,-2029,0,0
1654,1592,1149,860,534,-4631,0,0
253,885,981,224,298,-4568,0,0
-2518,-780,-224,-952,1987,-7012,0,0
366,-1943,-1272,-1168,598,-7163,0,0
424,-1331,-806,-891,-300,-6023,0,0
-330,-282,-157,51,892,-5312,0,0
1411,74,-649,-521,498,-4151,0,0
927,511,-1029,-1370,420,-3153,0,0
131,803,-789,-1717,823,-2591,0,0
-418,474,23,-464,332,-2768,0,0
-426,85,502,-325,891,-3879,0,0
1739,-150,-118,-673,322,-3925,0,0
1344,28,-284,-1029,-386,-3839,0,0
-827,409,275,-831,315,-3772,0,0
-857,336,504,-487,447,-3661,0,0
-122,112,414,-493,316,-3993,0,0
467,60,429,-534,62,-4075,0,0
160,174,494,-431,-396,-3852,0,0
-1300,311,692,-324,222,-3868,0,0
-1022,227,709,-129,506,-3879,0,0
17,6,327,-110,115,-3635,0,0
-147,-31,130,-375,322,-4230,0,0
-475,36,100,-425,251,-4081,0,0
162,-29,-5,-369,498,-3865,0,0
973,-175,-131,-340,538,-3833,0,0
1187,-259,-62,-337,176,-3844,0,0
767,-241,-22,-381,-68,-4061,0,0
378,-147,24,-472,16,-4210,0,0
125,-58,53,-444,-33,-4249,0,0
-137,44,97,-337,10,-4074,0,0
-155,53,142,-153,55,-3982,0,0
-49,-12,114,207,-78,-3516,0,0
-312,68,94,398,-265,-2946,0,0
-943,424,143,-404,-73,-1885,0,0
-796,808,296,-1416,246,-1300,0,0
-1056,1054,789,-1580,-71,-1715,0,0
-2059,1089,1555,-978,405,-3643,0,0
-101,414,1259,950,1199,-6707,0,0
1260,-512,-974,2606,916,-9660,0,0
-15,-921,-2950,194,2586,-10456,0,0
1908,-986,-3081,-2606,3292,-9937,0,0
899,-272,-233,-1976,621,-7223,0,0
-1866,-413,215,-1521,-402,-2851,0,0
-3171,-1331,-646,362,877,-1091,0,0
-1621,-874,549,3510,130,-329,0,0
-721,355,1676,2241,114,-7,0,0
703,797,1553,-2255,1023,-43,0,0
877,-68,1177,-625,461,-2449,0,0
1317,-387,866,-1436,860,-3177,0,0
103,-327,-273,-3055,753,-2757,0,0
-1106,-619,-568,-1298,1045,-2466,0,0
-483,-234,-590,-689,950,-752,0,0
-481,190,84,-254,1193,-1196,0,0
1396,104,1012,1269,933,-4151,0,0
3268,547,300,148,-104,-6748,0,0
103,949,-365,-550,90,-7112,0,0
-2367,-620,56,-628,2721,-6476,0,0
1137,-2105,-1975,-2250,1033,-7453,0,0
388,-1430,-2035,-1565,-333,-7115,0,0
-732,84,-195,-82,1040,-5530,0,0
255,788,78,-395,673,-3835,0,0
-164,974,-368,-731,890,-2827,0,0
11,858,-180,-649,1143,-2367,0,0
458,640,253,-687,754,-2644,0,0
-388,491,613,-425,534,-2930,0,0
-1020,186,745,97,1024,-3335,0,0
242,-219,359,49,885,-3782,0,0
539,-283,-167,-788,744,-3845,0,0
354,-240,-260,-1066,793,-3830,0,0
150,-213,-146,-890,586,-3937,0,0
27,-263,-27,-557,766,-4434,0,0
514,-203,-100,-718,404,-4592,0,0
-124,87,-30,-772,813,-4499,0,0
-22,209,9,-718,1005,-4150,0,0
303,196,73,-517,766,-4016,0,0
238,216,63,-634,602,-3979,0,0
-61,286,110,-720,594,-3958,0,0
-126,379,404,-623,523,-4002,0,0
-366,522,797,-266,571,-4081,0,0
-323,558,940,166,882,-4103,0,0
344,387,673,269,645,-4062,0,0
345,329,407,134,443,-3785,0,0
-10,275,247,151,512,-3614,0,0
164,67,41,139,460,-3582,0,0
699,-232,-286,358,279,-3999,0,0
1593,-554,-633,296,-216,-4723,0,0
1812,-458,-868,-430,-583,-4638,0,0
283,35,-645,-867,-412,-3828,0,0
-860,384,-112,-447,-294,-3117,0,0
-253,191,-10,523,-571,-2790,0,0
-50,-90,-182,778,-195,-2721,0,0
-318,-302,-141,317,362,-2612,0,0
-597,-403,257,421,86,-2466,0,0
-925,-292,640,324,-273,-2244,0,0
-418,-190,566,33,-448,-2195,0,0
1168,-476,-277,-749,-1135,-3993,0,0
2441,-541,-1375,-2049,-452,-7256,0,0
2268,215,-1954,-2792,-831,-7154,0,0
-764,858,-1029,-1633,767,-7427,0,0
875,-97,-276,-19,-42,-9229,0,0
269,-608,-280,-873,-1294,-7941,0,0
-3205,-751,423,-1812,7,-3520,0,0
-3124,-1742,475,-1439,659,-2076,0,0
-1207,-1806,362,1649,-459,-1762,0,0
-1163,-864,700,3601,-412,-2795,0,0
100,12,191,107,-76,-1761,0,0
640,56,-13,-1214,96,-3019,0,0
2717,-80,-456,-2849,-51,-2952,0,0
89,325,-800,-4534,-227,-1353,0,0
-3052,-80,-45,-3256,1355,-1977,0,0
363,-433,7,-1062,605,-1514,0,0
-1173,593,131,-267,161,-1507,0,0
-838,1223,1049,1206,1115,-3410,0,0
2508,1331,891,1647,441,-5679,0,0
972,795,61,345,266,-7450,0,0
-1517,-43,-366,-1088,1701,-5383,0,0
-810,-1454,-1194,-2983,2179,-7169,0,0
1942,-1655,-991,-1053,-289,-6670,0,0
-403,-286,60,-89,362,-5122,0,0
-275,364,229,74,869,-4297,0,0
187,647,-260,-744,535,-3135,0,0
-794,931,-6,-1205,985,-2404,0,0
-668,758,461,-1231,1150,-2352,0,0
-304,91,743,-446,768,-2906,0,0
392,-324,499,-777,1077,-3629,0,0
1577,-376,47,-996,429,-3974,0,0
798,-95,138,-1112,-5,-3988,0,0
-350,70,322,-896,73,-3864,0,0
-309,8,271,-756,354,-4251,0,0
160,-26,138,-788,272,-4479,0,0
329,24,96,-761,140,-4556,0,0
246,235,192,-749,131,-4102,0,0
19,322,284,-535,491,-3988,0,0
173,224,172,-524,421,-4150,0,0
100,180,37,-493,200,-3974,0,0
59,155,-11,-594,312,-4002,0,0
324,143,-24,-578,34,-3917,0,0
131,166,25,-494,11,-3912,0,0
-52,149,52,-339,48,-3944,0,0
-132,137,32,-241,31,-3874,0,0
-146,146,24,-277,160,-3740,0,0
-83,68,29,-218,238,-3835,0,0
85,-12,20,-82,122,-3771,0,0
33,-6,79,-2096,45,-3445,0,0
-213,72,204,241,-174,-2914,0,0
-691,180,371,375,159,-2440,0,0
-88,102,385,-229,322,-2025,0,0
1006,99,323,-887,-110,-1892,0,0
311,230,334,-482,-358,-2321,0,0
26,147,179,-695,375,-3768,0,0
1020,-285,-431,-1016,-348,-5062,0,0
-695,-474,-735,-474,-116,-6310,0,0
-463,-959,-1229,-1060,230,-8752,0,0
598,-1282,-1880,-2646,273,-10350,0,0
-492,-743,-1802,-4253,1594,-9694,0,0
-1541,-345,-647,-4391,2179,-5625,0,0
-2207,-953,676,-1518,701,-1983,0,0
-2190,-1835,591,3641,-68,-1531,0,0
46,-1756,-480,5774,-73,-2562,0,0
226,-647,-644,1723,1022,-1631,0,0
-29,373,-208,-2982,1687,-1871,0,0
1310,505,814,-2677,1361,-3172,0,0
2078,589,684,-5519,447,-2272,0,0
-1260,528,624,-4914,-7,-2684,0,0
-1152,255,986,-1628,584,-3102,0,0
854,813,609,-841,-80,-1676,0,0
490,1454,745,957,129,-2098,0,0
1819,1822,520,34,362,-2833,0,0
650,1550,126,1066,-413,-4620,0,0
-919,366,29,963,746,-4690,0,0
-474,-1089,-1126,-2916,2289,-6462,0,0
1608,-1476,-882,-1530,368,-7551,0,0
542,-324,525,11,-177,-6241,0,0
-675,509,367,145,280,-4824,0,0
-331,612,-227,-322,582,-3692,0,0
286,633,-320,-693,571,-2940,0,0
286,681,64,-566,537,-2793,0,0
113,545,358,-117,273,-2839,0,0
-304,163,398,327,351,-3085,0,0
490,-345,2,-2144,427,-3781,0,0
1562,-446,-315,-389,-125,-3995,0,0
378,-109,-78,-324,-266,-3879,0,0
-764,107,290,-263,268,-3907,0,0
-40,-84,193,-387,255,-3961,0,0
676,-243,54,-499,-82,-4191,0,0
431,-150,87,-466,-269,-4314,0,0
-169,30,138,-394,-189,-4281,0,0
-262,51,90,-410,-75,-4172,0,0
-111,52,57,-460,21,-4254,0,0
-2216,125,165,-343,-8,-4124,0,0
23,106,178,-326,-33,-4005,0,0
170,72,98,-370,-159,-3881,0,0
-78,39,64,-360,-86,-3834,0,0
21,-32,33,-274,-129,-3820,0,0
78,-87,-18,-77,-117,-3931,0,0
41,-105,-64,-208,-73,-3848,0,0
-106,-145,-42,-58,-56,-3766,0,0
-164,-135,33,38,-164,-3492,0,0
-582,-36,179,57,-250,-2965,0,0
-799,86,420,122,-193,-2456,0,0
-133,375,551,-284,-96,-1942,0,0
216,647,489,-852,-297,-1676,0,0
-459,617,533,-489,-180,-2747,0,0
79,-34,427,335,783,-6681,0,0
1440,-422,-721,-467,798,-9833,0,0
-59,-123,-1129,-1037,2188,-11367,0,0
1200,-61,-895,-1713,1625,-10350,0,0
1686,-391,-644,-1916,461,-8366,0,0
-630,-413,43,-1585,-903,-2983,0,0
-4459,-867,394,314,-316,-685,0,0
-3553,-1277,178,2616,-485,-830,0,0
-1890,-770,452,4147,-1973,-549,0,0
20,-158,523,348,-802,-739,0,0
566,128,-111,-3298,-132,-1378,0,0
591,-52,255,-1747,1146,-2859,0,0
694,2,-91,-4036,986,-2115,0,0
-1683,-305,-221,-3017,1449,-3133,0,0
-692,-294,-208,-561,1221,-2333,0,0
148,279,-251,-461,850,-1853,0,0
830,769,302,449,1038,-3095,0,0
3436,1244,426,577,1499,-4146,0,0
2672,1190,-290,543,-456,-5036,0,0
-1000,28,267,1439,1233,-4907,0,0
-619,-1762,-1169,-2119,2121,-7901,0,0
-877,-1156,-113,-302,-1235,-21,0,0
-2840,-1408,538,3103,-939,2076,0,0
-2339,-1084,1035,3670,-1214,156,0,0
1739,-982,49,-174,-167,-1360,0,0
1376,-223,-535,-1981,498,-2767,0,0
-10,347,-50,-1274,1045,-2780,0,0
-573,395,220,-2360,739,-1049,0,0
-1701,-388,221,-2994,971,-1387,0,0
169,-1303,-181,-1882,369,-2607,0,0
215,-806,63,-1236,-217,-2628,0,0
-506,214,444,-1842,130,-2548,0,0
1695,821,456,293,-262,-3519,0,0
2229,1594,120,-251,-42,-5502,0,0
1507,1646,-487,-56,-289,-6846,0,0
-624,947,-209,473,780,-5838,0,0
-1390,-76,-245,-2376,1737,-7420,0,0
1215,-781,330,-597,-319,-7893,0,0
-158,25,642,-424,-233,-5927,0,0
-1979,387,46,-1083,538,-4548,0,0
-503,139,51,-924,623,-3877,0,0
509,299,242,-827,27,-2979,0,0
-244,433,334,-718,-31,-3071,0,0
195,326,212,-511,-136,-2775,0,0
1001,167,2,-393,-290,-3140,0,0
504,125,51,-100,-380,-3359,0,0
395,13,-94,78,-166,-3518,0,0
661,-118,-361,-45,-323,-4156,0,0
456,-53,-307,-56,-373,-3914,0,0
155,-72,-259,158,-526,-3433,0,0
158,-183,-352,141,-334,-3451,0,0
-163,-195,-299,258,-238,-3513,0,0
-309,-201,-132,371,-392,-3279,0,0
376,23,-32,105,-279,-2907,0,0
894,621,-85,-801,-209,-1782,0,0
-306,1004,29,-1235,250,-1784,0,0
-8,629,294,-597,598,-4480,0,0
1799,-132,-495,-167,-1566,-9033,0,0
417,-319,-1514,241,-1477,-11412,0,0
346,22,-940,-190,-357,-11098,0,0
-536,190,90,-34,-727,-7303,0,0
-3352,-478,461,-1517,825,-2775,0,0
-1947,-2139,421,-434,-832,-1754,0,0
-2282,-1545,847,3727,-1441,-750,0,0
-919,-506,580,2672,-358,-302,0,0
1466,-385,-371,-1733,63,-822,0,0
1282,-364,-269,-1747,136,-3248,0,0
1755,-81,-130,-1687,-139,-2322,0,0
-1392,119,-82,-3973,551,-1327,0,0
-1212,-829,143,-3022,1155,-1667,0,0
-182,-874,-2,-1483,7,-1433,0,0
-1919,87,487,-569,257,-2004,0,0
184,352,436,1699,-66,-3795,0,0
2751,808,-42,1431,544,-7247,0,0
1559,1911,-864,-2160,341,-6575,0,0
-1477,1113,551,955,1487,-5841,0,0
183,-832,562,-1092,1982,-7547,0,0
2020,-1101,-796,-2397,-942,-6869,0,0
-1156,24,364,-110,117,-5791,0,0
-449,433,715,403,294,-4471,0,0
1,493,201,-169,95,-3858,0,0
128,540,-76,-1058,285,-3319,0,0
553,597,176,-896,348,-2903,0,0
595,519,339,-770,112,-2931,0,0
206,315,382,-252,-56,-3261,0,0
574,100,232,-362,-97,-3553,0,0
587,-1,217,-418,-868,-3639,0,0
-311,-3,107,-343,-916,-3927,0,0
-66,-81,-205,-373,-652,-3822,0,0
449,-134,-187,-228,-618,-4027,0,0
240,-44,-91,-2280,-654,-4078,0,0
65,-37,-144,4,-319,-4256,0,0
264,-14,-183,136,-381,-4115,0,0
-140,89,-179,-159,-328,-4159,0,0
-337,118,-187,-162,-344,-3949,0,0
-117,55,-140,-68,13,-3846,0,0
-64,29,-113,101,-158,-3750,0,0
-338,-4,-52,281,198,-3605,0,0
-213,-142,2,308,179,-3238,0,0
-463,-210,141,381,-233,-2767,0,0
-1156,-249,199,710,-187,-2413,0,0
-1248,-212,90,483,548,-2118,0,0
-460,-29,162,-1046,801,-1460,0,0
774,-168,247,-1744,-80,-2814,0,0
1518,-363,61,-1988,-1008,-6712,0,0
889,13,-146,-2296,-1112,-10549,0,0
442,486,-566,-1078,174,-12435,0,0
372,563,-1014,-108,893,-11296,0,0
-366,587,-125,325,587,-7192,0,0
-978,-329,-13,-899,-891,-2175,0,0
-2753,-1088,-244,43,488,1199,0,0
-1854,-1200,197,2694,-317,804,0,0
110,-970,120,2740,-944,121,0,0
638,-695,-626,-630,-133,-1406,0,0
1019,-303,-357,-3544,793,-3029,0,0
745,185,-45,-2302,510,-2040,0,0
-1758,51,213,-4432,890,-1971,0,0
-853,-795,354,-2435,500,-2460,0,0
-1395,-221,97,-1151,50,-1689,0,0
-1366,327,405,132,892,-2324,0,0
1663,292,232,1881,352,-5328,0,0
2844,1242,-538,-611,222,-6884,0,0
310,1658,-413,-595,1340,-6345,0,0
-18,327,208,498,1433,-5163,0,0
778,-1171,-412,-2503,1426,-6954,0,0
932,-1211,-662,-1585,-366,-6707,0,0
-1445,39,294,-116,739,-5662,0,0
-895,490,489,-159,810,-4516,0,0
79,553,203,-398,703,-3794,0,0
487,807,238,-677,503,-2952,0,0
56,921,645,-457,281,-2591,0,0
274,578,691,2,32,-2369,0,0
363,7,338,372,-286,-2827,0,0
-477,-375,-48,25,-269,-3814,0,0
-286,-356,-305,-433,514,-4103,0,0
612,-192,-195,-611,490,-4117,0,0
353,8,95,-433,398,-3987,0,0
-278,3,138,-287,452,-4012,0,0
-145,-113,69,-303,600,-3988,0,0
384,-147,27,-398,220,-3852,0,0
63,-46,113,-292,60,-3694,0,0
-169,-54,199,-192,65,-3156,0,0
-378,-185,173,-229,-22,-2704,0,0
-664,-495,58,58,19,-2715,0,0
-277,-856,-192,-54,-97,-2935,0,0
-101,-964,-304,-394,-131,-3188,0,0
-240,-675,-60,-556,-155,-3230,0,0
535,-20,238,-1712,411,-3349,0,0
1167,689,533,-2678,857,-4466,0,0
1272,924,966,-1619,719,-7253,0,0
622,1121,445,-19,137,-9145,0,0
-695,1052,-375,663,1673,-9840,0,0
1411,265,-1203,-311,809,-9501,0,0
1155,-127,-1409,-1614,393,-6333,0,0
-432,-837,-607,-2437,614,-2875,0,0
-1193,-1944,33,-1367,-882,-1235,0,0
-2689,-1834,299,2897,-1625,-1017,0,0
-1947,-796,342,4089,-695,-2020,0,0
941,-107,62,119,-278,-3432,0,0
539,448,-57,-2211,369,-1870,0,0
1113,446,-29,-2049,507,-2064,0,0
429,353,-156,-4261,595,-1884,0,0
-1441,-371,210,-3941,626,-2845,0,0
-1047,-502,11,-1629,400,-2094,0,0
-2468,602,79,-341,641,-1077,0,0
561,698,875,2458,314,-2731,0,0
3738,844,150,1789,-760,-6229,0,0
151,1379,-406,-233,125,-8282,0,0
-1547,1002,98,237,1984,-5714,0,0
-682,-533,65,-1621,2545,-6419,0,0
842,-957,-410,-1356,-93,-5898,0,0
-479,-272,154,395,723,-5608,0,0
1537,-87,-102,-399,84,-4015,0,0
485,284,-203,-678,113,-3042,0,0
128,403,-96,-538,640,-2768,0,0
563,243,153,-371,440,-2581,0,0
672,20,328,-315,323,-3038,0,0
329,-169,168,-452,-22,-3512,0,0
-204,-241,30,-310,189,-4084,0,0
187,-266,-90,-553,148,-4275,0,0
144,-137,-66,-670,122,-4389,0,0
-171,20,110,-566,162,-4384,0,0
-135,95,190,-453,201,-4297,0,0
119,79,111,-620,84,-4306,0,0
131,120,131,-549,-73,-4221,0,0
14,177,131,-389,-79,-4215,0,0
119,182,102,-237,-161,-4056,0,0
181,132,42,-183,-171,-3938,0,0
157,102,-8,-212,-180,-3880,0,0
80,95,16,-182,-146,-3874,0,0
16,81,8,-261,-175,-3860,0,0
-190,81,-4,-238,-102,-3748,0,0
-186,12,32,-96,126,-3561,0,0
195,-200,-49,-2,436,-3609,0,0
652,-410,-21,38,164,-3670,0,0
346,-373,259,-14,-460,-3603,0,0
-631,-252,377,100,-784,-3667,0,0
-603,-303,258,203,-914,-3148,0,0
-265,-369,64,200,-865,-2253,0,0
-58,-357,-33,-705,159,-1564,0,0
1497,-418,-138,-2414,501,-1709,0,0
1123,-291,122,-2939,-481,-3136,0,0
-1294,4,761,-2173,-196,-6572,0,0
-121,-92,352,-1361,-447,-10109,0,0
1078,-159,-689,-1234,-1082,-12428,0,0
1002,180,-1357,-2377,-547,-11373,0,0
484,237,-1058,-3084,-314,-6873,0,0
-1111,-589,-123,-2078,-589,-2143,0,0
-3216,-1563,159,655,-619,-606,0,0
-1282,-712,151,3815,-899,1372,0,0
-1842,25,465,1940,106,127,0,0
790,-220,-31,-883,-358,-1088,0,0
554,-20,0,-1265,-279,-3494,0,0
519,242,-454,-3766,231,-2608,0,0
-1240,-97,-640,-5071,640,-2624,0,0
-996,-453,-18,-2094,799,-1960,0,0
-1789,522,336,-984,516,-618,0,0
-924,1045,1016,502,198,-1218,0,0
1399,1157,1184,2775,-674,-3316,0,0
1669,1082,315,643,-936,-6016,0,0
259,191,-446,-573,524,-7117,0,0
-2001,-755,-870,-1949,2120,-7289,0,0
1446,-1790,-1286,-2756,1137,-7198,0,0
1325,-1408,-1076,-1640,-605,-6961,0,0
-810,-192,-318,-1055,648,-5632,0,0
-130,279,-42,-961,809,-4572,0,0
40,632,-23,-1000,781,-3874,0,0
-304,949,196,-1183,1113,-3329,0,0
-13,963,586,-1128,1043,-3212,0,0
123,843,897,-1061,357,-3228,0,0
-60,609,869,-865,-291,-3345,0,0
358,352,574,-774,-557,-3714,0,0
844,288,320,-705,-527,-3487,0,0
517,370,237,-636,-454,-3315,0,0
-425,343,315,-2456,-209,-3302,0,0
-396,76,324,-225,-24,-3423,0,0
679,-158,112,-256,-79,-3472,0,0
671,-223,62,-295,-485,-3400,0,0
54,-247,69,-433,-194,-3590,0,0
-117,-346,-45,-370,-307,-4120,0,0
101,-402,-124,-270,-281,-4345,0,0
253,-314,-186,-324,-540,-4453,0,0
-260,-74,29,-119,-449,-4182,0,0
32,128,389,65,-96,-3625,0,0
249,313,617,211,-272,-2525,0,0
-199,523,681,-35,-155,-1921,0,0
-220,762,448,-854,-247,-1691,0,0
-309,914,-4,-1631,-1084,-3560,0,0
-1302,1247,57,-1219,465,-5854,0,0
-1128,1111,210,-177,1614,-7481,0,0
526,339,-51,1293,2075,-9350,0,0
2045,-459,-981,1670,-17,-9566,0,0
575,-541,-1504,-358,-173,-8172,0,0
-2318,-555,-1512,-2173,108,-3028,0,0
-6372,-1279,-1011,-2627,1083,-190,0,0
-2444,-2673,-1378,1345,97,-2939,0,0
1834,-2216,-1642,4363,-143,-2517,0,0
-958,-492,-1089,2207,1038,-2228,0,0
-1525,399,-495,-1890,2229,-2124,0,0
1892,240,104,-2036,2136,-2117,0,0
2031,281,220,-4424,1182,-1539,0,0
-1408,5,409,-4312,760,-1828,0,0
-1473,-523,468,-1311,1322,-1904,0,0
7,-223,101,-595,913,-1406,0,0
668,422,681,525,329,-2442,0,0
2801,869,1268,1776,1255,-5679,0,0
4117,1729,296,-1455,378,-7011,0,0
-298,1788,482,-620,770,-4900,0,0
-2054,62,835,-365,2454,-5969,0,0
1757,-1114,-534,-1916,342,-6580,0,0
789,-559,-174,-298,-1221,-6022,0,0
-932,458,480,387,181,-5156,0,0
626,583,-137,18,306,-3366,0,0
423,438,-666,-67,644,-2953,0,0
680,356,-526,-377,886,-2750,0,0
767,335,-33,-413,754,-3054,0,0
14,239,465,76,296,-3474,0,0
-359,37,530,181,362,-3961,0,0
705,-62,210,-367,101,-3761,0,0
515,7,193,-554,-192,-3760,0,0
-380,99,334,-380,-53,-3837,0,0
-352,23,329,-185,80,-3814,0,0
293,-121,234,-207,-2,-4010,0,0
452,-164,180,-139,-278,-3927,0,0
-68,-87,59,-215,-237,-4056,0,0
-531,-29,69,-244,71,-3930,0,0
-406,-111,108,-95,164,-3731,0,0
-173,-160,174,-112,-67,-3313,0,0
-488,-146,322,45,-146,-2495,0,0
-1392,-288,381,189,-226,-1917,0,0
-1538,-717,195,259,219,-1881,0,0
-163,-1253,-212,-43,79,-1890,0,0
2237,-1445,-584,-775,354,-2118,0,0
3122,-1026,-636,-2568,-52,-3199,0,0
-277,174,503,-2730,-92,-5241,0,0
-1285,701,1050,-1917,348,-8368,0,0
643,336,75,-1490,0,-10038,0,0
361,421,-661,-1493,241,-11615,0,0
1377,278,-1211,-2112,127,-11517,0,0
487,215,-1600,-3442,839,-8731,0,0
-123,-64,-427,-2946,829,-4449,0,0
-381,-855,374,-516,-1796,-716,0,0
-2885,-680,408,3135,-1196,1791,0,0
-1905,-288,670,3933,-1325,1440,0,0
221,-357,555,924,-778,-320,0,0
834,-304,-167,-1444,22,-1679,0,0
868,-80,-465,-1771,443,-2169,0,0
-776,190,-338,-4266,1052,-1323,0,0
-1736,-439,118,-4465,898,-1783,0,0
-1213,-757,336,-1606,406,-1585,0,0
-1119,-2288,211,-447,263,-1829,0,0
948,-83,203,1805,-366,-3766,0,0
3857,-17,-2472,2599,284,-9634,0,0
3389,1476,-2563,-4763,2094,-10737,0,0
-1275,3236,976,-2256,2510,-6414,0,0
-161,1596,2698,-138,-1333,-4459,0,0
1100,-213,333,-2062,-2851,-4115,0,0
-861,-410,-300,-518,-1755,-4007,0,0
-560,-15,-19,261,-777,-4443,0,0
-77,590,263,294,-776,-2853,0,0
-674,642,98,112,-178,-2125,0,0
153,157,-307,-134,227,-2546,0,0
-704,63,-114,-501,71,-2895,0,0
-1587,19,317,112,296,-3124,0,0
-791,-437,157,119,285,-4097,0,0
500,-839,-197,-99,38,-4612,0,0
782,-692,-489,-572,-74,-4607,0,0
-192,-274,-602,-829,515,-4319,0,0
-378,-140,-477,-1205,1137,-4033,0,0
221,-225,-116,-1065,952,-4185,0,0
283,-185,87,-855,371,-4616,0,0
-394,116,282,-677,468,-4642,0,0
-189,278,313,-772,579,-4692,0,0
-71,371,280,-454,329,-4424,0,0
-136,398,215,-357,462,-4231,0,0
267,353,93,-345,274,-3999,0,0
175,387,108,-258,172,-3942,0,0
-198,475,174,-120,-228,-3648,0,0
-395,387,137,123,-312,-3136,0,0
142,75,-121,169,379,-3244,0,0
519,-186,-437,-35,118,-4006,0,0
96,-180,-544,-129,562,-3898,0,0
355,-278,-559,-302,345,-3963,0,0
437,-121,-403,-581,507,-4501,0,0
427,16,-75,-359,481,-4224,0,0
479,7,23,-161,234,-3999,0,0
181,74,-5,-457,380,-4222,0,0
-147,146,49,-591,282,-4236,0,0
-822,332,188,-393,132,-4265,0,0
-386,283,360,249,-235,-4138,0,0
440,113,233,532,-468,-3695,0,0
-91,-20,101,507,-47,-3251,0,0
-371,-200,125,214,202,-2752,0,0
-436,-332,381,122,86,-2527,0,0
-654,-292,728,232,-449,-2324,0,0
-1066,27,1005,-268,-477,-2027,0,0
-950,562,1105,-1417,-131,-2131,0,0
315,444,929,-1293,19,-2576,0,0
615,59,601,591,859,-5717,0,0
60,-109,-168,574,2289,-8329,0,0
1375,-292,-796,624,1610,-9726,0,0
1794,-573,-1234,-1096,-348,-11279,0,0
1300,-396,-1446,-2561,-1892,-9190,0,0
-987,-492,-1445,-3357,-392,-4490,0,0
-3552,-1546,-1333,-1124,-336,-754,0,0
-2870,-1912,-870,3674,772,396,0,0
-1525,-1690,-927,4444,1032,-2171,0,0
1084,-1244,-1066,680,1269,-2822,0,0
1680,-287,-973,-1689,1065,-3415,0,0
647,634,-372,-3722,2149,-2092,0,0
-1428,583,374,-5515,1614,-835,0,0
-2616,-206,1408,-2961,718,-1313,0,0
-1631,-204,1420,-42,634,-1701,0,0
251,310,1221,139,-188,-2771,0,0
2445,951,1533,1385,-839,-3632,0,0
3544,1820,1090,-294,313,-4801,0,0
1822,1663,-326,-1056,-1153,-5454,0,0
56,194,-96,87,231,-4858,0,0
-390,-1543,-272,-1103,434,-7998,0,0
1816,-1562,-1079,-2281,-1334,-6781,0,0
384,-427,-780,-917,-1770,-5178,0,0
-1732,675,-21,485,-289,-4724,0,0
-364,959,-139,14,392,-3365,0,0
254,774,-675,-285,664,-2713,0,0
530,360,-811,-671,849,-2376,0,0
-351,-231,-134,-514,315,-3846,0,0
475,-248,155,-370,480,-4222,0,0
1718,-140,-56,-675,-491,-4276,0,0
-141,284,291,-604,-818,-4138,0,0
-1344,499,520,-409,9,-3813,0,0
-541,244,373,-684,64,-3838,0,0
497,-2,323,-592,-492,-3888,0,0
737,-55,178,-416,-947,-3962,0,0
26,17,-43,-169,-994,-3830,0,0
-282,101,-97,-264,-201,-4326,0,0
-93,84,-81,-375,-172,-4138,0,0
78,63,-25,-290,51,-4124,0,0
-46,113,83,-182,-16,-4080,0,0
-133,92,146,-21,-87,-3795,0,0
-55,-20,138,50,-290,-3514,0,0
-2264,-135,133,59,-256,-3214,0,0
-290,-294,110,-79,-74,-2973,0,0
-315,-482,142,-2144,-204,-2463,0,0
-1208,-617,221,-8,-288,-1989,0,0
-984,-799,203,52,-355,-2030,0,0
388,-692,74,-490,-628,-2551,0,0
321,-99,174,-1534,-775,-3420,0,0
-698,301,380,-1218,-269,-6111,0,0
158,272,-291,-1301,582,-9391,0,0
580,640,-1322,-2397,1547,-10451,0,0
779,905,-960,-2124,2181,-10999,0,0
2796,546,-561,-1981,482,-9970,0,0
177,535,-315,-1860,244,-6187,0,0
-693,-496,330,-1216,331,-1250,0,0
-885,-1483,652,2008,-1078,2193,0,0
-1932,-1359,838,4925,-2204,1169,0,0
-1276,-1192,280,2670,-1147,-684,0,0
42,-904,-806,-1953,422,-2598,0,0
929,31,-459,-3017,1206,-3756,0,0
-58,668,165,-4164,8,-1865,0,0
-2540,94,441,-4274,745,-1663,0,0
-160,-967,179,-2561,789,-2439,0,0
-514,-183,487,-1129,241,-1725,0,0
-120,656,951,653,-254,-1731,0,0
1767,898,1145,3204,-283,-3997,0,0
3959,1041,0,-315,-863,-6288,0,0
1541,835,-629,-1636,-238,-7669,0,0
-1791,175,-297,-611,-143,-6085,0,0
-1167,-563,209,-2254,1414,-6747,0,0
2489,-675,-115,-1074,-1470,-6307,0,0
-118,157,286,360,-1483,-5609,0,0
-1023,594,40,325,-429,-4322,0,0
-256,517,-575,-439,124,-3406,0,0
382,357,-628,-606,278,-2879,0,0
377,313,-241,-617,344,-3051,0,0
321,257,127,-396,51,-3267,0,0
194,152,305,-249,-137,-3750,0,0
720,29,288,-419,-515,-3742,0,0
376,5,326,-486,-823,-3853,0,0
-34,29,294,-358,-780,-3735,0,0
-43,-8,141,-340,-712,-3952,0,0
55,2,154,-246,-738,-3794,0,0
-41,21,143,-280,-562,-3671,0,0
-266,-77,58,-435,-313,-3690,0,0
-249,-225,-55,-624,-280,-3747,0,0
-413,-188,0,-823,-122,-3872,0,0
-434,-185,142,-717,-173,-4058,0,0
-539,-200,257,-604,-359,-4451,0,0
-751,-120,217,-484,-209,-4782,0,0
-209,-69,-24,-511,-272,-4680,0,0
-277,89,-115,-395,-281,-4452,0,0
-294,208,-105,-28,-306,-3705,0,0
-691,323,-40,224,-285,-2771,0,0
-1176,330,99,291,-39,-1456,0,0
-956,274,1,13,372,-358,0,0
-719,190,-200,-559,398,71,0,0
-1353,-18,25,-683,-95,-1403,0,0
-1519,-402,525,-782,1212,-5070,0,0
1488,-768,-239,-1305,1604,-8730,0,0
1617,-705,-647,-1374,2726,-11300,0,0
2064,-359,-902,-2566,1225,-12602,0,0
658,511,-443,-2652,1690,-10627,0,0
593,258,-394,-2708,1180,-6759,0,0
-1179,-302,228,-1416,157,-2244,0,0
-1813,-1043,478,809,-1121,937,0,0
-2439,-1148,249,3622,-1836,727,0,0
381,-1168,-87,3557,-1008,-54,0,0
1295,-752,-650,-1831,-164,-1282,0,0
228,-239,-194,-2994,1050,-3441,0,0
1369,-120,-198,-3894,161,-2888,0,0
-1901,100,5,-3735,800,-2169,0,0
-1642,-392,105,-2185,1113,-2027,0,0
-511,-85,53,-979,150,-1522,0,0
-737,668,386,282,117,-1797,0,0
1118,1125,694,1759,-131,-3916,0,0
3332,1864,351,-1830,-442,-6460,0,0
1448,1562,66,-937,927,-7770,0,0
-746,117,-239,196,2447,-7230,0,0
1249,-1193,-1003,-1659,735,-7289,0,0
228,-753,-945,-523,-766,-6230,0,0
441,-40,-498,265,208,-5311,0,0
1168,535,-674,-158,-134,-3487,0,0
-379,1157,-429,-610,1192,-2885,0,0
137,961,-47,-269,928,-2469,0,0
-90,660,357,-162,795,-2605,0,0
-682,429,506,-239,428,-2920,0,0
-638,97,611,-227,52,-3533,0,0
564,-65,578,-360,-249,-3898,0,0
898,-44,488,-344,-1152,-3704,0,0
-172,89,476,-253,-1053,-3770,0,0
-526,43,390,-327,-395,-4167,0,0
448,-86,207,-387,-617,-3875,0,0
724,-162,78,-246,-940,-3755,0,0
121,-113,-42,-224,-902,-3908,0,0
-394,5,-136,-128,-562,-4263,0,0
-590,-3,-138,134,-177,-3500,0,0
-17,-217,-218,59,14,-3610,0,0
70,-358,-252,-73,-76,-3535,0,0
-37,-480,-47,79,25,-3289,0,0
-279,-453,97,235,-313,-3039,0,0
-1006,-374,289,309,-230,-1746,0,0
214,-673,87,-49,-236,-1437,0,0
975,-662,-285,-1431,-520,-1861,0,0
-6,-273,-253,-2349,-597,-4154,0,0
-775,2,143,-2460,-6,-8126,0,0
421,379,8,-1889,-227,-10546,0,0
578,911,-408,-1283,198,-9529,0,0
1124,681,-383,-1282,-28,-8126,0,0
1036,-14,-540,-1669,-830,-6248,0,0
-1004,-849,-343,-2955,-99,-3699,0,0
-2417,-1901,381,-2136,-35,-1751,0,0
-1648,-2312,841,2832,-1011,-1904,0,0
-1267,-1007,395,4410,-531,-1760,0,0
-395,-63,-156,166,400,-801,0,0
538,36,-95,-1660,426,-2070,0,0
1847,47,92,-3361,960,-2830,0,0
-284,30,-213,-5529,507,-2356,0,0
-2268,-460,677,-3245,827,-2687,0,0
469,-373,810,-1083,147,-1859,0,0
-353,461,695,-648,-712,-1597,0,0
441,911,526,532,-198,-2170,0,0
2358,1117,-16,-430,-787,-4534,0,0
2441,445,-91,-682,-1191,-7963,0,0
911,-282,-880,-2321,-396,-6989,0,0
-2160,-753,-959,-4045,1353,-7671,0,0
409,-785,-301,-1410,108,-6936,0,0
221,175,347,-216,-153,-5636,0,0
-384,939,-20,-587,204,-4211,0,0
-298,1233,-118,-871,338,-2897,0,0
723,1272,51,-1259,435,-2328,0,0
-286,1076,503,-377,-28,-2582,0,0
-654,596,824,-168,406,-3278,0,0
956,139,315,-270,-321,-3263,0,0
1175,-45,-20,-385,-968,-3874,0,0
143,153,85,-500,-870,-3734,0,0
-216,138,35,-340,-536,-3587,0,0
-157,36,-118,-370,-527,-3851,0,0
-183,35,-262,-309,-500,-4135,0,0
-520,175,-271,-283,-438,-4259,0,0
-714,247,-82,-231,-275,-4135,0,0
-118,141,-84,-189,-114,-4128,0,0
109,80,-85,-135,-127,-4189,0,0
144,88,-57,-25,-31,-4252,0,0
210,87,-86,-99,-19,-4251,0,0
-63,103,-29,-51,-200,-4026,0,0
-90,106,37,14,-79,-3564,0,0
310,56,43,51,-287,-3442,0,0
-29,35,138,128,-408,-3315,0,0
-520,-48,251,308,-187,-2876,0,0
-993,-284,183,360,-394,-2350,0,0
-1274,-585,119,266,-269,-1576,0,0
-309,-854,-116,15,-339,-1644,0,0
822,-795,-436,-938,-310,-2369,0,0
575,-421,-530,-1474,-165,-4524,0,0
-168,41,-407,-1321,703,-7549,0,0
1549,-10,-928,-2268,1072,-10277,0,0
1835,197,-971,-2068,-42,-11577,0,0
-168,573,-356,-2082,81,-9990,0,0
-898,162,98,-2450,-856,-5850,0,0
-3752,-514,582,-2509,-403,-2077,0,0
-5090,-977,837,911,3,556,0,0
-2391,-1133,627,4337,-627,415,0,0
1355,-1200,33,1776,-216,-111,0,0
2783,-936,-562,-966,-27,-1528,0,0
1879,-686,-595,-1682,533,-3071,0,0
980,-301,-494,-3637,604,-1754,0,0
-2640,-288,185,-4738,1230,-1350,0,0
-955,-1192,240,-2508,1085,-2006,0,0
1390,-1043,63,-587,-290,-2654,0,0
797,-5,187,11,-918,-3608,0,0
2633,696,-206,672,-534,-6678,0,0
3620,1581,-1468,-3217,-771,-7667,0,0
-2416,1819,-8,-1702,688,-5866,0,0
-2278,508,954,-3638,2245,-5716,0,0
2938,-823,-319,-3264,-1196,-6079,0,0
240,-367,439,-81,-1829,-6614,0,0
-1012,387,255,-127,-611,-5128,0,0
-955,702,-630,-671,-216,-3609,0,0
-984,835,-680,-1049,677,-2906,0,0
-344,929,-303,-1371,994,-2376,0,0
-406,964,286,-794,700,-2380,0,0
18,692,573,-285,285,-2547,0,0
623,196,320,123,-25,-3240,0,0
1016,-158,-6,-19,-366,-3554,0,0
495,-149,-91,-343,-37,-3888,0,0
-1,-20,-111,-626,66,-3977,0,0
-254,-57,1,-407,45,-4331,0,0
324,-67,7,-854,371,-5141,0,0
983,169,10,-1100,144,-4613,0,0
-190,417,166,-821,-44,-3860,0,0
-599,305,225,-205,66,-2852,0,0
233,-161,111,474,-188,-2587,0,0
21,-321,233,407,-149,-2572,0,0
-631,-259,483,-36,266,-2071,0,0
-627,-446,382,-2328,-7,-2231,0,0
-41,-454,119,-887,-95,-2502,0,0
290,81,-227,-2829,-795,-3837,0,0
-1752,971,307,-2022,-986,-6977,0,0
438,1219,855,-126,425,-9074,0,0
2079,654,-963,298,-214,-9932,0,0
1384,52,-2127,36,262,-9995,0,0
-295,-162,-2182,-640,1777,-6970,0,0
-1413,-788,-879,-1521,2324,-2842,0,0
-2076,-1580,387,-1026,1053,-884,0,0
-2640,-1952,346,2872,-593,-606,0,0
-767,-1126,520,4261,-543,-734,0,0
477,-763,-117,-217,466,-852,0,0
535,-621,-416,-1698,532,-2654,0,0
1048,-220,141,-2936,452,-2986,0,0
-491,329,363,-5164,254,-1585,0,0
-2105,-313,640,-4115,1008,-2104,0,0
0,-846,353,-1226,58,-2321,0,0
-620,365,468,-22,-273,-2355,0,0
267,1074,915,1715,59,-3728,0,0
3194,1518,412,40,208,-5454,0,0
430,1608,-158,-861,780,-5970,0,0
-2520,-94,44,-125,1617,-5222,0,0
756,-1815,-294,-1957,1221,-7480,0,0
1555,-1439,-818,-2045,-1460,-7484,0,0
-1208,41,160,-343,-98,-6569,0,0
134,511,218,-526,195,-4699,0,0
173,895,-111,-1006,421,-3356,0,0
148,1052,-53,-1225,872,-2839,0,0
724,924,225,-1400,533,-2286,0,0
-29,604,752,-528,188,-2675,0,0
347,194,691,-265,-113,-2948,0,0
433,-111,260,-377,-498,-3517,0,0
160,-162,76,-547,-696,-3673,0,0
-276,-87,29,-537,-394,-3870,0,0
-190,-188,-121,-507,-320,-4046,0,0
91,-327,-316,-613,-276,-4375,0,0
366,-247,-355,-725,-459,-4314,0,0
296,-98,-165,-555,-430,-4396,0,0
669,-69,-225,-451,-734,-4286,0,0
354,-25,-426,-411,-542,-4118,0,0
0,-29,-505,-586,-90,-4120,0,0
109,-37,-420,-614,119,-4052,0,0
39,60,-195,-602,244,-4137,0,0
-50,157,38,-580,29,-4141,0,0
-268,203,165,-435,-25,-4224,0,0
-174,247,273,-523,-366,-4046,0,0
-573,369,445,-482,-630,-3945,0,0
-646,395,462,-217,-899,-3867,0,0
-276,240,252,46,-794,-3819,0,0
191,-17,-150,95,-747,-3644,0,0
384,-279,-402,-58,-217,-3656,0,0
938,-519,-478,-242,-374,-3471,0,0
821,-540,-206,-85,-472,-3301,0,0
830,-477,-77,302,-1045,-2462,0,0
170,-355,-153,407,-955,-1854,0,0
-26,-54,-256,-917,-147,-3496,0,0
-690,359,-21,-2623,461,-2249,0,0
-607,260,582,-1777,1436,-4812,0,0
-412,-322,32,-747,1664,-8460,0,0
1101,-214,4,-734,-931,-10107,0,0
1284,235,-221,-1287,-3336,-10209,0,0
322,482,-389,-1917,-1861,-9342,0,0
577,242,-76,-2139,-1529,-7074,0,0
-1325,-305,285,-2290,-566,-3113,0,0
-1900,-942,1062,-245,361,112,0,0
-1869,-681,1079,1954,-497,1862,0,0
-1712,-482,1572,3058,-1240,1275,0,0
98,-832,636,-873,-1791,-953,0,0
695,-1051,-184,-1163,-1538,-3603,0,0
945,-539,-744,-2338,-521,-2896,0,0
-1270,-239,-773,-4657,1369,-1624,0,0
-629,-1202,-390,-3234,733,-2324,0,0
-816,-674,23,-1036,246,-2381,0,0
-346,42,-346,-1195,284,-2261,0,0
866,482,-259,561,5,-5286,0,0
2301,1603,-463,-1545,-569,-6365,0,0
-1374,1714,-108,-1504,882,-5003,0,0
-768,-736,637,-1897,1440,-6270,0,0
1883,-1944,-807,-3359,-1496,-8039,0,0
-1648,-758,-493,-1529,204,-7661,0,0
-14,93,83,-719,940,-5296,0,0
127,875,39,-1076,622,-4206,0,0
-239,1320,100,-1364,1052,-3046,0,0
-33,1333,429,-1585,905,-2412,0,0
-175,1012,722,-1088,537,-2582,0,0
311,430,538,-583,-195,-3142,0,0
870,37,-24,-811,-340,-3670,0,0
867,147,-127,-1389,-419,-3710,0,0
-8,371,244,-1046,-164,-3636,0,0
-290,284,393,-663,8,-3802,0,0
361,120,254,-670,-164,-3821,0,0
58,142,196,-642,-453,-3766,0,0
-358,129,166,-554,-317,-3526,0,0
-57,-52,-6,-405,-327,-3656,0,0
546,-209,-35,-439,-343,-3686,0,0
350,-101,12,-2728,-595,-3978,0,0
109,23,163,-552,-173,-4066,0,0
577,-176,9,-478,-433,-3909,0,0
-279,-173,-154,-309,-517,-3974,0,0
-440,-292,-327,-195,-566,-3571,0,0
593,-629,-434,-476,-75,-3258,0,0
438,-593,-181,-268,-849,-2578,0,0
-407,-362,166,-61,-432,-2165,0,0
298,-196,141,-546,-1128,-1962,0,0
316,525,40,-2185,-1348,-2666,0,0
271,1397,123,-3343,-794,-3644,0,0
793,1012,257,-1965,-631,-5938,0,0
1396,-464,-174,616,-891,-9841,0,0
2418,-1375,-1298,242,-3031,-12053,0,0
1416,-970,-2398,-2569,-4380,-11505,0,0
-50,-418,-2644,-4221,-2480,-8199,0,0
-790,-2152,-1177,-2593,783,-3676,0,0
-63,-414,323,-382,296,-82,0,0
-1678,-428,819,2821,-390,711,0,0
-879,-188,1111,3822,69,842,0,0
1560,-220,388,-231,-134,61,0,0
750,30,380,-1206,-522,-1495,0,0
916,208,420,-1870,-282,-2059,0,0
-816,191,-159,-4165,-767,-688,0,0
-3865,-514,637,-4048,75,-2094,0,0
-2767,-609,1089,-1692,96,-1519,0,0
-2468,3,832,-820,-254,-2183,0,0
-1324,441,1244,1678,69,-4314,0,0
4027,598,743,1132,-1289,-6803,0,0
2956,599,-62,239,-3459,-7988,0,0
-2282,-30,-103,-1522,-296,-6576,0,0
-1323,-1292,-1299,-3973,691,-7185,0,0
-55,-1292,-892,-1937,-660,-6148,0,0
-841,-251,487,-523,334,-5333,0,0
557,302,375,-906,122,-4381,0,0
274,714,-143,-1130,103,-3611,0,0
-622,1176,-13,-3696,377,-2602,0,0
-1258,853,719,-479,546,-2799,0,0
223,233,943,-277,780,-3052,0,0
1804,-200,387,-647,186,-3673,0,0
1640,-221,222,-1017,-650,-4102,0,0
606,136,438,-977,-964,-3878,0,0
-410,419,521,-708,-972,-4062,0,0
-551,383,479,-588,-724,-4077,0,0
133,164,148,-721,-855,-4026,0,0
132,99,-55,-597,-868,-4177,0,0
72,124,-114,-414,-495,-4073,0,0
472,44,-208,-297,-261,-4052,0,0
843,-71,-203,-295,-417,-3985,0,0
517,-7,-113,-343,-514,-3857,0,0
24,79,-62,-335,-550,-3808,0,0
-138,45,-33,-133,-635,-3974,0,0
-151,17,-87,102,-1099,-3913,0,0
-590,63,-133,360,-947,-3607,0,0
-142,-5,-395,226,-772,-2512,0,0
-604,57,-416,189,-917,-1239,0,0
-931,279,-116,-655,102,-1113,0,0
-491,465,36,-1676,-35,-1115,0,0
-1473,312,135,-1908,-44,-1636,0,0
-1558,-455,338,-2035,419,-6149,0,0
63,-1118,-241,-1540,664,-10659,0,0
-858,-391,-911,-1446,1853,-13652,0,0
-876,388,-1367,-1695,2604,-12916,0,0
-110,938,-969,-2595,3591,-10403,0,0
-938,898,187,-1480,709,-2748,0,0
-1352,-612,77,1277,1489,360,0,0
1092,-1058,197,2873,-1919,1060,0,0
-1139,151,1297,4156,-1951,2463,0,0
-917,111,1109,-5,544,1276,0,0
1596,-666,-341,-2128,83,-593,0,0
1749,-995,-59,-1666,502,-2542,0,0
1528,-662,87,-4014,-58,-2145,0,0
-1588,-903,299,-3189,346,-3964,0,0
214,-1114,-15,-1261,427,-3334,0,0
981,-219,-314,-1276,-555,-2682,0,0
-687,856,131,142,320,-4022,0,0
1952,1450,-109,-199,876,-4234,0,0
608,1511,159,104,-547,-3253,0,0
-3333,-16,1094,83,1441,-3600,0,0
307,-2604,-1081,-3754,2216,-7689,0,0
4197,-3224,-2195,-3347,-915,-8547,0,0
-1157,-567,450,-1630,-733,-8338,0,0
-1407,741,747,-519,158,-7054,0,0
273,1245,-325,-1422,-313,-4307,0,0
-1127,1908,-70,-1769,273,-2478,0,0
-1263,1830,511,-1454,522,-1274,0,0
-760,1171,674,-728,150,-695,0,0
-575,315,334,-357,-330,-877,0,0
-548,-548,-328,-552,-459,-1705,0,0
-108,-1058,-818,-938,-229,-1869,0,0
198,-1315,-3160,-1725,-318,-1773,0,0
-1573,-1361,-1031,-2462,-227,-1402,0,0
-3792,-1409,-819,-3392,47,-2968,0,0
-4518,-1406,-1147,-4203,592,-701,0,0
-4745,-1313,-2188,-4790,940,-659,0,0
-5295,-1089,-3721,-5705,1389,-493,0,0
-5773,-669,-5246,-7100,2078,-737,0,0
-5025,22,-6476,-10529,3710,-1374,0,0
-2902,286,-5762,-11766,4366,-875,0,0
-2756,554,-3356,-7325,2393,-738,0,0
-3048,1190,-2312,-3863,3456,-308,0,0
-1419,1480,-2456,-4015,4652,587,0,0
41,1172,-1940,-4163,3892,804,0,0
-1224,892,-188,-3646,2285,122,0,0
-2535,701,1459,-2885,2598,905,0,0
-1649,5,2262,-3137,2401,1083,0,0
17,-733,2621,-3807,1910,496,0,0
1193,-1153,2746,-4667,1832,239,0,0
2169,-1300,2779,-7448,1780,97,0,0
2870,-1326,2857,-5646,1441,-65,0,0
3114,-1217,3046,-5868,1192,-340,0,0
2832,-942,3150,-5755,927,-602,0,0
1956,-679,3091,-4874,725,-591,0,0
1114,-457,2864,-4418,699,-747,0,0
725,-235,2563,-3953,580,-695,0,0
313,-87,2084,-3590,739,-599,0,0
-203,-28,1206,-3740,866,-641,0,0
-667,-118,213,-3334,778,-726,0,0
-1156,-212,-416,-2711,1133,-576,0,0
-1165,-159,-866,-3430,1867,-637,0,0
-1239,-37,-1421,-4763,2446,-967,0,0
-2429,124,-1487,-4701,2797,-669,0,0
-3366,363,-963,-3565,3134,-278,0,0
-3140,612,-451,-2958,4559,-1669,0,0
-3010,1339,145,-2167,6649,-1505,0,0
-778,871,-297,-1374,3223,482,0,0
361,371,-500,-1371,4068,-78,0,0
928,172,-281,-1034,4515,25,0,0
1582,-195,37,-887,4496,-220,0,0
2477,-470,305,-1419,4195,-690,0,0
3442,-707,401,-2015,4288,-522,0,0
4099,-1075,363,-2310,3080,-484,0,0
4208,-1135,581,-2852,2705,396,0,0
3908,-1089,520,-3557,2452,1789,0,0
2919,-1122,248,-3452,2045,1254,0,0
2694,-1226,-219,-3528,1630,892,0,0
2294,-1816,-1056,-4661,761,964,0,0
857,-2087,-1031,-5265,548,444,0,0
930,-1622,-373,-5068,1068,-417,0,0
712,-870,369,-4614,1030,-1440,0,0
