287,-887,2759,3521,6885,-381,0,0
288,-1485,3872,4643,6816,-633,0,0
81,-2121,4042,5363,5625,-325,0,0
-137,-2513,4132,4643,4146,-133,0,0
-190,-1474,4658,2185,1781,-427,0,0
-167,-1747,4807,14,1049,-140,0,0
232,-2009,4533,-1102,1535,450,0,0
817,-1741,4132,-1762,1542,819,0,0
1291,-1306,3282,-2661,1343,-255,0,0
1761,-642,1978,-1089,798,-962,0,0
1829,-1543,1750,-693,7,869,0,0
1447,-1210,2007,547,-70,799,0,0
1067,-1091,2293,685,-777,-1155,0,0
1001,-647,2205,2459,-2790,-3542,0,0
667,-1293,1140,1264,-3838,-3255,0,0
202,683,-118,3255,-4291,-5297,0,0
55,-472,-80,2814,-4434,-4022,0,0
-326,-691,351,930,-4190,-3907,0,0
-265,132,229,1179,-4447,-3809,0,0
-272,308,-150,1785,-4692,-3474,0,0
-218,1241,-521,3286,-4646,-5667,0,0
195,631,-414,3625,-4608,-5338,0,0
123,-459,-202,3079,-4383,-4372,0,0
-200,239,-211,2995,-4069,-4439,0,0
-410,10,-483,2468,-3118,-3899,0,0
-542,-97,-2776,1976,-2226,-1665,0,0
-982,337,-874,1494,-1745,-103,0,0
-1470,506,-1142,1242,-1113,-287,0,0
-1331,1833,-1563,1443,-374,-371,0,0
-784,1562,-1720,1268,65,71,0,0
-356,1017,-1044,1145,-65,-55,0,0
-132,974,-355,1085,-305,-457,0,0
-73,169,5,792,203,-863,0,0
231,-101,397,693,380,-1438,0,0
628,-452,790,1157,6,-1366,0,0
794,-1115,1026,1712,-385,-1507,0,0
874,-1047,1013,2538,-1208,-2323,0,0
681,-1188,484,3233,-1525,-3385,0,0
590,-322,-160,4055,-1898,-3225,0,0
455,166,39,4531,-3025,-3299,0,0
241,-426,654,4027,-3888,-3351,0,0
47,-870,935,3258,-3804,-3905,0,0
-64,-393,564,3339,-3452,-4249,0,0
-231,-92,206,4034,-2861,-5418,0,0
-352,-255,137,3515,-2664,-5020,0,0
-527,-55,60,3700,-2377,-4601,0,0
-415,-73,-50,4243,-2517,-4540,0,0
-250,19,-278,3353,-2554,-3729,0,0
-131,-5,-466,3497,-2163,-4867,0,0
5,-350,-372,2796,-2813,-4364,0,0
-100,-48,-432,3066,-3135,-3901,0,0
-277,291,-362,2642,-3153,-3323,0,0
-519,486,-195,1958,-2338,-2919,0,0
-2360,438,-96,1382,-881,-2155,0,0
24,257,-78,463,366,-790,0,0
436,480,10,37,1084,64,0,0
857,127,382,-4,205,203,0,0
939,-792,389,-170,-246,197,0,0
979,-22,297,50,-449,586,0,0
930,255,616,-444,-377,302,0,0
938,-279,975,-163,-1117,43,0,0
715,-207,894,1668,-1769,-686,0,0
476,-727,1059,3026,-2207,-3032,0,0
372,-552,676,3596,-3506,-4435,0,0
325,315,341,3735,-3485,-4042,0,0
245,-604,773,3347,-3874,-3135,0,0
49,-498,885,1531,-4540,-3638,0,0
156,0,472,1383,-5274,-4465,0,0
438,-65,222,1396,-5792,-3729,0,0
447,251,191,1743,-5601,-3165,0,0
389,468,383,1697,-5628,-3845,0,0
357,231,284,1245,-5479,-3509,0,0
226,543,-4,2120,-5135,-3373,0,0
40,451,18,2230,-4911,-3776,0,0
-213,-166,171,1669,-4277,-3644,0,0
-435,-317,-45,2176,-4059,-3834,0,0
-616,-16,-469,2413,-3721,-2876,0,0
-3176,191,-900,2083,-2760,-2322,0,0
-1493,-191,-1419,1726,-1862,-2698,0,0
-1444,-148,-1715,754,-1453,-380,0,0
-1272,630,-1661,654,-1510,554,0,0
-846,1240,-1469,460,-905,276,0,0
-252,1342,-588,769,-367,-691,0,0
-184,4,204,478,-651,-809,0,0
-146,-117,415,-35,-313,-645,0,0
170,-440,781,440,-318,-1591,0,0
609,-791,1279,1112,-1007,-1307,0,0
687,-1413,1647,1590,-1315,-1124,0,0
523,-1205,1398,1553,-1617,-2848,0,0
593,-743,1033,1915,-2043,-2927,0,0
576,-547,502,2030,-2773,-2794,0,0
596,132,536,2076,-4033,-3659,0,0
560,-170,579,1746,-4726,-2609,0,0
541,-31,282,2059,-4574,-3596,0,0
531,-480,23,1634,-4985,-3521,0,0
167,-101,-221,1436,-5471,-4325,0,0
-139,61,-328,2090,-5762,-5711,0,0
-294,-201,-277,1850,-5319,-3739,0,0
-360,194,-108,2644,-4962,-4381,0,0
-166,34,115,1998,-5220,-4001,0,0
-91,-10,6,2091,-4406,-3764,0,0
-90,-111,-51,1462,-3935,-3940,0,0
-165,-66,-225,1107,-4266,-3168,0,0
-300,181,-450,1728,-4184,-3644,0,0
-335,505,-733,1064,-3088,-2252,0,0
-434,778,-1033,1220,-1821,-1153,0,0
-272,758,-1337,964,-568,-1046,0,0
12,1122,-1252,254,862,414,0,0
121,463,-637,134,629,-179,0,0
250,-357,-492,-338,-432,-806,0,0
507,524,-440,207,-887,-89,0,0
435,84,203,969,-1371,-201,0,0
323,-553,828,817,-1439,-605,0,0
137,-425,1261,952,-1963,-992,0,0
-71,-416,1434,1473,-3004,-2028,0,0
-112,-430,1062,2096,-4245,-2446,0,0
-151,686,229,2855,-3875,-4572,0,0
72,389,-6,3502,-3342,-4787,0,0
36,-755,373,2657,-3087,-3080,0,0
-53,168,526,1609,-3618,-4101,0,0
74,188,141,1463,-4583,-3875,0,0
244,231,-184,2404,-4937,-3497,0,0
169,46,64,2943,-5036,-3087,0,0
-158,-434,352,1953,-4554,-3678,0,0
-215,-431,291,1366,-4244,-4546,0,0
-143,-250,4,1815,-4102,-3790,0,0
-19,49,-105,3045,-4149,-3823,0,0
43,-265,6,2925,-4326,-3571,0,0
16,-257,-37,1961,-4238,-3695,0,0
-154,-30,-408,1460,-4126,-3735,0,0
-617,288,-975,1099,-3628,-3102,0,0
-1006,392,-1479,442,-2216,-1189,0,0
-863,1224,-1658,962,-974,446,0,0
-508,1420,-1194,1516,-722,68,0,0
-415,291,-190,636,-568,23,0,0
-380,420,467,-391,-20,-353,0,0
-96,205,588,-334,4,-157,0,0
86,-135,475,-218,345,-215,0,0
302,249,366,207,322,-794,0,0
531,-462,412,905,-367,-1517,0,0
708,-907,446,1559,-1639,-2244,0,0
890,-287,284,2711,-3121,-2257,0,0
770,-235,174,3183,-3543,-3315,0,0
548,123,283,2834,-4335,-2108,0,0
33,455,156,3290,-4838,-3585,0,0
-49,49,248,3011,-4069,-3600,0,0
-153,-590,502,2389,-4452,-2721,0,0
-373,82,308,2978,-5155,-4031,0,0
-355,374,-136,3640,-4878,-4174,0,0
-423,46,34,3712,-4513,-4431,0,0
-509,-135,494,3068,-3900,-4391,0,0
-387,-533,388,2762,-3239,-3774,0,0
-156,-337,-102,2664,-3259,-3849,0,0
52,-96,-396,2783,-3560,-4422,0,0
-18,-794,-346,2438,-4288,-3894,0,0
-242,-482,-138,2494,-4581,-3982,0,0
-252,-454,55,2054,-4246,-3329,0,0
-192,-167,36,1224,-3046,-2227,0,0
21,349,-95,1305,-1545,-2250,0,0
208,7,-383,652,-508,-3072,0,0
111,712,-831,219,755,-1004,0,0
257,963,-629,-93,968,-478,0,0
372,-263,-14,-261,-150,273,0,0
457,-205,-230,-354,-509,279,0,0
677,-164,-338,-88,-194,81,0,0
573,-869,-211,492,-144,-24,0,0
453,-486,-88,1023,-906,-408,0,0
395,-446,55,1829,-2691,-1767,0,0
301,-367,167,2511,-4180,-2592,0,0
187,223,46,3186,-4211,-2025,0,0
-31,613,135,3335,-4046,-3481,0,0
-426,582,112,2502,-4425,-4269,0,0
-508,796,42,3613,-3706,-5126,0,0
-240,5,471,3075,-3983,-3411,0,0
-141,-28,658,2725,-4146,-4038,0,0
180,-87,526,2317,-4025,-4565,0,0
411,-472,426,2246,-4111,-3063,0,0
341,-406,340,2026,-4001,-2958,0,0
326,-25,116,1854,-4316,-2893,0,0
230,179,75,1931,-4588,-3269,0,0
177,171,118,1729,-4871,-3290,0,0
204,447,75,2126,-4670,-2708,0,0
141,292,127,1889,-4482,-2871,0,0
50,236,57,1303,-4639,-2857,0,0
-130,525,-143,1626,-4368,-3487,0,0
-295,-91,-77,1918,-3692,-3257,0,0
-484,-336,91,2581,-2865,-2011,0,0
-692,-176,143,2714,-2223,-1926,0,0
-748,-430,-11,1705,-1952,-761,0,0
-727,652,-415,1360,-1511,-250,0,0
-415,871,-705,545,-237,601,0,0
-64,1012,-372,-140,262,899,0,0
-149,1061,83,113,-646,-593,0,0
-234,599,50,282,-393,-631,0,0
-171,67,381,831,-314,-1079,0,0
-63,-443,846,1297,-1690,-1681,0,0
-132,-266,793,1409,-2628,-1915,0,0
-279,118,386,1943,-2599,-3203,0,0
-333,3,169,1853,-1675,-2869,0,0
-160,-177,461,1670,-1437,-1879,0,0
184,-390,553,2221,-2584,-2019,0,0
471,-93,56,2481,-3011,-3087,0,0
625,-123,-330,2833,-3750,-3353,0,0
379,-358,-294,2357,-4413,-3097,0,0
-13,-223,-39,1963,-4742,-3266,0,0
-142,-180,144,2000,-5215,-3670,0,0
-64,-57,60,2164,-5447,-3385,0,0
-15,445,-111,3115,-5249,-4148,0,0
-12,318,42,3217,-4604,-4096,0,0
-163,-163,278,2549,-4208,-3644,0,0
-141,-212,132,2290,-4192,-3988,0,0
1,-215,-159,2187,-4259,-3884,0,0
45,-335,-210,2003,-4170,-4115,0,0
100,-521,-155,2001,-4424,-3409,0,0
82,-514,-195,2045,-4443,-2924,0,0
35,-477,-216,1912,-3739,-2898,0,0
93,-163,-215,1848,-2550,-2071,0,0
190,-289,-114,1698,-1556,-1998,0,0
290,-310,-302,1275,-1078,-1232,0,0
248,495,-796,704,36,-822,0,0
321,407,-920,-24,861,-238,0,0
375,297,-347,-281,131,459,0,0
175,111,-215,-136,-463,29,0,0
262,68,-388,757,-966,-536,0,0
441,26,-7,1530,-1345,-609,0,0
335,-287,882,1596,-2615,-448,0,0
-44,-761,1274,1316,-3936,-2271,0,0
-136,-409,587,1467,-3245,-1968,0,0
17,161,-61,2199,-3038,-2243,0,0
56,-73,-237,2063,-3701,-3167,0,0
-101,-21,-472,1869,-3889,-3986,0,0
13,130,-467,2063,-3575,-3780,0,0
207,-148,36,1935,-3919,-2205,0,0
156,-440,484,1252,-3660,-2096,0,0
134,-555,403,908,-4113,-2521,0,0
166,-144,23,1186,-4268,-3058,0,0
273,-102,-115,2047,-3992,-3518,0,0
372,-220,188,2249,-4612,-2791,0,0
380,-33,290,2248,-4830,-2817,0,0
473,269,99,2285,-4788,-2676,0,0
443,425,-35,2395,-4712,-3016,0,0
332,400,-73,2185,-4575,-2800,0,0
260,394,-79,2346,-4736,-3033,0,0
189,152,-74,2208,-4983,-2542,0,0
29,257,17,2154,-5055,-2649,0,0
-166,143,126,2393,-5157,-3313,0,0
-489,-310,56,2133,-4652,-2820,0,0
-940,-56,-318,2119,-3973,-2894,0,0
-1340,-278,-707,1279,-2910,-1987,0,0
-1463,-63,-1120,101,-1380,106,0,0
-915,1481,-1340,624,-376,83,0,0
-342,1060,-936,506,-108,463,0,0
-370,285,-54,-255,-275,256,0,0
-400,116,231,17,-416,-267,0,0
-271,-113,218,94,2,-156,0,0
-206,5,296,355,292,-1451,0,0
55,-448,425,647,-528,-1992,0,0
270,-1249,638,1572,-1868,-1523,0,0
320,-893,637,2175,-3568,-1942,0,0
178,-320,266,2556,-3521,-3403,0,0
67,-314,-144,2521,-3603,-3719,0,0
8,406,-34,2584,-4773,-3248,0,0
-85,278,422,2074,-4769,-3017,0,0
-50,-303,601,1919,-4628,-2475,0,0
-67,438,510,1937,-4487,-2906,0,0
-141,561,242,2407,-3837,-3770,0,0
-205,82,165,2553,-3022,-3452,0,0
-283,-164,366,2505,-2673,-3414,0,0
-232,-259,256,2617,-2948,-3337,0,0
-40,180,-196,3013,-3240,-4054,0,0
127,-162,-504,3025,-3564,-3866,0,0
102,-238,-422,2691,-3381,-3929,0,0
121,-349,-177,2392,-3522,-3592,0,0
126,-439,-16,2474,-3963,-3292,0,0
213,-435,172,2182,-4113,-3457,0,0
265,-619,327,1857,-4556,-3247,0,0
209,-465,456,1846,-4716,-3975,0,0
203,-539,543,1426,-4810,-4119,0,0
101,-646,410,968,-4721,-3169,0,0
-59,-131,180,896,-3773,-2804,0,0
-141,336,-296,629,-2165,-1939,0,0
-82,747,-800,351,83,-273,0,0
25,878,-928,-177,1775,347,0,0
73,168,-789,-462,980,-102,0,0
159,-485,-918,-251,-91,175,0,0
331,47,-1061,108,-503,363,0,0
414,40,-758,429,-839,-17,0,0
403,-315,-65,330,-1540,-213,0,0
378,-164,650,455,-2000,-872,0,0
347,-487,1432,756,-3177,-1812,0,0
208,-408,1669,791,-4479,-2544,0,0
-59,292,797,1706,-5212,-3476,0,0
-154,696,-392,2291,-4012,-5745,0,0
315,412,-511,2649,-3926,-3269,0,0
-42,-227,67,1955,-4502,-3307,0,0
-162,271,-71,1063,-4132,-4234,0,0
193,66,-321,2054,-4155,-2857,0,0
192,-221,84,2494,-4079,-2182,0,0
30,-249,542,2137,-3682,-2672,0,0
-33,-403,499,1781,-3801,-3273,0,0
-115,14,-24,1628,-4306,-3622,0,0
-186,626,-701,2417,-4124,-3968,0,0
-52,456,-603,3297,-4439,-3292,0,0
-87,-224,-141,2467,-4438,-3125,0,0
-25,211,-28,1992,-4247,-3440,0,0
34,-10,-40,1741,-4246,-3543,0,0
-6,-261,-64,1827,-4317,-3524,0,0
-72,-333,6,2343,-4405,-4434,0,0
-233,-388,67,2432,-4153,-3606,0,0
-694,-122,-50,2173,-3600,-3218,0,0
-1014,-516,-486,1017,-2847,-1676,0,0
-969,505,-974,340,-1589,353,0,0
-704,1414,-1213,865,-817,60,0,0
-187,1264,-726,373,-484,-181,0,0
-30,856,94,91,-508,-353,0,0
-93,149,544,268,-377,-318,0,0
49,-64,872,115,-234,-377,0,0
141,-105,973,515,-71,-822,0,0
277,-510,1069,919,-725,-1142,0,0
158,-1014,982,1043,-1797,-2118,0,0
122,-428,539,1789,-2451,-2860,0,0
185,-407,259,2455,-2598,-3222,0,0
131,-473,84,1786,-2625,-2660,0,0
109,322,180,1644,-3959,-3303,0,0
76,-99,29,1738,-4585,-3802,0,0
167,-96,-102,1624,-4493,-2643,0,0
128,141,163,983,-4330,-3389,0,0
36,-117,246,1188,-4171,-3513,0,0
-45,80,174,1885,-4023,-3165,0,0
-16,260,62,2067,-3880,-3543,0,0
23,-94,55,2108,-3824,-3439,0,0
-33,-123,130,1829,-3891,-3797,0,0
-9,-110,-70,1876,-3870,-3755,0,0
-34,-204,-360,2133,-3729,-3570,0,0
-81,-75,-456,2304,-3855,-4011,0,0
-135,-222,-429,2248,-3823,-3341,0,0
-177,-153,-331,2267,-3750,-3711,0,0
-92,-111,-181,1892,-4114,-3711,0,0
-129,-46,35,1538,-4237,-3321,0,0
-140,-129,283,1636,-4698,-3869,0,0
-172,-163,289,1303,-4876,-3687,0,0
-303,112,10,1544,-3706,-4161,0,0
-263,-201,-197,1268,-2906,-2961,0,0
-179,304,-428,746,-1564,-665,0,0
-74,956,-720,939,214,-110,0,0
44,923,-818,-292,1443,-148,0,0
211,675,-753,-567,912,-1070,0,0
409,-407,-808,-196,138,233,0,0
490,-223,-648,14,-598,822,0,0
440,-245,-303,530,-1273,-355,0,0
484,-257,159,713,-1871,-598,0,0
399,-291,921,1145,-2568,-1711,0,0
296,-1006,1514,1670,-4089,-2572,0,0
122,-230,923,1781,-4218,-2738,0,0
21,845,-104,2921,-3737,-4909,0,0
241,-95,-187,2915,-3656,-4124,0,0
69,-803,377,1846,-3736,-2558,0,0
-166,-156,224,1030,-3867,-4594,0,0
99,-114,-530,1269,-4282,-3800,0,0
232,268,-767,2513,-4285,-2978,0,0
180,33,-113,2638,-4149,-2799,0,0
50,-356,409,1884,-3705,-2445,0,0
-74,196,395,1490,-3334,-2690,0,0
-224,284,161,1592,-3277,-3339,0,0
-254,285,-57,2022,-3395,-3325,0,0
-198,233,-156,2289,-3727,-3500,0,0
-89,170,-204,2290,-4143,-3471,0,0
-3,449,-143,2368,-4080,-3436,0,0
65,263,20,2036,-3989,-3594,0,0
152,172,120,1871,-4226,-3084,0,0
100,50,183,1992,-4432,-3700,0,0
-19,-138,152,2258,-4466,-3860,0,0
-297,-77,104,2502,-3719,-4099,0,0
-536,-614,21,2423,-2899,-3521,0,0
-772,-525,-191,1524,-2366,-1359,0,0
-954,266,-527,903,-1773,-122,0,0
-871,769,-929,306,-856,422,0,0
-414,1780,-865,-242,256,340,0,0
-148,901,-230,424,-358,33,0,0
-250,-55,195,452,-423,527,0,0
-283,310,366,745,128,-449,0,0
-74,219,572,1200,-264,-1574,0,0
210,-495,948,1412,-1221,-1959,0,0
126,-829,1000,1408,-2335,-2254,0,0
-40,183,629,2371,-2583,-3467,0,0
-22,-472,139,2480,-1661,-3585,0,0
150,-185,-86,2346,-2418,-2293,0,0
176,469,-56,2873,-3207,-3766,0,0
276,-300,-76,2577,-3518,-3145,0,0
179,-23,76,2035,-3603,-2707,0,0
-19,-17,161,1028,-3663,-2962,0,0
94,465,35,1745,-3828,-3475,0,0
279,95,133,2124,-4025,-3403,0,0
263,-318,76,2106,-4155,-3020,0,0
260,214,71,2390,-4232,-3708,0,0
64,-479,271,1848,-4273,-3841,0,0
-168,-371,267,1786,-3837,-3605,0,0
-152,-165,10,2207,-3500,-3586,0,0
14,-269,-280,2132,-3917,-3069,0,0
49,309,-470,2068,-4066,-3727,0,0
-5,261,-473,2262,-4378,-3971,0,0
-141,82,-308,2442,-4580,-3940,0,0
-195,-16,-112,2321,-4594,-3901,0,0
-168,-237,-46,2127,-4400,-3572,0,0
-162,55,11,2191,-3680,-3522,0,0
-183,-114,120,2159,-2313,-2760,0,0
-189,-47,266,1737,-1012,-1322,0,0
-81,523,39,1351,-216,-948,0,0
178,754,-732,813,429,-287,0,0
439,1286,-1288,535,677,-121,0,0
406,637,-1069,38,-167,-501,0,0
-47,-95,-451,-400,-777,-742,0,0
-79,-292,-83,612,-1207,-579,0,0
187,-763,320,1448,-1471,-378,0,0
270,-911,934,1247,-1990,-492,0,0
69,-632,979,1323,-2898,-1723,0,0
-55,-150,516,2297,-2965,-1697,0,0
-378,197,195,2539,-2388,-1917,0,0
-586,454,8,2570,-2745,-2817,0,0
-606,244,-315,3457,-2922,-4360,0,0
-351,-86,-378,3588,-2708,-4299,0,0
-299,-191,-12,2606,-2853,-3812,0,0
-455,84,176,2020,-3156,-4175,0,0
-486,-199,16,1881,-3236,-4404,0,0
-308,-334,-184,2033,-3333,-4143,0,0
-140,-301,-156,2384,-3328,-4524,0,0
8,-808,-103,2159,-3066,-4201,0,0
256,-251,-191,2891,-3129,-3987,0,0
462,-218,-190,3014,-3199,-3919,0,0
581,-152,-160,2675,-3163,-3229,0,0
551,339,-107,2300,-3070,-3398,0,0
512,208,-101,2095,-3207,-3770,0,0
466,290,-39,2316,-3603,-3273,0,0
298,611,180,1931,-3681,-2720,0,0
174,755,240,2612,-3657,-3363,0,0
87,503,109,3342,-3465,-3905,0,0
-285,453,-85,2992,-2642,-3373,0,0
-668,-18,-177,2520,-1905,-3484,0,0
-452,-628,-376,1465,-1119,-1236,0,0
48,142,-577,904,-712,990,0,0
370,510,-337,647,-753,700,0,0
534,310,182,-266,-752,487,0,0
306,557,412,-94,-699,379,0,0
-89,315,601,86,-411,-461,0,0
-311,-204,927,-224,-220,-1064,0,0
-268,-292,1177,675,-1144,-1587,0,0
-77,-866,1281,1343,-2156,-1855,0,0
223,-484,1035,2513,-2957,-3487,0,0
477,-962,500,2888,-2334,-4174,0,0
558,-1112,190,2218,-2445,-2322,0,0
265,-48,70,1911,-3834,-3296,0,0
233,84,50,1369,-4218,-3194,0,0
423,-31,318,904,-5021,-2504,0,0
538,60,239,1062,-5810,-2417,0,0
414,362,-216,1806,-4942,-3307,0,0
271,24,-408,2140,-4322,-4149,0,0
85,-415,-101,1967,-4147,-3262,0,0
-148,-617,188,2007,-4354,-3086,0,0
-194,-379,57,1830,-4491,-2747,0,0
-97,167,-179,1922,-4265,-3248,0,0
-17,-53,-228,1577,-4540,-2960,0,0
-190,182,-163,1630,-4402,-3311,0,0
-286,-4,-114,1390,-4465,-3476,0,0
-277,41,-180,1499,-4590,-2924,0,0
-283,132,-143,1606,-4396,-3393,0,0
-291,-43,-178,1067,-4437,-3473,0,0
-359,141,-329,1628,-4418,-4095,0,0
-372,-316,-352,1749,-3758,-3375,0,0
-368,-84,-373,1456,-2753,-1735,0,0
-303,486,-448,1605,-1565,-1631,0,0
-174,-2,-727,964,115,-1098,0,0
-61,454,-960,-325,1359,-461,0,0
46,662,-664,-447,464,-866,0,0
133,-397,-380,-91,-405,388,0,0
304,-83,-345,216,-586,667,0,0
614,-150,-138,582,-1087,-306,0,0
715,-435,333,764,-1439,-570,0,0
328,-498,977,1379,-2713,-1464,0,0
94,-778,1031,1507,-3486,-886,0,0
-89,621,628,2320,-3490,-1913,0,0
-251,1171,81,3157,-3299,-4069,0,0
-258,357,-143,2810,-3293,-3759,0,0
-269,626,98,3227,-3648,-4564,0,0
-88,-116,388,2402,-3893,-3586,0,0
83,-17,217,1950,-4063,-3036,0,0
295,165,-16,2578,-4320,-3974,0,0
575,-303,6,2327,-4328,-3257,0,0
786,52,83,2590,-3970,-3334,0,0
668,-311,219,2200,-4390,-2755,0,0
122,-345,139,1330,-4083,-2971,0,0
-67,-36,-202,1376,-4246,-3334,0,0
2,246,-388,2225,-4812,-2691,0,0
222,468,-108,2795,-4573,-2786,0,0
323,-38,267,2079,-4202,-2238,0,0
297,58,337,2013,-4045,-3003,0,0
338,-208,225,2094,-4201,-3004,0,0
208,-149,66,2421,-4419,-2639,0,0
-86,-78,-10,2564,-4465,-3547,0,0
-526,-526,-85,2058,-4131,-3067,0,0
-1117,-159,-291,1624,-2955,-2043,0,0
-1242,-313,-639,1023,-1580,-309,0,0
-839,113,-991,4,-488,1404,0,0
-345,1940,-1173,84,-112,306,0,0
-218,1088,-394,-214,-571,-151,0,0
-411,84,195,14,-595,651,0,0
-525,387,391,374,24,-544,0,0
-362,-43,518,499,-281,-1358,0,0
-125,-447,606,1021,-1388,-3800,0,0
-121,-376,514,1704,-2199,-2145,0,0
-97,-56,374,2808,-2620,-3210,0,0
4,-560,98,2626,-2013,-2886,0,0
82,24,-115,2658,-2739,-2264,0,0
46,153,-58,2480,-4130,-3870,0,0
131,-159,-45,2240,-4130,-2937,0,0
16,0,325,2244,-4000,-2940,0,0
-54,-283,571,1482,-4500,-2849,0,0
-11,174,318,1742,-4531,-3396,0,0
13,290,-23,2444,-4411,-4240,0,0
-43,-83,116,2423,-4051,-3444,0,0
-67,-124,396,2341,-3706,-3428,0,0
230,-184,154,2410,-3535,-2913,0,0
416,187,-372,3144,-3631,-3663,0,0
281,24,-645,2882,-3636,-3812,0,0
-156,-59,-549,2225,-3802,-3838,0,0
-270,-134,-249,2290,-4303,-3654,0,0
-173,-220,-12,1879,-4740,-2486,0,0
-104,261,178,2199,-4655,-3450,0,0
11,-268,257,2055,-4438,-3317,0,0
-64,-230,157,1878,-3947,-3115,0,0
-90,-299,86,2110,-3249,-4033,0,0
71,-879,14,1681,-2253,-1700,0,0
183,83,-21,1762,-1257,-795,0,0
210,464,-316,1336,-537,-1530,0,0
152,604,-816,169,453,-1028,0,0
-15,820,-684,-150,683,-879,0,0
-82,-632,-121,-218,-98,387,0,0
95,-418,-123,-185,-312,1293,0,0
271,157,-279,364,-522,-23,0,0
496,-265,-53,627,-1133,-654,0,0
403,-251,509,1348,-2800,-1606,0,0
117,-820,893,2195,-3714,-2167,0,0
294,-367,546,2091,-3545,-1632,0,0
304,975,34,3524,-3244,-3202,0,0
64,-335,-8,2774,-3122,-3509,0,0
-134,-228,-38,2128,-3286,-4229,0,0
-54,88,63,2150,-4136,-3408,0,0
-199,-374,12,1847,-4802,-2556,0,0
-144,461,-301,2248,-4805,-4097,0,0
40,422,-335,2699,-4423,-3563,0,0
-77,109,103,2363,-4341,-3103,0,0
-166,16,454,1950,-4078,-3165,0,0
-204,-123,366,1741,-3724,-2726,0,0
-175,426,191,2043,-3771,-3470,0,0
-20,165,84,2163,-3730,-3326,0,0
52,126,-58,2143,-3720,-2932,0,0
68,249,-105,2266,-3590,-3426,0,0
76,-112,-102,1668,-3624,-2897,0,0
117,214,-174,1780,-3788,-3011,0,0
181,31,-222,2117,-4116,-3138,0,0
95,-120,-260,2209,-4209,-3176,0,0
-15,98,-215,2835,-3897,-3725,0,0
-249,-358,-26,2724,-3306,-2823,0,0
-628,-224,87,2382,-2852,-2282,0,0
-857,-507,-96,1721,-1682,-1121,0,0
-676,-343,-593,550,-107,698,0,0
-82,935,-945,260,99,1101,0,0
287,1018,-863,259,-503,718,0,0
82,978,-574,123,-791,581,0,0
-444,1101,-201,285,-177,-1184,0,0
-476,360,409,686,-371,-2124,0,0
-124,-586,867,1364,-1320,-1208,0,0
-32,-565,933,1912,-1761,-1682,0,0
81,-238,604,2442,-2290,-3022,0,0
187,-279,211,2753,-1752,-3708,0,0
320,-482,70,2928,-1967,-2360,0,0
223,-137,34,2813,-3074,-2744,0,0
343,148,14,2954,-3953,-3512,0,0
307,-338,218,2306,-4369,-2352,0,0
-17,-191,480,1704,-4242,-3147,0,0
-161,-194,348,1598,-4276,-3161,0,0
-131,162,48,2921,-4385,-4132,0,0
15,-85,-110,3005,-4314,-3586,0,0
12,330,-313,3130,-4006,-3917,0,0
42,215,-379,3249,-4006,-4219,0,0
21,-65,-265,2741,-4200,-2920,0,0
-84,197,-81,2661,-3988,-3456,0,0
-64,-319,-3,2023,-3951,-3042,0,0
-23,71,-126,2266,-4098,-3297,0,0
29,13,-203,2566,-3852,-3618,0,0
-85,-367,-231,1857,-3700,-3065,0,0
-126,13,-385,2716,-3531,-3809,0,0
8,-689,-303,2427,-2861,-2677,0,0
109,-650,-54,2135,-2308,-2049,0,0
267,-295,166,2457,-1935,-1919,0,0
372,-121,86,1536,-1227,-1148,0,0
325,881,-346,1290,-218,-781,0,0
163,1069,-680,304,519,-721,0,0
-83,401,-549,-807,408,-687,0,0
-56,24,-317,105,-276,179,0,0
56,-325,-256,476,-966,344,0,0
317,-110,-53,1128,-955,-975,0,0
494,-589,575,941,-985,-623,0,0
196,-1041,1200,516,-2165,-1150,0,0
18,-1044,1131,726,-3429,-1215,0,0
-88,-532,649,1849,-3508,-1918,0,0
-43,129,80,3022,-3280,-3233,0,0
-30,16,-170,3006,-3023,-4167,0,0
22,-466,105,2864,-3905,-4287,0,0
34,207,372,2297,-4751,-3890,0,0
-197,192,-22,2937,-7268,-5285,0,0
-980,1163,-1352,3077,-6065,-8096,0,0
-721,1741,-884,3204,-3231,-4097,0,0
-428,-766,551,2848,-3928,-1686,0,0
-191,161,237,2155,-3216,-2492,0,0
204,702,-237,1980,-2219,-2971,0,0
465,128,-252,1537,-3011,-2466,0,0
376,289,-126,2019,-3108,-2628,0,0
266,-466,73,2383,-2904,-2859,0,0
352,-167,51,2306,-2957,-2442,0,0
433,-80,71,2800,-2997,-3308,0,0
476,-500,116,2407,-3588,-2566,0,0
293,581,32,3784,-3907,-3179,0,0
-74,-489,-6,3493,-3418,-2981,0,0
-429,-204,-4,1642,-2873,-1527,0,0
-799,417,-243,1095,-2148,-1114,0,0
-627,-127,-630,267,-1111,623,0,0
-182,1312,-642,82,-183,606,0,0
-50,906,-13,-120,-414,200,0,0
-371,177,458,-91,-406,518,0,0
-545,516,498,243,249,-387,0,0
-321,14,633,531,-50,-920,0,0
-99,-350,809,1130,-808,-1524,0,0
-108,-594,858,1770,-1767,-2014,0,0
5,-132,602,2918,-2614,-2896,0,0
107,-388,302,2975,-2284,-3460,0,0
192,-189,104,2304,-3453,-2771,0,0
144,637,136,2775,-4906,-3742,0,0
-20,-493,319,2063,-4543,-3065,0,0
-91,-130,395,1826,-4269,-3344,0,0
14,17,132,2696,-4498,-3685,0,0
32,-4,-263,3222,-4393,-3805,0,0
24,370,-572,3568,-4263,-4707,0,0
-38,-93,-616,3309,-4446,-3296,0,0
-155,396,-298,3638,-4394,-3850,0,0
-78,-413,-120,2885,-3598,-3591,0,0
-54,-509,-273,2491,-2668,-3091,0,0
-21,-438,-567,2887,-2914,-4174,0,0
-2,-801,-741,2694,-3726,-3277,0,0
-161,-205,-433,3260,-4314,-3502,0,0
-360,-654,-1,2019,-4177,-3199,0,0
-489,-284,92,1919,-3420,-3335,0,0
-294,-328,96,1969,-2372,-3510,0,0
-8,-487,-200,903,-1531,-847,0,0
206,967,-505,1870,-603,-869,0,0
220,874,-803,1334,55,-770,0,0
-55,1167,-852,-817,1196,-551,0,0
-206,785,-358,-531,80,-1678,0,0
77,-601,-279,132,-1181,778,0,0
286,76,-177,1573,-1246,-762,0,0
699,-636,361,1800,-1071,-903,0,0
580,-533,1004,1462,-1668,-803,0,0
132,-446,1024,2129,-2621,-2307,0,0
85,-577,611,2415,-2550,-1191,0,0
155,674,406,2635,-2175,-2062,0,0
241,614,311,2707,-2551,-1905,0,0
53,472,-25,2945,-3089,-3833,0,0
85,328,-205,3122,-2916,-3343,0,0
-214,235,-174,2994,-3020,-3303,0,0
-541,46,-107,2371,-3461,-3935,0,0
-648,-16,-79,1970,-4050,-4320,0,0
-449,-44,-257,2505,-4034,-4306,0,0
-98,-209,-152,3005,-3739,-3430,0,0
1,-421,155,2874,-3545,-3480,0,0
-56,-156,243,2047,-3447,-3320,0,0
-186,-173,138,2113,-3684,-4254,0,0
17,-233,74,2462,-3714,-3478,0,0
317,126,25,3616,-3346,-3681,0,0
544,-314,158,2838,-2950,-3571,0,0
630,142,163,1828,-3227,-2934,0,0
489,432,54,2339,-3710,-3353,0,0
221,148,10,1683,-3538,-2471,0,0
-64,561,-184,1927,-3085,-2464,0,0
-284,229,-144,2653,-2808,-1798,0,0
-514,647,-77,2869,-1972,-1651,0,0
-700,106,-261,2931,-1506,-2431,0,0
-797,-63,-526,1481,-1167,-338,0,0
-775,934,-957,1226,-622,105,0,0
-473,541,-740,532,-522,571,0,0
-255,829,11,-15,-906,103,0,0
-311,6,458,548,-1201,-901,0,0
-217,-430,725,573,-387,-837,0,0
-65,-645,1326,970,-316,-1346,0,0
144,-693,1773,1097,-1033,-1722,0,0
416,-747,1398,2129,-1645,-2538,0,0
566,-1038,946,2389,-1686,-3417,0,0
764,-749,437,2618,-2231,-2985,0,0
604,-703,-15,3064,-4080,-3789,0,0
557,-545,-95,2624,-4494,-3959,0,0
490,-596,174,2105,-4475,-2846,0,0
162,-595,687,1268,-4599,-3768,0,0
-6,-1069,587,335,-4933,-3050,0,0
-206,-413,120,839,-4485,-3938,0,0
-168,-962,58,916,-5203,-4354,0,0
-73,-354,-214,1083,-5016,-3508,0,0
82,332,-250,1672,-3630,-3626,0,0
158,-609,-104,877,-3488,-3045,0,0
26,43,-386,1006,-3432,-3789,0,0
-148,-302,-590,819,-3332,-3568,0,0
-228,-84,-681,856,-3644,-2485,0,0
-267,473,-716,1776,-3866,-3677,0,0
-329,-156,-593,1610,-3865,-3312,0,0
-350,244,-365,2020,-4066,-3817,0,0
-388,35,-24,2011,-4245,-3826,0,0
-484,228,121,1277,-3439,-3214,0,0
-449,934,-14,1269,-2352,-3468,0,0
-308,-33,-232,988,-1791,-2181,0,0
-316,71,-551,607,-779,-947,0,0
-296,1124,-1016,440,-141,-833,0,0
-265,1084,-1377,177,492,-471,0,0
-31,1678,-1049,345,319,-922,0,0
46,229,-431,475,-592,-919,0,0
208,-594,-16,850,-1289,-509,0,0
500,-426,423,1521,-1324,-629,0,0
576,-766,831,1485,-1400,-2616,0,0
406,-632,867,1603,-1882,-1373,0,0
155,-96,551,1999,-2604,-1429,0,0
-22,386,211,2667,-2454,-2599,0,0
4,391,0,3281,-3173,-2531,0,0
-239,343,-92,4069,-3109,-4505,0,0
-141,-20,124,3449,-2640,-4357,0,0
-63,-220,497,2590,-2951,-3908,0,0
-12,303,475,2182,-3996,-4135,0,0
127,299,84,2726,-4694,-5061,0,0
204,-144,-290,2677,-4722,-4806,0,0
257,237,-328,3061,-4404,-4223,0,0
23,-592,-16,2036,-4117,-3456,0,0
-177,-13,28,1481,-4005,-3481,0,0
47,333,-93,2015,-4107,-3865,0,0
397,203,-11,2007,-4233,-2324,0,0
631,759,337,2215,-3994,-2911,0,0
546,-222,406,2036,-3686,-3157,0,0
169,-213,245,2223,-3160,-3174,0,0
-36,103,275,2447,-2730,-3750,0,0
-88,-68,239,2315,-2373,-2063,0,0
-237,77,26,2895,-2068,-2782,0,0
-339,-1275,-407,2157,-1867,-1682,0,0
-627,-247,-1094,1198,-1035,518,0,0
-756,359,-1634,740,-544,655,0,0
-381,645,-1485,-97,-702,827,0,0
-44,1548,-813,659,-1090,-824,0,0
-75,201,-60,1063,-1229,-774,0,0
-219,-98,542,368,-350,-569,0,0
-103,10,1174,1017,-402,-2004,0,0
116,-1159,1602,1478,-1534,-1550,0,0
317,-846,1467,2037,-2249,-2323,0,0
499,-1019,1392,2351,-2036,-3968,0,0
672,-771,1075,1556,-2011,-2676,0,0
592,286,290,2655,-3656,-3428,0,0
558,-469,-75,2356,-4539,-3583,0,0
560,175,-90,1461,-4912,-2484,0,0
166,428,540,1452,-4954,-3859,0,0
-322,-826,931,304,-4443,-3411,0,0
-402,-318,417,1356,-4244,-3753,0,0
-296,-362,-21,1499,-4233,-3836,0,0
-27,-122,-24,1086,-4242,-3212,0,0
226,-409,95,904,-4373,-3374,0,0
241,-507,37,1112,-4194,-2392,0,0
106,-125,37,1421,-3842,-3620,0,0
65,-647,-51,964,-3545,-2994,0,0
-58,-279,-109,989,-3270,-3012,0,0
-17,-277,-186,845,-3382,-3246,0,0
43,-65,-406,848,-3559,-2281,0,0
-45,436,-535,1243,-3718,-3398,0,0
-141,162,-592,823,-4018,-2888,0,0
-379,550,-569,970,-4103,-3668,0,0
-516,78,-492,1291,-4412,-3825,0,0
-580,-296,-453,1243,-4125,-3023,0,0
-519,-194,-506,1552,-3241,-3785,0,0
-421,-374,-531,1343,-2566,-2632,0,0
-393,-436,-393,1706,-2124,-3019,0,0
-66,-494,-316,1453,-1550,-1968,0,0
86,652,-522,1036,-247,-109,0,0
-48,1712,-578,165,482,-639,0,0
-1,1390,-280,-877,548,-1301,0,0
279,13,-102,-413,-294,-337,0,0
617,-282,-346,699,-799,51,0,0
963,-469,-210,1478,-804,-583,0,0
949,-685,331,1106,-1592,-687,0,0
464,-526,617,1423,-2496,-1235,0,0
132,51,356,1861,-3606,-698,0,0
63,1300,84,3077,-3200,-2638,0,0
143,221,42,3319,-3820,-3364,0,0
129,424,82,3560,-4444,-4991,0,0
225,-272,17,3108,-4731,-3996,0,0
78,775,-130,3589,-5217,-3388,0,0
-278,234,-220,2832,-4373,-4675,0,0
-883,-848,-988,422,-2877,-1889,0,0
493,-540,1867,3499,-508,-1991,0,0
443,-790,1691,3215,-1040,-2915,0,0
528,-722,1195,3024,-1795,-3276,0,0
394,-178,979,2515,-2543,-2895,0,0
95,516,923,2220,-3555,-2907,0,0
-1,96,782,2118,-3952,-3433,0,0
-10,22,485,1845,-4441,-3249,0,0
-83,430,131,2097,-4369,-3538,0,0
-69,514,-236,2438,-4390,-3953,0,0
92,453,-578,3008,-4292,-4390,0,0
391,255,-713,3317,-4124,-3877,0,0
391,-205,-739,3514,-3582,-3598,0,0
133,-439,-702,2245,-3191,-2964,0,0
-45,-525,-932,2481,-3390,-3335,0,0
-169,-1076,-1080,2324,-3971,-2880,0,0
-573,-648,-1048,2259,-4195,-3238,0,0
-973,-501,-1096,2893,-3874,-3856,0,0
-1300,467,-1170,2025,-3216,-2602,0,0
-1549,1205,-1325,2724,-1813,-3090,0,0
-1288,202,-1464,1317,-510,-1637,0,0
-608,959,-1430,359,626,689,0,0
120,676,-965,376,732,474,0,0
543,52,-661,-175,333,-29,0,0
903,260,-724,-151,-384,-264,0,0
1046,299,-747,131,-771,-198,0,0
885,225,-440,191,-800,-136,0,0
612,147,35,1358,-1109,-941,0,0
487,-381,714,2612,-1860,-2009,0,0
434,-824,1227,3440,-2938,-2239,0,0
279,-1362,1259,3814,-3513,-2629,0,0
13,-78,1138,4305,-3116,-4425,0,0
-356,-196,1381,3897,-2539,-4645,0,0
-315,-242,1584,2872,-2395,-4498,0,0
329,-211,1373,3037,-2601,-4326,0,0
835,-407,988,2619,-2842,-3115,0,0
886,427,685,2909,-3117,-2894,0,0
657,114,592,2750,-3224,-3384,0,0
497,-252,465,2058,-3190,-2656,0,0
247,105,275,1950,-3280,-2651,0,0
71,106,16,2338,-3610,-3157,0,0
7,59,-225,2453,-3551,-2929,0,0
6,72,-374,2717,-3652,-3115,0,0
92,163,-402,2671,-4072,-3120,0,0
147,386,-424,3025,-4225,-3477,0,0
149,-2112,-362,3430,-4195,-3427,0,0
-69,-376,-190,3186,-4111,-3532,0,0
-412,-195,-388,2956,-3515,-3713,0,0
-841,243,-1016,2157,-2701,-2508,0,0
-1440,636,-1526,1015,-1627,-1247,0,0
-1547,972,-1558,1139,-1049,-1903,0,0
-852,321,-1246,1333,-1158,-942,0,0
-330,-589,-161,1299,-905,310,0,0
-204,-565,959,456,-589,320,0,0
74,41,1202,-254,-262,-136,0,0
430,25,1117,68,200,-5,0,0
615,189,1088,54,153,-262,0,0
637,-9,1013,219,-82,-869,0,0
633,-119,967,935,-1073,-1526,0,0
641,302,557,2431,-2892,-3130,0,0
565,48,-155,4327,-3265,-5441,0,0
760,-242,-58,3257,-3328,-4055,0,0
691,-823,614,3041,-4721,-1411,0,0
148,-784,695,2294,-5428,-2356,0,0
34,123,211,1930,-4777,-3069,0,0
-57,283,64,1818,-4149,-3150,0,0
-164,-229,341,1784,-3550,-3030,0,0
-62,-37,504,2388,-3299,-2476,0,0
43,-152,474,2831,-3247,-2446,0,0
52,-69,130,2741,-3356,-2934,0,0
-18,-33,-314,2861,-3460,-3879,0,0
-204,-187,-497,2740,-3784,-3611,0,0
-305,127,-373,3323,-4228,-4160,0,0
-216,-258,-82,3283,-4608,-3557,0,0
-162,-63,172,2702,-4422,-3356,0,0
-53,265,267,2332,-4260,-3897,0,0
11,-119,159,1470,-4568,-3083,0,0
-58,501,-112,1715,-4724,-3140,0,0
-241,720,-219,2597,-4190,-3789,0,0
-527,10,-239,2204,-3245,-2983,0,0
-614,215,-465,1560,-1469,-1347,0,0
-480,569,-904,892,511,-193,0,0
-264,522,-1110,333,1620,-330,0,0
73,125,-873,-42,985,-696,0,0
317,-560,-734,-221,452,22,0,0
417,-519,-705,-94,-140,578,0,0
375,-258,-593,226,-772,139,0,0
410,-146,-363,844,-1154,-587,0,0
473,-277,227,1259,-1687,-829,0,0
427,-740,980,1881,-2742,-1690,0,0
525,-1078,1194,2511,-3785,-2438,0,0
596,-744,849,2809,-4552,-2451,0,0
322,328,311,3734,-4128,-4965,0,0
24,-261,513,2434,-3270,-3732,0,0
-345,-753,861,1302,-3431,-3490,0,0
-330,-298,539,1256,-4683,-3675,0,0
-214,35,-210,1730,-4402,-4148,0,0
25,496,-408,2262,-3868,-3299,0,0
0,298,43,2393,-4162,-3051,0,0
-203,-155,302,1856,-3719,-3132,0,0
-270,317,171,1861,-3254,-3194,0,0
-373,201,-152,2072,-3199,-3550,0,0
-346,299,-366,2394,-3423,-3776,0,0
-236,218,-479,2977,-3422,-4237,0,0
-119,-145,-493,2951,-3560,-3742,0,0
-10,279,-344,3353,-3913,-4520,0,0
19,182,57,3017,-3750,-3835,0,0
-235,190,331,2830,-3745,-3478,0,0
-469,-418,93,2615,-3337,-3688,0,0
-556,-443,-522,1718,-2050,-2142,0,0
-784,6,-890,1040,-1114,-186,0,0
-1082,290,-1207,284,-786,830,0,0
-849,2126,-1371,736,-125,-45,0,0
-325,1575,-688,838,-509,-343,0,0
-341,122,133,408,-822,94,0,0
-320,102,500,569,-370,-453,0,0
-115,68,758,793,80,-1024,0,0
200,79,981,1200,-278,-2136,0,0
405,-438,897,1984,-1026,-2014,0,0
425,-145,681,2431,-1629,-2153,0,0
255,477,421,3347,-1638,-3800,0,0
46,-179,411,3329,-1204,-3694,0,0
-33,-485,600,2833,-1691,-2828,0,0
-143,-264,552,2440,-2488,-3360,0,0
-113,-346,541,2088,-3311,-3374,0,0
-96,-794,456,2307,-3663,-2896,0,0
-79,2,282,2066,-3400,-3758,0,0
-208,439,-115,2632,-3333,-4664,0,0
-459,68,-177,3294,-3240,-5397,0,0
-504,-117,170,2879,-3696,-3985,0,0
-587,181,457,2499,-3320,-3875,0,0
-297,331,486,1756,-2905,-5212,0,0
245,138,175,2008,-3125,-4195,0,0
459,211,-36,2789,-2945,-4393,0,0
615,175,-131,2460,-3208,-4169,0,0
513,420,-355,2752,-3433,-4026,0,0
259,35,-508,3465,-3479,-4585,0,0
68,-370,-465,2881,-3336,-3511,0,0
-65,-450,-426,2871,-2422,-3667,0,0
151,-767,-235,2348,-1761,-2767,0,0
404,-678,-42,1243,-1008,-1137,0,0
514,-126,-364,684,-291,-272,0,0
516,484,-817,35,671,71,0,0
687,845,-711,-318,540,-169,0,0
689,-120,-375,-209,-147,156,0,0
611,-285,-329,217,-518,173,0,0
658,-220,-172,936,-701,-231,0,0
618,-534,266,1230,-1029,-448,0,0
422,-552,823,1725,-2382,-1260,0,0
261,-876,826,1991,-2922,-1283,0,0
304,-77,391,2070,-3109,-1537,0,0
282,803,-78,2985,-3376,-2317,0,0
-206,368,-267,3014,-3435,-2919,0,0
-728,293,-274,2942,-3309,-4950,0,0
-646,16,-63,2988,-4082,-3945,0,0
-388,-576,202,3139,-4240,-3438,0,0
-24,-168,347,3311,-4191,-3701,0,0
167,-208,257,3333,-4033,-4339,0,0
300,-292,149,2779,-3917,-3778,0,0
241,-6,109,2401,-3894,-3477,0,0
99,-46,17,2216,-3925,-3230,0,0
63,375,-109,2339,-3970,-3342,0,0
128,334,-221,2793,-3818,-3527,0,0
134,72,-178,2834,-3634,-2995,0,0
179,176,12,2910,-3650,-3618,0,0
252,-94,194,2661,-4010,-3124,0,0
50,16,254,2665,-3945,-3375,0,0
-214,121,76,3052,-3292,-3501,0,0
-398,-116,19,2502,-2989,-2641,0,0
-597,-582,-100,1408,-2201,-1261,0,0
-639,-372,-524,925,-1204,33,0,0
-459,488,-715,305,-64,583,0,0
-239,770,-442,-531,-8,931,0,0
-329,886,-5,-50,-455,508,0,0
-399,480,161,188,-429,74,0,0
-386,244,272,-43,-35,-304,0,0
-209,513,552,161,-598,-1278,0,0
-14,-149,833,1075,-1506,-1623,0,0
-70,-433,862,1865,-2303,-2103,0,0
78,602,586,3179,-2769,-3380,0,0
138,259,96,3235,-2133,-3683,0,0
117,82,-131,3011,-2812,-3032,0,0
2,461,15,3324,-4147,-3389,0,0
-221,-117,33,2906,-4750,-3373,0,0
-416,-142,-104,3062,-4199,-4079,0,0
-411,-358,66,2736,-3533,-4001,0,0
-394,-775,507,2263,-3036,-3430,0,0
-211,-963,726,2449,-3553,-3334,0,0
-303,-288,70,2445,-3995,-3619,0,0
-507,662,-737,2449,-2452,-5107,0,0
-309,-63,-525,2402,-2515,-3288,0,0
-283,-290,-213,3069,-2904,-3334,0,0
-154,-63,-165,2835,-2389,-3726,0,0
22,-287,-224,1915,-2206,-3099,0,0
95,27,-363,2456,-2537,-4213,0,0
135,-281,-275,2317,-2989,-4179,0,0
32,-413,-211,2310,-3258,-3820,0,0
-42,-275,-88,2933,-3638,-4037,0,0
-147,131,100,2087,-3529,-3825,0,0
-246,584,11,2100,-2814,-4422,0,0
-199,-20,-183,1877,-1944,-3050,0,0
-78,318,-373,910,-185,-857,0,0
90,893,-566,123,963,-149,0,0
238,829,-499,-623,1000,-85,0,0
574,555,-484,-402,363,10,0,0
867,190,-581,-78,-389,579,0,0
873,8,-478,201,-862,32,0,0
887,-183,-206,904,-1287,-594,0,0
613,-911,243,1743,-1505,-1352,0,0
377,-1106,457,2631,-2410,-1813,0,0
293,-151,204,3128,-2907,-1752,0,0
343,605,161,4393,-3161,-3080,0,0
171,339,440,3631,-3212,-3028,0,0
-162,275,611,3073,-3005,-3940,0,0
68,-103,756,3115,-3450,-3971,0,0
327,-503,534,2752,-4143,-2795,0,0
310,248,63,3093,-4274,-3902,0,0
224,152,163,2966,-3827,-6328,0,0
8,-641,471,2363,-3751,-2757,0,0
45,-387,604,2629,-3844,-2590,0,0
216,-311,530,2390,-3957,-2551,0,0
281,388,211,2513,-3940,-2803,0,0
276,354,-39,2853,-3850,-3483,0,0
198,-103,-140,2229,-3760,-2385,0,0
34,408,-119,2587,-3807,-3195,0,0
1,18,-18,2332,-3970,-3208,0,0
-31,-18,10,2334,-3825,-2659,0,0
-79,94,83,3065,-4112,-3383,0,0
-259,-297,42,2855,-4159,-3558,0,0
-664,-242,-207,2807,-3284,-3668,0,0
-1165,-809,-498,1892,-2614,-2515,0,0
-1354,-819,-814,595,-1513,-280,0,0
-1018,110,-1054,310,-587,997,0,0
-442,512,-821,98,-568,1489,0,0
-215,903,-349,-52,-704,759,0,0
-229,923,-71,438,-525,-292,0,0
-279,606,212,53,245,-362,0,0
-316,731,511,299,217,-1647,0,0
-148,61,704,1461,-1114,-2213,0,0
-93,-684,632,2101,-1945,-2339,0,0
99,19,423,3027,-2118,-3566,0,0
168,-144,156,2889,-1540,-3307,0,0
223,-233,-108,2958,-2110,-2866,0,0
311,425,-176,3069,-3144,-3515,0,0
306,6,-30,2689,-3691,-3677,0,0
248,-405,169,2484,-4074,-3298,0,0
144,197,35,2696,-4122,-3520,0,0
-47,335,-170,2640,-3334,-4014,0,0
-143,-49,51,2390,-3108,-3655,0,0
-10,-527,414,2422,-3073,-2240,0,0
149,-421,515,2636,-2710,-2364,0,0
293,-233,271,2259,-2539,-3168,0,0
310,-67,-91,2455,-2594,-3717,0,0
183,-264,-278,2961,-3088,-3804,0,0
121,9,-382,3228,-3492,-3436,0,0
130,-20,-309,3066,-3298,-3807,0,0
173,-300,-250,2440,-3240,-3528,0,0
134,-110,-198,2675,-3371,-3616,0,0
80,-543,-66,2416,-3586,-3511,0,0
-32,-390,-44,2289,-3691,-3055,0,0
-199,-27,68,2725,-3830,-3836,0,0
-331,-458,6,2152,-3672,-3568,0,0
-455,111,-323,2072,-2955,-3031,0,0
-511,693,-396,1932,-1822,-2773,0,0
-378,342,-365,996,-848,-1218,0,0
-224,718,-494,262,438,-189,0,0
-79,1039,-572,-586,806,-312,0,0
124,197,-457,-752,115,-271,0,0
477,-148,-530,-207,-279,448,0,0
624,157,-513,41,-514,363,0,0
611,-36,-319,622,-923,-864,0,0
564,-238,69,1950,-1494,-1458,0,0
424,-1048,529,3270,-2668,-2140,0,0
469,-771,631,3232,-3714,-2291,0,0
438,366,372,4109,-3346,-3564,0,0
354,-102,475,3992,-2918,-3410,0,0
133,-442,697,2621,-2751,-3063,0,0
90,-17,527,2405,-3373,-3371,0,0
140,31,196,2533,-4556,-3776,0,0
74,-165,-94,3220,-4261,-3849,0,0
-48,-153,265,3333,-3842,-3333,0,0
-148,-415,551,2471,-3421,-3179,0,0
-167,-419,276,1657,-3226,-2224,0,0
-427,-103,-191,1617,-3032,-3087,0,0
-583,146,-623,2297,-3147,-3217,0,0
-683,-2624,-649,3418,-3167,-4367,0,0
-435,-780,-131,3494,-3792,-3598,0,0
-270,243,672,2440,-3746,-3343,0,0
-23,71,979,1632,-3468,-4837,0,0
416,-557,786,1937,-3533,-3998,0,0
568,-403,796,2485,-3450,-3959,0,0
317,-162,630,1718,-3090,-3143,0,0
-292,1184,94,1202,-2495,-2555,0,0
-1119,1495,-751,205,-1417,-1917,0,0
-1351,840,-1998,-449,-343,-114,0,0
-1002,371,-2609,1316,172,774,0,0
-696,350,-1812,2949,-706,-711,0,0
-129,571,-156,2341,-1395,-591,0,0
137,1097,1000,311,-677,-365,0,0
298,1298,1266,28,-280,-764,0,0
497,1321,1383,235,-386,-732,0,0
589,46,1348,989,-558,-1407,0,0
402,-1577,1056,1539,-1681,-1943,0,0
155,248,319,3924,-1997,-3797,0,0
186,-209,-20,4422,-1298,-4508,0,0
540,-808,268,2568,-2415,-2737,0,0
837,158,218,2868,-3796,-2549,0,0
815,-372,185,2956,-3759,-2076,0,0
470,-1137,347,2091,-3479,-2514,0,0
287,-127,313,1801,-3691,-3285,0,0
68,-369,93,2947,-4368,-3477,0,0
-332,-700,-49,2283,-4755,-3319,0,0
-527,205,-289,1973,-4797,-4190,0,0
-506,-120,-94,2449,-4674,-4000,0,0
-382,41,141,2127,-4193,-3540,0,0
-77,473,0,2741,-3870,-4414,0,0
42,-425,-82,2005,-3515,-3507,0,0
-61,-510,-196,1702,-3379,-3484,0,0
-152,-172,-422,2200,-3573,-3622,0,0
-349,-388,-655,2454,-3516,-3524,0,0
-525,-516,-710,2417,-3144,-3873,0,0
-658,-269,-603,1732,-2458,-3383,0,0
-576,-355,-439,1822,-1693,-3267,0,0
-153,-553,-253,1747,-1033,-2327,0,0
118,-142,-300,1605,-288,-391,0,0
-19,52,-648,292,445,685,0,0
-40,1305,-1119,-1055,653,412,0,0
331,2252,-765,-72,-89,-1274,0,0
606,253,-150,86,-919,-615,0,0
867,-170,73,884,-1092,4,0,0
919,-167,357,2300,-1030,-1199,0,0
788,-512,692,2754,-1885,-1599,0,0
492,-680,594,3193,-2505,-2592,0,0
320,-469,362,3317,-2862,-2070,0,0
80,387,380,3709,-3153,-2787,0,0
-99,122,364,2715,-3642,-2870,0,0
-185,554,171,3133,-3600,-3770,0,0
74,379,422,2988,-3693,-3506,0,0
291,13,505,2562,-3999,-2520,0,0
354,404,353,3030,-4220,-3505,0,0
375,276,226,3187,-4194,-3087,0,0
322,-118,105,3084,-4064,-3410,0,0
295,-310,-16,2555,-4073,-2979,0,0
116,-133,-144,1773,-3884,-2311,0,0
-79,121,-191,1807,-4018,-2830,0,0
-150,24,-137,2091,-4217,-2397,0,0
-144,394,-70,2736,-4331,-2370,0,0
-90,157,51,2885,-4322,-2476,0,0
-129,-262,179,3129,-4047,-2797,0,0
-334,-211,265,3264,-3578,-3476,0,0
-593,-68,302,3073,-2889,-2841,0,0
-847,-142,127,3798,-2368,-3525,0,0
-746,-1004,-249,2029,-2242,-1366,0,0
-683,-34,-769,550,-968,1620,0,0
-754,933,-892,-73,-569,1458,0,0
-738,1783,-503,-495,-440,391,0,0
-595,1722,-60,484,-255,-1126,0,0
-459,-138,172,172,-97,-249,0,0
-639,-37,321,61,254,-281,0,0
-676,-71,568,873,-675,-2162,0,0
-432,-917,675,1577,-2028,-1834,0,0
-427,-524,584,3165,-2015,-3263,0,0
-177,-27,410,3141,-1008,-3940,0,0
48,-217,116,3037,-1006,-2842,0,0
209,36,-123,3196,-2063,-3049,0,0
332,610,-194,2972,-2857,-3374,0,0
309,170,47,3287,-3196,-4310,0,0
385,-600,318,2602,-3615,-3046,0,0
347,51,5,3392,-3760,-3573,0,0
199,100,-306,3966,-3838,-4669,0,0
-4,-302,3,2810,-3523,-4531,0,0
47,-554,287,2700,-3206,-3935,0,0
345,-167,247,3261,-3745,-2857,0,0
464,76,29,2911,-3531,-3524,0,0
416,-180,-325,2082,-3143,-3530,0,0
116,167,-285,2470,-3472,-4197,0,0
-69,-298,-122,2559,-3749,-3686,0,0
-134,-418,-55,2702,-3885,-2933,0,0
-126,-157,66,2586,-3762,-4046,0,0
-42,-205,-60,2231,-3738,-3201,0,0
-216,192,-20,2907,-2946,-3799,0,0
-215,-431,107,2134,-1531,-2856,0,0
-19,-378,-13,824,-141,-132,0,0
-18,449,-461,640,393,206,0,0
-216,1376,-854,-551,1102,-139,0,0
-69,1767,-760,-560,290,-1173,0,0
119,-450,-571,116,-486,-60,0,0
338,-444,-318,199,-1089,813,0,0
450,30,-140,1290,-1079,-1009,0,0
559,-591,253,1803,-1363,-1278,0,0
307,-1067,848,2464,-2074,-2424,0,0
394,-1828,686,3150,-2348,-1626,0,0
363,-324,403,3249,-2932,-1563,0,0
141,862,473,3255,-3760,-3381,0,0
-91,408,289,2872,-3722,-3993,0,0
5,332,144,3377,-3219,-5230,0,0
64,-696,393,2585,-3556,-3322,0,0
20,-235,326,2566,-4425,-3954,0,0
65,-8,-54,2460,-4520,-3655,0,0
71,478,-194,3165,-4422,-4232,0,0
268,395,-115,2999,-4237,-3894,0,0
234,-57,-179,2151,-3560,-2755,0,0
105,79,-250,2376,-3337,-4167,0,0
93,-162,-278,1915,-3452,-2835,0,0
39,536,-351,2320,-3496,-2345,0,0
115,506,-242,2843,-3949,-2826,0,0
85,164,-116,2917,-3764,-2355,0,0
-97,178,1,3839,-2873,-3886,0,0
-276,-484,245,3608,-2576,-2814,0,0
-677,-201,133,2766,-1738,-3824,0,0
-821,-544,-279,1347,-1178,-1226,0,0
-551,-800,-874,752,-908,459,0,0
-221,902,-1035,315,-625,1216,0,0
-133,1227,-655,-262,-340,513,0,0
-198,1201,-60,59,-653,-554,0,0
-225,746,286,1074,-750,-572,0,0
-381,-146,616,860,-589,-866,0,0
-452,4,900,1509,-1678,-2075,0,0
-620,-115,778,2452,-1996,-2744,0,0
-755,-240,585,2931,-1169,-3771,0,0
-510,-414,339,2962,-805,-3268,0,0
-50,-267,140,3656,-1277,-2638,0,0
316,-340,-174,3300,-2101,-3216,0,0
747,412,-484,3585,-2725,-3832,0,0
871,89,-270,3661,-3602,-3050,0,0
518,49,155,2594,-3861,-2816,0,0
325,304,194,3000,-3807,-4344,0,0
165,-554,-170,3161,-3935,-3486,0,0
-133,-129,-320,3594,-3764,-4485,0,0
-211,-410,-36,3378,-3635,-4528,0,0
-263,-542,268,2834,-3461,-2800,0,0
-170,-372,346,2855,-3328,-3082,0,0
43,-389,158,2420,-2985,-2501,0,0
-4,-54,-110,2367,-2657,-3283,0,0
-153,-602,-178,2482,-3032,-4436,0,0
-291,-576,-167,2269,-3226,-3712,0,0
-285,-391,-149,3266,-3357,-4271,0,0
-147,-741,58,2337,-2963,-3310,0,0
-53,13,199,1261,-1636,-1828,0,0
86,742,17,1092,-337,-645,0,0
219,937,-341,337,768,296,0,0
405,1411,-632,-474,1152,-202,0,0
673,881,-781,-564,846,-438,0,0
889,202,-871,-300,107,126,0,0
930,281,-784,676,-920,-180,0,0
856,-316,-416,1430,-1472,-484,0,0
588,-687,-2,1692,-2133,-1122,0,0
344,-560,569,3262,-2449,-2693,0,0
426,-1508,819,2661,-2905,-132,0,0
-17,727,102,2919,-4045,-2486,0,0
-125,1952,-449,4942,-3947,-4474,0,0
-501,-243,153,3737,-3532,-3060,0,0
-493,2,480,4077,-3598,-4628,0,0
-32,-629,277,3985,-3920,-3894,0,0
-48,-268,345,4031,-4188,-4029,0,0
-79,-341,575,3208,-3874,-4131,0,0
-66,-698,449,2661,-3643,-2651,0,0
-141,-35,261,2966,-3559,-3105,0,0
-318,-380,78,2071,-3290,-2517,0,0
-591,105,-82,2178,-3158,-3231,0,0
-625,26,-126,2479,-3094,-4046,0,0
-389,-173,-131,2154,-2965,-2239,0,0
-240,391,11,2832,-2903,-3430,0,0
-80,-91,99,3015,-2974,-3729,0,0
-124,-91,150,3315,-2605,-3654,0,0
-223,32,165,4009,-2388,-4632,0,0
-327,-875,139,2454,-2096,-2735,0,0
-570,-742,0,1116,-1482,-967,0,0
-651,-482,-608,766,-1085,524,0,0
-285,922,-1004,84,-336,1504,0,0
-49,1900,-750,62,-275,902,0,0
-177,1351,-107,237,-618,-261,0,0
-186,1227,221,440,-800,-210,0,0
-410,917,346,899,-346,-918,0,0
-501,400,671,1567,-795,-2603,0,0
-438,-105,763,2771,-1024,-2772,0,0
-435,-706,697,3423,-929,-2922,0,0
-93,-205,611,2914,-684,-3078,0,0
359,171,211,3403,-672,-2688,0,0
635,-166,-111,3460,-1328,-2857,0,0
786,197,-508,2962,-2532,-3029,0,0
560,376,-538,4112,-3815,-3704,0,0
192,-765,132,3636,-4072,-3485,0,0
106,-579,204,2629,-3653,-2174,0,0
70,716,-292,4110,-3671,-4345,0,0
68,260,-328,4277,-3794,-4515,0,0
-156,-131,-279,3780,-3485,-3616,0,0
-194,-1,-234,3833,-3323,-4550,0,0
-9,-301,-277,3395,-3494,-3153,0,0
-61,-1,-207,3420,-3354,-3491,0,0
-81,-291,-54,2884,-3327,-3852,0,0
-189,-489,-103,2781,-2952,-3158,0,0
-309,-495,-226,3558,-2016,-4355,0,0
-61,-1311,-329,2581,-1735,-3480,0,0
175,-1128,-338,2190,-1329,-1442,0,0
361,-148,-68,2482,-343,-993,0,0
370,-74,-360,740,442,-213,0,0
160,1013,-827,-572,715,-115,0,0
-73,1332,-673,-666,-434,-527,0,0
-119,206,-262,-219,-979,-183,0,0
179,-248,10,507,-873,-179,0,0
686,-365,197,1320,-686,-1401,0,0
1109,-756,387,1532,-384,-988,0,0
910,-586,976,2248,-1734,-2065,0,0
864,-1454,883,3233,-2671,-1635,0,0
971,105,453,3469,-3708,-996,0,0
442,1371,461,4198,-4088,-3999,0,0
-314,272,399,2860,-3250,-3707,0,0
-350,732,2,3559,-3251,-5361,0,0
331,283,-152,3691,-4319,-3650,0,0
436,33,-216,3946,-4620,-2859,0,0
162,448,-270,2984,-4285,-3318,0,0
-49,460,-272,2443,-3936,-3264,0,0
-279,-455,-147,2344,-3540,-3038,0,0
-258,-450,-102,2053,-3146,-2621,0,0
-197,203,-168,2743,-3128,-2199,0,0
-211,44,3,3151,-3303,-3120,0,0
-125,-391,244,2767,-3557,-3197,0,0
-98,-371,445,3337,-3552,-3286,0,0
-88,-508,814,3328,-3444,-3396,0,0
-95,-8,889,3304,-3044,-2459,0,0
-280,266,760,3447,-2182,-3315,0,0
-334,-865,359,2210,-1647,-1282,0,0
-544,-416,-219,1216,-893,1237,0,0
-921,591,-668,141,-315,1309,0,0
-979,1883,-780,-83,162,1063,0,0
-1081,2158,-380,751,-514,-1406,0,0
-1016,145,175,550,-1321,-1127,0,0
-883,20,759,565,-798,-639,0,0
-665,-236,1447,1336,-954,-4064,0,0
-316,-702,1583,1654,-1739,-2643,0,0
-108,-6,987,2796,-1476,-3406,0,0
-38,-312,589,3356,-503,-4766,0,0
152,-411,71,2154,-622,-2569,0,0
341,157,-549,3617,-1638,-3339,0,0
559,-510,-1146,3305,-2496,-3706,0,0
471,344,-1313,2842,-3526,-3788,0,0
170,-249,-539,3288,-3925,-4771,0,0
46,-1222,-82,2119,-3357,-2516,0,0
60,-245,-9,2990,-3218,-3637,0,0
238,-472,55,2708,-3468,-3515,0,0
227,121,-107,2615,-3657,-3603,0,0
67,-10,-117,2578,-3814,-4595,0,0
-89,-353,-20,1816,-3665,-3379,0,0
-168,70,71,2544,-3382,-4224,0,0
30,-373,2,2163,-3023,-3786,0,0
82,-123,-303,1898,-2736,-3568,0,0
28,-176,-463,2348,-2892,-4735,0,0
-165,-552,-588,2148,-2803,-3510,0,0
-320,-229,-613,2911,-2297,-4204,0,0
-228,-597,-505,2347,-1825,-3414,0,0
-85,-93,-310,1953,-1397,-2039,0,0
-36,187,-136,1799,-915,-1970,0,0
42,445,-402,1269,-112,-919,0,0
84,1435,-800,557,714,-243,0,0
19,1898,-901,-487,131,-816,0,0
175,1217,-529,-300,-412,-1340,0,0
648,-386,-229,206,-862,412,0,0
991,-31,-36,987,-1164,-218,0,0
1322,46,419,1909,-1546,-1542,0,0
1053,-844,702,2893,-2161,-2023,0,0
676,-2688,329,3886,-1744,-2089,0,0
461,106,6,3571,-1920,-1340,0,0
127,812,184,4013,-2502,-2369,0,0
-384,72,459,3268,-3270,-1619,0,0
-838,228,-113,3897,-2949,-4453,0,0
-558,-405,-185,3546,-3111,-4108,0,0
-317,-275,336,4456,-3493,-3509,0,0
-88,-238,834,3942,-3433,-4041,0,0
213,133,633,2826,-3551,-3330,0,0
305,736,259,3329,-3792,-3637,0,0
254,-285,391,2376,-3831,-3010,0,0
192,-242,494,1677,-3557,-2742,0,0
159,-38,384,2300,-3337,-3459,0,0
183,-431,278,2167,-3283,-2461,0,0
111,-56,192,3072,-3387,-3459,0,0
72,-560,146,2789,-3538,-2775,0,0
-14,-231,158,3015,-3545,-2441,0,0
-264,-39,299,3302,-2937,-3115,0,0
-488,43,297,2711,-2351,-2195,0,0
-708,-144,94,2040,-1926,-1609,0,0
-899,-377,-452,834,-1056,-74,0,0
-877,986,-1047,723,-391,670,0,0
-781,1312,-1050,-19,-352,632,0,0
-754,1784,-437,-266,-899,-115,0,0
-775,1014,109,428,-1671,-431,0,0
-903,104,384,848,-903,-867,0,0
-815,145,847,1529,-868,-2647,0,0
-524,-586,892,3087,-1263,-2208,0,0
-305,-135,777,3877,-657,-2893,0,0
-35,383,686,3858,3,-4202,0,0
190,-254,614,3145,-505,-3323,0,0
648,-184,147,3300,-1437,-1962,0,0
654,496,-632,3259,-2784,-3517,0,0
538,635,-897,3779,-3764,-5991,0,0
410,-609,-385,3817,-4191,-3405,0,0
-189,-1251,321,3589,-3954,-3028,0,0
-360,-839,369,3247,-3754,-4417,0,0
-222,-486,-150,2606,-3235,-3917,0,0
126,-52,-265,3812,-3080,-4861,0,0
460,-1198,223,3073,-3498,-3822,0,0
306,-958,455,2123,-3133,-3307,0,0
287,-654,545,2290,-3114,-4468,0,0
338,-1058,518,1691,-3560,-3122,0,0
167,-312,443,2533,-3490,-4596,0,0
98,-900,390,1951,-3005,-4503,0,0
-139,-392,43,450,-1843,-1685,0,0
-570,1289,-613,192,-186,-22,0,0
-617,1119,-1288,-176,808,498,0,0
1,1795,-1541,-527,998,-604,0,0
496,493,-1549,-220,1049,-1503,0,0
831,-818,-1654,-71,308,347,0,0
835,-103,-1725,1159,-506,-327,0,0
731,-736,-1358,1492,-1431,-3288,0,0
803,-834,-577,1846,-2111,-1316,0,0
759,-1142,459,2661,-3023,-1646,0,0
812,-1091,916,2713,-3573,-1167,0,0
401,749,618,2784,-3959,-2448,0,0
-557,1858,418,4378,-2766,-5968,0,0
-798,78,840,3660,-2886,-4373,0,0
-598,-111,602,2913,-3440,-4774,0,0
206,920,75,3790,-3888,-5592,0,0
438,468,116,3471,-3882,-2960,0,0
334,384,510,3301,-3460,-4098,0,0
477,-86,461,2429,-3454,-3479,0,0
294,298,125,2425,-3171,-3414,0,0
327,22,172,2653,-3300,-3602,0,0
455,392,283,2630,-3892,-1975,0,0
302,1050,517,3750,-3774,-3337,0,0
201,-288,785,2904,-3379,-2632,0,0
91,285,748,2566,-2965,-1674,0,0
-68,454,841,3178,-2748,-2723,0,0
-165,-132,778,2918,-2674,-1906,0,0
-451,-159,364,3478,-1907,-3224,0,0
-747,-1309,-268,2343,-1126,-1611,0,0
-1052,-401,-931,709,-243,1173,0,0
-1005,790,-1370,138,-51,1447,0,0
-534,1615,-1048,-420,-600,682,0,0
-205,1605,-584,208,-1476,-1345,0,0
-199,30,-159,1165,-1865,-811,0,0
-699,-231,670,1776,-1460,-1700,0,0
-770,-473,1432,2117,-1794,-2532,0,0
-596,-520,1468,2664,-1987,-2284,0,0
-318,-256,1359,2956,-1662,-3731,0,0
75,-196,1090,2152,-1769,-3008,0,0
297,500,718,3172,-2443,-2941,0,0
413,-239,271,3416,-2859,-3713,0,0
418,-311,-240,1555,-3066,-2831,0,0
221,736,-337,2429,-4283,-4428,0,0
9,-418,-173,2223,-4857,-3254,0,0
117,-48,8,1562,-4635,-2500,0,0
401,72,146,1812,-4590,-3639,0,0
644,-225,72,1419,-4150,-2110,0,0
385,-50,-44,2014,-4041,-3383,0,0
63,-867,-203,1975,-3918,-4124,0,0
-193,-870,-363,1503,-3600,-2469,0,0
-244,-481,-354,2329,-3623,-3197,0,0
-121,-355,-354,2033,-3772,-2798,0,0
-204,-193,-400,2391,-3413,-3436,0,0
-247,-369,-299,2487,-3221,-3336,0,0
-439,-56,-325,2555,-2953,-3060,0,0
-574,-354,-300,2637,-2437,-4574,0,0
-329,-894,-338,1362,-2250,-2828,0,0
-30,510,-473,1525,-1873,-884,0,0
-43,1118,-396,2198,-986,-1148,0,0
-111,365,-495,283,340,-794,0,0
263,903,-901,-1495,990,-749,0,0
742,826,-1069,-749,719,-1135,0,0
932,21,-1151,435,-73,-317,0,0
1173,3,-876,2044,-1166,-680,0,0
1313,-1113,-117,2592,-1965,-785,0,0
1072,-1001,794,2520,-3085,-1806,0,0
887,-780,901,3102,-2838,-1872,0,0
961,-142,653,2953,-2482,-785,0,0
1036,1005,707,2993,-3571,-1961,0,0
616,939,638,3107,-4551,-2094,0,0
201,666,279,3359,-5041,-3364,0,0
26,369,-15,3672,-5153,-3540,0,0
-224,64,6,4594,-4827,-3413,0,0
-569,-471,91,2550,-3910,-2218,0,0
-468,701,-245,2696,-4283,-3986,0,0
-350,-14,-477,2249,-4367,-2589,0,0
-585,144,-349,1741,-3849,-2106,0,0
-615,304,-82,2030,-3840,-3030,0,0
-890,-429,-277,1364,-1513,-1551,0,0
-642,362,-857,1048,-855,113,0,0
-309,852,-954,275,-136,784,0,0
-119,1105,-293,-608,-439,788,0,0
-233,1274,243,-158,-721,48,0,0
-253,594,224,325,-452,-260,0,0
-269,327,165,262,-70,-794,0,0
-186,272,257,749,-552,-1901,0,0
-137,-515,355,1732,-1449,-1924,0,0
-219,-214,252,2754,-2271,-2629,0,0
-185,231,-29,4201,-1939,-4575,0,0
-128,-528,-254,3257,-1558,-3792,0,0
14,192,-282,3759,-2581,-3390,0,0
80,532,-483,4079,-3550,-3772,0,0
139,120,-473,3909,-3752,-4109,0,0
-17,-176,-140,2910,-3407,-3748,0,0
-294,63,80,2488,-2932,-4006,0,0
-315,-381,96,2755,-2985,-4229,0,0
-169,-442,-117,3159,-3446,-3724,0,0
-16,98,-234,3781,-3348,-4372,0,0
116,-402,-184,3350,-3258,-4056,0,0
90,-76,-34,2847,-3232,-4120,0,0
42,-275,208,2713,-3198,-4603,0,0
104,-933,251,2457,-3305,-3885,0,0
160,-440,192,2728,-2960,-3889,0,0
148,-609,235,2478,-2740,-3254,0,0
119,-537,339,1843,-2269,-2193,0,0
194,429,277,1363,-934,-1012,0,0
117,791,-200,719,364,-629,0,0
189,1030,-616,-392,1377,-1209,0,0
511,525,-653,-669,1209,-2984,0,0
515,-964,-510,-198,350,844,0,0
326,-503,-572,85,-427,624,0,0
414,90,-634,918,-1199,-699,0,0
519,-518,-408,1717,-1884,-530,0,0
278,-522,192,2378,-2576,-1653,0,0
-52,-938,660,2940,-2933,-3429,0,0
-270,-768,354,2859,-3378,-3704,0,0
-270,1105,-515,4050,-3295,-4223,0,0
-83,1186,-445,4395,-3682,-4350,0,0
-130,521,6,3468,-3861,-4288,0,0
2,518,110,3326,-3184,-5379,0,0
99,-350,273,2197,-3133,-3977,0,0
-187,-142,415,1919,-2946,-3140,0,0
-277,-189,382,1892,-2837,-3239,0,0
-132,-101,160,2140,-2872,-2610,0,0
-108,75,-3,2742,-2692,-3151,0,0
-12,-317,-21,2636,-2669,-3011,0,0
44,113,20,2705,-2658,-3282,0,0
64,73,118,2703,-2779,-3731,0,0
115,-205,250,2549,-3085,-3306,0,0
128,138,373,3124,-3173,-4166,0,0
78,-137,501,3222,-3173,-3726,0,0
-122,25,604,3375,-2934,-4237,0,0
-205,-549,477,3506,-2403,-6904,0,0
-149,-952,256,2477,-2020,-2498,0,0
-364,-268,69,1686,-1864,-1199,0,0
-580,-234,-459,934,-1386,340,0,0
-383,767,-994,219,-480,1686,0,0
-138,2332,-834,426,-463,267,0,0
-135,1282,-281,248,-784,-1260,0,0
-160,309,117,89,-583,-483,0,0
-393,404,338,600,-214,-565,0,0
-580,-92,620,727,-518,-1713,0,0
-627,-343,586,1428,-1665,-1775,0,0
-735,237,265,2474,-1860,-2780,0,0
-637,682,-130,2986,-1368,-3456,0,0
-441,408,-129,3167,-536,-3808,0,0
-51,-513,92,3267,-1068,-2997,0,0
342,-77,-139,3497,-1742,-3308,0,0
589,869,-475,3616,-2910,-3626,0,0
437,461,-512,4036,-3555,-4109,0,0
190,158,-201,3460,-3127,-4219,0,0
51,-246,17,3400,-2994,-4384,0,0
9,-589,-172,3726,-3374,-3853,0,0
52,301,-380,4011,-3333,-4360,0,0
187,-129,-131,4104,-3285,-4243,0,0
216,-547,264,3388,-2880,-3478,0,0
269,-196,295,3284,-2439,-4052,0,0
332,-472,5,2958,-2362,-3546,0,0
199,134,-250,2743,-2346,-3226,0,0
-4,-30,-328,2781,-2131,-3069,0,0
-52,-402,-155,2306,-1596,-2110,0,0
41,-140,-82,2776,-982,-2753,0,0
243,-740,-274,2791,-972,-2600,0,0
404,-324,-306,1845,-497,-1134,0,0
369,1182,-510,1103,315,-451,0,0
327,1417,-883,442,229,-605,0,0
391,1061,-633,-199,-300,-769,0,0
501,247,93,-125,-787,-519,0,0
764,-385,506,279,-867,344,0,0
1093,-216,788,1084,-807,-366,0,0
1124,-880,669,2048,-2005,-1435,0,0
765,-703,-100,3225,-2665,-2425,0,0
549,-336,-661,4208,-2503,-2594,0,0
443,-331,-399,4234,-2737,-1563,0,0
-3,-458,276,3725,-3109,-1133,0,0
-624,-341,394,3306,-3610,-2703,0,0
-954,-327,90,2792,-3906,-3957,0,0
-938,98,-58,3171,-3788,-3796,0,0
-897,168,283,3863,-3644,-3978,0,0
-835,85,450,2943,-3157,-3558,0,0
-625,545,220,3054,-2948,-4351,0,0
-422,-74,97,2805,-3226,-4143,0,0
-330,-33,225,2227,-2937,-3070,0,0
-233,149,396,2671,-2931,-3843,0,0
-114,-188,442,2338,-3015,-2804,0,0
-124,539,366,2507,-2545,-2597,0,0
-68,580,324,2833,-2117,-2989,0,0
-25,508,352,2672,-2156,-2709,0,0
49,292,422,3692,-1950,-3490,0,0
216,-357,461,3735,-2061,-2318,0,0
50,172,520,4191,-1795,-2706,0,0
-125,-690,291,2741,-1270,-1897,0,0
-226,-212,-386,1600,-1341,22,0,0
-493,809,-1009,1689,-1773,27,0,0
-589,676,-1094,680,-1018,318,0,0
-238,1521,-693,22,-83,-263,0,0
67,1358,-194,224,-379,-1071,0,0
122,-64,17,176,-339,-1,0,0
20,-252,57,511,-149,-741,0,0
-97,-276,73,1506,-1244,-1949,0,0
-248,-340,-173,2746,-1479,-2381,0,0
-183,-52,-280,4426,-1286,-3452,0,0
-81,-376,-160,4182,-1025,-2846,0,0
-53,-273,210,4041,-1598,-2450,0,0
45,-175,313,3971,-2544,-3665,0,0
276,72,56,3931,-2813,-3488,0,0
373,-296,191,4231,-3146,-3450,0,0
282,-253,306,3648,-3616,-3390,0,0
112,-41,131,4401,-3131,-4727,0,0
127,-917,350,3637,-2832,-3845,0,0
174,-361,526,3268,-2706,-2829,0,0
181,-156,437,3536,-2586,-3622,0,0
305,-481,207,3047,-2624,-2717,0,0
249,-14,-7,2842,-2326,-3252,0,0
226,-162,-70,2947,-2507,-3642,0,0
101,-268,3,3234,-3006,-3137,0,0
68,-287,163,3535,-3363,-3989,0,0
116,-439,330,3271,-3613,-3324,0,0
-111,-258,533,2625,-3295,-4044,0,0
-137,-392,546,2320,-2931,-3824,0,0
-41,-384,453,1487,-1707,-2182,0,0
28,20,268,614,-203,-213,0,0
78,272,-118,-18,652,718,0,0
254,1074,-499,-654,949,301,0,0
447,624,-629,-603,388,-436,0,0
607,-565,-693,-372,-268,199,0,0
639,-126,-2576,448,-799,-66,0,0
529,-252,11,1428,-1286,-940,0,0
309,-873,329,2092,-2566,-3200,0,0
47,-394,42,3091,-2967,-2362,0,0
66,-336,-276,3563,-2875,-2670,0,0
38,84,-296,3718,-3282,-2908,0,0
-69,905,-16,3641,-3961,-3481,0,0
-162,118,260,3385,-3991,-4267,0,0
-62,9,426,2761,-4399,-3617,0,0
-21,361,280,3264,-4260,-4345,0,0
-35,-151,265,2628,-3653,-3799,0,0
90,-76,450,1963,-3758,-3274,0,0
157,-270,427,1891,-3860,-2773,0,0
104,-276,269,1879,-3568,-3202,0,0
119,-244,91,2225,-3605,-3228,0,0
130,-70,5,2160,-3560,-2444,0,0
226,-6,86,2318,-3488,-3170,0,0
326,-327,-35,1903,-3529,-2461,0,0
253,50,-197,2190,-3456,-2364,0,0
-6,67,-142,2331,-3517,-2407,0,0
-411,328,-62,2846,-3449,-3350,0,0
-386,-236,142,3522,-3193,-4001,0,0
-400,-1102,317,2344,-2595,-1057,0,0
-964,-54,307,2352,-2167,-762,0,0
-1440,153,-2088,2046,-1562,-1914,0,0
-1199,-190,-580,1178,-779,-848,0,0
-567,519,-797,49,-762,56,0,0
224,1610,-487,142,-864,-270,0,0
376,446,279,168,-988,-563,0,0
330,149,758,-203,-817,-885,0,0
402,-15,946,521,-380,-601,0,0
471,-570,1193,916,-169,-1137,0,0
732,-572,1090,1171,-1101,-1730,0,0
672,403,462,2653,-2807,-3631,0,0
451,517,-436,3568,-2935,-5849,0,0
190,-251,-999,3909,-4036,-3788,0,0
-129,-35,-721,4017,-5385,-4499,0,0
-45,-260,-427,3785,-5490,-3685,0,0
-137,-591,160,2394,-4758,-3023,0,0
-144,-751,724,1243,-3602,-3466,0,0
36,-674,819,1620,-3177,-2404,0,0
68,-594,656,1656,-3148,-2765,0,0
222,-305,288,1574,-3308,-2693,0,0
220,-352,-10,1843,-3360,-2881,0,0
119,-297,-216,1617,-3487,-3498,0,0
-14,73,-392,1993,-3458,-3462,0,0
-137,-164,-164,2055,-3624,-3941,0,0
-116,-257,93,1671,-3854,-3381,0,0
-93,-131,215,2150,-4058,-3814,0,0
47,-589,359,1690,-4177,-3863,0,0
199,-381,333,1469,-3955,-2921,0,0
65,80,410,1638,-3702,-3367,0,0
-272,-335,316,1160,-3418,-3695,0,0
-693,185,-82,746,-2391,-2240,0,0
-1014,1395,-631,379,-499,-835,0,0
-813,1438,-1409,577,875,-428,0,0
-435,791,-1672,-176,864,-613,0,0
-435,557,-1416,-1179,-275,-652,0,0
-339,245,-1070,115,-894,-256,0,0
-35,14,-669,631,-1313,146,0,0
162,-12,-287,685,-1288,-800,0,0
406,-463,163,1080,-1539,-1435,0,0
405,-757,559,2013,-2526,-2586,0,0
438,-331,602,3090,-3033,-2379,0,0
264,267,322,3531,-2895,-3076,0,0
47,1111,-57,3850,-3103,-4624,0,0
-41,122,-163,3698,-3165,-4522,0,0
41,-2,77,3417,-3310,-3907,0,0
143,121,490,2899,-3690,-3641,0,0
-43,-252,442,2391,-4357,-3355,0,0
-381,-1,-1,2383,-4129,-5069,0,0
-561,-130,-343,2854,-3934,-4994,0,0
-514,377,-36,3293,-3768,-4767,0,0
-245,-444,329,2957,-3417,-4294,0,0
43,-730,288,2630,-3270,-3174,0,0
216,-18,291,2707,-2989,-3705,0,0
181,-77,421,2730,-3395,-3040,0,0
-145,251,614,3190,-3479,-3621,0,0
-313,168,678,2885,-2366,-3555,0,0
-420,-276,216,2164,-1744,-1618,0,0
-829,841,-207,1765,-1336,-795,0,0
-1175,849,-661,999,-491,-1122,0,0
-859,149,-1129,382,-332,97,0,0
-136,1914,-899,359,-353,-105,0,0
199,1537,-146,546,-714,-233,0,0
-216,236,450,760,-710,-243,0,0
-506,261,603,268,-406,-2968,0,0
-392,-191,707,847,-788,-2145,0,0
-325,-448,733,1940,-1524,-3046,0,0
-373,-106,588,2440,-1334,-2762,0,0
-294,-137,464,3261,-946,-3991,0,0
-37,-97,356,2889,-851,-2679,0,0
435,131,338,3777,-1160,-2931,0,0
780,-227,-120,3317,-1870,-3953,0,0
706,187,-534,3639,-2498,-3753,0,0
209,-522,-317,3145,-2581,-4484,0,0
-40,-766,-147,2718,-3187,-3714,0,0
-128,-354,-141,3072,-3019,-4267,0,0
-44,-700,-168,2541,-3060,-3961,0,0
-34,-157,-234,2571,-3034,-3117,0,0
-50,437,-172,2371,-2651,-3892,0,0
124,-168,-173,2062,-2669,-3504,0,0
269,274,-208,2282,-2881,-3199,0,0
371,663,-128,2771,-2989,-3957,0,0
389,-258,-53,2269,-2884,-3342,0,0
355,59,-106,2212,-2778,-3582,0,0
230,22,-170,2652,-3206,-3910,0,0
-53,-413,-144,2507,-3103,-3577,0,0
-199,-384,-66,3195,-2401,-4343,0,0
-78,-1224,-4,2962,-2042,-3341,0,0
-28,-839,128,2266,-1653,-2617,0,0
-10,-361,132,2000,-919,-2852,0,0
251,-879,-54,762,-157,-674,0,0
415,503,-512,536,122,-73,0,0
359,1173,-682,298,306,-510,0,0
365,536,-496,-476,434,-901,0,0
440,-127,-396,-495,-378,-628,0,0
524,-483,-266,315,-1131,-287,0,0
628,-309,6,2004,-1771,-1285,0,0
558,-758,326,2514,-2456,-1852,0,0
361,-1119,252,2845,-2477,-2569,0,0
316,-316,36,2775,-2471,-2399,0,0
324,976,-123,2930,-2866,-3078,0,0
309,318,-23,3628,-3947,-3387,0,0
-11,317,126,2977,-4227,-4058,0,0
-71,406,110,3349,-3773,-5159,0,0
26,-144,131,3071,-3739,-3871,0,0
104,487,89,2965,-3645,-4096,0,0
171,-56,127,2694,-3690,-3505,0,0
-12,-60,144,1804,-3463,-2996,0,0
-78,344,0,1991,-3005,-3645,0,0
-62,-170,-112,2170,-2784,-2337,0,0
-146,235,-132,1927,-2747,-2186,0,0
-200,225,-185,2138,-3022,-2892,0,0
-250,-88,-163,2177,-3038,-2685,0,0
-254,74,-99,2904,-2771,-3597,0,0
-155,-139,139,3675,-3103,-3307,0,0
-178,3,699,3801,-3194,-3278,0,0
-203,150,1193,3851,-3211,-3981,0,0
-348,-516,1491,2068,-2787,-2739,0,0
-680,-360,641,1246,-1451,-890,0,0
-755,1035,-628,1366,-159,752,0,0
-463,1535,-1178,700,-11,662,0,0
70,1500,-1120,-11,-251,-289,0,0
568,1526,-445,887,-538,-594,0,0
293,54,255,100,-907,-109,0,0
-261,268,368,353,-547,-2960,0,0
-419,289,445,1494,-631,-2168,0,0
-315,-399,461,2011,-1497,-2063,0,0
-286,-67,7,3948,-2136,-3318,0,0
-185,-107,-254,4250,-1673,-3733,0,0
-138,-387,173,3791,-1927,-3325,0,0
-121,-34,232,3747,-3203,-4290,0,0
-148,-291,-295,4350,-3889,-4038,0,0
-187,-536,-357,4238,-3582,-4004,0,0
4,-267,256,2899,-3438,-2880,0,0
68,463,574,2229,-3093,-3179,0,0
208,185,158,2431,-3232,-3930,0,0
179,-43,-470,2439,-3324,-2459,0,0
-190,263,-658,3169,-2659,-4041,0,0
-390,-805,-433,2437,-2657,-3941,0,0
-391,-637,-164,2139,-2404,-3079,0,0
-172,-494,-17,2930,-2549,-3704,0,0
80,-690,-14,2787,-3039,-3102,0,0
228,-446,-72,3221,-3050,-4173,0,0
331,-1128,13,2832,-3427,-3722,0,0
113,-2712,168,2407,-3370,-4418,0,0
33,-904,293,2905,-2504,-5346,0,0
213,-1264,549,1785,-1145,-2397,0,0
211,-417,457,1406,98,-266,0,0
105,958,-123,396,703,568,0,0
358,2116,-926,-441,757,-276,0,0
571,1519,-1219,-501,441,-953,0,0
533,278,-721,-559,-422,-309,0,0
449,-401,-126,759,-885,-532,0,0
768,-992,272,1482,-1099,-850,0,0
1092,-1243,495,1399,-1641,89,0,0
977,-633,885,2929,-2817,-3094,0,0
832,-971,957,2437,-3005,-2329,0,0
917,22,617,2651,-3671,-2230,0,0
646,-17,444,2834,-4748,-3578,0,0
-60,-117,360,1604,-4603,-3179,0,0
-231,279,43,2043,-3892,-5647,0,0
1,199,-302,1948,-4656,-3013,0,0
-71,1075,-468,3159,-4752,-3813,0,0
-80,378,-370,2314,-4655,-3722,0,0
-133,391,-315,2318,-4466,-2681,0,0
-288,112,-33,2020,-3832,-3596,0,0
-332,7,46,1143,-3557,-2437,0,0
-444,777,-86,1643,-3166,-3140,0,0
-254,161,-113,1506,-3467,-3297,0,0
-47,66,-221,1942,-3797,-1797,0,0
-80,752,-190,2904,-3500,-3243,0,0
-89,-54,-27,2773,-3425,-3108,0,0
-355,-294,39,3701,-2946,-3044,0,0
-403,-453,267,4971,-2477,-4438,0,0
-393,-801,651,3945,-2304,-1767,0,0
-756,411,528,2363,-1954,-2261,0,0
-811,-22,-378,1871,-1547,-2221,0,0
-563,-51,-1153,479,-758,1460,0,0
-345,2785,-1494,361,270,1469,0,0
-147,2839,-1176,23,121,-1131,0,0
-143,565,-243,-779,-1149,-915,0,0
-231,-315,166,284,-1759,538,0,0
-633,56,448,596,-1561,-740,0,0
-751,-326,769,1077,-1662,-2091,0,0
-431,-847,898,2951,-1612,-2244,0,0
-36,-703,843,3930,-1686,-2923,0,0
-276,-21,788,4025,-896,-3670,0,0
-536,-404,381,3609,-196,-4383,0,0
-388,-1388,-146,3115,-1247,-3328,0,0
-292,-234,-658,4233,-2719,-4847,0,0
-284,41,-689,4427,-3579,-4956,0,0
-286,-251,0,3079,-3208,-4343,0,0
52,-116,482,2419,-2700,-4385,0,0
325,-439,314,2186,-3111,-3076,0,0
267,408,-15,1733,-3124,-3070,0,0
211,619,-377,2343,-2906,-4256,0,0
125,-135,-361,2623,-3151,-3485,0,0
32,598,101,3206,-3077,-4402,0,0
264,-336,546,3286,-3224,-4402,0,0
390,-786,813,2251,-2972,-3270,0,0
434,187,718,2706,-2684,-4679,0,0
417,-1169,521,2502,-2940,-3549,0,0
-114,-859,68,2216,-2479,-4172,0,0
-295,-69,-613,2297,-1640,-3700,0,0
-192,-2472,-708,780,-1290,-461,0,0
-296,910,-972,142,-305,473,0,0
-238,1099,-1152,307,699,-296,0,0
69,141,-959,-462,813,-1000,0,0
555,185,-978,-513,343,-2288,0,0
726,-197,-1084,294,-58,461,0,0
763,-521,-900,746,-863,-517,0,0
784,-295,-738,1326,-1789,-1156,0,0
419,-917,-402,2830,-2146,-2551,0,0
24,-1038,-109,3258,-2028,-1636,0,0
-272,24,-61,4206,-2573,-2509,0,0
-675,351,-136,4717,-3332,-3790,0,0
-791,1037,113,3621,-2502,-4938,0,0
-456,-29,223,4004,-2450,-4566,0,0
-129,397,301,4305,-2522,-4498,0,0
56,1189,255,3649,-2196,-4803,0,0
-40,695,-285,3674,-2070,-4474,0,0
-60,491,-242,3462,-2319,-4597,0,0
83,-328,45,2893,-2391,-3426,0,0
253,-91,117,3160,-2321,-2478,0,0
403,155,364,2692,-2562,-3079,0,0
586,-59,345,2495,-2736,-2452,0,0
509,213,229,2510,-2383,-2171,0,0
321,473,26,2180,-1980,-2854,0,0
166,387,-317,1809,-2007,-2107,0,0
-107,385,-458,3228,-2097,-2865,0,0
-175,-347,-163,4371,-2850,-2020,0,0
-374,437,557,5621,-2509,-1535,0,0
-638,302,1315,5784,-1657,-3322,0,0
-852,-545,1317,4556,-702,-951,0,0
-1196,851,66,4428,768,-1531,0,0
-1071,-310,-1020,1169,834,-790,0,0
-773,279,-1023,-1049,-909,684,0,0
-708,1420,-689,-415,-3054,-546,0,0
-546,936,-370,792,-2597,-2084,0,0
-145,-124,317,1600,-1698,-1638,0,0
78,-646,1173,1584,-840,-697,0,0
141,-1125,1913,2132,61,-1270,0,0
257,-1817,2187,2132,-105,-1211,0,0
534,-750,1780,2292,-269,-1799,0,0
656,17,1114,3267,-549,-3869,0,0
386,-185,756,1922,-481,-3477,0,0
761,-13,323,2840,-1267,-3247,0,0
1182,-105,-393,2930,-2691,-3428,0,0
1046,188,-867,3181,-4154,-3510,0,0
363,-163,-785,3161,-5234,-3468,0,0
-472,391,-894,2459,-4828,-3590,0,0
-776,-82,-592,3141,-4270,-5411,0,0
-466,-971,-189,2330,-4071,-2602,0,0
-62,611,-60,3316,-3908,-2648,0,0
205,191,65,3124,-3613,-4208,0,0
429,335,-191,2494,-3204,-2981,0,0
384,401,-105,4288,-2938,-4090,0,0
66,-742,195,3070,-2756,-3587,0,0
-167,-234,85,3568,-2414,-4568,0,0
-307,-1167,-49,3624,-2455,-4249,0,0
-624,-904,-176,1619,-1824,-1671,0,0
-774,536,-387,1553,-864,-1884,0,0
-624,-360,-762,853,-494,-1217,0,0
-319,433,-1216,-118,385,468,0,0
6,1888,-1633,277,447,466,0,0
118,1928,-1545,384,-98,-748,0,0
165,1260,-2912,790,-830,-1976,0,0
137,-692,-142,1298,-1574,-822,0,0
282,-983,536,2356,-1555,-1139,0,0
669,-1443,967,3106,-2227,-1781,0,0
686,-1287,912,3634,-2618,-1867,0,0
537,-726,820,4447,-2452,-3113,0,0
457,-1399,946,3449,-1768,-3022,0,0
715,-627,871,3119,-1885,-1948,0,0
574,117,499,4203,-2270,-2583,0,0
433,-159,270,2632,-2772,-3376,0,0
423,163,256,2895,-3018,-3614,0,0
135,-781,539,2149,-3242,-3241,0,0
-7,144,275,1453,-3426,-3729,0,0
153,622,-153,2461,-3686,-4069,0,0
173,-247,-157,1751,-3595,-2337,0,0
120,514,-189,1858,-3388,-2968,0,0
198,258,-250,1987,-3585,-3443,0,0
107,-102,-345,1379,-3303,-2444,0,0
129,397,-318,2586,-3214,-3249,0,0
208,80,-179,2690,-3603,-2469,0,0
257,293,-21,3885,-3874,-3311,0,0
232,-370,360,3990,-4117,-3475,0,0
20,-94,673,3320,-4006,-2564,0,0
-356,476,845,3543,-3321,-4557,0,0
-466,-743,282,2612,-2645,-3554,0,0
-514,283,-397,1159,-1484,645,0,0
-446,1345,-702,999,-591,-87,0,0
-48,62,-845,-310,-679,503,0,0
161,1627,-728,-527,-872,700,0,0
-335,1811,-68,373,-1072,-750,0,0
-745,100,308,331,-1042,-263,0,0
-910,110,359,698,-628,-939,0,0
-770,-385,618,2028,-735,-2551,0,0
-727,-1211,628,2125,-1387,-1765,0,0
-805,-443,578,2546,-1452,-2927,0,0
-440,-424,299,2982,-1367,-3085,0,0
-58,-282,-397,2765,-952,-3044,0,0
282,-135,-721,3466,-2014,-3794,0,0
172,-671,-894,3455,-2701,-3338,0,0
-124,-277,-732,3898,-3000,-4904,0,0
-445,-1101,-272,3263,-3185,-4326,0,0
-536,-792,-3,3032,-2966,-3100,0,0
-427,-58,-15,3060,-2794,-4439,0,0
-468,-249,-310,3234,-2850,-4369,0,0
-827,232,-368,2491,-2160,-4567,0,0
-986,97,-352,1632,-1403,-4826,0,0
-916,-378,-562,1629,-974,-2847,0,0
-620,196,-649,2447,-1050,-3349,0,0
-173,-30,-735,2872,-1451,-3672,0,0
243,-27,-631,3974,-1567,-4836,0,0
505,-523,-166,3519,-2050,-5390,0,0
388,-546,418,3297,-2516,-4331,0,0
107,-157,954,2445,-2083,-4769,0,0
234,-306,715,2116,-1312,-3550,0,0
551,93,476,1474,-86,-1675,0,0
792,1416,297,545,133,-283,0,0
889,1843,-48,328,494,159,0,0
979,1746,-288,-524,1094,-1178,0,0
1074,262,-360,-1327,768,-1097,0,0
982,-814,-359,-225,-519,-148,0,0
905,-570,-424,1165,-1130,-720,0,0
938,-1301,-386,1496,-1285,-341,0,0
646,-481,-130,2496,-1780,-1802,0,0
527,-37,3,3423,-2283,-3416,0,0
542,-492,-266,4424,-3160,-1441,0,0
158,1622,-199,5164,-3845,-2828,0,0
-222,835,-8,4471,-3732,-4027,0,0
-475,634,-69,3849,-3504,-3868,0,0
-582,1335,-18,4356,-3098,-5321,0,0
-550,-99,202,3262,-2776,-3792,0,0
-644,-66,168,2846,-2210,-3994,0,0
-468,-290,-98,2977,-2407,-3776,0,0
-408,-836,-148,2120,-2147,-2363,0,0
-371,-257,-203,2764,-1907,-3182,0,0
-487,-1080,-142,2238,-1904,-2284,0,0
-570,-523,-149,2473,-1478,-3112,0,0
-407,-230,-15,2831,-2081,-3303,0,0
-303,-630,211,2899,-2489,-3517,0,0
14,-174,419,3715,-2795,-4529,0,0
163,-330,819,3519,-2492,-3370,0,0
324,121,1070,3486,-2180,-5260,0,0
654,-371,1033,3276,-2538,-4498,0,0
314,-2560,759,2852,-1460,-3616,0,0
-168,-153,269,1977,-465,-3661,0,0
-234,-50,-14,1229,-810,-720,0,0
-281,-132,-328,378,-1607,729,0,0
-223,449,-737,112,-775,1924,0,0
-311,2157,-864,-278,-169,1883,0,0
-673,2076,-704,-103,-479,-982,0,0
-562,891,-455,672,-1006,-1611,0,0
-212,933,-165,1761,-758,-1734,0,0
-66,-181,506,2918,-815,-2739,0,0
-362,-1008,882,1897,-630,-1916,0,0
-186,350,769,3081,-561,-2226,0,0
-100,-215,260,3648,-263,-3577,0,0
297,78,14,2845,-803,-2289,0,0
726,84,-236,4094,-1505,-2477,0,0
667,-79,-491,3344,-2182,-3549,0,0
361,481,-334,4296,-2823,-4969,0,0
-11,-989,107,4178,-2953,-3898,0,0
-28,-946,282,4405,-3086,-3678,0,0
-25,-542,250,3795,-3067,-3501,0,0
-271,457,-32,3391,-2850,-4280,0,0
-312,368,-24,3432,-2983,-4820,0,0
-87,-302,153,2886,-2713,-3043,0,0
103,515,31,2744,-2182,-3069,0,0
311,104,-261,3054,-1930,-3987,0,0
393,-369,-581,2665,-1919,-2634,0,0
367,241,-489,3709,-2176,-3818,0,0
435,-518,37,2985,-3351,-3137,0,0
349,-81,373,2811,-4453,-2147,0,0
165,523,777,4187,-4684,-3731,0,0
-48,-394,1001,3491,-2086,-3376,0,0
-315,-146,630,1648,815,-892,0,0
-297,890,405,2097,2067,-1005,0,0
-38,444,29,1163,1592,-738,0,0
161,209,-580,-640,1254,-1031,0,0
447,23,-968,-808,253,-1290,0,0
773,-7,-740,-519,-940,-318,0,0
859,-327,-238,831,-1200,-561,0,0
935,-1520,9,1234,-1958,-490,0,0
967,-1032,232,1801,-3310,-1679,0,0
530,-1280,106,4301,-3147,-3440,0,0
309,-1879,219,4288,-2496,-2270,0,0
408,341,455,4245,-3500,-3136,0,0
261,165,521,3569,-4441,-3564,0,0
103,416,494,3027,-4199,-3733,0,0
348,334,694,3106,-3657,-3313,0,0
334,-217,1198,2117,-3977,-3763,0,0
366,809,1293,1820,-4110,-3160,0,0
279,532,1306,2881,-4229,-3524,0,0
301,-565,1245,2004,-4225,-2403,0,0
217,1135,563,2341,-3372,-2158,0,0
151,-50,480,3840,-3281,-4050,0,0
-54,-1841,617,756,-3121,-948,0,0
-83,988,235,2445,-2690,-3531,0,0
-26,-736,98,2816,-2522,-3038,0,0
-288,-1396,-375,382,-2105,637,0,0
-555,1273,-1101,1422,-2396,-107,0,0
-1175,-105,-1445,1762,-2057,-2298,0,0
