776,342,-125,2469,869,-1292,0,0
2054,896,-691,1643,619,-1144,0,0
4503,1489,-1947,1404,-162,-441,0,0
6110,1251,-3874,1651,-709,263,0,0
5205,-49,-5638,2460,394,449,0,0
3123,-1524,-6050,2006,3977,-803,0,0
1968,-2193,-4381,2423,7092,-3190,0,0
976,-1266,-1531,2681,6362,-4274,0,0
-202,-433,288,2162,2512,-3928,0,0
-941,658,-219,125,-532,-5913,0,0
-1772,2007,-922,544,1177,-2121,0,0
-357,1127,-1264,1456,3917,-1661,0,0
185,-1121,-1099,985,4887,-3772,0,0
2234,-2206,381,1999,2663,-5127,0,0
2208,-1830,1746,3931,3917,-4733,0,0
1875,-1453,1688,3551,4931,-4018,0,0
1576,-756,1119,1137,3780,-3245,0,0
36,-50,1424,279,584,-1292,0,0
-366,424,1995,178,-924,-114,0,0
780,582,1742,-224,-392,182,0,0
885,748,1179,-667,-14,165,0,0
658,1018,831,-725,4,168,0,0
1369,922,630,-617,314,-786,0,0
1592,908,710,137,1075,-1959,0,0
1215,703,677,2292,2678,-3990,0,0
-153,643,129,2257,1616,-6782,0,0
-8,973,512,3861,1594,-6197,0,0
682,553,22,6066,1048,-5984,0,0
-860,-72,42,7569,1137,-7139,0,0
-275,11,323,5923,1395,-8516,0,0
584,431,295,4923,874,-6131,0,0
-190,-37,284,2971,931,-4737,0,0
-635,-438,-443,504,180,-4991,0,0
-599,-188,-1587,422,90,-3173,0,0
-878,-145,-2290,645,825,-1435,0,0
-1369,-236,-2354,485,911,-798,0,0
-517,-61,-1853,95,1163,-725,0,0
224,313,-943,-44,476,-163,0,0
-133,357,-278,339,88,199,0,0
-90,226,68,729,-211,-72,0,0
62,211,652,1210,-426,-199,0,0
673,131,1209,1794,81,-681,0,0
1481,190,1477,2214,936,-1968,0,0
1569,199,1459,3254,1410,-2791,0,0
1139,-4,1387,3980,2133,-3655,0,0
676,-296,1112,3846,1885,-4336,0,0
41,-154,620,3431,1048,-4589,0,0
184,-11,241,3802,596,-5015,0,0
-48,194,-175,4479,92,-4831,0,0
-431,107,-372,4833,793,-5349,0,0
19,151,-387,5400,1039,-5773,0,0
17,121,-2088,6319,711,-5575,0,0
267,-103,203,5819,1231,-6431,0,0
707,30,172,5204,1656,-7872,0,0
320,-100,173,3546,1097,-3859,0,0
-190,-409,211,1434,-78,-1294,0,0
-687,-626,283,489,-895,1091,0,0
-1299,-872,308,-195,-809,1725,0,0
-1194,-894,64,-793,-663,866,0,0
-1026,-693,-385,-901,-370,608,0,0
-1295,-694,-742,-670,123,743,0,0
-1376,-751,-911,-554,362,140,0,0
-990,-594,-859,-697,-50,-803,0,0
-442,-332,-622,-642,131,-1230,0,0
708,-128,-167,314,1157,-2769,0,0
1273,149,394,1543,1892,-4340,0,0
1336,740,549,2343,1439,-4020,0,0
943,574,427,3316,3277,-5341,0,0
0,216,-540,1580,2420,-7247,0,0
294,307,-463,2176,1259,-5415,0,0
1139,-76,-225,2903,617,-4578,0,0
376,-261,-197,3636,983,-4646,0,0
-199,-92,-75,3294,1597,-5020,0,0
-29,195,-8,2628,1575,-5556,0,0
-303,399,48,2726,1218,-5487,0,0
-407,287,92,3437,1112,-6167,0,0
-355,-22,196,4347,1303,-7179,0,0
224,-66,293,4098,1480,-6565,0,0
633,-273,488,3607,1305,-5442,0,0
321,-605,440,2326,982,-4437,0,0
-236,-549,1,693,687,-2482,0,0
-695,-246,-450,-590,258,-573,0,0
-1262,-34,-717,-1127,-553,346,0,0
-1077,35,-998,-1170,-483,67,0,0
-251,247,-1183,-670,-48,-225,0,0
-200,428,-1036,298,247,202,0,0
-263,386,-584,530,-62,59,0,0
27,316,-12,519,-252,-471,0,0
526,287,335,714,-93,-911,0,0
803,294,684,1399,618,-1423,0,0
1158,55,846,2537,1523,-3392,0,0
778,82,605,2933,1621,-4602,0,0
-128,1,621,3413,2465,-4775,0,0
-197,-294,595,3175,2699,-5629,0,0
14,-369,448,2826,1944,-6377,0,0
21,-337,-111,2904,1095,-7147,0,0
-64,-243,-281,3940,1625,-7885,0,0
214,-204,55,4874,1783,-7980,0,0
451,-151,438,4454,1336,-7568,0,0
853,117,416,3203,1191,-6582,0,0
822,233,221,2348,961,-4658,0,0
110,23,168,1558,770,-2430,0,0
-759,61,77,1267,690,138,0,0
-1861,141,289,22,123,621,0,0
-1064,355,504,-993,-347,330,0,0
-369,439,337,-1038,-935,1050,0,0
-1246,177,137,-827,-1176,1218,0,0
-1150,-129,-213,-620,-691,347,0,0
-557,-309,-569,-615,116,-492,0,0
-385,-304,-505,-286,756,-1660,0,0
442,-70,-96,135,2196,-2849,0,0
572,375,259,1403,1999,-2955,0,0
90,545,413,3284,3099,-4753,0,0
-304,658,-476,2457,3119,-6692,0,0
-818,848,-650,2997,2701,-4933,0,0
248,347,-47,3996,2025,-4412,0,0
734,50,229,3778,1421,-4643,0,0
219,98,402,3704,1792,-3860,0,0
96,-154,289,3207,1815,-4471,0,0
101,-218,67,2736,1401,-5189,0,0
210,-184,-37,3272,1081,-5099,0,0
440,-365,58,3788,1222,-5906,0,0
590,-443,178,4749,1485,-6003,0,0
524,-543,261,4176,1658,-6370,0,0
817,-305,253,2923,1384,-6429,0,0
1050,-86,128,1815,1032,-4479,0,0
1257,-271,-53,502,421,-3308,0,0
1171,-331,-684,-193,239,-1363,0,0
-61,-507,-948,-552,131,199,0,0
21,-486,-758,-402,603,216,0,0
343,-98,-825,-398,118,139,0,0
-356,486,-943,-18,138,624,0,0
-788,553,-750,493,96,746,0,0
-1123,354,-319,267,-379,-494,0,0
117,672,-32,270,-596,-980,0,0
1088,726,392,1386,308,-1004,0,0
1340,339,788,2444,1083,-3443,0,0
1216,361,477,3036,791,-4101,0,0
-203,195,444,3723,1053,-4376,0,0
-523,-48,550,3850,1409,-5725,0,0
-37,-183,579,3848,563,-5542,0,0
-302,-416,252,3003,202,-6211,0,0
12,-338,199,3157,588,-6210,0,0
246,-208,375,3642,604,-5220,0,0
-297,-237,499,4145,460,-5576,0,0
-428,-143,514,3947,779,-6517,0,0
-591,76,464,3468,872,-7137,0,0
-98,226,562,3260,832,-6772,0,0
205,158,656,3062,374,-5424,0,0
-486,1,594,1932,280,-4010,0,0
-601,154,289,1177,-201,-1608,0,0
-818,211,102,625,-556,1,0,0
-728,122,137,-231,-309,269,0,0
511,83,64,-621,-103,673,0,0
578,-100,-182,-783,-154,1014,0,0
-283,-270,-385,-752,-155,828,0,0
-348,-403,-593,-637,-225,265,0,0
-281,-459,-748,-706,-466,-556,0,0
16,-319,-705,103,315,-1092,0,0
554,-253,-411,1114,904,-2340,0,0
159,-147,52,2577,1565,-4436,0,0
350,54,-321,2760,1858,-6367,0,0
-359,227,-619,2762,1497,-6518,0,0
-204,-290,-349,3309,1168,-6580,0,0
699,-675,-267,2708,65,-6461,0,0
642,-565,16,3053,-232,-4881,0,0
25,-383,208,2625,269,-4434,0,0
-274,-56,55,1832,570,-4793,0,0
-53,207,-115,2171,612,-4507,0,0
-427,103,-128,2577,481,-5403,0,0
-812,-103,67,3077,813,-7383,0,0
-627,46,184,3150,1365,-7766,0,0
-139,123,339,3338,1409,-6831,0,0
263,38,355,2849,1014,-5537,0,0
-256,-64,256,1637,750,-3310,0,0
-732,-112,-20,257,607,-1496,0,0
-1084,-93,-514,-938,91,-401,0,0
-1412,-23,-790,-1374,11,39,0,0
-639,146,-765,-1172,160,-134,0,0
47,313,-624,-226,131,218,0,0
-117,294,-488,551,10,116,0,0
-225,290,-291,651,-2,-560,0,0
143,434,128,570,66,-601,0,0
450,405,681,1253,396,-983,0,0
1074,226,1098,1664,1355,-2919,0,0
1206,287,902,2893,1980,-3927,0,0
-15,120,544,2860,2080,-4787,0,0
-1149,-41,569,2218,2470,-4779,0,0
35,-175,328,2469,2579,-4564,0,0
611,-406,-250,1976,1152,-5109,0,0
-146,-468,-637,2318,534,-4949,0,0
-486,-697,-602,2509,1216,-5531,0,0
-47,-777,-446,2358,1584,-5080,0,0
396,-750,-76,2684,1431,-3677,0,0
124,-841,242,2238,775,-4138,0,0
-425,-736,256,1855,482,-4539,0,0
-410,-648,147,1415,1142,-5285,0,0
-352,-445,119,1160,1691,-6278,0,0
-366,-144,63,1555,2303,-6883,0,0
-333,141,71,1967,2852,-7268,0,0
10,375,397,2176,2381,-6151,0,0
8,264,720,1410,1775,-4131,0,0
-234,165,666,1007,1238,-1813,0,0
-694,51,160,664,753,-377,0,0
-1478,-20,-161,-42,218,299,0,0
-1087,104,68,-253,205,168,0,0
127,175,150,-213,-32,-143,0,0
-77,180,99,-218,-182,48,0,0
-272,145,65,-327,0,-326,0,0
454,186,132,-209,399,-1034,0,0
854,280,427,-26,762,-1624,0,0
867,259,697,546,1338,-2918,0,0
1155,137,497,1686,2481,-4326,0,0
436,-50,-239,1159,2601,-5022,0,0
-719,-220,-251,674,1542,-4590,0,0
46,-379,191,1506,1850,-4298,0,0
638,-329,-82,1772,1942,-4446,0,0
-96,143,-130,1769,1512,-4248,0,0
-199,452,28,2223,1267,-4229,0,0
-194,462,145,2305,1690,-5133,0,0
-167,558,-164,2155,2110,-5967,0,0
198,688,-646,1985,1913,-5882,0,0
524,572,-691,2744,1075,-5191,0,0
465,114,-514,3535,1249,-5621,0,0
360,-3,-346,3487,1365,-6085,0,0
305,-84,-286,3694,1829,-5541,0,0
190,-321,-269,2945,2150,-5805,0,0
502,-233,-175,2316,1337,-5065,0,0
321,-189,-59,1503,1013,-3229,0,0
-30,-249,-151,472,990,-2208,0,0
-547,-164,-666,-484,346,-1129,0,0
-1170,-51,-777,-722,66,157,0,0
-411,-117,-357,-299,-140,258,0,0
364,-83,-195,-205,-414,178,0,0
-71,78,-228,51,-334,-7,0,0
-6,301,-219,317,-28,-501,0,0
478,480,81,503,120,-724,0,0
975,427,627,802,325,-1566,0,0
1911,498,1075,1614,1176,-3330,0,0
2035,645,988,2400,2000,-3793,0,0
334,478,483,2243,1335,-4350,0,0
-904,261,423,2269,1740,-5696,0,0
139,385,408,2480,1483,-4859,0,0
296,248,527,2867,116,-4186,0,0
-90,41,114,2931,-218,-4671,0,0
-106,67,-325,2928,403,-4453,0,0
-170,-120,-324,2563,334,-4692,0,0
-150,-293,-135,2855,521,-4852,0,0
98,-423,56,3190,463,-4852,0,0
-149,-489,216,3190,-16,-5379,0,0
-304,-356,177,3247,-43,-6165,0,0
-259,-69,120,3117,567,-6198,0,0
-509,10,188,3206,853,-5985,0,0
-613,-59,103,2484,1446,-5666,0,0
-703,-145,-61,1726,1458,-3913,0,0
-726,-350,-184,1231,872,-2322,0,0
-1054,-538,-545,887,441,-1325,0,0
-1815,-595,-903,284,571,-450,0,0
-1443,-412,-556,-8,267,11,0,0
-177,-194,-74,119,94,58,0,0
95,-81,-13,-19,73,-63,0,0
-373,180,0,-87,-101,-129,0,0
-234,319,35,-124,-219,-390,0,0
244,145,309,34,45,-925,0,0
882,76,654,307,721,-2224,0,0
1051,88,600,1513,2148,-3787,0,0
100,146,-48,1953,3499,-5207,0,0
-821,223,-295,1184,3236,-5336,0,0
-303,10,-60,1740,2368,-4403,0,0
784,-268,114,1968,2039,-4570,0,0
550,-161,272,2098,1650,-4097,0,0
270,-21,254,2230,1622,-4225,0,0
-91,83,283,2041,1619,-4949,0,0
-79,165,184,2231,1739,-5251,0,0
101,79,-105,2462,1552,-5862,0,0
117,-7,-258,2871,1386,-6451,0,0
302,-99,-157,3272,1054,-6468,0,0
494,-122,67,3366,929,-6180,0,0
292,-108,29,3139,1072,-6306,0,0
62,2,-81,2459,1318,-5838,0,0
318,85,-132,1504,1355,-4136,0,0
207,5,-205,585,777,-2497,0,0
-338,-127,-582,-178,379,-1499,0,0
-734,-207,-773,-771,417,-766,0,0
-44,-139,-414,-439,511,93,0,0
781,25,-38,-238,280,397,0,0
390,244,17,-101,-103,473,0,0
142,443,-56,-71,-111,302,0,0
99,556,25,6,-164,-52,0,0
532,508,205,559,121,-857,0,0
1249,451,356,1471,739,-2524,0,0
969,316,183,2607,1596,-3991,0,0
-417,37,-183,2579,1416,-5081,0,0
-1273,-136,15,2463,2238,-5503,0,0
7,-136,282,2494,2666,-4852,0,0
315,-78,368,1819,956,-4284,0,0
-76,62,282,2140,513,-4051,0,0
-87,163,-4,2315,1067,-4318,0,0
-376,165,-64,2493,1135,-4607,0,0
-255,111,164,3093,1263,-4700,0,0
139,18,226,3364,985,-5138,0,0
-298,18,149,3239,796,-6005,0,0
-270,134,14,3145,972,-6626,0,0
1,211,52,3416,1121,-6203,0,0
114,21,203,3993,1242,-5667,0,0
-116,-252,112,3077,1343,-5572,0,0
-371,-357,-38,1878,1339,-3995,0,0
-425,-572,-211,948,921,-1939,0,0
-843,-883,-524,329,642,-668,0,0
-1698,-940,-835,-163,567,123,0,0
-1434,-651,-552,-216,502,302,0,0
-406,-298,-190,-254,58,-29,0,0
-406,27,-191,-236,-11,-226,0,0
-554,280,-235,85,-138,-520,0,0
-159,268,-117,64,-148,-974,0,0
258,115,290,-131,-172,-1422,0,0
1135,50,736,816,773,-2170,0,0
1336,7,602,1587,2326,-3634,0,0
-269,294,42,1873,3366,-4153,0,0
-1509,312,-3,1550,3710,-4607,0,0
-804,107,227,1843,3377,-4676,0,0
121,76,265,1923,2950,-4484,0,0
77,157,439,2091,2454,-4047,0,0
451,104,397,2498,2477,-4368,0,0
64,4,168,2227,2474,-5494,0,0
-139,82,22,2394,2371,-5803,0,0
523,81,-52,2918,2146,-6079,0,0
733,27,66,3509,1931,-6445,0,0
744,-19,136,3783,1632,-6394,0,0
834,11,43,3332,1527,-5995,0,0
629,-42,-139,2562,1482,-5175,0,0
173,-112,-187,1507,1309,-3859,0,0
33,-36,-309,540,972,-2123,0,0
-396,49,-640,-511,354,-735,0,0
-1050,95,-735,-913,-3,-71,0,0
-190,115,-703,-718,-8,-28,0,0
644,198,-565,-271,-76,302,0,0
354,326,-373,122,-101,595,0,0
116,382,-254,239,-284,337,0,0
119,319,13,427,-31,-337,0,0
590,229,309,962,514,-1371,0,0
1202,1,324,2591,1659,-3352,0,0
821,-78,-343,2378,1983,-4846,0,0
-977,7,-393,2639,2190,-4335,0,0
-1056,-337,104,2427,3201,-5153,0,0
229,-274,277,1872,2452,-5082,0,0
146,-71,505,1889,1627,-4123,0,0
68,-37,335,2071,1468,-4329,0,0
-55,122,121,2460,1525,-4773,0,0
-154,105,-37,3028,1273,-5561,0,0
-149,126,-56,3222,1600,-6569,0,0
369,377,290,3871,1389,-6072,0,0
334,292,666,3948,1336,-5618,0,0
80,261,609,3154,1742,-7616,0,0
-100,226,334,2478,1813,-4307,0,0
-251,-176,47,1387,1614,-3010,0,0
-510,-609,-361,900,1290,-1557,0,0
-1526,-1052,-811,588,1137,-597,0,0
-2106,-1167,-1042,23,904,-531,0,0
-1262,-779,-619,123,643,-84,0,0
-183,-472,-128,35,285,-370,0,0
-213,-184,57,100,-147,-542,0,0
-177,99,54,255,-156,-476,0,0
73,91,131,40,-147,-927,0,0
599,5,452,-144,292,-1671,0,0
1274,39,576,483,1537,-2601,0,0
670,11,223,1240,2931,-3993,0,0
-2520,36,-149,791,3195,-5009,0,0
-801,107,180,1125,2694,-4320,0,0
220,-76,614,2240,2746,-4796,0,0
261,-3,536,2145,2175,-5341,0,0
64,316,533,2538,2265,-4603,0,0
194,389,521,2805,2675,-5154,0,0
-326,304,408,3267,2952,-6163,0,0
-405,103,188,2922,2692,-7831,0,0
393,167,262,3095,2078,-7321,0,0
1158,34,274,3026,1839,-5709,0,0
945,-312,32,2205,1373,-5253,0,0
310,-310,-473,888,1348,-3704,0,0
-229,-210,-924,-106,1141,-2298,0,0
-547,7,-1239,-433,777,-1718,0,0
-820,430,-1196,-44,968,-920,0,0
214,783,-809,-285,844,-628,0,0
881,1154,-177,-30,258,527,0,0
612,1046,310,488,-93,798,0,0
692,551,344,427,-295,-56,0,0
818,227,472,714,50,-416,0,0
1148,-18,719,1379,399,-1318,0,0
1102,-191,453,1908,1037,-3077,0,0
134,-332,-143,2737,1657,-3404,0,0
-827,-617,-346,2987,2321,-4432,0,0
-404,-641,-201,1998,2422,-5618,0,0
181,-407,-21,1367,1234,-4966,0,0
343,-195,307,1892,582,-4130,0,0
555,-42,393,2239,542,-4120,0,0
101,95,272,2622,968,-4576,0,0
-67,191,11,3129,1306,-5585,0,0
37,338,-241,3643,794,-5859,0,0
-160,204,-5,4009,538,-6525,0,0
27,150,137,3910,866,-7107,0,0
-151,254,353,3836,1318,-6186,0,0
-259,220,468,3027,1436,-4863,0,0
-507,221,338,1829,1076,-3348,0,0
-851,88,120,1156,995,-1648,0,0
-892,-320,-225,828,945,-840,0,0
-1346,-487,-428,581,656,-186,0,0
-1066,-377,-248,138,402,174,0,0
-213,-268,-79,-315,66,-207,0,0
-193,-172,-44,-406,-239,-148,0,0
-364,-105,-7,-53,-283,-73,0,0
-214,-157,106,124,-322,-617,0,0
179,-316,383,374,179,-1279,0,0
699,-273,645,518,678,-2582,0,0
798,-91,608,1833,2553,-3826,0,0
46,-115,-81,1550,3144,-4854,0,0
-1291,-59,-8,838,2803,-5409,0,0
89,-6,197,1306,2319,-5114,0,0
959,52,143,1958,1599,-4705,0,0
523,250,257,2447,1296,-4786,0,0
745,430,0,2749,1611,-4903,0,0
439,339,-201,2523,1824,-5561,0,0
537,214,-287,2831,1514,-6677,0,0
914,197,-439,3443,1124,-6169,0,0
667,-56,-180,4153,625,-5756,0,0
594,-143,28,3780,249,-6005,0,0
286,-71,121,3318,492,-5156,0,0
-181,-253,185,2324,954,-4537,0,0
-437,-232,84,1060,1282,-3758,0,0
-589,-57,-222,460,1276,-2535,0,0
-939,-68,-672,-28,933,-2074,0,0
-1161,-71,-982,-412,185,-1651,0,0
-442,-54,-697,-246,194,-482,0,0
644,-38,-167,-115,-6,293,0,0
372,156,76,-20,-484,382,0,0
26,448,-13,127,-322,270,0,0
-26,558,-71,216,47,155,0,0
13,325,157,623,230,-797,0,0
1001,217,227,1295,921,-2491,0,0
1131,290,63,2146,1511,-3768,0,0
106,67,-216,2851,1253,-3834,0,0
-705,-410,-136,2811,1622,-4887,0,0
-86,-554,-8,2560,2272,-5920,0,0
474,-432,31,2613,1497,-5209,0,0
142,-494,-40,2753,1040,-5610,0,0
-215,-398,-440,3105,1223,-6745,0,0
-608,-249,-411,3175,1825,-7753,0,0
316,-44,25,3319,1418,-7358,0,0
777,156,375,3450,430,-5981,0,0
190,113,374,2997,330,-5773,0,0
172,181,222,2314,964,-5284,0,0
516,231,245,1792,1395,-3707,0,0
452,40,162,1180,1499,-2449,0,0
-255,-152,-8,635,1569,-1758,0,0
-841,-219,-51,221,1491,-770,0,0
-744,-123,173,-143,692,-211,0,0
-355,42,426,-385,295,-195,0,0
62,158,412,-533,83,-80,0,0
30,265,264,-458,-223,34,0,0
90,224,50,-339,-259,-392,0,0
511,135,29,187,-41,-1179,0,0
1152,133,160,463,11,-2633,0,0
844,350,255,1687,631,-3568,0,0
-49,240,3,2438,1411,-4487,0,0
-938,9,5,1589,751,-5349,0,0
-436,-125,254,1805,639,-5110,0,0
46,-135,350,2559,974,-4923,0,0
-219,65,473,3088,805,-4783,0,0
-445,157,230,3158,1177,-5854,0,0
-470,257,96,2894,1209,-7317,0,0
25,296,-100,3520,1052,-7273,0,0
288,109,-57,3870,626,-7092,0,0
888,30,299,4110,78,-6177,0,0
1007,-144,291,3817,-461,-5290,0,0
158,-358,125,2415,-125,-6832,0,0
55,-290,-174,860,963,-3424,0,0
-2104,-266,-567,-90,870,-1916,0,0
-841,-234,-752,-751,324,-876,0,0
-621,-74,-576,-469,307,-123,0,0
191,76,-376,-199,109,418,0,0
-81,309,-214,-22,-108,782,0,0
-269,532,-211,237,-222,582,0,0
-392,547,-150,347,-280,229,0,0
-331,344,68,662,93,-796,0,0
544,228,264,1308,750,-2480,0,0
721,382,199,2343,1306,-3296,0,0
-326,157,-67,3109,1329,-3910,0,0
-888,-261,-93,2958,1425,-5083,0,0
-292,-462,-122,2793,2127,-5879,0,0
136,-352,78,3131,1692,-5096,0,0
8,-251,260,3311,1058,-5084,0,0
-146,-99,152,3705,1199,-5964,0,0
-141,105,78,3845,1497,-6593,0,0
79,188,53,3846,998,-6623,0,0
403,193,140,3908,520,-5959,0,0
219,24,130,3566,592,-5607,0,0
-341,-247,132,3111,1123,-5575,0,0
-119,-413,70,2621,1687,-4657,0,0
-249,-435,81,1575,1107,-2867,0,0
-721,-444,-27,839,522,-1241,0,0
-1097,-463,-210,318,431,-360,0,0
-1068,-369,-222,-183,336,66,0,0
-439,-177,-93,-441,-21,163,0,0
-174,21,-36,-510,-265,299,0,0
-257,139,-100,-405,-337,353,0,0
-238,105,-118,-15,-407,5,0,0
-92,-30,-2,201,-120,-913,0,0
396,-20,267,617,391,-2057,0,0
844,120,526,1917,1863,-3332,0,0
269,103,74,2156,2617,-5160,0,0
-1155,289,-72,1468,2811,-5571,0,0
-386,175,335,2060,3024,-4683,0,0
503,-50,288,2160,2155,-5199,0,0
194,250,246,2444,1524,-5265,0,0
706,527,165,3494,1864,-5241,0,0
294,350,28,4074,1920,-6182,0,0
-277,257,125,3905,1707,-6895,0,0
684,317,151,4076,1723,-6409,0,0
785,103,295,3835,1171,-5666,0,0
489,-212,246,3471,492,-5422,0,0
429,-416,-110,2646,429,-4698,0,0
-105,-528,-370,1540,771,-3276,0,0
-608,-576,-642,269,929,-2181,0,0
-1071,-442,-839,-504,596,-1137,0,0
-1041,-197,-741,-362,446,-281,0,0
-81,-63,-698,-281,130,-263,0,0
165,213,-579,-325,-133,-1,0,0
119,499,-360,138,-379,336,0,0
310,521,-122,556,-300,57,0,0
423,436,240,527,-119,-622,0,0
951,406,663,1263,288,-1008,0,0
1657,378,976,2043,779,-2520,0,0
1539,530,857,2238,1404,-3837,0,0
556,484,700,2917,1698,-3766,0,0
-53,-22,615,2931,1463,-5204,0,0
62,-264,312,2838,697,-5701,0,0
-150,-266,115,3398,-323,-5551,0,0
-392,-354,40,4481,-130,-6619,0,0
-112,-34,-27,4536,623,-6906,0,0
150,274,15,4431,489,-5821,0,0
76,226,95,3797,-172,-6008,0,0
165,172,-41,3614,-328,-5873,0,0
-119,-109,-160,3591,72,-5567,0,0
-234,-412,-169,3304,741,-4983,0,0
-442,-516,-219,2360,631,-3307,0,0
-975,-552,-212,1436,339,-1748,0,0
-1389,-543,-264,712,329,-895,0,0
-1714,-391,-230,-66,535,-19,0,0
-866,-165,150,-348,526,196,0,0
44,-66,379,-389,49,382,0,0
-192,-7,353,-395,-241,585,0,0
-496,70,188,-321,-612,311,0,0
-262,11,4,-238,-416,-279,0,0
187,-87,92,-99,-62,-969,0,0
395,-183,462,895,738,-1966,0,0
524,-316,594,2160,2355,-3872,0,0
69,-331,-132,1803,3418,-6368,0,0
-1184,143,-459,1184,2948,-6178,0,0
88,272,-36,2483,2880,-4931,0,0
1182,12,-239,3015,1977,-5933,0,0
540,164,-386,3332,1752,-6340,0,0
983,112,-241,3605,1047,-7451,0,0
866,109,-118,3823,706,-7886,0,0
1259,95,-46,4013,722,-7162,0,0
1442,105,73,3759,458,-6273,0,0
697,248,143,3325,-182,-5321,0,0
270,181,152,2664,-36,-4702,0,0
37,74,169,1952,253,-3188,0,0
-700,-30,198,1022,228,-1538,0,0
-1124,-162,-76,83,179,-690,0,0
-1444,-202,-408,-400,267,-239,0,0
-727,-65,-364,-494,391,-29,0,0
-151,127,-104,-216,37,291,0,0
-312,276,49,100,-189,71,0,0
-335,342,103,83,-333,-294,0,0
-339,363,488,279,-435,-106,0,0
240,296,909,536,-95,-364,0,0
708,241,1229,1400,309,-1697,0,0
860,384,964,1926,1202,-3908,0,0
520,554,373,2912,1139,-4040,0,0
-736,144,194,2874,893,-5039,0,0
-228,-215,-143,2884,1274,-5679,0,0
343,-432,-344,3061,176,-5782,0,0
-250,-578,-460,3317,-351,-6191,0,0
-60,-476,-411,4386,508,-6432,0,0
103,-279,-244,4593,847,-7058,0,0
-84,-98,-55,4024,362,-7179,0,0
290,23,-52,3711,728,-6852,0,0
491,115,-148,3536,528,-6082,0,0
195,95,-229,3213,822,-5358,0,0
46,-51,-371,2463,1252,-4264,0,0
-356,-140,-450,1495,668,-2167,0,0
-969,-306,-574,712,312,-587,0,0
-1395,-474,-619,-29,224,174,0,0
-1051,-366,-293,-276,189,455,0,0
-252,-205,-68,-431,-99,372,0,0
-321,-75,-102,-432,-435,451,0,0
-527,43,-244,-332,-408,436,0,0
-369,51,-296,-154,-345,-140,0,0
-182,69,-178,-49,-21,-610,0,0
331,127,73,406,848,-1741,0,0
773,200,153,1678,1846,-3707,0,0
-108,354,-258,2380,3173,-5266,0,0
-876,270,-371,1852,3823,-5876,0,0
-370,44,11,1935,2890,-5414,0,0
610,-51,285,2618,2022,-4835,0,0
629,-116,151,3362,1851,-5118,0,0
-38,-74,-251,3864,2429,-6456,0,0
-461,21,-261,3579,2977,-7996,0,0
385,173,196,3677,2324,-7489,0,0
1428,-21,748,3686,1021,-6518,0,0
1239,-194,822,3190,976,-6032,0,0
746,-214,662,2715,1214,-5198,0,0
537,-227,460,1766,713,-4495,0,0
206,-89,156,915,443,-2841,0,0
-238,-16,-241,184,197,-1030,0,0
-806,3,-639,-761,-89,-310,0,0
-603,55,-643,-1078,188,-28,0,0
456,134,-471,-1015,38,240,0,0
500,214,-322,-590,-104,699,0,0
166,230,-335,-42,-97,928,0,0
-142,111,-314,264,-192,476,0,0
-114,-25,-146,262,-176,-190,0,0
454,-112,219,1395,168,-1389,0,0
869,-152,288,2427,1125,-3663,0,0
-154,191,278,3057,1396,-4649,0,0
-840,120,367,3178,1861,-5954,0,0
-525,38,141,2738,2306,-6374,0,0
-118,4,121,3130,940,-5503,0,0
-316,-232,-112,3484,470,-6747,0,0
-774,-119,-372,3736,1264,-8156,0,0
-153,16,-181,4056,2031,-8164,0,0
725,162,317,4396,1537,-6739,0,0
661,165,852,4156,639,-5737,0,0
251,-3,685,3124,802,-5160,0,0
-339,-170,232,1659,1731,-4078,0,0
-58,-342,-46,905,1579,-2554,0,0
-246,-572,-427,472,821,-1157,0,0
-1089,-656,-588,91,654,-278,0,0
-774,-498,-304,-399,564,-42,0,0
93,-265,154,-552,279,53,0,0
133,-61,379,-401,-10,345,0,0
-11,80,255,-243,-132,253,0,0
-68,114,-20,-237,-275,-171,0,0
121,23,-107,-63,-127,-742,0,0
761,-120,27,126,514,-2165,0,0
741,63,370,978,882,-3323,0,0
694,213,402,2066,1415,-4573,0,0
-210,172,137,1741,1330,-5409,0,0
-889,72,234,1773,1545,-5669,0,0
-78,-76,204,2653,2317,-6199,0,0
179,-47,-108,2226,1959,-6872,0,0
43,156,-378,2919,973,-6896,0,0
91,151,-131,3879,693,-7829,0,0
631,69,127,3844,584,-8025,0,0
859,42,359,3508,416,-6814,0,0
848,36,519,2965,-41,-5653,0,0
427,-2,283,2307,-168,-5098,0,0
-204,48,-99,1600,211,-4129,0,0
-510,193,-470,797,531,-2315,0,0
-983,208,-699,-75,204,-816,0,0
-1240,126,-624,-789,229,-404,0,0
-231,50,-423,-1024,336,-189,0,0
146,81,-181,-528,19,617,0,0
-241,178,-29,-46,-33,656,0,0
-216,343,-93,244,-130,363,0,0
-396,445,-5,262,-323,190,0,0
-93,407,241,538,-123,-621,0,0
747,194,451,1867,537,-2235,0,0
685,32,242,2504,1638,-4119,0,0
-373,38,-7,2725,1997,-4870,0,0
-733,-270,132,2889,2725,-5608,0,0
-248,-486,107,2829,2294,-5645,0,0
-35,-474,165,3057,905,-5608,0,0
-108,-402,-143,3620,1046,-6759,0,0
-285,-67,-326,3884,1901,-7511,0,0
468,211,-7,3984,1520,-7276,0,0
884,328,254,3815,545,-6313,0,0
578,200,166,3653,426,-5965,0,0
32,-167,-212,2831,911,-6132,0,0
196,-485,-283,2232,1472,-4715,0,0
416,-770,-277,1741,1235,-2108,0,0
-819,-867,-404,719,889,-833,0,0
-1588,-714,-634,-179,739,-12,0,0
-1492,-508,-405,-401,263,318,0,0
-767,-203,26,-67,-66,22,0,0
-380,-4,36,76,-421,-94,0,0
-608,93,-129,-122,-481,-245,0,0
-218,186,-181,-338,-310,-380,0,0
209,162,30,-364,51,-596,0,0
719,85,440,80,490,-1943,0,0
1561,235,600,355,1506,-3259,0,0
879,452,407,1637,2060,-3512,0,0
83,209,87,1492,2758,-5836,0,0
-55,263,-323,1013,2225,-6298,0,0
156,227,81,2761,2125,-5345,0,0
789,11,279,3196,1014,-6815,0,0
125,157,127,4204,1188,-7057,0,0
-507,67,105,3583,2020,-7931,0,0
-18,76,24,2687,1981,-8321,0,0
448,167,325,3083,1306,-6293,0,0
764,-70,561,2947,685,-5656,0,0
59,-177,279,2133,803,-5363,0,0
-577,-70,-149,1207,1257,-3928,0,0
-2672,26,-377,508,842,-2251,0,0
-980,46,-550,-296,217,-1187,0,0
-1220,131,-658,-817,-111,-302,0,0
-374,183,-503,-646,-2,118,0,0
567,134,-363,-349,-184,260,0,0
200,191,-192,104,-134,649,0,0
75,265,-101,292,-195,585,0,0
-123,269,6,106,-321,135,0,0
-80,310,233,320,36,-408,0,0
624,232,433,1469,874,-1886,0,0
883,68,321,1961,1601,-4047,0,0
259,63,-57,3003,2252,-4265,0,0
-2912,-351,-110,2972,2522,-5490,0,0
-753,-550,-56,2404,2609,-6476,0,0
178,-502,7,2726,1547,-6261,0,0
-231,-480,105,3531,1227,-7069,0,0
-285,-262,118,4095,2565,-8658,0,0
619,289,273,3987,2604,-8108,0,0
1163,412,885,3243,1408,-7033,0,0
1616,273,930,2867,192,-6037,0,0
824,-122,585,2704,333,-4945,0,0
189,-588,277,1436,874,-3915,0,0
355,-584,-97,867,1226,-1746,0,0
-557,-621,-512,189,1009,-422,0,0
-3792,-634,-722,-306,817,-2,0,0
-1295,-394,-457,97,530,442,0,0
-564,-203,3,246,145,399,0,0
-646,-73,110,37,-254,-7,0,0
-666,108,-42,-66,-188,-187,0,0
-415,194,-152,-120,-83,-367,0,0
-150,150,-99,-288,75,-717,0,0
151,183,-196,-204,-49,-15,0,0
381,209,-180,-83,12,103,0,0
259,372,-23,139,-64,423,0,0
115,377,236,295,-275,200,0,0
256,360,604,351,-136,-467,0,0
789,359,777,1279,487,-1294,0,0
855,192,565,2500,1540,-3183,0,0
2,340,196,2846,1732,-4052,0,0
-649,215,228,3592,2595,-3494,0,0
-230,-257,195,3465,2697,-4276,0,0
-103,-394,-81,3080,1577,-4637,0,0
-295,-422,-201,3357,1259,-4771,0,0
-617,-544,-361,3917,2022,-5874,0,0
-764,-461,-303,3982,3254,-6947,0,0
-242,-213,57,4113,3826,-7136,0,0
482,22,558,3725,3044,-6478,0,0
911,183,763,3551,2210,-5410,0,0
532,206,596,3170,1843,-4911,0,0
226,167,229,2378,1733,-3612,0,0
20,-49,92,1501,1542,-1885,0,0
-153,-234,21,607,1007,-591,0,0
-439,-230,86,-109,292,500,0,0
-313,-231,336,-385,56,793,0,0
273,-298,195,-585,-105,634,0,0
-91,-319,-150,-601,-462,679,0,0
-594,-258,-572,-672,-576,261,0,0
-275,-266,-886,-507,-155,-442,0,0
46,-295,-856,-207,238,-961,0,0
56,-312,-460,828,1070,-2084,0,0
570,-302,29,2139,2071,-4319,0,0
1119,84,8,2358,3002,-5494,0,0
514,405,-515,1701,2328,-5870,0,0
-401,297,-377,2098,1964,-5704,0,0
489,182,-256,2930,1543,-5644,0,0
588,135,-345,3690,1631,-5715,0,0
-380,145,-290,3358,2715,-6442,0,0
-1,270,-143,3362,2953,-6670,0,0
531,247,117,3416,1701,-6464,0,0
378,42,332,3247,1497,-6513,0,0
468,-113,220,2988,1696,-6152,0,0
203,-200,35,2324,1742,-4905,0,0
-293,-224,-115,1432,1346,-3398,0,0
-650,-188,-240,559,717,-1904,0,0
-906,-86,-261,-359,-8,-685,0,0
-923,3,-98,-599,-281,-130,0,0
-15,43,-147,-399,-204,-141,0,0
402,197,-266,-477,-35,-26,0,0
167,458,-196,-253,-67,379,0,0
48,573,-126,95,-256,440,0,0
1,487,22,258,-247,-81,0,0
371,360,214,746,98,-1040,0,0
815,279,336,1558,1407,-2252,0,0
675,217,136,2723,1982,-3533,0,0
-150,-55,-178,3379,2685,-5033,0,0
-887,-308,-135,3307,3186,-5889,0,0
-315,-374,369,3762,2720,-5653,0,0
187,-409,579,3759,1925,-6231,0,0
-383,-226,489,3653,1800,-7656,0,0
-463,111,659,4134,2559,-7587,0,0
543,163,998,4192,2116,-6650,0,0
971,73,1104,3675,953,-6200,0,0
506,111,728,3385,894,-5364,0,0
106,-127,153,2471,1366,-4411,0,0
-93,-367,-152,1049,1276,-2771,0,0
-192,-283,-95,684,869,-338,0,0
-387,-217,62,-30,485,510,0,0
-340,-135,234,-550,-10,663,0,0
-81,-74,140,-629,-169,832,0,0
-242,-158,-255,-591,-359,677,0,0
-586,-223,-720,-2616,-440,328,0,0
-495,-259,-973,-460,-54,-344,0,0
-95,-163,-988,-393,123,-1226,0,0
16,67,-648,601,639,-1846,0,0
586,145,-152,1620,968,-3429,0,0
954,336,-22,2951,2223,-5038,0,0
149,590,-399,2946,2879,-6129,0,0
-502,442,-424,2287,2658,-6741,0,0
401,47,-253,2981,1595,-6509,0,0
439,-287,-11,4207,711,-6354,0,0
-2384,-500,247,4980,1636,-7218,0,0
-455,-233,272,3806,2933,-8412,0,0
-135,167,471,3652,2689,-7078,0,0
598,4,598,3050,1670,-6207,0,0
729,-149,389,1656,1282,-5609,0,0
93,-134,336,717,1189,-3112,0,0
-92,-232,147,-489,615,-1492,0,0
-798,-98,-214,-1517,-177,-403,0,0
-1310,173,-2392,-1399,-280,583,0,0
-296,308,-550,-481,-395,857,0,0
-65,453,-737,433,-395,592,0,0
-349,656,-870,444,-184,-191,0,0
-148,743,-738,369,-60,-448,0,0
-20,592,-152,812,166,-132,0,0
341,226,530,1507,1094,-1314,0,0
817,141,666,2629,2150,-3038,0,0
71,482,341,3201,1873,-3643,0,0
-765,406,398,3725,3212,-4463,0,0
-438,-53,174,3634,3632,-5745,0,0
-428,-200,305,3808,2528,-5348,0,0
-144,-401,464,4061,2341,-6183,0,0
-50,-296,93,4636,2317,-7042,0,0
-418,-121,63,5029,2595,-6863,0,0
130,-112,225,4527,2464,-6701,0,0
575,28,369,3865,2420,-4892,0,0
141,-58,358,2423,1961,-3005,0,0
-346,-241,203,1148,1165,-1680,0,0
-753,-233,-106,596,711,-290,0,0
-1247,-371,-289,411,575,260,0,0
-699,-492,-265,95,92,3,0,0
136,-489,-249,-251,-80,-183,0,0
190,-376,-334,-304,-101,7,0,0
-120,-264,-345,-150,-41,-73,0,0
127,-246,-241,-177,-121,-668,0,0
339,-123,83,19,-182,-1106,0,0
916,15,481,776,626,-2110,0,0
1056,131,675,1767,1581,-3544,0,0
597,410,383,2281,2735,-4458,0,0
119,523,-258,1792,2797,-5540,0,0
-470,361,-298,1880,2265,-5785,0,0
40,122,-261,3008,2572,-5688,0,0
551,43,-299,3504,2285,-6021,0,0
279,35,-201,3762,2322,-6300,0,0
294,-44,-214,3650,2271,-7129,0,0
541,46,-388,3810,1886,-7430,0,0
535,142,-386,3977,1565,-6149,0,0
511,-58,-165,3280,1099,-4790,0,0
7,-239,-105,1848,918,-3569,0,0
-630,-184,-224,478,869,-1941,0,0
-822,-65,-277,-232,439,-652,0,0
-632,100,-72,-457,488,-317,0,0
76,299,-84,-671,165,47,0,0
-1,407,-48,-472,49,667,0,0
-124,391,-18,-102,-219,516,0,0
-84,384,-63,60,-401,367,0,0
-162,212,47,293,-324,13,0,0
198,-8,320,1095,129,-875,0,0
722,81,572,1323,968,-2356,0,0
641,245,684,3005,1845,-3241,0,0
10,158,713,3655,2113,-4578,0,0
-634,-3,537,3608,2586,-5543,0,0
-307,-138,337,3791,2499,-5880,0,0
-218,-246,222,3776,1336,-6924,0,0
-168,-218,-31,4540,1041,-7242,0,0
-219,-223,-267,4899,2102,-7754,0,0
-231,-99,-200,4584,2570,-7437,0,0
770,53,145,4243,2027,-5756,0,0
808,29,241,3325,1111,-4742,0,0
-158,-65,72,2471,992,-3791,0,0
-308,-208,-141,1570,1160,-2205,0,0
-489,-376,-211,913,915,-593,0,0
-1338,-595,-317,441,616,31,0,0
-1426,-675,-381,30,441,49,0,0
-558,-527,-195,-208,196,113,0,0
179,-336,-110,-2400,-154,214,0,0
-102,-147,-154,-400,-486,164,0,0
-193,49,-261,-322,-393,-276,0,0
65,82,-286,-68,-128,-607,0,0
286,-55,-16,307,343,-1507,0,0
998,-157,455,1147,1557,-3377,0,0
1118,-25,414,2026,2629,-4578,0,0
63,282,130,1770,2768,-4803,0,0
-629,264,265,1780,3187,-5422,0,0
-62,254,180,2838,3225,-5717,0,0
146,318,84,3005,2356,-5882,0,0
193,295,74,3519,1911,-6218,0,0
76,163,-63,3997,2136,-7527,0,0
-185,213,4,4040,2405,-7456,0,0
541,171,249,4363,2323,-6130,0,0
1021,20,585,3532,1422,-5250,0,0
537,-3,467,2269,699,-4397,0,0
-183,4,-48,929,956,-3235,0,0
-33,11,-645,111,930,-2119,0,0
-394,41,-1036,-317,375,-1019,0,0
-630,19,-992,-760,190,-205,0,0
316,-5,-632,-746,34,247,0,0
457,-21,-343,-226,-171,762,0,0
20,-2,-291,56,-151,662,0,0
-196,129,-337,148,-419,292,0,0
-244,315,-166,362,57,-217,0,0
275,384,217,1398,601,-1132,0,0
934,302,413,2397,1241,-2923,0,0
358,327,55,3098,1564,-3964,0,0
-879,45,1,3823,2497,-4728,0,0
-694,-386,49,3341,3529,-6607,0,0
12,-343,222,3488,2630,-6139,0,0
100,-476,468,3759,1535,-6303,0,0
-160,-576,308,4289,2033,-7944,0,0
-2184,-289,132,3938,2264,-8009,0,0
540,-214,418,3699,1688,-6414,0,0
909,-470,706,3221,1216,-5227,0,0
450,-701,585,2212,766,-4099,0,0
4,-834,291,1428,676,-2778,0,0
-97,-821,-197,734,964,-1677,0,0
-970,-637,-400,195,1205,-768,0,0
-910,-235,-78,-243,994,-179,0,0
239,212,326,-383,495,96,0,0
147,492,414,-598,6,338,0,0
-462,782,363,-592,-245,546,0,0
-342,837,116,-430,-469,293,0,0
30,590,-59,30,-398,-383,0,0
435,248,144,-15,332,-2781,0,0
413,367,471,1370,1228,-3971,0,0
418,634,425,3631,3111,-4230,0,0
218,485,-4,2207,2520,-6066,0,0
-406,455,-124,1731,1195,-5840,0,0
388,116,-135,3447,1642,-5867,0,0
715,-104,-127,4675,1058,-6851,0,0
724,-209,126,5122,762,-7144,0,0
1296,-347,61,4189,1110,-7430,0,0
1041,-299,-26,4120,405,-7122,0,0
890,-258,-109,3939,-239,-6134,0,0
462,-267,-204,2991,110,-4533,0,0
104,-346,-169,1218,429,-2653,0,0
-376,-396,-486,-2336,362,-1647,0,0
-645,-273,-819,-934,333,-861,0,0
278,-17,-851,-798,399,85,0,0
375,135,-581,-499,130,666,0,0
-160,139,-325,424,-80,661,0,0
-262,210,-208,764,-522,258,0,0
-357,449,-130,279,-559,-125,0,0
30,573,46,66,-241,-141,0,0
236,526,415,764,119,-911,0,0
295,281,521,2287,643,-3169,0,0
-87,273,353,2877,670,-4510,0,0
-896,124,384,4012,1331,-5297,0,0
-520,-81,201,3837,2091,-6951,0,0
-194,91,368,3964,1082,-7094,0,0
-648,-4,78,4574,416,-7381,0,0
-275,38,-60,4560,1086,-8210,0,0
832,342,21,4484,1269,-7604,0,0
657,595,240,4553,794,-5551,0,0
457,434,213,4236,490,-4181,0,0
-172,-22,-149,3222,811,-4023,0,0
-1078,-345,-326,2202,1100,-2892,0,0
-1088,-720,-511,821,727,-1049,0,0
-3344,-1116,-679,-213,270,-63,0,0
-1497,-1078,-476,-251,126,81,0,0
-487,-790,-278,42,5,232,0,0
109,-658,-295,-215,-76,133,0,0
-297,-468,-269,-417,-92,107,0,0
-210,-246,-238,-319,-96,-46,0,0
30,-178,-86,-408,-51,-731,0,0
267,-49,286,138,59,-1659,0,0
893,-9,550,1268,1000,-2847,0,0
612,87,432,2151,1782,-4667,0,0
-184,286,57,1901,3169,-5980,0,0
-186,367,-384,871,3238,-6411,0,0
-103,337,-68,2146,2224,-5706,0,0
383,-50,10,3172,1541,-6591,0,0
120,-145,-264,3944,1885,-7487,0,0
-60,-74,-153,3595,2543,-8316,0,0
777,143,-103,3059,2005,-7996,0,0
1313,245,-68,3225,915,-6271,0,0
919,92,-33,2774,472,-5037,0,0
317,40,-163,1715,653,-3555,0,0
-363,-21,-343,996,533,-1723,0,0
-948,-306,-654,2,572,-933,0,0
-1174,-297,-777,-1281,695,-1202,0,0
-782,163,-494,-941,394,-382,0,0
81,341,-156,-508,166,474,0,0
164,217,61,-311,-163,271,0,0
-28,279,3,-132,-305,36,0,0
-46,427,43,130,-251,49,0,0
212,492,238,441,65,-575,0,0
623,433,377,1905,1321,-2001,0,0
706,383,161,2145,1687,-3929,0,0
-556,451,52,3083,1590,-4155,0,0
-1056,24,83,3496,2840,-5330,0,0
-293,-217,165,3195,3557,-6773,0,0
-380,-182,543,3581,2192,-6621,0,0
-334,-274,627,4392,1384,-7415,0,0
119,-188,399,4984,2208,-8724,0,0
152,12,423,4094,2559,-8450,0,0
866,131,695,3602,1965,-6006,0,0
1349,-69,873,2725,1381,-3988,0,0
501,-251,745,1626,828,-2587,0,0
-388,-297,259,1046,522,-830,0,0
-1278,-309,-255,562,424,474,0,0
-1619,-280,-450,-217,128,334,0,0
-807,-174,-333,-541,-230,165,0,0
-265,-229,-264,-640,-389,374,0,0
-569,-428,-323,-719,-269,146,0,0
-452,-507,-370,-469,-115,-488,0,0
-2064,-447,-256,-118,137,-678,0,0
245,-443,74,26,617,-1397,0,0
636,-314,415,720,1442,-3244,0,0
926,-43,321,1716,2483,-4697,0,0
85,184,-23,1836,3021,-5788,0,0
-549,207,-214,1249,2651,-6316,0,0
-5,168,219,2358,2204,-6263,0,0
652,134,331,3391,2022,-6716,0,0
-53,82,33,3765,2124,-7420,0,0
-211,68,-144,2804,2692,-8397,0,0
644,262,-397,2597,1891,-7696,0,0
924,227,-326,3351,1169,-5563,0,0
335,-66,-124,2734,824,-4480,0,0
-593,44,-267,1443,870,-3809,0,0
-545,304,-694,484,921,-2445,0,0
-507,364,-781,-183,384,-917,0,0
-716,318,-378,-335,-223,-157,0,0
-23,280,-19,-285,-225,114,0,0
355,207,176,-202,-289,204,0,0
249,55,212,-133,-196,-119,0,0
414,105,278,95,-120,-245,0,0
555,170,644,463,-125,-505,0,0
1758,80,1082,791,450,-1843,0,0
2424,336,1069,1820,1019,-3082,0,0
1235,445,706,2967,1267,-3434,0,0
121,170,451,3198,554,-4601,0,0
-113,-125,-17,3014,287,-6247,0,0
-135,-136,-269,3229,554,-6623,0,0
-28,-374,-128,4291,239,-7172,0,0
98,-498,-61,4578,-153,-8208,0,0
59,-355,-71,4583,-64,-8121,0,0
186,-245,378,3829,-491,-7674,0,0
810,-53,644,3213,-636,-5746,0,0
220,-271,577,2791,-24,-3658,0,0
-606,-596,518,1066,602,-2477,0,0
-874,-507,397,110,688,-801,0,0
-1367,-348,260,-89,518,719,0,0
-1663,-260,198,-495,-93,532,0,0
-1042,-77,-121,-533,-158,272,0,0
-743,77,-303,20,-133,561,0,0
-791,28,-262,47,-477,-145,0,0
-471,-47,-204,-113,-66,-997,0,0
-161,-23,67,70,421,-1678,0,0
614,131,390,-217,535,-3162,0,0
786,523,333,1614,1635,-4591,0,0
-119,762,-248,1922,2277,-5994,0,0
-346,860,-561,1576,2318,-7218,0,0
646,633,-441,2992,2294,-6950,0,0
1248,84,-65,3558,879,-7275,0,0
1111,-140,210,4165,96,-7361,0,0
928,20,320,4184,21,-6451,0,0
489,9,183,3504,-553,-6438,0,0
345,30,-247,2673,-68,-6306,0,0
-239,-41,-470,2669,18,-4660,0,0
-899,-223,-548,1664,638,-3505,0,0
-924,-236,-622,460,656,-2728,0,0
-1051,-58,-634,-219,298,-1574,0,0
-637,70,-368,-592,458,-661,0,0
436,173,-31,-563,192,25,0,0
567,252,216,-88,-76,544,0,0
595,379,223,176,-318,344,0,0
603,525,156,145,-424,189,0,0
329,594,265,253,-622,-109,0,0
1095,431,302,1686,79,-1020,0,0
1368,269,228,2296,403,-3017,0,0
236,452,214,3514,-12,-3852,0,0
12,-269,112,4778,717,-6476,0,0
-147,-505,40,4173,678,-8105,0,0
-248,-539,766,4692,-834,-6733,0,0
419,-729,737,4440,-1874,-7453,0,0
-216,-475,241,3713,-987,-8515,0,0
-614,-80,-116,3686,116,-6866,0,0
-460,-181,71,3633,802,-4290,0,0
-637,-580,266,1960,810,-3523,0,0
-789,-571,-13,334,646,-2814,0,0
-1271,-248,-197,400,600,-1027,0,0
-1559,-39,-272,315,442,-418,0,0
-1297,116,-317,-29,78,-357,0,0
-564,234,-165,7,-80,-19,0,0
-143,158,-70,40,-151,119,0,0
-110,-2,17,78,-301,-288,0,0
130,-152,130,-5,-158,-724,0,0
394,-277,318,-376,416,-3936,0,0
1052,-161,458,-12,628,-3242,0,0
1091,37,305,1368,1616,-4553,0,0
213,44,-414,1433,1980,-5466,0,0
-276,-62,-711,889,1248,-6338,0,0
45,-119,-765,2584,2042,-7342,0,0
270,-39,-704,3394,1109,-7669,0,0
181,-55,-6,4110,-557,-7265,0,0
993,-9,-12,4073,398,-7695,0,0
542,100,-201,3379,494,-7310,0,0
-423,-68,31,2597,551,-6035,0,0
170,-363,65,1413,1161,-4582,0,0
-447,-372,45,173,834,-3151,0,0
-1245,-97,-259,-402,927,-2030,0,0
-3368,195,-620,-510,441,-1045,0,0
-1405,367,-635,-69,-223,-520,0,0
-474,342,-710,-332,-533,-806,0,0
370,491,-693,-148,-502,-182,0,0
390,580,-476,367,-18,212,0,0
652,423,-91,541,-143,-499,0,0
1142,390,321,682,-291,-950,0,0
1765,478,682,1610,70,-1997,0,0
2120,587,787,2402,693,-3385,0,0
1208,383,405,3086,1207,-3825,0,0
-248,-302,112,3273,1352,-6342,0,0
-518,-350,-28,3386,1375,-8387,0,0
-317,-156,183,4157,439,-7861,0,0
-52,-305,344,4564,-920,-7897,0,0
-519,-382,274,3867,-35,-8237,0,0
-447,-287,364,3017,1114,-6441,0,0
-402,-269,637,2428,1386,-3942,0,0
-574,-284,559,1382,1419,-2960,0,0
-1059,-207,207,777,800,-1436,0,0
-1874,-202,-57,356,265,170,0,0
-1914,-289,-87,-133,-84,341,0,0
-720,-420,-156,-723,128,-227,0,0
-247,-351,-253,-604,-115,-2112,0,0
-666,-215,-248,-189,31,-127,0,0
-124,-234,-249,-322,-5,-1204,0,0
428,-141,-21,-227,-72,-1622,0,0
842,-90,271,-198,801,-2489,0,0
859,58,611,1083,1410,-4019,0,0
576,153,236,1481,2409,-5563,0,0
-201,323,-412,193,2437,-6811,0,0
-118,587,-183,849,1871,-5819,0,0
748,412,134,2034,1961,-6170,0,0
559,343,191,3087,1538,-6866,0,0
137,278,296,3778,1149,-7401,0,0
211,102,124,3782,1251,-8004,0,0
247,119,196,3261,442,-8016,0,0
762,206,226,2963,-72,-6254,0,0
693,-76,152,1973,307,-4645,0,0
91,-260,-160,455,654,-3153,0,0
-186,-223,-570,-45,536,-1322,0,0
-889,-248,-867,-517,329,-474,0,0
-1196,-142,-897,-799,150,-346,0,0
-108,159,-883,-540,-53,99,0,0
70,417,-735,20,111,533,0,0
-368,606,-653,243,-26,286,0,0
-347,784,-531,343,-268,-109,0,0
-47,699,-170,442,-147,-780,0,0
712,432,232,1365,678,-1845,0,0
1140,351,544,2460,1752,-3423,0,0
535,400,532,2844,1349,-4707,0,0
258,106,396,3505,1727,-5622,0,0
-68,-350,388,3822,1864,-6578,0,0
-426,-636,672,4100,1380,-7616,0,0
-131,-351,870,4496,885,-8516,0,0
-125,174,656,4439,985,-8611,0,0
94,483,350,3549,977,-6838,0,0
227,190,479,3419,987,-4556,0,0
141,-365,335,2186,1229,-4508,0,0
-148,-394,91,1166,1245,-3054,0,0
-870,-281,98,826,668,-398,0,0
-1174,-206,35,-14,271,40,0,0
-1074,24,-105,-355,-239,-58,0,0
-497,139,-217,-2232,-324,367,0,0
-23,-28,-386,-339,-162,317,0,0
-249,-192,-487,-460,-66,-36,0,0
-57,-254,-470,-269,-36,-529,0,0
453,-300,-217,87,235,-890,0,0
387,-249,195,271,853,-2256,0,0
747,34,519,2000,923,-3637,0,0
963,259,398,2466,1520,-5091,0,0
338,339,-37,1872,2006,-6071,0,0
-476,266,-56,2116,2109,-6394,0,0
109,95,51,3003,1656,-7368,0,0
133,120,-25,5028,1103,-7325,0,0
-657,-249,307,5177,1394,-8223,0,0
175,-307,310,3243,1663,-8564,0,0
721,-154,398,2890,769,-6215,0,0
244,-334,321,2012,855,-4479,0,0
-534,-400,-197,703,923,-3843,0,0
-1014,-120,-853,224,686,-2324,0,0
-1192,108,-1232,-103,255,-520,0,0
-969,32,-1044,-292,-85,-151,0,0
104,20,-718,-411,-386,-302,0,0
724,216,-535,-241,-154,240,0,0
266,303,-287,172,-179,475,0,0
174,384,-35,390,-389,-140,0,0
492,530,281,560,-106,-662,0,0
803,663,718,1467,166,-1348,0,0
1530,500,969,2261,1136,-3431,0,0
833,577,846,2667,786,-4151,0,0
4,320,587,3700,961,-5283,0,0
-180,-264,185,3543,620,-7344,0,0
-586,-379,139,4467,792,-6904,0,0
-43,-766,227,4252,769,-8729,0,0
271,-376,166,3768,981,-9018,0,0
559,163,352,4172,1125,-6175,0,0
915,65,634,3468,258,-5600,0,0
157,52,370,2354,1,-5171,0,0
-617,-42,-62,1659,438,-2777,0,0
-1190,-320,-301,829,393,-883,0,0
-1598,-444,-532,-247,134,-389,0,0
-1367,-427,-509,-512,32,427,0,0
-846,-444,-161,-173,9,618,0,0
-415,-471,-255,-192,-91,300,0,0
-846,-390,-380,-139,-240,83,0,0
-687,-249,-359,-51,35,-519,0,0
-203,-125,-165,-185,443,-1293,0,0
21,-23,371,-9,834,-2038,0,0
1303,194,886,351,1442,-3541,0,0
1325,541,872,2049,1646,-4095,0,0
110,534,537,2826,2293,-5076,0,0
-337,338,29,1706,2600,-7291,0,0
-31,585,-136,2605,2881,-7081,0,0
523,582,81,3454,1513,-6921,0,0
847,348,112,4826,530,-7205,0,0
231,135,99,4603,778,-8354,0,0
184,210,88,3489,858,-7867,0,0
918,87,271,3328,325,-5391,0,0
806,-389,240,2284,-22,-4657,0,0
-46,-391,-197,723,297,-3869,0,0
-2584,-73,-497,263,624,-1041,0,0
-890,-145,-593,-381,373,30,0,0
-801,-176,-720,-921,-120,-202,0,0
101,69,-820,-1014,-82,310,0,0
265,162,-789,-511,59,797,0,0
-222,244,-841,-128,-161,615,0,0
-367,451,-833,172,-46,238,0,0
-218,565,-480,1037,-6,-548,0,0
436,524,-57,2001,750,-1920,0,0
810,566,147,2375,1359,-3530,0,0
148,136,573,4269,1357,-4375,0,0
-281,-499,657,3484,2156,-6583,0,0
-2096,-550,610,3678,1963,-6015,0,0
-162,-632,779,3978,1250,-6737,0,0
-380,-311,561,4720,969,-8861,0,0
-360,442,313,4896,2331,-8813,0,0
374,756,792,3881,1865,-6306,0,0
1021,405,1270,3330,428,-4809,0,0
347,18,793,2780,262,-4053,0,0
-489,-305,-19,1365,860,-3038,0,0
-778,-392,-448,380,1153,-980,0,0
-1403,-385,-581,-305,1008,167,0,0
-1746,-474,-599,-432,348,269,0,0
-1061,-439,-310,41,-186,169,0,0
-17,-326,-279,130,-294,-57,0,0
-505,-283,-337,32,-135,-111,0,0
-549,-301,-273,115,251,-430,0,0
77,-285,-120,-396,313,-1187,0,0
492,-119,138,46,534,-1449,0,0
1100,-97,435,1230,1417,-2943,0,0
894,147,340,1412,1766,-4685,0,0
-81,698,5,1702,1789,-4839,0,0
-551,665,-191,2708,3160,-6031,0,0
-212,525,-366,3555,3708,-6877,0,0
136,417,-172,4007,2315,-6471,0,0
351,90,-140,4216,2200,-7673,0,0
281,233,-241,4653,1754,-7941,0,0
512,130,108,4827,1349,-6925,0,0
1147,-147,346,4177,1248,-6003,0,0
933,-190,331,2851,686,-4635,0,0
106,-192,89,1223,434,-2881,0,0
61,-321,-381,113,506,-1590,0,0
-436,-378,-789,-296,107,-462,0,0
-1149,-437,-977,-459,264,-30,0,0
-382,-375,-822,-576,325,-270,0,0
287,-123,-477,-475,71,132,0,0
5,15,-225,-215,-82,370,0,0
44,170,-97,172,-31,244,0,0
119,358,33,98,-121,-46,0,0
274,467,245,793,7,-660,0,0
1234,513,397,1431,615,-2527,0,0
893,664,422,2407,769,-3387,0,0
-366,332,484,3642,1594,-4234,0,0
-749,-230,167,3409,1780,-6899,0,0
-1043,-285,2,3837,2564,-6953,0,0
-325,-299,271,4020,2037,-7450,0,0
68,-51,-2104,3768,1577,-9160,0,0
-450,510,-420,3769,2598,-8583,0,0
549,449,-213,3948,2502,-7134,0,0
1054,-130,328,3725,1973,-5622,0,0
744,-596,458,2590,1473,-3944,0,0
183,-788,323,1180,883,-1683,0,0
-562,-807,118,594,420,-300,0,0
-1373,-601,-245,-65,-55,179,0,0
-1442,-229,-88,-38,-227,790,0,0
-231,-99,84,-225,-296,393,0,0
-237,-106,-124,-484,-482,-120,0,0
-729,17,-316,-286,28,-229,0,0
114,16,-419,-237,287,-711,0,0
359,-61,-191,-295,75,-1088,0,0
862,18,313,-227,622,-1942,0,0
1536,223,744,931,1226,-3162,0,0
611,432,789,2132,1950,-4269,0,0
46,619,244,1733,2004,-6178,0,0
-462,682,-202,2241,1950,-6398,0,0
-387,324,107,3271,2262,-6519,0,0
368,-110,62,3945,1858,-7541,0,0
-238,-29,114,4418,1557,-7540,0,0
14,107,304,4383,1446,-8028,0,0
730,182,291,3641,1087,-7851,0,0
562,313,424,3447,790,-5584,0,0
531,18,520,2579,1006,-3879,0,0
20,-383,399,1259,461,-2967,0,0
-560,-362,-234,24,234,-1247,0,0
-887,-230,-990,-827,131,-90,0,0
-1290,-153,-1252,-1133,108,2,0,0
-639,-50,-1234,-1140,166,-235,0,0
-115,-12,-982,-198,85,-55,0,0
-301,37,-667,460,-152,-37,0,0
-183,198,-323,592,-422,-28,0,0
180,371,-3,473,-257,-386,0,0
521,450,273,1039,149,-1017,0,0
1144,256,462,1834,1464,-3178,0,0
976,326,401,2768,2223,-4097,0,0
-448,116,399,4045,1978,-4691,0,0
-951,-374,190,3050,2508,-7414,0,0
-249,-101,266,3628,2925,-6534,0,0
316,-180,368,3698,1791,-6944,0,0
-536,-105,-20,3492,1773,-8720,0,0
-198,342,-187,4206,2442,-8275,0,0
1057,331,370,4341,1919,-6676,0,0
1103,90,829,3952,1183,-5268,0,0
531,-151,605,2752,991,-3656,0,0
-136,-303,159,937,1078,-1358,0,0
-646,-471,-242,-215,529,266,0,0
-1401,-586,-532,-602,70,688,0,0
-1405,-473,-347,-230,60,359,0,0
-438,-383,-279,-186,-93,-5,0,0
-446,-371,-260,-308,-213,27,0,0
-535,-327,-130,-61,-9,-24,0,0
-165,-379,29,-62,-32,-494,0,0
-32,-335,336,-150,147,-975,0,0
394,-117,680,115,410,-1872,0,0
890,17,936,1528,1599,-3537,0,0
668,113,701,2097,2569,-5497,0,0
-518,467,74,1096,2599,-6952,0,0
-674,545,-260,1706,3163,-6604,0,0
311,256,-408,3105,2822,-7270,0,0
274,182,-613,3701,2071,-7690,0,0
130,81,-373,4285,2505,-7772,0,0
626,56,179,3591,2150,-7725,0,0
874,228,695,3202,1572,-6051,0,0
898,146,759,2703,967,-5098,0,0
535,-2,368,1727,563,-4545,0,0
82,-50,-183,708,707,-2736,0,0
-283,-231,-467,91,535,-761,0,0
-876,-415,-612,-526,313,-291,0,0
-761,-294,-859,-1156,252,-189,0,0
-86,70,-874,-1031,208,232,0,0
53,338,-716,-443,115,475,0,0
-75,580,-690,39,-97,380,0,0
-206,744,-595,667,-260,172,0,0
-13,780,-231,876,-194,-661,0,0
810,624,264,1787,802,-1851,0,0
1171,495,643,2389,1679,-3422,0,0
531,238,647,3390,1414,-4270,0,0
-454,-291,344,3394,1954,-6257,0,0
-232,-303,157,3490,2486,-6051,0,0
-13,-530,354,4350,1566,-6586,0,0
-328,-512,300,4016,1488,-9238,0,0
-27,-1,256,5046,1976,-8731,0,0
729,200,879,4212,1511,-7507,0,0
1537,344,1352,3292,469,-5671,0,0
997,196,1153,3010,-89,-4423,0,0
-52,-218,660,1981,259,-2955,0,0
-667,-539,309,664,538,-598,0,0
-1481,-755,24,-180,215,520,0,0
-1929,-772,-144,-344,34,858,0,0
-1210,-669,-46,1,179,620,0,0
-559,-721,-173,-74,65,210,0,0
-1108,-614,-244,-21,-108,-17,0,0
-859,-346,-194,-387,-88,-407,0,0
-481,-184,65,-499,79,-507,0,0
-380,-117,503,-484,278,-1567,0,0
742,133,910,-128,1213,-2959,0,0
852,362,1001,2208,2235,-3708,0,0
-294,460,514,1894,2007,-6472,0,0
-220,801,-363,1531,2388,-7528,0,0
-175,693,-753,3671,3047,-6730,0,0
-307,244,-526,3715,2543,-8430,0,0
571,164,-635,4256,3377,-8455,0,0
735,101,-332,3646,2502,-7743,0,0
1404,21,104,3153,1084,-6350,0,0
1630,-152,318,3128,547,-5070,0,0
616,-267,321,2427,348,-4924,0,0
211,-117,-142,1287,457,-4035,0,0
-373,-42,-504,656,500,-1636,0,0
-797,-148,-652,-106,336,-541,0,0
-2480,-123,-912,-873,200,-256,0,0
-242,1,-900,-861,155,189,0,0
-30,95,-720,-574,19,457,0,0
-148,229,-527,-33,-128,681,0,0
-399,442,-521,139,-252,547,0,0
-495,602,-591,25,-142,203,0,0
-223,624,-439,569,-85,-660,0,0
296,477,-122,2188,1019,-2313,0,0
34,291,186,3183,1772,-4662,0,0
-151,162,377,3964,2390,-6932,0,0
-38,29,466,4359,3680,-8101,0,0
-104,-171,726,5287,3608,-8556,0,0
685,-71,780,4407,2357,-9400,0,0
875,332,751,3997,1371,-8284,0,0
584,236,859,3882,1073,-6717,0,0
1133,-127,690,3078,992,-4684,0,0
503,-508,447,1943,872,-1923,0,0
-764,-710,207,640,1054,-206,0,0
-1119,-718,-143,-331,896,498,0,0
-1541,-556,-76,-312,127,984,0,0
-1163,-411,142,-368,51,622,0,0
-537,-392,59,-497,-276,230,0,0
-1143,-357,-53,-212,-256,-36,0,0
-958,-383,-258,-375,-110,-536,0,0
-2464,-464,-215,-482,-50,-782,0,0
13,-512,158,-234,415,-1876,0,0
750,-466,664,1246,1631,-3175,0,0
626,-46,816,2088,2097,-4654,0,0
-185,521,223,1085,2923,-7198,0,0
-527,1009,-640,1157,3819,-7070,0,0
190,804,-543,2581,3824,-6140,0,0
673,334,-391,3443,2835,-7480,0,0
410,302,-202,4397,2496,-7761,0,0
547,267,18,4608,2516,-7481,0,0
619,-9,490,3565,2060,-7803,0,0
1297,-86,1023,3012,1391,-6192,0,0
1634,-156,1112,2141,492,-4624,0,0
810,-31,705,771,-71,-3287,0,0
295,172,-134,-163,-148,-1067,0,0
-123,171,-966,-1051,-393,227,0,0
-607,190,-1223,-1330,106,334,0,0
298,268,-1335,-1153,307,453,0,0
183,220,-1163,9,304,911,0,0
-421,277,-880,492,95,506,0,0
-477,505,-647,434,-379,342,0,0
-445,611,-448,265,-498,102,0,0
-114,505,-238,1233,-5,-2872,0,0
293,320,-101,2063,1129,-2788,0,0
-46,399,63,4131,1536,-3946,0,0
-538,-147,175,4351,2097,-6724,0,0
-653,-513,-3,4128,2893,-7127,0,0
-636,-688,321,4728,2997,-6912,0,0
-201,-652,675,4534,2655,-8215,0,0
-46,-98,612,4328,2303,-8127,0,0
228,376,622,3474,1907,-7075,0,0
824,204,593,3388,1152,-5611,0,0
680,-330,296,2727,1193,-4425,0,0
398,-848,-25,1439,1329,-2664,0,0
-410,-1135,-169,811,1088,-1010,0,0
-1003,-1174,-206,179,681,-369,0,0
-1124,-686,-164,85,360,689,0,0
-874,-132,-15,-266,-104,639,0,0
-300,61,-84,-749,-429,414,0,0
-635,160,-227,-324,-536,506,0,0
-588,35,-431,-158,-307,-173,0,0
-110,-284,-282,-129,78,-967,0,0
161,-322,91,53,959,-1696,0,0
549,-123,519,882,1632,-3213,0,0
757,39,538,1657,2282,-4969,0,0
-319,256,66,1036,2318,-6314,0,0
-794,321,-2,1584,2845,-6418,0,0
131,75,221,3401,3489,-7698,0,0
263,124,226,3865,2450,-8562,0,0
92,443,467,3850,2336,-7934,0,0
791,397,373,3541,2949,-8666,0,0
865,417,445,3106,1770,-7039,0,0
1403,295,621,2315,841,-4903,0,0
940,170,305,926,677,-3420,0,0
-411,238,-232,-23,825,-1801,0,0
-567,272,-831,-830,306,-555,0,0
-1042,289,-1150,-1140,-75,46,0,0
-815,236,-1229,-953,187,136,0,0
170,224,-1195,-375,-95,420,0,0
84,220,-1013,277,-294,225,0,0
-59,217,-809,535,-186,-49,0,0
104,274,-350,596,197,-305,0,0
514,269,129,1109,464,-849,0,0
959,200,469,1874,1352,-2299,0,0
640,109,442,2861,1924,-3304,0,0
-369,-55,320,3393,1966,-4780,0,0
-572,-369,-88,3597,2869,-6212,0,0
-570,-420,-4,3355,2866,-6195,0,0
-284,-485,518,3298,2552,-6979,0,0
-61,-414,530,3698,2682,-7802,0,0
153,-4,571,3413,2750,-7611,0,0
1115,347,821,3409,1900,-6484,0,0
1325,517,856,3807,1339,-5645,0,0
648,397,676,3251,1062,-5082,0,0
312,66,370,2242,423,-3479,0,0
-113,-404,-29,1042,234,-1432,0,0
-952,-655,-203,199,240,-55,0,0
-1612,-622,-370,-176,157,433,0,0
-1479,-510,-433,-244,315,278,0,0
-620,-401,-335,-433,442,-19,0,0
-575,-276,-185,-326,139,164,0,0
-756,-152,61,-56,-185,-343,0,0
-114,-91,159,113,-227,-677,0,0
-91,-130,312,95,-19,-1015,0,0
461,-14,499,-82,741,-2780,0,0
1528,293,567,1720,2169,-3572,0,0
533,285,165,2347,2601,-4952,0,0
-519,302,-437,1163,2390,-7224,0,0
-74,332,-874,2595,3365,-6675,0,0
270,-125,-834,3682,3036,-7388,0,0
302,-243,-524,4168,1349,-7781,0,0
356,-150,-373,4349,2059,-7861,0,0
327,-44,-38,3380,2036,-7851,0,0
1135,77,290,2680,1658,-6092,0,0
1281,-128,422,2013,1193,-4878,0,0
417,-348,304,1131,516,-3761,0,0
-2104,-386,33,487,586,-1466,0,0
-392,-362,-203,33,56,-102,0,0
-1129,-291,-550,-508,-194,-189,0,0
-605,-77,-761,-896,366,-382,0,0
146,256,-609,-445,384,320,0,0
-168,483,-254,126,159,539,0,0
-326,723,-36,218,-372,260,0,0
-332,888,7,-29,-681,116,0,0
-172,887,79,485,-310,-103,0,0
270,710,287,1872,414,-1287,0,0
235,417,389,3754,1630,-3576,0,0
-784,455,307,3601,2234,-6131,0,0
-1269,336,84,3497,3453,-5823,0,0
-738,-263,584,3556,3483,-5693,0,0
-148,-846,773,3288,2300,-7465,0,0
-369,-775,129,3452,3220,-8103,0,0
-189,-226,68,3524,4180,-8360,0,0
1290,202,427,3797,3183,-7368,0,0
1531,534,814,3477,1712,-5467,0,0
1363,506,753,3057,798,-4416,0,0
679,6,182,2289,663,-2579,0,0
-509,-759,-91,1257,708,-369,0,0
-685,-1231,-366,249,98,152,0,0
-1468,-1118,-677,56,-272,473,0,0
-1897,-679,-536,105,261,400,0,0
-523,-380,-443,-85,270,-60,0,0
-656,-283,-407,-126,-320,-143,0,0
-1154,-149,-362,-289,-48,-486,0,0
-309,-45,-272,-293,-197,-664,0,0
2,-73,95,-244,-80,-865,0,0
398,-81,615,236,1004,-2430,0,0
673,191,840,1889,2195,-3714,0,0
328,534,543,1801,2970,-5209,0,0
-473,598,17,930,3131,-6220,0,0
-497,350,-108,2329,4003,-7079,0,0
404,298,-155,3867,4043,-8249,0,0
110,352,-74,5177,3338,-7972,0,0
274,-21,546,4434,3694,-8441,0,0
1884,-154,909,3363,2891,-7532,0,0
2130,-189,1094,2371,1234,-5438,0,0
1380,-393,820,1440,624,-3885,0,0
190,-391,1,535,111,-2447,0,0
-606,-161,-745,-196,-165,-492,0,0
-792,11,-1099,-673,-389,609,0,0
-467,7,-1308,-1102,-245,234,0,0
233,89,-1296,-959,39,239,0,0
220,286,-961,-209,222,702,0,0
-151,444,-697,242,92,593,0,0
-316,506,-545,346,-152,353,0,0
-403,549,-382,625,-208,-405,0,0
95,648,-260,1448,817,-1696,0,0
298,303,-75,3075,2035,-3039,0,0
-838,-265,275,3263,1902,-5644,0,0
-844,-618,88,3253,2868,-6638,0,0
-520,-836,101,3136,3755,-5842,0,0
-4,-677,611,2870,2922,-5983,0,0
297,-281,302,2877,2247,-6821,0,0
-893,151,-278,2702,3473,-8312,0,0
-96,385,-346,2942,3778,-8609,0,0
1287,195,269,3724,3181,-6994,0,0
1625,5,879,3495,2127,-5382,0,0
1336,-12,1064,2351,1070,-3336,0,0
299,-81,849,1115,550,-1240,0,0
-674,-257,404,507,204,173,0,0
-1417,-430,-88,169,-87,584,0,0
-1832,-544,-373,93,-1,580,0,0
-1078,-561,-335,-506,266,-4,0,0
-171,-459,-292,-572,180,0,0,0
-680,-298,-229,-272,227,-223,0,0
-568,-75,-150,-315,78,-686,0,0
-90,-26,3,-196,54,-2832,0,0
48,-96,338,-93,555,-2085,0,0
789,32,645,487,1779,-3316,0,0
568,126,563,1780,3597,-4576,0,0
-298,297,36,794,3085,-5939,0,0
-560,517,-509,628,2660,-6143,0,0
-123,459,-932,2180,3979,-6837,0,0
149,410,-1263,2728,3919,-6925,0,0
14,323,-979,3242,3716,-6869,0,0
428,204,-230,3008,3203,-7341,0,0
911,142,358,2794,2349,-6052,0,0
800,-86,657,2916,2512,-5753,0,0
796,-53,760,2304,2174,-5767,0,0
650,116,632,1582,1327,-4209,0,0
280,118,193,662,247,-2382,0,0
-267,128,-236,30,-514,-871,0,0
-645,124,-525,-574,-162,-288,0,0
53,162,-546,-1070,400,-160,0,0
830,247,-376,-1182,277,439,0,0
399,323,-225,-849,15,844,0,0
114,400,-258,-73,-35,877,0,0
6,444,-337,46,-57,164,0,0
96,576,-354,649,255,-629,0,0
576,531,-173,1793,519,-1757,0,0
465,218,-69,2442,1523,-3803,0,0
-558,-76,55,3525,2251,-4757,0,0
-1087,-394,132,3354,2544,-5718,0,0
-529,-565,165,2873,3297,-6025,0,0
-294,-451,300,2664,2848,-5680,0,0
-307,-411,212,3348,2333,-7026,0,0
-348,-46,-71,3587,2978,-8994,0,0
-136,549,-3,3877,3499,-7628,0,0
800,359,431,3381,2046,-7130,0,0
1509,161,502,3247,1426,-5754,0,0
1193,-211,386,2781,1080,-3571,0,0
238,-827,148,1157,874,-1909,0,0
39,-1148,-24,310,1081,-359,0,0
-965,-1313,-337,247,703,733,0,0
-2379,-1145,-299,266,679,611,0,0
-1376,-629,92,79,296,-177,0,0
-533,-302,187,-114,-221,-246,0,0
-1175,-10,205,-270,-118,-357,0,0
-741,216,205,-359,122,-817,0,0
-216,166,309,-364,343,-729,0,0
209,79,693,-404,647,-1564,0,0
1260,128,914,652,1452,-3022,0,0
447,289,585,1078,1955,-4855,0,0
-613,570,-114,1037,3017,-6324,0,0
-422,485,-871,1054,4229,-6770,0,0
-72,93,-887,2112,4661,-7414,0,0
774,-178,-464,3286,3412,-7675,0,0
947,-218,-74,4179,3148,-7488,0,0
320,-49,292,2742,3213,-7952,0,0
884,107,456,1470,2672,-6157,0,0
1419,-294,574,1457,1504,-4483,0,0
646,-561,208,837,160,-3679,0,0
-631,-370,-475,236,42,-2020,0,0
-741,-107,-845,-358,506,-847,0,0
-662,181,-730,-672,599,-101,0,0
-370,536,-317,-846,413,102,0,0
148,872,-125,-485,-5,492,0,0
-132,1003,-43,-36,-301,723,0,0
-201,1035,-42,150,-657,697,0,0
-163,1002,-79,210,-750,608,0,0
-214,783,-2,897,-210,-203,0,0
247,360,145,1857,1774,-2433,0,0
-358,315,199,2899,2801,-3572,0,0
-1229,294,152,3664,2994,-5273,0,0
-919,-164,-281,4085,3774,-6436,0,0
-971,-399,-114,3839,4088,-6536,0,0
-369,-555,146,4544,4121,-7693,0,0
156,-277,460,4538,4626,-8632,0,0
721,298,1074,4305,4748,-7181,0,0
1772,373,1470,3384,3022,-5647,0,0
1938,236,1211,3100,1780,-4352,0,0
1087,-80,605,2351,1096,-3000,0,0
110,-538,151,1306,405,-1299,0,0
-101,-902,-208,365,610,199,0,0
-912,-1037,-461,-235,465,600,0,0
-1695,-957,-501,-166,101,594,0,0
-876,-686,-224,-18,261,286,0,0
-23,-471,-132,-208,314,-175,0,0
-757,-295,-62,-295,241,-107,0,0
-709,-243,83,-533,218,-367,0,0
-13,-311,127,-866,181,-1049,0,0
246,-336,45,-23,312,-1666,0,0
267,-274,30,1050,1937,-3499,0,0
308,93,-271,1270,3147,-5142,0,0
-600,412,-492,1319,2970,-6374,0,0
-937,320,-377,1269,3491,-7038,0,0
112,-29,-26,2725,4001,-6408,0,0
810,-200,310,2898,3477,-7234,0,0
560,168,229,3418,3151,-8141,0,0
313,466,361,3456,3387,-8070,0,0
1325,386,567,2711,2538,-6650,0,0
1453,58,626,1945,845,-5066,0,0
724,-217,398,939,821,-3622,0,0
-25,-350,-178,-99,1159,-1977,0,0
-695,-266,-643,-627,618,-449,0,0
-1247,-52,-822,-786,563,61,0,0
-867,137,-951,-2800,-31,-133,0,0
-183,322,-926,-107,-285,381,0,0
-11,474,-849,76,-138,352,0,0
-151,696,-693,245,-259,442,0,0
-241,798,-405,437,-241,264,0,0
-45,803,-114,673,58,-730,0,0
634,733,219,2003,1074,-1736,0,0
770,702,230,1935,2027,-3444,0,0
-339,592,-1,3044,2348,-5028,0,0
-514,-114,-380,3281,3082,-6445,0,0
-545,-774,-230,3514,3641,-6082,0,0
-371,-1062,304,4313,3911,-7103,0,0
-135,-660,497,4014,3539,-8178,0,0
-546,143,587,3361,4325,-7978,0,0
501,565,655,2820,3889,-6505,0,0
1258,640,879,2664,1912,-4863,0,0
654,420,661,2545,1296,-4115,0,0
-179,-73,57,1649,1543,-2817,0,0
-5,-711,-306,506,1269,-1443,0,0
23,-1203,-559,-75,592,-466,0,0
-1221,-1243,-469,161,499,299,0,0
-1526,-909,184,559,297,397,0,0
-417,-594,688,363,145,-15,0,0
23,-615,573,33,126,-348,0,0
-611,-561,397,-5,13,-381,0,0
-91,-300,340,-590,158,-510,0,0
572,7,481,-848,213,-1040,0,0
816,280,669,274,291,-2627,0,0
1123,561,225,980,1667,-4801,0,0
99,927,-484,2073,2301,-5123,0,0
-487,773,-498,2490,2963,-5780,0,0
128,433,-596,2401,2983,-6549,0,0
181,240,-502,3942,3186,-6266,0,0
233,-20,-202,4111,3671,-7829,0,0
497,152,210,4184,4384,-8591,0,0
1513,535,1087,3553,2713,-6228,0,0
1919,416,1740,2579,1186,-4725,0,0
1142,126,1225,1774,409,-4867,0,0
192,-151,-41,586,403,-3375,0,0
-498,-477,-994,-876,605,-1497,0,0
-1196,-488,-1199,-717,314,-4,0,0
-1077,-434,-1049,14,332,-110,0,0
-178,-279,-982,-193,-60,-219,0,0
108,-51,-817,-208,-290,165,0,0
-100,206,-632,163,-263,106,0,0
89,414,-501,547,-256,303,0,0
293,477,-204,461,-311,-1,0,0
615,568,52,597,-208,-779,0,0
1288,394,253,1725,1180,-2111,0,0
767,104,381,2812,1151,-4374,0,0
-368,-74,550,3788,1628,-5685,0,0
-406,-595,381,3701,2612,-6997,0,0
-663,-682,654,3468,1705,-8016,0,0
-331,-456,979,3297,1211,-8591,0,0
-112,-288,479,3160,1313,-8953,0,0
-157,-95,50,2782,1837,-9275,0,0
847,205,303,3097,2550,-7080,0,0
1054,260,968,2727,1357,-5454,0,0
781,200,953,1407,587,-4085,0,0
395,30,482,519,1123,-1245,0,0
-621,-41,18,368,772,278,0,0
-1432,13,-708,-50,54,-100,0,0
-1246,155,-960,10,-290,196,0,0
-221,108,-534,531,-69,418,0,0
-312,-142,-239,3,-138,-563,0,0
-219,-53,2,-208,-28,-503,0,0
360,-92,296,-123,-38,-180,0,0
512,-215,572,-220,-177,-1289,0,0
872,-58,552,242,141,-2223,0,0
174,75,560,1969,1086,-3482,0,0
-187,-15,175,1836,1744,-6038,0,0
-240,10,-376,1237,2228,-6929,0,0
-549,-135,-490,2567,1901,-6670,0,0
144,-583,-344,3195,1643,-8263,0,0
556,-496,7,3481,854,-7940,0,0
309,-240,466,3383,222,-7967,0,0
857,112,294,2183,511,-7773,0,0
762,232,16,1825,842,-6045,0,0
376,-13,134,1669,1165,-5072,0,0
466,-66,137,1589,675,-3356,0,0
-574,201,-18,851,238,-1531,0,0
-1120,479,-227,-261,418,-537,0,0
-806,591,-635,-901,388,-46,0,0
-581,683,-1019,-1106,-80,7,0,0
-508,795,-856,-285,-267,50,0,0
-298,695,-498,321,-571,-153,0,0
-78,451,-138,391,-677,-142,0,0
126,245,357,384,-220,-14,0,0
547,-84,651,994,216,-877,0,0
840,-202,477,2237,515,-2774,0,0
-222,34,85,3598,1279,-4357,0,0
-1484,-17,-221,4246,2513,-6264,0,0
-1035,-440,-385,3944,3097,-8010,0,0
-842,-725,-122,3999,2702,-8687,0,0
-101,-875,192,3752,2475,-9802,0,0
1709,-867,530,3499,1727,-8630,0,0
1931,-717,869,3025,1267,-6572,0,0
1423,-748,876,2079,997,-5713,0,0
1189,-797,528,1455,572,-3831,0,0
44,-600,178,1191,588,-1311,0,0
-1377,-108,194,886,388,-234,0,0
-1692,181,11,175,-44,98,0,0
-1700,156,125,-64,10,674,0,0
-772,-7,228,-349,194,486,0,0
-298,-273,12,-537,-234,389,0,0
-973,-339,33,-300,-420,366,0,0
-770,-350,156,-466,-169,-262,0,0
-343,-446,308,-432,181,-1114,0,0
173,-440,493,-46,644,-2769,0,0
470,-203,476,422,2075,-4804,0,0
-823,346,90,1307,3423,-6674,0,0
-825,863,-541,771,3536,-7962,0,0
47,775,-754,2331,3508,-7347,0,0
153,304,-569,3151,3141,-8753,0,0
488,179,-290,3325,2760,-8825,0,0
885,208,32,3730,3097,-7865,0,0
1266,256,539,2624,1968,-6621,0,0
1419,327,630,1637,671,-4939,0,0
515,196,194,1004,304,-3362,0,0
-175,-32,-319,70,502,-1847,0,0
-217,-164,-782,-609,441,-620,0,0
-959,-219,-1050,-990,353,16,0,0
-752,-123,-1071,-1183,345,151,0,0
13,127,-803,-648,226,592,0,0
-97,348,-648,-187,11,459,0,0
-147,588,-745,206,-121,306,0,0
-100,794,-751,401,271,-233,0,0
114,861,-422,1713,520,-1069,0,0
830,770,-235,1785,1176,-2619,0,0
-110,691,-190,2682,1439,-4216,0,0
-1195,90,-374,3543,2554,-6457,0,0
-1118,-635,-491,3291,4159,-7349,0,0
-1215,-832,287,3526,4753,-7613,0,0
-380,-646,596,3223,4263,-8184,0,0
300,-45,328,2733,3621,-8332,0,0
487,537,399,2904,3723,-7454,0,0
1598,472,618,3060,3056,-5496,0,0
1706,63,665,1929,1697,-3110,0,0
389,-261,587,809,1046,-907,0,0
-380,-509,262,301,594,382,0,0
-1138,-575,-72,18,71,1011,0,0
-1031,-323,-23,-289,127,835,0,0
-187,-98,100,-278,19,558,0,0
-648,-152,129,-114,-245,307,0,0
-983,-196,143,-221,192,-334,0,0
-226,-221,153,-295,246,-539,0,0
-75,-315,363,-492,82,-1806,0,0
417,-186,556,109,1371,-3274,0,0
284,-80,521,2060,2715,-3977,0,0
-426,-18,178,1776,2797,-6398,0,0
-443,91,-348,1252,4441,-8134,0,0
-85,75,-209,3197,5133,-7998,0,0
1216,-115,419,3566,3182,-9106,0,0
2181,153,396,4236,2108,-8426,0,0
988,406,356,3087,1883,-7555,0,0
1102,255,301,1629,1231,-5403,0,0
1602,-141,-77,904,803,-2522,0,0
-475,-217,-323,145,725,-963,0,0
-1365,123,-746,-634,955,-501,0,0
-931,183,-1137,-1060,688,120,0,0
-603,103,-975,-1119,259,396,0,0
-39,206,-784,-408,47,469,0,0
-377,281,-798,191,-259,352,0,0
-661,449,-856,362,-619,156,0,0
-414,640,-825,688,-440,-97,0,0
-245,711,-429,1322,47,-1002,0,0
415,562,-146,1984,1588,-2901,0,0
-217,359,-118,3526,3095,-4963,0,0
-1166,339,-28,3890,3774,-6698,0,0
-413,-392,-209,3953,3994,-7797,0,0
-432,-704,248,4282,4915,-9270,0,0
575,-291,650,5159,4743,-8500,0,0
1201,143,994,3961,3044,-8481,0,0
1378,249,1324,3182,2855,-5668,0,0
1186,-390,1365,1776,2160,-3048,0,0
447,-907,1213,918,1136,-1235,0,0
-604,-803,780,810,642,532,0,0
-1950,-637,121,66,333,796,0,0
-1924,-496,-174,-62,212,673,0,0
-1025,-398,80,-304,428,114,0,0
-486,-408,130,-716,31,-292,0,0
-841,-373,120,-644,-89,-279,0,0
-549,-436,76,-813,40,-617,0,0
-28,-494,84,-503,244,-646,0,0
429,-559,155,60,1131,-2074,0,0
733,-291,241,615,2720,-4279,0,0
443,10,-37,1270,3922,-5930,0,0
-336,333,-640,-242,3617,-7425,0,0
332,609,-291,1980,3623,-6576,0,0
1393,370,-79,3743,3639,-8623,0,0
668,891,193,3744,2328,-9080,0,0
1305,978,563,4475,2615,-7829,0,0
1284,461,708,2876,1775,-6282,0,0
930,-213,995,1836,797,-4277,0,0
869,-792,625,807,898,-2601,0,0
-646,-756,-396,-1178,755,-1687,0,0
-1256,-325,-1377,-1273,1037,-557,0,0
-983,-211,-1702,-927,690,-64,0,0
-777,18,-1325,-442,195,-290,0,0
37,574,-883,336,-97,-64,0,0
82,752,-387,776,-478,-374,0,0
67,880,18,553,-860,-511,0,0
319,921,275,175,-656,-107,0,0
727,744,420,632,-187,-839,0,0
1479,366,180,2032,1410,-2764,0,0
491,230,-114,3078,2013,-4554,0,0
-621,293,-326,3978,2204,-6834,0,0
-268,70,-410,4694,3002,-8090,0,0
-420,-35,190,4295,2123,-7741,0,0
-26,-351,440,4219,1863,-8731,0,0
147,-288,303,3684,2254,-8424,0,0
380,-93,557,3323,2032,-5926,0,0
697,-419,751,2581,1427,-4458,0,0
50,-727,396,1069,1652,-2785,0,0
-602,-963,-274,-152,804,-567,0,0
-1325,-976,-595,-219,354,60,0,0
-1718,-585,-695,65,391,-83,0,0
-1708,-153,-418,201,168,109,0,0
-618,106,33,63,287,-207,0,0
-200,80,214,61,161,-72,0,0
-763,-64,367,-52,76,-321,0,0
-214,-97,469,-162,37,-632,0,0
290,-140,619,-358,309,-1050,0,0
379,69,718,132,1216,-2245,0,0
1020,103,541,1667,2346,-4415,0,0
308,179,-180,1179,2419,-6910,0,0
-573,509,-693,2034,3767,-7193,0,0
133,250,-609,3102,4417,-8289,0,0
778,213,-3,4148,3124,-8494,0,0
1304,392,276,4651,2155,-7818,0,0
437,667,218,3040,2425,-8130,0,0
789,709,351,2376,2439,-6171,0,0
1580,201,540,1708,1389,-4449,0,0
801,-168,324,890,488,-2885,0,0
-7,-276,-70,256,320,-967,0,0
-703,-199,-452,-231,607,-78,0,0
-1351,-26,-1001,-349,800,-621,0,0
-703,214,-1272,-402,951,-568,0,0
148,461,-765,-280,145,109,0,0
214,576,-110,200,-580,287,0,0
407,506,172,145,-670,-201,0,0
822,582,198,264,-375,-92,0,0
815,587,296,1440,1,-654,0,0
966,572,342,1808,-178,-2764,0,0
100,586,392,3925,836,-3373,0,0
-1074,348,328,4592,2379,-5448,0,0
-1045,305,86,4290,3339,-7029,0,0
-609,188,210,4835,3559,-7103,0,0
-275,103,304,4882,1878,-8114,0,0
46,-101,230,5578,1058,-8068,0,0
511,-455,374,4872,1910,-6482,0,0
1203,-682,697,3479,1522,-4318,0,0
893,-897,608,2403,727,-2676,0,0
-262,-926,144,1329,600,-1032,0,0
-1026,-820,-364,584,603,-81,0,0
-1712,-650,-819,417,580,332,0,0
-1800,-197,-580,-7,744,-179,0,0
-129,85,-172,-413,569,-95,0,0
-166,16,153,-494,-29,-71,0,0
-520,80,403,-360,-136,-461,0,0
234,25,406,-168,-246,-309,0,0
127,-102,447,-319,21,-1990,0,0
698,83,370,93,1101,-2858,0,0
864,-17,92,1903,1908,-3481,0,0
-531,-272,-312,2028,2247,-6739,0,0
-825,-76,-521,2142,3052,-7723,0,0
-121,46,-254,4548,4359,-8165,0,0
414,148,251,4151,2674,-8790,0,0
918,25,426,3853,2031,-7740,0,0
729,-278,233,2794,1800,-7311,0,0
568,-424,244,1886,1548,-5606,0,0
963,-498,222,1332,1462,-4189,0,0
-62,-380,48,706,723,-2239,0,0
-1111,-128,-142,62,223,-703,0,0
-890,138,-561,-485,11,-638,0,0
-288,279,-813,-688,-211,251,0,0
-13,230,-492,-2480,-311,804,0,0
277,238,-299,169,-323,502,0,0
-43,306,-401,386,-627,598,0,0
-299,362,-439,166,-511,-88,0,0
577,373,-251,838,302,-1014,0,0
513,220,182,1660,1048,-2498,0,0
-473,334,591,3113,1283,-4853,0,0
-109,198,427,3849,2267,-6804,0,0
-697,-195,99,3521,2864,-7251,0,0
-867,-399,235,3980,3105,-9132,0,0
428,193,568,4507,3233,-9246,0,0
689,642,727,4641,1985,-8523,0,0
1097,477,917,3956,1716,-7816,0,0
2040,139,1201,3172,1108,-4842,0,0
1364,-379,954,1687,558,-2335,0,0
78,-509,334,540,647,-196,0,0
-799,-145,-86,166,842,848,0,0
-1682,-63,-598,-349,418,124,0,0
-1393,-122,-505,-362,129,10,0,0
-119,-306,-63,-106,-362,205,0,0
-487,-415,105,-288,-670,-103,0,0
-544,-372,50,-354,-229,105,0,0
76,-346,-140,-498,22,-120,0,0
82,-315,-197,-127,-1,-1086,0,0
105,-377,-230,914,999,-3201,0,0
-735,-169,-445,2231,2051,-4880,0,0
-1514,32,-736,1543,1964,-6878,0,0
-1399,-12,-1073,1805,3500,-7618,0,0
-525,-237,-721,3233,4422,-7452,0,0
-191,-282,-127,3060,3282,-7171,0,0
-351,-384,305,3647,4176,-8011,0,0
-3,-314,653,2840,4668,-8144,0,0
960,-129,1159,1641,2276,-5978,0,0
1359,-47,1129,875,593,-4480,0,0
283,72,496,304,803,-3069,0,0
-133,254,-312,-730,673,-1780,0,0
-136,513,-890,-985,333,-190,0,0
-254,447,-1044,-1207,603,275,0,0
758,413,-1025,-979,114,592,0,0
794,456,-893,-35,-345,979,0,0
548,559,-858,136,-385,190,0,0
919,709,-723,566,-247,-14,0,0
778,634,-227,1985,764,-1587,0,0
886,722,217,2471,866,-3637,0,0
269,641,498,3336,901,-4050,0,0
-366,136,569,3586,1857,-5589,0,0
-391,-234,516,3633,2417,-4755,0,0
-400,-651,632,2917,2225,-5716,0,0
-766,-375,354,3178,2182,-6980,0,0
-1384,122,628,4403,2978,-8232,0,0
37,174,589,4010,3465,-8563,0,0
273,28,636,3115,2928,-6584,0,0
493,-441,895,2151,2154,-4938,0,0
684,-691,143,932,1183,-2638,0,0
-939,-506,-722,294,826,-203,0,0
-1173,-339,-1198,358,385,690,0,0
-1234,-268,-950,675,-274,190,0,0
-963,-127,-245,946,-409,366,0,0
-293,-356,-17,296,-728,-10,0,0
-481,-422,66,-55,-677,-599,0,0
105,-251,227,-70,2,-607,0,0
499,-294,439,-216,232,-1012,0,0
625,-228,457,-671,974,-3114,0,0
737,52,290,890,2343,-3719,0,0
-231,6,70,1683,2358,-4776,0,0
-1050,-143,-198,408,2465,-6849,0,0
-600,-152,-166,2307,4282,-7042,0,0
-38,-79,354,3397,3726,-8168,0,0
967,354,673,3188,2972,-8044,0,0
940,496,696,3192,2778,-8271,0,0
1024,437,688,2432,2085,-7126,0,0
1699,125,532,1908,1131,-4982,0,0
1227,-231,229,1033,245,-3804,0,0
104,-325,-559,-94,640,-1826,0,0
-796,-192,-1056,-765,783,-496,0,0
-733,178,-1091,-757,306,-283,0,0
6,423,-964,-401,-154,-132,0,0
558,536,-852,-188,-154,126,0,0
437,649,-697,119,-216,500,0,0
431,674,-546,447,-432,366,0,0
894,633,-435,737,-143,-342,0,0
934,633,-253,1189,311,-1170,0,0
121,405,42,2697,259,-2914,0,0
72,-64,67,3910,516,-5287,0,0
-1054,-304,-132,4638,2328,-6500,0,0
-1056,-399,286,4335,2861,-7853,0,0
382,-146,1062,4230,1545,-7274,0,0
99,194,885,4146,791,-7537,0,0
-386,-14,325,3899,1278,-8380,0,0
294,-375,416,2911,2643,-7569,0,0
1068,-589,712,2356,2443,-4461,0,0
734,-791,713,1227,578,-2170,0,0
-392,-556,314,593,-415,-958,0,0
-1468,-131,-214,761,-163,504,0,0
-1559,214,-418,335,119,538,0,0
-646,457,-360,-9,146,404,0,0
-693,253,-257,-102,46,492,0,0
-1012,-61,-172,-262,-29,-304,0,0
-234,-304,0,-283,-218,-393,0,0
-60,-517,345,-394,-225,-858,0,0
319,-435,374,-213,188,-2939,0,0
819,-348,133,1542,2312,-5186,0,0
-317,-1,-172,1679,2944,-6586,0,0
-553,196,-414,1187,2206,-6838,0,0
-147,-207,-427,2541,2912,-8447,0,0
389,-273,-569,3546,3094,-8895,0,0
674,-33,-275,3387,2179,-8309,0,0
778,303,-20,3088,2794,-8317,0,0
1234,537,226,2201,2463,-5662,0,0
1276,115,628,1407,858,-3382,0,0
196,-240,407,600,247,-2418,0,0
-1049,-110,-305,164,-300,-340,0,0
-1645,13,-931,-334,-324,248,0,0
-906,87,-1294,-887,238,-388,0,0
-159,243,-1103,-565,319,137,0,0
-141,322,-682,-230,146,10,0,0
30,362,-522,-64,-183,-95,0,0
239,404,-397,423,-285,138,0,0
461,382,-112,1148,-127,-1169,0,0
1147,202,-151,947,1486,-3554,0,0
121,297,-72,2502,2495,-3696,0,0
-748,4,106,2325,2388,-5359,0,0
-412,-643,-111,2227,2471,-6438,0,0
-610,-747,82,2532,2321,-6654,0,0
-294,-660,262,2780,2538,-8552,0,0
-25,-162,456,4191,2987,-10331,0,0
650,772,1070,3942,3466,-8864,0,0
1114,1390,1619,2036,2595,-6137,0,0
1416,957,1570,1783,1516,-3910,0,0
1025,5,924,1506,611,-3062,0,0
35,-514,202,862,803,-1171,0,0
-822,-639,62,650,1057,153,0,0
-1865,-547,-82,108,495,-619,0,0
-2062,-273,-219,-90,50,-296,0,0
-610,-105,85,-28,136,72,0,0
-71,-124,126,-239,-338,-80,0,0
-713,-19,97,-37,-293,-55,0,0
-84,22,-11,-143,-149,-269,0,0
-46,-103,112,-127,-36,-857,0,0
247,-321,249,-269,1028,-3265,0,0
288,-240,255,1205,2503,-4229,0,0
0,-198,-202,1494,2175,-5484,0,0
-826,-147,-1265,521,2202,-6989,0,0
-637,-49,-1867,1502,3919,-6667,0,0
232,-228,-1702,2305,4259,-6620,0,0
398,-256,-1050,2897,3597,-6817,0,0
581,25,-157,3024,3487,-6825,0,0
409,459,759,2306,2256,-7050,0,0
992,706,967,2054,2288,-6365,0,0
943,442,919,1623,2497,-4931,0,0
518,-92,831,823,1188,-3837,0,0
139,-372,179,6,5,-2516,0,0
-1199,-219,-378,-26,-177,-1097,0,0
-1351,77,-729,2,-294,-379,0,0
-548,235,-851,-235,-105,63,0,0
97,283,-633,-460,178,180,0,0
28,416,-364,-444,47,255,0,0
-207,589,-73,-45,-198,253,0,0
237,553,185,790,-223,37,0,0
385,440,290,1419,745,-1239,0,0
511,460,280,1703,1653,-2850,0,0
163,29,370,2637,2146,-4778,0,0
-572,-252,305,3207,2705,-6143,0,0
-623,-569,724,3530,3082,-7299,0,0
-604,-877,1160,3970,3661,-8590,0,0
-72,-545,1203,3466,3307,-8706,0,0
1262,-118,1443,2821,2230,-7437,0,0
1768,21,1448,2263,737,-6335,0,0
945,103,761,1695,405,-5735,0,0
682,-184,-53,1610,1089,-3882,0,0
540,-710,-732,737,1206,-1976,0,0
-458,-700,-945,203,1582,-501,0,0
-1201,-288,-1116,106,1047,28,0,0
-1760,134,-950,374,82,-318,0,0
-516,551,-308,911,-19,-116,0,0
191,445,-15,562,-228,-246,0,0
-590,337,89,-24,-640,-778,0,0
194,304,249,-281,-473,-45,0,0
901,-47,661,-350,-371,-785,0,0
1366,-201,760,142,101,-3236,0,0
654,174,572,1973,1380,-3790,0,0
-322,479,441,2619,1991,-5316,0,0
-169,160,-198,1525,2090,-8361,0,0
-291,-112,-256,2259,2529,-7104,0,0
593,-477,161,3934,1504,-6996,0,0
293,-667,222,3990,-71,-8260,0,0
-550,-353,211,3039,835,-7832,0,0
380,-344,-122,1993,1375,-6948,0,0
638,-327,-267,1609,703,-5708,0,0
224,-73,-334,1392,622,-4098,0,0
-337,149,-552,464,656,-2380,0,0
-1181,337,-452,-246,708,-666,0,0
-878,501,-413,-942,907,-258,0,0
-343,495,-517,-1166,12,245,0,0
-463,531,-213,-672,-429,937,0,0
-102,494,-138,-203,-457,617,0,0
-134,363,-444,299,-688,232,0,0
-277,362,-522,779,-263,-263,0,0
221,415,-474,1823,881,-1476,0,0
-257,45,-533,2905,2211,-3893,0,0
-836,-144,-70,2888,2745,-5293,0,0
-291,-581,60,2544,2940,-5571,0,0
-758,-852,-96,2350,3042,-6622,0,0
-318,-533,-280,2874,2760,-7043,0,0
37,-276,-593,3138,3281,-8181,0,0
-603,94,-303,3020,4212,-9160,0,0
1529,401,489,3316,3815,-7140,0,0
2592,305,977,2874,1869,-5208,0,0
1314,-27,1041,2213,1087,-3857,0,0
385,-471,881,1499,1234,-2193,0,0
-13,-736,249,613,503,-119,0,0
-1162,-732,-315,-28,-3,615,0,0
-2058,-558,-611,-175,258,232,0,0
-1707,-325,-319,191,538,-119,0,0
-434,-200,-144,-47,587,-510,0,0
-236,-165,-54,-318,392,-425,0,0
-530,-64,268,-292,206,-264,0,0
-130,-43,628,-508,122,-624,0,0
252,-121,958,-615,462,-2173,0,0
146,191,1006,713,1111,-3688,0,0
846,609,517,1693,1571,-4899,0,0
185,613,-436,1692,2679,-6222,0,0
-1152,471,-788,1701,3897,-7030,0,0
518,157,-440,2375,3348,-7138,0,0
599,-349,-88,4261,2806,-6781,0,0
-625,-294,366,4212,2714,-7902,0,0
174,115,495,2714,3633,-7729,0,0
272,202,798,1422,3023,-5537,0,0
483,234,1036,585,1619,-4307,0,0
486,341,576,231,469,-2775,0,0
-215,300,-254,-41,305,-988,0,0
-864,149,-1249,-313,4,-401,0,0
-1337,170,-1800,-517,700,-833,0,0
-459,507,-1245,-130,1246,-296,0,0
757,755,-466,63,420,77,0,0
500,810,-133,196,-224,-43,0,0
448,850,47,260,-207,-4,0,0
728,663,341,1090,242,-477,0,0
900,446,636,1930,1578,-2072,0,0
1299,301,510,3148,1677,-2930,0,0
-51,-29,498,4034,1826,-4725,0,0
-663,-8,448,3634,2611,-6136,0,0
-706,-65,129,3860,3319,-6313,0,0
-612,-501,-63,3881,3365,-7209,0,0
-314,-327,22,3242,2065,-6828,0,0
60,35,-22,3251,1063,-5320,0,0
-4,29,-436,3083,1111,-4537,0,0
-478,37,-688,2417,2277,-4076,0,0
-274,75,-440,1846,2326,-2930,0,0
103,-42,-20,1190,1790,-2300,0,0
301,-269,282,1040,993,-1410,0,0
4,-498,408,962,759,-896,0,0
-132,-506,582,936,1234,-1283,0,0
112,-344,805,1520,942,-1327,0,0
-120,-169,811,1714,1296,-1824,0,0
-189,-27,786,2229,2030,-2432,0,0
16,-46,732,2340,2354,-3211,0,0
-355,59,789,1560,2183,-3782,0,0
394,123,600,1234,2223,-3801,0,0
701,27,131,840,1649,-3686,0,0
707,9,-234,1277,1511,-3005,0,0
1093,48,-683,1618,886,-2821,0,0
234,337,-982,1350,289,-2842,0,0
-179,403,-1117,1290,648,-2971,0,0
543,378,-1074,1451,927,-3161,0,0
751,334,-717,1664,669,-2897,0,0
539,327,-506,1890,548,-3649,0,0
-74,444,-519,2430,962,-3620,0,0
-510,254,-439,2119,1376,-2984,0,0
-325,-62,-49,1563,1479,-3041,0,0
280,-113,268,1587,1122,-2931,0,0
354,-23,225,1501,850,-3090,0,0
76,120,-37,1234,947,-3838,0,0
-3,301,-318,1307,1146,-3733,0,0
-88,135,-462,1353,1234,-3745,0,0
143,-94,-418,1382,1369,-4015,0,0
845,-173,-345,1129,1183,-3652,0,0
609,-281,-403,819,1116,-3287,0,0
435,-278,-594,866,1313,-3131,0,0
295,-186,-700,1070,1218,-3173,0,0
-257,-88,-631,1766,1249,-3181,0,0
-516,-169,-406,2573,1549,-3692,0,0
-511,-201,68,2640,1548,-3921,0,0
-6,-242,460,3165,1322,-3611,0,0
401,-304,383,3115,1203,-3689,0,0
-292,-172,144,2209,1171,-3429,0,0
-706,21,256,1747,814,-2422,0,0
-287,-41,501,1751,748,-2036,0,0
39,-207,505,1766,828,-2822,0,0
-239,-169,181,1705,1187,-3308,0,0
-602,-18,-143,1660,1554,-3199,0,0
-534,113,-295,1814,1309,-2791,0,0
-160,202,-278,2107,1544,-2688,0,0
142,159,-157,2072,1574,-3379,0,0
-656,116,-147,1250,865,-5143,0,0
8,155,-254,1379,1676,-3941,0,0
1047,-324,274,1883,1750,-1982,0,0
193,-666,848,1911,1390,-2937,0,0
-188,-471,682,1862,1127,-3671,0,0
-204,-64,307,1537,1102,-3500,0,0
-395,136,82,1241,1274,-3069,0,0
-462,10,86,1064,1260,-3071,0,0
-201,-182,61,1230,1303,-3713,0,0
-21,-236,-84,1610,1527,-3639,0,0
-86,-222,-17,1698,1740,-3538,0,0
28,-164,256,1673,1428,-3245,0,0
-3,-151,411,1460,1365,-3127,0,0
-147,-100,380,1398,1548,-3183,0,0
-210,-46,286,1471,1402,-3161,0,0
-347,-89,246,1396,1554,-3236,0,0
-222,-150,254,1370,1659,-3307,0,0
-63,-153,265,1373,1564,-3240,0,0
-80,-87,213,1427,1584,-3410,0,0
-60,29,113,1401,1532,-3274,0,0
-82,73,72,1351,1480,-3173,0,0
-67,54,60,1437,1555,-3215,0,0
-93,27,1,1376,1612,-3305,0,0
-85,59,-108,1352,1791,-3278,0,0
-12,93,-191,1410,1576,-3228,0,0
27,112,-272,1459,1622,-3316,0,0
118,140,-346,1474,1732,-3390,0,0
213,158,-405,1460,1672,-3242,0,0
243,119,-439,1496,1667,-3162,0,0
257,69,-447,1463,1569,-3263,0,0
225,60,-467,1409,1537,-3184,0,0
194,104,-488,1398,1603,-3173,0,0
136,184,-498,1369,1567,-3253,0,0
135,222,-498,1390,1581,-3336,0,0
154,206,-487,1425,1471,-3448,0,0
175,182,-458,1528,1601,-3452,0,0
