-625,-115,59,2585,1978,-1596,0,0
-589,12,7,2457,1908,-1649,0,0
-837,161,-41,2524,2040,-1603,0,0
-651,170,-52,2724,2180,-1314,0,0
-298,33,-86,2689,2120,-1604,0,0
-367,21,-128,2544,2346,-1993,0,0
274,118,-143,2562,2439,-1990,0,0
1034,180,-154,2463,2514,-1893,0,0
2877,190,-139,2393,2903,-1761,0,0
4775,-26,25,2381,1484,-2831,0,0
3071,24,159,2489,433,-3435,0,0
850,218,178,2796,1090,-3143,0,0
-657,209,189,2869,1052,-2914,0,0
-2910,183,107,2704,906,-2712,0,0
-3963,103,-65,2512,2232,-2244,0,0
-3209,76,35,2567,2557,-1528,0,0
-2158,97,163,2720,2345,-697,0,0
-1215,-37,188,2690,2719,-599,0,0
-303,-60,207,2633,2508,-741,0,0
193,-109,212,2615,2167,-1152,0,0
645,-32,242,2701,2304,-1773,0,0
704,145,281,2800,2155,-1838,0,0
612,279,148,2907,2063,-1715,0,0
760,263,38,3044,2158,-1715,0,0
931,126,97,2980,1839,-1781,0,0
771,-4,151,2835,1439,-1774,0,0
595,-65,120,2701,1209,-1752,0,0
309,-24,-15,2685,1162,-1609,0,0
89,0,-215,2641,1120,-1508,0,0
-51,-47,-373,2570,1160,-1493,0,0
-136,-57,-592,2318,1145,-1381,0,0
-155,38,-910,1539,1418,-1272,0,0
-50,124,-1008,846,1408,-1428,0,0
-92,79,-660,1107,1208,-1683,0,0
-323,140,-464,2177,2087,-1897,0,0
-226,258,-520,3773,3948,-2374,0,0
335,94,-90,5050,4259,-3437,0,0
556,-208,687,6010,3501,-4193,0,0
885,-226,1121,5613,3020,-3420,0,0
950,-301,1114,4851,2153,-2745,0,0
804,-285,771,3847,1301,-2508,0,0
322,23,211,2450,-1,-1579,0,0
-569,588,-477,900,-520,-341,0,0
-395,972,-909,-377,396,528,0,0
327,818,-734,-1175,535,775,0,0
158,493,-651,-966,206,-1,0,0
-11,381,-429,10,79,-735,0,0
11,224,0,1383,383,-902,0,0
271,62,172,2341,1215,-1198,0,0
244,91,-132,3050,3740,-1840,0,0
242,37,-113,2706,5048,-2043,0,0
-400,-276,415,3730,3708,-2298,0,0
-375,-365,362,4066,3365,-2528,0,0
-147,-219,188,4083,3148,-2575,0,0
-669,-208,-1,4600,5119,-2849,0,0
-244,-357,102,4924,5362,-3350,0,0
-402,-526,420,5226,5503,-3723,0,0
-236,-756,780,5294,5336,-4046,0,0
48,-901,1203,5538,4700,-3623,0,0
322,-1120,1551,5151,3334,-3819,0,0
395,-998,1493,4693,2439,-3694,0,0
183,-746,1094,3529,2124,-3790,0,0
-39,-468,455,2102,901,-3386,0,0
-94,-37,-115,-2160,570,-1502,0,0
479,162,3,-2046,423,214,0,0
824,210,39,-2187,-1492,964,0,0
-91,395,-794,-922,-497,1018,0,0
-170,496,-1350,-129,96,426,0,0
-71,622,-1061,191,-355,321,0,0
32,602,-547,684,-507,551,0,0
109,369,-104,1317,-762,191,0,0
117,107,400,1863,-493,-2720,0,0
-161,-163,951,2584,-132,-1578,0,0
-798,-347,967,4066,1494,-2303,0,0
-504,-358,357,3913,2490,-3082,0,0
-667,-293,-175,4483,1494,-4129,0,0
-1167,-305,-501,4827,2922,-4495,0,0
-170,-267,-525,4359,2236,-4348,0,0
-378,-33,-600,4291,3366,-3029,0,0
3,-133,-329,4543,3416,-3580,0,0
423,-74,35,5187,2697,-4465,0,0
122,34,211,5984,3729,-4455,0,0
787,-151,629,5830,3439,-4913,0,0
1051,-123,910,5301,2467,-4273,0,0
982,-109,937,4405,1963,-3599,0,0
985,-111,732,3569,1187,-3108,0,0
678,-31,322,2793,900,-1992,0,0
-44,92,-190,1581,545,-698,0,0
-899,239,-876,792,927,169,0,0
-474,133,-1304,187,1301,-110,0,0
-43,48,-987,-238,846,-326,0,0
-243,146,-572,-257,849,-158,0,0
249,285,-212,-16,253,-639,0,0
348,554,108,-32,-447,-508,0,0
365,696,419,-38,-330,-75,0,0
822,564,775,167,-567,-420,0,0
827,371,954,1027,-735,-1042,0,0
496,125,892,2927,-288,-1440,0,0
-2,31,225,4322,660,-2028,0,0
-97,55,-646,4300,1126,-3470,0,0
-902,-46,-359,5368,1117,-3604,0,0
-923,-158,47,6295,818,-2833,0,0
-735,-69,-1,5693,1939,-2613,0,0
-283,-152,-314,4610,4410,-4736,0,0
-200,6,-14,5215,3751,-4824,0,0
-724,-126,596,6003,4056,-3578,0,0
108,-494,950,5145,3012,-3765,0,0
71,-409,821,4227,2789,-3258,0,0
343,-390,624,3674,2355,-3544,0,0
338,-252,409,3789,1897,-2960,0,0
150,-340,209,3881,2096,-2710,0,0
147,-482,26,3815,1406,-3263,0,0
-259,-504,-400,3713,632,-3115,0,0
-378,-645,-691,1140,227,-1557,0,0
-223,-529,-225,-1155,-985,454,0,0
259,-150,134,-816,-1382,851,0,0
431,448,-538,-1126,-133,538,0,0
100,796,-887,-929,-220,730,0,0
-213,673,-759,-165,-1108,220,0,0
-687,428,-520,902,-885,109,0,0
-528,-74,-179,1755,-982,-413,0,0
-833,-507,-3,2834,-270,-1977,0,0
-1983,-438,-157,4093,1712,-3148,0,0
-1471,-254,-414,3580,3821,-3303,0,0
-359,-283,-406,3353,2776,-4386,0,0
-340,-238,-15,3461,1939,-3721,0,0
56,-383,411,3913,1720,-3023,0,0
927,-2248,-17,3436,1857,-2739,0,0
662,47,-380,3026,2526,-2922,0,0
376,106,-528,3331,2741,-3700,0,0
194,97,-357,3979,2727,-3563,0,0
-182,-39,-114,4623,3552,-3874,0,0
16,-17,78,4598,3765,-4748,0,0
244,57,420,4833,3626,-4648,0,0
418,11,828,4864,3205,-4442,0,0
828,-58,1026,4452,2614,-4334,0,0
905,-80,1063,4187,2711,-3780,0,0
1370,-86,999,3345,2040,-3288,0,0
1341,-62,728,2661,1004,-2522,0,0
506,-43,237,2319,633,-1429,0,0
6,126,-315,1516,129,-551,0,0
-166,385,-742,759,-141,-161,0,0
-32,517,-732,53,795,-212,0,0
224,627,-387,-735,534,74,0,0
13,765,-149,-764,196,402,0,0
64,806,-111,-484,20,144,0,0
168,806,-108,-513,-218,-22,0,0
198,688,7,-209,-255,-372,0,0
522,383,268,836,-303,-895,0,0
651,46,352,2277,-582,-1595,0,0
181,-18,-129,4231,117,-1999,0,0
62,112,-1092,4544,1833,-3018,0,0
-132,-5,-1044,5151,663,-3650,0,0
-1388,-162,-460,6380,1353,-2875,0,0
-704,-169,-76,5364,883,-2437,0,0
-1079,-79,-44,4298,1839,-2756,0,0
-1281,70,-150,4202,3756,-2983,0,0
-866,257,-31,4775,4667,-3115,0,0
-840,198,162,5744,4720,-3506,0,0
-582,-97,521,6274,4734,-3690,0,0
74,-508,1010,6048,3606,-3577,0,0
133,-862,1418,5877,3387,-2809,0,0
547,-1219,1667,5201,2582,-2717,0,0
505,-1276,1518,4201,1419,-2749,0,0
339,-1153,1082,3214,1326,-3186,0,0
392,-957,563,2084,386,-3259,0,0
-306,-771,105,451,-520,-1635,0,0
-465,-605,47,-965,-669,181,0,0
183,-415,258,-1232,-1212,946,0,0
77,18,-256,-1094,-1306,818,0,0
-207,592,-1000,-860,-376,619,0,0
-172,864,-1131,-2680,-312,561,0,0
-137,893,-1014,-96,-501,-9,0,0
-94,764,-824,914,-377,-302,0,0
-217,302,-345,2623,-17,-1163,0,0
-776,-79,-187,4157,919,-2797,0,0
-1242,69,-506,4143,2239,-3165,0,0
-1025,124,-603,4681,2153,-3551,0,0
-617,22,-501,4285,1511,-3439,0,0
-525,-174,-73,3770,1285,-2751,0,0
218,-275,0,3291,2107,-2685,0,0
694,-113,22,2654,1860,-2829,0,0
128,98,-104,3230,2101,-2738,0,0
139,227,-425,3754,2250,-2854,0,0
4,206,-664,4285,2986,-3054,0,0
-75,28,-611,4613,4080,-3603,0,0
85,-163,-58,4994,3360,-3975,0,0
187,-125,307,5133,3462,-4063,0,0
565,-47,620,4869,3371,-3766,0,0
542,-56,961,4592,2949,-3786,0,0
782,-69,1147,4345,2352,-3490,0,0
909,-106,1069,4193,2017,-3283,0,0
959,-102,818,3684,1396,-2897,0,0
580,-71,416,2997,477,-2067,0,0
-185,-22,-105,2114,320,-1013,0,0
-294,94,-425,679,136,126,0,0
-202,165,-353,-321,27,784,0,0
-330,203,-163,-719,208,701,0,0
-577,317,-63,-589,-218,558,0,0
-763,413,-36,-293,-131,272,0,0
-546,475,-48,-345,-299,-28,0,0
-345,528,-57,-262,-272,-276,0,0
154,374,105,559,13,-1071,0,0
272,113,164,2388,645,-2109,0,0
309,179,-477,4023,1181,-2609,0,0
-246,641,-1615,5288,3369,-3025,0,0
-348,597,-1735,5708,2785,-3385,0,0
-792,59,-659,5592,1897,-2403,0,0
-258,-232,-245,4915,1318,-2386,0,0
-261,-263,-74,4214,2080,-2325,0,0
-71,-353,-54,3801,2645,-2920,0,0
-1,-258,0,3474,3876,-2776,0,0
89,-241,295,3526,4396,-2584,0,0
143,-211,434,3912,4386,-2704,0,0
508,-193,473,3835,4437,-2832,0,0
573,-229,561,3637,4076,-2789,0,0
363,-235,563,3394,3959,-2416,0,0
420,-299,576,3097,3133,-2000,0,0
273,-402,481,2748,2235,-1885,0,0
87,-469,361,2482,994,-1918,0,0
-270,-705,495,3075,245,-2427,0,0
97,-1183,873,4271,-110,-4131,0,0
385,-1187,1107,4159,-492,-4146,0,0
246,-848,1021,3343,-9,-3312,0,0
87,-329,323,2105,1160,-2146,0,0
494,96,-328,43,56,-888,0,0
-98,475,-346,-1269,-1067,490,0,0
-16,536,-204,-1071,-1149,1200,0,0
523,483,-508,-920,-1599,873,0,0
-164,667,-958,-521,-1164,665,0,0
-385,776,-1031,228,-704,-4,0,0
-741,699,-879,1866,-190,-935,0,0
-1423,628,-1131,3754,544,-2238,0,0
-1801,650,-1373,4917,2446,-3275,0,0
-1069,254,-841,5165,3492,-4113,0,0
-315,-2408,-28,4253,2378,-4113,0,0
-478,-415,428,3823,2049,-2895,0,0
-110,-14,387,3634,1994,-2072,0,0
186,212,138,3347,2838,-2296,0,0
395,366,-265,2747,3514,-2519,0,0
363,333,-333,3482,2814,-2556,0,0
122,274,-505,4449,3053,-2645,0,0
-256,108,-434,5173,4149,-2445,0,0
-108,-270,269,6074,5129,-3399,0,0
912,-496,1178,5696,3852,-3853,0,0
870,-560,1650,5100,3792,-3520,0,0
1137,-609,1821,4258,2944,-3307,0,0
1321,-478,1548,3258,1880,-2525,0,0
1019,-329,814,2387,1053,-1656,0,0
263,-27,-198,1568,-113,-912,0,0
-1001,636,-1399,1062,144,-296,0,0
-792,1098,-2014,269,966,81,0,0
-272,919,-1530,-191,315,422,0,0
-761,598,-1023,5,682,182,0,0
-624,337,-732,257,582,-222,0,0
-369,304,-421,224,-24,-133,0,0
-471,382,-152,88,-129,113,0,0
-83,324,220,174,-256,-535,0,0
451,311,595,864,-321,-1094,0,0
382,223,765,3047,507,-1866,0,0
127,391,252,4929,1463,-2020,0,0
-430,893,-2816,5667,3639,-1732,0,0
-536,662,-883,5143,3441,-1628,0,0
-914,-49,-98,4985,2331,-1485,0,0
-615,-121,107,4123,1939,-1176,0,0
-1100,154,6,4121,3460,-1653,0,0
-770,461,-156,4411,5806,-1573,0,0
-185,393,5,4334,6058,-640,0,0
-418,-102,185,4709,5243,-834,0,0
-178,-541,368,5124,4944,-1069,0,0
260,-933,688,4881,4029,-1024,0,0
436,-1302,981,4780,3567,-1424,0,0
453,-1502,1155,5472,3039,-1660,0,0
899,-1694,1285,5146,2404,-2452,0,0
1479,-1356,1199,4112,228,-3737,0,0
-77,-192,697,3273,884,-2167,0,0
-399,318,649,2068,1983,-1711,0,0
624,236,711,357,-564,-1222,0,0
673,92,401,-678,-2345,254,0,0
210,-80,-294,-1593,-1055,534,0,0
416,6,-932,-2206,-221,163,0,0
593,152,-1460,-1456,-779,503,0,0
142,52,-1576,-333,-817,552,0,0
-572,-196,-1242,1006,-960,389,0,0
-1401,-354,-1101,2986,1148,-723,0,0
-2030,-261,-1053,4868,3355,-2112,0,0
-2041,-74,-1059,4996,5872,-3114,0,0
-463,-171,-642,3843,3034,-4138,0,0
-881,-31,-565,4268,3238,-2840,0,0
-445,-50,-452,2830,3725,-1811,0,0
45,-134,29,1969,1916,-1826,0,0
73,-46,164,2360,1908,-1838,0,0
293,175,177,2353,2267,-1570,0,0
404,306,94,2640,2364,-1381,0,0
430,322,-44,2946,2917,-1609,0,0
330,156,-113,3312,3386,-1852,0,0
190,-175,-166,3961,3881,-2275,0,0
351,-452,-165,4247,4390,-3024,0,0
154,-449,-61,4317,5085,-3342,0,0
13,-361,321,4637,5097,-3574,0,0
164,-170,802,4761,5108,-3118,0,0
702,-233,1145,4433,4587,-2851,0,0
872,-293,1268,4201,4229,-2735,0,0
1539,-348,1278,3631,2728,-2182,0,0
1671,-501,884,2567,843,-1727,0,0
1393,-445,211,1525,-12,-789,0,0
439,-225,-328,852,543,321,0,0
-163,-240,-237,203,342,558,0,0
41,-121,207,100,335,279,0,0
114,209,330,-151,238,144,0,0
75,554,334,-481,80,57,0,0
148,800,320,-526,-171,43,0,0
72,867,266,-541,-263,-70,0,0
188,692,332,-263,-259,-425,0,0
450,411,428,911,-234,-1224,0,0
249,290,370,2843,-224,-1979,0,0
98,619,-126,5149,-327,-2930,0,0
-513,969,-905,5738,236,-3419,0,0
-804,704,-1038,5889,1790,-3312,0,0
-509,351,-769,5265,2629,-2460,0,0
-597,85,-86,4740,2601,-2022,0,0
-887,123,117,4535,2280,-1991,0,0
-1191,283,-74,4553,2553,-1465,0,0
-1256,338,-367,4567,2190,-1343,0,0
-2215,478,-1035,4721,2511,-666,0,0
-1572,488,-1107,4608,7343,-912,0,0
508,265,-92,4911,6230,-1104,0,0
-318,-149,576,5183,6379,-1300,0,0
733,-659,1065,5430,4889,-1567,0,0
856,-1140,1300,5682,2762,-1726,0,0
445,-1690,1156,5103,2583,-2645,0,0
899,-1991,1135,3239,1292,-2952,0,0
1340,-2201,1346,1401,-662,-2497,0,0
988,-1991,1235,138,-1486,-1069,0,0
361,-1336,287,-548,-1170,-248,0,0
269,-459,-825,-972,-1086,303,0,0
-300,259,-1218,-1770,-642,1893,0,0
-149,556,-1317,-1682,-1427,1043,0,0
-290,908,-1755,-563,-998,700,0,0
-501,1028,-2271,10,-98,248,0,0
-393,822,-2099,1138,266,-625,0,0
-175,154,-1300,2741,1246,-2392,0,0
-591,-134,-476,4563,2138,-3401,0,0
-835,-98,-295,5575,4570,-2978,0,0
302,-194,-225,4311,3636,-4092,0,0
197,-350,315,3707,3062,-3366,0,0
517,-750,1040,3056,2141,-3406,0,0
683,-492,1058,2904,2157,-3061,0,0
500,-37,809,2811,2477,-2548,0,0
511,182,528,3117,2057,-3221,0,0
361,351,192,3646,1539,-3642,0,0
335,416,25,4818,1729,-4181,0,0
549,295,-40,5319,2389,-4884,0,0
845,132,184,5549,3791,-5418,0,0
1024,0,646,5352,3383,-5320,0,0
997,-108,937,4801,3118,-5055,0,0
1255,62,1102,4084,1788,-3859,0,0
612,257,996,3377,553,-1923,0,0
745,428,605,2415,118,-464,0,0
661,686,19,1473,-1041,-369,0,0
-748,961,-768,699,-814,-267,0,0
-1492,1208,-895,399,640,3,0,0
20,1268,-401,-34,1026,-326,0,0
772,1078,27,-270,41,-497,0,0
901,698,280,-237,-184,-569,0,0
678,222,448,-284,-147,-355,0,0
470,-126,584,-403,210,-215,0,0
733,-376,809,492,-369,-700,0,0
468,-508,832,2080,-939,-1780,0,0
297,-175,342,4251,-1222,-2220,0,0
-125,407,-641,4781,-476,-2262,0,0
-681,459,-813,4964,358,-2204,0,0
-871,206,-649,5757,565,-2495,0,0
-602,274,-609,5790,732,-2700,0,0
-586,171,-563,5850,1120,-2847,0,0
-559,-222,-430,5765,1498,-3065,0,0
-471,-524,-218,5417,1948,-2921,0,0
-465,-722,243,5323,2000,-3210,0,0
-753,-739,690,5200,2174,-2912,0,0
-959,-780,843,4743,1974,-3141,0,0
-1795,-901,869,4891,2292,-3473,0,0
-1186,-1087,873,5010,2521,-3865,0,0
360,-1219,899,4671,1126,-4212,0,0
139,-1194,765,4313,802,-4203,0,0
166,-1021,627,3169,721,-3800,0,0
421,-725,608,1694,-536,-2699,0,0
-465,-258,377,328,-429,-920,0,0
-463,106,-24,-1220,344,65,0,0
213,513,-259,-1637,76,486,0,0
426,894,-519,-677,-390,859,0,0
263,981,-816,-234,-337,621,0,0
83,757,-796,-231,-707,183,0,0
176,542,-609,584,-475,243,0,0
444,362,-363,999,-439,-491,0,0
158,387,56,2603,-186,-1590,0,0
-307,517,98,4623,265,-2183,0,0
-336,441,-316,5059,-266,-3110,0,0
-705,105,-629,5271,-11,-4503,0,0
-590,15,-224,4649,856,-3592,0,0
-155,134,109,4208,1557,-2153,0,0
105,317,-123,3649,967,-2401,0,0
-240,491,-375,4225,1139,-2297,0,0
-15,515,-595,4609,1334,-2444,0,0
-123,422,-791,4747,1620,-2360,0,0
-200,242,-752,5117,1981,-2547,0,0
1,154,-505,5201,1851,-2758,0,0
-248,66,-177,5834,2085,-2647,0,0
-193,-72,250,5787,2468,-2690,0,0
416,-247,777,5771,2303,-2968,0,0
621,-416,1217,5597,2278,-2969,0,0
961,-511,1392,4987,2220,-2933,0,0
1147,-462,1210,4246,1535,-2830,0,0
644,-338,629,3520,885,-2362,0,0
96,-241,-258,2674,440,-1526,0,0
-621,-161,-1436,1009,-120,-626,0,0
-1233,60,-2176,-737,914,141,0,0
60,162,-1459,-350,262,488,0,0
250,156,-638,460,-989,538,0,0
-708,289,-480,457,117,688,0,0
-425,406,-308,-164,219,442,0,0
-164,688,-203,-874,-268,-39,0,0
-541,794,-184,-353,-289,-149,0,0
-69,419,128,1447,-61,-964,0,0
234,173,275,3827,116,-1719,0,0
93,489,-557,3885,2276,-1948,0,0
-14,401,-1367,4163,3663,-2613,0,0
-1135,-22,-1026,5957,3148,-2459,0,0
-871,-144,-169,5991,2179,-1377,0,0
-171,74,-164,4127,1526,-1589,0,0
-1028,375,-216,4018,3713,-1428,0,0
-795,595,22,4387,4970,-916,0,0
-143,417,254,4807,3763,-1372,0,0
-213,139,111,5060,5485,-1224,0,0
290,-441,336,4835,5131,-1378,0,0
3,-974,1002,5376,3810,-1455,0,0
236,-1271,1580,5273,3121,-1695,0,0
361,-1468,1855,5350,2153,-2006,0,0
158,-1937,1992,5555,1464,-2797,0,0
-687,-2915,2315,6089,317,-4381,0,0
-1698,-3044,2013,4434,835,-4666,0,0
-455,-1877,1338,2140,2486,-2661,0,0
1603,-462,882,-406,425,-132,0,0
454,176,124,-1610,-404,248,0,0
-9,613,-409,-1948,289,11,0,0
830,1028,-676,-1425,-371,1176,0,0
889,1018,-1239,-794,-527,673,0,0
762,1039,-1889,-502,368,-280,0,0
1054,992,-1868,247,257,270,0,0
1115,442,-1342,1232,-491,-425,0,0
766,183,-522,2016,-430,-848,0,0
871,90,213,3280,-178,-1158,0,0
246,101,32,4567,250,-2772,0,0
-1197,531,-846,5474,1149,-3649,0,0
-1541,413,-1189,5300,1296,-3493,0,0
-783,-453,-197,5137,1062,-3654,0,0
-51,-666,317,4054,1299,-2921,0,0
249,-374,242,3700,1719,-2782,0,0
-77,-78,74,4434,2013,-3646,0,0
55,154,-97,5044,1961,-3843,0,0
190,69,-164,5565,2245,-4125,0,0
19,-64,99,5579,2588,-4442,0,0
178,-79,562,5451,2356,-3661,0,0
582,-244,832,5215,1661,-3656,0,0
582,-305,849,4698,1996,-3896,0,0
857,-171,806,4121,1456,-3411,0,0
588,12,540,3453,382,-2359,0,0
-493,152,130,2474,83,-962,0,0
-1052,420,-263,1116,-130,-2064,0,0
-1153,721,-666,-28,-435,407,0,0
-702,782,-791,-601,233,220,0,0
-200,740,-731,-878,383,100,0,0
-71,639,-802,-500,889,672,0,0
540,262,-659,-217,542,276,0,0
856,212,-494,-41,529,-108,0,0
1015,272,-304,540,624,-596,0,0
813,288,-124,1456,412,-1108,0,0
591,256,-202,3490,215,-1930,0,0
11,370,-898,4223,1435,-2900,0,0
-124,317,-1082,3705,2405,-2729,0,0
-394,-121,-535,5564,2393,-2683,0,0
-259,-187,-662,5222,2638,-2470,0,0
-153,-276,-509,5298,1978,-2533,0,0
-274,-301,-383,5351,2312,-2929,0,0
-686,-206,-18,5541,2937,-2069,0,0
-1000,-360,521,6117,4378,-2165,0,0
-244,-510,1261,5810,4665,-3189,0,0
-111,-593,1611,5469,3755,-4033,0,0
-229,-905,1653,4880,3612,-3737,0,0
8,-1529,1708,3993,2543,-3866,0,0
116,-1825,1591,3783,1589,-4123,0,0
-114,-1634,1342,3084,981,-2948,0,0
27,-1245,657,2194,306,-2747,0,0
-136,-591,-233,1445,-102,-2712,0,0
-474,135,-725,265,336,-1186,0,0
111,274,-662,-657,585,450,0,0
374,63,-383,-967,9,789,0,0
251,222,-431,-329,-239,298,0,0
342,570,-708,-49,-174,-132,0,0
662,839,-659,31,-504,38,0,0
1048,878,-325,658,-391,19,0,0
1079,771,63,1261,-41,-578,0,0
556,629,376,3068,154,-1488,0,0
-55,372,140,4267,551,-2362,0,0
-173,252,-398,4327,1434,-3074,0,0
-435,273,-696,3961,1820,-2966,0,0
-855,89,-842,4180,518,-3015,0,0
-665,-253,-1164,4246,120,-3506,0,0
-180,-644,-956,3544,535,-3775,0,0
-184,-655,-842,2875,1244,-3211,0,0
-176,-423,-985,2760,2103,-3233,0,0
-175,-101,-1095,3566,3436,-4301,0,0
-301,290,-1092,4157,3802,-4894,0,0
-424,489,-653,4708,3882,-4916,0,0
-10,493,-100,4809,3239,-4715,0,0
130,540,453,4905,2558,-4117,0,0
192,642,840,4410,2507,-3180,0,0
245,728,1066,3776,2882,-2289,0,0
466,796,1297,3318,2580,-1837,0,0
150,839,1473,3204,2385,-1158,0,0
-134,486,1320,2963,2318,-1247,0,0
-168,192,671,1842,1471,-1397,0,0
-182,137,-145,996,1021,-1103,0,0
-123,192,-855,179,959,-856,0,0
-25,433,-1277,-271,1318,-449,0,0
190,369,-990,531,1959,-704,0,0
493,213,-442,96,1396,-482,0,0
901,215,176,-104,385,54,0,0
937,82,702,273,-55,395,0,0
1034,-172,1123,532,-279,456,0,0
1263,-390,1123,1665,-1416,-585,0,0
468,-354,269,2906,-1094,-1324,0,0
-249,-357,-368,3550,-281,-1489,0,0
-667,-364,-682,4435,748,-2921,0,0
-831,-118,-567,5267,1774,-3410,0,0
-994,3,22,5282,1382,-2483,0,0
-694,27,263,4631,1022,-2597,0,0
-605,168,-3,4734,2087,-2735,0,0
-270,395,-276,4783,2932,-2734,0,0
-214,433,-287,5258,3049,-2172,0,0
-247,-8,-84,6139,3831,-2707,0,0
242,-434,109,5876,3749,-2993,0,0
424,-794,608,5561,3399,-3238,0,0
487,-958,1100,5044,2932,-2974,0,0
585,-1030,1308,4377,2825,-2431,0,0
635,-1069,1359,3650,2657,-2304,0,0
765,-746,1174,2287,1874,-1758,0,0
1309,-256,437,1706,-455,-3485,0,0
850,225,-253,2390,-1414,-4287,0,0
1071,346,-459,2052,-1513,-2342,0,0
778,56,-421,1034,-698,-447,0,0
-214,-228,-476,1054,-104,315,0,0
-347,-162,-806,-64,-216,22,0,0
109,3,-850,-875,-903,76,0,0
20,-81,-1130,-838,-1018,248,0,0
-87,-217,-1372,-334,-536,131,0,0
-232,-386,-1196,294,-59,149,0,0
-631,-546,-520,1364,183,-780,0,0
-547,-511,81,2921,1104,-1834,0,0
-381,-391,-88,3926,1443,-3309,0,0
-1241,181,-751,4474,2788,-4334,0,0
-1250,190,-454,4487,1791,-4048,0,0
-766,-413,143,4060,498,-4653,0,0
-288,-501,332,3376,910,-3581,0,0
-91,-367,224,3039,1344,-3110,0,0
-185,-215,-203,3021,2845,-4445,0,0
-163,-35,-307,3054,3066,-5333,0,0
-426,1,-101,3816,2828,-5285,0,0
-80,130,77,4363,2533,-5055,0,0
81,315,306,4351,2442,-4483,0,0
138,339,538,4174,2114,-4187,0,0
-131,318,627,4011,2127,-3975,0,0
-227,282,635,3821,2819,-3345,0,0
-54,124,694,3583,2394,-2769,0,0
77,-25,796,3013,2259,-2592,0,0
465,-88,844,2455,746,-1598,0,0
-30,-57,294,1769,221,-729,0,0
-529,231,-557,1121,1471,-410,0,0
-317,728,-973,60,1304,43,0,0
-369,1020,-687,-731,-291,41,0,0
-680,929,-741,-247,-214,256,0,0
24,706,-1125,-490,178,-30,0,0
231,679,-1213,-659,161,-292,0,0
-20,666,-1083,-359,428,-386,0,0
-88,513,-651,630,352,-610,0,0
-219,365,2,1871,643,-1099,0,0
-133,366,266,4103,1078,-1340,0,0
56,564,-485,4492,3742,-1923,0,0
330,474,-728,3865,3118,-2367,0,0
-631,157,-715,5618,4274,-1848,0,0
353,-70,-561,4781,3609,-1757,0,0
-234,-111,-193,4263,3430,-1444,0,0
-595,-405,232,4080,4065,-2350,0,0
-549,-376,396,4034,4624,-2101,0,0
-644,-401,362,4079,5871,-2020,0,0
-182,-447,546,4260,4900,-2469,0,0
-579,-566,779,5075,4897,-2204,0,0
23,-959,1175,4959,4851,-2612,0,0
789,-1281,1526,4554,3578,-2812,0,0
342,-1615,1759,4682,3419,-2952,0,0
-183,-1892,2024,4364,2706,-3214,0,0
-68,-1978,2025,3927,2034,-3737,0,0
548,-1439,1732,2400,1410,-3032,0,0
223,-498,1213,782,1232,-1191,0,0
539,-41,320,-661,1095,-928,0,0
926,150,-326,-1749,-846,95,0,0
96,135,-743,-1162,-859,1574,0,0
749,-40,-1008,-745,-375,488,0,0
692,211,-1076,-519,-58,-359,0,0
705,548,-1010,-288,-302,116,0,0
607,627,-695,221,-693,126,0,0
173,614,-179,1388,-446,-229,0,0
390,434,389,2613,-517,-3552,0,0
-34,483,681,4012,333,-2311,0,0
-2448,523,377,4317,-178,-2804,0,0
-1032,514,-350,5054,517,-3691,0,0
-1098,259,-583,4584,1203,-3762,0,0
-390,-141,-206,3977,1056,-3124,0,0
25,-259,-65,3487,778,-3208,0,0
-152,-185,-50,3440,971,-3086,0,0
-293,-132,-223,4152,1781,-3283,0,0
214,-26,-369,4583,1647,-3673,0,0
21,35,-418,4923,2147,-3973,0,0
227,-37,-207,5106,1875,-4613,0,0
312,-57,33,5172,1770,-4794,0,0
397,-48,225,5000,2323,-4486,0,0
524,-148,526,4696,2538,-4059,0,0
617,-233,646,4240,2146,-3786,0,0
392,-193,643,3832,1630,-3046,0,0
178,-256,440,3253,864,-2266,0,0
-76,-258,-107,2505,286,-1497,0,0
-266,-14,-700,1651,-261,-623,0,0
-567,288,-1183,1027,-74,-150,0,0
-665,512,-1312,321,869,14,0,0
-443,620,-878,-274,920,282,0,0
-474,569,-532,-389,660,352,0,0
-113,570,-430,-303,653,-2240,0,0
510,709,-338,-346,323,-466,0,0
1708,652,-20,-14,782,-223,0,0
3294,173,800,975,-679,-1182,0,0
2351,59,1209,2308,-1566,-1408,0,0
919,-62,1036,3740,-1627,-1225,0,0
-25,-156,-235,4225,-313,-3268,0,0
-705,118,-1315,4386,1505,-3922,0,0
-812,2,-1113,5922,2804,-3343,0,0
-613,-119,-541,5028,1924,-4027,0,0
-567,-149,117,4888,1439,-4273,0,0
-490,-223,329,4889,2018,-4249,0,0
-438,-155,355,4716,2606,-3830,0,0
-350,-230,639,5171,2855,-4357,0,0
-2200,-225,834,5047,2856,-4721,0,0
152,-213,924,4832,2363,-4371,0,0
-187,-329,1021,4639,1144,-4188,0,0
-1149,-484,986,4929,1707,-4071,0,0
-629,-633,1168,4552,2047,-3485,0,0
-12,-778,1252,3057,909,-2745,0,0
-883,-907,455,1320,298,-2510,0,0
-1641,-776,-729,-186,329,-1704,0,0
-881,-376,-1389,-1137,473,-568,0,0
57,-186,-1304,-634,-500,155,0,0
-59,-49,-1317,18,-432,137,0,0
625,145,-1227,340,503,-230,0,0
1595,259,-720,510,-143,-514,0,0
1619,475,-264,345,-664,-274,0,0
1267,557,136,848,-458,-63,0,0
730,501,411,1723,-351,-918,0,0
-204,498,740,3169,402,-1790,0,0
-494,386,1001,4069,926,-2270,0,0
-1189,496,653,3822,787,-3213,0,0
-1910,620,292,4094,1249,-2799,0,0
-1261,-50,417,4700,727,-3459,0,0
-273,-340,-11,3443,598,-4524,0,0
-581,-257,-344,3402,1249,-4149,0,0
-286,-353,-407,4283,1441,-4918,0,0
27,-177,-598,4471,2549,-5340,0,0
193,-63,-446,4751,2492,-5679,0,0
285,4,-28,5057,2327,-5241,0,0
748,69,362,4945,2148,-4552,0,0
1118,149,580,4492,1867,-4659,0,0
973,316,655,4105,1717,-3916,0,0
528,256,600,3764,1376,-2630,0,0
252,-29,312,2742,458,-2121,0,0
-82,-86,-45,2356,132,-1139,0,0
-539,71,-781,1645,284,-44,0,0
-987,138,-1290,463,963,-191,0,0
-947,139,-894,192,1461,-476,0,0
-2640,193,-230,-81,658,-485,0,0
-529,364,-173,-349,18,-299,0,0
-277,752,-381,-526,56,-497,0,0
346,1172,-272,-841,-229,20,0,0
711,1180,167,-559,-1573,322,0,0
225,952,278,791,-1261,183,0,0
-349,596,150,2510,3,-725,0,0
-315,233,-278,4928,1287,-3027,0,0
745,216,-1414,5915,5590,-4141,0,0
1620,-316,-1250,4619,2980,-3453,0,0
190,-1169,-924,5593,2461,-3566,0,0
692,-1279,-554,5196,1663,-2654,0,0
685,-1089,-261,4588,1827,-3178,0,0
76,-718,-70,4023,3727,-4474,0,0
-54,-328,287,3936,3457,-4732,0,0
-259,-289,640,4236,3486,-4953,0,0
-8,-296,1022,3923,3419,-4811,0,0
100,-319,1310,3936,3095,-4846,0,0
395,-313,1607,4341,2834,-5014,0,0
593,-336,1948,4115,2311,-4620,0,0
529,-572,2149,3498,1714,-4012,0,0
623,-635,2001,2039,544,-3121,0,0
320,-420,1259,563,-668,-1359,0,0
-1013,-81,143,-680,-651,-387,0,0
-659,527,-549,-1195,-250,-622,0,0
731,1079,-974,-1003,-247,501,0,0
489,1228,-1583,-745,433,473,0,0
764,985,-1780,-226,800,-246,0,0
764,713,-1379,271,-58,-17,0,0
841,648,-875,974,-418,-354,0,0
682,677,-165,1001,-1730,228,0,0
-492,444,490,3756,-1172,-369,0,0
-551,288,358,4043,1538,-2522,0,0
-629,520,172,4936,1900,-2968,0,0
-1117,451,2,5106,1803,-2723,0,0
-1394,57,-6,4871,-431,-3654,0,0
-630,-51,-584,5183,624,-4283,0,0
209,-38,-567,4549,302,-3153,0,0
-18,-287,-304,4830,328,-3139,0,0
-24,-322,-25,5335,1164,-3287,0,0
-78,-285,320,5540,1281,-3186,0,0
-263,-247,595,5768,1267,-4263,0,0
-306,22,1018,6404,782,-4223,0,0
-124,3,1374,6053,97,-3127,0,0
-624,-594,1389,5991,-1982,-3238,0,0
-1906,-776,573,4388,2041,-2738,0,0
65,-999,231,1910,3890,-3175,0,0
-628,-955,314,526,3114,-417,0,0
-914,-1079,-770,-375,1981,74,0,0
-780,-649,-1957,-117,1413,-979,0,0
-55,15,-2454,0,701,-347,0,0
-268,44,-1854,552,178,-119,0,0
-405,303,-966,1151,610,-240,0,0
311,508,-476,853,312,-555,0,0
401,599,-45,470,159,-1152,0,0
668,591,411,349,356,-1243,0,0
958,426,764,441,771,-1622,0,0
1408,430,1144,1183,622,-1571,0,0
1061,486,1347,2516,-84,-1195,0,0
129,346,767,3271,623,-2239,0,0
125,232,159,3269,1538,-3762,0,0
349,176,-41,4186,1862,-3365,0,0
203,117,-143,4580,704,-2996,0,0
-249,212,-48,5405,349,-3285,0,0
-493,374,-20,6341,1437,-3925,0,0
-235,452,-240,6690,2830,-4953,0,0
9,524,-355,6695,3489,-4969,0,0
17,17,122,6461,2591,-4618,0,0
225,-599,788,5949,1525,-4570,0,0
574,-753,1042,5122,1533,-3723,0,0
521,-750,1119,3915,2114,-3228,0,0
224,-753,1299,3390,1469,-3207,0,0
-59,-770,1370,3223,792,-3154,0,0
-147,-746,1308,2110,-17,-3168,0,0
-631,-662,778,519,-862,-2317,0,0
-1095,-558,-419,-751,-349,-1157,0,0
-493,-217,-1391,-1274,-250,-217,0,0
336,265,-1514,-500,-289,765,0,0
397,647,-1569,-241,7,578,0,0
426,936,-1483,100,158,332,0,0
841,865,-1281,108,-279,-283,0,0
1014,688,-940,366,-699,-139,0,0
1977,256,3039,597,-486,-1298,0,0
1895,149,2729,2339,-805,-1847,0,0
583,-71,1945,3101,2387,-2203,0,0
1216,-155,1655,2283,2434,-3212,0,0
1425,-84,1467,3036,1024,-2523,0,0
884,-74,892,3762,1062,-2906,0,0
503,87,330,4537,618,-2756,0,0
-369,152,-155,5275,767,-2796,0,0
-468,63,-383,6037,551,-3728,0,0
-683,55,-769,6595,872,-4681,0,0
-778,61,-585,6641,1812,-4318,0,0
-184,-455,427,6340,1744,-4234,0,0
-3,-711,1187,5602,1769,-3982,0,0
399,-622,1506,4455,352,-3435,0,0
185,-551,1232,3788,111,-3648,0,0
187,-380,659,3295,-606,-3936,0,0
-253,-217,40,2294,-819,-3421,0,0
-662,50,-463,373,-206,-1587,0,0
-376,144,-428,-991,175,186,0,0
-231,-100,-107,-638,-288,831,0,0
-178,-119,-334,532,338,636,0,0
267,8,-466,312,35,331,0,0
91,135,-125,135,-556,152,0,0
342,210,212,458,-590,-235,0,0
555,308,694,628,-1232,-265,0,0
566,173,1245,2225,-1868,-1176,0,0
342,170,1202,2655,-2222,-1748,0,0
-463,354,718,3703,-1416,-2173,0,0
-902,562,-38,4887,465,-3649,0,0
-1036,808,-322,4511,-367,-3489,0,0
-1551,633,-395,4384,-769,-3850,0,0
-686,453,-486,5061,21,-4469,0,0
221,570,-748,5466,-352,-4158,0,0
216,584,-1154,6452,335,-3594,0,0
621,214,-1176,7562,1167,-4055,0,0
511,-90,-622,7443,718,-3860,0,0
207,-265,315,6949,677,-3429,0,0
903,-366,912,5694,-33,-3322,0,0
572,-347,798,4459,573,-2505,0,0
270,-457,623,3273,773,-1516,0,0
-132,-470,358,2060,-158,-641,0,0
-713,-312,-198,1061,280,135,0,0
-371,-71,-296,-25,191,508,0,0
-355,113,65,156,141,259,0,0
-7,201,61,-165,452,-261,0,0
216,358,103,-646,402,-176,0,0
245,321,40,-611,240,-236,0,0
543,260,-97,-745,-161,-372,0,0
1247,268,-110,304,-1237,-909,0,0
1036,255,-32,2326,-987,-962,0,0
902,92,-81,4210,-2152,-1892,0,0
513,152,-911,5463,-996,-2630,0,0
347,99,-1322,5964,-511,-3517,0,0
-562,-54,-882,7173,-721,-3685,0,0
-916,-40,-434,6878,457,-3053,0,0
-311,-221,-117,5262,553,-3398,0,0
-328,-377,-146,5677,976,-3935,0,0
-511,-454,81,6144,907,-3785,0,0
-571,-679,465,6294,1079,-3486,0,0
-41,-956,909,5692,869,-3810,0,0
2,-1022,1148,4613,396,-4269,0,0
-236,-860,1032,3878,389,-3994,0,0
-155,-691,721,3686,299,-3855,0,0
-21,-467,285,3073,426,-3745,0,0
-131,-204,50,1792,-103,-2214,0,0
-1061,11,1,634,159,-571,0,0
-1132,111,185,-124,457,-305,0,0
-456,247,470,-318,-52,177,0,0
208,381,443,-46,-103,107,0,0
681,532,200,-179,146,-317,0,0
927,564,189,-96,156,-115,0,0
1171,372,310,-257,-61,-150,0,0
1230,188,592,507,-445,-471,0,0
792,113,769,1569,-1170,-879,0,0
368,178,611,3024,-1580,-1339,0,0
-90,346,100,4233,-2537,-2031,0,0
-872,457,-549,5160,-1744,-3192,0,0
-625,378,-538,4916,-1121,-3880,0,0
-272,249,-245,4226,-1540,-3572,0,0
-251,130,-393,4278,-865,-2919,0,0
-249,31,-874,4988,-716,-3261,0,0
-43,6,-1397,5990,-37,-4101,0,0
507,-164,-1351,6382,557,-4780,0,0
434,-363,-800,6711,600,-4943,0,0
443,-372,-160,6606,426,-4514,0,0
749,-203,215,5579,279,-3602,0,0
1030,-173,407,4718,-94,-3288,0,0
673,-86,477,4352,-166,-2999,0,0
324,50,270,3633,-240,-2102,0,0
-64,63,-76,2691,-252,-1118,0,0
-625,1,-414,1411,-332,-235,0,0
-722,2,-597,602,-184,117,0,0
-504,136,-260,267,427,282,0,0
-205,340,170,71,290,350,0,0
25,529,270,-457,252,30,0,0
-31,637,348,-522,560,-92,0,0
189,538,259,-629,602,-663,0,0
555,401,259,-294,-425,-1186,0,0
256,232,166,1373,-691,-1404,0,0
45,33,-381,4011,-559,-2208,0,0
516,35,-1351,5410,540,-3243,0,0
757,-122,-1358,5060,-309,-3001,0,0
-616,-443,-341,6673,-745,-2657,0,0
-143,-154,-38,5664,-1044,-2696,0,0
-428,151,-13,5480,637,-2444,0,0
-587,126,102,5650,1134,-3008,0,0
-513,202,313,5760,626,-3394,0,0
-581,240,283,6315,1757,-3784,0,0
-234,38,483,6335,1520,-3530,0,0
-209,-238,928,6552,814,-3899,0,0
164,-478,1256,5787,341,-3542,0,0
108,-841,1425,5233,-169,-3295,0,0
-145,-942,1341,4317,-329,-3272,0,0
-9,-855,1028,3025,-582,-2963,0,0
-317,-795,368,1557,-326,-2468,0,0
-432,-571,-122,-351,-335,-1355,0,0
-259,-121,-171,-1128,40,90,0,0
277,290,-304,-1415,243,787,0,0
719,428,-866,-836,-11,262,0,0
929,405,-1326,-180,212,-22,0,0
1000,324,-1200,28,-56,316,0,0
985,212,-816,1188,-194,507,0,0
670,262,-288,1622,-856,57,0,0
150,370,28,3536,-1583,-525,0,0
-533,448,-381,4607,-1420,-1876,0,0
-990,773,-726,5098,-849,-2055,0,0
-1544,482,-256,5678,609,-1562,0,0
-1464,-127,292,5070,349,-3332,0,0
-658,-51,222,4553,543,-3562,0,0
-533,-19,149,4709,684,-3524,0,0
-155,67,-68,4960,238,-3909,0,0
153,199,-298,5268,360,-3208,0,0
177,-2,-110,5768,-22,-3548,0,0
437,22,124,6266,-662,-4103,0,0
604,287,387,6541,-374,-3472,0,0
867,503,610,5898,-535,-3095,0,0
621,606,684,5586,-279,-2657,0,0
288,417,750,5358,-35,-1825,0,0
299,-158,863,4781,-139,-1772,0,0
134,-595,597,4252,185,-1837,0,0
9,-576,-11,2951,208,-1298,0,0
-141,-374,-570,1526,-121,-548,0,0
-216,-221,-958,453,-136,60,0,0
-369,-122,-605,-58,319,429,0,0
-289,31,18,104,240,350,0,0
-255,342,-60,-258,661,365,0,0
143,509,-105,-2624,381,-205,0,0
184,576,-61,-428,126,-480,0,0
393,506,4,85,-228,-434,0,0
572,431,-172,1655,-893,-991,0,0
844,495,-907,3179,-978,-941,0,0
688,217,-1211,4931,-2191,-1343,0,0
-508,-21,-1590,7054,-874,-1615,0,0
-94,-174,-1613,5016,471,-2030,0,0
706,-290,-1057,4562,1754,-2447,0,0
441,-254,-548,4579,1797,-2180,0,0
-2864,-337,196,4674,1,-1904,0,0
-1066,-244,416,4988,379,-1728,0,0
-738,-14,250,5068,954,-2192,0,0
-888,241,-185,5622,3537,-2501,0,0
-546,228,-86,5844,3000,-2615,0,0
-910,-87,243,6177,2873,-2950,0,0
-402,-394,667,6558,2843,-3112,0,0
245,-528,1118,6276,2250,-2916,0,0
876,-636,1612,6097,1927,-2980,0,0
997,-506,2026,5264,685,-2677,0,0
521,-404,2124,4012,-563,-2222,0,0
-89,-333,1760,2926,-901,-2126,0,0
-346,-183,1339,2094,-1472,-2302,0,0
-589,-220,770,1513,-402,-1022,0,0
-124,-519,121,-2832,254,-193,0,0
422,-527,-100,-1677,-308,432,0,0
307,-365,-334,-1448,-409,1035,0,0
-163,-85,-857,-1166,-320,1030,0,0
51,205,-1360,-401,-348,725,0,0
299,274,-1363,710,-628,226,0,0
109,69,-711,2381,-462,-366,0,0
-128,-98,322,3534,-1010,-977,0,0
-308,197,198,4070,306,-1699,0,0
65,690,-198,4440,-194,-2439,0,0
-2640,624,-327,5145,-77,-2271,0,0
-1222,168,-98,5053,-256,-3519,0,0
-418,-168,-262,4568,-598,-3255,0,0
-115,-622,-286,4935,-790,-3714,0,0
7,-554,-573,5250,33,-4508,0,0
3,-475,-834,5629,455,-3733,0,0
308,-696,-670,5764,401,-4427,0,0
621,-658,-337,5988,534,-5038,0,0
739,-424,24,5868,294,-4551,0,0
702,-305,443,5197,-513,-3811,0,0
356,-322,490,4405,79,-3472,0,0
324,-399,380,3990,84,-2787,0,0
137,-601,176,3244,299,-2247,0,0
-21,-763,-28,2591,176,-1800,0,0
-521,-570,-523,2001,340,-793,0,0
-1018,138,-1141,1131,612,-193,0,0
-1342,994,-1322,264,360,104,0,0
-947,1585,-1078,104,-286,89,0,0
-347,1687,-924,333,-101,224,0,0
-148,1523,-909,-35,372,-673,0,0
687,1349,-662,-182,610,-1153,0,0
1572,1089,-370,171,-38,-2205,0,0
2089,1125,209,1293,818,-1962,0,0
1973,600,819,3026,330,-526,0,0
1166,-110,272,4861,997,-1252,0,0
852,-591,-730,4505,1158,-3695,0,0
98,-342,-708,4856,1324,-2689,0,0
442,-426,-404,5279,894,-1876,0,0
72,-318,-80,4782,583,-1666,0,0
-193,-274,130,5157,542,-2009,0,0
-79,-250,219,5408,460,-2625,0,0
41,-301,91,5266,1240,-4354,0,0
-235,-134,276,5851,1909,-5005,0,0
-335,-164,910,6308,1644,-5078,0,0
-537,-277,1522,6179,700,-4593,0,0
-1264,-375,1634,5678,1075,-2853,0,0
-555,-820,1563,4746,1240,-2041,0,0
-50,-1086,1316,3827,744,-1801,0,0
253,-1129,1039,2917,398,-1960,0,0
-70,-832,360,1885,-793,-3506,0,0
-625,13,-609,844,-364,-2561,0,0
39,678,-1287,-197,-514,-499,0,0
346,1065,-1438,-643,-329,399,0,0
258,1256,-1407,-436,-797,476,0,0
-237,1241,-1631,-456,-599,299,0,0
-499,930,-1592,35,-121,274,0,0
-19,306,-1084,594,64,-159,0,0
518,-221,-86,1352,426,-1115,0,0
603,-386,642,2178,337,-1039,0,0
603,-664,587,3444,1323,-1899,0,0
277,-586,155,4483,2028,-3031,0,0
-224,-133,282,4845,2427,-2485,0,0
-130,-263,670,4607,1110,-3054,0,0
647,-269,483,4032,-441,-4266,0,0
268,72,-23,4336,-133,-3707,0,0
380,114,-191,4664,-722,-3967,0,0
242,330,-40,4592,-531,-3189,0,0
-154,318,-10,4238,165,-2345,0,0
-529,249,-92,4096,367,-2668,0,0
-1311,288,-223,4603,428,-2895,0,0
-1107,343,-204,5519,1274,-3243,0,0
-62,361,140,6255,809,-3596,0,0
176,466,566,6336,660,-3004,0,0
422,345,825,5565,510,-2526,0,0
531,103,741,4723,653,-2421,0,0
567,-134,652,3713,925,-2105,0,0
312,-262,541,2847,828,-1363,0,0
-245,-306,170,1966,1201,-594,0,0
-40,-344,-325,889,609,-367,0,0
-316,-96,-669,98,189,-392,0,0
-400,247,-498,49,843,-236,0,0
236,281,-279,-70,371,-173,0,0
-43,278,-136,-40,608,-224,0,0
200,251,201,235,501,-385,0,0
527,208,552,235,-299,-564,0,0
509,192,903,1014,-673,-903,0,0
866,51,967,2420,-1043,-1389,0,0
815,-28,454,3515,-1409,-1557,0,0
138,-143,-410,4422,-451,-2311,0,0
51,-167,-622,4932,-104,-2745,0,0
-265,-81,-420,6004,311,-2811,0,0
-110,5,-303,6664,219,-3030,0,0
-152,-21,-466,6531,114,-3346,0,0
-379,-122,-233,6152,426,-3159,0,0
-203,-322,84,6078,286,-3355,0,0
-81,-481,79,5954,553,-3873,0,0
141,-570,316,5532,776,-4048,0,0
262,-475,706,5269,346,-3954,0,0
81,-361,969,5058,426,-3602,0,0
252,-284,1191,4500,96,-3362,0,0
167,-225,1205,4002,-691,-2922,0,0
-163,-309,908,3326,-921,-2454,0,0
-644,-364,487,2045,-1081,-1693,0,0
-923,-198,108,513,-1041,-1240,0,0
-684,210,-241,-338,-70,-890,0,0
-152,580,-400,-1054,399,614,0,0
-54,634,-442,-157,231,887,0,0
312,510,-943,328,465,-773,0,0
558,688,-874,484,825,-549,0,0
900,604,85,452,-569,-365,0,0
839,574,1129,1186,-1240,-616,0,0
501,463,1509,2773,-914,-169,0,0
377,249,1061,3520,-821,-590,0,0
99,173,167,4386,-1341,-1605,0,0
-1422,194,-715,4334,-876,-2341,0,0
-2059,-136,-789,4838,-917,-2974,0,0
-1354,-466,-662,5059,-1032,-4322,0,0
-1365,-232,-488,4724,-213,-3653,0,0
-990,31,-330,5228,104,-2426,0,0
-29,94,-403,5466,-292,-2481,0,0
490,-49,-379,6040,-220,-3263,0,0
946,-183,-336,6235,-141,-4103,0,0
880,-58,-17,6518,-229,-3836,0,0
537,-34,451,6469,-352,-3306,0,0
962,-111,838,5976,-270,-3538,0,0
1320,-127,888,5296,-378,-3608,0,0
967,-267,659,4839,-308,-3390,0,0
868,-611,452,4051,145,-2656,0,0
783,-912,551,2281,-124,-1221,0,0
278,-983,609,134,-1209,110,0,0
-388,-589,-123,-532,-1031,877,0,0
-415,-7,-1091,-721,257,507,0,0
-422,763,-1246,-509,765,219,0,0
-630,1128,-1197,110,996,-2,0,0
-423,1089,-996,116,849,-613,0,0
146,864,-492,41,119,-740,0,0
1031,591,-188,229,-732,-1151,0,0
1108,446,-136,1404,-1079,-1381,0,0
547,317,-172,3118,-432,-1405,0,0
350,187,-422,3943,-1136,-1402,0,0
-539,-38,-1086,5304,-851,-3976,0,0
-1058,-150,-1348,5584,202,-2147,0,0
-1205,-180,-1068,5906,119,-1806,0,0
-1592,20,-1153,5341,1067,-1484,0,0
-680,-8,-977,5461,1424,-2353,0,0
-655,3,-862,6439,2680,-2628,0,0
-330,-17,-475,6994,2861,-2481,0,0
-483,-149,254,7277,2656,-2560,0,0
-619,-400,986,6904,3281,-3265,0,0
131,-467,1748,5997,2241,-3367,0,0
222,-427,2027,5501,1984,-3213,0,0
522,-458,2068,4976,1531,-3286,0,0
789,-408,2018,4126,414,-3111,0,0
658,-260,1545,3185,134,-2974,0,0
437,-154,856,1828,-730,-1693,0,0
315,-351,149,267,-1032,-1184,0,0
275,-338,-31,-565,-581,-203,0,0
-126,-112,95,-1285,301,1041,0,0
-292,-58,70,-372,-222,1171,0,0
-316,-37,-487,-65,-351,550,0,0
-362,76,-835,-315,-105,118,0,0
-16,134,-636,207,-357,-28,0,0
104,50,-241,1552,-228,-105,0,0
-279,-278,92,2952,-377,-1023,0,0
-778,-455,-120,4264,-130,-1866,0,0
-357,-357,-636,4716,-355,-2928,0,0
-1012,-80,-586,4798,-451,-2779,0,0
-1996,-168,-97,4921,-198,-2660,0,0
-718,-304,16,4461,-622,-3592,0,0
-580,-115,-169,4262,-44,-3557,0,0
-723,21,-453,4788,1758,-3715,0,0
349,117,-493,4559,1338,-4304,0,0
-69,162,-189,5492,261,-4216,0,0
-455,263,103,6211,945,-3799,0,0
638,402,423,5771,577,-3197,0,0
814,471,561,5312,289,-3070,0,0
669,437,585,5032,594,-2888,0,0
693,377,506,4901,444,-2650,0,0
725,239,313,4681,354,-2303,0,0
607,-108,278,4245,-63,-1711,0,0
120,-569,216,3184,33,-1169,0,0
165,-642,-3,1825,72,-764,0,0
-17,-286,-650,390,230,90,0,0
-117,164,-1147,-745,333,561,0,0
-222,403,-1077,17,308,574,0,0
41,245,-1189,482,162,-123,0,0
181,199,-1206,-122,478,-728,0,0
393,221,-830,-144,527,-1075,0,0
582,286,-300,359,408,-1265,0,0
622,441,257,1430,-154,-1386,0,0
261,483,443,3279,-185,-1526,0,0
116,321,-61,4562,289,-2488,0,0
-65,145,-597,4283,1300,-3053,0,0
-17,-42,-406,4821,2054,-2688,0,0
133,-136,-240,5136,389,-2094,0,0
-323,-46,-373,6092,576,-1827,0,0
-298,-94,-587,6311,1498,-2682,0,0
-140,-39,-515,6022,1815,-3146,0,0
-473,-19,-197,6377,1813,-2870,0,0
-604,-191,488,6528,1851,-2710,0,0
-245,-389,1207,6491,1677,-3188,0,0
-106,-365,1834,6181,1547,-3398,0,0
-192,-286,2316,5636,1584,-3318,0,0
277,-267,2537,4769,1419,-3518,0,0
872,-218,2419,3624,189,-3362,0,0
683,-137,1793,2524,-935,-2419,0,0
256,-226,925,1628,-1630,-1643,0,0
158,-189,120,829,-1843,-1199,0,0
-490,-14,-744,232,-1092,-874,0,0
-665,43,-1090,-97,589,-312,0,0
-62,-137,-834,-388,653,338,0,0
-121,-189,-596,-93,780,638,0,0
146,-136,-553,-85,326,56,0,0
121,111,-413,235,349,-208,0,0
346,257,57,767,-244,-587,0,0
231,524,530,1889,-720,-749,0,0
-257,677,524,3128,-598,-655,0,0
-636,631,306,3663,-1137,-829,0,0
-1331,503,-191,4575,-401,-765,0,0
-1029,281,-626,5104,41,-1823,0,0
-876,235,-897,5020,683,-2519,0,0
-862,68,-901,4705,132,-2598,0,0
-649,-289,-908,5508,-42,-3346,0,0
-121,-548,-959,6008,445,-3982,0,0
215,-638,-774,6575,708,-4007,0,0
116,-601,-374,7716,1047,-4144,0,0
752,-463,274,7332,691,-4696,0,0
513,-216,956,6223,513,-4187,0,0
484,-76,1482,5432,958,-3674,0,0
1264,17,1511,4543,190,-3004,0,0
782,9,1174,3743,-812,-2350,0,0
-374,-175,685,3152,-889,-1843,0,0
-693,-405,153,1907,-713,-411,0,0
-759,-319,-475,204,-470,829,0,0
-320,201,-1086,-268,-82,821,0,0
-48,792,-1353,-546,116,301,0,0
301,1024,-1168,-286,337,189,0,0
670,796,-1104,-173,551,172,0,0
993,601,-1067,-198,1045,127,0,0
1411,570,-840,277,432,-716,0,0
990,888,-790,1652,-288,-621,0,0
268,552,-384,1626,-1369,-680,0,0
-842,-211,207,4162,-1376,-1632,0,0
-1116,-783,-598,6127,1251,-3864,0,0
226,-913,-691,3940,1586,-4067,0,0
471,-407,152,5175,1012,-1551,0,0
242,-150,36,4969,635,-1191,0,0
-485,-86,-201,5040,958,-2505,0,0
-724,35,-280,6254,2254,-3143,0,0
-556,14,-224,6343,2391,-3197,0,0
-702,-100,129,6797,2304,-3215,0,0
-800,-150,557,7145,2798,-3409,0,0
-218,-164,1124,6747,2293,-3937,0,0
76,-62,1779,6567,2150,-3856,0,0
347,-153,2363,5941,1688,-3844,0,0
726,-612,3466,5488,271,-5396,0,0
1954,-860,3818,4554,-755,-3995,0,0
1560,-712,2853,2648,-502,-756,0,0
148,-339,1379,-12,61,798,0,0
-635,-84,-379,-1472,-533,271,0,0
-537,-50,-1529,-1994,-105,-638,0,0
-242,235,-1776,-1458,664,-236,0,0
23,394,-1972,-461,587,-243,0,0
380,474,-1909,41,470,-218,0,0
754,579,-1445,453,-229,64,0,0
889,666,-909,903,-198,719,0,0
411,519,-264,2037,-548,707,0,0
-255,375,219,3513,-1005,-31,0,0
-374,183,355,3586,-1138,12,0,0
-789,32,363,3887,-2422,-964,0,0
-1520,261,-253,5093,-1156,-1429,0,0
-1871,229,-608,6402,-410,-1926,0,0
-1183,46,-893,5740,118,-3726,0,0
-584,-78,-705,5122,4,-3428,0,0
-786,-316,-596,5483,147,-3143,0,0
58,-533,-860,6017,382,-3648,0,0
678,-606,-849,6803,135,-3723,0,0
365,-386,-307,7415,848,-3619,0,0
496,25,552,6987,1302,-2983,0,0
661,271,1203,6123,491,-2660,0,0
724,278,1426,5511,504,-2962,0,0
715,156,1373,4761,-117,-2313,0,0
238,-345,1179,4237,-118,-2193,0,0
200,-660,681,2925,173,-1887,0,0
-101,-197,-23,482,1025,32,0,0
80,364,-1005,145,226,703,0,0
-574,708,-1687,123,45,633,0,0
-784,803,-1525,-157,-263,517,0,0
-896,581,-1042,633,-225,102,0,0
-585,162,-899,475,287,-443,0,0
-251,-30,-876,-375,367,-266,0,0
-170,-222,-731,-474,444,-403,0,0
-98,-251,-491,-117,-672,-636,0,0
-601,23,-431,2287,77,-1266,0,0
-246,106,-379,3898,283,-1998,0,0
-181,-165,-1275,5387,2622,-3521,0,0
665,-639,-1481,4882,2856,-3873,0,0
309,-872,-501,5637,2007,-2228,0,0
-79,-787,-366,5850,3288,-1575,0,0
542,-733,-202,4977,1443,-2645,0,0
-506,-443,-399,5135,3022,-3793,0,0
-658,-282,-534,4913,5560,-4051,0,0
82,-440,0,4937,4383,-4317,0,0
-203,-509,498,4599,4133,-4202,0,0
125,-518,1027,4228,3260,-4191,0,0
911,-331,1314,4042,3030,-3581,0,0
1138,-325,1829,4174,2333,-3382,0,0
577,-399,2540,4561,1402,-3713,0,0
201,-366,2590,3472,-295,-3520,0,0
-851,-114,2221,1827,-18,-2526,0,0
-1,-26,1859,-415,165,-610,0,0
1249,-44,1296,-1726,-1137,596,0,0
924,240,-117,-1477,-509,1047,0,0
933,326,-1459,-1482,456,1042,0,0
1341,2,-1954,-1498,-122,477,0,0
1295,-402,-2268,-575,-460,-244,0,0
1177,-476,-2359,310,305,-338,0,0
1080,-181,-1326,949,-842,820,0,0
-27,317,-259,3111,-933,327,0,0
-714,771,-69,4032,540,-1532,0,0
-942,880,-206,4001,120,-2998,0,0
-970,713,-815,4963,495,-3349,0,0
-1214,114,-818,5732,627,-2942,0,0
-1453,-598,-711,5686,782,-4277,0,0
-705,-750,-832,5827,1330,-4896,0,0
-525,-506,-567,6357,1019,-4884,0,0
-787,-253,-516,6232,2311,-4402,0,0
-450,-255,14,6268,2568,-4475,0,0
-332,-81,635,6234,1469,-4532,0,0
-304,-37,971,6202,2171,-3928,0,0
773,-344,1385,5462,1924,-4131,0,0
1129,-454,1630,4735,713,-3891,0,0
1204,-523,1433,3860,1256,-3627,0,0
1259,-457,1321,2748,940,-2222,0,0
738,-449,1042,1421,1460,-1125,0,0
662,-331,775,1103,1492,-1413,0,0
-249,-81,374,1221,321,-798,0,0
-216,9,37,945,257,-1000,0,0
-82,331,-361,895,-110,-911,0,0
49,731,-783,-534,-470,-538,0,0
134,936,-538,5,-102,170,0,0
-159,532,-369,387,356,170,0,0
-128,301,-293,-473,-70,-456,0,0
-75,435,-55,-461,-114,-850,0,0
295,533,638,764,-490,-814,0,0
674,426,1021,3051,-1426,-1207,0,0
469,107,232,3903,-1019,-2638,0,0
150,28,-268,2933,-630,-3000,0,0
-191,-132,-38,4466,-329,-2562,0,0
-447,-79,-264,4904,-586,-2636,0,0
-779,231,-390,4833,-312,-2467,0,0
-946,269,-674,5613,104,-3632,0,0
-600,270,-1227,6160,1195,-4464,0,0
-726,158,-1315,7026,2506,-4118,0,0
-380,-193,-637,7402,1894,-4798,0,0
-83,-419,177,7694,1441,-4050,0,0
255,-694,1100,6393,1501,-4019,0,0
444,-636,1755,5174,1225,-3876,0,0
268,-570,1988,4779,920,-3425,0,0
533,-565,1910,3697,958,-3326,0,0
846,-332,1595,1958,-217,-2767,0,0
589,-155,974,965,-1131,-1883,0,0
-68,-79,-31,213,-1184,-769,0,0
-228,135,-921,-712,-289,-90,0,0
418,222,-1133,-855,619,107,0,0
772,236,-888,-495,385,496,0,0
569,192,-773,147,-130,-36,0,0
270,258,-813,500,-76,-119,0,0
260,311,-492,809,-383,-2576,0,0
117,404,289,1692,-711,-497,0,0
-323,326,953,2790,-826,-24,0,0
-509,-70,1133,2428,-1433,-801,0,0
-1270,-43,623,3197,-1120,-1726,0,0
-1452,190,254,3978,-8,-1285,0,0
-1534,5,358,4976,-219,-2315,0,0
-831,31,-242,4781,-1582,-4143,0,0
-1096,71,-842,4672,-416,-4084,0,0
90,-554,-1013,4817,-448,-5030,0,0
250,-694,-1296,5476,-207,-4792,0,0
-69,-605,-1163,7057,704,-4690,0,0
508,-498,-515,6782,396,-5910,0,0
439,-139,265,5988,608,-5750,0,0
451,222,828,5181,146,-4898,0,0
627,409,1029,4544,-380,-3865,0,0
761,289,856,4135,-45,-3248,0,0
918,158,690,3445,29,-2589,0,0
824,-93,586,2946,-656,-1555,0,0
656,-344,112,1724,-497,-345,0,0
137,-354,-700,23,-29,750,0,0
-77,-309,-1292,-663,251,545,0,0
37,81,-1199,-622,154,501,0,0
16,449,-1011,119,215,420,0,0
24,534,-1017,149,16,-387,0,0
-69,719,-895,-11,503,-1118,0,0
277,687,-578,354,-247,-1252,0,0
7,614,-139,910,-234,-1140,0,0
212,470,348,2572,-552,-1858,0,0
83,305,442,3365,-906,-2329,0,0
287,199,193,3772,219,-2732,0,0
386,88,36,4094,245,-2655,0,0
-243,-13,-176,4565,134,-2251,0,0
-448,-17,-339,5138,-460,-1783,0,0
-790,-67,-293,5858,-362,-2549,0,0
-619,-70,-483,6800,427,-4019,0,0
-589,32,-792,7309,1464,-3882,0,0
-21,-124,-498,7457,1331,-4139,0,0
-61,-305,65,7118,427,-4078,0,0
-326,-403,606,6829,612,-3839,0,0
92,-466,1104,6010,822,-3435,0,0
-129,-519,1354,5233,1165,-3402,0,0
-241,-452,1634,4708,1389,-3239,0,0
227,-372,1782,3443,885,-2532,0,0
179,-382,1606,1530,-36,-2367,0,0
-427,-248,1081,368,-861,-1881,0,0
-934,-100,157,63,-848,-658,0,0
-1241,23,-852,-348,-147,-505,0,0
-818,138,-1253,-573,1000,-249,0,0
-35,32,-1050,-696,-79,-75,0,0
87,54,-889,79,322,-831,0,0
704,210,-853,449,-268,-436,0,0
882,329,-638,259,-107,382,0,0
1045,211,83,729,-550,372,0,0
452,113,739,2313,-909,-293,0,0
-170,207,895,2418,-912,-1092,0,0
-863,403,809,3524,-566,-850,0,0
-760,369,368,4164,-340,-2154,0,0
-1612,243,-97,5189,186,-2779,0,0
-1180,24,-988,4319,-421,-4363,0,0
-549,-169,-1391,4250,-159,-4614,0,0
-578,-414,-1302,5173,1062,-3277,0,0
196,-396,-1565,5003,1592,-3705,0,0
145,-253,-1421,5559,1667,-4077,0,0
-1075,-283,-1130,6870,2939,-4225,0,0
-335,-326,-344,6901,3151,-5601,0,0
-23,39,564,5907,2250,-5321,0,0
577,174,1225,5308,1620,-4829,0,0
1058,199,1396,4802,1109,-3676,0,0
777,58,920,3943,1320,-2930,0,0
1134,2,584,2962,1549,-2791,0,0
579,-150,625,2759,442,-1651,0,0
18,-437,338,2414,815,-3104,0,0
298,-400,44,1506,306,-484,0,0
-653,-24,-384,512,-40,436,0,0
-461,452,-769,-433,-29,-7,0,0
-246,1020,-731,-647,-173,-181,0,0
-508,1243,-650,-58,725,410,0,0
84,984,-653,55,714,-300,0,0
518,777,-745,-173,661,-706,0,0
666,371,-440,-1,703,-1020,0,0
723,76,463,1600,424,-1421,0,0
1347,109,990,2691,-857,-1285,0,0
1366,229,600,2523,-1437,-1275,0,0
777,181,43,3472,-138,-3880,0,0
691,-65,-372,4292,74,-2676,0,0
8,-145,-621,4901,-200,-2462,0,0
-413,-318,-793,5748,606,-2381,0,0
-119,-427,-656,5560,-65,-3057,0,0
-1234,-239,-545,6322,1126,-2678,0,0
-775,-182,-545,6689,2209,-3671,0,0
-1138,-216,-250,7044,2249,-3668,0,0
-1987,-568,320,7222,3822,-3879,0,0
-313,-849,1313,6713,2829,-5231,0,0
-44,-666,1876,5758,1723,-3919,0,0
371,-760,2075,4634,2054,-3495,0,0
866,-613,2115,3826,1060,-3031,0,0
-47,-541,1792,2937,1158,-2288,0,0
-2,-594,1760,2024,680,-2495,0,0
-28,-201,1302,1002,-594,-2113,0,0
-666,387,249,167,-275,-1314,0,0
-744,700,-645,-535,332,-529,0,0
248,695,-1110,-1493,-56,-188,0,0
462,461,-1236,-837,-556,-262,0,0
374,387,-1433,-176,723,-251,0,0
758,363,-1173,129,-138,406,0,0
731,121,-779,823,-462,284,0,0
635,-30,-352,1145,-684,137,0,0
221,-65,140,2362,-695,27,0,0
-41,-328,350,3169,-863,-850,0,0
-3080,-27,193,3709,-711,-1441,0,0
-1635,172,25,5054,646,-1603,0,0
-1210,-55,-162,4851,24,-3791,0,0
-1068,100,-487,4454,569,-3651,0,0
-814,-192,-323,4295,981,-3669,0,0
-424,-301,-379,4386,985,-4439,0,0
-435,-139,-620,5031,1036,-3625,0,0
-368,-173,-823,6154,1563,-4729,0,0
-132,-20,-785,7176,3048,-4988,0,0
-23,23,-146,6832,2595,-4443,0,0
252,25,688,6664,1696,-4357,0,0
895,39,1126,5641,1691,-4116,0,0
1482,-62,1258,4656,793,-3696,0,0
1231,-391,1060,4259,337,-3563,0,0
1335,-538,789,3434,1173,-2745,0,0
1993,-511,675,2143,301,-1502,0,0
1318,-312,394,1557,-215,-152,0,0
900,-213,-374,802,417,330,0,0
157,19,-1127,-293,650,116,0,0
-177,396,-1249,-355,655,-139,0,0
-67,573,-962,-104,291,-538,0,0
-389,757,-769,-73,658,-321,0,0
51,737,-544,87,446,-830,0,0
408,697,-483,359,-78,-916,0,0
145,479,15,728,140,-448,0,0
907,129,989,2059,-1138,-1329,0,0
1083,190,802,2910,-1962,-1288,0,0
441,344,178,2655,-1066,-1527,0,0
110,151,115,3282,-411,-1780,0,0
-73,49,37,3997,-264,-1733,0,0
-185,82,-387,4671,-493,-2600,0,0
-98,21,-794,5450,287,-2970,0,0
211,-238,-1000,5670,127,-3381,0,0
26,-309,-899,6803,-199,-3495,0,0
-518,-300,-667,8167,691,-3254,0,0
-311,-214,-242,8135,1092,-4708,0,0
-2096,61,582,7367,827,-4216,0,0
-40,-134,1465,6646,22,-4236,0,0
-436,-159,1805,6026,17,-4129,0,0
-643,-217,1861,4990,1128,-2950,0,0
56,-499,2194,4210,203,-3309,0,0
-755,-365,1874,3381,-396,-2678,0,0
-1855,-290,1298,1954,366,-1202,0,0
-1599,-272,945,926,-15,-1008,0,0
-1566,-11,251,-168,-893,-1584,0,0
-1452,495,-533,-543,-472,-1609,0,0
-686,751,-1004,-133,857,-226,0,0
479,445,-850,-653,178,183,0,0
337,227,-723,114,-475,-663,0,0
669,290,-838,431,72,-389,0,0
873,287,-542,462,-88,245,0,0
934,110,-52,433,322,180,0,0
1413,28,278,1194,-695,-472,0,0
1166,274,202,2853,-1215,-1154,0,0
474,552,106,4237,-1949,-870,0,0
-655,691,0,4020,-929,-636,0,0
-343,524,-205,4499,-342,-2342,0,0
150,547,-559,4261,213,-2979,0,0
-172,80,-804,4777,-281,-2296,0,0
-559,-724,-1657,5482,172,-3289,0,0
64,-1137,-1790,6388,833,-4357,0,0
361,-1223,-1270,7108,-156,-4684,0,0
-148,-932,-895,7578,513,-5657,0,0
-419,-450,-95,6909,1849,-5413,0,0
357,-156,644,5539,1107,-5077,0,0
736,63,892,4849,670,-4634,0,0
330,317,1111,4258,296,-3441,0,0
10,448,1112,3879,534,-2409,0,0
85,333,876,3491,123,-1787,0,0
-101,266,669,3314,-66,-1468,0,0
-300,133,307,2300,-153,-2520,0,0
407,129,-117,607,-703,-316,0,0
361,382,-611,43,-362,246,0,0
-112,623,-1118,-658,244,534,0,0
-415,733,-1177,-874,486,207,0,0
-512,579,-1158,-402,780,346,0,0
-1208,1034,853,-512,-199,1277,0,0
-440,228,964,1055,157,46,0,0
1938,-368,1135,3058,-781,-3013,0,0
1358,-234,530,4347,117,-3367,0,0
434,-52,100,3756,1768,-3853,0,0
217,-148,285,4276,1736,-4538,0,0
158,-490,111,3989,1585,-3863,0,0
412,-734,64,4089,1709,-4307,0,0
152,-579,-67,4415,1937,-4925,0,0
-301,-375,-22,4594,2331,-5177,0,0
-739,-283,104,4866,2141,-5546,0,0
-483,-216,271,5119,2342,-5665,0,0
-375,-122,525,4819,2243,-6503,0,0
-341,175,890,4582,1782,-5396,0,0
110,117,937,4024,1235,-4373,0,0
309,-34,630,3261,1208,-3964,0,0
497,-67,263,2400,347,-2908,0,0
246,-92,-244,1260,403,-2081,0,0
318,127,-601,-153,209,-1367,0,0
-316,424,-520,-1097,525,-113,0,0
-402,575,-185,-1451,380,875,0,0
307,683,-149,-771,87,1037,0,0
720,632,-448,-312,33,411,0,0
754,552,-505,-85,-208,-143,0,0
770,437,-140,332,-309,-38,0,0
918,181,437,1158,-415,-216,0,0
693,-86,753,2296,-764,-974,0,0
14,-154,614,3606,-1408,-2001,0,0
-1433,-23,274,4559,-805,-2930,0,0
-2020,-14,76,4709,-34,-3328,0,0
-1649,-190,-39,4575,222,-3995,0,0
-1272,-115,-93,4582,396,-4546,0,0
-1055,44,-280,4677,1261,-4422,0,0
-427,252,-646,4493,1990,-4348,0,0
279,248,-528,5125,1951,-3761,0,0
492,-223,-328,5262,1745,-4361,0,0
641,-319,-179,5507,2024,-5522,0,0
1075,94,100,5897,1330,-5477,0,0
587,346,572,5500,1038,-4441,0,0
606,210,851,5143,812,-3628,0,0
882,-4,816,4239,198,-3269,0,0
702,-188,695,3230,-92,-2455,0,0
496,-358,364,2330,159,-1303,0,0
693,-459,68,1298,-15,-412,0,0
462,-370,-130,688,9,-87,0,0
358,-223,-277,202,960,-49,0,0
813,65,-64,-610,861,-147,0,0
824,316,105,-705,609,21,0,0
784,510,86,-653,321,67,0,0
988,711,79,-597,18,17,0,0
912,632,-19,-259,-543,-143,0,0
520,446,-155,478,-701,-754,0,0
364,282,-122,1985,-1214,-1447,0,0
-203,21,-190,3896,-1071,-2183,0,0
-636,-321,-816,4942,-280,-3944,0,0
-257,-205,-533,5466,-623,-4347,0,0
-416,-154,143,6483,-1534,-3851,0,0
-704,-126,65,7047,-1432,-4169,0,0
-686,-124,-419,6707,181,-4939,0,0
-169,-146,-146,6126,27,-5124,0,0
-254,-92,507,5984,-445,-4520,0,0
34,-86,689,5381,52,-4693,0,0
297,-84,600,4628,437,-4709,0,0
453,-78,502,4373,-423,-4470,0,0
-98,-153,314,4526,-654,-3934,0,0
-63,-434,186,3882,-591,-3396,0,0
46,-604,39,2254,-581,-2452,0,0
-348,-561,-225,749,97,-964,0,0
-734,-319,-318,-123,356,-559,0,0
-708,30,-286,-614,866,-619,0,0
232,400,-243,-703,199,-139,0,0
661,528,-428,-356,-148,173,0,0
791,410,-592,378,137,-161,0,0
1044,409,-388,475,74,-575,0,0
1580,609,485,913,-619,-316,0,0
1127,618,1029,1603,-557,36,0,0
322,528,918,2528,-953,-298,0,0
-679,414,274,3780,-1695,-1392,0,0
-1526,143,-550,4494,-1032,-2378,0,0
-1911,-213,-827,4776,-1090,-3053,0,0
-1766,-551,-582,4629,-1298,-3213,0,0
-1082,-877,-264,4210,-1226,-3047,0,0
-1074,-972,-473,3853,-359,-3790,0,0
-942,-781,-926,3805,1111,-5073,0,0
-433,-521,-1184,4411,2036,-6246,0,0
-199,-299,-978,5557,1937,-6815,0,0
161,-174,-436,6009,1853,-6982,0,0
330,176,321,5806,1537,-6001,0,0
538,441,1022,5134,1026,-4578,0,0
685,441,1382,4293,815,-3756,0,0
1172,333,1313,3267,158,-3307,0,0
1216,260,1009,2437,-479,-2217,0,0
522,179,525,1884,-433,-756,0,0
47,192,-89,1080,-48,89,0,0
147,268,-587,143,359,333,0,0
323,309,-763,-300,760,91,0,0
552,249,-702,-557,421,-409,0,0
424,222,-530,-209,499,-603,0,0
692,135,-194,40,-38,-460,0,0
641,2,-17,31,-410,-399,0,0
727,54,133,239,-246,-759,0,0
673,166,434,1383,-558,-1175,0,0
311,65,416,2939,-1583,-1710,0,0
-135,6,-379,4196,-2051,-2205,0,0
-1009,-49,-1259,5005,-1535,-3407,0,0
-1401,-141,-1294,5191,-360,-3807,0,0
-1129,-68,-624,5615,305,-3245,0,0
-651,30,-306,5059,467,-2973,0,0
-551,-36,-306,4395,701,-3746,0,0
-753,-17,-528,4691,1696,-4469,0,0
-718,20,-392,5882,2067,-4660,0,0
-689,-166,221,6629,2320,-4853,0,0
-167,-308,1005,6225,1857,-5187,0,0
22,-251,1464,5558,1389,-4391,0,0
166,-377,1534,4663,1174,-3939,0,0
341,-550,1320,3792,333,-3525,0,0
209,-697,774,3045,90,-2878,0,0
653,-787,188,1609,-124,-2556,0,0
346,-662,-267,89,239,-1353,0,0
444,-516,-260,-845,969,-355,0,0
771,-157,148,-1140,-44,-10,0,0
185,322,151,-625,-205,387,0,0
185,635,-288,-206,163,-235,0,0
623,970,-561,-87,98,-322,0,0
397,1024,-592,135,-216,30,0,0
-399,844,-324,610,-564,-90,0,0
-1076,563,-90,2164,-908,-336,0,0
-1610,75,-261,3352,-802,28,0,0
-1624,-463,-610,4784,-462,-1659,0,0
-1648,-600,-826,5027,637,-2975,0,0
-888,-692,-561,5415,1529,-4610,0,0
-6,-359,-292,5424,283,-5068,0,0
-50,-22,-191,5181,931,-4405,0,0
1007,-322,47,5452,881,-4675,0,0
699,-521,80,4997,830,-5446,0,0
466,-175,43,5049,1171,-6007,0,0
354,276,147,4946,1605,-5611,0,0
818,537,498,4608,885,-4924,0,0
1283,603,694,4345,58,-3732,0,0
1253,439,642,3932,763,-3675,0,0
1859,275,514,3460,-50,-3317,0,0
1677,334,106,2874,-922,-1855,0,0
776,36,-485,1929,-1258,-752,0,0
-140,-58,-1010,1001,-229,110,0,0
-515,16,-1306,432,519,32,0,0
-304,208,-1033,146,780,-113,0,0
-291,371,-471,165,311,114,0,0
-502,478,-63,210,-71,-178,0,0
-308,591,159,59,-398,103,0,0
-210,456,213,48,36,-279,0,0
-180,381,240,337,316,-867,0,0
274,171,342,1899,124,-3232,0,0
708,-268,408,2976,-511,-2328,0,0
1199,-457,217,4324,-1066,-2492,0,0
449,-490,-345,5257,-1366,-2938,0,0
-586,-417,-731,5509,-435,-3317,0,0
-699,-202,-474,6127,185,-2640,0,0
-734,-207,-241,5468,75,-2811,0,0
-649,-254,-15,4869,410,-3636,0,0
-514,-167,3,4815,1152,-4128,0,0
-362,-30,60,5388,1393,-4345,0,0
-20,-21,219,5885,1001,-4970,0,0
353,6,549,5801,710,-4943,0,0
786,-23,1019,5712,-46,-4271,0,0
956,14,1208,5384,-151,-3865,0,0
1042,143,1268,4931,-268,-3804,0,0
902,315,1005,4020,-1767,-3022,0,0
26,288,481,3353,-1498,-2551,0,0
-829,207,114,2460,-611,-1537,0,0
-958,63,-253,328,34,230,0,0
-983,-243,-435,-1279,955,-255,0,0
-1322,-50,-363,-1228,651,-42,0,0
-722,96,-529,-523,-99,223,0,0
-520,58,-721,242,-683,-389,0,0
-470,100,-582,532,562,-40,0,0
-401,191,10,879,120,-989,0,0
-2145,387,742,1266,-1275,-9,0,0
-4901,-87,1073,2186,-1048,152,0,0
-4403,-558,709,3287,23,-1611,0,0
-2169,-313,-3,3982,-343,-1724,0,0
-2321,-205,-775,4207,612,-1958,0,0
-3056,-292,-1210,4490,3025,-2273,0,0
-2843,17,-770,4168,4650,-3019,0,0
-2627,561,-46,4362,3441,-1408,0,0
-1547,594,87,4645,3671,-1087,0,0
-259,424,41,4540,3144,-2418,0,0
-654,544,28,4455,2522,-1739,0,0
-545,460,3,4616,2529,-2912,0,0
-258,320,-63,5028,2567,-712,0,0
18,200,-169,5312,3352,-792,0,0
630,7,-123,5507,3979,-1284,0,0
790,-173,58,5702,3839,-1166,0,0
1350,-352,249,5229,4092,-999,0,0
3181,-419,440,4506,3988,-1291,0,0
5963,-344,681,4028,2647,-1240,0,0
7467,-341,612,3161,-249,-1415,0,0
4854,-433,43,1912,-1033,-1016,0,0
1885,-407,-428,1066,-860,-412,0,0
99,-110,-742,407,3,-37,0,0
-1081,187,-768,-26,193,62,0,0
-2974,533,-450,-111,1227,572,0,0
-2341,575,78,131,1245,167,0,0
-516,539,601,290,155,-639,0,0
-222,451,830,284,-642,-180,0,0
-324,220,807,306,-366,-193,0,0
128,111,558,1057,-723,-1010,0,0
-336,239,-167,2495,-831,-877,0,0
-2054,72,-1030,4531,1185,-1188,0,0
-2969,-163,-1329,5521,2757,-2726,0,0
-2906,-315,-637,6442,3094,-2975,0,0
-2178,6,-375,6705,2842,-1956,0,0
-1512,-20,-312,5419,2715,-1284,0,0
-2588,-74,-230,4734,3540,-1647,0,0
-2568,239,-364,4971,3885,-528,0,0
-2376,316,-679,5082,4902,638,0,0
-1727,156,-557,5235,6032,481,0,0
-938,-149,-6,5533,5563,797,0,0
277,-632,367,5162,4694,949,0,0
1191,-878,583,4524,3484,-40,0,0
1471,-792,588,3954,3521,-74,0,0
3114,-698,534,3455,2963,-857,0,0
3893,-488,268,2881,1149,-1773,0,0
2689,-323,-283,1226,1239,-1193,0,0
3497,-325,-219,-506,1011,40,0,0
4668,-395,256,-597,-32,1162,0,0
4680,-514,284,-715,-688,1274,0,0
3543,-497,-46,-556,-1031,663,0,0
2475,-484,-300,101,-1031,288,0,0
2008,-574,-323,599,-810,-250,0,0
2338,-463,-86,943,-754,-1277,0,0
2328,15,274,1805,-1246,-2058,0,0
1565,487,329,2575,-1095,-2203,0,0
622,666,-19,3403,-1260,-1751,0,0
-841,453,-473,4105,-662,-2172,0,0
-782,43,-395,4308,-573,-4216,0,0
-655,88,-89,4377,-1644,-4821,0,0
-1107,318,-157,5032,-1781,-4140,0,0
-1310,374,-246,5579,-1455,-3969,0,0
-1720,173,-148,6100,-1151,-4064,0,0
-1615,114,-15,6253,-349,-5318,0,0
-665,377,193,6015,-519,-5047,0,0
-958,477,286,5712,-305,-3691,0,0
-827,339,336,5337,246,-3587,0,0
-218,158,468,4759,-294,-3228,0,0
-693,-86,336,4358,-428,-1979,0,0
-794,-295,-71,3817,-66,-1812,0,0
-288,-348,-300,2809,2,-1807,0,0
-682,-132,-469,1754,-235,-614,0,0
-1710,157,-700,862,361,-80,0,0
-3336,413,-644,452,828,-68,0,0
330,422,-276,164,1389,584,0,0
2752,188,177,-153,724,204,0,0
2942,178,301,-213,-550,-601,0,0
1078,228,72,-73,-449,-446,0,0
54,-47,-74,-175,-228,-164,0,0
787,-297,158,422,-1085,-663,0,0
1257,-323,304,1607,-1822,-1393,0,0
461,-272,-283,3033,-1211,-1653,0,0
-197,-405,-1295,4119,158,-3281,0,0
-1358,-354,-1216,4495,496,-4063,0,0
-2134,-270,-462,5360,1297,-3223,0,0
-2992,-356,-429,5555,1344,-3876,0,0
-1007,-277,-155,5183,1580,-4544,0,0
-1036,-123,111,5414,1734,-4353,0,0
-527,-75,119,5263,1502,-4407,0,0
-864,-50,130,5230,2604,-4099,0,0
-813,-127,371,5626,3502,-4395,0,0
92,-80,858,5479,2528,-4941,0,0
125,153,1133,4977,1907,-4180,0,0
8,108,1182,4400,2037,-3481,0,0
310,14,1105,3639,1141,-3184,0,0
-203,92,798,2768,542,-3011,0,0
-873,174,312,2259,359,-1719,0,0
-562,60,-216,1327,47,-1050,0,0
-197,-99,-361,276,159,-273,0,0
-22,-303,-67,-371,157,545,0,0
235,-334,152,-719,-123,79,0,0
619,128,168,-556,13,-492,0,0
1042,656,263,-229,-333,-19,0,0
470,813,387,33,-373,430,0,0
219,636,531,738,-5,215,0,0
488,288,565,2121,-131,-488,0,0
314,-49,308,3354,-84,-940,0,0
98,-175,-105,4163,-400,-1174,0,0
-58,-274,-355,4096,-436,-1800,0,0
-573,-287,-476,4547,-448,-2579,0,0
-1284,-59,-616,5089,-1006,-2529,0,0
-2060,-224,-466,5117,380,-1853,0,0
-1157,-695,-436,4175,143,-3082,0,0
-1390,-498,-783,4614,1891,-3803,0,0
222,-380,-842,4337,2572,-4921,0,0
843,-480,-784,3641,1231,-4785,0,0
220,-394,-684,3988,1305,-4618,0,0
821,-197,-576,5255,953,-3704,0,0
1280,59,-901,5568,492,-3605,0,0
892,200,-1222,5468,2088,-4390,0,0
525,355,-660,5710,2197,-3998,0,0
-2112,392,43,5537,1716,-3357,0,0
-456,367,308,4199,2062,-2091,0,0
-345,212,177,3663,1618,-1711,0,0
-510,-31,-408,2432,1693,-456,0,0
-305,-262,-593,1530,1740,-809,0,0
-444,250,-413,1345,1092,-785,0,0
-206,1130,-209,248,-69,208,0,0
-132,1380,73,121,-187,408,0,0
-571,931,238,373,332,-70,0,0
-89,608,252,117,408,-966,0,0
610,578,76,39,1155,-1385,0,0
774,562,364,123,1618,-1338,0,0
579,427,1189,1015,621,-1248,0,0
322,90,1310,2870,-367,-1472,0,0
402,-131,337,3487,-210,-2427,0,0
37,-79,-463,3985,1037,-2488,0,0
-620,-253,-882,4656,2915,-2083,0,0
-119,-471,-662,4659,2321,-2059,0,0
-51,-570,-293,4532,1060,-2046,0,0
-330,-626,0,4144,858,-1983,0,0
-405,-557,144,3584,1323,-1920,0,0
-404,-522,35,3502,1782,-2252,0,0
-662,-594,112,3702,2126,-2558,0,0
-712,-702,290,4177,2264,-3527,0,0
-419,-598,380,4755,2446,-4606,0,0
-336,-387,434,4681,2929,-4462,0,0
14,-343,669,4610,3093,-4531,0,0
215,-334,917,4625,2591,-4394,0,0
500,-381,985,4736,2030,-4068,0,0
708,-507,989,4482,1694,-3770,0,0
717,-620,895,3758,878,-3270,0,0
458,-686,711,2689,473,-2856,0,0
241,-624,451,1830,22,-2100,0,0
-57,-432,1,832,-414,-1268,0,0
210,-168,-527,-337,-151,-980,0,0
165,262,-707,-1445,530,-66,0,0
610,628,-567,-1596,403,798,0,0
610,843,-709,-1237,-231,358,0,0
583,908,-997,-186,41,41,0,0
776,587,-1066,775,-84,42,0,0
828,245,-569,1578,301,93,0,0
817,-181,-15,2566,186,-348,0,0
265,-522,-65,3601,272,-1375,0,0
-316,-637,-436,3712,79,-2652,0,0
-1645,-518,-321,4336,550,-3265,0,0
-2475,-444,-43,5087,2444,-3799,0,0
-1388,-318,84,4824,2028,-4624,0,0
-949,28,276,4582,2045,-3805,0,0
-2248,-71,487,4281,1283,-3995,0,0
-56,-54,491,3960,1529,-4305,0,0
159,44,339,3927,1835,-4326,0,0
246,145,252,4366,1448,-4120,0,0
254,149,166,4968,1545,-3952,0,0
330,37,287,5188,1058,-4179,0,0
158,-19,539,5369,1062,-4279,0,0
487,-25,652,4980,820,-4166,0,0
216,39,605,4242,465,-3692,0,0
-320,53,357,3814,936,-3112,0,0
-220,-62,232,3517,1160,-2968,0,0
72,-71,172,3313,941,-2870,0,0
421,-60,-64,2558,533,-2173,0,0
438,24,-131,1528,-72,-1057,0,0
8,275,14,454,-140,269,0,0
-144,589,71,49,293,438,0,0
744,918,142,-260,-83,126,0,0
27,1010,35,-414,-96,186,0,0
-723,809,17,-359,185,84,0,0
-686,430,192,-159,-33,-133,0,0
-177,24,367,272,233,-808,0,0
375,-174,466,1037,-54,-1157,0,0
512,-167,464,2028,-140,-1233,0,0
317,-20,189,3295,-414,-1267,0,0
171,234,-547,4434,-158,-2305,0,0
-74,287,-945,5289,241,-3242,0,0
-722,158,-847,5927,1217,-2808,0,0
-413,87,-634,6028,1189,-2553,0,0
-136,35,-410,5788,1365,-2669,0,0
-145,-29,-64,6114,2365,-3217,0,0
240,-48,284,6309,1734,-3519,0,0
32,-136,417,6556,2044,-3682,0,0
249,-370,577,6058,1657,-4023,0,0
369,-519,936,5526,995,-4104,0,0
313,-467,970,4996,459,-3536,0,0
-82,-360,820,4318,334,-2881,0,0
-534,-301,533,3970,130,-2561,0,0
-656,-212,163,3445,260,-2404,0,0
-691,7,-49,2793,491,-1490,0,0
-602,142,-364,1517,-32,-1355,0,0
-572,342,-692,399,-3,-1375,0,0
-784,546,-892,-209,730,-601,0,0
-456,525,-670,-680,615,1,0,0
-7,317,-290,-340,139,194,0,0
666,92,-249,-62,-212,2,0,0
881,36,-160,592,-528,-245,0,0
397,5,52,779,-99,192,0,0
506,-118,723,1828,-72,125,0,0
338,-107,1142,2716,-229,-703,0,0
183,23,1077,3514,-514,-1075,0,0
-217,242,593,4622,-887,-1710,0,0
-972,316,-115,4872,-195,-2212,0,0
-1629,-35,-260,5673,1027,-2879,0,0
-507,-318,-398,5290,850,-4426,0,0
-341,-271,-491,5000,922,-4223,0,0
-332,-203,-515,5324,1673,-4052,0,0
413,-153,-311,5901,1598,-3869,0,0
778,-128,-203,6635,1181,-3649,0,0
658,-235,68,6782,1579,-4282,0,0
555,-309,739,6579,1275,-3787,0,0
456,-440,1376,5976,590,-3120,0,0
420,-546,1347,5027,208,-3359,0,0
731,-428,828,3695,474,-3317,0,0
1128,-460,478,2658,207,-2614,0,0
908,-583,89,1911,-554,-1727,0,0
-56,-305,-586,843,-756,4,0,0
-2350,750,-1352,367,-510,1253,0,0
-3307,2259,-1575,-250,1067,591,0,0
-9,2858,-822,-55,516,-515,0,0
1033,2222,-404,412,-788,-929,0,0
97,1374,-273,448,-4,-868,0,0
281,436,43,570,361,-272,0,0
691,-264,233,206,411,29,0,0
765,-511,317,636,298,11,0,0
877,-776,239,1903,-296,-832,0,0
505,-825,-33,2701,-1026,-1100,0,0
-589,-440,-553,4627,105,-1382,0,0
-317,-149,-1145,5402,1262,-2215,0,0
-516,-86,-905,5673,1215,-2136,0,0
-858,-74,-485,6357,2173,-2244,0,0
-163,-124,-177,6709,1854,-3121,0,0
-284,-105,-258,7240,2903,-3425,0,0
-137,-256,-278,7209,3137,-3409,0,0
73,-534,-14,7258,3202,-3499,0,0
773,-853,732,6543,2301,-3530,0,0
462,-825,1249,5384,2181,-2947,0,0
523,-748,1439,4530,2122,-2903,0,0
610,-819,1505,4039,1689,-3187,0,0
56,-906,1310,3343,942,-2806,0,0
-95,-943,969,2297,-234,-1757,0,0
-634,-671,395,1085,-780,-965,0,0
-801,61,-453,57,-337,-1056,0,0
-404,890,-917,-478,637,-677,0,0
446,1102,-780,-649,630,23,0,0
821,824,-453,-383,-328,128,0,0
1041,535,-311,-4,-548,-158,0,0
1011,325,-106,70,-832,30,0,0
715,148,155,453,-475,131,0,0
822,-57,455,1862,-500,-346,0,0
174,-371,749,3687,-886,-1090,0,0
-1136,-607,535,4713,455,-1849,0,0
-466,-547,48,4426,590,-3287,0,0
-468,-151,-78,4362,-138,-3661,0,0
-929,-17,44,4609,-1,-3773,0,0
-270,96,-5,4406,-104,-3416,0,0
-34,186,-155,4498,23,-3143,0,0
-129,162,-231,4966,281,-3637,0,0
