-146,17,-30,3094,-1474,-2193,0,0
-76,-4,-49,3142,-1517,-2094,0,0
-40,-10,-36,3208,-1521,-2007,0,0
-59,-42,-1,3219,-1497,-1957,0,0
-99,-32,20,3157,-1456,-1958,0,0
-120,22,13,3139,-1428,-2044,0,0
-127,21,1,3163,-1427,-2057,0,0
-131,11,-4,3190,-1435,-2009,0,0
-134,16,3,3216,-1411,-2076,0,0
-113,-1,7,3211,-1402,-2086,0,0
-93,-29,15,3161,-1410,-2024,0,0
-90,-14,13,3117,-1379,-2038,0,0
-80,3,-2,3155,-1402,-2034,0,0
-72,11,-12,3179,-1422,-2008,0,0
-65,32,-8,3192,-1416,-1982,0,0
-68,36,-4,3164,-1426,-1970,0,0
-75,50,6,3060,-1403,-1992,0,0
-71,70,10,2923,-1429,-1896,0,0
-86,117,-12,2788,-1492,-1820,0,0
-98,249,-62,2694,-1515,-1806,0,0
-117,427,-126,2531,-1518,-1686,0,0
-188,528,-123,2241,-1429,-1519,0,0
-319,472,28,2204,-1318,-1540,0,0
-490,293,257,2404,-1482,-1634,0,0
-663,156,373,3990,-1779,-2268,0,0
-854,-35,397,6507,-2054,-3250,0,0
-1042,-76,336,7201,-1930,-3409,0,0
-919,487,95,6300,-1370,-3142,0,0
-420,1342,-462,4104,-344,-2500,0,0
343,1733,-774,1457,357,-912,0,0
791,805,-740,186,-353,893,0,0
907,137,-254,-183,-846,842,0,0
847,11,21,-593,-845,258,0,0
672,-52,78,-369,-918,-100,0,0
409,116,-54,-52,-897,-431,0,0
118,398,-61,882,-866,-819,0,0
-203,175,125,3451,-1049,-1489,0,0
-285,-111,167,5874,-985,-1876,0,0
-236,-45,579,6847,-1963,-1617,0,0
-470,-94,1335,6748,-2564,-2187,0,0
-614,-684,1760,6365,-2375,-2431,0,0
-427,-1062,1405,8277,-2592,-3848,0,0
365,-1583,894,8445,-2467,-4040,0,0
977,-2015,549,8148,-3362,-2934,0,0
892,-1679,436,6546,-2807,-2838,0,0
743,-1714,-33,4742,-2298,-1790,0,0
568,-1108,-989,3724,-2318,-361,0,0
377,373,-1728,2911,-1937,-155,0,0
542,1444,-2258,1681,-1415,-67,0,0
679,1620,-2390,962,-1434,18,0,0
517,1161,-1999,1093,-1337,-491,0,0
154,229,-1049,1233,-1105,-2552,0,0
-283,-628,-105,933,-1003,-549,0,0
-465,-705,373,43,-739,-1204,0,0
-114,-677,405,-637,-466,-1433,0,0
363,-731,496,-889,-555,-952,0,0
586,-849,778,261,-1141,-990,0,0
310,-1386,656,3053,-2191,-1851,0,0
72,-855,-99,5488,-1752,-3932,0,0
352,212,-180,6034,-1092,-3953,0,0
310,-346,340,4562,-2457,-2071,0,0
-392,-595,563,3432,-3297,-2456,0,0
-831,-9,351,4099,-3082,-4778,0,0
-750,366,210,5691,-3042,-4946,0,0
-857,-24,562,6594,-2721,-4511,0,0
-824,-255,1019,5315,-2106,-3913,0,0
-668,-100,1149,4497,-2260,-3116,0,0
-653,-47,909,4558,-2237,-3346,0,0
-593,376,606,4924,-1585,-3442,0,0
-468,675,276,4225,-800,-2798,0,0
-243,986,-313,2542,-181,-1992,0,0
224,1580,-968,890,591,-740,0,0
567,1578,-1007,-267,656,556,0,0
434,637,-637,-543,-392,532,0,0
259,-181,-534,-390,-1028,36,0,0
294,269,-513,-353,-1345,-244,0,0
225,605,-489,-152,-1105,-850,0,0
85,352,-432,-55,-795,-1498,0,0
-126,-118,-129,654,-1080,-1653,0,0
-402,-332,383,2987,-1967,-2264,0,0
-594,-665,482,5038,-1612,-3442,0,0
-335,-646,735,6085,-1048,-2855,0,0
109,-280,857,5188,-1477,-2206,0,0
302,-2056,993,4519,-2016,-2118,0,0
164,-358,761,4507,-1979,-2672,0,0
293,-148,390,5500,-1738,-3493,0,0
422,-407,225,5973,-2235,-3219,0,0
334,-734,164,5770,-2655,-3289,0,0
266,-570,137,5758,-2896,-3874,0,0
276,-662,34,5573,-2648,-3944,0,0
262,-843,3,5309,-2684,-3324,0,0
130,-694,8,4825,-2907,-3051,0,0
98,-483,-267,3661,-2489,-2566,0,0
103,-57,-743,2090,-2060,-1335,0,0
74,883,-1109,825,-1546,-612,0,0
150,1264,-1004,345,-848,-270,0,0
-41,786,-461,85,-839,399,0,0
-500,596,153,311,-1086,86,0,0
-820,293,643,37,-946,-603,0,0
-846,214,909,-542,-447,-575,0,0
-729,242,1052,-390,-28,-500,0,0
-625,49,1174,414,-322,-554,0,0
-464,-374,901,2041,-897,-1444,0,0
191,-253,-54,4384,-1651,-2792,0,0
820,1082,-729,6155,-2071,-3747,0,0
816,378,-380,6215,-2978,-2973,0,0
169,-896,127,4004,-3474,-2509,0,0
-250,-436,306,3020,-2630,-3183,0,0
-176,-207,69,4169,-3102,-3381,0,0
-217,-369,-190,5463,-3654,-3584,0,0
-525,-168,150,6486,-3094,-4339,0,0
-653,-811,537,5186,-2651,-3773,0,0
-500,-679,567,4078,-2729,-2740,0,0
-414,-2,314,4325,-2496,-2947,0,0
-238,371,3,4407,-1940,-2939,0,0
-17,560,-212,3929,-1598,-2257,0,0
125,665,-450,2604,-1083,-1528,0,0
336,1066,-806,1180,-403,-618,0,0
559,1446,-1146,349,347,460,0,0
490,1439,-969,204,269,529,0,0
232,593,-513,219,-315,-288,0,0
173,127,-166,-143,-788,-555,0,0
206,339,98,-162,-1192,-566,0,0
78,110,233,-240,-1126,-786,0,0
-152,-26,393,-126,-1090,-737,0,0
-481,-282,636,1684,-1477,-1454,0,0
-546,-742,478,4597,-2087,-2469,0,0
-228,39,-128,6749,-1746,-1907,0,0
-37,861,381,7018,-2371,-2507,0,0
-6,-298,888,5248,-2321,-2394,0,0
-81,-635,607,4203,-1658,-2294,0,0
80,48,280,5541,-2196,-3453,0,0
347,-170,8,6185,-3106,-3188,0,0
339,-202,-42,6588,-3760,-2836,0,0
249,-295,298,6829,-3688,-3165,0,0
134,-948,640,5901,-3321,-2728,0,0
-70,-1023,540,5280,-2675,-2360,0,0
-219,-581,117,5009,-2230,-2265,0,0
-192,-251,-530,4243,-1836,-1888,0,0
-101,89,-1216,2614,-1367,-1592,0,0
171,728,-1743,1017,-816,-1007,0,0
494,1334,-1555,587,-715,-52,0,0
365,865,-890,278,-864,440,0,0
-78,147,-428,44,-887,44,0,0
-291,119,-121,-344,-795,-243,0,0
-322,316,104,-270,-748,-376,0,0
-366,228,206,3,-442,-637,0,0
-335,-58,345,177,-237,-577,0,0
-244,-350,628,1375,-687,-784,0,0
-101,-763,596,3550,-1375,-1617,0,0
344,-125,-34,5837,-1815,-2747,0,0
783,507,-274,6987,-1347,-2856,0,0
616,-94,-47,4731,-2050,-1606,0,0
65,-380,196,2791,-2385,-1925,0,0
-80,-111,-68,3230,-2630,-2624,0,0
41,-76,-526,4982,-3105,-2732,0,0
-27,266,-534,6590,-2913,-3054,0,0
-251,-351,-2080,7146,-2660,-3202,0,0
-431,-891,410,5727,-2438,-2783,0,0
-512,-462,723,5190,-2338,-3001,0,0
-616,-675,763,5193,-2301,-3236,0,0
-571,-643,630,5020,-2009,-2845,0,0
-509,26,343,4470,-1634,-2130,0,0
-316,719,-91,3219,-794,-1586,0,0
126,1213,-627,1803,16,-844,0,0
576,1373,-1126,1108,430,5,0,0
623,1211,-1136,605,209,716,0,0
338,933,-668,384,6,191,0,0
191,258,-172,345,-378,-476,0,0
208,-155,9,37,-778,-433,0,0
201,-95,45,-36,-958,-580,0,0
149,-176,136,126,-819,-923,0,0
32,-661,352,617,-1066,-937,0,0
-182,-1103,700,2675,-1793,-1777,0,0
-381,-1151,642,4746,-2273,-2287,0,0
-416,-6,422,5778,-1598,-2928,0,0
-223,722,580,6890,-2223,-3269,0,0
-246,-669,829,6236,-2291,-2549,0,0
-243,-890,921,5107,-1451,-2598,0,0
84,-81,687,5698,-1834,-3366,0,0
358,-169,262,6482,-2830,-3576,0,0
455,-209,246,6824,-3082,-3480,0,0
309,-658,421,6028,-3264,-3588,0,0
80,-1234,397,5036,-3247,-3349,0,0
-60,-953,139,4243,-2668,-3156,0,0
-52,-318,-369,3527,-2000,-2593,0,0
24,196,-940,2190,-1286,-1819,0,0
220,765,-1035,1062,-1051,-509,0,0
244,598,-735,416,-777,75,0,0
31,-34,-462,-236,-492,302,0,0
-106,-337,-227,-238,-368,251,0,0
-75,-174,56,-266,-358,-101,0,0
54,-200,242,-134,-323,-483,0,0
179,-471,282,-178,-252,-302,0,0
207,-579,385,322,-523,-483,0,0
100,-904,545,1574,-1141,-1703,0,0
103,-1064,178,3580,-2483,-3406,0,0
279,10,-622,4884,-2445,-4876,0,0
602,806,-592,5143,-2299,-4085,0,0
383,-367,-129,4156,-3655,-2640,0,0
-239,-689,452,2669,-2884,-3429,0,0
-182,-372,501,3275,-2908,-4464,0,0
76,-224,175,3790,-3703,-3749,0,0
-119,271,144,4830,-3416,-4237,0,0
-366,128,247,5153,-2998,-5125,0,0
-423,-282,398,4040,-2918,-4278,0,0
-518,202,461,3633,-2977,-3980,0,0
-596,536,243,3907,-2663,-3736,0,0
-550,627,-86,3743,-1768,-2866,0,0
-294,854,-360,3182,-722,-2217,0,0
133,773,-750,1986,-242,-1234,0,0
460,1046,-1089,1066,67,-359,0,0
622,1169,-1023,998,436,-72,0,0
558,464,-505,730,84,61,0,0
300,-189,-28,4,-478,-123,0,0
216,-336,211,-301,-900,-570,0,0
334,-266,254,-579,-1241,-599,0,0
332,-348,309,-393,-1016,-589,0,0
166,-543,601,385,-1122,-1186,0,0
-67,-912,775,2667,-2381,-2734,0,0
-263,-872,121,4633,-2793,-3321,0,0
-285,725,-39,5136,-2000,-3021,0,0
-298,705,343,5200,-2981,-3315,0,0
-458,-548,470,4225,-2809,-3215,0,0
-366,-297,436,4660,-2455,-4013,0,0
64,57,240,5242,-2852,-4180,0,0
277,-104,122,5440,-3250,-3847,0,0
182,-62,262,5547,-3117,-4212,0,0
80,-321,436,4785,-3006,-3916,0,0
-24,-393,401,4530,-3144,-3758,0,0
-68,-173,255,4642,-3000,-4036,0,0
57,-117,-74,4093,-2496,-3318,0,0
160,197,-596,3034,-2087,-2426,0,0
133,650,-1161,1384,-1548,-1510,0,0
244,1259,-1463,125,-784,-455,0,0
280,1467,-1307,233,-575,209,0,0
-148,654,-824,707,-827,288,0,0
-555,74,-199,326,-943,139,0,0
-563,203,301,-55,-738,-307,0,0
-377,75,547,-57,-397,-513,0,0
-185,-274,629,-38,-213,-479,0,0
-53,-558,764,824,-315,-1032,0,0
100,-1120,690,2268,-648,-1825,0,0
447,-879,234,4162,-1835,-2571,0,0
701,-140,-46,5319,-1682,-3971,0,0
865,-106,-55,4973,-2268,-2878,0,0
413,-281,-21,4716,-3645,-2659,0,0
-155,-182,-61,3630,-3006,-3579,0,0
-48,72,-302,3881,-3269,-3280,0,0
-53,153,-339,4450,-3664,-3143,0,0
-322,148,87,5018,-3007,-4091,0,0
-454,-348,424,4811,-2874,-4217,0,0
-463,-328,559,4413,-3232,-3820,0,0
-527,-168,503,4608,-3360,-4086,0,0
-517,-160,303,4244,-2739,-3794,0,0
-433,314,92,3675,-1952,-2637,0,0
-365,545,-152,3314,-1081,-1969,0,0
-57,505,-454,2431,-464,-1361,0,0
416,934,-822,1718,-195,-384,0,0
607,1402,-1002,1321,134,273,0,0
487,1238,-674,768,182,48,0,0
283,201,-247,382,-188,-173,0,0
185,-343,22,-102,-714,-461,0,0
212,-203,277,-460,-1066,-495,0,0
128,-323,399,-609,-1021,-303,0,0
-59,-573,483,-256,-961,-744,0,0
-241,-615,706,800,-1473,-1480,0,0
-465,-748,828,2726,-2386,-2167,0,0
-579,-188,496,4593,-3193,-2935,0,0
-365,420,356,5560,-2432,-2938,0,0
-114,268,499,6316,-2921,-2842,0,0
-84,-75,379,5526,-2122,-3477,0,0
207,117,121,5583,-1974,-3782,0,0
513,-107,-277,5987,-2766,-3899,0,0
577,-114,-408,5822,-3155,-3499,0,0
335,-121,-365,6378,-3269,-4000,0,0
90,-636,-162,5757,-3552,-3739,0,0
-29,-834,140,5311,-3331,-3283,0,0
-113,-833,241,5307,-2831,-3702,0,0
62,-631,242,4844,-2813,-3483,0,0
158,-568,67,3183,-2442,-2716,0,0
210,-290,-463,317,-1665,-1319,0,0
451,526,-566,-1013,-1024,-60,0,0
279,487,-146,-1524,-707,746,0,0
-473,-55,22,-844,-575,616,0,0
-774,166,197,-75,-414,-121,0,0
-563,615,365,-132,-212,430,0,0
-453,512,497,50,58,567,0,0
-364,188,526,297,17,-301,0,0
-98,23,434,919,-420,-1008,0,0
156,-335,258,2267,-1087,-2162,0,0
437,-174,-44,3564,-2395,-3399,0,0
560,415,-326,4643,-2605,-4433,0,0
537,398,-592,5315,-3014,-3603,0,0
167,-81,-567,4683,-3740,-3420,0,0
-136,-19,-364,3898,-3163,-4216,0,0
-17,-120,-286,3728,-3202,-3403,0,0
-74,-280,78,3688,-3316,-2859,0,0
-353,-328,560,4230,-3227,-3534,0,0
-482,-530,731,4593,-3307,-3869,0,0
-437,-368,740,4515,-3281,-3663,0,0
-397,52,628,4484,-3124,-3992,0,0
-354,129,305,4031,-2432,-3894,0,0
-325,482,-49,3351,-1653,-3043,0,0
-257,816,-351,2971,-1018,-2443,0,0
8,701,-729,2439,-671,-1408,0,0
318,920,-1163,1811,-493,-486,0,0
548,1326,-1423,1103,225,16,0,0
645,1353,-1128,991,288,214,0,0
529,264,-471,685,56,-9,0,0
489,-495,-157,-138,-318,-153,0,0
620,-297,-2,-188,-895,-353,0,0
731,-297,-17,-306,-1017,-407,0,0
540,-391,-114,62,-1241,-427,0,0
264,-293,97,2460,-1894,-1837,0,0
-17,-448,154,4979,-3068,-2595,0,0
-302,-219,-118,6202,-2227,-2260,0,0
-343,216,219,5938,-2258,-2493,0,0
-375,-662,716,4901,-2747,-2431,0,0
-499,-887,631,4124,-2408,-2605,0,0
-363,-32,397,4492,-2249,-4112,0,0
-59,-99,30,5587,-2956,-4183,0,0
-69,-74,-217,6641,-2980,-4028,0,0
-34,35,194,6552,-2612,-3775,0,0
-9,-684,476,5368,-2978,-3166,0,0
40,-537,486,5045,-2823,-3534,0,0
271,-152,462,4959,-1920,-3480,0,0
375,-417,353,3357,-1814,-2136,0,0
60,-39,-75,1632,-2507,-1004,0,0
-284,1044,-691,340,-1669,-665,0,0
-195,1906,-953,-439,-404,-597,0,0
-185,1550,-733,-108,-452,176,0,0
-484,577,-306,270,-622,515,0,0
-702,251,82,438,-609,232,0,0
-683,305,314,224,-468,-394,0,0
-456,358,342,161,-209,-747,0,0
-229,220,364,950,-242,-790,0,0
-113,-369,514,2175,-467,-1477,0,0
144,-630,443,3831,-1121,-1920,0,0
483,-30,38,5493,-1417,-2722,0,0
799,295,-70,5361,-1320,-2517,0,0
648,-68,92,4756,-2439,-2018,0,0
87,-507,311,4319,-2895,-2669,0,0
-5,-600,301,3856,-2902,-2758,0,0
146,-376,94,4117,-3299,-2287,0,0
17,86,-77,5032,-3635,-2959,0,0
-73,89,0,6163,-3127,-3915,0,0
-90,-298,265,5664,-2953,-3216,0,0
-316,-257,444,4778,-3128,-2807,0,0
-521,-56,359,4282,-3007,-2912,0,0
-593,119,-17,4349,-2758,-2649,0,0
-574,318,-499,4584,-2071,-2208,0,0
-438,530,-778,3750,-1443,-1764,0,0
-194,781,-1037,2675,-643,-1414,0,0
193,1155,-1272,1932,378,-1000,0,0
512,1275,-1218,1229,539,-1,0,0
417,639,-609,1051,249,18,0,0
260,-297,35,171,81,-345,0,0
356,-403,351,-311,-513,-213,0,0
413,-403,470,-204,-1009,-306,0,0
382,-516,428,-496,-1039,-332,0,0
331,-423,500,-1,-932,-526,0,0
84,-752,698,1396,-1313,-1037,0,0
-159,-1180,682,3100,-1892,-1889,0,0
-233,-802,387,4578,-2967,-2337,0,0
-152,130,206,5194,-2773,-2628,0,0
-17,458,361,5541,-3101,-2484,0,0
-293,71,624,5660,-3168,-3160,0,0
-358,144,624,6137,-2666,-3944,0,0
-29,-45,420,5971,-2539,-3556,0,0
137,-152,129,6033,-2851,-2986,0,0
204,-59,68,5774,-2749,-3248,0,0
404,-127,21,5444,-3203,-3037,0,0
442,-143,-35,5551,-3534,-2848,0,0
324,-73,14,5304,-2794,-2775,0,0
249,-107,-266,4599,-2231,-2096,0,0
89,109,-750,3155,-2085,-1699,0,0
-23,450,-1311,1155,-1451,-1044,0,0
44,1149,-1488,-211,-794,-358,0,0
14,1181,-921,-633,-712,-384,0,0
-356,59,-509,-856,-830,-101,0,0
-461,-253,-273,-498,-947,117,0,0
-303,398,104,91,-1084,96,0,0
-247,521,447,382,-537,-248,0,0
-220,133,851,673,-198,-334,0,0
-184,-389,1032,2059,-539,-400,0,0
32,-787,675,4014,-1091,-1294,0,0
342,-440,216,5238,-1871,-2023,0,0
345,-148,71,5434,-1486,-2621,0,0
220,-201,-6,4691,-1901,-2238,0,0
5,-350,-88,4724,-2668,-2406,0,0
-30,-490,-326,4277,-2778,-2319,0,0
183,112,-618,4504,-3027,-2269,0,0
155,323,-470,5129,-2929,-2940,0,0
14,-267,-91,5217,-2706,-2707,0,0
-117,-414,267,5144,-3073,-2446,0,0
-282,-271,465,5132,-3245,-3251,0,0
-341,-302,457,5185,-3236,-3524,0,0
-400,-117,304,5194,-2764,-2995,0,0
-501,176,177,5214,-2073,-2431,0,0
-493,222,-29,4098,-1391,-1778,0,0
-171,603,-217,3055,-831,-1286,0,0
210,686,-352,2224,-434,-525,0,0
385,774,-612,1279,-59,181,0,0
387,1021,-858,460,440,234,0,0
341,658,-751,270,486,21,0,0
258,83,-438,273,-201,-82,0,0
164,-205,-155,-47,-844,-327,0,0
177,-171,111,-114,-1078,-529,0,0
179,-187,275,-78,-1192,-462,0,0
68,-266,536,741,-1432,-657,0,0
-158,-520,916,2756,-2120,-1734,0,0
-281,-976,928,4711,-2544,-1776,0,0
-333,-577,507,6147,-2105,-1756,0,0
-245,153,559,5640,-1992,-2120,0,0
-182,-36,476,5324,-2181,-2366,0,0
-191,60,44,5883,-2111,-3432,0,0
75,183,-180,6084,-2125,-3746,0,0
246,-266,-378,6385,-2599,-3366,0,0
231,-215,-308,6158,-3074,-3653,0,0
199,-415,-133,5574,-3124,-3418,0,0
97,-615,-15,5285,-3250,-2852,0,0
-2,-477,277,5253,-3029,-2935,0,0
42,-271,365,4635,-2486,-2492,0,0
59,-102,236,3705,-2104,-2057,0,0
-5,-49,-67,2263,-1358,-1577,0,0
23,164,-312,1464,-737,-901,0,0
119,278,-347,771,-423,-71,0,0
63,429,-296,476,-528,623,0,0
-124,288,53,565,-678,330,0,0
-272,-139,331,-85,-761,124,0,0
-293,-92,446,-360,-715,-13,0,0
-280,18,501,-178,-463,-386,0,0
-297,-175,527,67,-319,-509,0,0
-374,-419,682,725,-486,-842,0,0
-306,-663,725,1860,-1032,-1577,0,0
12,-301,228,3678,-2225,-2490,0,0
293,701,-375,4868,-2192,-3417,0,0
463,1393,-242,5711,-2857,-2930,0,0
144,108,70,5136,-3478,-3347,0,0
114,-272,116,4081,-2894,-3457,0,0
377,99,46,4805,-3523,-2533,0,0
265,-187,74,5058,-3722,-2929,0,0
161,-396,224,5321,-3287,-3290,0,0
-11,-670,96,5277,-3447,-2972,0,0
-186,-189,-53,4720,-3513,-3136,0,0
-356,71,-266,4262,-3395,-2743,0,0
-586,86,-756,3417,-2375,-4088,0,0
-507,522,-1232,4162,-1272,-1815,0,0
-207,912,-1378,4775,-1518,-1909,0,0
-33,1055,-1057,3626,-1302,-1441,0,0
-34,1085,-774,2162,-311,-914,0,0
11,1058,-703,1262,341,-725,0,0
149,584,-405,633,620,-304,0,0
210,-207,90,1,355,61,0,0
242,-699,274,-221,-295,-29,0,0
389,-637,257,-249,-792,-69,0,0
481,-559,287,-339,-822,107,0,0
385,-593,433,76,-1024,-391,0,0
136,-569,658,1402,-1827,-1246,0,0
-194,-791,753,3601,-2543,-2161,0,0
-473,-552,520,5316,-2973,-2866,0,0
-430,142,133,6149,-2304,-2987,0,0
-364,286,334,5630,-2322,-2846,0,0
-452,275,521,4751,-2390,-3381,0,0
-317,398,440,5520,-2840,-3767,0,0
41,278,280,6538,-3575,-2993,0,0
43,591,473,7385,-3558,-3003,0,0
-181,-1,827,6503,-2621,-3611,0,0
-79,-610,823,5255,-2276,-3087,0,0
67,-500,541,5344,-2247,-2664,0,0
212,-282,-139,4875,-1959,-2163,0,0
389,-33,-792,3488,-1581,-1758,0,0
414,51,-1358,1631,-1348,-859,0,0
392,611,-1656,295,-1392,272,0,0
346,1069,-1552,-68,-1210,149,0,0
175,939,-1164,438,-819,182,0,0
-168,314,-478,772,-793,229,0,0
-452,2,81,36,-706,84,0,0
-487,-46,339,-226,-386,-612,0,0
-280,-257,386,-240,-79,-579,0,0
-40,-202,448,440,-77,-381,0,0
162,-437,369,1763,-528,-1109,0,0
501,-337,-186,4211,-1519,-1676,0,0
774,313,-482,5857,-793,-2226,0,0
786,202,16,5602,-1075,-1729,0,0
281,-198,315,4957,-2257,-1960,0,0
-122,-191,326,5285,-2503,-2609,0,0
-86,-422,152,5263,-2687,-2019,0,0
-48,21,112,5397,-3326,-2047,0,0
-147,131,122,6312,-3188,-3186,0,0
-54,-309,66,6855,-2871,-3455,0,0
97,-301,280,6580,-3151,-2872,0,0
-100,-489,523,5546,-3125,-2617,0,0
-382,-536,583,4900,-2830,-2756,0,0
-470,-288,493,4337,-2501,-2518,0,0
-498,-1,153,3694,-2172,-1534,0,0
-546,174,-312,3027,-1251,-1408,0,0
-168,612,-478,2265,-289,-682,0,0
160,934,-442,942,210,698,0,0
200,986,-432,99,637,407,0,0
234,447,-397,98,398,-166,0,0
180,-118,-323,-239,-94,146,0,0
96,21,-162,-168,-598,-323,0,0
24,-61,-140,-408,-915,-521,0,0
-66,-149,-124,-421,-1054,-471,0,0
-189,-221,173,341,-1359,-905,0,0
-410,-483,526,1913,-1932,-1779,0,0
-510,-451,545,4719,-2387,-2576,0,0
-460,-58,430,6045,-1941,-2755,0,0
-257,299,520,6555,-2064,-2755,0,0
-183,-147,822,5464,-2306,-2557,0,0
-194,-343,709,5268,-2214,-2918,0,0
-58,-403,216,6452,-2286,-3745,0,0
335,-202,-251,7111,-2346,-3436,0,0
578,159,-272,7367,-2501,-3223,0,0
530,-359,-71,5641,-2715,-2923,0,0
436,-421,-57,4699,-2674,-2597,0,0
371,-91,-242,5161,-2351,-2380,0,0
376,-71,-403,5068,-2114,-1849,0,0
376,159,-546,4144,-1969,-1389,0,0
340,360,-838,2182,-1524,-791,0,0
300,689,-1103,355,-1224,-70,0,0
175,960,-1103,-389,-781,6,0,0
-139,910,-891,-136,-676,63,0,0
-485,637,-446,632,-772,-217,0,0
-673,228,17,585,-716,-235,0,0
-604,158,285,445,-471,-362,0,0
-434,-131,508,205,-252,-337,0,0
-297,-376,749,546,-138,-362,0,0
-134,-662,672,2019,-316,-737,0,0
222,-576,69,4277,-852,-950,0,0
560,36,-224,5708,-540,-1679,0,0
503,-70,69,5965,-1432,-1974,0,0
-13,-772,261,5676,-1799,-2992,0,0
-13,-991,484,5247,-2328,-3483,0,0
200,-878,453,5167,-3468,-2640,0,0
120,-171,324,5263,-3453,-2977,0,0
31,20,381,6067,-2937,-4394,0,0
4,-901,450,6402,-3094,-4208,0,0
-83,-1074,760,5471,-3089,-3322,0,0
-355,-849,862,4950,-3157,-3401,0,0
-613,-805,487,4125,-2643,-3271,0,0
-703,-554,-158,3193,-1624,-2478,0,0
-601,343,-665,2559,-1115,-2358,0,0
-239,586,-803,2102,-666,-1000,0,0
109,470,-599,1018,-504,49,0,0
423,608,-164,680,-100,-360,0,0
462,-587,89,102,255,-294,0,0
536,-859,222,-467,-115,-59,0,0
577,-360,326,-517,-473,-400,0,0
426,-391,246,-897,-403,-316,0,0
249,-553,249,-682,-581,-501,0,0
-63,-700,282,-181,-902,-684,0,0
-382,-653,250,1118,-1659,-2073,0,0
-492,-216,151,3403,-2843,-4063,0,0
-418,-121,-246,4971,-2442,-4171,0,0
-229,-144,-200,5515,-3186,-4284,0,0
-278,-398,69,4459,-3053,-3893,0,0
-534,-315,52,4386,-2715,-4777,0,0
-426,-62,-442,4691,-2956,-6123,0,0
55,770,-1025,6129,-2943,-6365,0,0
-28,680,-269,6281,-2252,-6397,0,0
-147,-964,221,4414,-2321,-5107,0,0
158,-854,366,3677,-2538,-3969,0,0
528,-632,483,3456,-2485,-3910,0,0
778,-775,374,2750,-2090,-3593,0,0
857,-277,134,1675,-1413,-2650,0,0
686,457,-227,287,-946,-658,0,0
279,1220,-563,-507,-713,221,0,0
-104,1658,-680,-300,-421,53,0,0
-314,1303,-424,767,-449,-39,0,0
-455,712,20,763,-679,206,0,0
-384,697,442,207,-824,-196,0,0
-53,478,673,-300,-543,-685,0,0
267,168,764,-756,-336,-268,0,0
358,119,857,-56,-318,-945,0,0
359,-231,652,1077,-748,-1877,0,0
590,204,-30,3861,-2024,-2521,0,0
762,802,-495,5673,-1931,-2838,0,0
674,472,-361,5999,-2838,-2437,0,0
330,-187,-327,5272,-3379,-2987,0,0
211,-159,-358,5125,-4111,-3047,0,0
138,72,-487,6147,-5041,-3925,0,0
51,-1,-471,7081,-4542,-4243,0,0
-140,-653,-46,7043,-3755,-4213,0,0
-387,-1031,604,4578,-3514,-3243,0,0
-626,-774,867,3266,-3091,-2770,0,0
-720,-577,619,2980,-2800,-2871,0,0
-621,-71,227,3670,-2500,-2666,0,0
-491,334,-160,3688,-1830,-2051,0,0
-305,668,-446,2639,-1076,-1705,0,0
25,1074,-879,1203,-278,-876,0,0
243,1665,-1162,550,271,-181,0,0
106,1029,-1077,922,484,-582,0,0
-74,241,-786,585,42,-419,0,0
-162,-12,-325,136,-643,-307,0,0
-190,-220,-9,-228,-1223,-737,0,0
-86,-217,124,-704,-1282,-891,0,0
-21,-426,379,-513,-1135,-764,0,0
-183,-717,744,485,-1564,-1015,0,0
-358,-836,944,2091,-1996,-2416,0,0
-266,-648,857,4325,-2470,-2665,0,0
-310,-333,619,5883,-2500,-2962,0,0
-141,108,313,6315,-2588,-3400,0,0
57,151,298,6153,-2233,-4183,0,0
222,-104,213,5622,-2375,-4201,0,0
253,-230,89,5157,-2897,-4028,0,0
279,-100,-170,5342,-3200,-4180,0,0
271,123,-126,5739,-3321,-4384,0,0
203,-328,159,5205,-3106,-4200,0,0
196,-706,397,4490,-2992,-3877,0,0
258,-793,343,4594,-2853,-3399,0,0
274,-679,-24,3995,-2385,-2431,0,0
227,-130,-360,2415,-1565,-2171,0,0
212,8,-806,444,-1003,-1078,0,0
134,394,-1114,-793,-992,464,0,0
40,968,-992,-458,-876,49,0,0
-125,599,-678,274,-904,30,0,0
-260,385,-195,528,-941,5,0,0
-308,325,302,-145,-571,45,0,0
-244,194,497,-509,-241,-190,0,0
-89,122,588,-274,-268,-381,0,0
53,-76,618,532,-417,-894,0,0
188,-192,338,2230,-1233,-1809,0,0
362,284,-105,4800,-1875,-2892,0,0
389,270,-174,5346,-1770,-2862,0,0
298,228,-52,4837,-2489,-2794,0,0
68,349,17,4674,-3172,-3190,0,0
-117,-97,-20,4640,-3142,-3018,0,0
-119,-120,0,4667,-3815,-3093,0,0
13,124,-101,5201,-3818,-3914,0,0
68,-228,-336,6365,-3331,-4127,0,0
1,-58,-204,6190,-2923,-4009,0,0
-181,-284,181,5116,-2880,-3802,0,0
-300,-613,305,4320,-3421,-3416,0,0
-369,-437,510,4282,-3788,-3079,0,0
-578,-555,717,3563,-3081,-2300,0,0
-559,-164,521,2573,-1724,-1816,0,0
-199,631,4,2107,-682,-1147,0,0
219,1001,-571,2073,-19,-874,0,0
505,972,-837,1507,251,-462,0,0
453,719,-683,548,292,-75,0,0
281,318,-399,318,175,-339,0,0
203,-192,-163,45,-196,-178,0,0
143,-500,41,-390,-720,-115,0,0
192,-474,151,-763,-930,-266,0,0
251,-419,196,-545,-1076,-400,0,0
121,-523,206,382,-1284,-727,0,0
-166,-414,324,2040,-1879,-1481,0,0
-488,-120,343,3907,-2528,-2605,0,0
-639,74,-6,5109,-2586,-2660,0,0
-574,498,-318,6025,-2448,-2973,0,0
-485,313,-340,6585,-2414,-3911,0,0
-289,145,-363,6181,-2036,-4506,0,0
94,435,-314,6148,-2502,-4769,0,0
140,-35,-113,5781,-3352,-4302,0,0
-15,-81,202,5574,-3224,-4165,0,0
-94,-205,579,5728,-2756,-4053,0,0
-14,-723,746,5391,-2248,-3565,0,0
213,-714,764,5004,-2177,-3427,0,0
378,-694,563,4307,-2100,-3166,0,0
419,-679,172,3153,-1596,-2071,0,0
319,-286,-171,1817,-1155,-1031,0,0
169,109,-450,160,-982,0,0,0
98,600,-756,-764,-1058,175,0,0
106,855,-966,-255,-871,38,0,0
11,734,-580,500,-656,399,0,0
-244,312,-17,678,-792,84,0,0
-339,152,424,377,-570,-266,0,0
-286,-28,652,176,-266,-404,0,0
-179,-293,714,343,-152,-543,0,0
-40,-429,676,1030,-510,-989,0,0
99,-315,349,1795,-1381,-1945,0,0
212,367,-19,2784,-2066,-2814,0,0
150,881,-306,4691,-2523,-3814,0,0
16,1020,-423,5978,-3091,-3681,0,0
-231,634,-29,6161,-3623,-3840,0,0
-235,163,94,5955,-3878,-3185,0,0
-46,501,118,6806,-4142,-3232,0,0
-17,331,345,7232,-3686,-4025,0,0
-126,-388,671,6301,-2779,-3518,0,0
-316,-699,732,4806,-2530,-3068,0,0
-325,-391,220,3757,-2360,-2572,0,0
-209,97,-569,3094,-1998,-1921,0,0
-60,343,-1127,2235,-1094,-1065,0,0
181,603,-1432,1392,-188,-470,0,0
423,1033,-1598,987,-234,63,0,0
510,1495,-1393,794,-266,199,0,0
403,1013,-883,752,117,-90,0,0
216,169,-385,924,-194,-596,0,0
59,-292,-20,194,-772,-273,0,0
-71,-449,246,-167,-984,-221,0,0
-67,-748,390,235,-1022,-686,0,0
-89,-1132,465,1280,-1314,-707,0,0
-292,-1071,400,3587,-1675,-1247,0,0
-444,-430,180,5689,-1975,-2282,0,0
-205,85,52,6355,-2174,-2456,0,0
-216,-254,453,5187,-2561,-2267,0,0
-385,46,623,5019,-2153,-3396,0,0
-225,-74,434,5357,-1972,-3573,0,0
-36,0,270,6344,-2585,-3555,0,0
-42,-149,417,7112,-2886,-4273,0,0
4,-892,506,5987,-2875,-3598,0,0
56,-550,661,5184,-2889,-3514,0,0
82,-592,633,5172,-2504,-3728,0,0
275,-851,449,4805,-2139,-3228,0,0
363,-784,235,3914,-2229,-3038,0,0
342,-541,-271,2383,-1726,-1885,0,0
337,131,-720,1336,-902,-433,0,0
379,716,-822,76,-768,533,0,0
272,851,-663,-504,-1046,803,0,0
-25,681,-359,93,-991,432,0,0
-257,473,-23,149,-919,250,0,0
-350,573,157,-96,-492,172,0,0
-378,502,241,88,-109,-332,0,0
-238,266,385,146,20,-583,0,0
-95,-47,470,1242,-341,-1022,0,0
65,-154,354,2858,-770,-1953,0,0
256,-132,124,4738,-1863,-2542,0,0
399,159,-43,5114,-1852,-3005,0,0
410,-20,2,4700,-2822,-2832,0,0
148,-105,56,4569,-4189,-3593,0,0
0,-143,75,4917,-3845,-3586,0,0
29,-118,-130,5546,-3428,-3173,0,0
-20,94,-193,6213,-3482,-3767,0,0
-77,-219,-261,6536,-2961,-3864,0,0
-161,-410,-77,5745,-2904,-3341,0,0
-290,-340,206,4910,-3224,-3323,0,0
-264,-413,157,4642,-3138,-3021,0,0
-211,-334,164,4009,-2686,-2204,0,0
-242,88,251,2178,-1649,-1300,0,0
-114,787,-48,747,-552,-508,0,0
169,1116,-558,-12,154,380,0,0
382,1131,-914,443,407,739,0,0
278,756,-881,716,110,268,0,0
163,631,-635,13,-75,-215,0,0
183,444,-433,129,-398,-720,0,0
110,-31,-439,304,-708,-787,0,0
-14,-184,-279,251,-867,-663,0,0
-130,-241,93,390,-1150,-1032,0,0
-279,-346,424,1801,-1932,-1862,0,0
-424,-650,670,4393,-2475,-2007,0,0
-682,-213,787,6595,-3119,-1785,0,0
-737,631,920,6623,-2609,-2140,0,0
-623,119,905,7159,-2206,-2551,0,0
-404,-352,357,6940,-1120,-2597,0,0
5,-127,-14,5639,-1669,-3470,0,0
393,-380,-494,5819,-2670,-4132,0,0
484,-503,-787,6403,-2982,-3919,0,0
726,-20,-608,1858,-1094,-351,0,0
1040,15,-472,16,-849,106,0,0
1089,-275,-392,-774,-428,92,0,0
909,-274,-470,-645,-573,162,0,0
533,142,-622,-49,-737,-263,0,0
132,191,-546,997,-806,-1285,0,0
-135,-250,-185,2058,-1283,-1864,0,0
-357,-181,261,3319,-2380,-2382,0,0
-476,-75,432,4467,-2623,-3822,0,0
-151,20,423,5197,-2918,-3255,0,0
-81,65,743,5473,-3723,-2815,0,0
-334,62,1070,4763,-3541,-3811,0,0
-231,193,1053,4892,-3359,-4539,0,0
-86,-47,658,6019,-3967,-4453,0,0
-187,200,664,6653,-3942,-4206,0,0
-361,-60,838,6682,-3045,-4409,0,0
-160,-677,544,5885,-2276,-3238,0,0
176,-487,89,5305,-1757,-2295,0,0
345,-168,-543,3675,-1251,-2149,0,0
406,192,-1254,1575,-1040,-1380,0,0
436,860,-1752,249,-1261,-688,0,0
526,1010,-1747,-450,-1256,-440,0,0
409,788,-1322,-743,-1146,328,0,0
-55,369,-768,277,-1322,87,0,0
-474,-89,-427,331,-1072,-341,0,0
-473,258,-251,233,-644,-338,0,0
-259,235,-47,780,-409,-645,0,0
-18,-268,250,1459,-487,-923,0,0
166,-677,483,2197,-689,-1195,0,0
252,-577,513,3477,-1182,-2035,0,0
387,-437,387,4407,-1226,-3186,0,0
539,-544,108,4587,-1564,-3260,0,0
397,-208,-30,5024,-2764,-3031,0,0
-17,10,146,5334,-3535,-3468,0,0
-175,187,247,5214,-3800,-2903,0,0
-299,431,294,6241,-3652,-3315,0,0
-381,381,498,7234,-3296,-4197,0,0
-366,86,858,6548,-3135,-3307,0,0
-530,-72,1058,5800,-2997,-3136,0,0
-624,-199,919,4770,-2483,-3068,0,0
-524,-235,404,3700,-1726,-2624,0,0
-401,34,-313,2506,-949,-1543,0,0
-216,520,-1053,1350,144,-265,0,0
128,997,-1359,432,848,255,0,0
398,854,-1118,229,536,-76,0,0
339,-179,-834,75,-303,-535,0,0
259,-485,-553,-438,-1475,-441,0,0
214,-578,-326,-361,-1920,-1238,0,0
330,-1159,-10,-891,-1267,-1946,0,0
404,-1414,529,-437,-1556,-941,0,0
-103,-1625,1010,1810,-2380,-1665,0,0
-315,-1480,1117,4007,-1840,-4442,0,0
236,-993,1420,4358,-2473,-3163,0,0
262,-564,1628,3874,-3403,-2999,0,0
187,-412,1646,3281,-3043,-3674,0,0
158,-125,1162,3261,-2667,-3788,0,0
63,110,497,4429,-2996,-4707,0,0
220,240,-333,4594,-3823,-4844,0,0
471,1062,-781,5605,-4279,-4660,0,0
295,478,-506,4989,-4033,-4726,0,0
77,-154,-254,3815,-3896,-4354,0,0
45,20,-300,3662,-3404,-3879,0,0
70,113,-466,2954,-2653,-3158,0,0
33,62,-748,1511,-2216,-2020,0,0
21,525,-1159,427,-1565,-1037,0,0
174,1014,-1347,435,-704,-2816,0,0
120,776,-1074,667,-753,205,0,0
-119,473,-491,1091,-1137,537,0,0
-358,367,104,455,-874,50,0,0
-378,400,359,-401,-416,-473,0,0
-257,165,359,-361,-241,-788,0,0
-153,-127,385,-63,-316,-628,0,0
-144,-296,517,778,-494,-1070,0,0
-81,-564,413,2380,-1041,-2285,0,0
266,-189,65,4177,-2124,-2840,0,0
457,143,126,4691,-2425,-3066,0,0
291,19,168,4731,-3110,-3735,0,0
-57,-251,187,4355,-3253,-3846,0,0
-261,-148,239,4124,-3056,-3737,0,0
-190,43,180,4455,-3990,-3866,0,0
-165,175,119,5175,-4174,-4647,0,0
-149,197,144,5945,-3758,-4589,0,0
-322,-66,535,5410,-3346,-3768,0,0
-590,-172,789,4064,-2970,-3554,0,0
-586,130,551,3962,-2783,-3843,0,0
-443,82,111,3979,-2484,-3155,0,0
-442,-16,-265,3096,-1660,-2285,0,0
-244,601,-659,1495,-610,-1585,0,0
315,1257,-1057,554,278,-509,0,0
676,1140,-1108,243,407,626,0,0
622,305,-796,788,189,163,0,0
501,-377,-450,251,-186,-179,0,0
461,-190,-402,-307,-618,-208,0,0
382,53,-585,-322,-781,-816,0,0
298,-120,-623,-272,-894,-710,0,0
39,-206,-366,669,-1613,-1237,0,0
-323,-559,102,2732,-2338,-2568,0,0
-456,-1108,628,4585,-2540,-2929,0,0
-428,-1102,696,4890,-2244,-3099,0,0
-105,46,349,4517,-2168,-3074,0,0
136,422,230,4975,-2396,-3096,0,0
8,23,276,4931,-2365,-3489,0,0
24,148,411,4869,-2294,-3852,0,0
199,-73,273,5247,-2438,-3810,0,0
349,-252,210,5610,-2603,-3643,0,0
386,-241,370,5136,-2572,-3863,0,0
364,-387,356,4451,-3038,-3613,0,0
291,-359,261,4133,-3239,-3291,0,0
176,-153,124,3840,-3123,-2967,0,0
-26,33,-121,3375,-2772,-2462,0,0
-258,197,-513,2475,-1934,-1714,0,0
-313,638,-919,1801,-944,-1028,0,0
-158,871,-953,1752,-612,-731,0,0
-11,369,-755,1379,-847,-393,0,0
41,125,-192,1192,-1196,-27,0,0
-94,-417,527,485,-1148,40,0,0
-204,-689,821,-325,-926,-246,0,0
-124,-160,854,-625,-551,-326,0,0
-55,109,951,211,-322,-466,0,0
-140,-503,1065,1291,-539,-1385,0,0
-184,-657,891,2493,-1444,-2091,0,0
-162,-194,556,4002,-1722,-3607,0,0
61,-210,193,4242,-1626,-3814,0,0
199,-200,-57,3930,-2595,-3361,0,0
35,-75,-74,3693,-3248,-4184,0,0
19,-284,-146,3466,-3566,-4058,0,0
6,-189,-187,3333,-4216,-3590,0,0
-183,239,-59,3548,-4164,-4541,0,0
-262,257,-21,4284,-3675,-5208,0,0
-273,57,103,4547,-3488,-4497,0,0
-309,-27,353,4155,-3247,-4200,0,0
-260,-89,386,3586,-2934,-3948,0,0
-201,-22,186,3121,-2463,-3414,0,0
-166,224,-97,2467,-1864,-2632,0,0
-47,531,-523,1691,-1103,-1390,0,0
290,1128,-1000,846,-673,-274,0,0
780,1226,-1202,976,-199,-907,0,0
1045,231,-1105,938,328,-891,0,0
942,-138,-501,562,-37,482,0,0
442,-112,79,390,-542,-244,0,0
-5,-245,81,-592,-723,-874,0,0
-17,-139,8,-823,-856,-546,0,0
-105,-134,94,-104,-1420,-683,0,0
-367,-248,359,1466,-2265,-2003,0,0
-397,-377,734,3823,-3307,-3148,0,0
-461,-581,742,5093,-3400,-3479,0,0
-339,-207,558,4849,-2690,-3247,0,0
-74,-201,307,5038,-2890,-3369,0,0
84,-214,-39,4929,-2681,-3451,0,0
257,277,-156,5024,-3020,-4406,0,0
458,201,-396,5218,-3971,-4365,0,0
369,122,-356,5127,-4028,-4049,0,0
26,-2,-49,4723,-3407,-4430,0,0
-226,-298,54,4524,-2865,-3937,0,0
-345,-232,76,4527,-2421,-3536,0,0
-335,-314,76,4068,-2199,-3029,0,0
-248,-492,-190,2599,-1836,-1924,0,0
-19,382,-569,1365,-1433,-1139,0,0
152,1032,-889,496,-1177,-318,0,0
189,1291,-915,489,-1108,40,0,0
56,1049,-462,1437,-1076,14,0,0
-289,167,113,983,-679,0,0,0
-525,-329,541,235,-293,-188,0,0
-519,-296,721,-112,-4,-711,0,0
-386,-343,649,-335,53,-621,0,0
-201,-440,534,574,-226,-1108,0,0
-41,-707,417,2039,-741,-1734,0,0
150,-399,-75,3924,-1533,-2988,0,0
454,24,-267,4207,-1338,-3403,0,0
499,-245,-213,3822,-2165,-2858,0,0
224,-11,-174,3506,-3002,-3553,0,0
147,153,-114,3593,-3690,-3804,0,0
216,236,-137,3900,-4281,-3221,0,0
49,448,-39,5301,-4269,-4433,0,0
-101,221,5,6053,-3202,-4878,0,0
-193,39,179,5819,-2760,-4413,0,0
-415,-164,297,4779,-2888,-3894,0,0
-649,-172,326,4148,-2853,-3461,0,0
-868,-271,161,3903,-2330,-2741,0,0
-900,-240,-121,3507,-1312,-2305,0,0
-584,157,-288,2789,-772,-2267,0,0
-157,541,-641,1505,-362,-1802,0,0
226,1134,-1099,945,-83,-953,0,0
413,1276,-1340,549,312,-130,0,0
434,952,-1123,716,485,-70,0,0
427,303,-445,879,30,-113,0,0
408,-242,80,302,-835,-73,0,0
400,-269,217,-130,-1384,-631,0,0
404,-240,226,-492,-1175,-407,0,0
212,-506,371,309,-1164,-674,0,0
-93,-665,575,1939,-1697,-1895,0,0
-312,-708,678,4227,-2042,-2869,0,0
-317,-339,266,5630,-1781,-3397,0,0
-119,-22,136,6025,-2205,-3174,0,0
-105,-188,266,5392,-2435,-3348,0,0
-152,337,491,5258,-2537,-4015,0,0
-152,-15,563,5778,-2643,-4123,0,0
-54,-364,422,5953,-2241,-4268,0,0
161,-131,251,5543,-1634,-4558,0,0
336,-303,-4,4871,-2026,-4005,0,0
303,-459,-125,4325,-2457,-3338,0,0
235,-256,-219,4100,-2467,-3614,0,0
283,-144,-332,4133,-2310,-3188,0,0
240,-228,-395,3104,-2030,-2036,0,0
175,202,-610,1659,-1632,-1364,0,0
136,786,-883,729,-1140,-728,0,0
12,819,-912,479,-1105,-143,0,0
-158,594,-546,954,-1178,52,0,0
-265,24,104,835,-749,-40,0,0
-221,-415,638,555,-404,-257,0,0
-83,-533,796,328,-214,-537,0,0
11,-565,802,24,7,-500,0,0
109,-492,812,240,-58,-1021,0,0
177,-708,731,1703,-855,-1978,0,0
144,-774,387,3106,-2052,-2871,0,0
257,50,259,3731,-2275,-3539,0,0
185,-142,418,4385,-2618,-3568,0,0
-126,-717,469,3311,-2799,-3692,0,0
-249,-333,528,2716,-3120,-4177,0,0
-267,-289,413,2719,-3892,-3992,0,0
-282,227,176,3178,-4026,-4632,0,0
-292,1129,108,5285,-3845,-5662,0,0
-453,521,293,5402,-3163,-4826,0,0
-690,60,500,4546,-2657,-3963,0,0
-718,383,535,4300,-2547,-3754,0,0
-639,489,335,4125,-2280,-3273,0,0
-562,635,55,3613,-1524,-3324,0,0
-339,536,-250,2233,-874,-2688,0,0
6,658,-844,899,-229,-1467,0,0
500,1153,-1461,918,481,-1195,0,0
843,1050,-1560,480,402,-51,0,0
792,820,-914,975,-338,-489,0,0
646,-352,-294,1017,-800,-723,0,0
559,-863,-162,-137,-874,-85,0,0
583,-425,-191,-439,-888,-737,0,0
500,-569,-312,-591,-843,-353,0,0
193,-655,-313,439,-1500,-1125,0,0
-143,-622,-211,2867,-2287,-2380,0,0
-398,-328,-339,4975,-2355,-2735,0,0
-482,391,-204,6472,-2458,-3545,0,0
-402,-259,123,6255,-2759,-3376,0,0
-300,-58,341,5584,-2215,-3143,0,0
-276,139,405,5361,-1373,-4451,0,0
25,-208,80,5737,-1339,-4325,0,0
210,-67,75,6435,-1949,-4358,0,0
238,-392,342,5549,-2052,-4243,0,0
343,-694,602,4267,-2262,-3394,0,0
374,-467,735,3387,-2186,-3172,0,0
425,-90,553,2919,-2085,-2683,0,0
378,291,128,2267,-1883,-1616,0,0
195,892,-437,1651,-1210,-837,0,0
-33,1181,-963,1415,-644,-244,0,0
-112,1230,-911,1811,-524,-63,0,0
-197,574,-346,1404,-685,-65,0,0
-222,-69,143,505,-796,-203,0,0
-109,-289,400,122,-783,-689,0,0
26,-488,477,47,-199,-1088,0,0
180,-640,749,430,-331,-1303,0,0
149,-1085,967,1241,-608,-1863,0,0
96,-995,741,2414,-1178,-2895,0,0
231,-403,403,3942,-1720,-3336,0,0
228,-553,79,4205,-2024,-3565,0,0
141,-481,-216,3997,-2255,-3868,0,0
-6,-478,-233,3795,-2800,-4031,0,0
-61,-733,-210,3319,-3019,-3799,0,0
-44,-284,-232,3100,-3460,-3631,0,0
-112,263,-77,3485,-3424,-4850,0,0
-140,151,-10,4368,-3313,-4982,0,0
-253,93,220,4557,-3236,-4292,0,0
-425,137,608,4149,-3081,-4207,0,0
-500,101,784,3557,-2502,-3755,0,0
-530,284,766,3158,-1981,-3331,0,0
-465,518,606,2320,-1482,-2352,0,0
-288,1042,164,1125,-845,-1405,0,0
-45,1344,-624,508,-281,-498,0,0
161,1529,-1249,786,118,-384,0,0
367,1237,-1218,1658,361,-1313,0,0
369,67,-751,1656,-348,-956,0,0
209,-267,-294,1240,-772,-1034,0,0
152,-207,-13,412,-678,-1270,0,0
104,-547,73,-28,-921,-1010,0,0
-49,-785,145,91,-1533,-930,0,0
-321,-1069,416,1330,-1899,-1602,0,0
-499,-958,648,2941,-2513,-3211,0,0
-339,-200,452,4151,-1787,-3471,0,0
-177,-178,217,4716,-2185,-3379,0,0
0,26,22,5127,-2482,-4485,0,0
107,88,54,4693,-2343,-4414,0,0
14,-45,-54,4302,-2259,-4885,0,0
78,231,-398,5141,-2357,-5205,0,0
175,262,-464,5537,-2222,-5050,0,0
169,-55,-251,5364,-2646,-4264,0,0
50,-468,15,4536,-2552,-3705,0,0
40,-237,60,4110,-1983,-4099,0,0
232,-182,95,4034,-1912,-3780,0,0
288,-397,103,2419,-1671,-2387,0,0
277,146,-171,924,-1288,-1264,0,0
251,915,-479,288,-995,-259,0,0
63,1181,-557,380,-880,208,0,0
-159,1046,-334,503,-803,318,0,0
-347,691,69,542,-776,154,0,0
-474,420,362,486,-685,-526,0,0
-476,404,434,281,-270,-690,0,0
-384,279,545,405,103,-836,0,0
-267,-252,731,972,75,-1370,0,0
-54,-555,749,1965,-386,-1844,0,0
181,-347,681,3448,-1714,-2370,0,0
408,-247,382,3731,-1474,-2454,0,0
645,124,-25,4967,-1739,-3133,0,0
483,-109,-209,5235,-2406,-3706,0,0
205,-529,-203,4082,-2605,-3094,0,0
217,-178,-183,3827,-3039,-3275,0,0
272,-71,-239,3648,-3178,-3413,0,0
151,-33,-315,4524,-3408,-4256,0,0
85,209,-306,5978,-3604,-4337,0,0
-173,-166,3,5659,-3393,-3768,0,0
-379,-219,317,4603,-2880,-3971,0,0
-503,-311,375,4451,-2704,-3669,0,0
-723,-564,253,4516,-2149,-3453,0,0
-746,-454,63,4352,-1716,-2908,0,0
-646,-447,-30,3068,-968,-2276,0,0
-272,39,-330,1281,-85,-2051,0,0
232,724,-946,598,-89,-679,0,0
235,1076,-1382,-97,320,472,0,0
214,1412,-1234,226,601,-323,0,0
254,640,-771,378,-91,-366,0,0
193,139,-348,-244,-862,36,0,0
236,333,-29,-101,-1342,-764,0,0
236,-27,161,-420,-1223,-541,0,0
108,-135,458,6,-1470,-974,0,0
-148,-352,847,2092,-2079,-2139,0,0
-464,-730,1153,4084,-2978,-2895,0,0
-589,-208,1121,4922,-2833,-3058,0,0
-497,88,1032,5555,-2471,-2269,0,0
-402,-517,995,5221,-2210,-2883,0,0
-207,-173,710,4910,-1863,-3631,0,0
72,-121,294,4637,-1945,-4200,0,0
323,-128,-249,5049,-2575,-4130,0,0
361,271,-534,5633,-2718,-4521,0,0
297,145,-643,5411,-2726,-4058,0,0
249,34,-451,5154,-2972,-3620,0,0
236,-257,-182,4605,-2702,-3855,0,0
415,-548,-39,4892,-2574,-3549,0,0
468,-872,40,4386,-2064,-2490,0,0
446,-328,-74,3459,-1892,-2168,0,0
294,-113,-252,1955,-1824,-1978,0,0
-16,-290,-563,-476,-1272,175,0,0
-225,1156,-645,-1141,-1582,53,0,0
-251,1021,-632,-211,-1483,-1053,0,0
-398,140,-352,245,-910,-33,0,0
-475,319,500,1058,-699,-942,0,0
-483,-149,763,712,-564,-734,0,0
-343,-80,799,327,-345,-556,0,0
-129,-74,970,887,-295,-770,0,0
-101,-710,948,1527,-458,-1300,0,0
39,-441,712,2405,-1288,-2091,0,0
186,-220,422,3425,-1646,-2879,0,0
324,-409,61,3907,-2013,-3074,0,0
326,-173,-315,3782,-2439,-3456,0,0
162,135,-533,4121,-2656,-4410,0,0
153,107,-537,4470,-2625,-4047,0,0
123,75,-315,4481,-3296,-3855,0,0
66,171,-233,4988,-3900,-4510,0,0
131,153,-391,5824,-3627,-4155,0,0
166,175,-162,5585,-3085,-3832,0,0
93,57,219,4480,-2889,-3581,0,0
-68,-168,207,4025,-2900,-3297,0,0
-170,-4,120,3983,-2676,-2783,0,0
-258,96,141,3429,-2083,-2191,0,0
-208,204,-63,2118,-1153,-1453,0,0
188,827,-653,1109,3,-933,0,0
558,1239,-1225,1007,346,61,0,0
497,1378,-1326,1314,100,191,0,0
200,889,-947,1239,-190,-244,0,0
-53,239,-451,162,-563,-204,0,0
-151,153,-231,-385,-938,-861,0,0
-181,181,-253,-464,-1130,-975,0,0
-302,74,-166,50,-1282,-1171,0,0
-494,-268,242,1508,-1630,-1910,0,0
-683,-873,764,3285,-2227,-2173,0,0
-826,-378,1103,5012,-3239,-2752,0,0
-923,-68,1167,5167,-2979,-3026,0,0
-662,-342,1386,5599,-2705,-2869,0,0
-438,-122,1339,5892,-2228,-2273,0,0
-581,-87,1258,5561,-2072,-3420,0,0
-411,-601,833,4830,-2108,-3194,0,0
178,101,42,5987,-2292,-3193,0,0
638,487,-445,6464,-1779,-3033,0,0
606,195,-558,5104,-1907,-3173,0,0
529,126,-723,5137,-2400,-3349,0,0
476,-247,-999,5315,-2314,-2509,0,0
530,-195,-948,4347,-1814,-2284,0,0
803,-138,-1072,2665,-1526,-1145,0,0
908,310,-1321,1083,-1906,21,0,0
799,780,-1398,-111,-1664,-367,0,0
609,869,-1374,-69,-1354,-216,0,0
275,837,-890,981,-1420,-151,0,0
-277,259,-15,1234,-1372,-315,0,0
-622,-106,495,697,-820,-658,0,0
-488,-4,578,1055,-647,-758,0,0
-339,-373,698,1026,-446,-423,0,0
-152,-513,752,1800,-179,-1359,0,0
103,-870,766,2756,-497,-1106,0,0
146,-673,580,4405,-827,-2006,0,0
304,-602,255,4173,-434,-1928,0,0
426,-384,50,4261,-1762,-2140,0,0
162,-223,-152,4148,-2781,-2549,0,0
7,101,-197,4827,-2941,-2850,0,0
-35,61,21,4876,-3410,-2789,0,0
-152,107,122,4881,-3433,-3290,0,0
-151,313,35,6582,-2678,-4015,0,0
-206,31,39,6850,-2317,-3657,0,0
-290,-12,373,6280,-2427,-3746,0,0
-386,-385,614,4655,-2759,-2854,0,0
-459,-321,610,4437,-2757,-2396,0,0
-594,-317,414,4491,-2015,-1618,0,0
-653,28,7,3372,-1211,-1288,0,0
-321,927,-343,2540,-868,-1729,0,0
104,990,-827,1855,-310,-971,0,0
311,1143,-1268,1006,236,-342,0,0
506,1603,-1144,672,823,-551,0,0
551,473,-674,566,606,-721,0,0
521,-359,-301,207,-287,-556,0,0
453,-394,-28,100,-1300,-297,0,0
317,-446,107,-95,-1452,-650,0,0
140,-596,359,-230,-1562,-458,0,0
-272,-702,801,617,-1779,-991,0,0
-578,-964,1267,2617,-1944,-1949,0,0
-639,-1066,1272,4454,-2734,-1644,0,0
-681,-114,882,4948,-2456,-2090,0,0
-426,288,665,5518,-2150,-2562,0,0
-212,-554,272,6284,-1864,-2900,0,0
-38,-209,20,5128,-1602,-3090,0,0
192,92,-80,4475,-2207,-3874,0,0
310,46,-323,4643,-3160,-3897,0,0
263,448,-213,5858,-3475,-4251,0,0
96,-78,125,6602,-3566,-3877,0,0
-124,-571,765,5218,-3177,-3498,0,0
-99,-726,984,4634,-2568,-3600,0,0
160,-934,664,4382,-1637,-2529,0,0
359,-743,226,3384,-900,-1385,0,0
314,-305,-368,2037,-852,-1310,0,0
146,-45,-1107,662,-1166,-761,0,0
84,427,-1601,384,-1713,-93,0,0
9,1040,-1495,1240,-1769,-241,0,0
-159,657,-746,1033,-1468,-454,0,0
-120,237,83,608,-1207,-794,0,0
-114,-22,554,645,-1138,-541,0,0
-240,-155,672,118,-556,-443,0,0
-119,177,606,167,-186,-810,0,0
-29,58,543,1025,-386,-1010,0,0
-13,-188,490,1953,-854,-1737,0,0
96,103,240,3799,-1315,-2549,0,0
231,-127,143,4659,-1578,-2367,0,0
225,-33,-36,4932,-2463,-3469,0,0
138,-12,-264,5182,-2496,-3401,0,0
-112,-167,-211,4643,-3254,-3340,0,0
-183,141,29,4123,-3792,-3511,0,0
-247,-31,162,4453,-3936,-3788,0,0
-271,188,164,5678,-3055,-4325,0,0
-264,240,231,6208,-2703,-3655,0,0
-496,-157,271,5715,-2751,-3799,0,0
-577,-171,314,4646,-2309,-3464,0,0
-472,-161,245,4388,-2084,-3101,0,0
-412,-143,-87,3775,-1831,-2206,0,0
-377,409,-571,2350,-1003,-1654,0,0
149,1002,-1370,1312,-9,-910,0,0
616,1352,-1877,731,184,523,0,0
744,1700,-1719,867,397,-416,0,0
707,964,-1201,948,-24,-655,0,0
429,93,-674,395,-761,-104,0,0
239,-35,-267,-15,-1359,-525,0,0
139,-220,-152,-720,-1353,-545,0,0
200,-107,36,-918,-1125,-787,0,0
61,-464,299,8,-1455,-815,0,0
-338,-312,617,2651,-1740,-2152,0,0
-498,-482,906,5730,-2051,-2266,0,0
-718,-345,1051,6374,-2295,-1678,0,0
-803,390,1396,6284,-2243,-2225,0,0
-725,-559,1301,6343,-1615,-2113,0,0
-359,-363,945,5894,-1789,-2896,0,0
5,-41,825,5263,-2675,-3641,0,0
68,-358,596,5392,-2718,-3972,0,0
190,-90,385,6766,-2893,-4101,0,0
41,-574,261,7146,-2394,-3406,0,0
-97,-1143,345,5678,-2034,-3169,0,0
43,-1151,118,4948,-1730,-2738,0,0
233,-648,-372,4557,-1241,-2757,0,0
478,-691,-785,3451,-1499,-2042,0,0
383,-548,-1217,1445,-1953,-712,0,0
496,570,-1527,-81,-1889,-334,0,0
620,1104,-1564,-889,-1455,547,0,0
370,1435,-1321,27,-1318,-82,0,0
15,1319,-573,1135,-1630,-643,0,0
-560,256,127,885,-1178,-517,0,0
-731,181,581,675,-526,-809,0,0
-515,12,886,828,-149,-822,0,0
-319,-742,1067,856,-15,-535,0,0
-65,-872,1267,1123,-351,-1410,0,0
249,-1278,1002,2252,-929,-1803,0,0
559,-601,451,3187,-2042,-2812,0,0
713,386,38,4083,-2452,-3799,0,0
424,290,-223,5052,-3099,-3384,0,0
50,-64,193,4433,-2701,-3206,0,0
-100,-405,444,3631,-2766,-2867,0,0
-82,-50,162,4000,-3313,-3299,0,0
68,244,-377,5265,-3508,-4129,0,0
152,382,-801,7144,-3232,-4784,0,0
-35,44,-330,6470,-3670,-4156,0,0
-460,-625,297,4483,-4085,-3727,0,0
-629,-297,638,3787,-3424,-3128,0,0
-577,-68,534,3550,-1844,-1407,0,0
-445,164,26,3197,-372,-915,0,0
-11,506,-822,2450,-97,-2059,0,0
383,1402,-1326,1873,-375,-1046,0,0
85,1266,-1262,1147,-188,-455,0,0
-69,762,-1204,183,108,-586,0,0
239,624,-876,719,-230,-326,0,0
378,-250,-498,511,-377,-187,0,0
571,-535,-268,5,-928,-951,0,0
602,-223,-215,-419,-1215,-769,0,0
380,-227,-36,-240,-1266,-1025,0,0
28,-622,375,1576,-1836,-1590,0,0
-329,-1008,911,3529,-1724,-1841,0,0
-464,-1273,1174,5141,-2060,-1618,0,0
-412,-942,846,4612,-2100,-2262,0,0
-270,-172,366,5319,-1992,-2841,0,0
-379,-101,45,6022,-2319,-4467,0,0
-344,90,53,6100,-2107,-4413,0,0
-279,-130,169,5530,-2252,-3841,0,0
-123,-89,274,4847,-2343,-4828,0,0
24,32,281,5084,-2426,-5059,0,0
-123,-295,273,5239,-2491,-4557,0,0
-248,-480,621,5370,-2534,-4754,0,0
-158,-1055,555,4895,-1676,-4233,0,0
183,-1217,161,4231,-1249,-3364,0,0
368,-1126,-134,2120,-550,-2137,0,0
439,-197,-454,142,-497,-655,0,0
433,611,-783,-732,-1500,564,0,0
292,1206,-924,-787,-1493,853,0,0
194,1551,-701,647,-1295,-144,0,0
-19,978,-75,1769,-1683,-548,0,0
-372,456,498,817,-945,-328,0,0
-360,761,706,593,-120,-1325,0,0
-166,163,681,619,32,-655,0,0
-111,-364,682,1100,119,-876,0,0
43,-431,607,1843,-313,-1986,0,0
290,-445,440,2881,-2015,-2663,0,0
509,-194,59,3308,-2048,-3006,0,0
549,234,-228,3726,-2438,-3143,0,0
258,354,-312,3524,-2927,-3363,0,0
64,-2,-305,3646,-2925,-3097,0,0
55,364,-228,4350,-3235,-3235,0,0
14,377,-286,4624,-3505,-3734,0,0
-76,288,-595,5669,-3318,-4560,0,0
-151,568,-597,7447,-3221,-5023,0,0
-477,-380,63,6661,-3472,-4373,0,0
-674,-935,766,4471,-3403,-3826,0,0
-536,-654,954,3883,-2555,-3053,0,0
-405,-625,612,3375,-1552,-1578,0,0
-253,264,304,2418,-455,-1349,0,0
46,765,-400,1561,271,-840,0,0
166,913,-1194,611,109,-33,0,0
216,1624,-1427,181,152,-7,0,0
304,1313,-1359,1072,-179,-587,0,0
279,240,-957,1355,-657,-416,0,0
357,-16,-385,715,-927,-829,0,0
477,-103,-187,-195,-778,-806,0,0
471,-162,-180,-591,-646,-290,0,0
353,-138,0,317,-1047,-3072,0,0
41,-616,157,2375,-1595,-1763,0,0
-162,-619,524,4464,-1937,-1425,0,0
-475,-413,822,5196,-2335,-1755,0,0
-528,696,600,5203,-2569,-2301,0,0
-606,724,567,6044,-2261,-2413,0,0
-774,-162,381,6374,-1806,-3256,0,0
-459,215,308,5912,-1807,-3315,0,0
-175,6,149,5095,-1496,-3100,0,0
20,114,-109,5644,-1707,-3884,0,0
90,140,-185,6374,-2270,-4179,0,0
-22,-527,18,6143,-2243,-3682,0,0
-50,-732,364,5895,-2165,-3560,0,0
79,-912,408,5527,-1841,-3373,0,0
180,-1216,316,4658,-1433,-2350,0,0
304,-955,-114,3628,-1023,-2101,0,0
406,-537,-865,1938,-842,-1276,0,0
266,22,-1361,752,-745,99,0,0
79,509,-1189,-348,-939,882,0,0
63,937,-879,-436,-998,620,0,0
135,1417,-483,642,-1094,-224,0,0
-40,903,-13,413,-941,-321,0,0
-206,660,377,281,-451,-560,0,0
-227,503,679,9,-26,-513,0,0
-175,270,739,-74,203,-235,0,0
32,184,569,1736,-193,-1857,0,0
343,-304,174,3951,-858,-1972,0,0
542,219,95,6501,-2059,-3035,0,0
518,-93,-161,6336,-1162,-3192,0,0
276,-369,-58,4861,-2359,-1932,0,0
-243,-467,121,2977,-2824,-2593,0,0
-91,122,-97,3164,-2911,-2264,0,0
67,404,-14,4552,-3550,-2262,0,0
32,574,34,6026,-3019,-2652,0,0
-73,501,30,7194,-2432,-3251,0,0
-371,175,187,7362,-2497,-3429,0,0
-623,-237,614,6799,-2640,-3531,0,0
-779,-1015,942,5422,-2555,-3040,0,0
-817,-1027,1002,5326,-2450,-2900,0,0
-727,-996,881,4836,-1764,-1999,0,0
-560,-438,706,2609,-670,-1109,0,0
24,759,206,649,316,-485,0,0
613,1019,-879,-467,679,850,0,0
656,1010,-1727,6,215,327,0,0
418,662,-1661,719,50,-93,0,0
140,74,-1397,-327,124,266,0,0
296,724,-1243,143,-272,-729,0,0
357,180,-1015,561,-803,-566,0,0
217,-248,-711,-97,-1185,-427,0,0
108,-156,-193,708,-1648,-1044,0,0
-206,-668,344,2475,-1766,-1430,0,0
-178,-409,659,5508,-1892,-2143,0,0
-212,-67,732,6666,-1297,-2172,0,0
-542,805,791,6532,-1621,-1934,0,0
-975,345,1178,6567,-1211,-2381,0,0
-712,-569,620,6173,-888,-2613,0,0
-34,300,453,5393,-1879,-3244,0,0
90,-187,443,5140,-2202,-3585,0,0
102,-467,286,6954,-2416,-3964,0,0
166,-503,410,8027,-2021,-3877,0,0
4,-1113,769,6572,-1347,-3177,0,0
-34,-1234,729,5068,-1034,-2999,0,0
252,-976,63,4534,-1002,-2156,0,0
298,-793,-599,2660,-1033,-1233,0,0
134,-165,-1120,1218,-1392,-1219,0,0
337,389,-1196,1163,-1784,-568,0,0
459,-100,-786,99,-1529,681,0,0
465,456,-494,-380,-856,125,0,0
455,1032,-208,78,-816,-197,0,0
57,409,136,406,-937,-207,0,0
-392,319,487,378,-617,-608,0,0
-463,320,784,784,-259,-874,0,0
-329,-354,958,1543,-429,-823,0,0
-163,-529,889,2901,-790,-1880,0,0
85,-395,880,4416,-1736,-1948,0,0
78,-685,859,3938,-1640,-2486,0,0
145,-126,426,3178,-2098,-2839,0,0
211,81,-143,4099,-2094,-3805,0,0
35,-295,-386,3580,-2280,-3355,0,0
-65,160,-268,4050,-2792,-3337,0,0
12,124,-257,3842,-3083,-2963,0,0
167,231,-402,4733,-3373,-3758,0,0
221,510,-663,6260,-3046,-4505,0,0
63,63,-387,6633,-3046,-4310,0,0
-228,-512,221,5118,-3802,-3894,0,0
-420,-463,704,4644,-3738,-3736,0,0
-384,-537,963,4341,-3207,-2594,0,0
-590,-206,1042,3410,-2559,-1526,0,0
-711,562,577,2478,-992,-2531,0,0
-188,952,-173,1522,155,-1641,0,0
193,1041,-448,1040,50,247,0,0
83,464,-537,447,171,-306,0,0
331,151,-694,529,198,-840,0,0
619,-289,-587,646,-48,55,0,0
545,-600,-118,12,-91,178,0,0
408,-424,86,-799,-172,-207,0,0
197,-429,164,-882,-814,31,0,0
-170,-615,303,-282,-1574,-809,0,0
-324,-748,438,1526,-1901,-2069,0,0
-179,-602,350,4161,-2720,-2825,0,0
-50,130,331,4661,-3636,-3373,0,0
-117,671,450,4253,-3792,-2875,0,0
-469,419,710,4183,-2762,-3305,0,0
-484,508,599,4754,-2937,-3368,0,0
-478,848,645,5151,-3917,-3463,0,0
-456,359,899,5429,-3460,-4824,0,0
-135,362,607,6757,-3613,-4485,0,0
-154,236,639,7180,-3005,-4056,0,0
-455,-999,784,5405,-2211,-3370,0,0
-488,-976,390,4971,-1828,-3429,0,0
-127,-321,-673,5896,-927,-2459,0,0
410,-249,-1684,5004,-581,-3222,0,0
841,-816,-2230,2238,-2539,-1830,0,0
1034,-190,-2080,-966,-3048,616,0,0
1177,306,-1481,-2151,-1965,713,0,0
1018,722,-1526,-1604,-703,587,0,0
583,2075,-1060,1005,-1385,706,0,0
-428,1552,-370,835,-1391,298,0,0
-950,1477,-152,-167,-339,-790,0,0
-688,1521,-7,776,-331,-557,0,0
-602,1079,313,876,-116,-516,0,0
-478,606,700,1798,-625,-1590,0,0
-2312,-143,666,2861,-1203,-906,0,0
159,436,422,5718,-1590,-1134,0,0
383,304,143,5705,-464,-1483,0,0
380,758,-32,5812,-2414,-1854,0,0
254,-161,-104,5231,-2494,-1480,0,0
504,46,-74,5215,-2576,-1077,0,0
560,192,205,5789,-3618,-1067,0,0
409,-342,-268,6496,-2966,-945,0,0
593,492,-857,9374,-2695,-2594,0,0
261,-811,-329,8761,-4134,-3309,0,0
-253,-1828,567,6575,-4029,-3413,0,0
-529,-1933,1160,5893,-3583,-2107,0,0
-789,-2074,1300,4977,-2522,-85,0,0
-807,-1140,1255,2317,-788,616,0,0
-284,217,356,452,225,-325,0,0
262,1075,-790,856,263,72,0,0
250,1146,-1147,1950,487,-327,0,0
160,296,-1073,994,512,-1313,0,0
351,87,-1010,-16,-296,-367,0,0
435,112,-637,150,-620,-142,0,0
267,-356,-340,161,-862,-445,0,0
161,-310,-244,274,-1061,-564,0,0
23,-249,91,153,-1166,-226,0,0
-493,-640,556,1213,-1598,-1064,0,0
-729,-575,1004,3382,-1771,-2090,0,0
-711,-724,1206,4627,-2422,-1246,0,0
-820,-105,1222,4315,-2901,-2241,0,0
-705,123,809,4346,-2310,-2420,0,0
-400,311,152,6942,-2027,-3408,0,0
-69,120,58,7175,-1975,-2952,0,0
5,-121,-3,6527,-2351,-4212,0,0
285,-293,-285,6055,-2713,-3616,0,0
115,-224,-406,5817,-2529,-3129,0,0
-222,-65,-250,5184,-2149,-3270,0,0
-288,-262,-1,3934,-1885,-2940,0,0
-498,4,206,1110,-741,-1222,0,0
-597,-149,364,3210,-616,-1670,0,0
-705,-307,600,4971,-1556,-1288,0,0
-863,-255,799,5415,-1519,-1778,0,0
-586,-21,475,5723,-1132,-2967,0,0
102,236,-401,7114,-975,-3310,0,0
443,631,-403,8469,-2386,-3689,0,0
344,-129,215,7856,-2539,-4173,0,0
378,-603,253,8061,-1877,-3165,0,0
445,-527,359,8347,-1496,-2775,0,0
516,-943,351,7073,-954,-2317,0,0
675,-782,192,5908,-696,-2261,0,0
726,-520,9,3593,-972,-1637,0,0
546,-118,-457,1150,-1719,-133,0,0
172,1017,-789,-383,-2197,688,0,0
-136,1250,-838,-1103,-1674,419,0,0
-262,988,-1001,42,-763,114,0,0
-313,1003,-694,1572,-617,300,0,0
-458,595,-138,1757,-350,59,0,0
-380,381,65,945,301,-898,0,0
1,78,118,913,535,-1334,0,0
266,-805,274,1704,568,-1111,0,0
337,-1459,501,2896,-271,-1235,0,0
251,-1539,646,4048,-1336,-1573,0,0
222,-1381,616,3637,-1141,-2224,0,0
343,-823,332,4372,-1275,-3124,0,0
238,-216,75,5318,-1554,-3075,0,0
-57,-316,116,5876,-1556,-4128,0,0
54,-298,81,6306,-2566,-4139,0,0
-20,-274,179,5574,-3135,-3412,0,0
-274,176,495,5313,-2750,-3851,0,0
-511,285,714,4897,-2082,-3443,0,0
-733,177,639,4752,-1495,-2834,0,0
-720,447,392,4551,-1276,-2726,0,0
-503,502,139,3998,-964,-2505,0,0
-272,-166,-133,2931,-92,-1792,0,0
50,66,-234,1871,144,-796,0,0
257,485,-287,949,213,-98,0,0
271,244,-369,-2120,587,156,0,0
392,107,-182,42,322,-135,0,0
439,-198,-146,360,-561,-217,0,0
366,51,-340,-74,-840,-298,0,0
334,453,-335,-197,-890,-795,0,0
221,-194,-29,512,-1519,-1306,0,0
-62,-524,456,2435,-2575,-1417,0,0
-494,-379,794,4449,-2503,-2556,0,0
-502,-7,1070,4918,-2040,-3572,0,0
-232,-477,1110,5392,-2891,-3224,0,0
-3,-736,641,6021,-3131,-3314,0,0
180,113,142,6414,-2281,-4387,0,0
316,-4,-338,7394,-2265,-5484,0,0
664,-697,-478,6695,-2732,-4121,0,0
757,-617,-114,4741,-3256,-2834,0,0
464,-183,-173,3837,-3232,-2699,0,0
221,111,-376,4039,-2592,-2179,0,0
-45,203,-371,3218,-1953,-1189,0,0
-319,573,-541,1777,-1155,-717,0,0
-392,885,-833,2307,-762,-803,0,0
-271,871,-890,1775,-724,-309,0,0
-151,946,-722,731,-554,473,0,0
-78,876,-249,1108,-747,80,0,0
-74,97,187,1004,-672,-273,0,0
-85,-98,392,269,-575,-90,0,0
-27,113,509,312,-459,-924,0,0
58,-155,479,274,-246,-962,0,0
87,-347,457,1251,-455,-1391,0,0
107,-500,302,2773,-1253,-2056,0,0
260,-205,12,4004,-1015,-2113,0,0
351,87,-66,5323,-1890,-2575,0,0
-21,129,-73,5851,-2467,-2787,0,0
-443,-358,-88,5800,-2414,-3221,0,0
-283,-5,-61,6427,-2900,-3753,0,0
-184,219,184,6972,-3252,-3378,0,0
-374,-176,527,6501,-2644,-3876,0,0
-288,-161,712,5932,-2198,-3787,0,0
-233,-235,463,5334,-2139,-2343,0,0
-386,10,193,4911,-1811,-2007,0,0
-470,265,-177,3364,-1022,-1941,0,0
-456,281,-703,2156,-423,-1320,0,0
-248,639,-1051,1691,-79,-562,0,0
56,1269,-1179,714,166,357,0,0
320,1544,-932,1058,0,-53,0,0
373,641,-243,1403,-484,-828,0,0
288,-300,232,259,-872,-167,0,0
209,-208,512,-65,-1075,-677,0,0
69,-435,566,-641,-1006,-847,0,0
-22,-559,461,-2536,-749,-631,0,0
-190,-467,323,1853,-1227,-1293,0,0
-289,-490,91,4438,-1851,-1721,0,0
-160,-94,139,6389,-2435,-2356,0,0
57,48,157,6516,-2464,-2346,0,0
216,97,2,6908,-2353,-3142,0,0
322,400,-210,7157,-2114,-3651,0,0
359,150,-187,7629,-1805,-3619,0,0
353,-469,-106,6640,-1970,-3070,0,0
353,-282,120,5399,-2479,-2584,0,0
202,-134,203,5127,-2475,-1923,0,0
3,-327,227,4515,-1948,-1568,0,0
-30,-336,112,3062,-1485,-1038,0,0
67,288,-158,2629,-1345,-760,0,0
116,516,-347,2185,-1093,-77,0,0
100,513,-593,898,-536,545,0,0
230,873,-511,1243,-512,287,0,0
142,101,-164,1431,-556,434,0,0
-51,-170,174,1109,-385,-167,0,0
-97,-166,443,677,-286,-695,0,0
-194,-458,481,123,-244,-510,0,0
-296,-501,530,873,-455,-957,0,0
-363,-777,479,2453,-1044,-1229,0,0
-350,-265,136,3842,-1293,-2014,0,0
-225,168,269,4262,-1647,-2016,0,0
-222,-108,202,4390,-1998,-2282,0,0
-41,549,-118,4709,-1681,-2763,0,0
23,149,-396,6044,-2018,-2846,0,0
15,222,-460,6421,-2580,-2815,0,0
-38,320,-212,6470,-2824,-3258,0,0
-229,-240,5,5978,-2400,-3763,0,0
-313,-219,338,5695,-2378,-3231,0,0
-485,-432,497,4961,-1925,-2517,0,0
-458,-299,249,4385,-1334,-2167,0,0
-270,74,-207,3654,-1058,-1432,0,0
-174,280,-630,3168,-540,-983,0,0
83,652,-776,2825,-160,-592,0,0
273,997,-815,1724,27,-39,0,0
365,1355,-821,1404,533,-511,0,0
354,847,-576,895,790,-448,0,0
252,252,-223,392,28,-513,0,0
215,-31,-15,503,-915,-776,0,0
322,-223,47,331,-1255,-537,0,0
450,-207,226,287,-1109,-820,0,0
336,-638,645,1369,-1546,-793,0,0
-29,-1108,984,3325,-2021,-1317,0,0
-150,-707,1157,4688,-2165,-1758,0,0
-159,-615,1071,5057,-2016,-1048,0,0
-185,-289,757,5936,-2585,-1258,0,0
-79,223,93,6353,-2039,-1648,0,0
133,450,-465,6046,-1810,-2802,0,0
294,644,-639,6811,-2433,-3565,0,0
115,117,-452,7494,-2888,-3503,0,0
-145,-394,75,6726,-2949,-3595,0,0
-312,-717,552,5757,-2706,-3063,0,0
-422,-735,737,4852,-1878,-2543,0,0
-279,-523,516,3965,-1183,-2090,0,0
-14,-222,-44,3219,-800,-941,0,0
105,162,-577,1984,-387,-42,0,0
178,644,-1099,929,-309,97,0,0
267,1042,-1475,1105,-444,125,0,0
245,1120,-1143,1611,-693,586,0,0
89,472,-255,1534,-859,138,0,0
-94,-209,296,627,-789,-193,0,0
-58,-214,411,187,-755,-407,0,0
108,-138,426,255,-554,-583,0,0
137,-235,530,986,-556,-955,0,0
77,-442,511,2681,-834,-1671,0,0
170,-104,199,4620,-1130,-1902,0,0
193,273,247,4875,-882,-1610,0,0
-36,79,277,4397,-1587,-1823,0,0
-259,378,100,4620,-2076,-2248,0,0
-326,377,39,5510,-2643,-2070,0,0
-297,468,140,6545,-3534,-2002,0,0
-449,261,502,6501,-3715,-2600,0,0
-547,110,693,6794,-2997,-3073,0,0
-617,-389,681,6906,-2026,-2671,0,0
-661,-613,643,5922,-1324,-2411,0,0
-447,-261,191,4991,-1218,-2029,0,0
-266,50,-424,3417,-971,-1166,0,0
-55,523,-1143,1559,-204,-779,0,0
462,1118,-1796,1577,-219,-292,0,0
727,969,-1700,2619,-381,560,0,0
683,1049,-1036,1398,74,16,0,0
763,723,-334,819,-52,-668,0,0
568,-506,76,339,-685,-445,0,0
336,-606,230,-118,-1139,-581,0,0
291,-415,349,-271,-1205,-714,0,0
226,-835,499,53,-1135,-457,0,0
57,-1438,688,1700,-1234,-781,0,0
-58,-1480,555,4147,-1490,-1098,0,0
-9,-622,292,5933,-1209,-1534,0,0
55,-454,7,6658,-1756,-1657,0,0
-26,-170,-217,6808,-2148,-2607,0,0
-72,448,-268,6963,-2226,-3562,0,0
-89,237,-30,7196,-2485,-3686,0,0
-99,-308,330,6828,-2405,-3511,0,0
-42,-470,693,6280,-2476,-3660,0,0
-40,-636,834,5469,-2618,-3034,0,0
-90,-477,802,4548,-2268,-2720,0,0
-84,-156,397,4023,-1851,-2131,0,0
-76,114,-164,3531,-1009,-1631,0,0
93,550,-687,2590,-194,-1107,0,0
118,1000,-855,1623,-474,28,0,0
-33,1151,-827,666,-738,-36,0,0
6,970,-708,38,-742,435,0,0
-4,372,-269,243,-825,322,0,0
-48,0,77,123,-676,-90,0,0
-66,-18,277,-60,-249,-330,0,0
-18,-162,256,222,44,-768,0,0
86,-342,233,1112,47,-812,0,0
265,-557,123,2847,-410,-1405,0,0
407,-89,-37,4761,-1320,-1591,0,0
213,52,178,4396,-982,-1695,0,0
80,173,258,4490,-1240,-2272,0,0
-110,297,192,4700,-1849,-2075,0,0
-304,131,112,5697,-2314,-1866,0,0
-229,399,8,6431,-2370,-1989,0,0
-105,387,-58,6871,-2294,-2859,0,0
-33,63,46,7456,-2222,-3326,0,0
-76,-243,270,7191,-2156,-2875,0,0
-261,-535,444,6716,-2251,-2857,0,0
-463,-787,569,5726,-2100,-2557,0,0
-541,-839,639,4540,-1881,-1993,0,0
-574,-603,423,3412,-1479,-1811,0,0
-466,10,-129,2340,-777,-1471,0,0
-190,610,-905,1564,-29,-398,0,0
110,1233,-1403,1198,765,439,0,0
428,1563,-1113,1125,560,174,0,0
323,515,-543,372,139,-524,0,0
182,-133,-194,-74,-538,-731,0,0
245,-140,-12,-321,-1161,-498,0,0
239,-171,125,-2712,-1096,-461,0,0
141,-345,326,-514,-974,-434,0,0
-108,-572,346,594,-1359,-558,0,0
-295,-397,41,3556,-1738,-1025,0,0
-367,250,0,6441,-1952,-1300,0,0
-511,332,139,7046,-2084,-2101,0,0
-687,194,283,5815,-1662,-1957,0,0
-644,607,262,5807,-1241,-2899,0,0
-349,342,303,6037,-1419,-2285,0,0
-163,-362,480,6371,-1452,-2082,0,0
49,-639,586,6344,-1053,-2554,0,0
327,-693,498,5857,-1203,-2438,0,0
420,-704,325,5499,-1861,-2475,0,0
394,-549,153,5238,-2378,-2425,0,0
301,-426,110,4891,-2773,-1808,0,0
161,-211,127,3581,-2182,-1598,0,0
366,317,-120,4863,-1451,-1895,0,0
557,477,-261,5467,-1523,-1049,0,0
427,445,-40,2989,-1058,-767,0,0
273,234,-235,641,-621,-404,0,0
210,479,-709,-361,-844,418,0,0
233,769,-758,27,-812,382,0,0
135,262,-443,618,-832,99,0,0
-4,-52,-214,818,-514,-471,0,0
62,-166,89,870,-253,-880,0,0
126,-531,381,855,-421,-671,0,0
82,-721,549,1759,-670,-1254,0,0
121,-716,338,3100,-1196,-1468,0,0
186,-103,88,3974,-996,-1558,0,0
119,148,148,4723,-1153,-1830,0,0
7,110,-57,5155,-1214,-2190,0,0
-5,202,-400,5850,-1579,-2259,0,0
-46,85,-519,6477,-2302,-2646,0,0
-54,29,-402,6587,-2859,-2887,0,0
-133,-185,-60,5854,-2921,-3353,0,0
-383,-409,254,5452,-2748,-3259,0,0
-732,-662,574,4600,-2082,-2564,0,0
-887,-459,636,3673,-1220,-2011,0,0
-667,108,410,4276,-1008,-1764,0,0
-296,323,71,4483,-1121,-1352,0,0
67,807,10,4235,-986,-1224,0,0
158,864,-37,2682,-269,-535,0,0
115,1010,-430,1384,602,-575,0,0
292,1172,-902,668,1127,-178,0,0
403,906,-1002,664,1091,301,0,0
445,497,-605,918,393,-348,0,0
480,45,-291,562,-749,-539,0,0
480,-16,-250,446,-1503,-803,0,0
431,-136,-148,804,-1518,-951,0,0
254,-725,138,1939,-1284,-845,0,0
56,-1205,413,3545,-1493,-489,0,0
-22,-845,117,5140,-1242,-779,0,0
200,-2,-556,6145,-555,-957,0,0
284,565,-635,6932,-1523,-1069,0,0
-110,530,-472,6811,-1877,-2067,0,0
-415,196,-171,6457,-1501,-2236,0,0
-490,-197,72,6171,-1049,-2200,0,0
-281,-209,238,6439,-952,-2746,0,0
-57,-361,301,6980,-1318,-2740,0,0
-66,-637,524,6760,-1565,-2200,0,0
-80,-846,741,6112,-1551,-1955,0,0
-27,-856,711,5664,-1252,-1813,0,0
90,-797,410,4599,-831,-1705,0,0
255,-345,-33,3446,-621,-1351,0,0
297,200,-379,1710,-205,-497,0,0
221,624,-587,63,-342,262,0,0
149,1004,-767,-196,-743,420,0,0
21,1180,-706,403,-975,510,0,0
-247,791,-309,658,-1290,170,0,0
-644,415,113,156,-1096,-201,0,0
-878,480,404,21,-414,-663,0,0
-925,175,610,470,-15,-532,0,0
-857,-117,829,1791,20,-719,0,0
-410,-258,791,3673,-300,-1236,0,0
61,-269,532,4980,-325,-1667,0,0
313,-295,375,5332,437,-1610,0,0
361,-404,307,6003,-653,-1826,0,0
361,-617,-9,6391,-1498,-1872,0,0
546,-498,-297,6626,-1640,-1959,0,0
656,-377,-349,6346,-2175,-2598,0,0
492,-453,-206,5937,-2666,-3066,0,0
200,-636,-84,6474,-2558,-3069,0,0
-11,-757,219,6337,-2437,-2836,0,0
-146,-701,617,5405,-2356,-2762,0,0
-328,-714,781,4457,-2345,-2584,0,0
-456,-519,639,4301,-2006,-2295,0,0
-484,-134,358,3592,-1321,-1569,0,0
-451,452,-71,2072,-552,-1044,0,0
-139,1325,-788,895,291,-730,0,0
250,1332,-1231,925,738,-45,0,0
346,728,-1052,893,518,106,0,0
402,226,-475,979,55,-281,0,0
376,-297,-47,158,-329,-433,0,0
305,-328,97,-309,-450,-512,0,0
203,-342,150,-522,-707,-255,0,0
-48,-255,260,-712,-1317,-299,0,0
-372,-78,460,549,-1934,-1010,0,0
-662,-37,381,4363,-2429,-2569,0,0
-637,1096,-367,6684,-1403,-2934,0,0
-517,2200,-318,7294,-1747,-2673,0,0
-865,638,779,6264,-2486,-2002,0,0
-895,-483,1050,5822,-1459,-1500,0,0
-155,-168,955,5518,-1288,-1270,0,0
325,-141,941,4815,-1455,-1810,0,0
513,-230,575,6108,-2095,-2146,0,0
404,-191,216,7626,-2579,-1791,0,0
58,-220,303,7094,-2082,-1470,0,0
-161,-515,212,6003,-1174,-1148,0,0
173,-198,-312,6072,-1009,-809,0,0
629,79,-771,5191,-1325,-869,0,0
706,44,-1251,3087,-1084,-1079,0,0
800,331,-1614,1456,-1285,-410,0,0
700,668,-1556,828,-2321,501,0,0
388,817,-1227,308,-1881,273,0,0
111,820,-938,145,-1063,-16,0,0
-296,446,-414,794,-982,-231,0,0
-770,-5,27,551,-427,-142,0,0
-894,54,272,875,-114,-432,0,0
-755,-238,444,950,-11,-202,0,0
-525,-557,616,1717,230,-736,0,0
-177,-630,362,3648,-231,-594,0,0
-19,-85,105,4436,-98,-1013,0,0
91,212,233,5030,-60,-979,0,0
-43,-144,246,5087,-510,-942,0,0
-96,-211,24,5801,-541,-1803,0,0
199,-69,-310,6636,-807,-1809,0,0
343,154,-438,6347,-1700,-2184,0,0
236,-200,-321,6933,-2178,-2696,0,0
61,-459,-28,6924,-1826,-2399,0,0
-107,-658,312,6606,-1517,-2391,0,0
-108,-963,608,5874,-1329,-2342,0,0
73,-884,805,5553,-1458,-2087,0,0
95,-636,819,5676,-1663,-1845,0,0
-156,-365,815,4714,-1257,-1109,0,0
-414,186,578,2943,-255,-559,0,0
-379,878,-76,1171,460,125,0,0
-112,1513,-804,139,878,671,0,0
234,1461,-1131,29,737,100,0,0
496,935,-1033,542,322,-18,0,0
717,509,-656,872,-267,-113,0,0
708,162,-345,515,-721,-655,0,0
562,194,-272,140,-1117,-729,0,0
318,234,-219,24,-1144,-525,0,0
8,-72,-58,943,-1030,-966,0,0
-181,-411,191,4214,-1414,-932,0,0
-374,-444,604,6124,-1382,-674,0,0
-429,-260,823,6120,-998,-1098,0,0
-366,412,587,6526,-1615,-476,0,0
-739,357,737,6537,-1553,-880,0,0
-837,76,841,6134,-1951,-951,0,0
-635,100,833,5544,-1804,-1135,0,0
-287,-219,625,5882,-1010,-1707,0,0
-10,-270,415,6481,-1577,-1492,0,0
-72,-274,304,6657,-1850,-1604,0,0
-131,-648,132,5865,-1725,-1405,0,0
-68,-769,2,5643,-1819,-1345,0,0
34,-692,-172,6297,-1458,-1574,0,0
234,-605,-320,6438,-1221,-1645,0,0
332,-622,-555,5796,-1195,-1508,0,0
398,-251,-627,4087,-1002,-928,0,0
442,-52,-486,936,-1028,125,0,0
532,415,-500,-1202,-1309,531,0,0
518,548,-644,-1686,-1300,992,0,0
342,763,-774,-600,-970,395,0,0
114,1160,-567,568,-833,47,0,0
-333,1046,-344,330,-110,-240,0,0
-431,968,-252,536,109,-874,0,0
-497,406,-43,1353,-346,-434,0,0
-495,-143,202,2669,59,-1011,0,0
-113,-22,131,4949,-523,-332,0,0
-81,250,240,5515,-189,-428,0,0
-17,175,343,4675,319,-423,0,0
188,208,-87,5313,-478,-332,0,0
390,461,-730,5995,-737,-414,0,0
603,525,-782,6879,-1119,-804,0,0
527,182,-553,6153,-1358,-794,0,0
271,-111,-259,5773,-1191,-1053,0,0
15,-543,41,6238,-1211,-1401,0,0
-155,-879,243,6311,-983,-1366,0,0
-44,-1102,369,6051,-863,-1396,0,0
195,-1277,344,5601,-922,-1162,0,0
211,-1023,208,5472,-981,-787,0,0
-35,-547,41,5281,-716,-327,0,0
-325,158,40,4651,-494,-545,0,0
-678,551,31,3224,-303,-238,0,0
-838,1131,-31,2368,318,-280,0,0
-632,996,-48,1230,610,-75,0,0
-273,681,-60,-76,946,-57,0,0
251,219,-102,-395,830,-212,0,0
673,-81,-154,-287,29,109,0,0
749,-3,-268,321,-615,-406,0,0
643,-215,-339,572,-669,-317,0,0
423,-196,-117,1016,-1059,-516,0,0
23,-576,265,2513,-1071,-991,0,0
-169,-1015,576,5081,-1569,-555,0,0
-230,-406,498,7043,-1768,-713,0,0
-255,583,143,7550,-1669,-549,0,0
-510,1095,151,7328,-913,-1326,0,0
-636,885,192,6408,-689,-1346,0,0
-574,444,558,5314,-1097,-1185,0,0
-592,-249,821,4799,-1161,-1341,0,0
-536,-300,1032,5305,-1680,-1743,0,0
-540,-816,1197,6098,-2083,-1857,0,0
-533,-864,1161,7435,-2613,-1561,0,0
-515,-837,1226,7634,-1934,-1384,0,0
-219,-1196,821,6591,-851,-1009,0,0
143,-920,28,5006,-99,-881,0,0
350,-588,-634,2957,265,-387,0,0
408,-243,-1297,1198,-172,389,0,0
606,573,-2014,230,-844,940,0,0
892,1121,-2134,645,-1422,714,0,0
921,1071,-1496,1346,-1582,-133,0,0
623,512,-711,1222,-1754,-96,0,0
64,136,-82,374,-1420,-155,0,0
-478,46,291,-27,-920,-733,0,0
-734,-188,495,175,-590,-462,0,0
-862,-265,674,1187,-54,-255,0,0
-582,74,353,3703,-90,-742,0,0
-141,551,-161,5872,679,-784,0,0
102,386,11,6226,550,-475,0,0
127,297,-31,5763,-453,-834,0,0
332,451,-651,5692,-646,-990,0,0
493,572,-774,6846,-1383,-1589,0,0
177,287,-415,6749,-2440,-1460,0,0
-325,5,133,6438,-2247,-1639,0,0
-578,-538,617,6946,-1665,-1685,0,0
-591,-949,894,7057,-1106,-1325,0,0
-386,-880,917,6631,-852,-1409,0,0
-149,-835,677,5575,-612,-1166,0,0
-10,-574,176,4285,-110,-1083,0,0
58,-44,-434,3195,-296,-694,0,0
-51,358,-675,2456,-383,-26,0,0
-7,756,-658,1194,160,523,0,0
239,1325,-751,357,612,699,0,0
456,1370,-739,409,400,117,0,0
410,271,-527,261,24,-459,0,0
530,68,-345,178,-446,-694,0,0
553,28,-38,429,-882,-745,0,0
376,-728,141,-23,-991,-664,0,0
202,-689,360,416,-1364,-406,0,0
-107,-870,607,2724,-1237,-893,0,0
34,-881,399,5572,-1022,-386,0,0
237,-221,273,6484,-665,-530,0,0
231,-65,168,6307,-1096,-402,0,0
21,249,91,6976,-1000,-1829,0,0
-89,-139,-78,7248,-694,-1481,0,0
-44,-324,-42,7897,-755,-1535,0,0
39,-463,-102,7336,-717,-2022,0,0
-80,-769,-123,7331,-1430,-2140,0,0
-161,-860,-44,7557,-654,-2194,0,0
2,-936,367,7244,-754,-1673,0,0
-31,-1479,847,5581,-892,-1370,0,0
330,-633,716,4110,-417,-1062,0,0
651,85,264,2115,-564,-401,0,0
331,675,-448,-476,-1263,108,0,0
-84,1630,-1210,-1497,-1464,391,0,0
-735,1925,-1412,69,-1622,866,0,0
-1426,1853,-960,838,-1507,654,0,0
-1715,1700,-423,1131,-699,501,0,0
-1608,1554,115,967,227,-546,0,0
-1325,1119,504,1685,316,-600,0,0
-1002,592,784,2266,649,-726,0,0
-544,565,909,3867,870,-372,0,0
-252,486,847,6055,1115,-231,0,0
219,-224,772,6169,1466,490,0,0
782,-359,661,5748,417,510,0,0
1168,-684,340,6030,28,-140,0,0
1754,-1270,-261,5909,-131,-115,0,0
2033,-994,-766,5023,-1049,-636,0,0
1909,-868,-1113,5227,-1434,-1168,0,0
1668,-950,-1137,6686,-1533,-353,0,0
995,-735,-441,6366,-1744,74,0,0
151,-653,227,5482,-1768,-300,0,0
-493,-669,670,3786,-1253,-853,0,0
-2944,-487,603,2131,-796,-740,0,0
-1180,-76,256,3057,-758,-851,0,0
-1492,123,134,3580,-806,-311,0,0
-1685,261,270,3902,-334,-286,0,0
-1618,244,464,2663,29,-439,0,0
-1401,140,759,1870,94,-799,0,0
-1183,-154,980,2427,-555,-1229,0,0
-990,-334,1010,3321,-950,-2200,0,0
-616,-391,569,5252,-629,-3102,0,0
-212,-306,-43,7920,-814,-3184,0,0
24,-356,-212,7807,-683,-2273,0,0
373,-287,-270,5100,-295,-607,0,0
758,279,-510,2218,-100,102,0,0
1006,676,-752,562,-163,-165,0,0
1249,784,-1009,122,40,-507,0,0
1538,1059,-1083,758,96,-424,0,0
1395,291,-535,886,-210,-287,0,0
1222,-363,-162,911,-535,-604,0,0
1119,-491,81,1410,-1386,-81,0,0
697,-678,363,1110,-1216,-75,0,0
181,-717,632,1563,-929,-583,0,0
-226,-896,523,4094,-950,-925,0,0
-487,-666,235,6534,-1128,-617,0,0
-694,80,244,6211,-1664,-568,0,0
-841,-85,667,4519,-1345,-1472,0,0
-673,-286,495,5120,-1326,-1950,0,0
-400,3,298,6681,-1459,-1820,0,0
-247,-224,315,6471,-622,-2086,0,0
62,-197,55,6166,-692,-2742,0,0
211,-209,-51,7065,-1009,-2792,0,0
137,-524,112,7322,-933,-3150,0,0
177,-779,375,7311,-1466,-3392,0,0
135,-1192,665,5753,-1932,-2821,0,0
27,-1067,671,3205,-1439,-2553,0,0
-5,-410,157,1264,-633,-3640,0,0
48,253,-640,282,-333,96,0,0
-90,870,-1151,459,-468,1337,0,0
87,1557,-1037,1682,-720,716,0,0
132,794,-653,1314,-744,635,0,0
-52,191,-255,1158,-823,-15,0,0
-95,514,148,1326,-1081,37,0,0
-278,354,450,781,-453,-515,0,0
-198,247,679,396,-162,-1243,0,0
-167,76,911,1207,-458,-803,0,0
-295,-275,877,2917,-478,-1830,0,0
11,126,419,4640,-971,-1793,0,0
326,389,212,5058,-526,-1335,0,0
385,526,342,5426,-1065,-1969,0,0
111,172,168,5423,-1324,-1914,0,0
-18,268,-152,5687,-1902,-2087,0,0
-44,-23,-157,5665,-2524,-1887,0,0
-164,-72,-20,5794,-3399,-2189,0,0
-208,115,59,6818,-2876,-3075,0,0
-360,-423,108,7449,-2308,-2697,0,0
-587,-440,366,7650,-2129,-3245,0,0
-681,-625,453,6671,-1926,-2763,0,0
-723,-1081,263,4588,-1701,-1685,0,0
-685,-458,16,2555,-982,-1525,0,0
-397,239,-433,980,-54,-497,0,0
41,753,-753,882,319,331,0,0
453,623,-660,593,654,234,0,0
766,88,-402,109,550,165,0,0
975,-423,-195,53,170,36,0,0
1030,-513,-103,-401,-96,269,0,0
841,-293,-101,-568,-673,342,0,0
498,-232,-147,-838,-911,-34,0,0
279,-117,-287,342,-1516,-624,0,0
20,73,-215,3723,-2252,-1865,0,0
-384,-99,247,5960,-2184,-2168,0,0
-829,-198,591,5397,-2409,-1838,0,0
-914,579,503,5326,-2725,-2530,0,0
-684,590,60,7449,-1267,-2569,0,0
-371,573,37,7116,-824,-2492,0,0
27,356,377,6634,-1414,-2423,0,0
215,-354,457,5586,-1612,-2155,0,0
317,126,352,6025,-2063,-2646,0,0
167,188,224,7303,-2232,-2436,0,0
-42,77,328,7612,-1690,-2233,0,0
-195,-475,380,6021,-1123,-1382,0,0
-140,-506,-154,3178,-505,-1038,0,0
18,228,-717,1033,-320,-365,0,0
94,802,-1063,-149,-840,552,0,0
68,1002,-1211,-267,-1099,646,0,0
162,1641,-1144,151,-891,618,0,0
158,1482,-672,1277,-999,567,0,0
-143,828,-194,1459,-930,172,0,0
-373,699,157,1897,-429,-600,0,0
-396,38,358,2341,-198,-600,0,0
-341,-190,606,3263,-118,-746,0,0
-225,-593,645,4217,-350,-366,0,0
-140,-341,514,4168,25,-923,0,0
-32,-420,376,3787,95,-413,0,0
38,-51,90,4070,-744,-556,0,0
368,362,-401,4823,-1162,-704,0,0
544,488,-480,5231,-1671,-412,0,0
339,681,-190,4836,-2351,-596,0,0
-39,747,-31,5159,-2972,-771,0,0
-421,690,96,6793,-2550,-943,0,0
-492,28,369,6864,-1681,-769,0,0
-490,-154,534,8802,-2455,-897,0,0
-761,-982,762,9126,-1756,-914,0,0
-748,-1295,934,7049,-835,-969,0,0
-668,-811,807,4962,-1256,-526,0,0
-613,-626,367,2277,-589,769,0,0
-77,331,-367,229,374,545,0,0
650,1100,-1051,-9,347,650,0,0
891,878,-1350,649,440,79,0,0
1231,552,-1445,1097,776,-634,0,0
1521,391,-1355,1388,86,-113,0,0
1347,126,-882,1643,-732,-172,0,0
847,-547,-374,564,-1004,-335,0,0
383,-731,30,-501,-2003,-300,0,0
13,-809,350,48,-2172,-655,0,0
-130,-1079,441,3844,-1167,-708,0,0
-282,-779,576,6916,-1272,-884,0,0
-716,-911,425,6634,-1832,-225,0,0
-780,460,105,6594,-1136,-420,0,0
-580,579,-87,6955,-7,-1657,0,0
48,316,-364,7292,525,-1725,0,0
500,-129,-187,7012,115,-1632,0,0
611,-435,-48,5270,-455,-2234,0,0
631,-390,-49,5682,-1199,-2653,0,0
556,-823,189,6851,-1655,-1873,0,0
448,-650,718,7591,-1606,-1169,0,0
417,-802,836,6055,-959,-796,0,0
345,-657,459,2892,-454,-1077,0,0
66,102,153,665,-996,-436,0,0
-417,198,-17,217,-1684,412,0,0
-601,532,-190,921,-1515,889,0,0
-545,894,255,1767,-1454,1063,0,0
-827,156,979,841,-981,1138,0,0
-993,521,1187,156,68,11,0,0
-753,853,1078,390,180,-312,0,0
-801,212,1071,1327,130,-958,0,0
-645,-320,817,3240,148,-2002,0,0
-125,2,133,4931,-1162,-533,0,0
-136,1344,21,5251,-1199,-619,0,0
-179,1010,6,4698,-480,-633,0,0
106,570,30,3687,-478,-261,0,0
645,609,-191,3769,-640,10,0,0
1108,391,-633,4684,-959,-186,0,0
1278,572,-837,5280,-1590,-518,0,0
924,140,-801,5082,-1883,-2568,0,0
612,38,-651,4829,-1900,-769,0,0
436,214,-780,5096,-1963,-823,0,0
203,477,-847,5407,-1948,-1228,0,0
-37,-20,-516,5853,-2325,-1593,0,0
-369,-795,-120,6668,-3050,-1238,0,0
-666,-1084,212,7725,-2417,-1169,0,0
-851,-1523,453,8190,-912,-673,0,0
-791,-1614,632,6635,-168,108,0,0
-729,-933,614,3892,-204,444,0,0
-519,-160,305,1536,43,147,0,0
-87,830,-237,627,-153,607,0,0
280,1320,-673,392,785,-6,0,0
851,753,-1077,878,1105,-291,0,0
1246,396,-1027,1285,281,275,0,0
1136,185,-522,1300,-402,-513,0,0
834,-94,-180,1031,-1038,-429,0,0
376,-502,188,193,-1337,-235,0,0
-35,-773,453,587,-1528,-669,0,0
-392,-1041,696,2542,-1255,-959,0,0
-435,-823,935,4170,-983,-201,0,0
-585,-784,842,5215,-1785,-98,0,0
-648,-233,622,5177,-1584,-171,0,0
-461,281,301,5851,-875,-1228,0,0
-304,598,40,6197,-1280,-2089,0,0
-243,651,-123,7025,-1550,-1938,0,0
-235,333,-106,6694,-1096,-2364,0,0
-187,95,-25,5898,-1329,-2782,0,0
-209,-140,39,7320,-1688,-2872,0,0
-347,-561,425,8024,-1628,-2382,0,0
-350,-1125,829,7584,-1367,-2374,0,0
-146,-1760,922,5982,-1010,-1683,0,0
173,-3344,374,4942,-613,-1344,0,0
506,-362,-368,3358,-208,-986,0,0
472,215,-960,1146,-774,194,0,0
229,676,-941,-675,-1292,415,0,0
313,412,-741,-1692,-1146,314,0,0
849,1303,-648,-184,-1178,274,0,0
748,1506,-88,986,-1669,1012,0,0
6,876,411,178,-663,-132,0,0
-306,1062,437,372,-175,-569,0,0
-483,853,435,1000,-113,-9,0,0
-591,317,607,2268,124,-521,0,0
-385,-93,611,3892,-208,-903,0,0
-34,-2408,757,5273,-1021,-678,0,0
110,-544,675,4896,-1139,-996,0,0
417,70,85,4098,-2612,-1927,0,0
937,554,-567,4624,-2639,-1937,0,0
1272,198,-734,5745,-1656,-2528,0,0
1012,277,-411,6400,-2572,-1364,0,0
615,-19,-254,7641,-2892,-279,0,0
167,-402,-178,6953,-2272,73,0,0
179,-44,-139,6338,-1802,154,0,0
69,208,-359,6884,-1876,171,0,0
-489,146,-213,6573,-2294,-1635,0,0
-1039,-24,215,7442,-3357,-2245,0,0
-1647,-942,505,7548,-3239,-705,0,0
-2357,-421,911,3677,-1793,477,0,0
-2400,161,890,-850,-967,638,0,0
-1006,396,-399,-1184,1473,874,0,0
679,-110,-1120,1056,3169,411,0,0
1396,-866,-1184,188,2171,-94,0,0
1385,-406,-1262,-337,207,408,0,0
638,-487,-1419,1734,-1187,-143,0,0
-123,-449,-1082,3472,-1922,-785,0,0
-614,-391,-113,4856,-2707,-1365,0,0
-840,-895,299,5366,-2167,-2644,0,0
-940,234,-7,7052,-1417,-3985,0,0
-1217,539,-77,4922,42,-2230,0,0
-1737,-88,466,1762,620,-435,0,0
-1660,-1579,515,2119,574,-1253,0,0
-873,-2459,-5,2902,110,-179,0,0
-338,-1797,-605,2949,759,-2464,0,0
-273,-930,-1691,1590,1258,-1466,0,0
-178,236,-2617,682,1973,-1424,0,0
