381,628,-355,144,-423,-972,0,0
299,413,-187,-1038,-1941,-2751,0,0
235,90,205,-4063,-2539,-5213,0,0
331,387,340,-4524,-1908,-5775,0,0
435,-57,-328,-3138,-2935,-4769,0,0
392,-52,-700,-2771,-3964,-5380,0,0
549,38,-555,-2002,-4271,-4796,0,0
436,-226,-157,-2920,-4271,-4871,0,0
259,-539,1012,-3842,-3779,-5128,0,0
22,-846,1338,-3990,-3508,-5024,0,0
-157,-412,842,-4818,-3730,-5035,0,0
-252,-117,297,-3872,-3962,-3989,0,0
-371,175,-97,-3242,-3892,-4503,0,0
-290,125,-413,-3649,-3913,-4413,0,0
-362,271,-621,-3940,-3465,-4601,0,0
-664,145,-625,-3198,-2482,-4379,0,0
-1010,-330,-41,-1580,-894,-2800,0,0
-900,-878,995,-305,889,-813,0,0
-463,-772,974,-63,-43,975,0,0
5,-358,599,-607,-880,-58,0,0
781,-250,713,-555,-343,-765,0,0
894,35,493,270,-440,-393,0,0
508,122,69,1010,-1146,255,0,0
268,120,-350,1025,-1963,1361,0,0
-79,29,-690,571,-1126,355,0,0
-168,-145,-957,-1331,-1009,-1588,0,0
-191,-247,-989,-3791,-1845,-4278,0,0
-39,-270,-762,-4718,-2554,-5593,0,0
215,-472,-130,-5686,-2902,-5655,0,0
328,-99,-36,-4756,-2866,-5188,0,0
442,322,-115,-3105,-2822,-5115,0,0
883,280,63,-3065,-3117,-3247,0,0
864,191,168,-3528,-3115,-2460,0,0
705,139,141,-3702,-2746,-3078,0,0
708,218,-15,-2655,-2842,-2599,0,0
540,220,-176,-1901,-3410,-2321,0,0
231,148,-236,-1770,-3516,-2562,0,0
3,89,-213,-1773,-3212,-2556,0,0
-145,-9,-244,-2291,-3149,-2758,0,0
-152,-144,-326,-2768,-3430,-3287,0,0
-65,-275,-308,-3893,-3736,-4022,0,0
60,110,-356,-4620,-3810,-4491,0,0
-36,416,-301,-4429,-4263,-4788,0,0
-284,426,123,-4491,-4973,-4871,0,0
-568,372,745,-3078,-4510,-3567,0,0
-890,-560,1395,-1765,-3273,-2315,0,0
-1040,-788,1894,-451,-2014,-607,0,0
-1091,-1377,1583,-284,-964,1001,0,0
-967,-744,419,-373,-1047,340,0,0
-787,269,-197,-53,-474,-618,0,0
-363,-24,-208,-535,362,-254,0,0
72,39,-272,-847,575,-19,0,0
341,146,-308,-50,709,-230,0,0
587,358,-349,80,275,-689,0,0
667,864,-280,-598,-1031,-2196,0,0
654,1143,126,-2305,-2653,-4179,0,0
536,255,623,-4202,-3309,-3986,0,0
198,-482,586,-5741,-3381,-4380,0,0
-27,-435,101,-4156,-3437,-4958,0,0
-14,-194,-659,-3269,-3468,-3229,0,0
-103,347,-887,-2348,-3089,-2921,0,0
-45,-8,-683,-2454,-2463,-3236,0,0
52,-49,-482,-3155,-2293,-3188,0,0
130,182,-403,-2833,-2235,-3142,0,0
187,4,-243,-3254,-2440,-3203,0,0
167,300,83,-3202,-2421,-3463,0,0
125,-20,174,-3313,-2817,-3606,0,0
6,-88,-18,-3693,-3421,-3957,0,0
-155,284,-248,-3320,-3736,-4747,0,0
-169,158,-424,-3689,-4120,-4727,0,0
-138,25,-474,-4275,-4189,-4760,0,0
-138,45,-451,-4402,-4079,-4722,0,0
-251,56,-325,-3428,-3666,-4061,0,0
-468,-418,282,-2268,-2525,-2647,0,0
-624,-1543,1216,-1524,-479,-1568,0,0
-448,-1936,1487,-881,-54,-167,0,0
-329,-462,946,-271,-674,265,0,0
-159,412,427,594,-457,-1056,0,0
489,253,388,-15,-329,-965,0,0
814,534,421,-569,-609,-308,0,0
664,934,58,-98,-859,-224,0,0
484,1184,-541,169,-1436,-50,0,0
320,1107,-1149,471,-2053,196,0,0
257,721,-1835,-365,-2583,-1349,0,0
363,929,-1929,-2360,-3642,-4203,0,0
475,-188,-902,-4154,-3616,-5302,0,0
569,-1015,-188,-5496,-3174,-5197,0,0
362,-317,-289,-3371,-3452,-6968,0,0
279,59,-297,-2368,-3554,-4826,0,0
474,205,-102,-1633,-3548,-3434,0,0
343,105,-56,-2004,-3845,-2928,0,0
201,269,34,-2423,-3523,-3289,0,0
238,262,-8,-2177,-3245,-2641,0,0
167,211,-214,-2130,-3501,-2839,0,0
202,303,-249,-1959,-3780,-3224,0,0
247,156,-197,-1887,-3986,-3245,0,0
108,75,-137,-2262,-4524,-4041,0,0
14,90,-52,-2629,-5080,-4580,0,0
-55,178,-99,-2896,-5259,-4075,0,0
-210,309,-220,-2756,-4881,-4203,0,0
-432,-6,-222,-2437,-4541,-4140,0,0
-624,62,210,-1671,-4234,-3341,0,0
-746,-327,853,-867,-3502,-2303,0,0
-638,-1030,1257,-1045,-2352,-1918,0,0
-234,-872,955,-939,-1364,-462,0,0
-116,-98,-187,13,-656,963,0,0
-410,344,-1057,229,-234,161,0,0
-350,219,-1065,-125,258,-264,0,0
-59,459,-662,-33,792,350,0,0
-46,705,-270,127,1330,502,0,0
-210,931,147,80,1494,137,0,0
-370,1331,556,239,282,-619,0,0
-720,1338,1113,-26,-2298,-2492,0,0
-1010,363,2001,-1831,-4515,-4989,0,0
-776,-920,2301,-4024,-3836,-7881,0,0
50,-979,986,-4705,-4492,-6632,0,0
387,-513,-408,-2578,-4672,-5664,0,0
643,-321,-562,-2267,-3614,-4750,0,0
546,-127,-334,-2925,-3023,-4208,0,0
298,-171,-243,-3096,-2535,-4352,0,0
255,-128,-179,-2601,-2536,-3724,0,0
249,48,-251,-2131,-2478,-3338,0,0
238,180,-316,-2103,-2410,-3102,0,0
203,328,-226,-2003,-2525,-3110,0,0
207,279,-135,-1985,-2827,-3380,0,0
180,157,-7,-2262,-3519,-4084,0,0
117,73,21,-2582,-4077,-4721,0,0
8,170,-281,-2820,-4512,-5253,0,0
-60,261,-644,-2633,-4656,-5126,0,0
-194,459,-830,-2196,-4609,-4891,0,0
-365,238,-700,-1949,-4222,-5050,0,0
-499,-124,-341,-1442,-3537,-4395,0,0
-736,-884,389,-1222,-2327,-3146,0,0
-753,-1230,1011,-857,-289,-1421,0,0
-532,-1010,597,-116,317,1239,0,0
-543,-174,195,145,291,453,0,0
-25,90,518,-189,264,-725,0,0
649,10,728,-450,-145,356,0,0
598,248,605,-36,-574,254,0,0
408,311,384,777,-760,8,0,0
241,230,55,629,-1389,75,0,0
-23,232,-412,309,-2023,-969,0,0
-169,255,-980,-592,-2679,-2827,0,0
-225,364,-855,-2220,-3426,-5204,0,0
-39,-328,181,-3327,-3206,-6190,0,0
203,-966,451,-4393,-2597,-6094,0,0
336,89,-253,-2396,-3313,-4992,0,0
376,100,-185,-1593,-3766,-4127,0,0
345,-16,220,-2436,-3290,-3703,0,0
187,-58,438,-3394,-2723,-3998,0,0
181,-163,254,-3528,-2510,-3462,0,0
101,201,-109,-2057,-2887,-3251,0,0
71,228,-123,-1714,-3005,-3744,0,0
146,186,15,-1939,-2904,-3604,0,0
107,17,143,-2571,-3088,-3872,0,0
106,-59,155,-2744,-3404,-4135,0,0
114,-109,53,-2737,-3668,-4359,0,0
104,-141,-81,-2734,-3851,-4591,0,0
50,16,-164,-2653,-3660,-4681,0,0
-37,77,-18,-2927,-3442,-4898,0,0
-164,42,292,-3341,-3638,-4580,0,0
-443,-49,650,-3042,-3630,-3984,0,0
-705,-249,1012,-1919,-3037,-2307,0,0
-953,-856,1262,-914,-2011,-516,0,0
-1015,-1176,939,-810,-893,181,0,0
-876,-659,-60,-287,-946,511,0,0
-829,14,-657,-336,-570,-322,0,0
-465,29,-737,-463,-25,-324,0,0
-153,31,-951,-914,293,-262,0,0
111,468,-1007,148,899,-434,0,0
475,531,-888,639,679,-328,0,0
675,936,-565,-178,-817,-3864,0,0
848,816,7,-1495,-3053,-3798,0,0
987,-252,347,-4046,-4555,-4704,0,0
864,-181,-9,-4754,-3717,-6386,0,0
957,73,-653,-2271,-4188,-4401,0,0
748,85,-1044,-2015,-4553,-3240,0,0
555,404,-1009,-1352,-3871,-3482,0,0
546,71,-591,-1569,-3757,-3306,0,0
371,113,-162,-1908,-3445,-3450,0,0
235,-40,-95,-1770,-3451,-3084,0,0
49,-6,-96,-1933,-3403,-2923,0,0
-58,109,-77,-1553,-3106,-3032,0,0
-22,66,-68,-1671,-3074,-2662,0,0
-5,267,-11,-1877,-3300,-2857,0,0
108,239,19,-1638,-3441,-2910,0,0
93,139,80,-1526,-3787,-3053,0,0
28,37,180,-1622,-4394,-3387,0,0
-104,-88,262,-2010,-5008,-3793,0,0
-237,-74,281,-2888,-5363,-4347,0,0
-279,-77,-16,-3021,-5723,-4577,0,0
-343,-25,-301,-2644,-5739,-4978,0,0
-572,-2,-328,-1963,-4545,-4373,0,0
-1051,-688,10,-1499,-2518,-2989,0,0
-1050,-1005,844,-1130,-855,-2194,0,0
-601,-945,1028,-292,-77,386,0,0
-482,-410,450,176,12,775,0,0
-230,407,369,476,146,-731,0,0
391,240,675,-121,-64,-49,0,0
515,333,821,-6,-468,400,0,0
370,194,547,820,-720,298,0,0
243,110,-26,842,-1444,595,0,0
-82,83,-492,537,-2034,-600,0,0
-333,51,-932,-1445,-2878,-2415,0,0
-605,261,-753,-3263,-3818,-4922,0,0
-400,-436,142,-4016,-4246,-6376,0,0
-11,-972,293,-4302,-3807,-5665,0,0
-77,-15,-294,-3441,-3155,-5759,0,0
146,559,-499,-2673,-2486,-4115,0,0
249,726,-445,-2098,-3109,-2038,0,0
-137,667,-10,-1810,-2111,-3769,0,0
-155,143,333,-2713,-2400,-3385,0,0
-298,265,352,-3002,-2324,-3643,0,0
-204,311,82,-2303,-2368,-3674,0,0
28,556,64,-1555,-2640,-3812,0,0
312,326,183,-812,-3042,-3412,0,0
305,-249,259,-687,-3011,-4042,0,0
270,-372,5,-2099,-2730,-3991,0,0
295,136,-332,-1818,-2538,-2813,0,0
301,131,-409,-1198,-2411,-3171,0,0
429,-14,-281,-948,-2855,-3321,0,0
313,-200,-279,-1312,-3112,-3509,0,0
122,-149,-316,-1711,-2913,-3942,0,0
128,41,-213,-1723,-2959,-3509,0,0
152,-97,125,-1889,-3173,-3426,0,0
108,-291,328,-1953,-3820,-3879,0,0
2,-298,366,-2518,-4248,-4389,0,0
-141,-82,277,-3210,-4238,-5314,0,0
-192,44,129,-3898,-4356,-5650,0,0
-184,324,68,-3121,-4382,-4430,0,0
-281,-109,373,-1937,-3752,-2850,0,0
-373,-593,1024,-1005,-2309,-1670,0,0
-294,-1029,1138,29,-838,204,0,0
-229,-804,428,-545,-658,783,0,0
-132,-134,-217,32,-586,310,0,0
-44,-446,-360,134,-377,473,0,0
-112,-409,-336,-168,10,-14,0,0
-61,-126,-317,121,424,-398,0,0
53,-121,-379,159,561,-389,0,0
151,162,-429,311,70,-893,0,0
361,367,-344,-551,-1529,-1756,0,0
531,525,14,-1705,-3412,-3496,0,0
733,-1,555,-3579,-4244,-4374,0,0
624,-424,642,-5826,-4502,-4966,0,0
300,-251,-94,-3957,-5485,-4662,0,0
30,-239,-652,-2981,-5348,-4059,0,0
-48,191,-701,-2610,-4015,-3471,0,0
-44,110,-733,-2544,-3288,-3346,0,0
-4,92,-422,-2493,-3214,-3452,0,0
0,-42,-89,-2293,-3405,-3098,0,0
-30,57,73,-2265,-3369,-3320,0,0
-25,-21,253,-2430,-3488,-3258,0,0
-72,-97,237,-2431,-3623,-3229,0,0
-66,18,138,-2548,-3883,-3599,0,0
65,178,229,-2991,-4201,-3632,0,0
10,177,275,-3624,-4638,-4156,0,0
-106,138,10,-3579,-5100,-4569,0,0
-214,176,-309,-3325,-5291,-4577,0,0
-388,289,-452,-2996,-4602,-4185,0,0
-688,-166,-135,-2360,-2951,-3480,0,0
-739,-461,646,-1182,-1457,-2330,0,0
-632,-949,1040,-535,-343,-465,0,0
-555,-698,604,-692,345,262,0,0
-247,277,148,336,364,-219,0,0
408,178,284,-54,99,71,0,0
790,207,460,-202,-320,380,0,0
750,282,478,162,-364,-76,0,0
569,285,248,284,-532,-101,0,0
343,218,-366,522,-1423,86,0,0
71,241,-1044,112,-2578,-1006,0,0
-125,491,-1460,-1108,-3592,-2796,0,0
-58,121,-1080,-2504,-4645,-3759,0,0
5,-834,171,-3682,-4751,-4873,0,0
-53,-1093,654,-4786,-3727,-5308,0,0
-172,69,71,-2858,-3554,-5160,0,0
76,22,-271,-2875,-3881,-3736,0,0
284,238,-298,-2904,-3387,-2992,0,0
302,225,-232,-3101,-3204,-3345,0,0
343,439,-165,-2886,-3222,-3120,0,0
308,493,-245,-2428,-3423,-2664,0,0
222,383,-274,-2063,-3317,-2853,0,0
126,428,-239,-1974,-3350,-2761,0,0
-22,438,-200,-1579,-3376,-2948,0,0
-102,80,-97,-1562,-3414,-3053,0,0
-121,98,44,-1640,-3320,-3070,0,0
-120,110,84,-1577,-3457,-3401,0,0
-53,-147,-1,-1671,-3906,-3442,0,0
-101,-249,-81,-2116,-4175,-3409,0,0
-173,-367,-151,-2625,-4062,-4507,0,0
22,-487,-252,-3336,-4369,-4939,0,0
199,-139,-342,-2952,-4800,-4492,0,0
80,165,-303,-2624,-4995,-4363,0,0
-237,137,63,-2227,-4260,-3601,0,0
-529,142,572,-1296,-2632,-2087,0,0
-575,26,1011,-446,-1009,-579,0,0
-409,-227,727,-551,-242,453,0,0
-164,400,-26,-605,-439,704,0,0
17,514,-302,320,-169,591,0,0
245,29,-313,496,19,523,0,0
367,25,-237,451,148,246,0,0
306,-80,-117,390,369,154,0,0
218,133,83,-165,178,-611,0,0
271,359,272,-1112,-911,-1451,0,0
297,514,380,-1743,-3155,-3060,0,0
328,-187,740,-2923,-5410,-4479,0,0
240,-821,1122,-4713,-5782,-5451,0,0
-115,-563,495,-3543,-5120,-5294,0,0
-238,-130,-557,-2963,-5501,-3849,0,0
-107,254,-817,-1851,-4476,-3672,0,0
19,-14,-803,-1314,-3338,-3455,0,0
36,67,-623,-1500,-3254,-3066,0,0
81,-14,-449,-1506,-3161,-3056,0,0
156,-32,-133,-1667,-3552,-2887,0,0
182,-25,339,-1844,-3642,-3179,0,0
151,-252,545,-2042,-3536,-2979,0,0
-25,-155,282,-2140,-3766,-2971,0,0
-194,123,-22,-1787,-3575,-3018,0,0
-173,122,-59,-1701,-3211,-3059,0,0
-2,208,93,-2160,-3190,-3184,0,0
176,183,236,-2335,-3548,-3251,0,0
207,2,266,-2656,-4193,-3586,0,0
88,91,103,-2816,-4938,-4057,0,0
-82,47,-199,-3020,-5738,-4316,0,0
-185,241,-452,-3176,-5844,-4615,0,0
-320,383,-432,-2795,-5056,-4733,0,0
-590,-106,-133,-2060,-3121,-3385,0,0
-712,-455,408,-1029,-1171,-1728,0,0
-545,-607,557,-340,-220,159,0,0
-498,-253,123,44,63,823,0,0
-280,196,76,-64,445,-358,0,0
375,93,335,-438,274,159,0,0
575,307,441,-2328,-75,353,0,0
380,429,275,183,-284,-212,0,0
255,457,-69,795,-760,-110,0,0
101,352,-501,788,-1663,-18,0,0
-43,264,-1117,526,-2781,-1669,0,0
-74,62,-1219,-1311,-4036,-3773,0,0
15,-310,-205,-2353,-4613,-5050,0,0
102,-861,498,-3324,-4162,-5756,0,0
239,-523,363,-3584,-3885,-5317,0,0
429,13,-30,-2068,-3919,-4512,0,0
702,-177,-187,-2301,-4077,-3205,0,0
648,201,-194,-2376,-3970,-2694,0,0
450,273,-203,-4064,-3571,-2698,0,0
336,59,-217,-2156,-3759,-2618,0,0
304,126,-191,-1819,-3812,-2578,0,0
284,-78,-156,-1716,-3930,-2476,0,0
207,-40,-189,-1635,-3963,-2542,0,0
125,138,-133,-1100,-3920,-2699,0,0
55,-25,-54,-1163,-3763,-2603,0,0
-4,19,-15,-1324,-3871,-2597,0,0
3,-89,11,-1409,-4178,-2474,0,0
-46,-223,-50,-1687,-4366,-2819,0,0
-113,-96,-62,-1785,-4507,-3285,0,0
-199,-33,-62,-1780,-4571,-3738,0,0
-330,92,-117,-2352,-4756,-4164,0,0
-421,363,-114,-2437,-4667,-4503,0,0
-317,432,16,-2590,-4771,-4225,0,0
-262,553,325,-2132,-4510,-3667,0,0
-414,248,894,-1764,-3891,-2477,0,0
-614,-307,1722,-1164,-2595,-1484,0,0
-386,-684,1934,-416,-960,-3,0,0
-245,-641,1111,-455,-695,849,0,0
-305,-165,334,22,-1033,221,0,0
-179,-244,134,252,-753,199,0,0
-176,-368,11,-237,-358,185,0,0
-289,40,-165,-236,258,-422,0,0
-294,355,-327,-39,512,-628,0,0
-208,578,-378,-433,117,-1133,0,0
79,567,-375,-1527,-2060,-2318,0,0
465,377,-220,-2715,-4583,-3944,0,0
641,0,22,-4184,-4831,-5433,0,0
637,-66,-204,-3667,-4950,-5024,0,0
397,-298,-865,-2760,-5562,-4051,0,0
109,-46,-1241,-1804,-5107,-3793,0,0
83,18,-1143,-1214,-4091,-3388,0,0
-5,-127,-857,-1262,-2945,-3402,0,0
43,-99,-623,-1212,-2646,-3080,0,0
147,3,-496,-987,-2741,-2410,0,0
185,56,-342,-918,-3082,-2327,0,0
172,184,-140,-748,-3299,-2629,0,0
149,86,58,-963,-3579,-2860,0,0
176,12,168,-1192,-3741,-2775,0,0
114,5,147,-1187,-3949,-2569,0,0
19,1,68,-1340,-4074,-2687,0,0
-6,-45,101,-1320,-4002,-3031,0,0
46,-158,172,-1723,-4152,-3237,0,0
57,-135,263,-1968,-4497,-3476,0,0
8,-155,229,-2106,-4955,-3805,0,0
-135,22,108,-2161,-5491,-4231,0,0
-266,89,-71,-2303,-5918,-4153,0,0
-323,195,-93,-2046,-5833,-4458,0,0
-318,-8,10,-1861,-5064,-3950,0,0
-620,-501,338,-1422,-3172,-2700,0,0
-849,-880,866,-1268,-1278,-2088,0,0
-723,-442,986,-1101,-490,-749,0,0
-679,-102,212,-662,128,326,0,0
-311,410,-369,191,3,-156,0,0
365,215,-168,215,-70,300,0,0
685,101,83,76,178,639,0,0
662,187,72,257,395,228,0,0
604,169,-95,442,-80,194,0,0
504,157,-354,185,-1105,106,0,0
386,107,-668,-165,-2723,-959,0,0
375,-33,-815,-772,-4637,-3106,0,0
389,-547,-356,-2023,-6417,-4080,0,0
235,-812,354,-3516,-6255,-4559,0,0
-94,-448,478,-3477,-5202,-5691,0,0
-120,-50,322,-2934,-4782,-5801,0,0
241,-240,298,-3005,-4970,-3300,0,0
220,109,313,-3312,-4580,-2727,0,0
191,497,239,-2053,-3729,-2758,0,0
244,224,178,-1673,-3407,-2243,0,0
178,152,96,-1472,-3266,-1782,0,0
96,257,-78,-1480,-2925,-1446,0,0
32,362,-249,-1468,-2811,-1441,0,0
63,461,-373,-1345,-2724,-1638,0,0
42,530,-467,-945,-3035,-2040,0,0
-4,536,-469,-715,-3409,-2613,0,0
-69,427,-313,-736,-3779,-2649,0,0
-190,152,-192,-844,-4301,-2907,0,0
-200,-171,-91,-1259,-4969,-3271,0,0
-156,-271,-6,-1516,-5034,-3475,0,0
-179,-385,15,-1813,-5055,-4027,0,0
-89,-300,94,-2143,-5049,-4396,0,0
70,-80,113,-2028,-5271,-4416,0,0
98,8,170,-2156,-5763,-4405,0,0
-38,53,278,-2030,-5339,-3691,0,0
-367,-115,510,-1907,-4320,-2988,0,0
-627,-169,965,-1190,-2670,-1826,0,0
-889,-782,1146,-525,-947,303,0,0
-885,-925,644,-807,-669,778,0,0
-599,-337,-96,-831,-602,652,0,0
-291,-183,-481,-199,-72,245,0,0
-5,-449,-595,-297,190,-118,0,0
130,-12,-557,-124,210,-273,0,0
127,150,-546,-42,249,-427,0,0
122,513,-563,61,-56,-832,0,0
225,833,-458,-337,-1475,-1743,0,0
426,922,-25,-1010,-3434,-3375,0,0
535,136,627,-1707,-5066,-4374,0,0
454,-352,863,-4042,-5805,-4919,0,0
273,104,340,-3171,-5528,-4442,0,0
140,-78,-666,-2536,-5293,-3433,0,0
109,273,-972,-1468,-4730,-2964,0,0
110,78,-838,-1115,-3793,-2970,0,0
92,-20,-576,-1302,-3741,-2953,0,0
19,-95,-109,-1187,-3733,-3347,0,0
31,-463,260,-1757,-3913,-3271,0,0
28,-307,314,-1584,-3979,-3105,0,0
37,-234,225,-1455,-3891,-2776,0,0
-6,-24,165,-1436,-3742,-2422,0,0
-51,56,130,-1219,-3388,-2280,0,0
-14,-97,128,-1414,-3265,-2329,0,0
53,-50,179,-1613,-3345,-2361,0,0
70,-27,240,-1721,-3741,-2728,0,0
36,-50,321,-2107,-4515,-3280,0,0
-95,166,226,-2358,-5160,-3715,0,0
-226,144,34,-2631,-5765,-3880,0,0
-259,203,-325,-2736,-5931,-4489,0,0
-217,400,-627,-2385,-5747,-4599,0,0
-229,235,-661,-2038,-4820,-3992,0,0
-376,-201,-256,-1643,-3213,-2669,0,0
-481,-594,475,-244,-1257,-1601,0,0
-352,-1193,691,-790,204,-50,0,0
-222,-199,342,-1452,1052,-124,0,0
166,810,240,184,894,-47,0,0
483,545,534,-57,30,398,0,0
401,500,736,76,-537,274,0,0
169,436,598,358,-586,199,0,0
-30,342,222,53,-942,213,0,0
-68,201,-296,250,-1331,20,0,0
21,105,-875,177,-3146,-1378,0,0
165,134,-847,-1768,-5270,-3356,0,0
204,65,-139,-2955,-5597,-4504,0,0
20,-430,163,-3883,-5370,-5441,0,0
-106,-15,-90,-2856,-5100,-5738,0,0
-51,127,-248,-1849,-4793,-5040,0,0
176,27,-174,-1446,-4529,-3779,0,0
244,110,122,-1590,-4385,-3549,0,0
153,-31,376,-1216,-4653,-3129,0,0
-9,-342,431,-1184,-5243,-2926,0,0
-191,-503,312,-1805,-4480,-3306,0,0
-287,-317,298,-2071,-3796,-3571,0,0
-304,-240,389,-1735,-3254,-3046,0,0
-279,-131,267,-874,-1629,-1814,0,0
-290,95,63,203,-799,-1313,0,0
-166,415,47,223,-858,-1141,0,0
-79,498,97,-347,-1315,-629,0,0
-160,837,88,-1897,-2010,-1527,0,0
-115,958,208,-1114,-2746,-2677,0,0
97,-84,13,-2393,-4489,-4468,0,0
300,-192,-223,-3175,-6100,-5258,0,0
379,-192,-545,-3093,-6964,-5139,0,0
283,-92,-857,-2899,-5582,-5789,0,0
272,291,-737,-2949,-4275,-5229,0,0
52,380,-258,-2207,-4003,-3595,0,0
-271,-58,393,-1888,-3944,-2481,0,0
-468,-707,1039,-1725,-2881,-1413,0,0
-654,-943,1523,-957,-1195,-524,0,0
-596,-1373,1518,-1287,79,22,0,0
-348,-1224,471,-1214,-262,472,0,0
-350,-418,-392,558,-954,259,0,0
-178,-440,-464,738,-728,-593,0,0
205,-99,-385,238,-7,-517,0,0
289,-20,-352,-254,350,-346,0,0
223,240,-304,-663,24,-935,0,0
249,779,-264,-1566,-1420,-1942,0,0
339,767,-231,-2195,-3048,-3084,0,0
320,426,-87,-3592,-4438,-4308,0,0
221,20,398,-3700,-4726,-5693,0,0
222,-263,-34,-3572,-5889,-4444,0,0
133,395,-483,-2335,-6019,-3912,0,0
162,66,-272,-2031,-5043,-3924,0,0
11,-197,-121,-2506,-4099,-3823,0,0
-172,60,-233,-2272,-3536,-3275,0,0
-176,27,-272,-1667,-3218,-2861,0,0
-90,54,-198,-975,-2742,-2623,0,0
-32,16,-131,-769,-2711,-2261,0,0
85,-81,-53,-988,-2889,-2180,0,0
200,-38,93,-1132,-3133,-2304,0,0
203,-96,143,-1603,-3281,-2519,0,0
143,37,30,-1778,-3532,-2774,0,0
85,70,-114,-3912,-3762,-3044,0,0
163,191,-21,-2155,-4078,-3798,0,0
247,237,150,-2685,-4741,-4034,0,0
65,299,85,-3171,-5119,-4299,0,0
-132,243,-261,-2817,-5698,-4174,0,0
-199,139,-664,-2343,-6053,-3858,0,0
-266,171,-844,-1632,-5439,-3832,0,0
-475,-257,-547,-1739,-3966,-3319,0,0
-776,-999,333,-1850,-2043,-2544,0,0
-641,-1100,1008,-1430,-713,-1234,0,0
-385,-500,690,-662,-46,160,0,0
-259,-12,183,-153,51,-308,0,0
221,395,212,23,0,-438,0,0
569,325,317,61,-202,264,0,0
457,430,356,317,-130,218,0,0
282,314,186,762,24,181,0,0
245,394,-108,720,-707,605,0,0
177,481,-414,390,-1517,196,0,0
134,245,-820,-493,-3552,-1104,0,0
112,80,-724,-2430,-5049,-3521,0,0
255,-655,66,-3573,-5584,-5509,0,0
325,-1261,511,-3990,-5543,-6423,0,0
52,-377,262,-3034,-5797,-6154,0,0
-150,348,25,-2498,-5481,-4987,0,0
88,529,-131,-2540,-4294,-3202,0,0
203,717,-325,-1516,-3500,-2340,0,0
236,319,-237,-988,-3465,-2212,0,0
250,59,42,-1101,-3365,-1892,0,0
162,152,176,-1144,-3025,-2083,0,0
112,50,94,-1336,-2950,-2282,0,0
22,-74,15,-1326,-3018,-2291,0,0
-119,3,46,-1287,-3350,-2706,0,0
-146,-30,24,-1469,-3603,-3003,0,0
-135,37,-49,-1814,-4047,-3265,0,0
-151,114,-74,-2116,-4434,-3913,0,0
-105,137,-77,-2281,-4742,-4427,0,0
22,319,-163,-2235,-5030,-4644,0,0
120,477,-204,-1995,-5195,-4436,0,0
80,540,-154,-1872,-5360,-4255,0,0
-68,543,79,-1916,-5186,-4134,0,0
-283,325,408,-1580,-4533,-3030,0,0
-638,-80,906,-939,-2992,-1966,0,0
-763,-455,1169,-504,-1153,-867,0,0
-578,-792,646,-963,-438,743,0,0
-391,-313,-168,-443,-471,890,0,0
-161,-190,-446,76,-261,548,0,0
57,-459,-351,-341,-148,201,0,0
211,-335,-330,-487,-156,-170,0,0
194,-60,-324,-254,72,-239,0,0
100,141,-368,139,166,-647,0,0
153,334,-439,45,-362,-1449,0,0
383,760,-443,-467,-2407,-2495,0,0
578,846,36,-934,-4334,-4690,0,0
736,227,521,-2185,-5451,-4990,0,0
549,55,568,-2381,-6322,-4512,0,0
249,-122,-80,-2225,-6601,-4093,0,0
174,102,-481,-2077,-5880,-3202,0,0
72,74,-569,-1388,-5119,-3192,0,0
-64,-191,-556,-1295,-4969,-2932,0,0
-91,-304,-511,-1217,-4142,-2653,0,0
-128,-473,-293,-1700,-3246,-3065,0,0
-109,-383,-49,-1426,-3035,-2927,0,0
-125,-448,84,-1038,-3416,-2589,0,0
-61,-417,242,-1269,-3627,-2681,0,0
36,-135,385,-1309,-3345,-2515,0,0
-29,-181,500,-1171,-3456,-2900,0,0
-88,-324,641,-1254,-3731,-2965,0,0
-236,-236,761,-1527,-4335,-3106,0,0
-346,-178,786,-2490,-4835,-3895,0,0
-396,8,550,-3548,-5442,-4260,0,0
-386,195,56,-3687,-5782,-5043,0,0
-302,432,-486,-3114,-5462,-4724,0,0
-512,542,-576,-1998,-3980,-3929,0,0
-701,-125,-189,-1148,-2042,-2942,0,0
-543,-861,562,-1102,-1182,-1290,0,0
-430,-1216,811,-890,-241,86,0,0
-397,-2440,423,-617,399,-226,0,0
-56,166,248,-171,102,-690,0,0
563,573,403,-153,-77,250,0,0
616,447,429,358,-259,543,0,0
392,353,442,265,-263,-115,0,0
272,520,334,752,-311,107,0,0
177,153,-81,251,-1166,81,0,0
175,57,-657,-623,-2659,-1331,0,0
310,-119,-793,-1839,-4148,-2818,0,0
355,-735,-195,-3879,-4901,-3711,0,0
242,-776,232,-4717,-4677,-4808,0,0
113,-471,198,-4111,-4637,-5485,0,0
146,131,187,-3399,-4493,-5543,0,0
272,112,109,-3048,-4671,-3857,0,0
221,211,-92,-3154,-4334,-3219,0,0
211,365,-259,-2210,-3917,-3076,0,0
251,80,-326,-1862,-3948,-2489,0,0
146,113,-286,-1878,-3968,-2514,0,0
31,-47,-222,-2167,-3879,-2771,0,0
-65,-118,-220,-2493,-3867,-2931,0,0
-120,-2,-227,-2262,-3504,-2871,0,0
-91,-120,-251,-1992,-3277,-2682,0,0
-39,30,-289,-1362,-2890,-2247,0,0
-62,69,-310,-1048,-2360,-1964,0,0
-92,63,-296,-1069,-2108,-1732,0,0
-106,162,-315,-1035,-2033,-1653,0,0
-58,207,-399,-1104,-2336,-1751,0,0
7,351,-429,-1138,-3252,-2742,0,0
-12,514,-259,-1506,-4352,-6192,0,0
-107,415,72,-2562,-5172,-5223,0,0
-152,416,143,-3138,-5584,-5279,0,0
-102,559,26,-2525,-6404,-4546,0,0
-225,521,179,-3736,-5804,-3609,0,0
-550,223,777,-761,-3946,-3200,0,0
-710,-417,1508,-489,-2419,-1472,0,0
-707,-1611,1749,-767,-1149,-254,0,0
-463,-1847,1236,-1016,-566,-21,0,0
-224,-803,370,-586,-818,539,0,0
-164,-267,-171,110,-722,458,0,0
-113,-485,-405,-165,-238,41,0,0
-18,-341,-495,-553,171,-587,0,0
120,-48,-457,-465,232,-443,0,0
136,174,-366,-595,204,-857,0,0
243,617,-318,-915,-565,-2022,0,0
470,890,-212,-1636,-2563,-3086,0,0
494,650,202,-3051,-4658,-3733,0,0
274,125,823,-4343,-5147,-5391,0,0
194,-207,773,-4120,-5700,-5260,0,0
75,-33,-52,-3841,-6669,-4280,0,0
19,186,-518,-3251,-5808,-3823,0,0
-12,73,-788,-2846,-4151,-3922,0,0
46,88,-918,-2418,-3608,-3695,0,0
119,-19,-804,-1841,-3199,-3316,0,0
117,-123,-507,-1785,-3136,-2901,0,0
20,-70,-250,-1521,-2911,-2358,0,0
-50,-269,-222,-1426,-2802,-1862,0,0
-57,-199,-305,-1254,-2589,-1653,0,0
-63,-148,-346,-1054,-2355,-1660,0,0
-42,-185,-393,-1260,-2177,-1533,0,0
4,6,-471,-935,-2139,-1522,0,0
117,7,-503,-882,-2465,-1564,0,0
158,130,-455,-861,-2745,-2154,0,0
199,147,-313,-1067,-3551,-2858,0,0
137,165,-97,-1251,-4217,-3174,0,0
-24,195,147,-1625,-4737,-3850,0,0
-159,239,401,-2045,-5260,-4369,0,0
-372,162,477,-2533,-5683,-4664,0,0
-453,120,213,-2294,-5794,-4952,0,0
-304,-80,-126,-1971,-5531,-4614,0,0
-186,-311,-192,-2348,-5329,-3787,0,0
-250,-652,78,-2192,-3993,-2612,0,0
-269,-1359,622,-1815,-2147,-1579,0,0
-149,-1386,1135,-1670,-909,-873,0,0
-52,-534,1159,-945,297,-236,0,0
-113,104,656,-238,579,161,0,0
-79,372,372,-209,-88,-124,0,0
99,617,427,122,-310,-2264,0,0
235,471,441,434,-534,-137,0,0
233,567,222,290,-632,-110,0,0
143,523,-259,38,-976,-520,0,0
173,522,-836,-897,-2420,-1759,0,0
102,755,-1298,-1988,-4071,-3367,0,0
138,373,-728,-2496,-5582,-3872,0,0
127,-572,220,-4136,-6199,-5095,0,0
-104,-349,548,-3955,-5458,-6944,0,0
-179,-92,243,-3554,-4836,-6883,0,0
162,206,-165,-2853,-4392,-3855,0,0
298,355,-341,-1838,-3367,-2517,0,0
379,160,-418,-1494,-2727,-2307,0,0
426,213,-438,-935,-2564,-1960,0,0
356,136,-350,-556,-2448,-1591,0,0
201,-14,-122,-885,-2377,-1620,0,0
117,-62,106,-985,-2434,-1699,0,0
118,-192,205,-1277,-2745,-1732,0,0
132,4,175,-1347,-2861,-1882,0,0
119,63,62,-1134,-3159,-2059,0,0
74,26,-71,-1178,-3413,-2332,0,0
34,95,-84,-1073,-3661,-2701,0,0
16,-54,-7,-1154,-3914,-2968,0,0
-42,-230,188,-1763,-4477,-3518,0,0
-112,-107,316,-2381,-5051,-4299,0,0
-194,-131,177,-3009,-5542,-4517,0,0
-304,200,46,-2867,-5466,-5065,0,0
-267,408,45,-2981,-5470,-4935,0,0
-321,544,295,-3454,-5126,-4567,0,0
-571,271,640,-3112,-3898,-3557,0,0
-718,-18,1025,-1662,-2938,-2208,0,0
-495,-710,1282,-157,-2410,280,0,0
-331,-1556,976,-190,-1766,1659,0,0
-379,-1217,-13,-461,-1100,381,0,0
-303,-403,-831,-5,-716,-399,0,0
-233,-93,-1033,-38,-315,-294,0,0
-121,41,-1136,-450,-227,-2376,0,0
-37,428,-1231,-884,16,-439,0,0
22,815,-1130,-347,252,-583,0,0
184,891,-861,-420,413,-1604,0,0
563,1191,-474,-1164,-775,-2134,0,0
734,834,305,-1816,-2538,-2803,0,0
687,-28,892,-2635,-4194,-4740,0,0
630,-459,971,-2650,-6365,-4860,0,0
331,-422,396,-2940,-7037,-4223,0,0
98,-126,-152,-2368,-6343,-3960,0,0
45,-245,-432,-2160,-5552,-3675,0,0
87,-142,-459,-1838,-5044,-3411,0,0
21,-146,-177,-1491,-4295,-3791,0,0
24,-229,127,-2031,-4019,-3414,0,0
-52,-6,286,-2169,-4072,-3164,0,0
-104,44,202,-1999,-4294,-3309,0,0
-18,189,57,-1873,-4437,-3117,0,0
33,302,-74,-2213,-4494,-3001,0,0
-15,354,-123,-2328,-4388,-3306,0,0
-71,410,-157,-2380,-4391,-3727,0,0
-51,459,-103,-2368,-4590,-3552,0,0
-180,134,161,-1860,-3674,-2229,0,0
-576,-786,771,-927,-1499,-1091,0,0
-712,-1385,1372,-619,-501,-638,0,0
-530,-1169,1391,-791,-386,-845,0,0
-312,-218,730,-272,-709,-482,0,0
-229,269,155,-323,-1237,-257,0,0
-105,469,-207,-549,-1161,-668,0,0
38,764,-541,-825,-1476,-1420,0,0
49,1005,-507,-1400,-2379,-2495,0,0
-153,506,186,-1658,-3322,-3467,0,0
-568,-615,1198,-2396,-3625,-3357,0,0
-1227,-3088,2276,-1993,-2913,-3165,0,0
588,-1037,-2142,-2631,-74,-1226,0,0
298,-1450,-2051,-3668,-793,-855,0,0
23,-437,-2022,-3894,-949,-554,0,0
-185,209,-2107,-3866,-802,-1126,0,0
-97,920,-2034,-3176,-374,-1277,0,0
-273,1080,-1875,-2135,-672,-461,0,0
-604,-1063,-1963,-2868,-400,-3284,0,0
99,-586,-1842,-4739,-773,-2769,0,0
343,1312,-1800,-5225,-2118,-1398,0,0
-33,2059,-1983,-6000,-3559,-1547,0,0
-217,2621,-1823,-5074,-4463,-1858,0,0
-392,2061,-1606,-5481,-4623,-3542,0,0
-89,2105,-1329,-4861,-4808,-4341,0,0
-177,1668,-1090,-2343,-5090,-2797,0,0
-668,1081,-606,-941,-4344,-2858,0,0
-746,116,378,-22,-2512,-1301,0,0
-737,-1415,1601,-119,524,200,0,0
-790,-1428,1996,-476,1205,847,0,0
-892,-768,1627,-853,595,1011,0,0
-707,-671,1296,-594,526,205,0,0
-136,-839,995,-356,-154,-146,0,0
221,-837,726,-259,-498,-637,0,0
445,-550,513,-236,-867,-1622,0,0
660,-67,311,-974,-1873,-2549,0,0
481,194,-16,-3643,-3728,-3844,0,0
260,496,-200,-6798,-3457,-5353,0,0
269,557,-679,-7038,-2458,-4392,0,0
257,488,-1294,-5165,-3078,-3572,0,0
233,646,-1609,-3463,-2949,-3742,0,0
392,673,-1266,-3243,-2640,-3792,0,0
482,225,-641,-2907,-2736,-3252,0,0
292,-134,-194,-3374,-3556,-3681,0,0
-59,-230,248,-3621,-4010,-4221,0,0
-295,-442,335,-4392,-3586,-3968,0,0
-390,-306,118,-4799,-3939,-4273,0,0
-249,-316,-58,-4967,-4342,-4369,0,0
-164,141,-272,-4866,-4385,-4381,0,0
-356,316,-450,-4449,-4103,-3841,0,0
-841,-301,-406,-3302,-2738,-2758,0,0
-942,-1409,223,-2350,-741,-1668,0,0
-511,-1817,959,-1153,299,-421,0,0
-152,-1124,865,-71,506,-274,0,0
163,127,648,476,88,-32,0,0
474,218,680,102,-379,-190,0,0
770,27,659,-416,-911,-179,0,0
802,293,459,435,-1092,-200,0,0
617,110,-58,643,-1256,-105,0,0
329,50,-553,13,-1405,-72,0,0
63,220,-894,-215,-1673,-601,0,0
-38,-160,-1108,-2713,-2453,-2525,0,0
64,-276,-685,-5807,-2840,-4048,0,0
149,-508,-456,-8048,-3455,-4316,0,0
551,357,-853,-5974,-4108,-4133,0,0
824,807,-904,-2549,-3883,-3594,0,0
787,195,-406,-3137,-3366,-2883,0,0
780,213,-146,-3056,-3133,-3632,0,0
465,307,-100,-2478,-3145,-1223,0,0
24,452,-284,-1825,-3153,-2057,0,0
-116,391,-402,-1399,-3318,-2135,0,0
-185,117,-222,-1914,-3423,-2086,0,0
-216,-66,2,-3039,-3547,-2701,0,0
-106,10,112,-3382,-3713,-2732,0,0
-67,27,272,-3956,-4180,-3052,0,0
-72,-1,452,-4213,-4561,-3476,0,0
-144,-43,378,-4620,-4740,-3702,0,0
-425,142,130,-4644,-4656,-4088,0,0
-601,383,95,-4677,-4983,-4076,0,0
-592,522,55,-4586,-4474,-3604,0,0
-638,338,23,-4078,-3470,-3063,0,0
-392,265,331,-2627,-2884,-2272,0,0
76,-348,848,-786,-2144,-421,0,0
198,-1356,930,85,-156,217,0,0
275,-1147,374,95,718,-373,0,0
370,194,114,-89,154,-203,0,0
384,1111,284,1056,-317,-720,0,0
392,-302,485,465,-779,-509,0,0
288,-666,395,-234,-766,407,0,0
152,-31,-99,-391,-822,378,0,0
-57,168,-556,-784,-813,-77,0,0
-239,256,-899,-767,-1223,-890,0,0
-335,379,-1243,-2220,-3307,-2218,0,0
-292,642,-949,-3892,-4940,-3493,0,0
-237,-474,117,-5367,-3627,-4385,0,0
-171,-1324,138,-6897,-4547,-4449,0,0
-52,-27,-432,-4896,-5839,-4278,0,0
27,-77,-486,-3584,-5006,-3815,0,0
76,48,-458,-3631,-3683,-3364,0,0
90,443,-548,-3381,-2732,-3019,0,0
134,463,-583,-2684,-2340,-2163,0,0
197,642,-489,-1617,-2183,-1638,0,0
227,486,-366,-1183,-2219,-1838,0,0
258,284,-279,-1452,-2690,-1866,0,0
232,500,-63,-1489,-3533,-2399,0,0
214,173,315,-2043,-4121,-3150,0,0
223,-79,587,-3342,-4870,-3892,0,0
98,130,504,-3646,-5669,-4067,0,0
-194,-82,135,-4110,-6197,-4106,0,0
-461,266,-122,-3986,-6391,-4220,0,0
-635,269,-183,-3965,-5775,-3975,0,0
-876,-318,-18,-3048,-3616,-2729,0,0
-955,-866,395,-1718,-543,-2349,0,0
-452,-109,700,-154,-92,-774,0,0
-165,-242,410,-340,-571,954,0,0
-19,555,-61,-173,-296,369,0,0
312,894,-322,484,-60,-692,0,0
634,386,-351,301,-104,-228,0,0
631,354,-312,267,-73,148,0,0
531,401,-432,406,-65,47,0,0
484,198,-678,268,-640,357,0,0
445,162,-946,-63,-1775,-188,0,0
454,72,-1193,-764,-3690,-1817,0,0
403,-385,-411,-3009,-5600,-3811,0,0
353,-603,905,-5191,-5639,-5108,0,0
194,-144,427,-4719,-5695,-5007,0,0
-68,395,-263,-2297,-6263,-5056,0,0
128,85,-59,-2300,-5705,-3813,0,0
238,56,8,-2498,-4831,-2651,0,0
61,97,-50,-2216,-3957,-2793,0,0
106,-34,-36,-1919,-3667,-2575,0,0
255,-121,79,-1467,-3665,-2124,0,0
266,-198,168,-1482,-3513,-1861,0,0
143,-253,143,-1601,-3446,-1902,0,0
75,-168,51,-1341,-3129,-1784,0,0
-48,-103,-87,-997,-2767,-1509,0,0
-88,-186,-172,-906,-2641,-1407,0,0
-41,-122,-221,-905,-2672,-1314,0,0
-53,-11,-217,-1019,-2901,-1627,0,0
-39,77,-112,-1465,-3520,-2678,0,0
-7,152,10,-1661,-4294,-3158,0,0
-39,60,233,-2744,-5152,-3493,0,0
-42,205,331,-3334,-5663,-3861,0,0
-49,343,141,-3539,-6226,-3946,0,0
-125,531,10,-3358,-6549,-3659,0,0
-430,405,141,-3186,-5802,-2752,0,0
-690,484,548,-2421,-4304,-2648,0,0
-794,32,1207,-1412,-3048,-1854,0,0
-919,-1114,1668,-1063,-1722,-865,0,0
-836,-1415,1440,-1085,-934,22,0,0
-669,-751,551,-236,-820,458,0,0
-517,-160,-268,332,-756,21,0,0
-317,-84,-586,88,-382,-157,0,0
-125,-11,-580,-289,-113,-211,0,0
45,203,-510,-436,230,-272,0,0
186,191,-431,-2552,533,-353,0,0
308,501,-306,-450,336,-701,0,0
408,528,-243,-1079,-1311,-2135,0,0
540,329,-146,-2474,-4238,-3580,0,0
458,-129,550,-4048,-5931,-4634,0,0
248,-815,1219,-5789,-5506,-4954,0,0
72,-168,116,-4203,-5310,-4580,0,0
88,408,-921,-2849,-4869,-3690,0,0
271,352,-964,-2063,-4436,-2936,0,0
260,-183,-672,-2186,-3847,-2821,0,0
174,-158,-413,-2398,-3283,-2932,0,0
170,-146,-209,-2076,-3053,-2465,0,0
150,-341,-8,-4000,-3288,-2224,0,0
171,-378,153,-1975,-3363,-2567,0,0
285,-350,246,-2240,-3297,-2334,0,0
357,-131,183,-2276,-3021,-2061,0,0
363,18,31,-2209,-2930,-1815,0,0
345,131,-48,-2152,-2980,-1722,0,0
343,264,-16,-2283,-3339,-1835,0,0
339,233,79,-2599,-3847,-1814,0,0
219,185,146,-2991,-4512,-2190,0,0
12,282,25,-3074,-4857,-2820,0,0
-130,364,-241,-2706,-5083,-2955,0,0
-177,352,-443,-2641,-5419,-2854,0,0
-269,380,-397,-2926,-5970,-3289,0,0
-407,182,-229,-3528,-6126,-3667,0,0
-552,143,-94,-3825,-5365,-3556,0,0
-902,-211,129,-2298,-3156,-2262,0,0
-1087,-954,591,-1330,-616,-875,0,0
-669,-425,878,-531,8,188,0,0
-353,-251,692,-547,225,167,0,0
102,487,404,-103,290,-808,0,0
623,690,281,20,-88,-674,0,0
752,328,128,-377,-312,-144,0,0
603,506,-47,48,-353,70,0,0
382,574,-250,813,-409,269,0,0
241,458,-482,1080,-1060,259,0,0
129,197,-740,870,-2717,-979,0,0
34,-228,-958,-1332,-5008,-2433,0,0
42,-293,-296,-2578,-5906,-3343,0,0
87,-1290,576,-4770,-5830,-4053,0,0
-20,-634,204,-4906,-5149,-4481,0,0
-245,340,-265,-2742,-4866,-4927,0,0
72,-169,-105,-3086,-4796,-3772,0,0
333,23,203,-3230,-4534,-2866,0,0
282,93,360,-2731,-4167,-3177,0,0
212,-222,447,-2496,-4214,-2896,0,0
72,-163,433,-2393,-4176,-2330,0,0
-43,-49,393,-2359,-3813,-2253,0,0
-47,-171,235,-2355,-3193,-1956,0,0
-6,-173,-4,-2002,-2901,-1610,0,0
50,-122,-184,-1392,-2597,-1648,0,0
89,-183,-302,-1219,-2496,-1339,0,0
31,-115,-401,-1085,-2302,-1168,0,0
14,-143,-482,-1366,-2242,-1419,0,0
102,-2,-525,-1386,-2439,-1543,0,0
125,-10,-514,-1507,-3008,-1642,0,0
119,-152,-355,-2057,-3716,-1978,0,0
93,-104,-144,-2532,-4303,-2441,0,0
-26,-202,61,-3639,-4955,-3096,0,0
-75,13,34,-4210,-5461,-3610,0,0
-22,328,-30,-3682,-6171,-3762,0,0
8,387,46,-3433,-6557,-3623,0,0
-184,406,247,-3641,-6184,-3296,0,0
-529,374,620,-3489,-4981,-3053,0,0
-624,450,971,-2155,-3634,-1634,0,0
-552,-346,1137,-297,-2124,1243,0,0
-385,-1223,1095,-92,-798,1551,0,0
-217,-1248,576,117,-235,188,0,0
-162,-876,0,-520,-746,-130,0,0
-494,-266,-329,-652,-833,31,0,0
-737,35,-710,-1076,-500,-212,0,0
-760,619,-888,-764,291,-299,0,0
-589,637,-845,-277,952,-657,0,0
-122,762,-658,-372,694,-1513,0,0
549,757,-432,-1310,-1337,-2583,0,0
957,580,277,-2499,-4063,-3780,0,0
766,-172,1214,-4013,-5608,-5192,0,0
340,-443,1153,-4947,-6882,-4881,0,0
54,157,342,-4323,-6740,-4146,0,0
129,393,-283,-3110,-5446,-3496,0,0
185,235,-720,-2491,-4490,-3148,0,0
162,375,-883,-1885,-3736,-2586,0,0
107,275,-694,-1429,-3382,-2180,0,0
48,24,-368,-1507,-3092,-2100,0,0
33,42,-139,-1486,-2703,-2124,0,0
79,-43,-34,-1348,-2505,-1908,0,0
134,-159,-30,-1367,-2447,-1615,0,0
159,0,-63,-1362,-2687,-1599,0,0
175,-13,-43,-1587,-2932,-1612,0,0
132,104,3,-1596,-3027,-1925,0,0
58,156,75,-1688,-3372,-2135,0,0
-48,33,159,-1788,-3787,-2240,0,0
-136,-88,172,-2027,-4231,-2631,0,0
-175,-98,177,-2212,-4434,-2962,0,0
-112,-178,103,-2486,-4488,-3215,0,0
-16,-32,39,-2452,-4523,-3252,0,0
102,-130,76,-2446,-4756,-3224,0,0
238,-350,209,-3096,-5533,-3326,0,0
230,-379,361,-4118,-6424,-3672,0,0
-105,11,229,-4275,-6236,-4076,0,0
-654,371,-41,-2960,-4738,-2956,0,0
-1217,-393,78,-1774,-2408,-1101,0,0
-1369,-1312,448,-1879,-469,-323,0,0
-925,-519,658,-1072,561,-2688,0,0
-288,164,511,-306,931,-483,0,0
313,489,326,-184,603,-168,0,0
681,878,442,-28,37,-55,0,0
783,815,555,122,-405,66,0,0
646,728,561,133,-518,144,0,0
353,734,322,329,-598,59,0,0
142,623,-322,154,-1643,-484,0,0
-47,244,-995,-1118,-3707,-1771,0,0
51,170,-1012,-2012,-4929,-2737,0,0
312,-972,-293,-3708,-6275,-2826,0,0
428,-1352,130,-5836,-5115,-4281,0,0
350,-326,-128,-4582,-5234,-5631,0,0
262,-309,-89,-4283,-5068,-4695,0,0
219,104,-245,-3687,-4729,-3265,0,0
122,349,-310,-2523,-4412,-2980,0,0
145,88,-69,-2141,-4260,-2739,0,0
252,35,172,-2099,-4280,-2286,0,0
221,-118,152,-2242,-3687,-1959,0,0
80,-297,-15,-2412,-3159,-2093,0,0
32,-206,-133,-2052,-2741,-2086,0,0
-10,-4,-145,-1501,-2493,-1806,0,0
-72,-94,-93,-1420,-2372,-1524,0,0
-68,-82,-95,-1456,-2346,-1441,0,0
6,-24,-117,-1227,-2369,-1395,0,0
46,-83,-112,-1210,-2435,-1386,0,0
32,-80,-62,-1305,-2548,-1533,0,0
42,-38,-10,-1432,-2652,-1645,0,0
34,-21,14,-1551,-2785,-1830,0,0
83,-156,64,-2024,-3462,-1863,0,0
92,-67,99,-2569,-4234,-2262,0,0
25,-22,93,-2966,-4756,-2787,0,0
-35,-152,-38,-3653,-5327,-3123,0,0
-78,104,-184,-3678,-5676,-3184,0,0
-195,273,-310,-3449,-5516,-2872,0,0
-653,195,-299,-3201,-5107,-2493,0,0
-1062,-251,18,-3265,-4682,-3608,0,0
-754,-25,516,-3454,-4914,-4017,0,0
-434,171,1014,-3087,-4646,-1921,0,0
-590,1,1041,-1597,-2974,-1526,0,0
-328,-463,599,-327,-1342,-1201,0,0
157,-623,-264,-47,-737,266,0,0
205,-27,-945,-230,-408,210,0,0
158,370,-1011,53,-78,-254,0,0
186,49,-1006,-140,-73,61,0,0
179,260,-1175,-855,20,143,0,0
147,857,-1197,-237,84,-212,0,0
263,1015,-998,-317,-280,-1056,0,0
535,1190,-649,-694,-2102,-2188,0,0
706,996,159,-778,-3662,-3329,0,0
531,272,965,-2277,-5230,-4092,0,0
395,-32,1267,-2800,-6374,-4476,0,0
256,-353,669,-2916,-7048,-3561,0,0
-45,-23,-42,-2442,-6339,-2907,0,0
-150,0,-499,-1838,-5195,-2961,0,0
-66,-31,-712,-1554,-4369,-3054,0,0
82,75,-632,-1015,-4062,-2412,0,0
69,12,-358,-1064,-4067,-2143,0,0
20,-67,-2,-1284,-3958,-2369,0,0
5,-126,170,-1275,-4012,-2468,0,0
-60,-123,159,-1300,-4197,-2485,0,0
-32,-48,105,-1295,-4094,-2405,0,0
25,-28,53,-1154,-3678,-2003,0,0
36,-16,62,-833,-3133,-1774,0,0
36,-57,144,-751,-2766,-1526,0,0
15,2,232,-668,-2427,-1441,0,0
-40,-3,269,-726,-2230,-1328,0,0
-31,-46,276,-1021,-2374,-1386,0,0
30,-78,397,-1421,-3083,-1534,0,0
43,-223,633,-2193,-4438,-2333,0,0
-134,-145,745,-3316,-5869,-3792,0,0
-372,-124,444,-3888,-7284,-4946,0,0
-563,-76,-268,-4018,-7826,-5405,0,0
-566,225,-858,-3285,-7113,-4749,0,0
-560,554,-978,-2095,-5281,-3438,0,0
-638,105,-492,-1227,-2885,-1760,0,0
-700,-1129,404,-1353,-739,-606,0,0
-489,-1457,939,-1685,560,-782,0,0
43,-266,803,-940,809,-85,0,0
391,426,547,61,571,364,0,0
604,358,633,217,157,-349,0,0
807,122,708,71,-303,-565,0,0
772,288,780,172,-799,-85,0,0
603,471,604,232,-994,132,0,0
454,392,91,292,-1594,376,0,0
256,86,-550,512,-3042,-631,0,0
71,-324,-1098,-1229,-5446,-2293,0,0
-26,-642,-655,-3497,-6117,-2770,0,0
63,-1215,130,-5033,-6202,-2948,0,0
192,-1001,244,-6502,-6062,-4535,0,0
138,270,3,-4073,-5781,-5475,0,0
298,-252,-203,-3576,-5608,-3357,0,0
207,-12,-381,-2808,-5017,-2050,0,0
42,228,-433,-1880,-4458,-2110,0,0
10,187,-224,-1445,-4135,-1721,0,0
-81,30,4,-1233,-3500,-1622,0,0
-170,-74,45,-1457,-3008,-1619,0,0
-139,-2,36,-1407,-2880,-1406,0,0
-92,8,-27,-1387,-2544,-1068,0,0
-104,91,-127,-1287,-2316,-1213,0,0
-63,37,-293,-3272,-2199,-1106,0,0
-29,29,-430,-1096,-2217,-888,0,0
-21,119,-458,-958,-2427,-1192,0,0
19,79,-351,-1205,-2893,-1542,0,0
32,90,-147,-1434,-3383,-1952,0,0
-21,-166,18,-2112,-4176,-2461,0,0
-22,-229,155,-2896,-5201,-3194,0,0
-4,-118,146,-3524,-6076,-3551,0,0
0,183,10,-3393,-6433,-3742,0,0
-65,366,-149,-3065,-6731,-3832,0,0
-200,463,-72,-3058,-6730,-3727,0,0
-355,538,186,-3347,-5873,-3189,0,0
-621,588,520,-3012,-4593,-2646,0,0
-781,430,1114,-1882,-3584,-1909,0,0
-560,-431,1580,-627,-2422,-199,0,0
-211,-1273,1268,177,-686,905,0,0
-120,-3128,312,24,-454,386,0,0
-64,-143,-373,412,-513,48,0,0
-101,-52,-489,531,-408,371,0,0
-255,-287,-444,-426,-216,143,0,0
-187,131,-426,-885,352,-222,0,0
6,418,-395,-225,701,-486,0,0
193,322,-316,-338,8,-1319,0,0
412,680,-200,-1440,-2570,-2431,0,0
534,883,-33,-2113,-5794,-3560,0,0
348,-53,641,-3472,-6340,-4471,0,0
267,-849,1232,-4461,-6764,-4658,0,0
222,-964,666,-5030,-7976,-3510,0,0
-87,-273,173,-4773,-6544,-3486,0,0
-215,-67,-176,-3591,-4154,-3627,0,0
-56,-154,-414,-2851,-2986,-2311,0,0
-11,42,-432,-1975,-2746,-1766,0,0
-9,-176,-304,-1667,-2546,-3784,0,0
69,-282,-151,-1751,-2255,-1474,0,0
77,-8,-114,-1496,-1917,-1014,0,0
-15,-32,-121,-1700,-1818,-1136,0,0
15,-6,-144,-1646,-2114,-1317,0,0
103,-5,-128,-1606,-2404,-1081,0,0
94,30,-54,-1707,-2685,-1556,0,0
128,14,21,-1607,-3042,-1984,0,0
149,-75,44,-1919,-3635,-1951,0,0
110,31,82,-2166,-4146,-1997,0,0
99,81,40,-2351,-4257,-2536,0,0
154,118,4,-2741,-4559,-2620,0,0
132,184,-17,-3026,-5340,-2787,0,0
-13,439,-132,-3445,-6473,-3483,0,0
-152,648,-210,-3443,-7005,-3732,0,0
-335,458,-300,-3620,-6693,-3434,0,0
-481,441,-547,-3085,-5768,-3143,0,0
-522,207,-509,-2037,-3863,-2453,0,0
-497,-426,12,-1521,-1613,-1533,0,0
-209,-528,630,-1329,-263,-881,0,0
3,-421,997,-986,679,-355,0,0
113,-163,795,-728,1128,-441,0,0
464,182,409,-528,85,435,0,0
544,601,279,-273,-592,601,0,0
353,755,122,501,-873,81,0,0
151,473,-348,1036,-1060,180,0,0
-45,296,-935,686,-2243,-272,0,0
-141,92,-1262,-959,-3671,-1890,0,0
-128,-112,-1235,-2907,-4606,-1988,0,0
-139,-314,-474,-4249,-5388,-2628,0,0
-20,-866,143,-4586,-5788,-4429,0,0
-263,-431,271,-3561,-7715,-6425,0,0
-314,-210,782,-3352,-7342,-6335,0,0
19,-149,851,-4498,-5409,-3750,0,0
79,435,362,-3439,-4196,-2141,0,0
-24,427,-7,-984,-3584,-1630,0,0
-11,-217,103,-615,-2611,-1362,0,0
-1,-174,289,-1168,-1562,-904,0,0
-96,14,307,-1579,-1196,-991,0,0
-64,38,70,-1931,-1460,-1383,0,0
92,156,-226,-1262,-1966,-1309,0,0
110,79,-367,-677,-2588,-1618,0,0
48,-25,-333,-838,-2929,-2050,0,0
19,-11,-178,-1180,-3183,-2248,0,0
14,36,-154,-1395,-3357,-2135,0,0
6,23,-125,-1535,-3054,-2397,0,0
130,-87,-108,-1856,-3041,-2463,0,0
301,-153,-291,-2250,-3316,-2183,0,0
393,-24,-389,-2095,-3656,-2314,0,0
405,-120,-443,-2242,-4220,-2376,0,0
317,263,-465,-1877,-4879,-2879,0,0
196,250,-361,-1908,-5563,-3452,0,0
-2,200,-213,-2251,-6322,-3600,0,0
-269,107,-81,-3016,-6795,-3780,0,0
-576,262,-151,-3218,-6449,-3209,0,0
-1097,345,67,-2718,-5575,-3271,0,0
-1207,179,904,-1903,-3847,-3094,0,0
-843,-49,1529,-224,-2415,-1673,0,0
-299,-811,1620,-288,-1754,-19,0,0
11,-985,1084,-804,-1124,1214,0,0
-96,-334,198,381,-426,789,0,0
-186,-370,-334,394,-295,-120,0,0
-119,-478,-585,-224,-464,260,0,0
-152,-159,-690,-335,-275,172,0,0
-187,95,-570,-654,-39,-355,0,0
-91,455,-477,-979,-220,-1492,0,0
218,581,-546,-1591,-1503,-2713,0,0
461,753,-499,-2202,-3107,-3547,0,0
433,853,-44,-2934,-4245,-4496,0,0
294,263,742,-3440,-4920,-5408,0,0
302,-256,723,-4013,-6272,-4292,0,0
126,-71,404,-3725,-6367,-3821,0,0
191,-179,-141,-3029,-5150,-3503,0,0
263,54,-497,-2208,-4773,-3065,0,0
187,-8,-370,-1754,-4478,-2875,0,0
84,-214,-90,-2090,-3973,-2890,0,0
-10,-45,44,-2192,-3512,-2656,0,0
-75,-4,-28,-1571,-3439,-2211,0,0
-74,-58,-65,-1105,-3518,-2024,0,0
-6,-16,33,-1056,-3145,-1830,0,0
-36,-47,130,-1251,-2693,-1719,0,0
-81,-23,132,-1180,-2353,-1754,0,0
-62,58,72,-919,-2249,-1668,0,0
-17,13,3,-1098,-2510,-1635,0,0
26,71,9,-1089,-3003,-1943,0,0
35,-101,144,-1712,-3658,-2390,0,0
-26,-86,181,-2569,-4872,-3216,0,0
-98,71,-32,-3276,-5475,-4263,0,0
-171,92,-309,-3509,-6168,-4453,0,0
-305,63,-584,-3433,-6202,-4641,0,0
-345,281,-714,-3047,-5731,-4378,0,0
-404,182,-685,-2329,-4604,-3226,0,0
-537,-451,-268,-1751,-2424,-2466,0,0
-281,-750,186,-1293,-500,-1554,0,0
7,-425,486,-831,-63,-111,0,0
-131,-180,474,44,709,577,0,0
49,55,323,503,612,393,0,0
315,226,648,102,27,68,0,0
341,178,955,63,-123,-89,0,0
251,139,866,41,-264,-33,0,0
92,31,454,-166,-708,-113,0,0
148,1,-232,-739,-2020,-650,0,0
402,215,-1013,-2162,-4430,-2408,0,0
544,347,-1059,-3202,-6765,-3612,0,0
550,-331,-339,-4040,-6835,-4073,0,0
405,-705,-298,-5226,-6430,-4399,0,0
133,413,-353,-3333,-6153,-5334,0,0
155,320,-152,-2173,-5345,-4145,0,0
220,141,-201,-2140,-4297,-2530,0,0
139,356,-365,-1420,-3641,-2301,0,0
159,188,-231,-990,-3780,-2061,0,0
211,61,67,-1070,-3532,-1761,0,0
192,76,181,-3232,-3142,-1685,0,0
110,-19,106,-1204,-2994,-1702,0,0
21,-92,-79,-994,-3062,-1597,0,0
-21,-56,-133,-740,-2996,-1317,0,0
-42,-97,-81,-727,-2690,-1142,0,0
-138,-166,-76,-870,-2456,-1326,0,0
-174,-39,-44,-975,-2665,-1610,0,0
-171,5,47,-841,-2960,-1952,0,0
-135,-263,207,-1351,-3528,-2740,0,0
-5,-353,381,-2078,-4322,-3263,0,0
132,-294,476,-2594,-5606,-3798,0,0
253,-182,317,-3264,-6669,-4449,0,0
339,-83,124,-3786,-7516,-4361,0,0
107,123,-19,-3879,-6958,-3455,0,0
-403,351,-217,-3307,-6144,-2179,0,0
-827,296,67,-2522,-4464,-1721,0,0
-841,78,530,-1105,-2528,-1019,0,0
-339,-323,909,-64,-1656,435,0,0
-60,-359,1061,-893,-380,1097,0,0
-183,-229,259,-363,124,479,0,0
-303,-322,-500,-163,-170,-242,0,0
-281,-111,-692,15,-61,-347,0,0
-252,-329,-874,-425,141,-176,0,0
-232,106,-937,-860,398,-656,0,0
-18,800,-745,-593,-11,-1081,0,0
147,899,-337,-979,-1262,-2209,0,0
176,601,127,-1450,-3389,-3429,0,0
86,91,830,-2792,-5824,-4016,0,0
-75,56,1647,-3068,-6256,-5331,0,0
-158,-544,1205,-3613,-7175,-5062,0,0
-199,-317,205,-4490,-6398,-3884,0,0
-89,284,-642,-3211,-4764,-3352,0,0
132,21,-1016,-2442,-3863,-3221,0,0
282,247,-936,-1490,-3475,-2760,0,0
197,216,-584,-825,-3054,-2485,0,0
80,-90,-203,-1176,-2744,-2248,0,0
5,-57,17,-1351,-2658,-1885,0,0
-20,-160,3,-1256,-2698,-1677,0,0
23,-70,-62,-979,-2750,-1829,0,0
126,-50,-68,-798,-2782,-1810,0,0
165,-95,-56,-929,-2562,-1724,0,0
180,-72,-41,-1131,-2371,-1869,0,0
273,-16,-30,-1098,-2542,-1760,0,0
378,-39,-30,-1088,-2820,-1666,0,0
434,-10,98,-1244,-3403,-1875,0,0
449,-91,405,-1744,-3950,-2087,0,0
310,-157,659,-2543,-4853,-2362,0,0
7,-153,615,-3088,-5983,-3172,0,0
-248,-81,243,-3395,-6731,-3656,0,0
-475,350,-228,-2994,-6457,-3976,0,0
-605,444,-544,-2998,-5969,-4029,0,0
-609,448,-674,-2703,-5522,-3805,0,0
-540,120,-768,-2758,-5093,-3486,0,0
-532,-205,-721,-2238,-3833,-2703,0,0
-593,-949,-210,-1494,-1569,-2190,0,0
-138,-950,614,-1447,-562,-1490,0,0
45,-469,972,-815,225,401,0,0
-105,-303,509,132,555,-89,0,0
396,160,356,421,-215,-1176,0,0
865,241,539,-51,-771,-251,0,0
781,136,466,-132,-981,578,0,0
431,251,-2,-200,-567,402,0,0
241,316,-664,51,-849,23,0,0
257,148,-1076,291,-1839,-281,0,0
231,-338,-1263,-1134,-4005,-1507,0,0
352,-343,-941,-1725,-5836,-2401,0,0
618,-921,157,-2890,-8259,-3123,0,0
199,-728,658,-4894,-7764,-5270,0,0
-336,563,248,-3721,-7089,-6102,0,0
-304,467,-33,-2994,-6048,-3593,0,0
-249,421,-208,-2378,-4451,-2276,0,0
-153,390,-275,-1239,-3353,-1964,0,0
2,23,-97,-667,-2990,-1637,0,0
211,-237,144,-831,-2853,-1584,0,0
336,-274,302,-1042,-2810,-1359,0,0
392,-105,387,-1217,-2733,-1305,0,0
313,207,455,-1067,-2334,-1319,0,0
116,331,592,-1119,-2550,-1349,0,0
73,255,670,-1557,-2740,-932,0,0
57,234,468,-1732,-2915,-1003,0,0
139,90,58,-1834,-3147,-1242,0,0
261,28,-198,-1966,-3681,-1628,0,0
325,25,-241,-1851,-4254,-2248,0,0
295,-164,-74,-2196,-5330,-2976,0,0
80,-132,86,-3066,-6480,-3730,0,0
-121,88,15,-3735,-7599,-4189,0,0
-243,418,-330,-3549,-8096,-4366,0,0
-478,808,-626,-3329,-7045,-3807,0,0
-852,799,-524,-2787,-5190,-2473,0,0
-1034,498,-22,-2136,-3338,-1527,0,0
-864,149,487,-311,-1502,-156,0,0
-553,-853,836,833,-157,1356,0,0
-199,-837,737,233,-555,736,0,0
61,-601,205,163,-974,543,0,0
50,-606,-267,-357,-864,364,0,0
-69,-709,-605,-528,-695,-139,0,0
-183,-340,-862,-589,-385,-519,0,0
-248,104,-1030,-600,-38,-659,0,0
-185,425,-1034,-691,-217,-1307,0,0
83,856,-848,-1166,-1418,-2726,0,0
339,1007,-284,-1281,-3298,-3737,0,0
272,294,947,-1891,-6295,-4797,0,0
366,-465,2111,-2465,-7613,-5092,0,0
472,-1093,1483,-4733,-7222,-3591,0,0
178,-177,199,-4539,-5742,-3068,0,0
140,85,-492,-2645,-5129,-2391,0,0
180,-335,-486,-2312,-4422,-1995,0,0
107,-32,-346,-2069,-3831,-2028,0,0
27,-13,-257,-1961,-3373,-1976,0,0
-51,101,-223,-1685,-2885,-2077,0,0
-78,207,-221,-1148,-2860,-1927,0,0
-70,52,-166,-1032,-2805,-1744,0,0
-43,124,-29,-917,-2700,-1612,0,0
-1,144,100,-1043,-2619,-1623,0,0
107,89,113,-1171,-2889,-1696,0,0
166,197,83,-878,-2905,-1624,0,0
148,88,65,-709,-3070,-1571,0,0
131,-48,91,-929,-3303,-1488,0,0
122,-62,240,-1215,-3386,-1653,0,0
156,-130,367,-1730,-3615,-1850,0,0
175,-165,391,-2163,-3903,-1919,0,0
175,-193,351,-2494,-4359,-2144,0,0
124,-266,467,-2849,-5077,-2382,0,0
1,-229,676,-3707,-5699,-2963,0,0
-228,-76,607,-4118,-6020,-3772,0,0
-444,66,-2,-4213,-6480,-3955,0,0
-625,429,-554,-3520,-6793,-3597,0,0
-775,373,-754,-3332,-6394,-2818,0,0
-1078,309,-746,-2713,-4218,-1771,0,0
-1296,-733,-58,-1904,51,-835,0,0
-717,-1694,1200,-1881,1726,-1989,0,0
107,-671,1571,-1214,1497,-648,0,0
409,530,1073,784,1,476,0,0
382,74,851,-50,-1290,-251,0,0
667,148,585,-334,-1171,-784,0,0
911,466,77,-22,-1174,385,0,0
720,636,-430,-189,-1811,764,0,0
477,807,-913,-79,-1569,190,0,0
244,494,-3488,9,-1925,-975,0,0
123,131,-1885,-1515,-3987,-2437,0,0
106,221,-1395,-2536,-6087,-3242,0,0
112,-505,-290,-3979,-7147,-4687,0,0
64,-686,-64,-4438,-7237,-5423,0,0
-157,207,-330,-2371,-7335,-5326,0,0
-191,176,17,-2497,-6396,-4270,0,0
-75,347,155,-2330,-4953,-3195,0,0
-44,327,2,-1199,-4341,-1827,0,0
-77,56,75,-891,-3612,-1422,0,0
-102,77,483,-961,-2590,-1672,0,0
-32,-119,748,-1615,-1692,-1661,0,0
99,-7,530,-1807,-1597,-1007,0,0
14,25,51,-1749,-1709,-332,0,0
-75,230,-289,-1317,-1723,-737,0,0
-3,152,-395,-898,-2158,-1334,0,0
135,-80,-309,-932,-3025,-1824,0,0
101,50,-306,-1014,-3912,-2765,0,0
67,-70,-4,-1482,-4532,-3288,0,0
76,-254,387,-2176,-4484,-3489,0,0
111,-169,410,-2166,-4269,-3432,0,0
183,-110,220,-1537,-4221,-2499,0,0
98,-195,69,-805,-3458,-1542,0,0
117,-267,-21,-660,-2675,-1435,0,0
317,-397,-101,-604,-2543,-735,0,0
351,-620,-221,-929,-2398,-446,0,0
269,-438,-249,-1603,-2530,-1140,0,0
263,-73,-59,-2184,-3097,-1592,0,0
149,-189,101,-2638,-3954,-2124,0,0
-85,-212,239,-3182,-5229,-3454,0,0
-150,-18,292,-3825,-7554,-4656,0,0
-237,265,162,-4666,-8458,-5468,0,0
-372,714,-147,-4932,-7368,-4191,0,0
-773,1209,-303,-3039,-5426,-1917,0,0
-1089,708,126,-982,-3329,-452,0,0
-912,138,840,169,-1393,815,0,0
-326,-742,1104,768,-628,1587,0,0
-62,-1146,702,-28,-391,636,0,0
-3,-575,-39,-433,-662,-12,0,0
-99,-297,-442,230,-616,-278,0,0
-99,-518,-716,132,-296,-561,0,0
-77,-302,-921,-575,52,-829,0,0
88,468,-992,-844,-131,-1659,0,0
356,679,-762,-1834,-1657,-2224,0,0
371,836,-308,-2418,-3424,-2951,0,0
206,470,380,-3809,-5434,-3368,0,0
28,76,1150,-4152,-6511,-4987,0,0
-1,-135,681,-3798,-7142,-4771,0,0
24,-99,286,-3202,-7381,-3625,0,0
77,-428,338,-3127,-7021,-3017,0,0
-117,-477,179,-3313,-4985,-3643,0,0
-176,-39,-64,-2722,-3403,-2835,0,0
-123,17,-184,-2242,-2266,-1946,0,0
-26,116,-231,-1515,-1539,-1438,0,0
13,133,-247,-1242,-1277,-972,0,0
-23,225,-157,-1233,-1455,-908,0,0
-29,198,-65,-1299,-1683,-1122,0,0
16,44,-129,-1301,-2026,-1673,0,0
33,31,-205,-862,-2697,-2089,0,0
32,-155,-203,-605,-3341,-2010,0,0
-1,-192,-158,-740,-3471,-2130,0,0
19,-91,5,-1155,-3547,-2236,0,0
37,-8,273,-1284,-3642,-2243,0,0
34,-196,232,-1706,-3526,-2004,0,0
50,-85,-104,-1866,-3334,-2055,0,0
151,93,-216,-1757,-3419,-2188,0,0
256,-87,40,-2124,-4099,-2340,0,0
137,-232,347,-3311,-5596,-3207,0,0
-225,78,314,-3647,-6922,-4487,0,0
-449,191,38,-4213,-7650,-4152,0,0
-641,370,-356,-3682,-6412,-3281,0,0
-989,-274,-485,-2212,-3738,-2288,0,0
-922,-1537,70,-1476,-1121,-1368,0,0
-127,-1800,1112,-2415,-263,-1356,0,0
497,-568,1532,-2312,94,-1102,0,0
647,344,878,-725,117,-588,0,0
776,480,187,-389,-795,-780,0,0
798,936,-89,9,-1026,-768,0,0
741,933,-412,336,-1432,-265,0,0
487,1020,-880,422,-1191,323,0,0
174,1374,-1271,490,-1194,148,0,0
131,1161,-1568,-600,-2350,-754,0,0
196,654,-1515,-2233,-3795,-1811,0,0
378,159,-826,-2190,-5828,-2635,0,0
500,-1016,-2248,-2483,-7175,-3756,0,0
204,-682,-28,-2223,-7248,-5302,0,0
-43,-439,371,-1427,-6855,-5450,0,0
13,-819,566,-2523,-5912,-3790,0,0
80,-504,215,-2650,-4687,-2548,0,0
78,-2,-25,-1403,-4481,-2486,0,0
112,-278,1,-1412,-4359,-1766,0,0
-41,156,122,-1652,-3401,-1956,0,0
-106,414,70,-1589,-3050,-1776,0,0
-169,181,-109,-2132,-3605,-1426,0,0
-563,489,-124,-3359,-4353,-3299,0,0
-1050,672,81,-3737,-5315,-5230,0,0
-1517,1043,250,-2742,-4925,-4333,0,0
