-418,61,269,-986,-577,5,0,0
-725,6,716,-937,-1000,-548,0,0
-1044,58,961,-654,-1758,-1561,0,0
-1022,46,1048,-1128,-3537,-1631,0,0
-1934,406,829,-2250,-3428,-1551,0,0
144,588,941,-2152,-3701,-2202,0,0
-139,523,1040,-1587,-4036,-3356,0,0
-826,365,773,-1434,-2992,-3917,0,0
507,274,320,-1362,-3054,-4089,0,0
-62,158,-38,-1107,-3344,-4746,0,0
765,-78,-407,-2593,-2551,-4979,0,0
1521,-301,-505,-3028,-4141,-5740,0,0
811,-339,-446,-3337,-4498,-6221,0,0
562,-228,-703,-2506,-5405,-6895,0,0
-423,-294,-783,-1870,-5588,-6672,0,0
-1000,-236,-543,-2133,-4300,-5621,0,0
-1372,-154,-421,-1962,-4156,-5136,0,0
-1026,-310,-183,-2140,-4419,-5370,0,0
-1732,-523,-58,-2493,-3383,-4095,0,0
-1008,-583,-2056,-2373,-2867,-3479,0,0
111,-638,108,-2293,-2579,-3118,0,0
-673,-709,-51,-2034,-1354,-1410,0,0
-386,-603,-349,-1456,-116,550,0,0
744,-225,-284,-444,420,746,0,0
1124,80,63,86,-722,-13,0,0
754,314,241,-212,-1277,-697,0,0
259,273,380,-431,-1114,-738,0,0
53,-34,761,-767,-593,-313,0,0
-271,-332,788,-264,-94,-412,0,0
-76,-429,818,445,-109,-673,0,0
-243,-430,780,404,-684,-678,0,0
-812,-230,519,-228,-838,-978,0,0
-130,46,169,-1115,-2051,-1887,0,0
-27,156,206,-2381,-2615,-2631,0,0
846,-26,-272,-2921,-2870,-4412,0,0
631,-77,-589,-3896,-3956,-4961,0,0
127,273,-68,-4589,-3474,-4970,0,0
763,554,141,-4196,-2736,-4471,0,0
89,879,397,-3650,-2898,-4860,0,0
588,586,225,-4153,-2923,-4676,0,0
1251,441,-504,-3647,-5223,-4971,0,0
791,569,-308,-3244,-6260,-7221,0,0
1361,183,165,-3151,-4655,-6622,0,0
-200,243,363,-3468,-4080,-5838,0,0
-713,434,595,-3247,-4346,-5675,0,0
-697,434,572,-2277,-3680,-4850,0,0
-839,219,591,-1583,-3308,-4764,0,0
-404,-269,387,-627,-2810,-3958,0,0
-327,-703,-262,234,-1477,-2077,0,0
-232,-922,-663,60,-1284,-136,0,0
113,-661,-967,-350,-772,810,0,0
744,-512,-1005,-460,-1581,180,0,0
-832,-454,-716,-211,-1559,-108,0,0
-515,-555,-402,-494,-806,508,0,0
143,-613,-59,-658,-1368,191,0,0
-583,-429,435,-891,-599,-207,0,0
-813,-479,892,-1101,914,-757,0,0
-525,-552,1012,-2227,-353,-668,0,0
-61,-315,690,-2408,-1535,-978,0,0
-2224,41,635,-2628,-1616,-1960,0,0
321,369,524,-2591,-2858,-2708,0,0
436,544,119,-2356,-3607,-3737,0,0
159,560,-87,-2898,-1979,-4194,0,0
994,294,-100,-2705,-3329,-5256,0,0
173,175,-382,-3275,-3236,-5382,0,0
-199,328,-530,-4188,-2708,-5714,0,0
-132,327,-368,-4512,-3863,-6792,0,0
-1421,9,-327,-4235,-2227,-5395,0,0
-650,-107,-170,-4035,-2534,-4860,0,0
-625,-118,-22,-4035,-2506,-5998,0,0
-1193,-291,20,-4087,-856,-4891,0,0
113,-369,54,-4251,-1705,-4684,0,0
-159,-244,205,-4234,-3407,-4943,0,0
-187,-208,474,-3740,-2713,-4324,0,0
237,-219,669,-2220,-2262,-3071,0,0
-354,-311,725,-994,-2248,-826,0,0
-597,-247,269,-295,-465,1056,0,0
605,-345,-507,1003,-1601,1143,0,0
238,-148,-895,401,-1994,507,0,0
127,-47,-892,-225,-1225,-937,0,0
572,-155,-697,-102,-1266,-1385,0,0
187,-202,-477,-395,-619,-337,0,0
206,-160,-295,-748,-359,-266,0,0
14,-175,-41,-584,-592,-952,0,0
-198,-159,287,-1569,-747,-1107,0,0
-433,65,568,-2459,-1042,-1773,0,0
-423,49,363,-2897,-1343,-2765,0,0
756,-73,61,-3639,-2310,-3588,0,0
707,35,-49,-4170,-2747,-4801,0,0
492,101,-75,-4413,-2950,-4815,0,0
627,232,382,-4848,-2746,-4102,0,0
613,199,443,-5464,-2822,-3825,0,0
644,241,19,-5063,-2590,-4471,0,0
873,364,-462,-3793,-4544,-5756,0,0
485,577,-471,-3580,-5650,-6315,0,0
-125,856,-3,-4147,-3834,-6049,0,0
-535,1071,390,-4464,-2596,-5602,0,0
-622,1053,535,-6664,-2554,-4818,0,0
-895,819,787,-3662,-3094,-3826,0,0
-1062,397,931,-2000,-2233,-2334,0,0
205,118,736,-294,-1665,-1243,0,0
436,-143,64,953,-1597,-1503,0,0
506,-488,-923,606,-1382,-1811,0,0
1139,-355,-1324,-340,-944,-1372,0,0
947,-58,-1005,-967,-1687,-451,0,0
-149,136,-321,-1292,-2572,-379,0,0
-544,76,6,-988,-956,-135,0,0
27,-352,397,-1318,115,339,0,0
-231,-288,1059,-1134,265,-499,0,0
-651,-9,1428,-534,773,-1191,0,0
-798,29,1398,-666,-415,-1259,0,0
-794,-2,767,-762,-754,-1773,0,0
300,-141,-223,-2079,-1680,-2226,0,0
700,68,-906,-2505,-3342,-4960,0,0
267,62,-1190,-2548,-3006,-6296,0,0
16,-115,-1136,-2775,-3663,-5458,0,0
-276,39,-933,-2888,-3473,-5155,0,0
-120,91,-779,-2884,-3767,-5470,0,0
-286,-98,-926,-3052,-3218,-4816,0,0
429,-132,-1211,-3231,-3834,-5611,0,0
271,-72,-843,-2922,-5118,-7289,0,0
-1259,-244,-388,-3612,-3370,-5455,0,0
-776,-261,-18,-3273,-3036,-4780,0,0
-970,-387,191,-3306,-2195,-4804,0,0
-690,-495,150,-3733,-2061,-4059,0,0
-164,-359,247,-3220,-2942,-4073,0,0
-824,-155,201,-2559,-2267,-3631,0,0
97,-16,127,-2146,-1829,-2740,0,0
570,50,-205,-1631,-1205,-1196,0,0
412,5,-281,-700,-669,39,0,0
1408,73,240,-5,-842,368,0,0
589,214,176,131,-1466,-1154,0,0
-61,-25,180,-147,-778,-1203,0,0
406,-297,685,-933,-264,-418,0,0
211,-235,764,-973,-336,-729,0,0
-58,-119,772,-288,-479,-578,0,0
-624,27,1025,-40,-260,-69,0,0
-479,133,956,-49,-937,-587,0,0
-647,115,516,-69,-448,-1066,0,0
934,-175,68,-1888,-734,-1437,0,0
1863,-278,-421,-3771,-3155,-3852,0,0
1337,-141,-970,-4355,-4173,-5957,0,0
1057,85,-981,-4356,-5439,-6015,0,0
142,450,-636,-4028,-4640,-5776,0,0
130,469,-347,-4449,-4269,-4712,0,0
471,337,-1005,-6224,-4825,-5972,0,0
348,109,-667,-4747,-5104,-5620,0,0
-60,247,-55,-3897,-4320,-5885,0,0
-490,415,35,-3487,-3664,-6440,0,0
-883,264,16,-2813,-4133,-5152,0,0
-1536,235,291,-2162,-4126,-3453,0,0
-1249,406,491,-1630,-2177,-2635,0,0
-378,342,314,-1339,-2223,-2347,0,0
-298,224,217,-244,-1425,-2298,0,0
683,-250,-368,909,-535,-575,0,0
1279,-245,-1065,416,-1772,-526,0,0
1158,73,-1160,772,-1468,-2345,0,0
729,-169,-819,-277,-1158,-378,0,0
86,-248,-596,-819,-1764,85,0,0
-204,-330,-405,-597,-1508,-247,0,0
-196,-478,15,-1233,-461,492,0,0
-445,-237,352,-1152,149,-147,0,0
-125,-103,862,-1593,-422,-630,0,0
-21,141,1244,-1354,-2355,-2119,0,0
-589,246,747,-1132,-2715,-2826,0,0
484,93,228,-2210,-3431,-3111,0,0
658,178,-52,-1697,-4749,-4362,0,0
507,265,-199,-1890,-4165,-5259,0,0
16,133,-308,-1927,-3692,-5046,0,0
33,50,-429,-2177,-3941,-4489,0,0
-166,99,-481,-2337,-3543,-4103,0,0
129,179,-449,-1950,-5050,-4831,0,0
-245,154,-386,-2421,-4250,-5441,0,0
-154,-117,-162,-2986,-3135,-4559,0,0
150,-329,-113,-3109,-3369,-5182,0,0
-63,-530,-278,-3684,-3042,-4988,0,0
3,-492,6,-3379,-4099,-5176,0,0
-339,-444,606,-2842,-4983,-5569,0,0
-1119,-600,1027,-2556,-3896,-4062,0,0
-2680,-643,1101,-2285,-3257,-2834,0,0
-246,-508,760,-1784,-2844,-2236,0,0
-224,-259,332,-1039,-1687,-1135,0,0
150,-158,-11,-472,-933,-131,0,0
242,-64,-310,-516,-1261,108,0,0
-36,7,-187,-289,-779,198,0,0
144,1,-6,-214,-856,-331,0,0
-139,16,173,-482,-552,-413,0,0
23,-27,481,-225,-216,-344,0,0
165,-150,726,202,-757,-540,0,0
-374,-312,760,-117,-943,-1047,0,0
-610,-474,567,-548,-1339,-1612,0,0
-614,-504,218,-1863,-1206,-2555,0,0
224,-448,-247,-3265,-3177,-4135,0,0
208,-368,-734,-4274,-3613,-4840,0,0
186,-4,-605,-4931,-2353,-3881,0,0
702,466,-91,-4678,-3185,-4092,0,0
16,562,15,-4177,-2411,-3979,0,0
427,192,-10,-3523,-3261,-3245,0,0
535,180,-130,-3164,-4022,-3908,0,0
532,178,-516,-2753,-4398,-4701,0,0
268,30,-516,-3104,-4894,-4603,0,0
149,253,-188,-4320,-3804,-4788,0,0
21,369,183,-4707,-3170,-4714,0,0
-415,591,640,-4705,-2891,-4918,0,0
-412,661,999,-3742,-3649,-5181,0,0
-683,441,1111,-3036,-3322,-4422,0,0
-919,249,1084,-1982,-2629,-3419,0,0
-532,104,632,-884,-1560,-3057,0,0
73,-292,-47,365,-430,-862,0,0
877,-381,-617,944,-738,343,0,0
425,-64,-809,653,-381,-361,0,0
471,-80,-814,-548,-711,-718,0,0
-640,-309,-707,-744,-1702,-609,0,0
-1112,-438,-348,-1112,-417,62,0,0
-628,-357,71,-1269,-342,-78,0,0
-2832,-218,452,-996,178,-1034,0,0
-869,-306,889,-1407,393,-1129,0,0
-1436,-289,1222,-2381,-1410,-1749,0,0
-1684,-333,1128,-3116,-1031,-1726,0,0
-11,-591,409,-3654,-1269,-2139,0,0
1366,-443,-131,-3516,-3176,-4629,0,0
465,-74,-212,-3941,-2076,-4558,0,0
774,342,-192,-3832,-2011,-5011,0,0
406,577,-292,-4071,-1474,-5633,0,0
675,556,-365,-4348,-1648,-5012,0,0
750,810,-177,-3810,-3830,-6369,0,0
-755,682,85,-3737,-1897,-5493,0,0
441,324,472,-3366,-1605,-3852,0,0
145,423,735,-2585,-1779,-4152,0,0
-105,212,264,-2608,-1103,-3996,0,0
472,-195,-255,-2533,-2601,-4138,0,0
503,-288,-393,-3977,-2527,-3671,0,0
1223,-80,-272,-4442,-3063,-3748,0,0
1058,212,-328,-3238,-2971,-3906,0,0
952,268,-239,-2240,-2158,-2958,0,0
389,187,-184,-1691,-1583,-1235,0,0
163,15,-709,-476,-1333,-413,0,0
-51,-361,-870,276,-843,315,0,0
456,-523,-402,-111,-1039,71,0,0
-62,-522,-498,131,-1245,-435,0,0
-611,-536,-683,-364,-437,-62,0,0
-40,-363,-460,-2664,-790,-856,0,0
-329,-317,-238,-571,-1107,-2335,0,0
-870,-393,-121,-1049,-1036,-1638,0,0
206,-197,-53,-1690,-1975,-1677,0,0
560,-96,-165,-2189,-3781,-3305,0,0
113,-139,-466,-2663,-3839,-3828,0,0
721,9,-436,-3447,-3623,-3891,0,0
665,137,-384,-3827,-4133,-4027,0,0
540,142,-430,-3167,-4503,-3602,0,0
539,191,-100,-3285,-4578,-3073,0,0
68,214,372,-3420,-3428,-3312,0,0
241,70,297,-2954,-4630,-4416,0,0
11,-16,-145,-2946,-5127,-4624,0,0
226,16,48,-3220,-4982,-4426,0,0
-106,141,292,-3710,-4368,-4413,0,0
-535,285,491,-4074,-3335,-4153,0,0
-621,390,868,-3660,-3602,-4262,0,0
-892,380,941,-3149,-3942,-4392,0,0
-1116,305,870,-2715,-4258,-3960,0,0
-654,251,874,-2243,-4408,-3503,0,0
-276,162,767,-1537,-3098,-2787,0,0
-354,-100,342,-292,-972,-1736,0,0
-2144,-346,-189,509,251,-194,0,0
267,-433,-779,327,231,738,0,0
52,-211,-1055,-308,-171,222,0,0
-13,-57,-1072,-653,-1467,-1216,0,0
-560,-313,-819,-727,-1714,-895,0,0
-945,-549,-325,-807,-666,-185,0,0
-943,-628,274,-830,-929,-749,0,0
-1220,-573,457,-1444,-1336,-1356,0,0
-1050,-541,-17,-2848,-1726,-2156,0,0
131,-596,-898,-3739,-2285,-3740,0,0
1857,-560,-1732,-3462,-4471,-5630,0,0
1938,-511,-1262,-4332,-4916,-4936,0,0
229,3,-446,-4617,-3498,-3611,0,0
-93,404,-182,-4043,-1778,-2874,0,0
1029,377,11,-3955,-2394,-2645,0,0
937,540,14,-2908,-2668,-3127,0,0
390,906,76,-1745,-1647,-2583,0,0
817,954,194,-687,-1712,-1795,0,0
707,649,71,-192,-2383,-1461,0,0
218,227,98,30,-2715,-1184,0,0
-158,-22,285,-653,-2659,-1183,0,0
54,-10,302,-1839,-3256,-1506,0,0
-663,118,340,-1599,-3434,-2213,0,0
-1202,216,467,-1124,-2894,-2165,0,0
-1053,139,545,-1243,-2609,-1857,0,0
-995,167,647,-1431,-2381,-1354,0,0
-298,259,757,-2163,-2793,-934,0,0
-393,353,433,-2296,-3057,-1716,0,0
-447,551,138,-2563,-2036,-3364,0,0
448,536,167,-3240,-2167,-5197,0,0
827,420,388,-3798,-3314,-6791,0,0
64,212,507,-3563,-3411,-6761,0,0
-484,42,394,-2820,-2636,-5966,0,0
-72,87,298,-3090,-2674,-6771,0,0
-399,299,135,-3217,-2682,-6920,0,0
-814,375,-56,-3245,-2935,-6149,0,0
-1302,383,132,-3327,-2956,-4923,0,0
-935,203,322,-3065,-2441,-2577,0,0
-488,14,440,-2315,-1810,-1315,0,0
-199,-226,241,-1140,-1205,-985,0,0
203,-530,-70,-245,-722,-707,0,0
505,-766,-263,42,-692,-493,0,0
356,-757,-393,191,-1718,-743,0,0
-394,-697,-497,317,-2248,-518,0,0
-400,-488,-426,139,-1134,-81,0,0
189,-257,-364,-207,-343,-266,0,0
-15,-313,-458,-791,144,-403,0,0
-234,-497,-335,-1018,-320,-791,0,0
-522,-399,-130,-1743,-1422,-1603,0,0
-501,-153,-71,-2573,-1482,-2996,0,0
485,-46,-376,-3092,-2796,-4334,0,0
436,61,-673,-3188,-3027,-4696,0,0
757,49,-516,-4069,-3742,-3933,0,0
896,207,-159,-4457,-3419,-3532,0,0
701,468,312,-3694,-2559,-4272,0,0
639,364,651,-4570,-3179,-4706,0,0
62,254,399,-3856,-4432,-5328,0,0
75,406,22,-2841,-4040,-5040,0,0
883,435,97,-2087,-5456,-5401,0,0
-439,126,120,-3114,-3841,-5096,0,0
24,-176,81,-3992,-2507,-4576,0,0
156,-139,513,-4228,-3597,-5249,0,0
-1107,213,771,-4247,-2776,-5212,0,0
-952,444,923,-3365,-2580,-5152,0,0
-722,478,1227,-2796,-3086,-4798,0,0
-1404,448,1136,-2191,-1847,-3648,0,0
-1133,188,630,-1182,-270,-2109,0,0
-716,-325,-97,-145,690,-1116,0,0
193,-611,-611,15,-453,61,0,0
292,-343,-413,-185,-843,782,0,0
-350,-164,-83,-432,-635,441,0,0
-843,-184,-213,-169,-1378,-309,0,0
-1291,-303,-281,-308,-967,73,0,0
-698,-589,-154,-778,-640,1281,0,0
-823,-888,60,-359,-887,2144,0,0
-443,-929,596,-215,757,2245,0,0
290,-373,799,-1201,831,-878,0,0
69,670,401,-2551,138,-4085,0,0
850,774,-319,-5121,-159,-5622,0,0
1772,94,-396,-5258,-2497,-6155,0,0
361,1,42,-4883,-2279,-5860,0,0
-61,316,92,-3943,-793,-5898,0,0
80,313,-57,-3025,-1164,-7768,0,0
-129,234,-407,-2768,-1734,-4880,0,0
-55,318,-680,-3370,-1521,-4676,0,0
560,301,-888,-4141,-2396,-5374,0,0
89,282,-993,-6400,-2962,-6311,0,0
72,231,-750,-4076,-2362,-6793,0,0
14,-33,-150,-4141,-2789,-6183,0,0
-1301,-201,219,-4219,-1839,-5682,0,0
-563,-334,426,-4040,-1037,-4979,0,0
-321,-347,458,-4054,-584,-4084,0,0
-476,-211,132,-3233,-78,-3528,0,0
369,-208,-352,-2056,213,-2965,0,0
1293,-543,-555,-1058,-949,321,0,0
230,-393,-338,-340,-899,910,0,0
-2080,69,156,210,-946,421,0,0
-175,144,434,817,-1351,369,0,0
-595,137,341,1061,-362,595,0,0
-194,92,216,557,31,547,0,0
352,17,-29,322,-174,38,0,0
289,-16,-277,70,-308,-598,0,0
116,41,-513,-681,-881,-1928,0,0
-103,207,-676,-1591,-1802,-3282,0,0
-70,357,-508,-3061,-1638,-4048,0,0
430,157,-357,-3820,-2507,-4700,0,0
247,-38,-96,-3846,-2704,-5022,0,0
568,59,-201,-4087,-2133,-4684,0,0
1358,178,-468,-3267,-3719,-5308,0,0
552,183,-390,-3544,-4190,-5333,0,0
446,93,-360,-3795,-3110,-4936,0,0
389,181,-459,-3628,-3691,-5401,0,0
-239,532,-270,-3377,-3190,-6320,0,0
-360,678,22,-3399,-2229,-5925,0,0
-294,542,38,-2993,-2583,-5215,0,0
-628,422,31,-2709,-2876,-5539,0,0
-670,178,97,-2642,-2348,-4870,0,0
-219,5,254,-2431,-2278,-4522,0,0
-286,44,425,-2714,-2398,-4430,0,0
-165,-51,581,-2194,-2052,-3267,0,0
-63,-92,626,-1176,-1569,-2205,0,0
229,-152,252,-150,-933,-1967,0,0
801,-345,-241,434,-874,-1652,0,0
814,-414,-468,329,-428,-1165,0,0
726,-293,-341,-524,-795,-379,0,0
-115,-217,-503,-213,-1220,-334,0,0
-572,-256,-328,-105,-693,-166,0,0
-95,-309,136,-784,-498,49,0,0
-518,-238,261,-1099,-205,268,0,0
-728,-43,515,-1509,81,-75,0,0
-440,230,854,-1819,-895,-1629,0,0
-589,385,851,-1878,-2197,-2302,0,0
-227,397,433,-2927,-1828,-3302,0,0
927,216,173,-3272,-2397,-4458,0,0
983,38,147,-2860,-3166,-5851,0,0
721,146,95,-2919,-2356,-6025,0,0
726,308,65,-2663,-3002,-5698,0,0
-181,457,33,-2694,-3026,-5558,0,0
-9,369,-76,-2635,-2717,-5283,0,0
143,121,-194,-2583,-2706,-5562,0,0
-198,-170,-323,-2962,-2475,-5205,0,0
-49,-360,-417,-2901,-2463,-4941,0,0
-56,-336,-172,-3452,-2300,-5091,0,0
-264,-279,-42,-3555,-2545,-5447,0,0
-531,-292,71,-3351,-3136,-5284,0,0
-920,-113,267,-3096,-2130,-4937,0,0
-408,-31,155,-3063,-1995,-4113,0,0
-255,-4,-157,-2283,-1934,-4083,0,0
148,-280,-307,-1509,-1244,-2246,0,0
887,-817,-215,-1402,-681,398,0,0
1654,-757,-39,-1006,-662,154,0,0
516,-543,144,-33,-1999,-1035,0,0
-947,-499,251,393,-438,-538,0,0
15,-588,379,79,-664,-57,0,0
-846,-331,534,-390,-315,457,0,0
-851,-32,339,-500,229,362,0,0
-2832,51,409,-492,-904,-719,0,0
-1220,28,72,-600,-516,-1168,0,0
153,-152,-275,-763,-1624,-2320,0,0
667,-346,-290,-2558,-2169,-3377,0,0
426,-223,-507,-2858,-2205,-4461,0,0
835,-79,-521,-3383,-2242,-4621,0,0
666,198,-554,-4250,-2875,-4566,0,0
-83,405,-612,-4323,-2354,-4712,0,0
61,197,-420,-4942,-2341,-3766,0,0
419,218,-204,-4904,-3081,-4366,0,0
492,240,-12,-4319,-2901,-5203,0,0
488,175,208,-4477,-2784,-4240,0,0
486,418,371,-4142,-3066,-4468,0,0
785,457,698,-3699,-4051,-4801,0,0
53,400,686,-3256,-3188,-4085,0,0
548,377,504,-3039,-3371,-5117,0,0
-117,101,668,-3543,-3484,-5742,0,0
-273,-41,638,-3991,-3098,-5068,0,0
-321,216,945,-4228,-3767,-4389,0,0
-578,417,931,-2517,-2262,-3370,0,0
-481,105,293,-138,-843,-2520,0,0
-992,-206,-216,491,782,-1450,0,0
207,-324,-585,334,443,-705,0,0
36,-246,-556,-635,-1072,-542,0,0
-833,-238,-403,-1172,-532,-712,0,0
-909,-278,-330,-921,-1138,-641,0,0
-1868,-254,11,-634,-571,-179,0,0
-1430,-207,404,-969,-520,94,0,0
-1357,-53,612,-893,-695,-37,0,0
-1349,118,832,-1518,-9,-328,0,0
-716,114,622,-1690,-372,-989,0,0
-31,45,183,-2679,-681,-1038,0,0
363,151,243,-3271,-1287,-2305,0,0
1259,116,-16,-2968,-1576,-4080,0,0
1256,73,55,-4013,-1662,-6720,0,0
471,322,275,-3980,-315,-5890,0,0
855,260,13,-3929,-679,-6054,0,0
171,302,-339,-4246,-473,-6408,0,0
901,164,-587,-4371,-974,-6381,0,0
993,-11,-839,-4338,-2888,-7041,0,0
-247,-12,-770,-4524,-2115,-6028,0,0
557,80,-224,-4083,-2141,-5279,0,0
-148,84,106,-3230,-2802,-5881,0,0
-1341,11,167,-2589,-1493,-4767,0,0
-449,75,81,-2460,-1395,-3851,0,0
-562,163,110,-2627,-1117,-3434,0,0
-288,78,-102,-2607,-441,-2855,0,0
143,-161,-552,-2513,-252,-1345,0,0
327,-152,-667,-1829,-297,-702,0,0
1205,-52,-288,-1152,-220,22,0,0
870,-115,40,-711,-861,-307,0,0
-7,-191,258,-428,-1076,-340,0,0
-115,-250,662,-539,-840,-73,0,0
-954,-221,786,-323,-1403,55,0,0
-2466,-164,637,73,-979,-875,0,0
-1458,-373,458,102,199,-1627,0,0
205,-628,65,391,-489,-2765,0,0
405,-538,-179,-1079,-1349,-2907,0,0
702,-168,-499,-2656,-1852,-3887,0,0
388,246,-782,-3185,-2277,-5240,0,0
344,326,-536,-4107,-1997,-5072,0,0
402,207,-589,-4576,-1685,-5366,0,0
140,26,-336,-4691,-1702,-5583,0,0
-94,-157,159,-4950,-414,-4514,0,0
-189,-128,195,-4431,67,-4269,0,0
160,-9,26,-4035,-678,-4882,0,0
31,-11,-99,-4309,-1306,-5052,0,0
-475,27,-170,-4645,-679,-4415,0,0
337,263,84,-4818,-1408,-5039,0,0
-212,398,445,-4501,-1470,-5492,0,0
-725,394,763,-3779,-625,-5508,0,0
-305,155,985,-3633,-396,-4811,0,0
-579,74,1042,-3622,-93,-4821,0,0
-641,49,814,-2698,-101,-4890,0,0
-773,-390,467,-1667,-989,-3679,0,0
-846,-595,352,-1060,-763,-1788,0,0
150,-516,210,-149,-876,-440,0,0
171,-292,19,518,-718,-47,0,0
633,-288,147,527,-735,232,0,0
83,-201,4,251,-1049,-309,0,0
-372,-180,-45,46,-707,-166,0,0
-414,-293,128,-646,-279,484,0,0
-359,-151,-20,-1562,-995,-119,0,0
-729,8,-70,-1338,-1787,-1745,0,0
-1125,-145,20,-1447,-379,-1213,0,0
75,-214,-1,-2318,141,-779,0,0
728,-227,-319,-3099,-967,-1670,0,0
771,65,-726,-3921,-1058,-3173,0,0
1797,329,-1221,-4789,-1197,-6008,0,0
842,303,-1517,-5470,-944,-6774,0,0
750,398,-1134,-6151,-683,-6978,0,0
410,607,-643,-7111,125,-7090,0,0
-259,453,-203,-6536,-59,-6653,0,0
-527,182,308,-5641,-1115,-6414,0,0
-746,-25,657,-5043,-550,-7096,0,0
-651,-95,1042,-4740,-17,-3998,0,0
-546,83,1073,-4246,128,-4777,0,0
-290,149,879,-3998,-344,-4958,0,0
-473,199,610,-3535,-1159,-4665,0,0
-104,143,651,-2640,-2013,-3450,0,0
-763,158,459,-1670,-1883,-1526,0,0
-705,147,71,87,-1246,52,0,0
170,-114,51,979,-672,1449,0,0
382,-1,-228,324,-641,1482,0,0
799,96,-696,563,-856,564,0,0
624,-173,-642,8,-830,497,0,0
401,-134,-810,74,-1374,-889,0,0
314,-109,-644,-346,-1486,-1632,0,0
334,-96,-248,-1464,-1172,-1555,0,0
408,141,45,-1593,-703,-3467,0,0
-586,19,116,-1953,386,-4072,0,0
146,-236,-54,-3311,840,-2063,0,0
1505,-39,-99,-3378,-1981,-3276,0,0
726,330,-311,-2410,-1784,-4671,0,0
652,151,-366,-1877,-1715,-4759,0,0
121,28,-383,-2677,-3277,-4710,0,0
9,85,-500,-3323,-2291,-4536,0,0
712,76,-386,-4634,-1510,-4639,0,0
508,61,-238,-4730,-1547,-6023,0,0
116,-56,154,-5193,-1011,-5338,0,0
50,80,186,-4822,-1373,-5742,0,0
-166,-5,299,-4220,-1871,-5827,0,0
-116,-84,265,-4293,-1552,-5377,0,0
-549,25,276,-4064,-1585,-5499,0,0
-318,65,573,-4302,-1472,-5207,0,0
-1020,52,796,-3934,-974,-4711,0,0
-1199,119,844,-3461,-342,-4221,0,0
-520,104,840,-2743,-724,-4024,0,0
-958,-210,672,-1898,-547,-3179,0,0
-449,-341,376,-1218,-72,-2034,0,0
212,-289,0,-565,-492,-1445,0,0
151,-290,-509,158,-1178,-1239,0,0
292,-221,-512,536,-875,9,0,0
169,-108,-333,332,-1410,84,0,0
-679,-39,-406,78,-1464,-572,0,0
-530,-178,-343,-409,-503,130,0,0
-380,-173,-235,-1243,-133,261,0,0
-602,-96,-250,-1710,-650,-663,0,0
-1089,-51,84,-2065,-321,-1499,0,0
-438,-43,464,-2902,-338,-1963,0,0
203,-13,516,-3701,435,-2395,0,0
786,46,366,-3930,-267,-3628,0,0
712,209,-98,-4006,-1227,-5397,0,0
309,259,-370,-3608,-39,-5885,0,0
373,243,-333,-3319,-197,-5699,0,0
62,205,-353,-4061,74,-5502,0,0
-62,339,-309,-5118,1496,-5003,0,0
552,294,-75,-5005,705,-5854,0,0
226,73,59,-4653,-208,-5507,0,0
29,-8,293,-4547,93,-4522,0,0
-79,-59,532,-4187,-745,-4643,0,0
-225,-32,508,-4133,-624,-4733,0,0
-6,69,429,-3331,-594,-4736,0,0
200,75,519,-2880,-1202,-4327,0,0
405,191,462,-2876,-793,-3651,0,0
-306,185,124,-2151,-526,-2790,0,0
-124,58,-221,-1489,-106,-1430,0,0
526,81,-619,-1102,-577,-764,0,0
405,82,-804,-2632,-80,-1055,0,0
197,-362,-383,-735,-1246,-1400,0,0
-1271,-566,-260,-897,-1302,-405,0,0
-435,-467,-303,-694,-1468,-327,0,0
-517,-240,193,-576,-1083,-1066,0,0
-1054,-194,535,-872,-137,-625,0,0
-702,85,765,-814,-668,-1361,0,0
-837,298,697,-878,843,-2170,0,0
69,207,72,-1752,519,-2176,0,0
814,267,-422,-2387,-1204,-4081,0,0
996,275,-621,-2869,-967,-5838,0,0
1001,49,-796,-3260,-999,-5622,0,0
274,129,-563,-3136,-1631,-5381,0,0
-45,361,-189,-3556,-838,-5850,0,0
-618,233,14,-4247,-174,-5967,0,0
-92,-11,-111,-4912,76,-5267,0,0
165,-48,-281,-4746,23,-5639,0,0
-440,-9,-256,-5050,771,-5041,0,0
-218,170,-23,-4897,543,-4998,0,0
-387,195,466,-4046,-195,-4672,0,0
-564,127,793,-3054,-450,-6464,0,0
-518,2,839,-2528,344,-3786,0,0
-114,45,623,-2016,507,-3685,0,0
418,62,166,-1528,284,-3852,0,0
644,-100,-279,-1423,-207,-3617,0,0
761,-333,-662,-1524,55,-2217,0,0
1297,-538,-986,-792,-587,-1009,0,0
907,-263,-850,-636,-1041,-691,0,0
464,-154,-551,-689,-691,-1201,0,0
-264,-362,-544,-484,-1218,-1170,0,0
-328,-511,-308,-508,-1033,-603,0,0
-549,-477,130,-1060,-593,-144,0,0
-520,-290,282,-1249,-487,-650,0,0
-761,-77,553,-1281,-929,-1831,0,0
-1298,76,535,-1446,-503,-1712,0,0
-385,207,335,-2583,-458,-1769,0,0
134,151,329,-3002,-1229,-1931,0,0
522,254,-16,-3568,-1321,-2725,0,0
1197,549,-646,-3282,-1416,-6002,0,0
484,356,-630,-4297,-958,-6710,0,0
694,243,-204,-4984,-601,-6900,0,0
482,312,69,-4892,-182,-6752,0,0
-275,345,162,-4619,40,-6290,0,0
-414,307,154,-4338,-28,-5500,0,0
-522,281,177,-3770,-13,-5462,0,0
-535,137,118,-3619,364,-5123,0,0
-20,-9,220,-3246,-329,-4411,0,0
154,-81,415,-3020,-1476,-5209,0,0
277,-205,447,-3352,-1134,-4429,0,0
-397,-99,643,-2860,-648,-2966,0,0
564,135,752,-2513,-971,-2151,0,0
868,270,313,-1783,-1037,-1955,0,0
405,68,-196,-626,-60,-824,0,0
1560,-371,-475,74,-1170,171,0,0
425,-337,-281,33,-2403,296,0,0
-72,19,5,-4,-1269,83,0,0
199,129,-103,668,-622,-1011,0,0
-181,-56,-251,198,-1075,-1230,0,0
-365,-5,-231,-642,-528,-1157,0,0
-345,79,-162,-644,50,-1593,0,0
100,-5,-120,-1097,-278,-1984,0,0
511,-27,-153,-2056,-791,-3049,0,0
730,-59,-311,-2240,-1728,-4476,0,0
838,-192,-46,-3009,-1810,-3944,0,0
739,120,341,-3686,-1909,-4848,0,0
1378,278,268,-3973,-2436,-6333,0,0
533,82,194,-3887,-2794,-5486,0,0
-13,97,-1,-3559,-2300,-6684,0,0
615,-37,-471,-3832,-2477,-6544,0,0
299,175,-684,-4055,-2618,-6824,0,0
199,74,-407,-4968,-2935,-7349,0,0
-388,-110,206,-5129,-2297,-5974,0,0
-1169,37,929,-4190,-2235,-5421,0,0
-1320,26,1357,-3573,-1767,-4637,0,0
-1060,61,1337,-2903,-1525,-4413,0,0
-1062,37,1159,-2094,-1321,-4277,0,0
-803,-244,836,-1686,-881,-3084,0,0
-959,-382,249,-646,-423,-2147,0,0
-389,-498,-329,370,452,-1048,0,0
692,-711,-559,623,-383,447,0,0
89,-533,-442,88,-1442,953,0,0
-362,-364,-588,146,-590,-229,0,0
-2512,-503,-679,149,-167,-260,0,0
-638,-403,-686,-421,61,653,0,0
-456,-19,-757,-796,297,330,0,0
-280,294,-608,-1414,-140,-265,0,0
-357,569,-290,-2762,-641,-1553,0,0
-324,609,-153,-3036,-1734,-2520,0,0
-109,647,-34,-3981,-1680,-3413,0,0
535,485,26,-3880,-2420,-4534,0,0
849,409,223,-3728,-3054,-5074,0,0
-7,545,455,-3144,-527,-6181,0,0
19,359,453,-3144,148,-6551,0,0
-115,213,63,-3703,22,-6071,0,0
77,354,-318,-3975,-851,-6183,0,0
392,422,-575,-3736,-1435,-6942,0,0
-360,277,-679,-3107,-866,-6192,0,0
124,117,-414,-3345,-1259,-6272,0,0
-387,-106,-92,-3682,-1294,-6063,0,0
-1216,-208,-188,-3279,-178,-5803,0,0
-179,-560,67,-3264,-1741,-5581,0,0
-1358,-754,280,-3135,-1219,-4395,0,0
-889,-733,308,-2842,272,-2857,0,0
361,-616,438,-2801,70,-1788,0,0
160,-447,143,-1887,607,-855,0,0
591,-410,-53,-853,67,671,0,0
307,-131,44,-137,-521,1177,0,0
256,108,52,117,-1638,-177,0,0
-21,35,338,331,-1022,-710,0,0
158,-208,501,-83,-57,-303,0,0
273,-266,533,-201,-151,-284,0,0
-178,-230,519,-241,9,-281,0,0
65,-145,438,-328,-605,-1040,0,0
-244,-80,301,-84,-498,-2048,0,0
631,-130,-189,-1589,292,-2219,0,0
1714,145,-802,-2196,-2266,-4925,0,0
540,233,-1068,-2983,-2430,-6159,0,0
585,95,-1012,-4300,-1618,-5301,0,0
440,255,-660,-4653,-2097,-5566,0,0
-130,395,-131,-5063,-1506,-5497,0,0
387,162,-72,-5294,-1095,-5649,0,0
201,-52,-191,-4985,-1391,-5427,0,0
392,-86,-266,-4545,-2256,-6607,0,0
-79,-234,-257,-4516,-1778,-6219,0,0
-200,-44,182,-4835,-1842,-5325,0,0
-463,244,731,-4635,-1477,-5780,0,0
-1096,204,1014,-4259,-409,-4972,0,0
-698,272,1137,-3936,-799,-4590,0,0
-709,296,1249,-3401,-892,-4249,0,0
-948,127,974,-2093,-246,-3506,0,0
-597,-188,422,-911,-201,-2711,0,0
-198,-539,-80,-279,45,-1836,0,0
111,-638,-587,252,337,-1235,0,0
318,-487,-949,178,-67,-750,0,0
272,-332,-760,-252,-1041,-764,0,0
-542,-57,-458,-1153,-166,-1807,0,0
-832,-220,-165,-1447,-588,-927,0,0
-1877,-297,251,-1242,-108,-322,0,0
-1171,-310,477,-1026,103,402,0,0
-671,-123,568,-1247,-435,729,0,0
-143,-134,853,-1651,-946,1,0,0
448,-25,823,-1527,-1500,-367,0,0
379,88,349,-1964,-842,-1581,0,0
1656,-208,-123,-2854,-625,-3097,0,0
1661,-124,-338,-3772,-603,-4631,0,0
1204,-2,-367,-4877,65,-5999,0,0
604,-31,-425,-5196,263,-6680,0,0
481,191,-261,-5067,365,-6043,0,0
658,233,-85,-5408,-110,-6207,0,0
-216,271,-429,-5383,-1301,-6525,0,0
-261,372,-385,-4885,-1602,-7608,0,0
-790,-40,-29,-4909,-867,-5712,0,0
-849,-134,461,-4638,152,-4281,0,0
-430,-132,728,-3832,442,-4730,0,0
-2632,-289,388,-3462,-498,-4790,0,0
-1303,-333,205,-3141,-100,-3812,0,0
-691,-233,-43,-3173,18,-2366,0,0
-125,87,-262,-2735,-110,-1949,0,0
-355,-14,-603,-1152,315,-1352,0,0
-7,-338,-881,-110,271,898,0,0
667,21,-994,-662,396,1178,0,0
847,407,-793,-782,-686,-262,0,0
274,301,-404,-414,-792,-693,0,0
328,92,-57,-454,9,-125,0,0
463,54,104,-647,-10,-55,0,0
290,101,133,-320,-864,-353,0,0
190,185,139,-482,-1097,-963,0,0
120,312,64,-760,-1139,-2644,0,0
679,152,-202,-2042,-848,-3617,0,0
326,-18,-251,-4107,-1985,-5670,0,0
-410,-79,-724,-4565,-981,-5943,0,0
-38,97,-530,-5595,-907,-5496,0,0
-310,488,-208,-6062,-1158,-6433,0,0
-249,445,-47,-6072,-492,-5520,0,0
-460,369,156,-5343,212,-5285,0,0
189,322,207,-4211,137,-5369,0,0
206,47,480,-3217,-1345,-5350,0,0
-695,-201,592,-3448,-726,-4610,0,0
19,-157,471,-3447,-404,-3833,0,0
158,-108,250,-3080,-1500,-5113,0,0
-345,-193,102,-3228,-948,-4634,0,0
221,-66,108,-3346,-45,-3765,0,0
425,68,3,-2421,-474,-3433,0,0
375,-20,-208,-916,-479,-2078,0,0
614,-192,-566,-616,-455,-703,0,0
363,-36,-894,-455,-628,-762,0,0
648,16,-739,-561,-701,-586,0,0
235,-79,-463,-476,-437,-487,0,0
-2,-63,-363,-594,-501,-438,0,0
25,-144,-229,-583,-482,-192,0,0
-417,-208,-84,-1044,-264,237,0,0
-456,-103,93,-1194,82,-7,0,0
7,102,294,-1747,-1189,-928,0,0
44,457,282,-2115,-1921,-1961,0,0
1089,627,267,-3551,-2715,-3291,0,0
1784,493,398,-4211,-3349,-3796,0,0
904,742,597,-4107,-1967,-5124,0,0
1056,930,570,-3239,-2391,-6640,0,0
378,831,209,-2314,-2882,-7048,0,0
-99,587,70,-2253,-2057,-6837,0,0
424,260,-283,-2399,-2306,-7045,0,0
-353,-10,-730,-2888,-3086,-6789,0,0
-474,-29,-695,-3361,-3111,-6162,0,0
-352,-45,-538,-3368,-3028,-6327,0,0
-1474,-152,-209,-3301,-2683,-5440,0,0
-1143,-180,138,-2968,-2078,-4644,0,0
-1022,-33,152,-2315,-1595,-4724,0,0
-1091,-53,2,-1880,-1235,-3973,0,0
-214,-242,2,-1681,-1666,-2667,0,0
-689,-313,-323,-787,-427,-1411,0,0
-641,-355,-427,-868,947,361,0,0
396,-132,-696,-1000,1057,221,0,0
262,-5,-695,-786,682,370,0,0
1088,-218,-188,-1076,234,1187,0,0
751,-62,-222,-747,-90,114,0,0
377,-129,-199,-338,-269,43,0,0
687,-152,54,-307,-329,445,0,0
548,-85,316,8,-1653,-458,0,0
397,113,377,-410,-2393,-2204,0,0
1026,176,98,-958,-3768,-4520,0,0
426,47,-161,-2437,-3004,-6032,0,0
699,-187,-224,-2666,-2137,-7249,0,0
373,-352,-351,-3972,-2398,-6138,0,0
-297,-90,-440,-4934,-2527,-5656,0,0
-511,33,-322,-4058,-2304,-7600,0,0
-787,61,-346,-4252,-1996,-4863,0,0
548,178,-319,-4058,-3083,-5397,0,0
-70,162,-14,-3522,-3840,-6446,0,0
-771,-157,259,-3627,-2460,-5327,0,0
-39,-178,503,-4177,-2592,-5094,0,0
-792,-100,795,-4107,-2718,-5990,0,0
-638,-306,1147,-4053,-2283,-6040,0,0
-892,-437,1404,-3420,-3211,-5979,0,0
-1857,-471,1750,-2922,-2106,-3928,0,0
-730,-365,1886,-1814,-427,-1974,0,0
-401,-101,1383,-452,228,-1362,0,0
-147,-168,498,1120,557,-199,0,0
792,-350,-295,1338,196,906,0,0
714,-229,-985,692,-238,777,0,0
647,144,-989,-188,-1081,-501,0,0
-7,100,-806,-841,-801,-1577,0,0
-484,-173,-802,-900,-701,-1189,0,0
-489,-200,-584,-706,-783,-454,0,0
-1016,-275,-87,-372,-254,157,0,0
-894,-225,120,-601,497,645,0,0
-475,-111,182,-1777,578,-569,0,0
-506,-209,171,-3047,87,-2176,0,0
600,-195,29,-5415,54,-3270,0,0
1205,197,0,-6075,-722,-4707,0,0
2313,712,423,-5211,-2177,-6024,0,0
1531,930,766,-3909,-2983,-7336,0,0
132,661,539,-3038,-2013,-6746,0,0
627,319,579,-3154,-1579,-6512,0,0
-176,281,0,-3669,-783,-6937,0,0
-222,236,-322,-4071,-386,-6663,0,0
-317,-1,-122,-4281,-1224,-7250,0,0
-1630,-220,42,-4233,-1107,-5751,0,0
-1589,-128,268,-3724,-1033,-5582,0,0
-1249,-234,288,-3635,-1531,-6635,0,0
-2024,-308,303,-3153,-796,-5392,0,0
-2254,-322,550,-2716,703,-3300,0,0
-1659,-449,345,-2279,599,-612,0,0
-907,-293,-39,-903,1124,2130,0,0
911,-70,-306,122,63,2391,0,0
971,215,-265,-110,-813,1324,0,0
661,386,-228,-274,-323,684,0,0
915,193,-159,-529,-1287,-670,0,0
1025,-64,98,-541,-1009,-911,0,0
342,-220,118,-493,-310,-401,0,0
388,-238,130,-147,-1088,-1515,0,0
240,-261,116,110,-297,-1795,0,0
-2,-120,-8,-660,350,-1845,0,0
841,182,-345,-2102,-475,-3138,0,0
967,220,-783,-3310,-838,-4451,0,0
1041,198,-958,-3394,-1843,-6306,0,0
652,80,-664,-4384,-1487,-6685,0,0
23,34,-349,-5251,-1108,-5643,0,0
132,-38,70,-4883,-136,-5659,0,0
25,-165,9,-5262,471,-5267,0,0
337,-290,-153,-5151,-640,-5504,0,0
309,-344,-13,-4601,-1068,-5447,0,0
255,-112,-159,-3985,-847,-5286,0,0
393,162,-53,-4330,-1901,-5931,0,0
-579,296,371,-5265,-1695,-5968,0,0
-809,283,736,-4416,-1007,-5525,0,0
-377,119,1190,-4039,-851,-5299,0,0
-1246,92,1313,-3418,-530,-4482,0,0
-868,-33,959,-1668,-145,-3227,0,0
-1034,-348,534,-519,149,-1846,0,0
-841,-436,0,-52,472,-369,0,0
-10,-228,-357,153,-301,-40,0,0
-256,-66,-112,339,-1095,-417,0,0
-566,-37,-148,435,-561,-322,0,0
-885,-58,-226,-155,-429,34,0,0
-1169,-60,-162,-762,-735,414,0,0
-1200,-205,31,-1268,-405,732,0,0
-697,-292,299,-1361,769,675,0,0
158,-65,366,-2265,1008,-437,0,0
221,44,304,-2646,852,-1692,0,0
196,163,-28,-3269,66,-2328,0,0
839,303,-103,-3607,-324,-3533,0,0
1381,390,-180,-4272,123,-5323,0,0
1226,378,-173,-4702,1182,-6724,0,0
1387,223,-363,-4575,647,-7010,0,0
1120,348,-229,-4931,-131,-7065,0,0
60,483,7,-4516,319,-7601,0,0
-246,288,30,-4351,595,-6865,0,0
-401,293,98,-4196,621,-6684,0,0
-658,194,141,-4268,508,-6078,0,0
-695,98,258,-3765,404,-5163,0,0
-840,36,369,-3060,165,-4482,0,0
-667,62,427,-2488,-184,-2720,0,0
-419,205,571,-1198,166,-1616,0,0
96,-3,106,-129,810,705,0,0
1096,139,-647,-288,-149,1710,0,0
1281,566,-830,-552,-335,296,0,0
1398,422,-868,-324,-1473,-1642,0,0
287,158,-727,-351,-1932,-1953,0,0
-245,-45,-453,-617,-805,-902,0,0
-280,-45,-194,-782,18,-435,0,0
-484,-69,51,-364,-175,-1055,0,0
-527,-215,45,-531,141,-1991,0,0
54,-353,-181,-491,-397,-2611,0,0
136,-480,-314,-1617,-926,-3167,0,0
1172,-239,-585,-2719,-1268,-4446,0,0
1070,67,-581,-3225,-1426,-6009,0,0
625,174,-608,-4025,-576,-6031,0,0
583,402,-816,-4298,-360,-6489,0,0
171,435,-528,-4462,-1508,-6551,0,0
29,316,-5,-4543,-811,-5824,0,0
-128,88,173,-3694,-676,-6028,0,0
-159,-13,-33,-3687,-488,-6135,0,0
47,-83,-103,-3960,-627,-6517,0,0
-564,-142,234,-5250,-575,-5780,0,0
-452,-18,857,-4383,-208,-5443,0,0
-302,-82,1432,-3512,-1054,-5652,0,0
-1217,-351,1517,-2469,-1001,-4251,0,0
-840,-656,1395,-749,64,-2764,0,0
-443,-900,503,319,414,-1773,0,0
682,-718,-620,-350,498,-1243,0,0
1697,-590,-940,-696,-731,-1894,0,0
143,-381,-899,-713,-1811,-1793,0,0
-238,-214,-545,-550,-1375,-423,0,0
-25,-222,-306,-247,-1690,-561,0,0
-933,-328,-191,192,-1099,-5,0,0
-1148,-550,124,-126,224,908,0,0
-1261,-550,355,-371,419,1154,0,0
-555,-513,658,-1286,460,807,0,0
-147,-387,800,-2635,421,-533,0,0
279,4,419,-3439,261,-2700,0,0
1055,376,144,-4870,-548,-4334,0,0
659,555,72,-4290,-91,-6200,0,0
1190,553,-142,-4390,-168,-7120,0,0
316,508,-635,-4817,-853,-7288,0,0
-412,360,-872,-5374,404,-5979,0,0
668,317,-538,-5150,299,-6268,0,0
-389,329,-124,-4691,500,-6842,0,0
-242,61,102,-4485,477,-6458,0,0
-435,98,389,-5102,-1953,-7245,0,0
-2140,220,697,-3942,-511,-5724,0,0
-1740,251,805,-3339,871,-2408,0,0
259,685,624,-2481,485,-1647,0,0
1555,450,661,-284,378,-660,0,0
1501,-661,320,117,892,1248,0,0
1843,-858,-224,55,-507,851,0,0
1072,-593,-328,-510,578,675,0,0
1421,-334,-683,76,-2091,-1746,0,0
-301,-207,-1025,257,-2916,-3295,0,0
-46,-446,-759,-1504,-75,-243,0,0
985,-548,171,-1312,-138,-320,0,0
-515,-293,365,-1369,-503,-1590,0,0
-1325,-159,244,-2053,-950,-2691,0,0
-1607,-147,-68,-2866,-1387,-3283,0,0
-10,-208,-548,-3980,-1070,-3054,0,0
387,230,-1050,-3726,-584,-5534,0,0
1140,523,-1273,-4516,-893,-5671,0,0
1141,388,-981,-5127,-1607,-4536,0,0
186,229,-448,-4765,-315,-4698,0,0
700,-295,-381,-4502,-1333,-4557,0,0
180,-458,-494,-4535,-2373,-4721,0,0
299,-410,-567,-4306,-2032,-4148,0,0
1058,-496,-271,-4344,-3505,-4120,0,0
198,-435,-114,-4585,-1761,-3118,0,0
1132,-217,-109,-4343,-2470,-3721,0,0
1082,164,43,-3870,-3015,-4967,0,0
19,676,-205,-3069,-1635,-3501,0,0
521,-196,593,-3655,-1134,-3698,0,0
609,-248,211,-3303,58,-3487,0,0
737,158,-301,-2694,789,-4884,0,0
1191,238,-479,-3974,1087,-5378,0,0
1175,449,-685,-4917,-564,-5685,0,0
878,1044,-859,-4843,-724,-5947,0,0
1340,1253,-904,-4264,-1493,-7834,0,0
491,797,-890,-3953,-1405,-7609,0,0
-223,415,-390,-4626,-664,-5802,0,0
-295,503,222,-4199,-894,-7711,0,0
-1130,37,504,-4080,-1293,-7491,0,0
-1482,-160,503,-3494,-999,-5822,0,0
-817,-111,561,-2586,-745,-5355,0,0
-1176,-195,421,-2508,-484,-3738,0,0
-1244,-84,287,-1664,-263,-1683,0,0
-709,-391,412,-805,54,750,0,0
-146,-480,690,-314,-431,1917,0,0
69,-146,792,958,-562,573,0,0
230,-332,394,596,-541,-381,0,0
266,-641,153,82,-789,-425,0,0
110,-757,225,-262,-112,-343,0,0
-78,-624,87,-51,-127,-456,0,0
-34,-351,4,380,50,-827,0,0
12,-331,94,368,134,-957,0,0
-170,-172,-219,-119,417,-1043,0,0
505,140,-647,-2016,-1442,-1806,0,0
23,638,-1063,-3330,-1656,-5357,0,0
102,288,-789,-4627,604,-5947,0,0
60,13,-137,-6420,-690,-7024,0,0
43,311,48,-6301,288,-6005,0,0
549,104,107,-5146,964,-6008,0,0
877,104,-415,-4545,-278,-6897,0,0
1030,307,-1200,-4308,-389,-7490,0,0
789,677,-1065,-4287,-867,-7214,0,0
3,862,-380,-4740,-1397,-7914,0,0
-1015,427,219,-5514,-158,-6017,0,0
-1191,78,550,-4671,-352,-5658,0,0
-718,-303,794,-3485,-580,-6188,0,0
-1228,-361,811,-2934,-163,-4529,0,0
-721,-133,432,-1500,-135,-3108,0,0
-233,-264,11,617,-821,-2353,0,0
-232,-348,-144,1113,-376,212,0,0
-177,38,-127,343,217,1321,0,0
-538,274,-414,-180,-987,411,0,0
-560,242,-473,-356,-1187,-323,0,0
-487,-118,29,-876,-993,413,0,0
-65,-223,168,-786,-1,782,0,0
1236,-406,329,-667,146,177,0,0
1015,-615,373,-915,182,2,0,0
384,-575,314,-805,-317,-695,0,0
499,-285,93,-1362,-425,-1876,0,0
316,169,21,-2206,-792,-3345,0,0
603,317,-41,-3079,-321,-4033,0,0
458,610,-222,-3954,-307,-5215,0,0
599,931,-488,-3298,-556,-7096,0,0
449,965,-729,-3124,-372,-7400,0,0
108,785,-783,-3771,-607,-7063,0,0
659,621,-926,-3657,-1341,-7599,0,0
443,647,-1146,-3873,-1386,-7810,0,0
190,583,-740,-4233,-1906,-7872,0,0
-420,333,-227,-4006,-1224,-7890,0,0
-761,-126,224,-3337,-995,-7412,0,0
-926,-535,419,-2889,-975,-6825,0,0
-1030,-742,304,-2014,-1108,-5912,0,0
-1158,-749,317,-1903,-802,-3941,0,0
-964,-693,315,-1577,-21,-1318,0,0
-710,-609,-91,-1038,184,1438,0,0
144,-259,-42,-173,-116,2546,0,0
722,268,70,357,-873,515,0,0
436,304,-96,733,-1017,-863,0,0
425,-16,33,274,-633,-580,0,0
367,-138,302,-230,-434,-707,0,0
-60,-121,108,-241,303,-995,0,0
-51,-209,78,-476,791,-708,0,0
-170,-136,203,-884,267,-1245,0,0
-524,146,27,-1112,-51,-3119,0,0
157,23,208,-2319,-342,-3964,0,0
103,103,86,-3156,-639,-4607,0,0
346,53,58,-3320,-520,-5139,0,0
291,37,-61,-3326,-131,-4795,0,0
970,386,-246,-3100,45,-5537,0,0
641,430,-73,-2815,-286,-5928,0,0
-235,201,65,-3309,-543,-4407,0,0
417,215,341,-3224,-920,-4643,0,0
308,270,28,-2469,-896,-5847,0,0
874,240,-423,-2444,-737,-6654,0,0
817,305,-446,-3403,-1434,-7565,0,0
-24,375,-281,-4226,-793,-8117,0,0
-244,204,157,-4099,-728,-7842,0,0
-1033,-52,214,-3140,-1030,-6593,0,0
-873,-354,339,-2320,-1073,-5118,0,0
-611,-714,455,-1400,-1216,-3383,0,0
-468,-878,301,-859,-357,-1452,0,0
127,-648,21,-374,495,-516,0,0
600,-240,-372,-221,-175,-734,0,0
951,56,-690,-170,-591,-789,0,0
329,74,-538,-359,-665,-364,0,0
-2,132,-321,-497,-889,-529,0,0
203,-52,-85,-376,-609,-599,0,0
-210,-287,401,-804,-852,-155,0,0
-591,-213,452,-959,-339,-396,0,0
-603,-137,471,-1023,-583,-1084,0,0
-836,-14,561,-1109,-723,-2650,0,0
-680,36,496,-2337,-638,-2335,0,0
-19,242,448,-3004,-426,-3125,0,0
664,276,303,-3337,-176,-4738,0,0
553,220,266,-3579,570,-5177,0,0
456,237,249,-3035,-68,-5190,0,0
341,379,168,-2770,-527,-5195,0,0
445,408,27,-2175,-993,-5835,0,0
344,432,-193,-1718,-1125,-6307,0,0
192,466,-267,-1998,-495,-6588,0,0
172,448,-288,-2342,-60,-7244,0,0
-127,280,-342,-3246,-637,-7545,0,0
-735,-4,-231,-3436,-532,-7228,0,0
-967,-350,-8,-3259,-170,-6157,0,0
-955,-572,52,-2886,-732,-6077,0,0
-938,-689,87,-2719,-357,-5574,0,0
-628,-580,124,-2383,22,-4300,0,0
-434,-369,153,-2044,-99,-3513,0,0
-389,-302,129,-1723,-547,-1928,0,0
287,-150,-311,-1698,-47,175,0,0
1136,95,-392,-1155,256,260,0,0
703,113,-227,-575,-467,-138,0,0
149,90,-257,-14,-909,-331,0,0
205,-88,-146,-26,-994,-114,0,0
-5,-141,163,-135,-247,-317,0,0
8,-222,240,-252,-56,-922,0,0
-249,-321,334,-297,-362,-1508,0,0
-660,-338,468,-503,-409,-2060,0,0
-802,-127,486,-1514,305,-4053,0,0
-1301,-419,707,-2065,261,-3720,0,0
-884,-590,600,-2640,-196,-3080,0,0
-39,-692,289,-2836,461,-3754,0,0
284,-570,379,-3792,1670,-4014,0,0
752,-156,121,-4001,1759,-5345,0,0
515,-269,348,-4388,1319,-4483,0,0
-240,-283,454,-4436,869,-3041,0,0
38,-1,144,-4334,1865,-4340,0,0
196,144,-371,-4200,1786,-5624,0,0
432,185,-697,-4212,1494,-6012,0,0
541,212,-375,-4748,818,-5190,0,0
-626,634,-86,-4632,435,-5902,0,0
-661,409,252,-4148,782,-5449,0,0
-907,120,524,-3959,1112,-3891,0,0
-920,191,573,-3265,1372,-4814,0,0
-399,-81,514,-3152,1335,-4272,0,0
-451,-136,389,-2602,964,-3151,0,0
-237,-130,283,-992,66,-2922,0,0
524,-150,-6,-810,-490,-1697,0,0
392,198,-278,-7,-445,-1641,0,0
702,101,-486,417,925,-1626,0,0
1114,-366,-714,-378,679,-857,0,0
-51,-172,-626,-629,-1082,-501,0,0
-706,47,-569,-312,-334,-616,0,0
-896,-128,-207,-968,420,-240,0,0
-501,-8,100,-1593,834,-391,0,0
-385,132,183,-1901,873,-795,0,0
-814,62,564,-1801,-24,-1041,0,0
352,100,439,-2431,-73,-2948,0,0
-112,-375,21,-2759,-494,-3922,0,0
487,-845,-169,-2927,-99,-3789,0,0
854,-685,-307,-3322,707,-4852,0,0
362,-447,-332,-3599,1890,-4699,0,0
109,-289,-163,-3609,1595,-3849,0,0
-130,113,23,-3932,1649,-3661,0,0
-86,221,268,-3961,1442,-3810,0,0
-13,265,207,-4031,1122,-3922,0,0
337,474,-93,-4364,730,-4873,0,0
184,368,-155,-4529,458,-6067,0,0
-59,148,108,-4533,1490,-5911,0,0
-312,-52,435,-3979,1564,-5194,0,0
-745,-126,484,-3631,1665,-5017,0,0
-754,-39,349,-3373,1941,-4815,0,0
-687,236,201,-3462,1403,-4954,0,0
-490,522,285,-3578,1477,-4930,0,0
-864,709,324,-2986,895,-3472,0,0
-808,629,251,-1958,587,-2197,0,0
200,23,-34,-1117,-246,-239,0,0
507,-320,-216,-496,-448,844,0,0
774,-214,-127,-426,-195,280,0,0
601,-248,-300,-139,-239,-660,0,0
180,-477,-507,56,-770,-799,0,0
248,-633,-366,-220,-636,-150,0,0
72,-487,-101,-341,24,578,0,0
147,-242,15,-281,113,221,0,0
-233,-38,125,-531,540,-412,0,0
-706,364,91,-1160,1079,-1628,0,0
-415,603,-305,-1833,448,-3716,0,0
1052,276,-487,-3165,99,-5797,0,0
1830,-273,-409,-4395,460,-6857,0,0
887,-507,-210,-5519,958,-6238,0,0
287,-211,-91,-5425,1092,-5924,0,0
-37,-156,382,-4890,1485,-5230,0,0
-413,-325,438,-4626,1828,-3949,0,0
-165,-156,286,-4678,1474,-4186,0,0
-104,115,103,-4453,1711,-7152,0,0
-311,239,-146,-4358,1894,-4745,0,0
-103,490,-82,-4715,2003,-4639,0,0
-292,499,399,-4707,1896,-5014,0,0
-716,453,649,-4351,2235,-4372,0,0
-237,377,824,-3736,1494,-4787,0,0
-478,23,982,-3160,707,-4453,0,0
-641,-244,782,-1810,507,-3070,0,0
121,-576,602,-346,200,-1905,0,0
718,-783,3,557,123,-1756,0,0
600,-627,-994,586,49,-1264,0,0
152,-363,-1269,411,375,-60,0,0
56,49,-884,-650,-520,609,0,0
-309,429,-733,-558,64,-252,0,0
-236,114,-653,-691,45,214,0,0
-301,-58,-748,-828,-210,999,0,0
-151,-33,-584,-1065,-45,1075,0,0
317,-19,-103,-1748,-442,179,0,0
329,547,306,-2190,-206,-3559,0,0
9,506,383,-3349,-200,-5539,0,0
392,228,520,-4758,506,-4402,0,0
843,-26,902,-4333,1491,-5707,0,0
17,-256,848,-4077,1696,-5748,0,0
-385,-193,619,-3212,2067,-4867,0,0
-309,14,506,-2950,1504,-4775,0,0
3,215,283,-3330,1176,-4759,0,0
124,401,6,-3395,1458,-4562,0,0
190,449,-138,-3482,1669,-6080,0,0
-48,192,-373,-3853,2206,-5663,0,0
-199,-47,-299,-4168,1684,-4370,0,0
-225,-216,2,-4071,1180,-4033,0,0
-140,-180,111,-4388,1530,-3041,0,0
1816,31,54,-4589,712,-3633,0,0
3240,-16,327,-3027,-2275,-8196,0,0
-296,-472,261,-2494,-1558,-6905,0,0
-1495,-348,616,-2748,440,-3736,0,0
-1009,163,595,-2211,1457,-3218,0,0
-1231,-245,179,-1031,1316,-169,0,0
-257,-1031,74,-3,359,3102,0,0
74,-374,30,-75,-1012,2147,0,0
344,255,-462,320,-686,-174,0,0
695,178,-611,644,-528,-426,0,0
593,335,-385,205,-651,-705,0,0
80,724,-569,103,19,-1329,0,0
-129,591,-742,-13,203,-1187,0,0
-35,474,-872,-381,-263,-1521,0,0
149,623,-1033,-1252,-428,-3524,0,0
-84,608,-1238,-3765,-290,-4513,0,0
1036,332,-918,-5221,-498,-7640,0,0
1065,-48,-199,-5140,301,-5978,0,0
-66,-434,519,-3917,1203,-4549,0,0
-396,-708,1131,-2831,1082,-3179,0,0
-497,-483,909,-3140,260,-3223,0,0
838,-172,-32,-3103,-86,-4931,0,0
1003,-220,-422,-3478,-1503,-5329,0,0
407,154,-800,-4104,-1447,-6415,0,0
1145,176,-692,-4662,-740,-5654,0,0
771,353,-113,-5451,-327,-6601,0,0
224,29,411,-5160,-403,-7691,0,0
-1303,-193,691,-5006,-475,-5512,0,0
-1382,-109,1357,-4182,-151,-5977,0,0
-1646,-128,1531,-3924,-23,-5507,0,0
-2100,-20,1179,-3074,374,-4056,0,0
-1575,21,860,-1492,238,-3176,0,0
-1030,76,540,-431,-94,-883,0,0
-227,65,203,557,242,1166,0,0
984,-166,-398,592,-183,1595,0,0
682,-161,-908,694,-639,554,0,0
-121,-200,-1127,756,-12,1023,0,0
305,-313,-935,-613,143,2389,0,0
468,-175,-978,-1031,-846,1089,0,0
132,66,-1367,-883,-1213,-946,0,0
630,319,-1011,-1006,164,-1671,0,0
408,681,156,-850,-418,-4461,0,0
-78,598,621,-2409,64,-3826,0,0
-76,683,445,-4518,-103,-3926,0,0
1131,337,397,-7016,-119,-6553,0,0
472,-152,235,-3825,887,-6026,0,0
-332,-103,590,-3571,269,-6211,0,0
-609,-104,810,-3362,559,-5577,0,0
-954,-30,714,-3391,1166,-4704,0,0
-642,86,322,-3227,1247,-5309,0,0
-47,162,-199,-3502,1492,-4414,0,0
224,429,-348,-3486,1224,-5445,0,0
260,340,-290,-3773,1559,-6098,0,0
-323,161,-125,-3903,1089,-5149,0,0
-2720,-20,144,-3085,499,-6114,0,0
-583,-378,214,-3237,1071,-5199,0,0
-762,-326,93,-3178,1370,-5112,0,0
-617,-293,-27,-3438,1514,-5493,0,0
-223,-91,-57,-4191,2336,-5160,0,0
-522,189,-254,-3037,1643,-3740,0,0
-444,80,-494,-1414,875,-1372,0,0
262,-309,-1011,-99,-1007,2638,0,0
687,-58,-589,-200,-2031,1983,0,0
436,-115,-19,-234,-1696,168,0,0
302,-542,-57,334,-1281,569,0,0
891,-583,-59,669,-1309,-121,0,0
353,-429,116,330,-209,-672,0,0
94,-245,151,-156,620,-351,0,0
216,28,250,-515,-314,-1326,0,0
-365,328,279,-824,-23,-2253,0,0
-443,405,192,-942,710,-2183,0,0
213,517,11,-1792,-331,-2722,0,0
552,796,-676,-2319,-5,-4745,0,0
1065,636,-932,-3473,-599,-5705,0,0
1061,673,-720,-5064,-891,-7254,0,0
185,513,-408,-5466,66,-7661,0,0
144,163,-91,-5347,1040,-6809,0,0
-421,-24,-154,-5245,819,-6482,0,0
-324,11,-272,-4470,1294,-6411,0,0
286,-17,-178,-4167,464,-6765,0,0
-826,-24,203,-6400,32,-5967,0,0
-704,-147,826,-4430,1049,-5116,0,0
-405,-279,1012,-3626,646,-4919,0,0
-1045,-447,828,-2706,305,-5467,0,0
-331,-764,700,-2454,803,-4603,0,0
-257,-592,410,-2081,779,-2726,0,0
-224,-193,153,-1185,359,-2535,0,0
927,-210,-58,-341,96,-2055,0,0
862,-254,-430,414,-458,101,0,0
493,109,-921,815,-1355,345,0,0
15,267,-1051,375,-1588,-251,0,0
121,49,-918,275,-1039,135,0,0
401,-219,-630,-233,-465,-593,0,0
54,-520,-308,-1112,23,-162,0,0
-529,-619,-117,-1630,274,793,0,0
-487,-431,171,-1809,701,826,0,0
428,-299,578,-1795,-188,-431,0,0
1052,55,426,-2826,101,-1804,0,0
2484,37,343,-3376,-228,-4261,0,0
2340,148,-22,-4186,-1849,-6524,0,0
1224,482,-156,-5237,-798,-6502,0,0
-137,433,237,-4667,-884,-5984,0,0
-513,495,164,-4021,-1258,-6636,0,0
-380,183,50,-3875,-494,-5440,0,0
-532,-32,57,-3759,-810,-5623,0,0
-665,152,-331,-4389,-753,-6326,0,0
-531,340,-570,-5014,-504,-5835,0,0
-717,286,-25,-5112,-590,-6709,0,0
-1468,-133,644,-4805,-281,-5543,0,0
-1828,-311,1085,-4088,831,-4507,0,0
-1533,-197,1109,-3335,446,-4703,0,0
-1153,-150,686,-2734,341,-4087,0,0
-1153,-106,410,-2492,932,-2209,0,0
-788,65,134,-1809,1257,-1159,0,0
47,16,-360,-582,800,-712,0,0
836,-442,-613,274,-166,426,0,0
1335,-576,-443,-174,-911,1408,0,0
644,-203,-231,-541,-939,215,0,0
112,-110,-182,-445,-835,-1384,0,0
55,-295,-29,-731,-472,-776,0,0
53,-376,298,-667,-218,-305,0,0
-207,-353,529,-121,-350,-713,0,0
-76,-286,556,-78,-154,-1125,0,0
-465,-203,193,203,-34,-1465,0,0
171,-60,-282,-1273,231,-1619,0,0
1092,524,-1109,-3603,-493,-3868,0,0
1404,998,-1873,-5583,-11,-6331,0,0
1681,885,-1479,-6557,-948,-8068,0,0
17,490,-839,-5932,-477,-6900,0,0
-77,265,204,-5440,331,-4958,0,0
63,150,711,-4634,-117,-5652,0,0
-430,-144,502,-4131,170,-5122,0,0
159,-202,299,-3479,639,-4590,0,0
339,-62,102,-3576,-111,-5451,0,0
83,-64,0,-4086,134,-5194,0,0
132,-137,242,-4157,-358,-5390,0,0
-586,-159,526,-4325,-139,-7664,0,0
-810,-257,772,-4093,527,-4899,0,0
-591,-151,897,-3918,156,-5030,0,0
-608,-73,1097,-3665,309,-4069,0,0
-228,37,1087,-2103,312,-2386,0,0
-59,-171,631,418,-327,-1058,0,0
-33,-261,-182,653,-63,101,0,0
206,-74,-754,156,485,700,0,0
527,1,-665,-418,-724,852,0,0
-154,151,-720,49,-464,-70,0,0
-472,-65,-842,-6,-243,80,0,0
-156,-17,-844,-635,-420,578,0,0
-38,286,-719,-889,-444,-2416,0,0
101,211,-211,-2055,-304,-1320,0,0
187,153,316,-2484,-528,-2666,0,0
-409,89,546,-2880,64,-3078,0,0
-94,48,603,-3857,193,-3256,0,0
759,9,370,-3732,-248,-5123,0,0
335,117,-135,-3926,859,-5486,0,0
941,385,-164,-3987,1515,-5537,0,0
1097,492,112,-4345,204,-6510,0,0
145,291,228,-4742,84,-5775,0,0
-68,133,350,-3825,266,-5968,0,0
-539,-104,350,-3312,442,-6888,0,0
-960,-307,-120,-3728,1226,-4875,0,0
-546,-254,-110,-3433,1090,-4343,0,0
-938,-145,-56,-3285,879,-4513,0,0
-753,-60,-150,-3626,1104,-3374,0,0
-130,4,64,-3618,-247,-4465,0,0
-294,128,149,-3581,-181,-4280,0,0
-46,327,116,-2686,-53,-3951,0,0
-423,282,-55,-1798,-656,-3358,0,0
148,392,-572,-1097,-267,-1008,0,0
917,438,-809,-1052,134,-177,0,0
1142,254,-962,-1322,33,-165,0,0
1041,63,-824,-1046,-104,-625,0,0
374,-141,-283,-810,-955,-470,0,0
-589,-48,-119,-270,-772,-906,0,0
-432,-271,28,49,-673,-1183,0,0
-571,-538,377,-249,-897,-1194,0,0
-993,-390,315,-177,-711,-2251,0,0
-556,-261,38,-1614,328,-1739,0,0
186,-91,64,-3194,333,-2838,0,0
258,182,-308,-3434,170,-4978,0,0
605,259,-558,-4123,717,-5389,0,0
874,364,-532,-4266,-381,-6047,0,0
222,409,-367,-3826,-428,-6524,0,0
-249,278,-42,-4710,747,-4440,0,0
-22,340,212,-4902,1187,-5406,0,0
-546,33,386,-4619,767,-6094,0,0
-646,-155,551,-4178,884,-5267,0,0
-296,-224,837,-3716,-91,-5691,0,0
-670,-523,1118,-3641,188,-5389,0,0
-1035,-639,1097,-3188,1032,-4137,0,0
-666,-464,918,-3077,1229,-4413,0,0
-430,-440,791,-3061,1361,-4681,0,0
-574,-340,565,-3298,1147,-3864,0,0
-301,-260,585,-2901,742,-4590,0,0
-451,-373,690,-2671,687,-3306,0,0
-286,-179,602,-1129,581,-1005,0,0
293,-236,429,563,662,-494,0,0
496,-474,-170,457,-476,645,0,0
265,-258,-737,153,-428,1319,0,0
387,-236,-752,-172,-216,19,0,0
322,-436,-666,-787,-66,-255,0,0
326,-510,-460,-1184,168,704,0,0
224,-226,-148,-832,58,267,0,0
59,96,102,-1019,318,-252,0,0
478,174,224,-1586,99,-1092,0,0
439,420,363,-1530,-853,-3279,0,0
155,647,492,-3081,209,-2609,0,0
782,682,347,-3631,614,-3696,0,0
1172,614,-49,-4181,1238,-6478,0,0
624,459,-500,-4616,2220,-6970,0,0
572,294,-475,-4134,1098,-7988,0,0
-600,131,-310,-4228,1258,-6183,0,0
-938,314,-335,-3964,1471,-4980,0,0
368,411,-451,-4020,1093,-5956,0,0
18,117,-609,-4120,693,-6259,0,0
-158,-262,-381,-4616,810,-5954,0,0
-492,-424,379,-4466,779,-6168,0,0
-1719,-333,636,-3928,1455,-5573,0,0
-1414,-246,626,-3191,1849,-4943,0,0
-1375,5,632,-3161,1064,-3432,0,0
-1036,409,482,-2697,798,-2532,0,0
54,592,216,-1868,746,-2189,0,0
83,523,-10,-1254,552,-1040,0,0
584,194,-220,-717,163,-474,0,0
393,-164,-434,64,-187,-359,0,0
183,-511,-44,-211,-444,1199,0,0
569,-290,92,-192,-698,464,0,0
788,-129,-226,243,-680,-965,0,0
800,-354,-217,161,-159,129,0,0
705,-183,-245,-151,44,823,0,0
453,271,-540,119,-322,-559,0,0
322,328,-491,-523,-312,-1818,0,0
-122,650,-443,-1527,-191,-3416,0,0
-465,645,-352,-3184,327,-4155,0,0
-775,549,-396,-4411,-47,-4816,0,0
-527,475,-466,-4048,617,-6590,0,0
-561,183,-73,-4064,2332,-6699,0,0
-642,-83,-157,-4064,2561,-6944,0,0
-449,-396,-188,-4632,2444,-5065,0,0
135,-352,-93,-4288,2299,-4541,0,0
255,-362,-139,-3701,1497,-5534,0,0
0,-484,-327,-3752,1483,-4535,0,0
683,-381,-61,-3877,831,-5292,0,0
33,-398,265,-4309,863,-5028,0,0
-487,-453,532,-4327,1302,-4340,0,0
-180,-410,902,-4652,1226,-4768,0,0
-505,-402,1021,-3833,1288,-5407,0,0
-681,-597,1015,-3296,981,-4744,0,0
-64,-578,1135,-2902,749,-3147,0,0
304,-226,920,-1178,952,-1924,0,0
125,-77,122,460,1050,-974,0,0
12,-36,-748,819,622,536,0,0
540,85,-1001,483,-355,1149,0,0
251,386,-884,-12,-1234,331,0,0
-226,582,-793,-311,-539,-3,0,0
-86,446,-634,-801,-320,125,0,0
91,355,-489,-1027,-146,-260,0,0
-283,226,-507,-1227,-99,-812,0,0
-392,89,-105,-1781,182,-1743,0,0
-480,14,431,-2202,137,-2342,0,0
-210,124,700,-3768,426,-2437,0,0
943,-74,1094,-4045,856,-4127,0,0
1045,-130,812,-4004,1060,-5145,0,0
1259,24,553,-3712,1620,-5327,0,0
1196,269,430,-3406,2060,-6136,0,0
549,572,-258,-3600,2029,-6117,0,0
1169,908,-342,-3520,1449,-7204,0,0
533,935,-150,-3717,650,-7471,0,0
-295,746,-10,-3799,465,-7109,0,0
-355,403,264,-3281,1401,-5341,0,0
-2352,3,357,-2645,1664,-5730,0,0
-705,-389,117,-2471,1340,-6196,0,0
-1061,-577,-118,-2919,1429,-3941,0,0
-385,-213,20,-2762,1302,-2794,0,0
1263,628,150,-2428,621,-3300,0,0
822,987,-348,-1206,1174,-3082,0,0
709,611,-1091,-1113,979,-35,0,0
1985,591,-1588,-949,591,1028,0,0
1712,588,-1668,-716,-758,307,0,0
1790,435,-1340,-584,-466,-474,0,0
497,28,-1108,613,-2418,-1234,0,0
143,-143,-640,421,-1216,-978,0,0
72,-144,-196,440,-1350,-1186,0,0
-881,-106,22,339,-1546,-2043,0,0
-669,-255,134,560,-849,-3133,0,0
-915,-566,360,-569,-854,-2594,0,0
-219,-496,587,-978,-1009,-3783,0,0
292,-514,-235,-737,25,-4160,0,0
748,-481,-587,-1979,-1422,-4358,0,0
595,-52,-756,-1574,-2609,-6266,0,0
526,178,-936,-1987,-1987,-6292,0,0
206,368,-610,-3026,-1683,-6124,0,0
-171,478,-446,-3260,-1049,-6534,0,0
51,363,-391,-2960,-831,-6111,0,0
-2184,297,-208,-2920,-1298,-5691,0,0
-298,265,138,-2861,-930,-5258,0,0
-229,83,484,-2784,-737,-4945,0,0
-263,-160,606,-2694,-488,-4366,0,0
115,-314,651,-2419,-298,-4312,0,0
231,-354,539,-2199,-1202,-5332,0,0
-145,-430,503,-2362,-1519,-6373,0,0
-261,-510,786,-2578,-1486,-6209,0,0
-845,-376,1070,-2519,-1163,-5908,0,0
-1357,-311,1182,-2080,-406,-5757,0,0
-1212,-361,1142,-1761,-384,-4321,0,0
-684,-317,834,-996,-245,-2494,0,0
-180,-316,472,-105,-187,-1162,0,0
288,-228,-53,405,-115,-354,0,0
677,-56,-754,650,706,-7,0,0
706,18,-1148,265,1012,526,0,0
251,377,-1294,-121,-174,231,0,0
-76,716,-1429,-126,-28,-596,0,0
63,645,-1264,-749,-630,-889,0,0
-487,531,-1163,-741,-1013,-1225,0,0
-755,281,-2736,-1591,-1113,-1388,0,0
-582,-138,241,-2699,-581,-2074,0,0
-934,-660,830,-1607,-1573,-2556,0,0
-768,-671,934,-1981,-396,-2545,0,0
807,-364,585,-2413,-593,-3758,0,0
1783,-54,350,-3428,-1592,-5141,0,0
1755,577,-56,-2404,-1158,-8360,0,0
1811,431,-23,-2841,-1523,-9073,0,0
244,305,211,-3752,-945,-7592,0,0
-124,113,202,-3282,-215,-7257,0,0
-256,-54,-98,-3134,-125,-6272,0,0
-361,-63,-391,-2460,-995,-6560,0,0
93,-239,-383,-2636,-2162,-6564,0,0
-1051,-227,-20,-3003,-1689,-5708,0,0
-1149,-226,340,-2790,-648,-5886,0,0
-873,-309,365,-3040,-526,-5292,0,0
-1243,-185,373,-2538,-389,-4065,0,0
-400,-55,407,-1727,-469,-3617,0,0
-526,-47,-17,-1311,-925,-2405,0,0
-419,-79,-512,-756,-236,64,0,0
566,-21,-451,-172,-20,1673,0,0
771,291,-397,-866,-166,1189,0,0
879,506,-299,-1050,-317,-523,0,0
564,221,-166,-442,-871,-1104,0,0
495,-85,181,-956,-833,-265,0,0
492,-204,595,-534,-697,-1122,0,0
186,-456,754,-169,-393,-1521,0,0
-32,-460,637,62,-236,-1850,0,0
-425,-307,402,51,-251,-2223,0,0
86,-64,63,-831,-693,-2922,0,0
204,466,-714,-2568,-1733,-4948,0,0
928,722,-825,-1773,-1767,-5282,0,0
1169,993,-360,-2447,-1718,-7137,0,0
258,837,-426,-3160,-880,-7250,0,0
89,414,11,-4022,-751,-5905,0,0
56,166,263,-3861,-679,-6383,0,0
229,-83,-14,-2417,-691,-6673,0,0
160,-399,-154,-1583,-1586,-6852,0,0
67,-373,-67,-2259,-1415,-5641,0,0
157,-134,225,-2725,-784,-4888,0,0
-142,-103,471,-2850,-687,-5060,0,0
81,-299,471,-2767,-785,-4590,0,0
133,-418,475,-2184,-1712,-5136,0,0
-385,-499,582,-2315,-2064,-5806,0,0
-259,-402,817,-2497,-1451,-5634,0,0
-641,-252,918,-2148,-1033,-5923,0,0
-698,-205,1029,-2338,-608,-5214,0,0
-258,-17,1010,-1744,-641,-4395,0,0
-639,-130,385,-712,-657,-2478,0,0
-197,-391,-234,-105,-264,320,0,0
1035,-357,-713,80,68,893,0,0
539,-190,-841,326,-82,318,0,0
-373,21,-833,672,295,-388,0,0
-650,74,-1005,398,30,-328,0,0
-196,64,-899,-383,-948,-257,0,0
-370,179,-770,-1230,-1330,-439,0,0
-811,206,-573,-1374,-410,-574,0,0
-715,-22,52,-2010,-117,-1261,0,0
-1135,-130,329,-2338,-343,-2146,0,0
-649,-296,487,-3078,-547,-2340,0,0
321,-170,553,-3618,-995,-3995,0,0
811,-32,362,-3722,-868,-5166,0,0
888,325,201,-3263,-485,-6412,0,0
690,603,31,-3008,-711,-7454,0,0
363,680,-341,-2889,-118,-6819,0,0
348,750,-491,-2993,59,-6513,0,0
-47,852,-445,-3304,-659,-8139,0,0
170,569,-347,-3373,-86,-7260,0,0
280,232,122,-3506,-760,-6983,0,0
-893,-247,602,-3439,-1001,-7700,0,0
-1207,-745,740,-3357,357,-6239,0,0
-1314,-975,979,-2856,-459,-6609,0,0
-2104,-1052,1281,-2672,-218,-8549,0,0
-2195,-1196,1764,-2385,475,-4936,0,0
-3185,-560,1502,-1457,219,741,0,0
-1899,22,341,66,200,882,0,0
528,-189,-568,488,-1003,988,0,0
518,-162,-819,249,-499,1684,0,0
1538,-193,-615,-817,-227,1187,0,0
1967,-17,-522,-1613,-595,41,0,0
1107,-6,-686,-1138,-827,-593,0,0
1558,-301,-355,-1109,-1323,-723,0,0
1150,-376,298,-882,-1327,-1354,0,0
-190,-185,639,-416,-55,-1342,0,0
222,-49,868,-351,-93,-1599,0,0
-167,170,690,-105,-125,-2617,0,0
-65,166,401,-1095,1036,-2219,0,0
754,178,143,-2246,-169,-4027,0,0
334,230,-530,-2647,-72,-5947,0,0
904,-101,-582,-3607,-234,-5420,0,0
554,16,-422,-4189,-1318,-6041,0,0
320,386,-388,-4252,-48,-5524,0,0
696,767,-324,-3491,82,-4723,0,0
1180,1145,-810,-1925,-1115,-2376,0,0
