326,-224,-24,-719,1309,-1421,0,0
108,-299,132,-340,777,-968,0,0
-61,-386,253,-182,1245,-1098,0,0
-186,-449,133,-1157,2408,-2973,0,0
-112,-730,286,-2912,5256,-4887,0,0
568,-695,1308,-2592,6641,-6515,0,0
947,844,1406,-2621,5299,-7112,0,0
974,1105,729,-2986,4195,-5639,0,0
1077,84,77,-2165,2386,-4270,0,0
1056,-479,-518,-2413,390,-2783,0,0
1016,-1603,-528,-1965,267,-3392,0,0
862,-1236,-55,-773,-168,-1499,0,0
496,1054,386,198,129,-1159,0,0
-15,1433,411,-281,198,-567,0,0
-490,720,254,-377,-251,-383,0,0
-848,911,129,453,-164,-218,0,0
-1197,1216,161,459,-499,-528,0,0
-1536,1115,414,290,204,-661,0,0
-1557,1286,690,444,1791,-1989,0,0
-1596,897,29,-759,3135,-2827,0,0
-1320,-596,-803,-3167,4401,-3462,0,0
-985,-798,-734,-1841,4380,-4536,0,0
-782,-890,-169,-669,4284,-2824,0,0
-628,-50,-4,-2465,4668,-3349,0,0
-435,-167,56,-2192,4759,-4059,0,0
-414,-1243,269,-842,4222,-2930,0,0
-606,-578,379,-1142,4461,-3279,0,0
-591,209,372,-1157,5119,-3568,0,0
-289,-136,13,-1413,5580,-3181,0,0
-120,107,-247,-1613,5846,-3087,0,0
-16,347,-265,-1548,6119,-3305,0,0
117,124,-142,-1983,6329,-4186,0,0
125,263,213,-1267,6866,-3864,0,0
270,419,544,-892,6205,-3290,0,0
566,386,615,-739,5038,-3079,0,0
879,29,238,-753,3427,-2152,0,0
1281,-712,-575,-960,1491,-969,0,0
1323,-1557,-1090,-1330,187,211,0,0
993,-1729,-670,-2648,-271,305,0,0
621,-314,-221,-134,-888,-174,0,0
402,170,-115,-658,-798,260,0,0
157,-402,194,-810,-709,695,0,0
55,-263,253,203,-775,185,0,0
-128,-110,111,425,-1182,-1229,0,0
-606,60,-95,35,-664,-825,0,0
-613,184,-147,-120,987,-838,0,0
-401,1082,-418,-445,2608,-2963,0,0
-617,16,-904,-1997,4616,-3281,0,0
-740,-323,-882,-2624,6430,-3256,0,0
-143,-170,-547,-1793,5756,-3652,0,0
62,-242,137,-1770,4274,-3175,0,0
-87,223,611,-1904,3440,-2679,0,0
-108,219,864,-1315,3446,-2335,0,0
-154,309,779,-1941,3758,-2967,0,0
-123,-51,414,-2360,4108,-3600,0,0
78,-720,106,-2219,4416,-4027,0,0
231,-635,-83,-2167,4284,-3875,0,0
253,-111,-87,-2233,3865,-3290,0,0
191,90,-13,-1982,3239,-3050,0,0
186,-119,-100,-1973,3094,-2391,0,0
158,-3,-118,-2170,3134,-2897,0,0
9,-108,-221,-2438,3779,-2929,0,0
-21,-119,-123,-3122,4112,-3994,0,0
-89,665,310,-2741,4784,-3945,0,0
218,983,967,-1918,5123,-3923,0,0
612,1036,1414,-1418,4918,-4418,0,0
720,969,1425,-1083,4651,-3740,0,0
715,905,1154,-646,4095,-3308,0,0
622,277,451,-293,2586,-2795,0,0
415,-799,-460,-498,831,-1091,0,0
259,-1202,-830,-705,-495,224,0,0
332,-655,-647,131,-1144,-156,0,0
156,-2,-544,10,-1227,35,0,0
-62,36,-496,-717,-724,582,0,0
-1,-192,-486,-659,-284,542,0,0
153,-256,-461,-260,-294,76,0,0
56,-164,-389,158,-345,-337,0,0
-299,-328,-143,378,-43,-481,0,0
-484,-2440,398,-110,1533,-1539,0,0
-546,-746,593,-777,3421,-3906,0,0
-831,-236,226,-2136,4080,-4490,0,0
-878,-717,97,-2046,5310,-3736,0,0
-908,-1113,-56,-2344,6021,-4793,0,0
-613,-326,-118,-2146,4108,-4702,0,0
-105,-215,175,-1260,3522,-2371,0,0
131,113,93,-1772,3474,-3532,0,0
-94,471,-263,-2417,4127,-4024,0,0
-169,605,-341,-2059,4703,-3424,0,0
-75,101,-427,-1893,4467,-2984,0,0
-166,224,-348,-2474,3969,-2632,0,0
-162,385,-143,-1711,3701,-2543,0,0
-2,-46,-220,-1500,3780,-2624,0,0
158,116,-255,-1789,4039,-3052,0,0
410,355,-115,-1831,4806,-3917,0,0
621,333,226,-2036,5125,-4369,0,0
799,1035,790,-2280,5057,-4770,0,0
957,1552,1081,-2381,4401,-4675,0,0
889,1798,971,-2140,3483,-3714,0,0
643,1720,411,-860,2369,-3230,0,0
294,1067,-538,-799,1708,-2393,0,0
85,-204,-1560,-1599,576,-1551,0,0
43,-1487,-1717,-1371,399,-804,0,0
-23,-2752,-599,-275,845,-89,0,0
57,398,250,-236,61,-413,0,0
-24,-173,630,-827,-542,-487,0,0
-319,-114,876,-265,-694,100,0,0
-565,26,975,104,-811,42,0,0
-781,-53,955,172,-1072,-181,0,0
-1006,203,809,1208,-512,134,0,0
-1064,609,270,575,1212,-1408,0,0
-1108,-125,-825,-1380,2627,-3089,0,0
-1323,-1071,-1305,-2018,5805,-2695,0,0
-732,-509,-1397,-1147,6948,-3553,0,0
-73,-171,-1307,-1598,5898,-4416,0,0
-247,-2144,-713,-1256,4877,-3688,0,0
-438,409,-66,-966,4764,-1454,0,0
-109,185,632,-790,4419,-1729,0,0
-10,179,972,-350,4324,-2659,0,0
-8,191,953,-1085,4574,-2914,0,0
214,-398,772,-1424,4369,-2936,0,0
350,-403,546,-1409,3977,-2981,0,0
326,-329,368,-1647,3815,-3109,0,0
286,-533,178,-1479,3511,-3058,0,0
190,-28,-43,-1345,3380,-2925,0,0
222,121,-282,-1355,3336,-2861,0,0
358,-306,-371,-970,3585,-3048,0,0
418,-2248,-314,-676,4657,-3406,0,0
499,176,-4,-911,5542,-4099,0,0
516,424,503,-1001,5791,-4464,0,0
687,685,1014,-1060,5885,-4595,0,0
867,835,1206,-907,5036,-3964,0,0
846,842,931,-1327,3666,-2789,0,0
666,688,317,-492,1935,-1856,0,0
278,-578,-763,-578,210,-1028,0,0
-137,-1636,-1370,-1234,-638,-212,0,0
-58,-1887,-1309,-798,-542,-146,0,0
254,-1183,-1123,-564,-707,-406,0,0
253,-992,-772,-727,-440,-168,0,0
209,-1019,-448,-469,-32,-125,0,0
254,-617,-276,-185,228,-373,0,0
242,-292,-129,206,-139,-686,0,0
3,222,83,203,-291,-541,0,0
-256,178,482,-63,160,-601,0,0
-264,-509,1008,-867,2510,-1900,0,0
-214,-192,470,-1609,4282,-4233,0,0
-250,-1822,-593,-4141,5409,-4550,0,0
-360,-1933,-602,-3990,5150,-5056,0,0
-528,-797,-275,-2310,4015,-4397,0,0
-322,46,-306,-3373,3726,-3919,0,0
61,201,-489,-3574,3463,-3839,0,0
229,193,-421,-3091,2779,-3064,0,0
187,659,-276,-2516,2820,-2432,0,0
150,361,-236,-2990,3226,-2055,0,0
85,-135,-325,-3093,3016,-2370,0,0
39,-580,-418,-3271,3087,-2734,0,0
180,-689,-235,-3392,2990,-2989,0,0
225,-190,65,-3391,2994,-2998,0,0
247,73,396,-3030,3058,-3559,0,0
83,732,612,-3517,3629,-4892,0,0
-85,1321,999,-3732,4544,-5386,0,0
-128,2053,1574,-2677,4710,-5834,0,0
24,2368,2008,-2300,5124,-4860,0,0
294,2716,2065,-1784,4164,-4095,0,0
292,1979,1316,-396,2983,-2653,0,0
290,1215,-92,-229,1563,-657,0,0
504,233,-1264,-1209,-601,517,0,0
464,-1493,-1446,-961,-1177,1153,0,0
232,-1775,-1101,-276,-599,415,0,0
54,-1499,-578,-884,-301,113,0,0
-43,-1086,-123,-982,55,380,0,0
62,-1340,21,-505,68,232,0,0
124,-1479,-1,-319,-406,-1167,0,0
-162,-742,-32,-539,-582,-1522,0,0
-461,-165,120,-706,-98,-1218,0,0
-527,-87,428,-665,1132,-2126,0,0
-640,-161,231,-1169,2975,-3393,0,0
-786,-364,-387,-3365,4279,-4444,0,0
-622,-694,-852,-3972,4759,-4144,0,0
-308,-332,-474,-2735,5120,-3077,0,0
-41,593,-147,-2362,4496,-3725,0,0
-6,594,-34,-2367,4341,-3272,0,0
13,726,230,-2121,3868,-3100,0,0
85,355,378,-1997,3886,-2988,0,0
224,-12,374,-2527,3716,-3313,0,0
295,-28,150,-2694,3349,-3364,0,0
346,-216,-107,-2927,3259,-3223,0,0
391,-321,-196,-2900,2965,-3527,0,0
231,-15,-274,-2852,2866,-3679,0,0
164,115,-145,-2697,3276,-3889,0,0
186,343,131,-2810,4103,-4255,0,0
420,701,714,-3019,4937,-4986,0,0
730,1048,1448,-1986,4986,-5194,0,0
809,1102,1783,-1801,4271,-4050,0,0
804,1108,1613,-1309,3329,-3683,0,0
634,596,871,-534,2390,-3313,0,0
366,-411,-331,-759,938,-2005,0,0
78,-989,-1298,-865,-800,-821,0,0
4,-1203,-1412,-590,-1063,306,0,0
108,-659,-1086,-290,-1218,314,0,0
-183,-499,-861,-523,-1067,431,0,0
-473,-882,-808,-187,-408,568,0,0
-404,-862,-795,-3,55,324,0,0
-164,-426,-713,-147,-104,-437,0,0
-283,-290,-400,-539,96,-693,0,0
-379,-299,309,-1016,1318,-1167,0,0
-211,-759,779,-1800,3448,-3263,0,0
-268,-1293,199,-4002,3973,-4272,0,0
-194,-1915,-196,-5021,4236,-4479,0,0
-81,-1290,-153,-3934,3416,-4869,0,0
-84,-87,16,-2985,2629,-4112,0,0
4,630,-28,-2832,2367,-3322,0,0
-12,636,-39,-2911,2395,-2996,0,0
-189,532,57,-2947,2719,-2598,0,0
-366,974,54,-2642,2884,-2521,0,0
-348,645,-60,-3226,3186,-2798,0,0
-226,508,7,-3075,3243,-3304,0,0
-98,581,50,-2518,3258,-3359,0,0
12,475,-5,-3193,3278,-3277,0,0
14,419,191,-2855,3080,-3268,0,0
2,453,331,-2338,3288,-3442,0,0
-4,485,497,-2704,3469,-4094,0,0
-26,788,717,-2303,4221,-4667,0,0
38,1308,899,-2138,4358,-5654,0,0
-61,2056,1054,-1662,4508,-5017,0,0
346,1552,1087,-1302,4047,-4890,0,0
538,1525,648,-1170,3120,-4221,0,0
471,1870,33,-671,2549,-2919,0,0
614,1021,-580,-664,1535,-1606,0,0
868,-92,-1071,-1634,432,-503,0,0
897,-1269,-1060,-1540,-227,-29,0,0
412,-864,-629,-518,-553,-340,0,0
-259,-119,-204,-373,-672,66,0,0
-768,-514,290,-654,-602,831,0,0
-997,-797,603,-279,-469,815,0,0
-1052,-945,631,-103,-853,-23,0,0
-1236,-649,504,-278,-729,-534,0,0
-1262,-181,382,-386,497,-1544,0,0
-1170,-406,-136,-344,2393,-2436,0,0
-1060,-1166,-852,-2019,5223,-2888,0,0
-544,-758,-1435,-2818,6350,-4915,0,0
-35,-794,-1056,-1737,5390,-4221,0,0
-40,-199,-580,-1387,5107,-3238,0,0
-135,29,-355,-1658,4305,-2474,0,0
102,-574,-9,-1535,3776,-2135,0,0
211,-364,376,-1699,3893,-2562,0,0
180,147,551,-1746,4078,-2949,0,0
307,-333,483,-2333,4076,-2995,0,0
297,62,342,-2892,3857,-3220,0,0
252,479,176,-2832,3598,-3367,0,0
367,154,1,-2340,3218,-3098,0,0
407,219,-126,-2633,3248,-3338,0,0
407,630,-9,-2323,3530,-3474,0,0
394,760,0,-2063,4043,-3762,0,0
482,509,202,-2416,4683,-4597,0,0
576,1008,844,-1727,5158,-5178,0,0
628,1492,1179,-1236,4765,-3814,0,0
1075,709,1065,-1655,3802,-3624,0,0
1160,544,812,-1645,2234,-3639,0,0
890,703,260,-413,670,-2596,0,0
699,-325,-713,-458,48,-894,0,0
536,-1429,-1262,-1075,-93,-309,0,0
315,-1539,-1288,-871,-169,-564,0,0
-135,-493,-1148,-712,-248,23,0,0
-649,-441,-870,-888,-197,522,0,0
-938,-1044,-569,-531,-261,332,0,0
-1049,-1290,-227,57,-227,256,0,0
-1020,-854,25,137,-287,-213,0,0
-974,-270,304,-886,112,-510,0,0
-816,-181,780,-1488,1990,-1827,0,0
-525,-931,303,-2186,3899,-3686,0,0
-213,-1802,-330,-3663,5340,-4103,0,0
163,-1492,-44,-3321,5217,-3786,0,0
326,-904,173,-3164,4491,-4377,0,0
75,-22,-41,-3183,3511,-5221,0,0
-154,656,-226,-3151,3092,-3397,0,0
41,620,-166,-3299,3201,-2880,0,0
13,681,-199,-3161,3495,-2795,0,0
-49,156,-384,-3418,3812,-2266,0,0
-5,-10,-356,-3420,3522,-2408,0,0
42,-10,-263,-3170,3236,-2852,0,0
185,-280,-123,-2846,2885,-2487,0,0
370,-146,-33,-2261,2319,-2254,0,0
488,-159,-69,-1975,1884,-2165,0,0
483,-309,-90,-1973,1696,-2028,0,0
337,-219,-47,-2143,1758,-2623,0,0
19,-135,110,-2631,2468,-3286,0,0
-216,40,479,-3226,3199,-4155,0,0
-315,881,1070,-3895,4206,-5121,0,0
-144,1507,1736,-3757,5105,-4892,0,0
191,1953,2115,-3495,4697,-4488,0,0
252,2148,1892,-2238,4186,-3815,0,0
108,1732,1085,-468,3539,-2781,0,0
5,1268,-308,-256,2008,-1903,0,0
113,235,-1333,-1155,221,-896,0,0
51,-985,-1334,-1300,-641,258,0,0
-148,-869,-785,16,-734,342,0,0
-168,-485,-516,181,-672,692,0,0
-44,-331,-371,-539,-326,931,0,0
19,-450,-250,-625,-386,419,0,0
-46,-533,-243,-370,-677,-625,0,0
-2448,-395,-270,-349,-596,-1051,0,0
-654,-173,-75,-784,602,-1068,0,0
-620,542,24,-1261,2260,-2837,0,0
-782,-178,-386,-2443,4998,-2870,0,0
-569,-846,-973,-3795,5921,-4055,0,0
-264,-965,-945,-2740,5466,-4391,0,0
-143,-239,-593,-2210,4815,-3482,0,0
-207,405,-284,-2481,4584,-2861,0,0
-139,18,111,-2968,4659,-2687,0,0
5,-382,421,-3152,4679,-3388,0,0
-118,-6,428,-3143,4561,-2983,0,0
-190,437,132,-3747,3857,-3091,0,0
-166,26,-131,-3293,3498,-2655,0,0
2,-244,-153,-2463,3183,-2241,0,0
182,82,-156,-2257,2708,-2558,0,0
205,323,-170,-1833,2319,-2141,0,0
241,314,-259,-1304,1980,-1488,0,0
332,250,-412,-1224,1562,-1301,0,0
351,436,-516,-1384,1284,-1316,0,0
383,203,-522,-1389,1244,-1155,0,0
369,47,-2448,-1619,1289,-1335,0,0
300,331,-137,-1627,2086,-1758,0,0
302,133,170,-2303,3508,-3307,0,0
328,44,797,-3392,5324,-5476,0,0
428,961,1775,-3448,6874,-6468,0,0
608,1485,2483,-3098,6429,-5764,0,0
815,1290,2554,-2324,4683,-4709,0,0
730,1073,1828,-1135,2957,-3546,0,0
425,510,660,-448,1483,-2140,0,0
188,-607,-478,-1177,68,-1243,0,0
35,-1706,-1021,-1613,-625,-635,0,0
108,-1569,-1092,-774,-845,-524,0,0
-92,-867,-971,-240,-1028,-256,0,0
-422,-455,-737,-285,-716,414,0,0
-528,-683,-646,-352,-203,663,0,0
-524,-624,-552,-250,-82,145,0,0
-652,-347,-301,0,-234,-418,0,0
-870,67,86,-476,534,-831,0,0
-1092,731,394,-1078,2613,-1695,0,0
-1051,42,-200,-1891,4899,-2719,0,0
-551,-2224,-504,-4108,5350,-4026,0,0
-406,-1300,-326,-3768,5058,-4030,0,0
-199,-539,-327,-3258,4751,-3798,0,0
72,-724,-507,-3817,4556,-3811,0,0
56,37,-770,-4340,4732,-4484,0,0
134,-297,-718,-4346,4345,-3897,0,0
179,107,-246,-3380,3783,-2633,0,0
185,739,155,-2662,3142,-1800,0,0
269,276,345,-2274,2364,-1211,0,0
350,43,358,-1910,1776,-1037,0,0
429,-38,234,-1634,1355,-1117,0,0
466,-295,20,-1816,1105,-1263,0,0
404,-451,-94,-2025,1251,-1567,0,0
290,-477,-57,-1974,1538,-1685,0,0
162,-476,-15,-2286,2004,-2166,0,0
4,-298,-6,-3010,2780,-2732,0,0
-144,-111,-26,-3579,3606,-3599,0,0
-340,-198,18,-4320,4517,-4511,0,0
-478,195,362,-4768,5318,-4415,0,0
-273,1041,1052,-4408,5743,-4795,0,0
-14,1559,1581,-3507,5715,-4901,0,0
63,1922,1492,-2517,5312,-3547,0,0
147,2323,762,-1405,3934,-2608,0,0
302,2637,-342,-1253,1759,-2663,0,0
628,1666,-1181,-1729,278,-1475,0,0
1128,61,-1093,-2274,19,405,0,0
1374,281,-231,-1126,140,827,0,0
1170,616,358,-301,-126,571,0,0
761,537,709,-1275,-461,317,0,0
68,784,812,-1000,-1169,503,0,0
-611,183,654,-781,-1625,754,0,0
-982,-404,536,-1435,-1455,-91,0,0
-1177,-142,460,-641,-493,-1527,0,0
-1448,-707,109,142,1567,-1848,0,0
-1394,-960,-419,-542,4223,-2603,0,0
-1057,-487,-1243,-986,5534,-5217,0,0
-750,-686,-1274,-538,6388,-4761,0,0
-302,-902,-914,-1187,6340,-4142,0,0
-191,-541,-347,-1853,5924,-3969,0,0
-144,245,358,-1407,5636,-3526,0,0
129,54,496,-1437,5291,-3507,0,0
251,208,408,-2678,4816,-4280,0,0
290,687,468,-2282,4599,-4113,0,0
497,209,368,-1601,3965,-3188,0,0
571,279,124,-1797,2881,-2979,0,0
302,866,-15,-1326,2165,-2612,0,0
194,318,-193,-2656,1734,-1678,0,0
328,-247,-469,-226,1285,-1275,0,0
412,-262,-677,-902,1002,-1439,0,0
371,46,-658,-1021,1019,-1610,0,0
345,-155,-626,-779,1325,-1202,0,0
302,-88,-417,-1177,1452,-1479,0,0
247,-58,-59,-935,2264,-1952,0,0
237,-677,226,-2122,3355,-3488,0,0
148,-59,682,-1905,4747,-4700,0,0
647,-297,1022,-2949,6166,-6395,0,0
1175,-569,1584,-2783,5656,-6870,0,0
1096,270,1603,-1842,4499,-5264,0,0
970,791,1061,-702,3065,-3784,0,0
886,375,-152,123,1368,-2785,0,0
807,-1650,-1423,-1219,-56,-1533,0,0
388,-2221,-1686,-2594,-756,-617,0,0
-130,-510,-1334,-1672,-842,-194,0,0
-592,-213,-671,-746,-622,459,0,0
-820,-1069,-25,-509,-776,870,0,0
-870,-1066,362,285,-674,787,0,0
-731,-809,459,441,-509,148,0,0
-641,-481,525,-418,-318,-840,0,0
-832,-80,602,-1375,1099,-1795,0,0
-722,-936,-84,-2109,4622,-3169,0,0
-221,-2165,-887,-6600,5202,-4373,0,0
283,-1743,-888,-5318,4012,-3998,0,0
472,-224,-636,-4786,3082,-4295,0,0
337,176,-451,-4275,3088,-3700,0,0
314,96,-610,-4469,3831,-3587,0,0
498,-85,-649,-4681,3542,-4287,0,0
325,-58,-598,-4611,2642,-3743,0,0
63,165,-406,-4276,2297,-2256,0,0
155,176,-339,-3246,1815,-1877,0,0
335,-464,-335,-2454,1243,-1684,0,0
457,-946,-248,-2157,947,-1309,0,0
445,-495,-224,-2002,688,-1495,0,0
299,-326,-248,-2360,523,-1692,0,0
50,-327,-173,-2659,581,-1434,0,0
-83,-323,-49,-2789,735,-2010,0,0
-275,226,90,-3635,1437,-3517,0,0
-637,1438,307,-5016,2487,-5626,0,0
-926,2142,815,-6207,3498,-5961,0,0
-832,2845,1592,-5507,4333,-5010,0,0
-369,3009,1993,-4676,4447,-4793,0,0
-75,2590,1690,-3225,3387,-4157,0,0
-24,2246,785,-2543,2173,-3350,0,0
-294,2388,-115,-2549,1278,-2448,0,0
-442,886,-435,-1662,1075,-421,0,0
-289,-334,-430,-782,677,646,0,0
-149,-586,-33,-547,-127,404,0,0
-354,240,483,-82,-586,548,0,0
-539,419,816,-517,-632,993,0,0
-517,291,735,-1095,-965,634,0,0
-562,3,518,-1062,-1263,-152,0,0
-599,-350,444,-934,-1081,-1203,0,0
-870,-434,337,-566,-238,-2146,0,0
-1112,-730,-40,-1216,2466,-1829,0,0
-632,-601,-784,-654,4464,-4060,0,0
-534,-512,-1204,-786,6605,-5287,0,0
-416,-653,-1169,-371,7026,-3978,0,0
-86,-837,-1119,-1431,7101,-4370,0,0
-10,-624,-647,-2003,6434,-4506,0,0
233,-364,-79,-1856,5477,-3309,0,0
573,-238,160,-3184,4500,-3324,0,0
443,596,435,-3184,3719,-3535,0,0
389,573,428,-1665,2949,-3052,0,0
444,447,151,-1908,2244,-3042,0,0
284,698,128,-1475,1929,-2418,0,0
292,155,179,-634,1568,-3544,0,0
301,-43,53,-891,1345,-1401,0,0
179,156,-87,-1236,1252,-1559,0,0
109,-263,-207,-727,1159,-1266,0,0
51,-533,-334,-730,1251,-1347,0,0
-31,-431,-336,-795,1785,-1589,0,0
-59,-514,-363,-1079,2567,-2322,0,0
-203,-249,-347,-1628,3713,-3832,0,0
-111,-295,-77,-1736,5159,-4705,0,0
316,152,594,-2695,7156,-6176,0,0
637,498,1559,-2816,7127,-6340,0,0
897,588,2013,-2592,5773,-4952,0,0
1040,1302,1719,-1840,3874,-3950,0,0
920,1317,888,-773,1884,-2986,0,0
554,153,-429,-987,296,-1918,0,0
149,-1346,-1378,-1428,-508,-1039,0,0
-123,-1715,-1637,-3144,-606,-472,0,0
-45,-1054,-1400,-797,-737,-371,0,0
31,-860,-1005,-851,-671,-82,0,0
16,-1083,-590,-801,-287,329,0,0
-64,-573,-347,139,-35,306,0,0
-188,-418,-192,-39,177,-9,0,0
-456,-124,289,-922,387,-853,0,0
-697,-301,1029,-628,1824,-1379,0,0
-899,175,847,-797,2876,-2400,0,0
-834,-857,254,-2889,4803,-3305,0,0
-414,-1593,49,-4624,5136,-4195,0,0
-229,-1428,-28,-4190,4631,-4572,0,0
-190,-956,-192,-3325,4130,-4494,0,0
-155,145,-421,-3775,4330,-4181,0,0
32,487,-461,-4687,5085,-4618,0,0
32,267,-228,-3903,4359,-3834,0,0
-159,790,107,-2637,3574,-2181,0,0
-75,1269,272,-2734,2925,-1961,0,0
91,979,315,-1966,2331,-1702,0,0
183,277,192,-1350,1770,-1230,0,0
156,-23,-8,-1306,1238,-819,0,0
186,-357,-188,-1165,936,-519,0,0
267,-748,-363,-1426,746,-973,0,0
171,-890,-471,-1451,1012,-1687,0,0
-67,-810,-481,-1767,2021,-2288,0,0
-239,-561,-374,-2300,3178,-3306,0,0
-319,-328,-41,-3487,4576,-5169,0,0
-282,1002,646,-4220,6159,-6760,0,0
-226,2672,1531,-4342,7071,-7149,0,0
-149,3041,2037,-3993,6584,-4412,0,0
346,2491,1633,-1894,4402,-2788,0,0
595,2072,498,-1392,2626,-2474,0,0
503,2007,-331,-2288,1321,-2612,0,0
499,844,-682,-1462,422,-1068,0,0
629,-501,-870,-1284,286,1027,0,0
626,-620,-553,-901,-28,935,0,0
347,-352,-15,-425,-814,220,0,0
-51,-504,410,-229,-721,582,0,0
-300,-635,458,-131,-484,648,0,0
-498,-601,307,-108,-660,-198,0,0
-751,-572,360,-603,-528,-1141,0,0
-902,-354,480,-940,222,-1590,0,0
-1001,-447,179,-1007,1926,-1992,0,0
-815,-593,-391,-1673,3296,-3610,0,0
-733,-1100,-910,-1168,5056,-7120,0,0
-801,-1186,-943,-1096,7466,-4493,0,0
-688,-732,-463,-1287,8602,-4743,0,0
-697,-103,-220,-1896,7709,-4373,0,0
-288,-413,-242,-3062,6293,-3935,0,0
66,-503,-85,-3820,5133,-3333,0,0
71,290,268,-2733,4079,-2453,0,0
-29,915,259,-2043,2678,-2056,0,0
33,892,-44,-1421,1634,-1667,0,0
239,-285,-461,-1022,724,-879,0,0
104,-567,-712,-695,232,-147,0,0
-63,-803,-675,-700,886,275,0,0
26,-1187,-434,-969,1723,-314,0,0
69,-715,-293,-1424,2774,-1679,0,0
115,-984,-356,-1725,4362,-1916,0,0
404,-1107,-602,-3738,5586,-3253,0,0
519,-335,-325,-6400,5919,-4189,0,0
828,-82,308,-4323,5918,-4578,0,0
999,886,983,-5163,5470,-4716,0,0
1032,1375,1505,-4365,4605,-4040,0,0
988,1427,1541,-3695,3273,-2998,0,0
787,1666,1158,-2325,2119,-2123,0,0
516,814,211,-1068,494,-1197,0,0
133,-365,-880,-1072,-818,-291,0,0
-164,-372,-1451,-927,-1790,-255,0,0
-361,-227,-1403,-902,-1978,605,0,0
-549,292,-1025,-972,-1615,990,0,0
-614,-653,-710,-658,-1050,1190,0,0
-647,-614,-455,-649,-296,781,0,0
-713,87,-68,-589,1015,-319,0,0
-974,-212,223,-982,2502,-546,0,0
-1117,-558,195,-1423,4474,-745,0,0
-814,-1321,150,-2349,5840,-1697,0,0
-98,-1545,151,-3706,5664,-3082,0,0
767,-1541,-130,-4365,5469,-4807,0,0
839,-1276,-315,-5308,5534,-4704,0,0
381,62,-235,-5624,6114,-3913,0,0
295,244,89,-4368,5250,-3183,0,0
163,1784,545,-2971,4511,-2840,0,0
199,2174,566,-2252,3373,-2815,0,0
182,986,308,-2339,2561,-2259,0,0
49,845,209,-1946,2150,-1277,0,0
160,761,149,-1424,1767,-672,0,0
344,117,-46,-1451,1345,-668,0,0
394,-164,-200,-1272,1098,-776,0,0
420,-226,-237,-1090,1062,-836,0,0
408,-168,-2296,-1268,1340,-1335,0,0
286,-548,-222,-1346,1825,-1914,0,0
81,-593,-154,-2066,2578,-3284,0,0
-317,-185,173,-2242,4110,-4776,0,0
-472,173,683,-2298,5478,-5296,0,0
-341,1175,1279,-2756,5842,-6201,0,0
-297,1992,1610,-2630,6140,-4516,0,0
173,1597,1429,-2478,5011,-3625,0,0
424,946,757,-1513,4390,-2860,0,0
327,410,-255,-790,3337,-2293,0,0
231,63,-1380,-841,1557,-2493,0,0
183,-875,-1774,-1183,92,-1168,0,0
267,-826,-875,-545,-287,472,0,0
472,164,-105,350,-579,1071,0,0
593,275,144,-597,-635,1032,0,0
516,-86,360,-1023,-843,960,0,0
338,-525,305,-388,-1164,528,0,0
28,-930,102,-590,-1168,-713,0,0
-336,-295,120,-1005,-213,-2380,0,0
-731,47,124,-682,1595,-2681,0,0
-769,292,-152,-1388,3331,-3380,0,0
-852,372,-1063,-2540,4532,-5535,0,0
-883,-622,-1058,-1969,5873,-4451,0,0
-638,-34,-584,-1963,5884,-3675,0,0
-526,60,-345,-2674,5729,-3840,0,0
-453,-408,21,-2901,5439,-3247,0,0
-270,-218,242,-2844,5068,-3596,0,0
-32,-600,347,-3326,4631,-3547,0,0
13,-189,405,-2883,4137,-3074,0,0
98,90,220,-2383,3511,-2963,0,0
193,39,67,-2312,2952,-2586,0,0
235,331,-27,-1949,2444,-2208,0,0
279,170,-171,-1680,1899,-1894,0,0
334,-144,-233,-1670,1485,-1446,0,0
363,-35,-271,-1350,1244,-1214,0,0
376,-352,-386,-1283,1082,-1106,0,0
231,-558,-441,-1232,1075,-914,0,0
37,-576,-413,-1304,1497,-1060,0,0
-169,-479,-256,-1500,1893,-3672,0,0
-276,-194,-14,-1759,3227,-2333,0,0
-68,-132,275,-3171,5220,-4063,0,0
270,436,965,-4301,7049,-6363,0,0
550,851,1726,-4535,7383,-5738,0,0
990,836,2113,-3907,6095,-4316,0,0
1291,976,1974,-1952,3966,-3826,0,0
1074,1067,1072,-408,2175,-2587,0,0
945,-2384,-39,-833,437,-1743,0,0
608,-1081,-629,-1018,-734,-533,0,0
400,-945,-861,-587,-992,84,0,0
105,-755,-910,-411,-1271,168,0,0
-416,-424,-858,-197,-957,620,0,0
-554,-939,-823,52,-389,908,0,0
-487,-950,-730,327,-220,457,0,0
-453,-809,-520,327,76,67,0,0
-512,-599,-24,-1066,425,-822,0,0
-663,-265,545,-1676,2173,-1688,0,0
-641,-886,166,-3135,3919,-2883,0,0
-447,-1788,-153,-5016,5462,-4156,0,0
6,-2019,190,-5549,5949,-3507,0,0
228,-372,536,-4496,5258,-4453,0,0
65,-122,272,-4358,4984,-4696,0,0
-219,-233,99,-5691,5036,-3849,0,0
-335,465,313,-4607,4217,-3223,0,0
-287,920,532,-2896,3281,-1900,0,0
-139,1262,465,-1981,2813,-1281,0,0
80,610,255,-1842,2690,-1226,0,0
224,-250,137,-1646,2311,-1079,0,0
173,-31,121,-1447,1811,-991,0,0
78,102,59,-1031,1485,-801,0,0
58,-267,-141,-851,1169,-591,0,0
56,-469,-424,-1171,1001,-856,0,0
-13,-688,-668,-1425,1319,-1402,0,0
-142,-1040,-809,-1617,1728,-1816,0,0
-287,-609,-876,-2434,2792,-2274,0,0
-232,-398,-727,-3546,4114,-3920,0,0
-278,132,-158,-5370,5775,-5451,0,0
-232,1415,960,-6120,6885,-5412,0,0
57,2380,1904,-5551,6153,-4363,0,0
515,2393,2065,-5397,5796,-3253,0,0
841,1814,1771,-3386,4741,-2439,0,0
905,692,821,-1182,3245,-1619,0,0
802,216,-375,-170,977,-987,0,0
560,-83,-1076,-429,-794,-290,0,0
271,-1098,-762,-452,-887,666,0,0
-14,-826,-356,364,-896,1077,0,0
-92,-443,-258,342,-708,1380,0,0
35,-1012,-334,-267,-439,1358,0,0
196,-964,-410,-639,-464,444,0,0
39,-900,-307,-587,-699,-1194,0,0
-527,-551,-14,-1123,-84,-1917,0,0
-988,501,310,-1068,1097,-2577,0,0
-1299,40,280,-1773,3257,-2271,0,0
-1646,196,-244,-3959,5233,-3718,0,0
-2021,-668,-844,-3922,6624,-3312,0,0
-1841,-365,-899,-4150,7346,-2693,0,0
-1231,499,-558,-4539,6890,-2488,0,0
-522,-40,-239,-5406,6120,-1591,0,0
97,458,57,-5118,5068,-2262,0,0
542,256,186,-3852,4139,-2078,0,0
711,271,254,-2728,3077,-1117,0,0
800,565,171,-1478,2060,-848,0,0
911,336,-60,-972,1327,-976,0,0
883,153,-298,-1047,1310,-1110,0,0
683,50,-466,-1250,1267,-1009,0,0
442,-108,-540,-1392,1060,-1141,0,0
179,-301,-563,-1538,1180,-954,0,0
91,-335,-567,-1715,1310,-1051,0,0
91,-189,-546,-2213,1962,-1598,0,0
166,-63,-423,-2481,2739,-2485,0,0
248,199,-124,-2969,3327,-3477,0,0
386,528,371,-3919,4953,-6472,0,0
511,1048,1292,-5199,6114,-5668,0,0
971,1150,2330,-5207,7114,-5548,0,0
1848,1516,3130,-3830,6229,-6187,0,0
2047,1496,2933,-2556,4419,-5082,0,0
1475,1107,1839,-1858,2190,-2829,0,0
489,1566,463,-315,30,-1604,0,0
-239,-381,-786,116,-999,-276,0,0
-518,-1688,-1422,-1052,-1057,597,0,0
-359,-1026,-1564,-580,-1320,-246,0,0
-473,-1642,-1510,-105,-1162,-28,0,0
-832,-1751,-1467,-241,-810,765,0,0
-843,-1386,-1521,9,-423,849,0,0
-570,-1053,-1353,-495,-54,276,0,0
-437,-755,-882,-1005,719,-141,0,0
-489,-714,-106,-1678,890,-1005,0,0
-587,-879,890,-1195,2362,-1660,0,0
-466,-1315,882,-2511,4307,-2173,0,0
-350,-2032,202,-6189,6108,-2995,0,0
-263,-1917,-27,-6542,5241,-3372,0,0
-44,-788,-59,-5696,4412,-2832,0,0
304,-175,-400,-7006,3552,-3934,0,0
277,406,-447,-6507,3874,-3374,0,0
194,1022,-246,-4941,4129,-2595,0,0
30,725,65,-4370,3003,-1841,0,0
-181,1062,340,-2847,2347,-889,0,0
-114,705,243,-1906,2014,-703,0,0
14,-43,68,-2077,1545,-1031,0,0
28,-33,22,-1754,1201,-886,0,0
110,43,-79,-1235,1020,-755,0,0
212,-350,-283,-1281,838,-812,0,0
147,-389,-465,-1751,713,-1071,0,0
42,-446,-550,-1922,980,-1562,0,0
-113,-330,-494,-2574,1743,-2103,0,0
-236,739,-266,-4377,3545,-4019,0,0
-290,1093,435,-6887,5467,-6048,0,0
-270,2434,1641,-7330,6323,-6443,0,0
-143,3846,2288,-6352,6322,-4591,0,0
47,3779,2238,-4361,4789,-3257,0,0
111,2218,1347,-1380,2955,-1997,0,0
100,845,-189,-2064,1260,-1020,0,0
290,-272,-1207,-534,458,-447,0,0
725,-1122,-760,-824,20,284,0,0
686,224,85,522,-477,514,0,0
399,221,471,-169,-560,950,0,0
78,-463,569,-594,-777,1301,0,0
-333,-918,460,-333,-1360,811,0,0
-864,-814,121,-455,-1508,9,0,0
-1257,-817,-262,-933,-896,-522,0,0
-1461,-445,-522,-1586,-293,-1997,0,0
-1534,-773,-1085,-2693,2768,-2413,0,0
-1344,-812,-1935,-4052,5138,-4429,0,0
-730,-1092,-2043,-3919,7845,-4083,0,0
-6,-989,-1218,-4132,7520,-4242,0,0
250,-164,-414,-5167,7150,-3314,0,0
393,160,600,-5290,5703,-2719,0,0
381,975,1181,-4165,4513,-3220,0,0
405,785,1229,-3067,3806,-2945,0,0
405,397,969,-2531,3127,-2535,0,0
279,730,546,-1706,2485,-2330,0,0
248,623,94,-1218,1919,-2018,0,0
292,103,-234,-1008,1400,-1644,0,0
250,-107,-453,-921,1050,-1056,0,0
223,-42,-622,-980,827,-893,0,0
198,-234,-699,-1131,789,-1099,0,0
-39,-275,-610,-1693,1497,-1641,0,0
-174,-359,-96,-1983,3107,-2239,0,0
-30,-61,609,-2795,5828,-4623,0,0
265,-117,1428,-4549,8954,-5977,0,0
971,1587,2785,-3814,7761,-7501,0,0
1047,2153,2886,-2340,6218,-5161,0,0
1083,372,1855,-2102,3456,-2858,0,0
579,-209,536,-1501,98,-899,0,0
42,8,-539,-527,-1463,48,0,0
-28,-1161,-1164,-536,-1417,227,0,0
6,-1017,-1385,-579,-1709,-280,0,0
-221,-968,-1310,-194,-933,288,0,0
-234,-1421,-1170,-151,-27,787,0,0
-119,-1097,-1033,-119,159,562,0,0
-53,-799,-814,-7,-262,-109,0,0
-244,-796,-529,-296,-231,-530,0,0
-580,-641,-143,-1035,387,-785,0,0
-650,-1079,426,-2321,3034,-1340,0,0
-603,-1329,294,-2674,4725,-2307,0,0
-479,-1888,-143,-4573,5873,-2886,0,0
-206,-1082,-39,-5221,4779,-4382,0,0
-133,95,77,-4319,4606,-3122,0,0
194,109,-28,-4902,4016,-2990,0,0
287,922,288,-4617,4517,-2972,0,0
221,1586,672,-3338,4062,-2973,0,0
20,1866,562,-3270,3311,-2754,0,0
-236,1868,97,-3317,3353,-2459,0,0
-127,640,-183,-3050,3307,-1989,0,0
125,395,-278,-2444,3482,-2104,0,0
318,96,-163,-2312,3407,-2325,0,0
388,230,94,-2114,3111,-2625,0,0
383,149,173,-2860,3048,-3173,0,0
256,339,441,-3287,3618,-3677,0,0
220,413,656,-3092,4309,-4796,0,0
234,910,1080,-3582,5030,-5714,0,0
136,2150,1509,-2425,4848,-4683,0,0
192,1978,1228,-1199,3879,-3326,0,0
194,1286,419,-430,2443,-1982,0,0
156,350,-580,-119,1047,-393,0,0
406,-3560,-1121,-415,44,838,0,0
543,-1135,-622,-1031,-600,-1179,0,0
397,486,-358,-662,-489,-494,0,0
95,881,-320,-498,-410,-85,0,0
-236,418,-346,102,-218,120,0,0
-565,641,-326,238,-144,15,0,0
-802,649,-209,101,-32,-78,0,0
-992,295,86,-135,814,-565,0,0
-1104,101,247,57,2557,-2457,0,0
-1035,-881,138,-515,4688,-3118,0,0
-833,-1306,475,-908,5605,-3954,0,0
-704,-543,764,-422,5014,-4137,0,0
-628,-592,552,-795,5022,-3959,0,0
-477,-251,205,-315,5228,-4578,0,0
-269,270,-166,-167,5245,-4900,0,0
-107,501,-2328,-525,4913,-4370,0,0
78,493,-270,-762,4491,-2862,0,0
261,480,-239,-878,3764,-2231,0,0
309,252,-304,-972,3634,-2837,0,0
233,-215,-397,-1156,4515,-3001,0,0
240,-229,-275,-1154,5139,-4199,0,0
461,-102,83,-596,6293,-4879,0,0
751,287,486,-522,6141,-4895,0,0
941,1196,626,-168,4821,-4645,0,0
1105,1278,95,207,3177,-3838,0,0
1359,-3,-537,-215,1593,-2037,0,0
1485,-1742,-300,-1411,920,474,0,0
1409,-1669,393,-927,-223,658,0,0
862,-121,681,-511,-916,383,0,0
-42,57,777,-850,-1221,775,0,0
-805,-576,651,-182,-1420,824,0,0
-1223,-442,318,110,-1565,170,0,0
-1426,-452,15,-312,-1415,-509,0,0
-1411,-185,-187,86,-122,-868,0,0
-1140,312,-640,-548,1799,-2365,0,0
-1076,268,-1279,-2277,3363,-3605,0,0
-836,176,-943,-1585,6533,-3667,0,0
-121,746,-674,-689,6890,-5026,0,0
213,706,-388,-160,7076,-4730,0,0
347,264,-38,-484,6112,-4286,0,0
356,460,243,-474,5405,-3766,0,0
476,-155,517,-692,4939,-3547,0,0
449,176,478,-421,3580,-3951,0,0
333,270,262,-603,2991,-3348,0,0
417,-86,81,-956,2171,-3900,0,0
269,-72,-63,-501,1652,-3255,0,0
91,-8,-245,-409,1477,-2506,0,0
19,7,-381,-1006,1265,-2576,0,0
-86,70,-360,-893,1548,-2635,0,0
-102,-81,-235,-475,2447,-2428,0,0
-9,146,-54,-829,3807,-3910,0,0
108,-138,436,-1207,5814,-5239,0,0
452,192,1336,-717,6652,-5407,0,0
905,1358,1794,-489,5784,-7608,0,0
940,1291,1461,-212,4009,-5098,0,0
600,388,347,204,1608,-3320,0,0
78,-498,-921,-399,-668,-1831,0,0
-291,-1575,-1315,-788,-570,-134,0,0
47,-816,-1074,-536,-522,-512,0,0
85,59,-833,-1055,-374,-526,0,0
-151,-419,-501,-1046,-93,148,0,0
-132,-954,-350,0,30,290,0,0
21,-440,-368,-7,139,-202,0,0
10,-380,-222,138,119,-434,0,0
-250,-622,52,184,14,-643,0,0
-480,-398,524,237,1114,-3456,0,0
-684,-520,804,42,3027,-3144,0,0
-799,-1234,401,-1665,5037,-3951,0,0
-902,-990,248,-3112,5734,-5802,0,0
-1267,-794,107,-3608,6214,-5105,0,0
-985,-405,-79,-1978,6298,-5830,0,0
-268,224,-183,-2526,5888,-5909,0,0
124,289,121,-2334,4964,-4468,0,0
123,1226,212,-1454,3798,-2992,0,0
226,1439,-1,-1786,3381,-2497,0,0
350,752,118,-1646,2693,-1992,0,0
400,283,383,-880,1815,-885,0,0
370,45,476,-969,1106,-713,0,0
164,-70,385,-641,699,-1239,0,0
-75,-445,64,-479,742,-1302,0,0
-208,-541,-222,-856,1430,-1513,0,0
-246,-377,-364,-2976,2550,-2663,0,0
-177,-585,-370,-1598,4399,-4636,0,0
-260,-239,-114,-2117,6386,-6337,0,0
-157,222,463,-2317,7669,-6661,0,0
212,1257,1242,-1506,7681,-6919,0,0
312,1317,1246,-983,6220,-5207,0,0
238,1773,520,-145,4033,-3295,0,0
394,1826,-526,317,2202,-1133,0,0
947,-486,-1103,-1116,317,386,0,0
863,-1325,-603,-1357,-584,-46,0,0
416,582,216,-446,-483,391,0,0
163,335,759,-944,-420,889,0,0
-59,-378,983,-2656,-596,475,0,0
-358,-327,832,41,-1001,-153,0,0
-612,-164,458,-93,-1399,-653,0,0
-761,-70,212,-115,-983,-940,0,0
-661,32,10,157,459,-1452,0,0
-569,-156,-271,237,2552,-2276,0,0
-773,-125,-611,252,5041,-3193,0,0
-539,-297,-1416,-967,6855,-4634,0,0
75,230,-905,-538,7279,-5514,0,0
228,119,42,721,7030,-3973,0,0
276,21,402,273,5863,-3516,0,0
266,283,540,166,5652,-3858,0,0
214,-118,467,-47,4876,-4124,0,0
120,-23,306,-785,4117,-3761,0,0
119,154,267,-687,3457,-3602,0,0
135,-308,229,-587,2627,-3096,0,0
54,-268,198,-652,1966,-2145,0,0
4,-112,120,-573,1322,-1988,0,0
-26,-272,-48,-482,1031,-1831,0,0
-9,-230,-217,-333,783,-1248,0,0
19,-108,-351,-349,700,-3208,0,0
6,-146,-466,-455,1334,-1479,0,0
-111,27,-577,-566,2576,-2601,0,0
-102,116,-486,-582,5137,-4297,0,0
-3,377,-1,-206,6578,-5782,0,0
139,494,488,-517,7460,-5294,0,0
339,600,809,-1001,7069,-5594,0,0
327,717,1014,-352,5597,-5443,0,0
105,861,838,444,3640,-3866,0,0
114,584,145,568,1694,-1580,0,0
472,-863,-539,-571,-76,-882,0,0
389,-830,-746,-1074,-1262,-859,0,0
8,2,-692,-728,-1609,165,0,0
-296,-197,-515,-406,-1093,1076,0,0
-251,-783,-594,188,-415,1165,0,0
-5,-407,-779,155,-104,330,0,0
94,51,-795,-121,-240,-591,0,0
-82,-327,-537,-208,318,-732,0,0
-336,-785,91,-648,1840,-1315,0,0
-588,-545,370,-540,4142,-2361,0,0
-858,-1805,271,-1972,6417,-3649,0,0
-1126,-1631,612,-2950,6038,-4945,0,0
-1399,-231,574,-906,6046,-4313,0,0
-878,295,182,-937,6222,-4965,0,0
-130,192,53,-1401,5990,-4699,0,0
373,335,268,-1357,5116,-4121,0,0
342,995,119,-1202,4774,-2695,0,0
311,839,-212,-1171,4524,-2042,0,0
329,-126,-266,-1133,4149,-2147,0,0
220,-458,-105,-1123,3368,-1657,0,0
203,-71,34,-828,2662,-1313,0,0
338,-135,-11,-778,1840,-1218,0,0
411,-152,-186,-606,1262,-1223,0,0
460,-279,-345,-745,1067,-1421,0,0
434,-172,-306,-851,1418,-1855,0,0
335,-102,-159,-878,1996,-2177,0,0
264,222,-32,-1029,3414,-3436,0,0
245,260,206,-1435,5422,-5074,0,0
243,793,665,-1602,5966,-6636,0,0
203,1476,871,-1356,6346,-6424,0,0
248,1636,816,-851,5819,-5057,0,0
270,1778,371,-63,4589,-3677,0,0
482,854,-465,-82,2521,-2058,0,0
832,-1035,-945,-797,522,-333,0,0
860,-1804,-512,-611,-204,784,0,0
524,-796,91,624,-425,546,0,0
77,-780,161,-22,-339,451,0,0
-174,-1232,192,-738,-141,659,0,0
-161,-1197,233,-311,-348,115,0,0
-251,-1146,228,-201,-633,-917,0,0
-566,-676,332,-624,-176,-1298,0,0
-719,-77,564,-822,692,-2323,0,0
-857,-25,198,-1548,2945,-2380,0,0
-765,65,-515,-2880,4511,-4555,0,0
-708,-11,-717,-1562,5898,-5545,0,0
-266,-89,-361,-781,7757,-4339,0,0
12,608,-116,-2128,7335,-4858,0,0
-22,685,337,-1346,5896,-4657,0,0
236,-112,499,-1331,4935,-3740,0,0
421,133,601,-1527,3861,-3681,0,0
267,741,596,-940,2990,-3137,0,0
145,856,402,-748,2201,-2457,0,0
217,361,188,-579,1486,-2020,0,0
231,-78,-54,-619,1043,-1513,0,0
156,10,-266,-556,722,-1163,0,0
82,127,-428,-644,565,-1055,0,0
-93,179,-490,-1057,860,-1286,0,0
-359,345,-354,-744,1766,-1558,0,0
-487,264,-251,-710,3148,-2207,0,0
-636,759,-280,-1019,5019,-4164,0,0
-504,128,-265,-968,7188,-5078,0,0
181,-112,271,-668,8178,-5871,0,0
613,560,910,-173,7331,-7824,0,0
704,829,1223,-417,5648,-4678,0,0
825,747,881,78,3646,-3877,0,0
1081,209,-129,496,2227,-3168,0,0
1285,-1102,-872,-1253,1471,-2157,0,0
1247,-1716,-471,-2090,570,-1275,0,0
952,-954,70,-795,-553,-620,0,0
336,-993,243,-68,-875,604,0,0
-258,-931,289,-325,-1097,1408,0,0
-695,196,242,-101,-1249,1600,0,0
-846,1151,65,71,-1322,860,0,0
-908,1053,64,-299,-1238,-152,0,0
-1302,1364,444,-146,-334,-1083,0,0
-2064,414,491,23,2286,-553,0,0
-2023,-870,95,-189,7021,-1840,0,0
-1375,13,-506,-551,7693,-5676,0,0
-1025,-1522,-488,-2400,8555,-5546,0,0
-598,-653,-388,-739,8715,-5602,0,0
-15,384,-106,-403,7527,-5779,0,0
301,493,349,-512,5788,-4666,0,0
347,727,396,-850,4373,-2603,0,0
500,802,391,-857,3281,-1457,0,0
693,348,388,-278,2240,-932,0,0
698,-388,187,-108,1454,-602,0,0
501,-339,16,-305,1026,-747,0,0
276,-191,-95,-142,1023,-725,0,0
112,-99,-215,-23,1071,-747,0,0
59,-3,-368,-153,1305,-1083,0,0
74,-251,-477,-398,2252,-1782,0,0
82,-310,-430,-546,3568,-3345,0,0
34,-105,-234,-1096,5140,-4793,0,0
50,19,149,-1027,6239,-5510,0,0
123,728,297,-708,6684,-5476,0,0
458,828,522,-632,6085,-5313,0,0
756,691,511,-212,5689,-4352,0,0
1058,627,5,221,4754,-3365,0,0
1343,616,-650,268,2779,-2902,0,0
1392,-161,-1086,-795,716,-1952,0,0
1165,-725,-782,-1701,-435,-1045,0,0
905,-518,-128,-802,-292,-323,0,0
489,-280,216,249,-144,122,0,0
-137,-352,312,160,-270,338,0,0
-662,-124,364,62,-475,511,0,0
-930,418,353,6,-789,28,0,0
-1094,170,278,-214,-624,-578,0,0
-1271,16,220,-402,408,-1078,0,0
-1305,-770,-204,-1324,2691,-1292,0,0
-1112,-1350,-682,-2507,4978,-3788,0,0
-851,-509,-604,-1104,6256,-5906,0,0
-227,399,-124,363,6653,-5138,0,0
366,410,222,-266,5826,-4309,0,0
469,296,762,-745,5100,-3676,0,0
309,206,872,-2360,4673,-3723,0,0
62,33,551,-389,4094,-3850,0,0
-76,339,230,-791,3679,-3697,0,0
28,848,-58,-688,3401,-3784,0,0
235,387,-190,-450,3083,-3604,0,0
351,-192,-141,-558,2751,-3051,0,0
271,15,-12,-438,2245,-2509,0,0
148,37,-13,-410,1789,-1868,0,0
141,-68,-121,-567,1509,-1786,0,0
103,-60,-223,-388,1576,-2116,0,0
-39,-131,-274,-293,2013,-2226,0,0
-125,-196,-143,-393,2676,-2278,0,0
-184,242,123,-129,3271,-3026,0,0
-181,167,347,-479,4578,-4025,0,0
-91,200,758,-10,5577,-5072,0,0
0,398,973,347,5991,-5178,0,0
175,358,975,217,5471,-5252,0,0
283,376,760,429,4175,-4691,0,0
466,-58,172,513,2333,-3097,0,0
699,-951,-584,96,809,-1782,0,0
673,-1091,-943,-647,-91,-821,0,0
500,-367,-938,-473,-747,-137,0,0
129,-109,-817,-476,-787,344,0,0
-217,-148,-747,-484,-712,439,0,0
-427,-245,-753,-315,-491,333,0,0
-541,-38,-710,-507,-279,42,0,0
-670,34,-402,-348,247,-389,0,0
-613,-509,331,-532,1906,-1290,0,0
-709,72,922,-15,3626,-2715,0,0
-859,-476,620,-388,5925,-3064,0,0
-733,-1427,456,-1613,5956,-4851,0,0
-680,-994,445,-1195,6023,-4222,0,0
-434,102,256,-356,6021,-4149,0,0
-82,972,-61,-921,5689,-5785,0,0
151,501,11,-1530,4977,-5297,0,0
310,-209,319,-1058,4100,-2653,0,0
220,334,365,-825,3232,-1684,0,0
41,618,205,-536,2610,-2068,0,0
-47,251,-5,-282,2429,-2264,0,0
-6,81,-143,-235,2385,-2074,0,0
121,-47,-135,-412,2460,-1923,0,0
181,-105,-47,-426,2499,-2040,0,0
187,-144,31,-459,2421,-1928,0,0
126,165,105,-475,2585,-2023,0,0
52,20,120,-348,2739,-2383,0,0
-50,-1,67,-414,3070,-2478,0,0
-112,83,-23,-281,3614,-3081,0,0
-83,201,-53,-286,4520,-3994,0,0
77,600,135,-214,5590,-4954,0,0
249,970,421,87,5714,-4976,0,0
408,826,385,-158,5628,-4598,0,0
478,636,132,-313,5204,-4154,0,0
341,691,-227,349,4340,-3577,0,0
297,19,-792,393,3145,-2441,0,0
260,-652,-873,-1197,1005,-969,0,0
361,-151,-174,-720,200,296,0,0
222,402,426,-361,-627,944,0,0
-233,147,554,-188,-1138,861,0,0
-381,-132,387,189,-1143,97,0,0
-293,-228,249,-99,-1030,-59,0,0
-187,-152,302,-201,-723,-279,0,0
-141,-8,394,67,132,-722,0,0
-343,177,132,111,999,-2079,0,0
-893,-410,-610,-240,3399,-3350,0,0
-1140,-563,-1529,-999,5282,-5351,0,0
-1235,-487,-1123,-13,7982,-4020,0,0
-520,410,-234,745,8527,-3958,0,0
-70,526,200,-145,7237,-4193,0,0
86,-109,378,-839,5837,-3749,0,0
218,164,469,-685,4925,-3365,0,0
288,277,573,-374,3961,-2568,0,0
320,438,446,-143,3401,-2462,0,0
338,186,141,-125,2779,-2675,0,0
300,50,-55,-331,2094,-2238,0,0
327,120,-38,-105,1872,-1630,0,0
396,-81,39,17,1903,-1495,0,0
371,-82,50,-57,1858,-1366,0,0
274,-94,-90,47,1597,-1430,0,0
229,-315,-353,-41,1508,-1522,0,0
196,-339,-574,-136,1998,-1994,0,0
185,-434,-607,-230,3164,-2772,0,0
87,-287,-219,61,5007,-4537,0,0
-151,131,322,421,6487,-4842,0,0
-52,145,755,66,6975,-5215,0,0
233,39,974,-120,6417,-5997,0,0
327,338,817,-169,4825,-5108,0,0
380,251,205,-335,3268,-3113,0,0
425,-156,-468,-1039,2169,-2017,0,0
202,-828,-1037,-1582,330,-1309,0,0
-29,-421,-881,-480,-1399,-612,0,0
-98,243,-414,467,-1476,430,0,0
-154,-22,-283,-102,-1026,625,0,0
-215,-276,-405,-306,-683,229,0,0
-227,-177,-583,190,-248,-102,0,0
-337,244,-729,177,-171,-620,0,0
-479,468,-535,-559,1072,-633,0,0
-514,69,-113,-626,3053,-1593,0,0
-562,-746,-222,-734,6271,-2110,0,0
-276,-1866,-143,-2053,7003,-3928,0,0
-53,-1340,396,-1771,5969,-4354,0,0
-62,-469,277,-1237,5767,-4588,0,0
194,-124,-223,-1732,5322,-5513,0,0
424,177,-244,-2331,5008,-5827,0,0
531,-122,141,-1992,4663,-4371,0,0
314,233,416,-1922,4331,-2671,0,0
2,660,646,-1195,3414,-2287,0,0
-155,438,653,-419,2634,-2004,0,0
-142,289,427,-770,2197,-2036,0,0
-45,168,249,-986,1870,-2065,0,0
-7,45,130,-599,1517,-1543,0,0
46,-50,-42,-534,1233,-1160,0,0
84,-65,-234,-596,1202,-1425,0,0
6,-212,-410,-680,1488,-1643,0,0
-100,-436,-492,-662,2210,-1872,0,0
-288,-224,-489,-920,3481,-2921,0,0
-434,-9,-217,-1106,5189,-4617,0,0
-407,297,346,-1299,7008,-5311,0,0
-235,530,1178,-1758,7806,-4959,0,0
-89,1333,1600,-780,6438,-4784,0,0
132,1346,965,108,5276,-3476,0,0
511,989,-174,-305,3892,-2392,0,0
859,-134,-908,-1138,1439,-1594,0,0
840,-1357,-736,-738,-160,95,0,0
375,-522,-75,374,-963,1134,0,0
-55,42,215,408,-942,1086,0,0
-293,-695,283,-381,-842,898,0,0
-343,-672,270,-90,-1136,320,0,0
-359,-235,72,71,-1244,-727,0,0
-443,-102,-120,-299,-395,-1253,0,0
-349,405,-193,-960,1507,-2470,0,0
-178,-227,-480,-749,4495,-2285,0,0
-58,-464,-1001,-1768,6526,-4171,0,0
-59,-403,-959,-1628,7399,-5486,0,0
7,29,-169,-176,6817,-4260,0,0
128,182,204,-479,5875,-3722,0,0
204,-14,758,-1086,4663,-3499,0,0
178,155,1022,-810,4057,-3176,0,0
122,23,772,-1136,3637,-3068,0,0
-3,98,432,-1770,3541,-3449,0,0
-69,214,80,-933,3351,-3398,0,0
38,-262,-204,-550,3013,-2940,0,0
110,-115,-242,-509,2720,-2598,0,0
128,-7,-231,-336,2337,-2142,0,0
148,-295,-327,-344,1828,-1558,0,0
116,-221,-475,-593,1441,-1345,0,0
48,55,-534,-942,1569,-1551,0,0
-45,-29,-492,-1189,2171,-1915,0,0
-114,-101,-287,-1460,3198,-2390,0,0
-59,148,163,-1204,4687,-3624,0,0
34,529,771,-1252,5783,-4709,0,0
103,533,1253,-1157,6176,-4466,0,0
347,62,1459,-943,5934,-3898,0,0
607,66,1252,-474,5294,-3957,0,0
770,-202,491,185,3689,-4281,0,0
519,-580,-710,90,1342,-3835,0,0
242,-1589,-1306,-623,-57,-1456,0,0
133,-1070,-805,-469,-581,-305,0,0
88,447,-547,184,-1054,116,0,0
-47,307,-653,-431,-1259,387,0,0
-300,108,-720,-346,-822,223,0,0
-386,309,-645,-73,-471,267,0,0
-466,632,-425,-234,-80,57,0,0
-743,515,-41,-1129,1377,-607,0,0
-1038,531,-73,-1310,2892,-2065,0,0
-1166,-1336,-544,-1532,6287,-2361,0,0
-759,-2163,-583,-3327,6481,-4725,0,0
-470,-754,-240,-1813,6202,-5006,0,0
-233,-742,-66,-2407,5998,-4221,0,0
-154,-718,-10,-3511,5753,-4148,0,0
-126,-340,318,-2751,5589,-4222,0,0
-145,284,497,-1874,4857,-3569,0,0
-45,648,508,-1403,3586,-1934,0,0
247,614,505,-1770,2761,-1363,0,0
329,471,531,-1542,2227,-1064,0,0
277,280,496,-1411,1794,-1165,0,0
65,320,394,-1285,2086,-1181,0,0
-178,129,231,-1332,2618,-1230,0,0
-348,36,125,-1013,2949,-1818,0,0
-385,-160,42,-665,3345,-2026,0,0
-280,-97,66,-644,3476,-2169,0,0
-180,201,177,-234,3100,-2119,0,0
-132,382,135,75,2820,-1814,0,0
-51,327,61,263,2780,-1811,0,0
61,342,-51,355,2741,-2007,0,0
160,124,-118,345,2778,-2353,0,0
204,122,4,403,3347,-2413,0,0
235,343,278,214,4002,-3072,0,0
201,359,615,163,5127,-3404,0,0
268,-48,1007,-834,6244,-3566,0,0
430,447,1402,-1534,7073,-4082,0,0
614,729,1320,-1308,6238,-4062,0,0
796,542,604,-864,4785,-3263,0,0
949,469,-193,-517,3291,-1720,0,0
1160,-197,-946,199,1419,-678,0,0
1047,-1056,-1254,-76,141,-517,0,0
572,-921,-953,149,-549,57,0,0
154,-767,-583,17,-690,578,0,0
-74,-1049,-266,-494,-614,769,0,0
-214,-742,-118,-236,-777,393,0,0
-388,-784,-136,-319,-839,-496,0,0
-619,-137,0,-446,-19,-1593,0,0
-542,186,237,-619,1927,-2887,0,0
-528,372,109,58,3405,-3066,0,0
-551,389,-676,-1607,5197,-3504,0,0
-398,943,-1328,-2804,6180,-5841,0,0
-103,478,-948,-1691,6852,-5220,0,0
103,248,-380,-2544,6724,-4402,0,0
20,951,134,-3063,5969,-4902,0,0
-74,602,533,-2103,5275,-4467,0,0
-51,244,744,-1485,3967,-3353,0,0
13,686,811,-867,2589,-2578,0,0
181,175,612,-473,1687,-2034,0,0
220,-357,218,-567,1219,-1721,0,0
126,-205,-188,-590,1081,-1354,0,0
101,-561,-541,-493,905,-1216,0,0
49,-461,-658,-610,1031,-1318,0,0
26,-350,-487,-2736,1690,-1568,0,0
30,-445,-48,-827,3106,-2752,0,0
-4,-494,557,-920,5440,-4319,0,0
33,94,1335,-1373,7506,-5409,0,0
181,835,1904,-919,7324,-5963,0,0
382,725,1819,-251,5836,-5386,0,0
485,766,1308,355,4457,-4235,0,0
528,731,500,41,2830,-3340,0,0
581,-564,-229,-331,480,-2246,0,0
437,-1218,-565,-454,-886,-552,0,0
355,-252,-593,-152,-1494,299,0,0
171,-80,-600,34,-1574,574,0,0
-216,-465,-775,-338,-1095,846,0,0
-411,-392,-997,-196,-530,918,0,0
-393,-381,-1160,-109,-249,473,0,0
-577,-130,-1198,-278,-13,-454,0,0
-1109,-162,-991,-948,1120,-1329,0,0
-1341,-183,-591,-1248,3864,-2298,0,0
-875,-1107,-481,-939,7001,-3406,0,0
-284,-2281,111,-2406,7879,-4358,0,0
-132,-972,681,-2722,7584,-6192,0,0
-17,-146,530,-3323,7321,-5491,0,0
16,185,294,-3840,6136,-5751,0,0
70,1051,427,-2554,4714,-4077,0,0
222,1577,501,-1638,3502,-3003,0,0
276,957,439,-1331,2727,-1873,0,0
155,790,470,-765,2212,-1202,0,0
61,593,364,-312,2172,-1000,0,0
59,159,181,-180,2095,-1445,0,0
40,-63,31,-221,1847,-1581,0,0
69,-46,-36,-126,1740,-1399,0,0
198,-168,-70,-128,1709,-1616,0,0
235,-303,-62,-311,1858,-1763,0,0
173,-185,-12,-326,2131,-2053,0,0
93,-309,-57,-501,2624,-2397,0,0
-9,-256,-112,-777,3296,-3514,0,0
-169,41,-40,-943,4724,-4361,0,0
-110,252,303,-1097,5901,-5386,0,0
-83,885,727,-1006,6703,-5369,0,0
-24,847,957,-790,6795,-4572,0,0
88,755,692,-92,6062,-4061,0,0
216,437,146,246,4292,-2699,0,0
566,-268,-469,183,2070,-809,0,0
758,-1060,-770,-498,458,224,0,0
579,-1169,-364,-535,-425,304,0,0
210,-738,10,-45,-834,639,0,0
-32,-841,205,-456,-669,1238,0,0
-52,-1057,265,-453,-637,1071,0,0
-4,-1099,152,-340,-782,123,0,0
-177,-870,174,-514,-664,-1465,0,0
-444,-640,353,-764,659,-2062,0,0
-718,-18,345,-1339,2227,-3351,0,0
-919,466,-161,-1746,4635,-4236,0,0
-787,-215,-1054,-2660,5917,-5395,0,0
-609,-443,-727,-1838,7117,-4664,0,0
-313,506,-305,-1489,7597,-4052,0,0
-129,543,-143,-2084,6720,-3785,0,0
121,193,210,-2268,5544,-3442,0,0
233,654,500,-1693,4581,-3296,0,0
206,625,521,-1107,3726,-2789,0,0
110,521,347,-1020,2908,-2142,0,0
119,582,150,-755,2379,-1863,0,0
270,78,-40,-489,1965,-1845,0,0
309,-196,-104,-421,1592,-1536,0,0
293,-82,-47,-381,1333,-1021,0,0
287,-86,-33,-192,1179,-839,0,0
177,-245,-162,-306,1332,-1074,0,0
-34,-330,-288,-572,1618,-1374,0,0
-204,-310,-333,-728,2388,-1789,0,0
-298,-107,-294,-707,3343,-2962,0,0
-250,-130,-83,-1005,5324,-4280,0,0
-136,18,498,-1791,7713,-5445,0,0
125,363,1275,-1847,8498,-5555,0,0
465,872,1732,-1104,7039,-5884,0,0
451,870,1573,-437,5207,-4315,0,0
321,682,824,-103,3294,-2751,0,0
123,-214,-79,-521,1326,-2020,0,0
-204,-880,-481,-666,-453,-36,0,0
-111,-140,-666,-87,-1828,396,0,0
-90,-64,-801,-92,-2108,433,0,0
-206,-267,-903,-344,-1438,918,0,0
-154,-94,-1070,-158,-756,424,0,0
-84,87,-1166,-205,-331,-99,0,0
-99,-179,-915,-498,171,-243,0,0
-20,-413,-192,-734,1745,-844,0,0
92,-404,625,-9,3952,-1785,0,0
-31,-916,617,-897,6625,-2374,0,0
-164,-658,282,-2421,7484,-5367,0,0
-295,-434,139,-2453,6800,-6228,0,0
-327,178,170,-2065,6406,-4433,0,0
-83,870,11,-2597,6201,-5101,0,0
129,733,-73,-1766,5305,-5703,0,0
56,350,-4,-1093,4017,-3735,0,0
-73,300,146,-1073,3044,-1676,0,0
-140,592,255,-814,2322,-1080,0,0
-147,397,206,-324,1660,-1131,0,0
-116,-24,108,-132,1248,-1052,0,0
-58,-153,-20,-109,1028,-830,0,0
44,-349,-188,-187,1178,-933,0,0
48,-378,-318,-272,1350,-1244,0,0
-32,-446,-359,-342,1784,-1434,0,0
-142,-572,-419,-503,2497,-1901,0,0
-266,-498,-452,-1161,3719,-2788,0,0
-369,-366,-275,-1355,5192,-4084,0,0
-397,57,201,-1456,7020,-4948,0,0
-257,769,877,-1476,7875,-5339,0,0
-18,1014,1446,-1836,8025,-4497,0,0
405,1226,1590,-1565,7180,-4006,0,0
843,787,1092,-1161,5095,-3249,0,0
993,384,377,-670,2778,-1443,0,0
962,-51,-311,-107,664,299,0,0
687,-609,-621,16,-385,734,0,0
70,-706,-477,405,-1069,132,0,0
-455,-893,-392,193,-1139,655,0,0
-441,-1198,-293,-200,-789,1190,0,0
-163,-1160,-192,-68,-658,613,0,0
-73,-824,-166,-266,-643,-518,0,0
-204,-374,-101,-725,121,-1600,0,0
-317,127,-43,-1104,1553,-2489,0,0
-414,130,-246,-1502,3078,-2521,0,0
-222,615,-648,-2216,4897,-4124,0,0
-126,679,-1064,-2063,6666,-5360,0,0
103,320,-932,-1957,7986,-5024,0,0
268,-25,-486,-2202,7910,-4505,0,0
149,192,11,-2561,6766,-4542,0,0
154,398,467,-2462,5573,-4312,0,0
371,-75,820,-1605,4006,-3275,0,0
454,225,953,-960,2847,-2531,0,0
372,816,764,-391,1950,-2439,0,0
283,709,363,-464,1515,-2147,0,0
259,171,-50,-592,1184,-1691,0,0
226,-196,-357,-400,661,-1181,0,0
251,-25,-558,-214,562,-719,0,0
228,83,-653,-856,576,-1107,0,0
-40,99,-639,-820,946,-1588,0,0
-270,-371,-655,-728,1803,-1559,0,0
-406,-216,-541,-791,2642,-2417,0,0
-390,18,-355,-527,3841,-3199,0,0
-242,-163,-45,-479,4690,-4195,0,0
-208,73,247,-648,5389,-4451,0,0
-108,354,753,-638,6316,-5198,0,0
-73,285,1310,-492,6556,-4899,0,0
216,250,1776,-1651,6409,-4817,0,0
449,987,1994,-1273,5121,-5468,0,0
293,715,1518,-348,3757,-3950,0,0
145,443,590,-172,2217,-2671,0,0
-142,-461,-216,11,740,-1672,0,0
-430,-1134,-605,73,-341,-399,0,0
-196,-2136,-584,15,-724,-151,0,0
-29,72,-566,148,-846,415,0,0
-193,-505,-662,-521,-756,906,0,0
-341,-406,-774,-457,-648,420,0,0
-370,-89,-807,-447,-461,-93,0,0
-361,-75,-658,-375,156,-219,0,0
-189,-362,-65,-513,1714,-935,0,0
-145,154,362,503,3279,-2442,0,0
-402,-249,31,-2456,5925,-3175,0,0
-382,-1171,149,-1344,6973,-3819,0,0
-326,-578,294,-956,6424,-4150,0,0
-523,-103,-250,-1439,6244,-4840,0,0
-385,178,-535,-2180,5904,-4836,0,0
34,292,-377,-1926,5330,-4503,0,0
231,274,-16,-2164,4328,-3603,0,0
127,650,292,-1313,3529,-2178,0,0
100,458,302,-528,2837,-1619,0,0
115,172,179,-343,2441,-1562,0,0
92,141,38,-478,2261,-1480,0,0
48,-164,-68,-528,2109,-1373,0,0
4,-118,-112,-497,2176,-1420,0,0
-32,73,-120,-639,2292,-1804,0,0
-54,-89,-80,-487,2738,-2049,0,0
-93,-144,-51,-555,3277,-2285,0,0
-150,-59,40,-802,4353,-3057,0,0
-236,-9,247,-419,5489,-4261,0,0
-283,248,573,-632,7090,-4325,0,0
33,576,1026,-1121,7405,-4662,0,0
292,1022,1080,-274,6377,-4412,0,0
382,940,674,227,5048,-3019,0,0
503,500,-158,240,2688,-1447,0,0
1061,-852,-752,-1037,935,430,0,0
1284,-1204,-334,-349,-497,14,0,0
521,-635,15,307,-1276,868,0,0
-24,-311,24,-625,-870,1391,0,0
-30,-805,-59,-623,-783,102,0,0
-236,-626,-211,-106,-1225,-1456,0,0
-616,-556,-314,-287,-870,-1098,0,0
-632,82,-97,-246,430,-1512,0,0
-265,1031,104,-158,1970,-3205,0,0
-473,1192,68,-312,4027,-3338,0,0
-946,1158,-723,-889,5516,-3634,0,0
-827,437,-1257,-1392,7257,-4286,0,0
-324,357,-985,-1168,8452,-3938,0,0
100,395,-524,-1775,7244,-3987,0,0
247,601,111,-1116,6443,-3137,0,0
375,466,383,-807,5346,-3324,0,0
350,2,348,-832,3536,-2957,0,0
180,84,289,-644,2352,-1845,0,0
246,94,176,-339,1781,-1584,0,0
465,-162,-28,-150,1689,-1809,0,0
495,-326,-224,-581,1701,-1712,0,0
372,-199,-165,-619,1660,-1707,0,0
264,-197,-62,-197,1654,-1535,0,0
149,-415,-115,-491,1615,-1446,0,0
23,-349,-235,-544,1886,-1773,0,0
-83,-324,-434,-545,2148,-2278,0,0
-148,-303,-545,-752,2781,-2819,0,0
-165,-324,-435,-746,3932,-3209,0,0
-184,71,-66,-971,5092,-4456,0,0
-272,295,448,-1198,6151,-4667,0,0
-207,132,967,-1263,6296,-4572,0,0
21,619,1215,-1169,6210,-4836,0,0
328,585,1163,-899,5554,-4820,0,0
359,329,761,-587,4058,-4054,0,0
248,-179,123,-236,2006,-2160,0,0
197,-1160,-500,-379,518,-522,0,0
119,-873,-812,-639,-116,-603,0,0
45,-86,-717,-265,-648,-535,0,0
-216,-298,-515,-240,-664,251,0,0
-404,-351,-381,-283,-380,589,0,0
-415,-128,-251,-21,-318,291,0,0
-389,-88,-135,50,-171,-59,0,0
-339,-272,61,-402,541,-425,0,0
-316,-31,288,-1141,2047,-1750,0,0
-274,-476,322,-855,3702,-2405,0,0
-367,-1306,240,-1261,6228,-2470,0,0
-340,-1155,140,-3123,7938,-4619,0,0
-512,-774,124,-2496,7278,-4835,0,0
-472,-311,-159,-1615,6548,-4059,0,0
-61,409,-532,-2729,6544,-5213,0,0
178,324,-174,-1932,5192,-4415,0,0
274,593,343,-930,3427,-2017,0,0
398,944,491,-793,2456,-785,0,0
473,527,389,-716,2020,-1014,0,0
334,128,195,-468,1887,-1347,0,0
123,-38,12,-593,1812,-1178,0,0
35,-158,-32,-741,1687,-1223,0,0
41,-52,-41,-744,1653,-1475,0,0
40,10,-31,-945,1822,-1859,0,0
-10,40,-14,-974,2587,-2257,0,0
-110,91,-14,-1184,3809,-3518,0,0
-226,369,227,-1432,6311,-5085,0,0
-200,401,781,-794,7374,-5266,0,0
-11,1154,962,-687,7164,-4521,0,0
263,1567,677,-678,6006,-4051,0,0
471,770,18,-424,4298,-3214,0,0
718,-384,-688,-641,2393,-1321,0,0
830,-585,-821,-492,658,452,0,0
433,-753,-168,202,-316,617,0,0
-226,-385,342,325,-615,418,0,0
-648,-128,388,26,-587,588,0,0
-637,-664,266,42,-729,498,0,0
-505,-451,-19,138,-977,-458,0,0
-408,-415,-335,-156,-849,-962,0,0
-416,-432,-417,-957,417,-1266,0,0
-251,236,-352,-1200,1911,-2357,0,0
-344,134,-406,-1000,4474,-3101,0,0
-464,402,-1036,-2839,7252,-5057,0,0
-327,115,-882,-2103,7316,-5157,0,0
6,422,-336,-1127,7292,-3791,0,0
170,941,-184,-2218,6743,-4065,0,0
92,936,204,-1816,6211,-3373,0,0
-2,497,305,-985,5162,-2900,0,0
-120,381,242,-395,3795,-2310,0,0
-139,499,128,-268,2753,-1673,0,0
-9,233,-110,-394,2267,-1479,0,0
117,-289,-355,-532,1977,-1321,0,0
111,-257,-493,-721,1678,-1220,0,0
128,-253,-528,-723,1329,-1128,0,0
170,-444,-484,-852,1410,-1013,0,0
186,-217,-258,-1074,1679,-1137,0,0
199,-258,-43,-1081,2276,-1599,0,0
137,-331,146,-1312,3466,-2771,0,0
89,-360,498,-1577,5748,-4111,0,0
172,117,1026,-1410,7760,-5003,0,0
518,219,1504,-1329,7881,-5803,0,0
815,-306,1570,-1317,6820,-5347,0,0
736,379,1307,-2984,5469,-4128,0,0
575,1031,622,417,3090,-3488,0,0
437,18,-314,42,683,-2167,0,0
255,-674,-662,-1048,-338,-358,0,0
313,-249,-638,-843,-1128,-125,0,0
155,177,-475,-402,-1364,370,0,0
-139,-44,-286,-330,-869,806,0,0
-235,-479,-268,-166,-619,814,0,0
-313,-225,-311,-86,-599,388,0,0
-360,-199,-220,-215,-250,84,0,0
-339,-662,64,-559,460,-481,0,0
-383,-1009,498,-274,2462,-1204,0,0
-629,-853,639,-491,4370,-2360,0,0
-1081,-1028,332,-1969,6675,-3652,0,0
-1257,-755,10,-2019,6939,-4972,0,0
-820,-234,-85,-1320,7117,-4314,0,0
-116,534,-271,-1566,7038,-5182,0,0
236,175,-445,-2243,6441,-5193,0,0
212,-224,-260,-2045,5152,-3102,0,0
94,570,-3,-1131,3679,-1776,0,0
74,1025,82,-571,3036,-1359,0,0
98,510,-51,-584,2585,-1325,0,0
112,72,-200,-803,2399,-1505,0,0
108,-335,-210,-886,2422,-1274,0,0
81,-186,-91,-956,2192,-1264,0,0
74,70,76,-776,2071,-1668,0,0
136,-203,115,-829,2209,-1690,0,0
84,-119,122,-1120,2591,-2066,0,0
18,60,139,-822,3081,-2458,0,0
5,-203,-30,-1084,4032,-2909,0,0
-31,-9,-83,-1436,4956,-3720,0,0
-11,135,265,-1486,6089,-4113,0,0
-115,760,841,-1527,6564,-4697,0,0
-274,803,1275,-1149,6636,-3584,0,0
-71,732,1286,-553,6015,-3263,0,0
169,669,800,-669,5086,-3335,0,0
313,318,296,-594,3651,-2625,0,0
593,-504,-256,-398,1885,-132,0,0
809,-335,-673,-736,102,791,0,0
621,-436,-555,-414,-1149,-371,0,0
204,-2272,-227,9,-1285,-5,0,0
-52,401,17,-227,-868,912,0,0
87,190,105,-432,-628,513,0,0
257,194,0,-321,-217,-1122,0,0
111,657,-94,-1439,1699,-2931,0,0
-106,637,-575,-802,4105,-4783,0,0
232,187,-1580,551,6821,-4758,0,0
1247,-383,-2533,-1599,5919,-6054,0,0
1536,-1252,-2207,-2824,3913,-6005,0,0
589,-496,-798,-933,2979,-2690,0,0
-26,1071,150,-159,2010,-1156,0,0
-163,1246,442,-534,1848,-1692,0,0
-330,942,311,-385,2269,-2351,0,0
-320,268,-351,-518,2539,-3369,0,0
-220,-386,-827,-937,2737,-3797,0,0
24,-1009,-615,-1243,3117,-2304,0,0
317,-440,-52,-1295,2698,-2255,0,0
348,164,278,-968,2431,-3108,0,0
50,136,251,-1466,2390,-3307,0,0
-199,-55,219,-1664,2417,-3115,0,0
-204,-225,201,-1249,2419,-3176,0,0
-188,-171,177,-1238,2215,-3066,0,0
-134,-154,119,-1100,2185,-2607,0,0
-6,-351,-17,-1150,2393,-2588,0,0
-70,-240,-245,-794,1764,-2182,0,0
-135,-278,-191,-556,1183,-1460,0,0
-143,-139,6,-397,977,-1022,0,0
-180,135,261,-507,1234,-1410,0,0
-368,342,454,-1707,2889,-2838,0,0
-423,-71,742,-2240,5327,-4700,0,0
-480,426,1176,-1532,6626,-6025,0,0
-332,804,1181,-1378,6949,-5786,0,0
167,-1,845,-1237,5975,-5187,0,0
346,110,289,-979,4696,-3976,0,0
364,39,-352,-852,2580,-2927,0,0
402,-1012,-892,-999,764,-1966,0,0
612,-1144,-820,-742,-31,-671,0,0
894,-328,-384,-1050,-753,-500,0,0
736,89,-55,-889,-584,-801,0,0
210,449,4,-145,-177,-451,0,0
-180,781,-129,313,90,49,0,0
-376,544,-145,222,-53,91,0,0
-535,870,-79,454,810,-611,0,0
-554,1040,-106,-591,2089,-2690,0,0
-631,-95,-25,-510,4054,-2912,0,0
-455,-1149,366,-1248,5391,-3274,0,0
-370,-314,642,-1210,5055,-4844,0,0
-720,140,309,-923,5580,-5538,0,0
-659,-464,-219,-1479,5435,-5164,0,0
-307,-17,-371,-1777,5143,-5158,0,0
-5,481,-313,-1620,4575,-4898,0,0
79,211,-270,-1145,3744,-3185,0,0
154,251,-279,-727,2640,-1873,0,0
344,294,-308,-750,1826,-1569,0,0
415,-78,-271,-835,1450,-1722,0,0
174,-113,-250,-1244,1796,-2209,0,0
-153,-128,-87,-1791,2641,-3004,0,0
-315,134,354,-1388,4404,-3926,0,0
-350,163,811,-1534,5224,-4775,0,0
-620,979,1054,-1908,4832,-4086,0,0
-638,1241,553,-899,5613,-4804,0,0
-375,354,278,-84,6287,-5120,0,0
-156,465,354,156,5497,-3335,0,0
254,417,-34,254,2755,-1743,0,0
843,-2252,-119,6,-29,27,0,0
663,-2331,588,176,-1049,660,0,0
200,1108,784,747,-448,866,0,0
271,584,629,-885,-223,1001,0,0
241,-799,309,-1001,-1155,149,0,0
-152,-572,21,-588,-1734,-769,0,0
-515,-224,-56,-661,-1253,-320,0,0
-590,-177,40,-183,-143,-761,0,0
-352,210,-94,391,2270,-2279,0,0
-417,319,-474,333,4739,-2888,0,0
-297,-381,-1059,-994,5834,-4661,0,0
-87,471,-868,-604,6570,-5023,0,0
119,1281,-478,343,7115,-4092,0,0
198,768,-307,-626,6639,-4699,0,0
28,284,-18,-923,6201,-4065,0,0
-19,448,135,-626,5765,-3932,0,0
71,-44,109,-674,4698,-3629,0,0
172,-150,229,-910,3249,-2895,0,0
264,221,412,-459,2362,-2580,0,0
308,-227,346,-250,1653,-2334,0,0
202,-263,184,-733,1299,-1743,0,0
103,4,21,-542,1033,-1462,0,0
97,-245,-191,-442,741,-1257,0,0
80,-200,-333,-491,678,-1202,0,0
44,-215,-437,-732,983,-1537,0,0
-140,-284,-504,-1209,2271,-2470,0,0
-174,-640,-306,-1325,5344,-3940,0,0
96,174,437,-1448,7992,-6303,0,0
172,1814,1206,-695,7960,-6084,0,0
312,1437,1462,248,6364,-4888,0,0
292,470,1237,992,4521,-3957,0,0
-32,71,408,927,2570,-2843,0,0
-88,-1006,-771,135,841,-1862,0,0
169,-1349,-1132,-239,195,-1124,0,0
368,-605,-754,-731,-57,-482,0,0
231,290,-231,-878,-219,-439,0,0
-44,415,134,-321,-124,-122,0,0
-259,351,288,275,-555,-10,0,0
-374,479,201,-47,-847,87,0,0
-436,379,2,-250,-829,186,0,0
-345,115,27,198,814,-189,0,0
-209,-520,297,277,2945,-2762,0,0
-552,-737,474,-190,5392,-2673,0,0
-639,-546,540,-751,6103,-4334,0,0
-606,-291,232,224,5959,-5162,0,0
-490,17,-71,831,5959,-4663,0,0
53,624,-370,713,5580,-5355,0,0
413,68,-328,-95,4755,-4813,0,0
220,211,-269,-422,3969,-3168,0,0
-45,474,-240,-258,3370,-1992,0,0
-3,34,-164,-26,2950,-1900,0,0
72,-254,-145,-41,2726,-2073,0,0
94,-186,-92,-145,2555,-2215,0,0
64,-209,-11,-157,2724,-2235,0,0
-37,-216,93,-290,3269,-2801,0,0
-246,198,269,-272,3961,-3504,0,0
-348,283,431,-184,4626,-3769,0,0
-210,238,618,-63,5044,-3979,0,0
-95,500,677,-9,5555,-4121,0,0
-4,690,456,235,5444,-4311,0,0
110,418,6,577,4937,-3052,0,0
469,-376,-762,75,3469,-1450,0,0
965,-834,-1400,-575,1266,-1352,0,0
913,-1292,-1046,-370,292,-1022,0,0
550,-1013,-203,214,-259,180,0,0
262,-85,335,-154,-399,733,0,0
21,44,652,-218,-123,203,0,0
-192,-139,546,4,-114,-725,0,0
-506,-79,341,-142,-399,-1061,0,0
-709,436,313,-172,84,-672,0,0
-566,665,344,-30,1533,-1595,0,0
-451,440,165,-497,2595,-2829,0,0
-650,243,-23,-399,4949,-2207,0,0
-265,-275,-399,-596,5718,-4244,0,0
207,26,-78,348,6215,-4526,0,0
340,341,203,848,6453,-3735,0,0
233,593,398,467,5841,-3917,0,0
-66,974,596,1105,5443,-3807,0,0
-211,786,531,1350,4504,-3170,0,0
-113,234,242,837,3594,-3013,0,0
67,-135,-21,415,2917,-3061,0,0
287,-313,-189,263,2205,-2561,0,0
438,-241,-227,69,1766,-2042,0,0
445,-94,-243,-372,1641,-2109,0,0
297,-120,-269,-469,2011,-2235,0,0
93,-276,-287,-502,3106,-2610,0,0
18,-265,-68,-261,4720,-3737,0,0
68,-171,485,-106,6847,-4330,0,0
247,134,1107,466,6522,-5023,0,0
280,293,1193,1080,5602,-4298,0,0
247,527,814,1006,3968,-3475,0,0
71,190,69,1114,1834,-2630,0,0
-34,-791,-833,127,-4,-676,0,0
149,-1212,-1194,-467,-1091,-318,0,0
123,-463,-1164,-262,-1261,-600,0,0
125,-138,-1046,-808,-682,-107,0,0
219,-563,-896,-734,-80,251,0,0
240,-641,-732,-52,71,345,0,0
146,-409,-610,148,63,132,0,0
-180,-162,-292,-155,818,-687,0,0
-451,-234,412,-386,2729,-2355,0,0
-488,3,924,579,4034,-3479,0,0
-382,-1011,728,-968,5834,-2490,0,0
-261,-677,378,-1749,5247,-5160,0,0
-686,-222,-307,-327,5046,-5429,0,0
-560,-188,-631,-685,5683,-5222,0,0
-6,-320,-622,-1812,5864,-6153,0,0
-89,153,-131,-1825,5107,-4963,0,0
-320,708,328,-1073,4043,-2589,0,0
-227,908,457,-459,3050,-1764,0,0
-53,566,432,-117,2261,-1680,0,0
-23,279,252,-355,1862,-1500,0,0
-77,-18,41,-612,1615,-1314,0,0
-70,-278,-98,-346,1662,-1058,0,0
-15,-278,-180,-297,2000,-1435,0,0
4,-58,-226,-437,3096,-2363,0,0
11,97,-97,-435,4819,-3691,0,0
-24,618,149,-877,6369,-4710,0,0
23,921,448,-1370,6983,-5028,0,0
139,681,938,-724,6401,-4644,0,0
205,899,960,223,5675,-3916,0,0
276,1288,299,439,4532,-3940,0,0
348,707,-443,-373,2858,-3003,0,0
418,-347,-592,-825,1391,-1110,0,0
392,-1248,-74,-170,780,115,0,0
328,-668,473,261,130,663,0,0
290,399,660,144,-389,318,0,0
53,-188,595,-621,-864,347,0,0
-271,-429,429,-544,-1200,519,0,0
-523,-338,306,-248,-1222,95,0,0
-701,-488,310,-107,-921,-257,0,0
-741,-224,204,71,386,-918,0,0
-688,38,-356,-75,3010,-2510,0,0
-487,-659,-1341,-688,6002,-3696,0,0
174,-612,-1442,-732,7384,-6029,0,0
499,592,-439,935,7194,-5532,0,0
384,345,-39,30,7245,-3187,0,0
146,69,231,-816,6340,-4036,0,0
-97,130,519,217,5196,-4142,0,0
-87,293,587,323,4183,-3161,0,0
24,549,550,-246,3174,-3181,0,0
37,418,399,67,2493,-2647,0,0
123,37,135,169,2077,-2059,0,0
242,10,-72,-56,1900,-1965,0,0
299,-116,-149,-202,1746,-1580,0,0
299,-171,-151,-255,1495,-1244,0,0
241,-130,-162,-418,1430,-1447,0,0
107,-174,-195,-491,1864,-1895,0,0
24,-226,-209,-5,3231,-2917,0,0
57,-94,91,692,5533,-4322,0,0
146,-136,498,564,7280,-5535,0,0
298,14,865,402,7352,-6011,0,0
382,269,967,920,5672,-7656,0,0
147,-16,411,187,3187,-4391,0,0
-188,-961,-347,-1158,1158,-2655,0,0
-491,-1500,-586,-760,33,-55,0,0
-611,-1071,-548,-355,-938,445,0,0
-790,248,-623,59,-1597,-75,0,0
-811,401,-896,195,-1065,666,0,0
-487,110,-1189,-21,-421,304,0,0
-87,284,-1237,-220,-87,-344,0,0
148,6,-887,-329,414,-25,0,0
456,-522,-100,-409,2291,-729,0,0
633,-68,823,-298,4128,-3502,0,0
-112,-159,1049,-673,6685,-3033,0,0
-549,-691,824,-1938,6910,-4442,0,0
-795,-473,596,-803,5923,-4723,0,0
-579,546,382,-108,5879,-4238,0,0
72,779,20,-694,5224,-5082,0,0
240,244,93,-825,4352,-3878,0,0
118,172,295,-482,3398,-2395,0,0
38,284,325,-287,2855,-1283,0,0
109,407,279,-57,2689,-1374,0,0
138,439,117,-164,2811,-1700,0,0
108,30,-34,-301,2862,-1765,0,0
81,-422,-113,-220,2493,-1622,0,0
35,-294,-171,-180,2136,-1490,0,0
44,-207,-289,-129,2107,-1784,0,0
34,-291,-478,-269,2727,-2562,0,0
79,-25,-524,-436,4145,-3921,0,0
238,194,-222,-191,5471,-4743,0,0
394,285,179,-650,6470,-5015,0,0
362,1124,548,-1254,6331,-5680,0,0
110,1358,621,-607,5477,-4397,0,0
58,1060,270,-9,4721,-2945,0,0
123,860,-404,153,3029,-2123,0,0
283,-60,-927,-292,1279,-1467,0,0
354,-733,-694,-602,715,37,0,0
291,-83,-3,-244,27,396,0,0
135,111,399,-114,-378,316,0,0
-89,-349,460,-310,-580,545,0,0
-251,-360,372,-205,-639,298,0,0
-304,-430,318,-364,-714,-417,0,0
-412,-326,410,-277,-313,-605,0,0
-381,52,405,-41,935,-1620,0,0
-388,-175,-17,154,3269,-2645,0,0
-429,-958,-785,-790,5590,-3932,0,0
-308,-818,-1061,-1205,7080,-5683,0,0
-18,50,-507,134,7797,-5623,0,0
228,-159,-82,-557,7649,-4786,0,0
140,-252,547,-1059,6271,-4180,0,0
-64,191,940,-362,4687,-3310,0,0
-73,511,875,-291,3408,-2888,0,0
40,436,629,-463,2550,-2469,0,0
143,425,373,-117,1950,-2010,0,0
193,331,54,140,1554,-1608,0,0
229,28,-253,-128,1336,-1248,0,0
262,-204,-398,-131,1320,-1145,0,0
215,-85,-477,-166,1379,-1116,0,0
162,-157,-534,-289,1690,-1421,0,0
72,-280,-534,-307,2373,-2054,0,0
-64,-253,-419,-535,3490,-3043,0,0
-139,51,-68,-200,5290,-4326,0,0
-160,58,443,-71,6777,-5193,0,0
-114,283,911,190,7793,-5115,0,0
98,281,1112,527,7220,-4727,0,0
209,389,926,288,5106,-4701,0,0
-165,748,320,-24,2830,-4074,0,0
-473,-783,-389,30,943,-1641,0,0
-472,-1571,-623,-709,-358,218,0,0
-55,-2080,-417,-599,-1252,-17,0,0
111,331,-188,97,-1293,197,0,0
46,-373,-306,-87,-500,794,0,0
46,-294,-517,-293,-40,314,0,0
28,92,-609,-249,-264,-2496,0,0
-36,-215,-454,-143,141,-79,0,0
50,-628,8,-449,1777,-816,0,0
-170,-287,238,-133,3909,-2301,0,0
-699,-1162,6,-1204,7325,-2664,0,0
-728,-1523,89,-2442,7638,-4586,0,0
-704,-1068,158,-1084,6986,-4115,0,0
-182,200,-28,-622,6742,-4926,0,0
387,415,-225,-1379,5932,-5892,0,0
387,-250,-7,-1508,4598,-3663,0,0
338,-31,227,-1467,3472,-1728,0,0
318,442,458,-1044,2660,-1410,0,0
190,525,615,-448,2069,-1365,0,0
75,348,540,-174,1841,-1155,0,0
24,-7,290,-197,1625,-1048,0,0
-32,-185,-2,-175,1624,-1163,0,0
-104,-219,-248,-215,1785,-1479,0,0
-121,-232,-388,-268,2400,-1879,0,0
-94,-106,-447,-579,3884,-3090,0,0
-20,-27,-259,-688,5827,-5118,0,0
-47,473,123,-852,7562,-5245,0,0
153,645,504,-1675,7685,-4549,0,0
437,1081,600,-1199,6285,-4475,0,0
507,1506,250,-290,5099,-3516,0,0
488,1765,-363,327,3283,-2487,0,0
579,234,-690,-488,1349,-1008,0,0
627,-651,-313,-956,175,61,0,0
430,88,280,-159,-614,524,0,0
180,330,464,88,-725,1111,0,0
71,-529,401,-253,-734,1149,0,0
-10,-726,223,-96,-806,775,0,0
-123,-618,-21,-295,-873,-67,0,0
-284,-227,-138,-868,-165,-1149,0,0
-345,270,-167,-548,1095,-2491,0,0
-424,-202,-314,297,3496,-2484,0,0
-304,-494,-952,-1062,5881,-3959,0,0
-175,548,-772,-1244,7219,-7595,0,0
-368,699,-92,559,8132,-6054,0,0
-310,-585,161,-18,7528,-4030,0,0
-219,-325,435,-887,5645,-3969,0,0
-228,432,430,-595,4269,-3615,0,0
-133,266,368,-669,3346,-2693,0,0
5,338,370,-619,2685,-2001,0,0
63,726,230,-255,2112,-1708,0,0
136,331,1,-321,1646,-1324,0,0
187,-16,-161,-305,1435,-1162,0,0
144,-52,-296,-257,1288,-1130,0,0
51,-178,-390,-399,1418,-1087,0,0
-10,-226,-406,-423,1800,-1241,0,0
-23,-348,-408,-402,2602,-1993,0,0
27,-385,-239,-309,4299,-3489,0,0
95,-416,163,-91,6164,-4834,0,0
201,-231,680,-2376,7739,-5177,0,0
354,-113,1012,-465,7561,-5205,0,0
369,195,951,120,5820,-5091,0,0
234,582,481,479,3623,-4815,0,0
192,569,-269,-47,1367,-3090,0,0
519,-929,-801,-987,28,-350,0,0
644,-1248,-962,-1332,-993,854,0,0
311,514,-758,-766,-1366,906,0,0
-187,266,-492,-402,-855,1092,0,0
-569,-808,-283,-282,-228,1211,0,0
-708,-630,-126,179,-117,667,0,0
-644,-39,-23,-174,351,-619,0,0
-514,-167,227,-653,2069,-2244,0,0
-278,-1003,147,60,4214,-2595,0,0
55,-1212,56,-1257,6320,-3567,0,0
36,-735,497,-1884,6444,-4641,0,0
-568,-2448,577,-1094,6451,-4185,0,0
-669,154,354,-1526,6717,-5050,0,0
-278,47,191,-1670,6247,-4947,0,0
37,163,348,-1324,5086,-4000,0,0
52,766,508,-572,4098,-2632,0,0
114,1086,447,-284,3297,-1676,0,0
278,626,274,-136,2450,-1495,0,0
319,-38,54,-173,1962,-1297,0,0
196,-191,-113,-382,1686,-1038,0,0
88,87,-223,-41,1709,-820,0,0
92,81,-361,-64,1668,-1086,0,0
61,-114,-405,-391,1923,-1728,0,0
33,-202,-271,-681,2848,-2409,0,0
4,-52,23,-661,3945,-3571,0,0
-42,181,210,-577,5221,-3984,0,0
79,309,349,-1180,6179,-4772,0,0
190,864,565,-839,6325,-5250,0,0
226,1282,619,-381,6057,-4422,0,0
309,1604,323,138,5456,-3465,0,0
613,1119,-324,488,3839,-2620,0,0
976,89,-912,261,1829,-1643,0,0
872,-550,-720,-961,550,-597,0,0
545,136,-28,135,-63,293,0,0
150,115,207,-123,-449,971,0,0
-238,62,388,-218,-709,671,0,0
-468,-93,384,-18,-799,113,0,0
-629,-190,336,-299,-781,-252,0,0
-733,89,435,-220,102,-733,0,0
-676,331,401,386,1483,-2244,0,0
-795,129,37,599,3875,-2216,0,0
-774,-249,-647,11,6029,-3410,0,0
-426,-49,-644,191,6702,-5152,0,0
-24,594,-218,1205,6714,-4499,0,0
325,16,227,525,5666,-3573,0,0
224,10,531,295,4894,-2874,0,0
13,52,376,521,4842,-2973,0,0
-89,-130,102,359,4709,-3272,0,0
-96,-127,-43,338,4244,-3166,0,0
45,39,-59,328,3567,-2613,0,0
186,42,-44,249,2754,-2029,0,0
215,-199,-194,25,2114,-1505,0,0
244,-248,-329,-253,1905,-1422,0,0
270,-37,-348,-272,1774,-1793,0,0
279,-73,-266,-123,1961,-1715,0,0
262,-154,-143,-186,2138,-1662,0,0
176,-80,-71,-194,2738,-2257,0,0
12,-38,55,196,4011,-3399,0,0
-74,-69,323,549,5930,-4499,0,0
-7,3,754,710,6571,-4897,0,0
50,133,860,680,6284,-4741,0,0
-7,236,510,468,5026,-4393,0,0
-83,-95,-61,556,2890,-3131,0,0
-61,-808,-642,393,1010,-1332,0,0
53,-1016,-682,-422,405,-155,0,0
119,-416,-394,-665,-414,-323,0,0
-143,95,-108,-312,-682,-47,0,0
-372,-136,-51,7,-701,394,0,0
-406,-124,-129,-165,-654,-13,0,0
-351,-24,-233,-310,-428,-112,0,0
-195,-225,-315,-438,849,-318,0,0
42,-154,-446,-747,2061,-2027,0,0
50,-268,-680,-284,3988,-2183,0,0
-6,-1128,-397,-1356,6753,-2850,0,0
18,-896,122,-1826,6719,-4241,0,0
-202,-680,456,-586,6080,-4105,0,0
-226,-218,408,-421,5994,-4122,0,0
86,78,128,-1161,5928,-5132,0,0
286,-9,195,-1168,5047,-4652,0,0
236,170,287,-2400,3997,-3058,0,0
190,572,144,5,3375,-2133,0,0
342,504,5,96,2741,-2035,0,0
437,147,-143,-335,2234,-1807,0,0
387,-74,-245,-845,1908,-1608,0,0
272,-327,-301,-1125,1722,-1549,0,0
78,28,-314,-1222,2321,-2338,0,0
-45,50,-204,-1165,3371,-3429,0,0
-52,345,141,-966,4340,-6560,0,0
-12,615,493,-887,5541,-4610,0,0
-4,873,763,-733,5690,-4867,0,0
-176,1091,661,-170,5543,-4422,0,0
-374,872,185,353,4774,-3539,0,0
-375,882,-393,353,3369,-2122,0,0
-88,-280,-790,-512,1285,-276,0,0
-28,-1073,-616,-758,4,391,0,0
-185,-2248,-189,360,-883,256,0,0
-246,-166,33,310,-1085,1099,0,0
-236,-520,188,-256,-790,1102,0,0
-234,-441,150,-294,-643,301,0,0
-296,-558,58,-357,-413,-435,0,0
-445,-413,22,-481,910,-1450,0,0
-380,-382,-48,-939,2592,-2436,0,0
-166,20,-175,-1002,4684,-3057,0,0
161,-143,-788,-1726,6428,-4914,0,0
257,-182,-800,-1417,7762,-5759,0,0
352,183,-434,-765,8514,-4743,0,0
377,18,-86,-1192,7736,-3953,0,0
370,-96,282,-1260,5745,-3866,0,0
264,94,498,-1010,3747,-3413,0,0
13,397,532,-728,2603,-2381,0,0
-97,443,362,-338,1866,-1731,0,0
-30,216,62,-316,1558,-1662,0,0
90,109,-137,-385,1575,-1569,0,0
118,23,-174,-320,1587,-1276,0,0
93,-26,-171,-311,1749,-1050,0,0
60,-66,-176,-334,1815,-1156,0,0
-3,21,-170,-418,1952,-1552,0,0
-92,-92,-144,-268,2287,-1888,0,0
-170,-220,-148,-413,3200,-2432,0,0
-280,-149,-50,-682,4396,-3273,0,0
-281,202,215,-522,5507,-3919,0,0
-57,267,439,-804,6517,-4427,0,0
166,342,689,-936,6515,-4677,0,0
225,664,796,-635,5943,-4605,0,0
177,698,657,-301,5071,-4096,0,0
179,289,146,158,3494,-3092,0,0
235,-721,-587,-392,1665,-1533,0,0
102,-1061,-1058,-962,518,-652,0,0
92,-549,-1094,-847,-17,-367,0,0
101,-338,-876,-455,-532,234,0,0
-57,-99,-522,-323,-637,651,0,0
-155,-111,-302,-169,-454,414,0,0
-227,-115,-167,-300,-76,108,0,0
-264,-186,67,-372,455,-341,0,0
-212,-131,497,-560,1812,-1279,0,0
-146,38,734,-775,3387,-2491,0,0
-232,-768,738,-572,5789,-2241,0,0
-102,-1345,961,-1439,6497,-3164,0,0
-198,-506,911,-877,6259,-3920,0,0
-175,-5,331,-930,6309,-5019,0,0
185,-119,-10,-1152,5532,-5428,0,0
383,-58,131,-1063,5234,-3961,0,0
417,253,204,-999,4640,-3243,0,0
338,387,242,-851,4042,-2747,0,0
192,577,262,-334,3386,-2436,0,0
38,539,169,37,2682,-2245,0,0
-73,103,32,-108,2135,-1737,0,0
-135,-147,-126,-103,1694,-1206,0,0
-128,-291,-345,-201,1404,-1161,0,0
-174,-451,-536,-575,1420,-1297,0,0
-266,-177,-600,-628,1743,-1580,0,0
-255,-65,-585,-671,2855,-2307,0,0
-161,160,-285,-750,4324,-3695,0,0
-76,822,129,-665,5303,-4224,0,0
144,1034,402,-1128,6349,-4283,0,0
517,1254,619,-1201,6793,-4745,0,0
584,1635,669,-366,6439,-4248,0,0
465,1486,301,561,5323,-3221,0,0
396,804,-487,172,3366,-1990,0,0
481,-521,-1078,-1060,1051,-967,0,0
599,-1118,-860,-809,252,-527,0,0
423,-367,-285,332,-366,-119,0,0
116,-158,-14,-117,-708,716,0,0
-119,-221,204,-530,-740,1022,0,0
-257,-365,295,84,-902,511,0,0
-389,-634,154,-33,-936,-297,0,0
-540,-277,29,-351,-297,-990,0,0
-407,116,-29,-416,1636,-1744,0,0
-150,-66,-93,54,3922,-3055,0,0
-288,-61,-617,-617,5940,-3965,0,0
-85,-441,-988,-2018,7182,-5281,0,0
263,-157,-527,-1303,8113,-6119,0,0
314,-160,-231,-1281,7818,-5787,0,0
278,-234,150,-1873,6227,-4447,0,0
283,-133,629,-1730,4440,-3653,0,0
172,-4,794,-1110,2798,-2989,0,0
75,187,619,-746,1761,-2380,0,0
16,450,267,-610,1173,-1932,0,0
68,204,-54,-479,841,-1483,0,0
111,-34,-269,-301,671,-1185,0,0
10,-48,-426,-278,838,-915,0,0
-163,-228,-506,-436,1165,-892,0,0
-340,-289,-458,-400,1981,-1317,0,0
-523,-251,-285,-609,3022,-2096,0,0
-606,-28,5,-637,4171,-2709,0,0
-533,-97,208,-674,4899,-3324,0,0
-349,6,427,-988,5819,-3669,0,0
-66,366,558,-1218,6710,-4356,0,0
313,395,805,-1187,7074,-4784,0,0
559,584,1031,-738,6183,-4531,0,0
586,640,786,-704,5126,-4229,0,0
405,583,291,-145,3477,-3399,0,0
146,-223,-364,-16,1488,-1447,0,0
8,-1050,-928,-946,80,-300,0,0
151,-614,-1029,-1209,-563,-935,0,0
144,59,-764,-586,-759,-538,0,0
-28,127,-406,-402,-716,543,0,0
-90,-14,-196,-337,-570,746,0,0
-224,148,-105,-167,-481,92,0,0
-485,169,-35,-244,-112,-264,0,0
-559,-18,360,-370,1330,-474,0,0
-473,-15,838,730,2871,-2038,0,0
-469,-517,681,213,5750,-1864,0,0
-147,-839,542,-1036,6812,-3722,0,0
-20,-751,337,-526,5688,-4776,0,0
-73,-522,-34,-697,5904,-4206,0,0
-12,-222,-457,-1771,5542,-4711,0,0
-32,-28,-473,-1708,4955,-4517,0,0
-78,220,-154,-1207,4342,-3664,0,0
-104,283,-9,-937,3638,-2517,0,0
-98,126,30,-763,2904,-1764,0,0
-7,116,36,-579,2709,-1582,0,0
104,-16,-15,-487,2628,-2042,0,0
107,-119,28,-598,2822,-2096,0,0
86,-122,131,-771,3212,-2154,0,0
14,-111,215,-972,3607,-2764,0,0
-128,19,328,-925,3959,-2993,0,0
-239,285,406,-826,4739,-3580,0,0
-369,615,581,-713,5491,-4214,0,0
-420,895,765,-49,6158,-4131,0,0
-184,1129,621,337,6464,-3555,0,0
242,1153,134,174,5607,-3445,0,0
564,442,-331,58,3873,-2265,0,0
765,-411,-607,-135,1943,29,0,0
906,-877,-684,-302,24,1435,0,0
610,-637,-479,342,-1310,657,0,0
-41,-296,-491,304,-1660,489,0,0
-504,-361,-523,-242,-1353,1229,0,0
-492,-470,-453,-185,-1030,975,0,0
-351,-708,-379,-407,-679,-599,0,0
-449,-224,-87,-1462,231,-1435,0,0
-431,291,271,-1287,2353,-1763,0,0
-140,306,126,-1180,4958,-3049,0,0
-29,355,-457,-2578,6210,-4848,0,0
103,274,-762,-1839,7827,-5225,0,0
578,382,-478,-826,7954,-5294,0,0
746,436,-73,-1277,7227,-4326,0,0
580,493,349,-1401,5896,-3617,0,0
440,636,551,-1001,4242,-3587,0,0
298,362,524,-736,2792,-2748,0,0
103,482,427,-428,1739,-2082,0,0
38,290,241,-221,1574,-1689,0,0
127,-157,177,-370,1746,-1897,0,0
144,-202,233,-98,1887,-1859,0,0
80,-108,260,-508,1969,-1827,0,0
-43,3,301,-175,2115,-2003,0,0
-162,-140,252,164,2218,-1935,0,0
-201,-164,113,36,2385,-1951,0,0
-165,-144,-24,-63,2545,-2476,0,0
-142,-114,-84,-32,2700,-2608,0,0
-88,-151,-37,-39,3134,-2809,0,0
-62,52,143,-194,4185,-3640,0,0
-124,269,456,21,5855,-4418,0,0
22,286,788,143,6886,-4957,0,0
249,297,847,-123,5919,-5106,0,0
279,458,558,388,4489,-6552,0,0
254,54,-9,490,3229,-3011,0,0
279,-678,-684,-51,1543,-1790,0,0
178,-1598,-1156,-729,404,-337,0,0
135,-1176,-1108,-816,-397,-123,0,0
64,-194,-803,-389,-908,-148,0,0
-165,-105,-511,-486,-783,390,0,0
-341,-506,-430,-615,-524,274,0,0
-445,-408,-416,-369,-149,-335,0,0
-489,-253,-280,-450,502,-802,0,0
-298,-169,176,-720,2099,-1372,0,0
-188,458,456,-689,2980,-2484,0,0
-309,-132,499,-1038,5207,-2509,0,0
-358,-941,586,-1266,6234,-2965,0,0
-334,-977,545,-2108,6592,-3971,0,0
-529,-517,404,-1996,6319,-4688,0,0
-695,2,-112,-1412,6434,-4735,0,0
-324,116,-418,-1837,6239,-5149,0,0
78,26,-74,-1543,5076,-3954,0,0
234,380,344,-857,3583,-2169,0,0
252,470,467,-608,2691,-1173,0,0
163,258,331,-629,2409,-1142,0,0
15,-70,145,-655,2306,-1509,0,0
-130,-138,80,-337,2277,-1247,0,0
-116,-199,-5,-506,2125,-1276,0,0
-73,-44,-77,-735,1877,-1559,0,0
-62,203,-130,-438,1962,-1766,0,0
-47,63,-217,-429,2382,-1957,0,0
-77,59,-265,-571,3029,-2199,0,0
-75,144,-236,-499,3876,-2794,0,0
-8,309,-58,-503,5299,-3581,0,0
61,868,259,-823,6301,-4467,0,0
84,832,632,-1110,7121,-4126,0,0
351,543,686,-1186,6887,-3843,0,0
583,630,405,-896,5402,-3388,0,0
814,670,-137,-237,3414,-1880,0,0
1185,-11,-892,-598,1451,-1047,0,0
949,-540,-1265,-1510,-5,-967,0,0
411,-758,-864,-451,-354,-315,0,0
-52,-635,-237,448,-376,731,0,0
-249,-650,220,86,-369,1180,0,0
-209,-808,362,-197,-476,567,0,0
-278,-546,284,-627,-638,-555,0,0
-429,-283,266,-837,-137,-1275,0,0
-418,69,217,-1019,1149,-2089,0,0
-357,536,223,-1041,2539,-2934,0,0
-389,802,-75,-630,5642,-3203,0,0
-105,135,-1058,-2431,6843,-5584,0,0
226,113,-670,-2123,7342,-5982,0,0
426,340,-178,-806,7242,-4462,0,0
559,290,-109,-1526,5900,-3870,0,0
609,135,28,-1714,4791,-3938,0,0
456,192,285,-1236,3647,-3733,0,0
295,260,532,-590,2481,-2417,0,0
264,322,559,-373,1846,-1784,0,0
158,196,367,-441,1454,-1944,0,0
-2,-60,96,-334,1203,-1843,0,0
-90,-66,-95,-392,1148,-1636,0,0
-88,-75,-175,-417,1137,-1673,0,0
-98,-266,-222,-502,1405,-1591,0,0
-148,-206,-247,-667,2016,-1884,0,0
-159,-297,-246,-507,2618,-2358,0,0
-206,-344,-197,-729,3163,-2874,0,0
-240,-191,-82,-841,3817,-3260,0,0
-127,-273,189,-814,4370,-3606,0,0
-31,6,503,-1247,5110,-4254,0,0
-30,213,888,-1178,5476,-4756,0,0
39,520,1156,-1043,5552,-4739,0,0
263,338,1130,-1124,5470,-5118,0,0
291,127,922,-881,4542,-4475,0,0
159,341,330,-224,3067,-3342,0,0
121,-266,-569,-642,1588,-2549,0,0
-21,-1061,-1090,-641,187,-1118,0,0
-100,-880,-1271,-511,-596,191,0,0
-12,-70,-1132,-422,-940,43,0,0
-181,-131,-821,-485,-778,148,0,0
-484,-204,-666,-2328,-467,138,0,0
-647,3,-646,-167,-107,-88,0,0
-574,60,-484,-592,483,-222,0,0
-403,-44,1,-855,1903,-874,0,0
-244,200,465,-228,2831,-2207,0,0
-373,-738,719,-588,5183,-1106,0,0
-290,-1372,877,-1752,6603,-2051,0,0
-261,-661,606,-2369,6627,-4796,0,0
-453,-1106,73,-2646,6931,-5226,0,0
-306,-445,-484,-2579,6737,-5005,0,0
115,335,-599,-3201,6182,-5335,0,0
369,100,-156,-2453,4835,-3825,0,0
491,368,354,-1786,3610,-1751,0,0
445,1132,693,-1150,2568,-1238,0,0
286,904,662,-749,1751,-1407,0,0
126,595,418,-833,1301,-1420,0,0
126,256,190,-781,1194,-1281,0,0
192,77,60,-637,1361,-1510,0,0
166,69,14,-848,2010,-1646,0,0
49,196,64,-734,2277,-1874,0,0
-83,153,118,-777,2470,-2238,0,0
-187,67,138,-836,3196,-2478,0,0
-152,182,193,-701,3770,-3389,0,0
-49,286,304,-735,5083,-4085,0,0
126,642,608,-301,6205,-5180,0,0
63,998,742,-293,6809,-4892,0,0
-20,792,551,-367,6056,-4305,0,0
63,480,100,176,4663,-3730,0,0
317,59,-426,183,3111,-2211,0,0
638,-467,-902,-772,1207,-499,0,0
573,-1079,-863,-880,-398,546,0,0
127,-399,-331,-38,-1165,1240,0,0
-108,-74,28,102,-1095,1172,0,0
-114,-700,47,-326,-972,468,0,0
-213,-409,-95,-150,-1006,-613,0,0
-456,-145,-247,-357,-828,-1247,0,0
-653,16,-338,-2624,410,-1305,0,0
-503,470,-384,-958,2442,-2382,0,0
-382,494,-481,-959,5078,-3066,0,0
-322,301,-1157,-2353,6348,-4992,0,0
-82,172,-929,-2139,8293,-5801,0,0
367,196,-334,-1062,8552,-5427,0,0
