854,1564,419,175,-3687,-182,0,0
-426,251,1602,894,-3261,-1156,0,0
-1590,-47,2735,3370,-2194,-2127,0,0
-2612,908,3497,7857,-1437,-3345,0,0
-3256,2008,3192,9864,277,-3429,0,0
-3178,1783,2298,8270,1532,-2514,0,0
-2703,491,1520,5264,1947,-1907,0,0
-2233,-497,1076,2793,2207,-1295,0,0
-1793,-345,950,1262,3101,-467,0,0
-930,686,373,1157,3983,-250,0,0
551,162,-1060,1390,3545,-346,0,0
2013,-669,-2288,2460,3488,-196,0,0
2892,-1179,-2820,7916,3172,-863,0,0
2875,-2084,-3496,10378,2669,-1804,0,0
2453,-1385,-4226,8049,363,-2012,0,0
1974,-1553,-3755,4198,-1007,-1511,0,0
1545,-674,-2650,1106,-2074,-200,0,0
1384,1674,-1406,-73,-3306,311,0,0
990,2431,20,-317,-3968,28,0,0
-123,1464,1534,518,-3659,-753,0,0
-1199,116,2791,2224,-2581,-1693,0,0
-1854,44,3871,6082,-1970,-2759,0,0
-2382,945,4007,9583,-861,-4075,0,0
-2704,1923,3561,10094,624,-3969,0,0
-2809,2018,2520,6913,1299,-2586,0,0
-2575,1724,1613,3175,2254,-1313,0,0
-2117,1178,1252,2036,3593,-745,0,0
-1552,598,672,1704,4622,4,0,0
-268,575,-819,1927,4142,31,0,0
1589,1045,-2252,2656,3171,448,0,0
3091,1960,-2894,8169,2397,1116,0,0
3618,-1926,-3083,9880,2358,1598,0,0
3730,-2995,-3115,8675,943,1157,0,0
3569,-2250,-3215,5734,-1325,222,0,0
2902,-929,-2679,1961,-2711,552,0,0
2201,1478,-1531,256,-3564,423,0,0
1242,2054,-546,-293,-4078,-271,0,0
-226,862,783,-77,-3613,-923,0,0
-1665,-536,2391,1829,-2320,-1350,0,0
-2636,-797,3816,7040,-1763,-2369,0,0
-3232,797,3768,10397,-563,-3196,0,0
-3503,2376,2640,9848,1081,-2160,0,0
-3291,954,1816,6023,1569,-1297,0,0
-2749,-183,1541,3014,2412,-656,0,0
-2188,65,1328,1971,3243,-313,0,0
-1472,283,705,1518,3917,-121,0,0
-77,214,-546,1620,3660,-498,0,0
1672,-407,-1766,2464,3195,-133,0,0
2924,-1111,-2264,6956,2810,-243,0,0
3268,-2168,-2836,10173,2690,-770,0,0
3131,-1755,-3478,9343,588,-1200,0,0
2584,-1945,-3527,5183,-1363,-1018,0,0
1787,-898,-2818,1411,-2379,149,0,0
1325,1543,-1692,442,-3234,403,0,0
780,1857,-503,87,-3779,195,0,0
-198,865,788,-60,-3233,-412,0,0
-977,74,2060,1373,-2093,-1401,0,0
-1623,-52,3282,6060,-1706,-2798,0,0
-2386,955,3548,10015,-787,-4224,0,0
-2777,2235,2942,9813,635,-3786,0,0
-2718,1597,1972,5457,1314,-2341,0,0
-2331,731,1498,2721,1799,-1260,0,0
-1863,293,1335,1942,2420,-755,0,0
-1411,343,959,1478,3571,-158,0,0
-492,894,-396,2691,3953,-20,0,0
869,-675,-2108,3113,3001,310,0,0
1947,-1582,-2789,6127,2405,205,0,0
2492,-2035,-3182,10041,2368,-487,0,0
2832,-1778,-3460,9424,558,-1012,0,0
2770,-1778,-3365,5160,-1156,-1083,0,0
2328,-1404,-2599,1632,-1940,-74,0,0
1980,818,-1726,-77,-2719,342,0,0
1678,2644,-850,-325,-3440,-375,0,0
698,1730,360,-260,-3807,-1488,0,0
-804,-143,2138,1360,-3189,-2087,0,0
-1990,-774,3953,6233,-3391,-3323,0,0
-2653,18,4291,8813,-2699,-4318,0,0
-2870,1517,3630,8227,-1010,-3338,0,0
-2752,1000,3071,5715,-85,-2553,0,0
-2573,313,2709,3318,295,-1551,0,0
-2465,417,2493,2372,591,-864,0,0
-2373,598,2193,2044,1267,-584,0,0
-2090,783,1452,2278,2286,-323,0,0
-1402,806,209,3921,3694,-152,0,0
-404,-178,-1376,9101,2441,-1191,0,0
15,-2514,-3038,10804,885,-2343,0,0
72,-1602,-4099,9248,-818,-2686,0,0
340,497,-4726,6598,-1517,-2317,0,0
1130,758,-4524,4707,-2053,-1837,0,0
1792,-96,-4152,2211,-2798,-1840,0,0
1808,-287,-3631,-410,-3065,-990,0,0
1422,369,-2628,-3880,-3049,-1310,0,0
443,91,-1103,-1674,-2579,-1122,0,0
-935,-1210,827,-484,-2457,-1464,0,0
-2056,-2437,2620,1759,-2339,-1776,0,0
-2614,-1858,4352,4698,-2690,-2302,0,0
-2595,751,5884,9470,-2944,-3981,0,0
-2580,1948,6019,12373,-2467,-4418,0,0
-2747,-95,4973,8638,-845,-3046,0,0
-2403,-1412,4494,5527,-811,-1835,0,0
-2230,-1756,4265,5261,-1001,-1700,0,0
-2409,-2325,4048,5197,-972,-1575,0,0
-2838,-2274,3789,5129,-1152,-1491,0,0
-3572,-1681,3363,4674,-1462,-1200,0,0
-4506,-659,3003,3805,-1887,-630,0,0
-5273,568,2941,2960,-2155,17,0,0
-5527,1614,3204,2686,-1877,454,0,0
-5274,2099,3708,3180,-832,1286,0,0
-4430,2274,4201,4585,794,1906,0,0
-2913,1659,4406,5711,1986,1864,0,0
-1299,2149,4172,6199,3574,1103,0,0
90,2265,2844,6966,4398,-925,0,0
920,275,1068,6259,4158,-2602,0,0
1042,-1178,-669,5790,3027,-3371,0,0
641,-2442,-1961,4787,1434,-2818,0,0
278,-2421,-2707,4153,644,-2321,0,0
378,-1433,-3026,5301,408,-2338,0,0
733,-1305,-3112,5269,78,-2098,0,0
997,-1136,-2911,4036,-289,-1794,0,0
1209,-852,-2476,2543,-584,-1476,0,0
1462,-448,-1651,1306,-1082,-1132,0,0
1605,373,-562,370,-1876,-756,0,0
1320,1466,790,503,-2705,-658,0,0
265,1570,2029,2836,-3898,-1565,0,0
-1416,629,2502,2710,-3204,-2077,0,0
-2504,1861,2975,2872,-1662,-2271,0,0
-2858,1388,3415,7069,-1748,-3323,0,0
-3009,410,3520,9492,-1044,-3797,0,0
-2926,1463,2251,8045,745,-2826,0,0
-2471,732,976,4842,1520,-1436,0,0
-1876,-31,641,2164,2354,-319,0,0
-1373,1118,351,1400,3326,200,0,0
-655,1408,-437,1718,3550,566,0,0
831,793,-3552,2052,3569,69,0,0
2819,284,-2604,4885,2243,-316,0,0
3893,-1001,-3438,9245,1526,-918,0,0
4008,-2282,-4065,10440,1179,-1632,0,0
3740,-2602,-4350,7207,-514,-1665,0,0
3217,-2076,-4048,3601,-1249,-1596,0,0
2402,-1473,-2766,924,-2264,-172,0,0
972,1091,-1160,-971,-3465,965,0,0
-613,3007,95,-413,-4408,776,0,0
-1955,969,1659,1098,-3697,-56,0,0
-2410,-1532,3441,4617,-2003,-1794,0,0
-1981,-1457,4116,8344,-647,-4369,0,0
-1670,1102,3480,8836,1104,-4282,0,0
-1815,2566,2486,7578,2002,-4026,0,0
-1932,733,1848,4590,2484,-2936,0,0
-2030,79,1499,2084,3041,-1504,0,0
-1966,805,855,1108,3531,-499,0,0
-1111,858,-273,869,3823,-673,0,0
491,630,-1638,1684,3317,-945,0,0
1997,-39,-2729,4206,2863,-906,0,0
2849,-1378,-3043,8217,2914,-1236,0,0
3058,-1504,-3401,9456,3051,-1830,0,0
2953,-1150,-3473,7448,749,-1764,0,0
2356,-1327,-3009,3575,-721,-1005,0,0
1707,-654,-2111,371,-2397,196,0,0
1080,1650,-928,-464,-3821,485,0,0
164,2267,336,148,-4359,83,0,0
-1003,974,1671,1861,-3572,-1047,0,0
-2007,-343,2821,3947,-1653,-1704,0,0
-2736,1064,3456,7179,-349,-2303,0,0
-3129,2539,3242,9462,1137,-2386,0,0
-2956,1492,2608,8618,2081,-1902,0,0
-2322,-27,1789,5033,2933,-1386,0,0
-1706,-422,1034,2761,3340,-759,0,0
-1330,-289,475,1434,3407,-194,0,0
-745,634,-179,827,3252,-343,0,0
405,1584,-1098,1496,2839,-679,0,0
2094,1914,-1792,3389,2546,-402,0,0
3722,598,-1583,8158,2068,204,0,0
4554,-3103,-1639,10056,2195,-173,0,0
4509,-3781,-2390,8146,327,-1197,0,0
3573,-2687,-2931,3934,-788,-1383,0,0
2248,-1751,-2434,697,-1598,-583,0,0
677,560,-1365,-771,-2563,-228,0,0
-992,2267,-383,155,-3168,-5,0,0
-2524,1164,543,1193,-3668,-412,0,0
-3501,-1025,1989,3172,-2840,-932,0,0
-3523,-651,3729,6772,-1377,-1858,0,0
-2648,2550,3918,10279,747,-2115,0,0
-1684,2549,2797,9034,2288,-1821,0,0
-1023,-492,1904,4684,2554,-1475,0,0
-863,-1383,1571,1747,2973,-1063,0,0
-954,-159,1184,858,3572,-616,0,0
-674,1441,274,1294,3774,-608,0,0
409,1194,-1076,2559,3205,-930,0,0
1783,-339,-2057,4702,2681,-651,0,0
2669,-1436,-2482,9106,2686,-830,0,0
2869,-2295,-3165,9634,2201,-1549,0,0
2699,-1957,-3542,7466,147,-1868,0,0
2142,-1980,-3190,3955,-876,-1292,0,0
1543,-1375,-2248,1046,-2235,41,0,0
1031,1122,-1196,-391,-3233,264,0,0
280,2137,22,-115,-3682,35,0,0
-1055,620,1548,357,-3306,-343,0,0
-1953,-249,3090,2415,-2097,-1229,0,0
-2260,361,3817,7230,-909,-2931,0,0
-2625,1665,3676,10104,973,-3474,0,0
-2796,2804,2756,10218,1929,-2859,0,0
-2736,1383,1382,5869,2148,-1786,0,0
-2318,452,800,1852,2691,-408,0,0
-1678,1142,654,931,3677,110,0,0
-661,709,86,701,4285,-36,0,0
1087,174,-905,968,3537,-379,0,0
2928,-140,-1877,3238,2884,43,0,0
3934,-1314,-2277,8701,2637,40,0,0
3963,-2303,-3024,10187,3084,-656,0,0
3592,-1788,-3536,8456,949,-1205,0,0
2768,-1724,-3131,4582,-607,-985,0,0
1925,-742,-2141,411,-2596,582,0,0
1160,2538,-1146,-994,-3589,567,0,0
185,3181,160,60,-3828,-273,0,0
-1116,86,1743,1522,-3620,-894,0,0
-1942,-1712,2987,3745,-2360,-1428,0,0
-2274,-377,3673,7335,-1310,-2276,0,0
-2451,858,3429,9458,46,-3026,0,0
-2337,786,2862,8567,944,-2695,0,0
-2144,461,2068,4798,1399,-1910,0,0
-1945,598,1641,2391,1880,-1294,0,0
-1795,758,1507,1601,2546,-830,0,0
-1437,915,848,1328,3577,-808,0,0
-243,1101,-412,1730,3563,-1208,0,0
1506,187,-1419,4275,2864,-1028,0,0
2631,-1814,-2050,9183,2114,-870,0,0
2800,-2206,-3024,10580,1939,-1071,0,0
2627,-3912,-3845,8715,188,-1125,0,0
2026,-2238,-3586,4465,-1009,-676,0,0
1400,-502,-2793,979,-2811,706,0,0
1096,2272,-1870,-242,-4318,875,0,0
474,2205,-507,-416,-4853,419,0,0
-831,369,1320,173,-3861,-694,0,0
-1837,-1053,3212,3704,-2328,-1623,0,0
-2340,-831,4183,8657,-1722,-3058,0,0
-2605,1265,3729,10311,176,-3511,0,0
-2431,1618,2982,8542,470,-2949,0,0
-2171,1115,2189,4105,1165,-1947,0,0
-1863,685,1738,2092,2236,-1117,0,0
-1607,218,1679,1519,3757,-33,0,0
-1012,1024,756,2106,5073,283,0,0
473,846,-1198,3026,4480,30,0,0
2210,-281,-2840,4425,3022,226,0,0
3268,-1224,-3679,9277,1995,-262,0,0
3545,-1952,-4208,11129,2021,-972,0,0
3416,-1850,-4341,9676,-451,-1678,0,0
2640,-2273,-3939,5029,-1456,-1221,0,0
1837,-1304,-2876,1640,-2485,-90,0,0
1355,843,-1839,-120,-3400,448,0,0
684,1947,-693,-669,-4199,268,0,0
-714,1433,760,-391,-3989,-50,0,0
-1951,409,2307,959,-2909,-740,0,0
-2510,-187,3694,5272,-2094,-1598,0,0
-2916,166,4187,9202,-1098,-2884,0,0
-3136,2455,3910,11212,495,-2261,0,0
-3176,2442,2947,9675,1245,-1734,0,0
-2911,660,1994,5263,1805,-1255,0,0
-2504,-436,1657,2704,2078,-835,0,0
-2060,-880,1557,1568,2610,-558,0,0
-1417,-727,1077,1041,3535,-193,0,0
-337,123,-129,1528,3906,-116,0,0
1167,-57,-1684,3130,3350,-16,0,0
2334,-1602,-2636,7621,2496,-279,0,0
2539,-2512,-3540,10870,2273,-1082,0,0
2446,-1088,-4320,10734,489,-1449,0,0
2212,-1007,-4619,7032,-1411,-1322,0,0
1769,-1118,-3809,3066,-2683,15,0,0
1639,1223,-2806,335,-4062,591,0,0
1898,3086,-1773,-552,-4946,-331,0,0
1163,1981,-152,-896,-4644,-1548,0,0
-730,26,1736,4,-2994,-2115,0,0
-2232,-915,3507,4197,-1898,-1991,0,0
-2910,7,4236,9737,-1710,-3376,0,0
-3026,1682,3373,11222,-213,-2786,0,0
-2843,1301,2321,7822,642,-1724,0,0
-2433,208,1692,4249,927,-1151,0,0
-1983,-486,1423,2552,869,-907,0,0
-1813,-663,1446,1538,788,-577,0,0
-1784,-330,1285,1447,974,-433,0,0
-1673,5,770,1777,1619,-501,0,0
-1333,685,97,4089,3326,-461,0,0
-676,183,-958,9293,2512,-1114,0,0
-339,-1849,-2519,9540,1155,-1591,0,0
-347,-1404,-3627,6535,40,-1417,0,0
-182,199,-3723,4034,-431,-1570,0,0
321,334,-3213,2862,-1040,-2095,0,0
656,-417,-2497,1118,-1727,-1831,0,0
770,-260,-1746,-174,-1805,-1744,0,0
632,-486,-731,243,-1217,-1815,0,0
78,-1779,933,1402,-788,-1608,0,0
-504,-2364,2396,3302,-1044,-2269,0,0
-998,-1485,3390,4720,-1495,-2799,0,0
-1720,494,4130,5995,-1571,-3168,0,0
-2459,994,4493,6078,-1470,-3136,0,0
-2871,78,4927,5275,-1452,-2412,0,0
-2991,-766,5346,5514,-1781,-1991,0,0
-3151,-1180,5475,6342,-1689,-1910,0,0
-3480,-1529,5210,6887,-1528,-1902,0,0
-3897,-1656,4726,6143,-1749,-1466,0,0
-4179,-875,4214,4416,-1745,-642,0,0
-4187,445,3688,3825,-1268,-208,0,0
-3941,587,3189,3839,-748,62,0,0
-3414,118,2940,3421,-142,137,0,0
-2698,224,2863,2985,355,144,0,0
-2060,962,2889,2900,817,-34,0,0
-1545,1765,2969,3215,1376,-462,0,0
-1047,2495,2921,3778,1959,-1169,0,0
-628,2926,2494,5043,2524,-2297,0,0
-399,2106,1646,5946,3121,-2909,0,0
68,1352,490,5685,3342,-2862,0,0
916,780,-823,5729,2341,-2664,0,0
1685,-589,-1888,5347,1140,-2031,0,0
2269,-541,-2760,5565,97,-1808,0,0
2815,-101,-3563,7300,-603,-2100,0,0
3050,-1831,-3954,6853,-1250,-1926,0,0
2808,-2611,-3696,4830,-1110,-1771,0,0
2567,-2211,-2915,3748,-938,-1773,0,0
2248,-1493,-2028,2925,-1275,-1671,0,0
1737,-561,-1432,1316,-1624,-1256,0,0
1136,660,-632,269,-2094,-679,0,0
58,1507,497,211,-2884,-267,0,0
-1750,1874,1453,836,-3343,162,0,0
-3250,1649,2209,2278,-2702,-499,0,0
-3738,939,3140,6133,-1749,-1805,0,0
-3623,1049,3441,9800,-965,-3208,0,0
-3196,1853,2590,8742,919,-2516,0,0
-2601,1162,1612,6199,1717,-1983,0,0
-2029,-490,1302,3626,2134,-1047,0,0
-1593,-202,1195,1674,2747,-39,0,0
-1091,1275,701,1000,3359,152,0,0
34,2173,-720,1771,4178,-172,0,0
1762,1793,-2751,4503,4076,-899,0,0
3084,-348,-3927,7586,3366,213,0,0
3588,-1739,-4366,10064,3858,957,0,0
3553,-2548,-4300,10048,2001,343,0,0
2880,-2542,-3648,5455,-1252,11,0,0
2102,-422,-2633,1032,-2809,1035,0,0
1825,1922,-3608,-289,-4237,978,0,0
1195,2490,-236,-522,-5013,753,0,0
-469,2483,1149,911,-4162,-387,0,0
-1874,2376,2364,2860,-2206,-1940,0,0
-3048,1014,3443,6527,-760,-907,0,0
-3951,1159,3576,11942,666,-313,0,0
-3829,704,2288,12171,2097,177,0,0
-3266,-24,1045,6739,2060,-436,0,0
-2586,-486,477,2565,2323,-567,0,0
-2054,-485,491,949,2907,-138,0,0
-1473,898,162,484,3806,373,0,0
-187,2237,-1134,1950,4314,83,0,0
1767,481,-2338,2188,4446,762,0,0
3341,-175,-2738,5442,4038,1800,0,0
3639,-1532,-2242,534,-2916,676,0,0
2531,1656,-1035,-1237,-4230,229,0,0
576,3468,499,-702,-5605,-848,0,0
-2940,1693,2115,783,-5830,-129,0,0
-5164,-221,4132,3715,-3343,458,0,0
-4679,-853,4902,10993,-1126,-414,0,0
-3533,-1001,3963,12386,1798,-676,0,0
-2704,-39,2627,9125,3013,-1050,0,0
-1834,-77,1911,6332,2745,-950,0,0
-1312,342,1349,3221,2723,-365,0,0
-1287,1211,996,1472,2619,-286,0,0
-787,925,383,1820,2951,-1616,0,0
329,-42,-911,1958,2820,-2491,0,0
1427,-614,-2277,1998,2754,-1773,0,0
2027,-552,-3049,5704,2768,-529,0,0
2372,-1603,-3431,10631,3033,410,0,0
2656,-2007,-3675,10023,1694,-43,0,0
2654,-3560,-3765,6157,-202,-855,0,0
2348,-972,-3228,2799,-1313,-145,0,0
2175,441,-2111,180,-3625,822,0,0
1768,2818,-1225,-1040,-4826,92,0,0
697,3074,303,-832,-4361,-860,0,0
-1240,911,2303,1492,-3132,-1436,0,0
-2737,-1399,3783,6159,-1928,-1821,0,0
-3299,-74,4024,9535,-761,-3002,0,0
-3477,2294,3054,10805,1220,-2174,0,0
-3261,1236,2297,8841,1482,-1744,0,0
-2836,21,1512,3593,2130,-987,0,0
-2310,490,1228,1309,2981,-380,0,0
-1864,355,1018,840,3344,-30,0,0
-1214,242,415,426,3549,243,0,0
178,941,-684,1630,3858,170,0,0
2188,458,-1867,5989,3916,311,0,0
3689,-1743,-2879,10640,3111,-172,0,0
4244,-2085,-3663,10319,1603,-777,0,0
4287,-2149,-4081,6928,-969,-1320,0,0
3555,-2539,-3320,2633,-2119,-473,0,0
2338,-224,-1901,191,-3268,368,0,0
847,2086,-604,-271,-4074,544,0,0
-904,1910,602,-95,-4055,261,0,0
-2278,92,2232,1318,-3198,-469,0,0
-2856,-1546,3708,5153,-2236,-1663,0,0
-3002,-765,4249,8998,-948,-3517,0,0
-2770,794,3787,10379,845,-3396,0,0
-2499,1575,2905,7565,1817,-2909,0,0
-2317,1784,2013,4092,2618,-2080,0,0
-2153,1196,1504,1995,3575,-1076,0,0
-1855,768,1062,1016,3942,-387,0,0
-909,2360,138,763,4293,-200,0,0
1066,3511,-1413,3423,3630,-42,0,0
3102,-139,-2349,5589,2553,1299,0,0
4052,-1556,-2977,9157,2690,1123,0,0
4377,-1573,-3441,10748,2150,870,0,0
4121,-2206,-3388,7553,-104,85,0,0
3293,-2242,-2977,2797,-1737,320,0,0
2439,-7,-1938,-359,-3322,1002,0,0
1440,2444,-967,-504,-4094,548,0,0
24,1743,129,407,-3749,-2432,0,0
-1522,-596,1544,2098,-2603,-1167,0,0
-2681,-1581,2734,5028,-1552,-1441,0,0
-3445,573,3209,8387,-618,-2181,0,0
-3752,2201,3091,10226,951,-1322,0,0
-3561,1748,2598,7886,1662,-924,0,0
-3190,583,2045,3964,2450,-559,0,0
-2682,-230,1589,2141,3038,-420,0,0
-2024,5,1041,1246,4678,6,0,0
-587,763,-184,1826,5660,422,0,0
1676,-264,-1908,2984,4496,578,0,0
3341,-1581,-2741,7714,3013,959,0,0
3786,-2727,-3315,10358,2688,116,0,0
3685,-2250,-3636,8530,668,-557,0,0
3294,-2664,-3090,4691,-1086,-736,0,0
2546,-2192,-1931,1020,-2578,600,0,0
1778,1140,-980,496,-4219,691,0,0
782,2314,-331,826,-4476,79,0,0
-362,1034,590,891,-3420,-797,0,0
-1202,-564,1753,1563,-2218,-1792,0,0
-1845,-407,3153,3991,-1632,-2201,0,0
-2307,1883,3966,8675,-1025,-3263,0,0
-2596,3480,3583,11300,295,-3544,0,0
-2729,2771,2427,8239,1343,-2362,0,0
-2674,1137,1528,2954,2271,-3232,0,0
-2428,1084,1225,1598,3385,-732,0,0
-1890,387,788,2179,4120,-534,0,0
-592,-965,-285,2160,3961,-187,0,0
1387,-1214,-2094,2837,2789,-453,0,0
2863,-1814,-3238,6561,2185,-512,0,0
3131,-3562,-3614,9720,3040,-1441,0,0
2907,-3253,-3690,10182,1564,-2645,0,0
2160,-2664,-3669,5484,-998,-1905,0,0
1332,-963,-3238,1789,-1569,-586,0,0
940,1898,-2353,399,-3038,789,0,0
593,3638,-1586,-301,-4031,505,0,0
21,3023,-470,170,-3907,-308,0,0
-831,260,1140,1140,-2744,-1547,0,0
-1603,-1480,2937,3986,-1635,-2111,0,0
-1914,-164,3940,8399,-1148,-3721,0,0
-2017,2085,3500,10340,85,-4258,0,0
-2103,1641,2369,7165,838,-3083,0,0
-2090,388,1844,3414,1020,-1804,0,0
-2056,3,1778,2291,780,-1180,0,0
-2135,27,1708,2101,917,-811,0,0
-2082,-103,1296,2194,1350,-580,0,0
-1770,-244,615,2957,2027,-667,0,0
-1194,-492,-348,4769,2682,-889,0,0
-382,-929,-1473,7471,2145,-3712,0,0
370,-1778,-2302,8935,1073,-2354,0,0
632,-1693,-2937,7248,-373,-2269,0,0
720,-559,-3405,4643,-935,-1870,0,0
1135,-99,-3341,2829,-1264,-1390,0,0
1544,-98,-2883,1487,-1404,-1129,0,0
1756,-224,-2290,690,-1628,-1583,0,0
1505,-864,-1539,88,-1742,-1794,0,0
648,-1482,-557,178,-1502,-1787,0,0
-427,-2007,816,777,-1432,-2314,0,0
-1446,-1828,2341,2010,-1900,-2760,0,0
-2302,265,3699,4019,-2410,-3174,0,0
-3119,2267,4818,7323,-2470,-3915,0,0
-3553,1111,5301,7372,-1730,-4013,0,0
-3218,-783,5454,5639,-1459,-2680,0,0
-2816,-1574,5583,5684,-1708,-2016,0,0
-2657,-2109,5541,6750,-1559,-2205,0,0
-2617,-3038,5284,6983,-1390,-2331,0,0
-2859,-2784,4847,5660,-1395,-1969,0,0
-3484,-1119,4315,4391,-1493,-1269,0,0
-4078,-6,3915,3742,-1399,-675,0,0
-4266,293,3730,3600,-1171,-361,0,0
-4067,314,3720,3450,-714,63,0,0
-3450,881,3915,3073,317,266,0,0
-2332,1761,3956,3308,1986,-458,0,0
-954,1394,3705,4562,3021,-1965,0,0
16,-813,3124,5458,2897,-2704,0,0
487,-1090,2126,3787,2850,-2190,0,0
799,1311,964,2792,2358,-1675,0,0
1010,2551,316,3097,1895,-1489,0,0
1161,1926,-46,3665,1756,-2397,0,0
1174,1112,-552,4950,1757,-3627,0,0
1056,1008,-1581,6111,1401,-3937,0,0
1119,783,-2714,6322,861,-3633,0,0
1540,124,-3182,6378,260,-2760,0,0
2150,-546,-3096,5861,-302,-1991,0,0
2619,-856,-2557,4248,-685,-1247,0,0
2824,-426,-2019,2474,-977,-386,0,0
2694,665,-1218,1384,-1632,273,0,0
1824,1285,-363,1128,-2575,96,0,0
-145,602,248,1061,-3759,93,0,0
-2372,-79,1027,1338,-4009,-464,0,0
-3584,9,2156,3262,-2882,-1337,0,0
-3787,498,2852,8724,-1892,-2974,0,0
-3608,665,2912,10958,-186,-3452,0,0
-3139,954,1670,7888,1575,-2214,0,0
-2398,-381,593,4555,1966,-994,0,0
-1703,-911,459,1644,2133,-24,0,0
-1121,574,154,243,3033,262,0,0
-127,1371,-804,288,3706,-492,0,0
1166,539,-1744,631,3352,-772,0,0
2064,-43,-2251,3106,3511,-404,0,0
2472,-611,-2530,8914,3801,-294,0,0
2584,-1626,-3339,10858,3234,-847,0,0
2397,-1439,-3948,8024,521,-1336,0,0
2123,-1102,-3322,3312,-1222,-525,0,0
2220,1042,-1945,555,-3064,462,0,0
2281,2677,-544,-655,-4413,-240,0,0
1012,2331,1018,-177,-4803,-693,0,0
-1563,209,2484,2006,-3674,-1249,0,0
-3112,-1222,3600,4568,-2091,-3296,0,0
-3644,487,3654,8735,-540,-1988,0,0
-3731,1104,2737,10539,1264,-1419,0,0
-3347,695,2001,9318,2148,-1122,0,0
-2587,228,880,5119,2316,-817,0,0
-1817,116,415,2097,2572,-541,0,0
-1368,479,419,706,3229,-202,0,0
-708,1232,-72,370,4013,-345,0,0
780,1253,-1068,728,3784,-589,0,0
2540,1625,-1569,2062,4161,454,0,0
3898,2744,-1514,10135,3731,2215,0,0
4555,-2151,-2095,11843,2902,2180,0,0
4494,-3915,-2994,7881,-330,896,0,0
3394,-2771,-2694,1979,-2314,327,0,0
2180,999,-1490,-698,-2996,733,0,0
1164,3129,-56,-55,-3704,163,0,0
-365,1293,1068,342,-4127,-306,0,0
-2022,-933,2099,1404,-3221,-433,0,0
-3114,-1433,3052,4605,-1858,-626,0,0
-3705,-317,3383,9007,-530,-1679,0,0
-3851,1507,2755,11113,1407,-1451,0,0
-3590,1675,1571,9453,2449,-1182,0,0
-2890,257,598,5070,2591,-1080,0,0
-2062,-376,136,2033,3200,-887,0,0
-1301,-304,-226,586,3456,-542,0,0
-296,-21,-703,10,3690,-294,0,0
1154,53,-1429,884,3148,-188,0,0
2474,-296,-2122,3249,3572,345,0,0
3152,-576,-2484,8226,3721,425,0,0
3284,-1202,-2878,9236,3548,-132,0,0
3194,-1325,-2971,7337,610,-673,0,0
2626,-906,-2122,2551,-1706,-212,0,0
2069,1554,-991,405,-2804,410,0,0
1673,2417,198,64,-3426,-5,0,0
781,978,1306,712,-3545,-545,0,0
-627,-756,2152,1888,-2922,-1485,0,0
-1942,-854,2929,4439,-1817,-2023,0,0
-2966,-181,3244,8006,-1115,-2925,0,0
-3381,415,3190,9282,443,-3283,0,0
-3094,748,2899,8605,1141,-3006,0,0
-2735,1158,1859,4721,2035,-2142,0,0
-2191,1342,1156,2164,2841,-1065,0,0
-1555,964,848,950,3547,-144,0,0
-594,688,78,233,4506,307,0,0
1183,299,-974,278,4124,492,0,0
3183,-158,-1861,5586,3277,-154,0,0
4117,-2050,-3005,12443,2857,-1255,0,0
3936,-2409,-4506,11510,1795,-1456,0,0
3641,-2167,-4768,7045,-1144,-1644,0,0
2564,-1672,-3637,2269,-2607,-308,0,0
1160,1204,-1983,-60,-3218,922,0,0
423,2771,-784,-379,-3759,685,0,0
-273,1586,704,-93,-3949,167,0,0
-1230,18,2203,1416,-3146,-775,0,0
-2148,-443,3402,5426,-1704,-1840,0,0
-2822,-101,3629,8810,-265,-3376,0,0
-3008,672,3131,10198,1487,-3542,0,0
-2702,750,2279,8437,1941,-2925,0,0
-2347,723,1203,3983,2001,-1894,0,0
-1926,177,769,1305,2160,-998,0,0
-1531,145,714,269,3142,-413,0,0
-722,717,-33,404,4123,-209,0,0
898,906,-1321,1186,3677,-261,0,0
2636,357,-2381,3848,3774,-111,0,0
3617,-1197,-2736,8838,3439,-88,0,0
3627,-1912,-3257,9492,2916,-1044,0,0
3262,-1260,-3347,7046,236,-1460,0,0
2339,-987,-2462,2656,-1245,-579,0,0
1580,1180,-1310,412,-2535,319,0,0
1072,2416,-31,210,-3681,207,0,0
54,1183,1128,1169,-4158,-385,0,0
-1329,-591,2018,2110,-3541,-1004,0,0
-2446,-369,2735,3868,-2117,-1375,0,0
-3158,1119,3107,7921,-723,-2320,0,0
-3309,1466,2957,10824,910,-2584,0,0
-2925,1312,2063,9336,2131,-2021,0,0
-2300,867,825,4875,2341,-1588,0,0
-1769,274,334,1643,2437,-984,0,0
-1395,646,266,358,3186,-780,0,0
-706,1102,-182,16,4053,-596,0,0
679,1130,-1051,977,3761,-541,0,0
2223,27,-1836,3295,3720,157,0,0
3103,-1884,-2072,9398,3349,685,0,0
3195,-3522,-2719,10948,2635,-241,0,0
2999,-1974,-3699,8086,361,-1103,0,0
2526,-1521,-3549,3776,-1198,-676,0,0
1862,-330,-2272,675,-2622,574,0,0
1364,2268,-1148,-350,-4061,533,0,0
531,2774,157,40,-4266,29,0,0
-836,665,1664,1091,-3346,-998,0,0
-1895,-780,3054,3106,-1806,-1737,0,0
-2687,661,3921,7994,-830,-2496,0,0
-3385,2598,3320,10857,987,-2739,0,0
-3343,2114,2244,10093,1968,-1955,0,0
-2826,-24,1252,5474,1827,-1370,0,0
-2328,-707,691,2355,1900,-981,0,0
-1987,-591,670,776,2721,-2360,0,0
-1313,723,322,585,3923,67,0,0
155,1030,-823,1312,3648,73,0,0
1794,-25,-1483,3244,3803,701,0,0
2890,-1263,-1564,8693,3150,1010,0,0
3335,-1521,-2657,10632,2315,404,0,0
3347,-1282,-3341,8285,-417,-418,0,0
2711,-1929,-3081,3309,-1990,-408,0,0
2001,25,-2348,662,-2968,173,0,0
1429,1805,-1204,-38,-3889,45,0,0
514,1425,41,-223,-4146,-484,0,0
-692,52,1380,264,-3219,-1237,0,0
-1734,-738,2844,3132,-2218,-1548,0,0
-2802,609,3858,8694,-1919,-2111,0,0
-3634,3099,3343,11359,-101,-2196,0,0
-3494,2873,2010,9259,1229,-1212,0,0
-2962,54,1217,5124,1618,-1078,0,0
-2560,-1353,1029,2761,1639,-964,0,0
-2356,-1235,1019,1499,1972,-726,0,0
-1951,-316,662,1281,2771,-845,0,0
-1084,42,-215,1886,3123,-620,0,0
15,-735,-1110,3323,3450,79,0,0
965,-2145,-1569,7851,3058,417,0,0
1475,-2744,-2386,9576,2004,-144,0,0
1803,-505,-3320,8923,330,-458,0,0
2108,-11,-3782,6146,-922,-520,0,0
2213,-554,-3560,3476,-1514,-199,0,0
2240,-112,-3178,2565,-1777,-238,0,0
2208,277,-2898,2203,-1773,-489,0,0
1935,110,-2616,1474,-1768,-1114,0,0
1393,5,-2239,492,-1624,-1840,0,0
671,574,-1548,454,-632,-2560,0,0
331,1394,25,2026,-162,-3897,0,0
505,2267,1420,4916,-543,-5574,0,0
403,2894,1926,5594,221,-5733,0,0
211,2046,1907,4001,1255,-4109,0,0
237,1090,2100,3438,1480,-2633,0,0
291,891,2013,3354,2222,-1497,0,0
769,1102,1308,3170,3423,-221,0,0
1969,437,146,2769,3845,928,0,0
3438,-539,-772,2631,3610,1657,0,0
4699,-1768,-1313,4853,2327,1630,0,0
5476,-3167,-1945,6842,739,473,0,0
5566,-2262,-3003,8122,-980,-767,0,0
4564,-2042,-3452,7170,-1360,-906,0,0
3038,-1619,-3436,5185,-841,-561,0,0
2134,-643,-3540,4008,-205,-203,0,0
1997,-23,-3370,4084,352,6,0,0
2143,51,-3190,4858,679,-147,0,0
2270,141,-3264,5162,401,-430,0,0
2343,345,-3432,4688,-212,-844,0,0
2430,453,-3279,3697,-854,-1106,0,0
2491,1027,-2818,2714,-1438,-1258,0,0
2505,1766,-2152,1947,-1786,-1476,0,0
2428,1879,-1285,1309,-2028,-2079,0,0
1989,1337,-5,1409,-2213,-2342,0,0
1088,943,1170,2950,-2462,-3132,0,0
-143,467,1718,4721,-2655,-3541,0,0
-1415,188,2030,6532,-3119,-4174,0,0
-2224,412,2098,7609,-3025,-4639,0,0
-2296,601,1635,6997,-1696,-4265,0,0
-1913,292,1120,5225,-188,-3154,0,0
-1517,-67,934,3398,831,-1904,0,0
-1251,472,732,1920,2137,-703,0,0
-769,935,149,1188,3208,-279,0,0
34,583,-914,374,3448,-269,0,0
937,527,-1906,1143,3121,-728,0,0
1658,6,-2725,4171,2752,-879,0,0
2076,-577,-3389,8704,2562,-1128,0,0
2205,-1156,-4101,8972,2162,-1259,0,0
2208,-1024,-3975,6476,130,-1241,0,0
2193,-217,-3017,4258,-862,-965,0,0
2386,478,-1682,2032,-2286,60,0,0
2483,1188,-617,281,-3854,220,0,0
1606,1458,602,0,-4800,-521,0,0
-496,635,1987,876,-3933,-1288,0,0
-2360,241,3272,2772,-2441,-1502,0,0
-3351,886,3889,7400,-1626,-2559,0,0
-3743,1044,3584,10572,-326,-2696,0,0
-3741,1289,2586,10424,1054,-1923,0,0
-3315,546,1277,6694,1614,-1257,0,0
-2569,-403,691,3120,2005,-596,0,0
-1797,-171,502,1315,2748,-129,0,0
-839,691,-35,552,3875,-53,0,0
681,834,-1230,784,3467,-617,0,0
2228,-45,-2354,1060,2769,-518,0,0
3181,-266,-2533,4715,2770,-510,0,0
3596,-1548,-2648,9648,3050,-1060,0,0
3488,-2114,-3333,9479,1237,-1869,0,0
2712,-1769,-3050,5119,-1281,-1611,0,0
1702,427,-2136,1161,-2052,-404,0,0
1381,3037,-1031,392,-2735,-167,0,0
761,3304,204,-181,-3519,-641,0,0
-783,1727,1107,738,-3549,-777,0,0
-2493,-973,2272,3264,-2860,-537,0,0
-3768,-1359,3285,8400,-2330,-1593,0,0
-4108,1006,2756,10961,-581,-2100,0,0
-3559,2095,1543,8333,1071,-1523,0,0
-2715,600,1144,4964,1913,-1275,0,0
-2074,-504,1152,2912,2698,-796,0,0
-1666,24,742,1279,3343,-501,0,0
-853,453,-302,474,3869,-701,0,0
607,146,-1392,716,3495,-721,0,0
2007,-301,-2020,2433,3577,-140,0,0
2935,-1028,-2158,8668,3660,190,0,0
3326,-3215,-2845,11377,2922,-422,0,0
3142,-2665,-3706,8340,-249,-1352,0,0
2322,-1212,-3377,2792,-1841,-853,0,0
1803,1399,-2287,630,-2525,-89,0,0
1495,2770,-1004,166,-3620,-191,0,0
378,2074,319,-436,-3981,-691,0,0
-1287,505,1654,572,-3399,-919,0,0
-2528,-1512,3205,3680,-2395,-1259,0,0
-3011,-1890,4211,7788,-1608,-2921,0,0
-3035,-98,3918,10011,306,-4140,0,0
-2792,592,3091,8988,1616,-3472,0,0
-2491,586,2327,5517,2275,-2292,0,0
-2142,951,1697,2312,2702,-1132,0,0
-1752,1558,1386,1093,3690,-421,0,0
-1144,1541,653,1232,4067,-218,0,0
137,826,-817,1356,3864,33,0,0
2158,499,-2263,3092,3146,-456,0,0
3760,-1204,-3068,8485,2286,-839,0,0
4180,-2669,-3676,10580,2953,-1582,0,0
4287,-1622,-3962,9133,895,-1857,0,0
3799,-1693,-3727,4304,-1261,-956,0,0
2789,-1068,-2685,887,-1911,299,0,0
1509,684,-1320,-686,-4009,682,0,0
-306,1820,-268,180,-4959,232,0,0
-2184,980,908,1504,-4132,-130,0,0
-3089,-191,2146,3396,-2503,-1406,0,0
-3347,-277,3209,5579,-851,-1825,0,0
-3410,1953,3892,8795,1420,-1780,0,0
-3228,3874,3749,11351,2310,-1562,0,0
-2599,2478,2009,8469,2503,-1315,0,0
-1589,-631,535,2845,3328,-298,0,0
-1064,-954,250,230,3642,-250,0,0
-668,-22,-384,-284,3693,-220,0,0
276,1121,-1170,-274,3559,-40,0,0
1869,2774,-1664,2373,3556,30,0,0
3221,1064,-1723,8650,2890,1235,0,0
3663,-2166,-2079,10290,3504,1044,0,0
3720,-2410,-2510,8682,1362,-33,0,0
3173,-3182,-2156,4196,-1262,-619,0,0
2229,-2189,-1334,-200,-3209,340,0,0
1311,1579,-199,-1062,-3916,294,0,0
-15,2719,989,-124,-4111,-38,0,0
-1866,725,2154,2164,-3604,-447,0,0
-3283,-1423,3168,5396,-1805,-955,0,0
-3848,53,3598,8676,-339,-1615,0,0
-3860,2115,2976,11289,1424,-1218,0,0
-3145,1604,1761,9054,2218,-828,0,0
-2118,154,748,3873,2465,-840,0,0
-1328,-295,651,1004,3036,-492,0,0
-808,465,554,332,3897,-299,0,0
21,930,-346,585,4372,-416,0,0
1338,686,-1659,1927,3756,-427,0,0
2335,-385,-2649,5816,2864,-771,0,0
2317,-2523,-3342,9326,3602,-387,0,0
2199,-2117,-3336,9805,3402,735,0,0
2835,-147,-3144,6926,45,345,0,0
3333,222,-2244,2369,-2444,681,0,0
3354,965,-972,-60,-3785,470,0,0
2577,1547,-16,-909,-4202,-168,0,0
752,1106,1138,-206,-3992,-1053,0,0
-1457,-396,2659,3063,-2928,-1656,0,0
-3212,-578,3704,7966,-2149,-2632,0,0
-4072,1259,3387,10252,-241,-2567,0,0
-3878,1834,2579,9345,1187,-1579,0,0
-3155,962,1792,5360,2052,-1127,0,0
-2287,269,1357,2176,2898,-524,0,0
-1733,368,1138,1151,3329,-40,0,0
-1186,647,401,946,4139,601,0,0
262,1195,-968,1770,4748,443,0,0
2463,647,-2376,5347,4075,740,0,0
4019,-1115,-3306,10806,2792,1014,0,0
4372,-1681,-3845,11064,952,1261,0,0
3393,-546,-3677,5976,-1896,-301,0,0
2155,1189,-2970,606,-2253,-1648,0,0
1644,1720,-1093,340,-2382,-1725,0,0
766,252,578,690,-2886,-1246,0,0
-281,-1260,1259,-294,-3364,-162,0,0
-1282,-1025,2255,1532,-4278,-865,0,0
-3103,-2440,3954,5862,-5302,-1298,0,0
-4311,-1610,5427,8933,-2758,-1966,0,0
-3102,1242,4774,12639,1056,-2180,0,0
-1411,-554,2991,8891,2363,-1765,0,0
-831,-668,1909,3285,2616,-717,0,0
-878,1401,1361,1772,3087,12,0,0
-744,2119,711,1632,3613,-5,0,0
-35,1549,-246,1543,3906,-82,0,0
1202,1187,-1436,2322,3427,-152,0,0
2588,393,-2468,6769,2341,-261,0,0
3576,-1738,-3197,10736,1429,-61,0,0
4088,-1999,-3530,10763,-58,-236,0,0
4294,-1605,-3655,7998,-1896,-963,0,0
3934,-1848,-3373,4152,-1867,-682,0,0
3147,-1487,-2624,2305,-1894,-392,0,0
1922,-830,-1995,960,-2471,-345,0,0
294,-113,-1511,-373,-3680,-389,0,0
-1535,414,-502,-796,-4179,-195,0,0
-2906,433,1155,474,-3209,-757,0,0
-3392,-188,3118,4315,-2617,-1362,0,0
-3293,-209,4522,8247,-2022,-2648,0,0
-2735,1471,4969,10831,-601,-2878,0,0
-2425,1032,4226,8783,554,-1821,0,0
-2377,432,3624,4813,627,-539,0,0
-2528,1463,3374,2550,1185,474,0,0
-2615,1947,2892,2683,2710,550,0,0
-2233,497,2028,2756,4049,263,0,0
-1534,117,487,3208,4418,-175,0,0
-655,291,-1335,6925,3492,-712,0,0
305,-1590,-3114,9609,856,-1946,0,0
860,-2130,-3982,9065,-993,-2743,0,0
994,-1862,-3800,7250,-2267,-2703,0,0
833,-1362,-3237,4344,-2407,-2350,0,0
869,-726,-2484,2355,-2728,-2024,0,0
749,-815,-1767,845,-2844,-1429,0,0
425,-749,-1216,323,-2243,-1480,0,0
9,-1326,-437,306,-1827,-1582,0,0
-687,-2076,677,482,-1628,-1512,0,0
-1438,-1620,1926,1508,-1573,-1808,0,0
-2045,-303,3156,3667,-1724,-2206,0,0
-2408,954,4210,6820,-1958,-2921,0,0
-2490,994,4474,7614,-1787,-3511,0,0
-2419,106,4362,5210,-1204,-2532,0,0
-2399,-522,4656,4479,-1533,-1512,0,0
-2753,-851,4806,5571,-1871,-1328,0,0
-3439,-805,4683,6366,-1801,-1324,0,0
-4102,-668,4359,5673,-1773,-620,0,0
-6760,-72,4066,4805,-1839,-87,0,0
-5056,551,3895,4529,-1536,543,0,0
-4959,1117,3774,4566,-599,1166,0,0
-4281,1551,3540,4633,388,1273,0,0
-3325,1646,3360,4408,1123,1032,0,0
-2431,1798,3382,4660,1920,622,0,0
-1418,2096,3152,5218,3100,-12,0,0
-216,2219,2233,6076,4384,-2109,0,0
777,832,638,5983,4234,-4022,0,0
1168,-141,-1203,4915,2829,-3585,0,0
1267,30,-2664,5067,1631,-2142,0,0
1768,40,-3771,7400,993,-1411,0,0
2499,-1166,-4568,9383,241,-1347,0,0
2568,-2591,-4761,8266,-178,-1534,0,0
2191,-2485,-4247,5902,-565,-1624,0,0
1752,-1598,-3360,3452,-979,-1160,0,0
1383,-761,-2494,1600,-1658,-317,0,0
1075,588,-1592,-545,-2678,442,0,0
799,1924,-319,-1552,-3280,258,0,0
-280,1584,1088,-98,-4006,-262,0,0
-2080,104,2434,2642,-3745,-1057,0,0
-3280,121,3344,4656,-1949,-1691,0,0
-3330,968,3807,8714,-772,-2459,0,0
-2925,783,3921,10725,736,-2443,0,0
-2670,1581,3421,10301,1617,-2194,0,0
-2615,414,2258,5666,2676,-1157,0,0
-2270,750,1811,1992,4224,648,0,0
-1656,2286,1052,1319,5706,744,0,0
-208,2893,-190,775,6190,-155,0,0
2110,1056,-1594,2141,4240,10,0,0
3993,-1412,-2202,5247,2311,1645,0,0
4713,-2267,-2874,10798,1994,1547,0,0
4637,-2972,-3650,10526,1331,482,0,0
3978,-3113,-3359,7261,-1163,-702,0,0
2860,-2384,-2589,2384,-2479,-297,0,0
2134,880,-1572,21,-3231,410,0,0
1362,2298,-260,-217,-3913,394,0,0
-352,1128,849,316,-4241,173,0,0
-2086,-149,1882,1462,-3417,-435,0,0
-2975,-543,2817,4634,-2049,-1460,0,0
-3459,-102,3327,8422,-684,-2295,0,0
-3529,1397,3299,10808,979,-2409,0,0
-3180,1584,2292,9282,2074,-2098,0,0
-2583,718,888,4138,3414,-866,0,0
-1699,583,278,1351,3778,-28,0,0
-899,382,-115,30,3856,-206,0,0
166,513,-800,-167,4164,-781,0,0
1738,556,-1689,1863,3942,-718,0,0
3117,-88,-2507,7635,3614,-94,0,0
3694,-2291,-3445,10831,3579,-351,0,0
3682,-2529,-4142,8776,1642,-1315,0,0
3013,-2349,-3532,4241,-1243,-1221,0,0
1827,21,-2212,191,-2429,-28,0,0
1227,3166,-673,-434,-3341,386,0,0
457,2934,648,-471,-4314,45,0,0
-1187,631,2159,756,-4144,-286,0,0
-2576,-1645,3601,4302,-3138,-828,0,0
-3230,-1529,4313,8241,-1881,-2129,0,0
-3505,1285,3917,10032,435,-2042,0,0
-3331,2758,3079,9901,2064,-1449,0,0
-2586,1728,1811,6300,2559,-1090,0,0
-1698,326,1051,2907,2696,-843,0,0
-1155,-67,906,1156,3066,-692,0,0
-609,753,438,629,4098,-800,0,0
543,1369,-544,1252,4033,-861,0,0
2320,2005,-1764,3146,3311,-460,0,0
3974,999,-2403,9244,2856,887,0,0
4631,-4053,-2677,11639,3452,1526,0,0
4247,-4659,-3171,10342,726,393,0,0
2722,-2854,-3707,4266,-1601,108,0,0
1651,994,-2923,366,-2359,959,0,0
1469,3475,-1545,319,-3357,500,0,0
741,1943,-353,-332,-4085,-409,0,0
-763,44,1118,160,-3945,-553,0,0
-2238,-1266,2551,3275,-2959,-922,0,0
-3187,-1081,3521,7124,-1707,-1585,0,0
-3547,762,3350,10158,113,-2003,0,0
-3241,806,2865,10220,1597,-1608,0,0
-2582,353,2072,6258,2304,-1446,0,0
-1927,485,1449,2783,2841,-920,0,0
-1239,488,1193,1351,3945,-895,0,0
-74,98,446,601,4843,-898,0,0
1663,125,-929,684,3599,-1001,0,0
3140,-27,-1997,2343,2315,-621,0,0
3843,-795,-2169,7112,2361,-519,0,0
3802,-1873,-2335,9783,3084,-1193,0,0
3258,-1598,-2437,8581,971,-1313,0,0
2310,-1881,-1973,6259,-1556,-1099,0,0
1087,-1447,-1794,2259,-2906,-283,0,0
201,1247,-1429,-136,-3607,271,0,0
-490,2111,-475,-252,-4052,-25,0,0
-1659,542,823,179,-3614,-291,0,0
-2847,-711,2486,1573,-2293,-46,0,0
-3290,-850,3773,7019,-2007,-705,0,0
-2966,93,3801,10754,-471,-2341,0,0
-2285,1583,2846,10689,1168,-3323,0,0
-2260,911,1905,6572,1594,-3733,0,0
-2664,269,1284,2511,2095,-1768,0,0
-2568,1113,954,792,3397,0,0,0
-1402,1380,168,722,4627,639,0,0
741,-29,-933,547,4034,784,0,0
2888,-918,-1906,2131,3084,579,0,0
4103,-1092,-2740,9502,2432,-686,0,0
3936,-1823,-3691,12022,2370,-1501,0,0
3421,-1474,-4379,9514,29,-1979,0,0
2447,-1761,-3755,4566,-1556,-1270,0,0
1454,-464,-2649,971,-2622,115,0,0
989,1966,-1601,-378,-3644,363,0,0
415,2595,-415,-582,-4116,34,0,0
-918,1152,1122,25,-3726,-359,0,0
-2018,-714,2719,1776,-2280,-736,0,0
-2570,-1177,4118,6887,-1786,-1540,0,0
-2918,1299,4107,11419,-317,-2658,0,0
-2912,1270,2727,12025,1334,-2024,0,0
-2626,886,1316,5615,1731,-1386,0,0
-2187,-400,1104,1688,2335,-540,0,0
-1840,865,1019,1009,4121,-215,0,0
-960,1263,157,1167,4992,-486,0,0
719,292,-960,1478,3881,-825,0,0
2263,-507,-1892,3052,3216,-168,0,0
3049,-1124,-2428,8895,2931,292,0,0
3252,-2629,-3147,11466,3205,-6,0,0
3102,-2876,-3651,9001,-117,-1054,0,0
2227,-2722,-3307,2540,-1912,-669,0,0
1588,1097,-2200,-576,-2689,224,0,0
1539,4043,-701,-991,-3407,-461,0,0
324,2271,676,975,-4143,-1047,0,0
-1581,-3614,2339,1147,-3155,-706,0,0
-2051,-3572,4086,3366,-2411,-1506,0,0
-2405,1271,4251,10100,-1771,-3678,0,0
-2707,1983,3315,10667,603,-3408,0,0
-2324,1504,2342,7142,1607,-2361,0,0
-1861,827,1548,4304,1772,-1823,0,0
-1610,97,1158,2738,2195,-1276,0,0
-1596,222,672,1048,3629,-908,0,0
-1004,312,-525,343,4369,-974,0,0
327,-302,-2070,251,3838,-611,0,0
1557,-1067,-2875,3692,4350,-1012,0,0
2323,-4503,-3232,9269,4507,-2051,0,0
2095,-5027,-3529,6221,3012,-2716,0,0
2275,1352,-3071,5763,-93,-2968,0,0
2452,1635,-1798,3918,-1678,-1100,0,0
2286,872,-656,1475,-3072,360,0,0
1791,2133,-465,1490,-4047,-522,0,0
815,1733,-265,780,-3988,-729,0,0
-529,934,606,702,-3269,-1333,0,0
-1653,603,1815,2972,-2569,-2163,0,0
-2193,782,2863,7034,-2261,-3491,0,0
-2261,2202,2786,9546,-730,-4058,0,0
-2133,1943,1880,8375,225,-3357,0,0
-2243,620,1509,4229,1125,-1818,0,0
-2366,1064,1290,2609,1355,-978,0,0
-2357,1305,1027,1588,1809,-361,0,0
-1862,1150,682,1280,2562,-100,0,0
-631,351,156,1739,4112,91,0,0
1315,-500,-753,3259,5016,808,0,0
3063,-1555,-1644,9254,3510,1459,0,0
3815,-2846,-3115,12515,2357,1651,0,0
4269,-1950,-4781,11029,-52,1095,0,0
4340,-1908,-5157,6705,-1787,190,0,0
3794,-1998,-4597,3568,-2091,72,0,0
3112,-1188,-3957,3165,-2154,-133,0,0
2278,-765,-3549,2489,-2191,-267,0,0
1311,-145,-3366,1227,-2334,-462,0,0
420,50,-3025,317,-2636,-1350,0,0
-605,-540,-1851,-206,-2417,-2015,0,0
-1421,546,196,-407,-2006,-2836,0,0
-1193,3082,2215,3345,-2087,-4514,0,0
-1290,2358,4363,7401,-1429,-5424,0,0
-1021,1306,4764,6594,426,-3705,0,0
-356,1671,4201,5792,392,-2333,0,0
-178,1124,3982,4720,909,-1299,0,0
286,1489,3423,3827,2593,-871,0,0
1436,1067,2357,3988,4397,-996,0,0
2915,-574,778,4071,4806,-1003,0,0
4019,-1703,-1040,4368,3084,-339,0,0
4516,-2322,-2278,6832,1573,-111,0,0
4641,-3310,-2977,9255,1076,-183,0,0
4320,-3837,-3560,9697,94,-494,0,0
3446,-3816,-4013,8889,-808,-853,0,0
2253,-3268,-4371,6615,-1058,-663,0,0
1198,-2472,-4369,4809,-770,-317,0,0
540,-1870,-4095,4746,-330,-197,0,0
19,-1638,-3862,4542,71,-89,0,0
-501,-602,-3849,3607,310,21,0,0
-675,910,-3884,2780,416,-137,0,0
-439,1726,-3608,2175,479,-811,0,0
-33,1739,-2881,1714,554,-1633,0,0
429,1820,-1882,1774,66,-1950,0,0
971,2614,-1003,2331,-639,-1933,0,0
1756,2856,-428,2317,-1340,-2421,0,0
2391,2107,343,1742,-1903,-2542,0,0
2415,1752,1596,1766,-2117,-2763,0,0
1696,1745,2846,2400,-2079,-2602,0,0
631,2088,3751,4924,-2706,-3454,0,0
-494,1175,3738,7414,-2393,-4243,0,0
-1421,650,3138,6836,-1364,-3813,0,0
-2192,859,2783,7188,-2048,-3318,0,0
-2687,1054,2302,7479,-1319,-2699,0,0
-2267,1447,1393,6209,155,-2387,0,0
-1264,1185,422,3677,1414,-1755,0,0
-353,989,-55,2450,2733,-1631,0,0
378,461,-683,1716,2921,-1829,0,0
1050,-73,-1911,1499,2629,-1777,0,0
1680,-582,-3041,2864,2097,-1417,0,0
1933,-1862,-3684,6156,1694,-1268,0,0
1566,-2842,-4122,9077,1636,-1894,0,0
1035,-2783,-4310,9234,251,-2304,0,0
706,-2218,-3582,6158,-1330,-1963,0,0
690,-549,-2722,2910,-1738,-686,0,0
1073,1188,-1904,602,-2577,494,0,0
1561,2370,-682,-311,-3350,787,0,0
1252,2109,700,-62,-3429,101,0,0
60,680,1829,2120,-3151,-1150,0,0
-1332,169,2428,4168,-1917,-1960,0,0
-2585,3197,2366,6833,-251,-1954,0,0
-3541,2853,1960,9054,1208,-1957,0,0
-3630,821,2044,9036,1971,-1589,0,0
-3063,377,1455,6554,2210,-1874,0,0
-2467,-197,667,2790,2760,-1135,0,0
-1871,-81,179,856,3267,-104,0,0
-720,372,-552,354,3480,-249,0,0
1030,334,-1418,505,2879,-249,0,0
2659,676,-1923,2303,2795,156,0,0
3724,2444,-3992,6749,3257,1057,0,0
4237,1611,-2076,10862,3885,1931,0,0
3179,-466,-1763,3499,-1341,-111,0,0
2367,-302,-1325,267,-2474,-155,0,0
1452,1097,-237,-392,-3127,-410,0,0
-5,1208,911,-309,-3779,-657,0,0
-2137,858,1681,1039,-3478,-19,0,0
-4121,361,2492,4868,-2306,623,0,0
-4870,-260,3029,9746,-1085,451,0,0
-4043,404,2330,10606,1008,594,0,0
-2637,863,1498,8409,2174,88,0,0
-1696,275,1147,4815,2139,-534,0,0
-1305,-63,968,2022,2421,-440,0,0
-1122,279,814,745,2857,-209,0,0
-663,1229,235,354,3822,-230,0,0
739,1671,-846,1781,4078,-249,0,0
2528,-108,-1527,5279,3428,904,0,0
3601,-2689,-2067,9651,2832,1579,0,0
3841,-2749,-3025,9843,2134,655,0,0
3705,-2121,-3126,7958,-356,-290,0,0
3081,-3335,-2312,3870,-1381,-186,0,0
2283,-2020,-1556,351,-2950,571,0,0
1305,1040,-623,-398,-4319,443,0,0
-245,2158,325,-229,-4406,465,0,0
-1856,1765,1405,1005,-3183,-77,0,0
-2830,3,2823,4887,-1619,-459,0,0
-3240,-1252,3604,9431,-731,-2042,0,0
-3120,841,3067,10675,832,-3079,0,0
-2711,620,2030,7281,1419,-2469,0,0
-2599,-927,2023,3060,1917,-1764,0,0
-2591,-430,2229,1706,3215,-227,0,0
-2249,1391,1846,1826,3868,362,0,0
-1076,1486,294,2926,3762,-380,0,0
965,-164,-1322,2623,2969,-806,0,0
2992,-954,-2674,3628,2247,-827,0,0
4062,-1566,-3104,8240,2217,-1478,0,0
4146,-2369,-3002,10388,1778,-2173,0,0
3563,-2172,-3416,7415,-842,-2206,0,0
2552,-1854,-3123,2724,-1923,-1111,0,0
1491,-17,-1824,179,-2701,-124,0,0
287,1794,-513,333,-3302,109,0,0
-795,1222,469,327,-3803,-224,0,0
-1545,331,1474,4,-3678,-242,0,0
-2079,278,2806,2009,-2640,-747,0,0
-2610,488,3892,7615,-2311,-2281,0,0
-3024,1127,3725,10527,-607,-2890,0,0
-2740,1996,2823,8980,1173,-2196,0,0
-2105,1789,1746,5305,1798,-1713,0,0
-1575,1032,1319,2797,2495,-1152,0,0
-1105,857,1248,1984,4030,-1201,0,0
-228,1434,237,2317,4997,-1232,0,0
1357,517,-1490,2756,3680,-960,0,0
2818,-1257,-2519,4014,2487,-266,0,0
3449,-2969,-2965,9592,2018,-847,0,0
2961,-4251,-3733,10277,1585,-2173,0,0
2149,-2619,-3884,8177,-949,-2755,0,0
1083,-1992,-3176,3190,-2672,-1315,0,0
416,377,-2276,-9,-3537,285,0,0
304,1892,-1261,-403,-4195,392,0,0
-157,938,136,-585,-3875,472,0,0
-1044,-111,1999,238,-2946,-405,0,0
-1728,-403,3825,4565,-2054,-1974,0,0
-2113,249,4186,9179,-755,-3660,0,0
-2328,1521,3722,10016,1322,-3811,0,0
-2213,1595,2780,7712,1764,-3418,0,0
-1973,771,1977,4047,1831,-2448,0,0
-1804,20,1799,1871,2156,-1198,0,0
-1644,694,1504,978,4058,-367,0,0
-677,1518,-15,1614,5301,-546,0,0
1148,506,-1949,2712,4658,-520,0,0
2746,-778,-3188,6035,3213,-497,0,0
3455,-2055,-3644,9745,3021,-1307,0,0
3405,-2068,-3821,10246,1652,-1976,0,0
2778,-2065,-3470,6805,-1301,-1607,0,0
1703,-1337,-3013,2530,-2639,-354,0,0
980,959,-2144,-504,-3986,867,0,0
577,2718,-964,-957,-4497,820,0,0
-396,1661,675,162,-4130,92,0,0
-1633,-735,2505,2513,-2807,-1082,0,0
-2395,-834,4001,6597,-1652,-2186,0,0
-2804,1821,3916,10199,124,-3008,0,0
-2922,2865,3180,9889,1353,-2801,0,0
-2716,1249,2218,5546,1824,-2156,0,0
-2400,-44,1930,2612,2466,-1059,0,0
-2209,93,1808,1726,3350,-492,0,0
-1703,583,1148,1531,4695,120,0,0
-259,531,-242,2079,5009,120,0,0
1924,-432,-1916,4854,3755,72,0,0
3397,-2090,-3551,9772,2245,-160,0,0
3655,-2705,-4647,11376,2411,-898,0,0
3787,-2015,-4819,9413,-275,-1490,0,0
3306,-1473,-4511,4522,-2610,-1229,0,0
2332,-210,-3398,479,-3844,113,0,0
1208,1964,-1859,-1167,-4437,298,0,0
-279,2618,-266,-1017,-4717,-11,0,0
-1978,1224,1622,59,-3556,-486,0,0
-2883,-557,3361,4238,-2232,-1059,0,0
-3046,-967,4393,9079,-1225,-2732,0,0
-2723,1450,3956,10755,1019,-2400,0,0
-2336,2232,2808,9151,1857,-1983,0,0
-1991,821,1913,4715,1911,-1460,0,0
-1584,232,1617,1814,2211,-994,0,0
-1299,342,1485,928,3036,-509,0,0
-849,574,877,963,4253,346,0,0
497,1012,-606,2518,4311,-49,0,0
2237,-2112,-2302,5623,3274,31,0,0
3196,-1749,-3354,10557,2599,-583,0,0
3310,-1970,-4043,10871,1905,-681,0,0
3296,-1361,-4026,7917,-485,-928,0,0
2973,-1438,-3364,3669,-1520,-354,0,0
2525,-672,-2247,949,-2285,292,0,0
1990,625,-1325,-285,-2885,209,0,0
822,1027,-435,-465,-3599,167,0,0
-1018,424,860,254,-4214,-199,0,0
-2449,-475,2306,2163,-3759,-1005,0,0
-3102,-674,3713,5970,-3064,-1912,0,0
-3277,885,4632,9507,-1947,-2783,0,0
-3098,1967,4674,11426,-528,-2871,0,0
-2770,829,3655,7257,527,-1988,0,0
-2728,542,2931,3562,574,-996,0,0
-3098,771,2599,3028,932,-801,0,0
-3384,-169,2192,3154,1726,-7,0,0
-3141,-351,1418,2696,3040,617,0,0
-2254,558,-64,2945,3670,609,0,0
-887,565,-1702,4574,3450,244,0,0
428,-587,-2998,8465,2178,-681,0,0
1161,-1923,-3738,10276,1084,-1693,0,0
1633,-909,-4278,9178,-580,-2287,0,0
2062,-30,-4561,5904,-1975,-1969,0,0
2627,121,-4085,3124,-2291,-1380,0,0
3132,-159,-3290,1407,-2419,-1663,0,0
2853,-717,-2451,30,-2459,-1407,0,0
1697,-520,-1535,-2000,-2758,-2623,0,0
-87,-642,152,-690,-2017,-3265,0,0
-1302,-2456,1385,1566,-1859,-1502,0,0
-2268,-2527,2067,2300,-2229,-1448,0,0
-3142,-387,3180,3289,-2278,-1624,0,0
-3456,2238,4824,6539,-2638,-2431,0,0
-3466,2368,5944,10619,-3330,-3832,0,0
-3448,-430,5459,7777,-1703,-2873,0,0
-3011,-1168,5276,6371,-1454,-1932,0,0
-2571,-2576,5228,7376,-1546,-2260,0,0
-2406,-3630,5146,7725,-1593,-2410,0,0
-2875,-2952,4698,6596,-1696,-2159,0,0
-3762,-1475,4104,5136,-1712,-1512,0,0
-4541,-659,3712,4403,-2021,-708,0,0
-4870,-139,3483,3788,-1750,22,0,0
-4545,329,3340,3765,-891,393,0,0
-3592,78,3383,3920,-136,278,0,0
-2518,-236,3785,3629,332,270,0,0
-1654,508,4306,4005,636,44,0,0
-1004,1409,4639,4750,887,-40,0,0
-638,2641,4447,5465,1359,-171,0,0
-561,3318,3753,5949,2281,-471,0,0
-537,2380,2849,6231,3642,-1967,0,0
-481,534,1613,5676,4404,-3010,0,0
-236,250,153,4987,4075,-3102,0,0
325,74,-1193,5616,3061,-2649,0,0
1182,-1149,-2257,6071,1580,-1897,0,0
2112,-1005,-3374,5360,195,-1054,0,0
3150,377,-4193,6579,-625,-1079,0,0
3980,-836,-4232,6553,-856,-893,0,0
4276,-1824,-3792,5646,-728,-1115,0,0
4174,-2097,-3200,4725,-1008,-1657,0,0
3339,-2266,-2603,2872,-1404,-1443,0,0
2061,-1129,-2075,904,-1454,-794,0,0
961,1004,-915,510,-1720,-466,0,0
-205,1414,290,874,-2882,-726,0,0
-1623,571,1243,913,-3684,-703,0,0
-2783,679,2283,1658,-3085,-859,0,0
-3250,1741,3062,5288,-1877,-2122,0,0
-3208,1757,3127,9404,-914,-3428,0,0
-3040,1832,2470,8621,938,-3146,0,0
-2640,1824,1550,6388,2104,-2331,0,0
-2333,1247,1091,4342,2761,-1673,0,0
-2088,1091,604,2193,3458,-833,0,0
-1318,957,-103,392,3811,-722,0,0
216,1227,-964,-117,3358,-923,0,0
1906,1042,-1563,1686,2531,-251,0,0
3090,-236,-1822,6842,2460,547,0,0
3696,-2100,-2429,10949,3176,629,0,0
3833,-2330,-3170,9908,1490,2,0,0
3439,-2255,-3402,5893,-877,-818,0,0
2586,-2299,-2869,1628,-1876,-42,0,0
1840,297,-1675,-103,-2895,484,0,0
1107,2157,-837,-2336,-3939,3,0,0
-198,1433,332,-131,-3905,-218,0,0
-1755,-239,1809,1194,-2895,-691,0,0
-2721,-1188,3146,4878,-1773,-1386,0,0
-3144,677,3735,8862,-720,-2684,0,0
-3247,3497,3115,10930,1197,-2211,0,0
-2982,2342,2014,8958,1967,-2096,0,0
-2654,-95,1295,4323,2495,-1531,0,0
-2402,-141,866,1981,3220,-708,0,0
-1943,44,370,766,3917,285,0,0
-649,266,-407,622,3920,338,0,0
1240,34,-1345,1739,3502,440,0,0
2877,-463,-2131,5175,3028,606,0,0
3698,-1252,-2782,9212,3011,7,0,0
4004,-1403,-3294,9393,2489,-808,0,0
3831,-1637,-3093,6532,-149,-1285,0,0
2897,-1699,-2529,2412,-1356,-701,0,0
2051,229,-1611,11,-2490,121,0,0
1237,2200,-515,-165,-3406,-45,0,0
-112,1776,606,563,-3709,-464,0,0
-1655,4,1775,2131,-2997,-1038,0,0
-2723,-572,2914,4963,-1793,-1473,0,0
-3326,1338,3259,8534,-555,-2166,0,0
-3435,2459,2634,9866,1121,-1710,0,0
-3046,1130,1812,7361,1753,-1415,0,0
-2582,-385,1223,3741,2342,-862,0,0
-2161,-606,935,2194,3076,-480,0,0
-1573,-280,497,1049,3808,101,0,0
-350,415,-506,1011,3780,34,0,0
1363,419,-1535,2075,3135,-124,0,0
2820,128,-2152,5702,3251,235,0,0
3593,-1075,-2650,8953,3265,-222,0,0
3814,-1590,-3190,7908,1956,-928,0,0
3530,-1492,-3055,5541,-134,-1249,0,0
2678,-924,-2205,2102,-1330,-509,0,0
1992,1082,-1182,579,-2282,-330,0,0
1105,2179,-35,633,-3345,-525,0,0
-461,780,826,1862,-3575,-726,0,0
-1884,-1281,1607,2050,-2643,-1099,0,0
-2716,-646,2635,3860,-1555,-1347,0,0
-3294,1148,3147,7616,-673,-2185,0,0
-3359,1973,2916,9757,995,-2198,0,0
-2838,988,2106,8060,1972,-1636,0,0
-2382,-209,1315,4246,2208,-1272,0,0
-2161,-236,1016,1998,2686,-2664,0,0
-1790,41,677,833,3239,-141,0,0
-765,367,-38,388,3573,-222,0,0
829,591,-819,1107,3150,-352,0,0
2351,131,-1387,4089,3006,-210,0,0
3249,-1067,-1909,8615,3033,-456,0,0
3559,-1594,-2848,9528,2741,-1032,0,0
3589,-1370,-3301,8051,487,-1687,0,0
2886,-2094,-2838,4232,-1274,-1217,0,0
1730,-991,-2088,609,-2704,-168,0,0
740,1813,-3088,-183,-3671,-63,0,0
-488,2194,214,351,-3986,-167,0,0
-1867,298,1545,1298,-3155,-643,0,0
-2578,-1014,2903,3478,-1775,-1162,0,0
-2730,178,3562,7680,-704,-2533,0,0
-2778,1775,3194,9564,1166,-2581,0,0
-2640,1843,2396,8435,2236,-2043,0,0
-2434,643,1377,5098,2757,-1723,0,0
-2140,-218,536,2646,3154,-1364,0,0
-1637,-509,59,931,3242,-676,0,0
-733,-51,-435,400,3501,-152,0,0
724,403,-1300,1268,3424,136,0,0
2318,42,-1932,4556,3137,672,0,0
3290,-817,-2459,9569,3474,178,0,0
3812,-1110,-3149,9671,2477,-517,0,0
3866,-834,-3320,5933,-307,-1183,0,0
3220,-641,-2635,1955,-1858,-857,0,0
2364,938,-1321,-286,-3188,-860,0,0
1123,2078,28,-293,-4044,-866,0,0
-572,389,1346,1005,-4322,-1381,0,0
-2052,-2092,2710,3009,-3630,-1467,0,0
-3105,-1377,3581,5378,-2281,-1706,0,0
-3539,1156,3520,8581,-927,-2101,0,0
-3308,1327,2952,9030,835,-1569,0,0
-2689,1216,2398,6726,1774,-1109,0,0
-1860,1027,1595,4189,2293,-860,0,0
-1141,442,1240,2550,2755,-980,0,0
-707,239,879,1476,3718,-1026,0,0
62,490,-454,1490,4400,-1096,0,0
1413,-69,-2215,2063,3778,-685,0,0
2542,-635,-3102,5032,3487,-128,0,0
2987,-2096,-3380,9553,2896,-615,0,0
2632,-2009,-3894,9055,1839,-1562,0,0
2200,-916,-3837,6438,104,-1965,0,0
1689,-1213,-2870,2861,-1024,-1277,0,0
1433,149,-1920,831,-2734,-912,0,0
1349,1054,-935,463,-3858,-1186,0,0
693,112,333,337,-3604,-1180,0,0
-430,-462,1792,1354,-2865,-1549,0,0
-1384,-374,2877,3415,-1727,-1828,0,0
-1986,941,3363,6014,-533,-2542,0,0
-2351,2235,3401,7503,656,-2609,0,0
-2543,2394,3224,7750,1453,-2287,0,0
-2493,1213,2831,5710,2045,-1869,0,0
-2132,82,2519,3661,2633,-1539,0,0
-1664,-428,2041,2082,3258,-999,0,0
-889,231,1046,1518,4075,-635,0,0
535,716,-694,2194,3736,-585,0,0
2037,-193,-2414,3504,2890,-368,0,0
2878,-819,-3138,7981,2644,-1110,0,0
2907,-1315,-3494,10119,2513,-1786,0,0
2615,-1271,-3770,8296,357,-1951,0,0
2019,-1805,-3475,4614,-1108,-1324,0,0
1389,-897,-2591,1385,-2114,-76,0,0
1239,1784,-1632,368,-2971,325,0,0
1121,2364,-677,271,-3338,-121,0,0
412,571,596,843,-2994,-1099,0,0
-707,-1575,1842,2100,-2097,-1986,0,0
-1674,-383,3119,5237,-1561,-2831,0,0
-2312,1443,3242,8584,-730,-3795,0,0
-2447,1476,2957,8281,440,-4240,0,0
-2311,701,2479,4497,1123,-3318,0,0
-2177,204,2459,2933,1784,-1994,0,0
-1975,-222,2462,2787,2797,-1134,0,0
-3520,264,1637,2668,4314,69,0,0
-88,366,-432,3420,4847,538,0,0
1922,-1244,-2488,3527,3733,932,0,0
3278,-1818,-3464,7370,2425,37,0,0
3616,-1779,-3990,10143,1722,-762,0,0
3638,-574,-4765,9065,-174,-954,0,0
3393,-369,-4807,5107,-1239,-706,0,0
2955,-33,-4079,3217,-1443,-400,0,0
2465,449,-3396,2455,-1854,-292,0,0
1985,1041,-2795,1593,-2186,-624,0,0
1435,966,-2228,795,-2505,-1390,0,0
550,261,-1265,420,-2180,-1856,0,0
-382,-53,282,1443,-1516,-2538,0,0
-795,634,2096,4306,-1670,-3212,0,0
-878,2055,2997,7572,-1342,-4323,0,0
-882,1931,3008,7418,-444,-4418,0,0
-778,534,2895,4809,386,-3245,0,0
-570,77,2758,3460,498,-2374,0,0
-416,424,2474,2888,886,-1688,0,0
-174,662,1877,2585,1798,-1281,0,0
436,306,1104,2522,2758,-875,0,0
1380,-482,131,2795,3163,-551,0,0
2346,-1104,-897,3651,2591,-294,0,0
3106,-1696,-1789,6959,1405,-311,0,0
3439,-2945,-2489,8704,-600,-832,0,0
2850,-2592,-2710,8292,-2139,-1090,0,0
2066,-982,-3011,6094,-2279,-1090,0,0
2041,271,-2837,3535,-1944,-460,0,0
2128,48,-2129,2281,-1653,-157,0,0
2077,-349,-1628,2003,-1207,-332,0,0
2048,-318,-1122,2313,-740,-551,0,0
2022,-228,-786,3637,-460,-1083,0,0
1878,-180,-850,4551,150,-1516,0,0
1721,493,-1102,4756,718,-1719,0,0
1845,734,-1704,4784,800,-2034,0,0
2119,309,-2182,4337,512,-2003,0,0
2318,458,-2512,4217,187,-1889,0,0
2370,538,-2734,4323,-28,-1734,0,0
2240,141,-2735,4054,-150,-1450,0,0
2054,-157,-2530,3857,-329,-1453,0,0
1817,-591,-2213,3343,-674,-1742,0,0
1399,-773,-1777,2429,-935,-1886,0,0
930,-546,-1088,1626,-1133,-1955,0,0
566,-127,-208,1465,-1241,-2121,0,0
275,226,827,2771,-1425,-2428,0,0
-2,183,1769,5020,-2066,-2993,0,0
-456,267,1872,5125,-1934,-3014,0,0
-903,1018,1628,3432,-1414,-2111,0,0
-1111,1008,1914,3373,-1752,-1655,0,0
-1202,272,2380,4688,-2054,-1872,0,0
-1257,195,2521,5437,-1517,-1929,0,0
-1290,755,2132,5016,-424,-1821,0,0
-1161,959,1754,4506,495,-1624,0,0
-943,861,1534,3845,1480,-1387,0,0
-743,1271,1010,3420,2379,-1046,0,0
-311,1465,-154,3049,2821,-1151,0,0
617,703,-1372,2931,2116,-1396,0,0
1651,-454,-2087,3265,938,-1075,0,0
2386,-825,-2511,4758,617,-980,0,0
2910,-1440,-2699,7362,725,-1037,0,0
3060,-2367,-2658,8063,192,-1117,0,0
2819,-1876,-2693,6589,-411,-1300,0,0
2523,-1132,-2500,4708,-819,-1156,0,0
2185,-1006,-1921,3086,-1509,-843,0,0
1624,-287,-1450,958,-2620,-187,0,0
799,996,-729,52,-3505,114,0,0
-352,804,451,1080,-4197,-429,0,0
-1642,-659,1636,2346,-4360,-939,0,0
-2525,-375,2622,4760,-3339,-1656,0,0
-2863,497,3382,8590,-2871,-2558,0,0
-2539,1463,3540,8942,-883,-2649,0,0
-1774,2266,2783,6355,1577,-1826,0,0
-1203,1705,2039,5121,2928,-1544,0,0
-1178,657,1075,3252,3540,-843,0,0
-1043,643,-296,1425,3594,-696,0,0
-25,537,-1794,426,2706,-1783,0,0
1293,-32,-2603,940,1573,-1537,0,0
2085,-698,-2756,4866,1705,-1425,0,0
2363,-1784,-2794,9625,2236,-1926,0,0
2253,-1655,-3424,9184,1061,-1810,0,0
2040,-1393,-3156,5782,-728,-1669,0,0
1762,-714,-2227,2409,-1630,-821,0,0
1570,1240,-1290,751,-2576,-234,0,0
1329,1717,-200,507,-3104,-603,0,0
359,518,959,1222,-3475,-965,0,0
-1365,-836,1903,2524,-3240,-1326,0,0
-2634,-363,2562,3953,-1766,-1519,0,0
-3086,567,2706,8152,-1052,-2324,0,0
-3433,235,2450,8813,-424,-2508,0,0
-3325,163,1845,5802,734,-1621,0,0
-2896,293,1905,3559,1585,-1071,0,0
-2677,455,2306,2835,2333,-804,0,0
-2411,638,1979,2193,3667,-687,0,0
-1367,586,668,2297,4214,-1412,0,0
181,-565,-940,2285,3205,-1164,0,0
1388,-829,-2232,3659,2385,-746,0,0
2087,-802,-2795,8049,2142,-1145,0,0
2339,-1342,-3231,9036,1563,-1694,0,0
2442,-1011,-3392,6670,-252,-1752,0,0
2352,-1113,-3019,2670,-967,-1146,0,0
2186,65,-1913,505,-1728,-302,0,0
2099,1948,-950,155,-2266,-428,0,0
1584,1893,16,-43,-3020,-912,0,0
34,550,1099,274,-3551,-1032,0,0
-1686,-538,2505,2797,-3513,-1917,0,0
-2630,-874,3431,6707,-3208,-3320,0,0
-2951,756,3655,9646,-1755,-3870,0,0
-2840,1868,2949,9446,16,-3858,0,0
-2363,865,1808,5427,1462,-2222,0,0
-1923,749,1630,2733,2631,-1022,0,0
-1768,1351,1497,1869,3032,-18,0,0
-1425,1559,860,1168,3727,549,0,0
-197,1427,-286,1284,4015,222,0,0
1788,978,-1575,2280,3365,258,0,0
3744,644,-2904,6732,2341,735,0,0
4846,-1418,-3801,11820,2516,437,0,0
5207,-2537,-4325,11106,1089,-692,0,0
4903,-2041,-4483,6582,-1530,-1446,0,0
3829,-1597,-3509,2426,-2074,-914,0,0
2375,-17,-1879,-150,-2734,-237,0,0
1026,1848,-719,-494,-3361,-450,0,0
-644,1631,124,310,-3792,-431,0,0
-2424,-247,1238,1058,-3362,-573,0,0
-3461,-1337,2486,3541,-2321,-854,0,0
-3835,-740,3484,7090,-1333,-1752,0,0
-3674,857,3980,9351,672,-1920,0,0
-3228,2255,3805,10439,1723,-1756,0,0
-2893,1042,2581,6291,3180,-1027,0,0
-2306,-37,1587,2297,4454,226,0,0
-1570,-88,784,1166,4710,450,0,0
-397,-225,-315,451,4252,94,0,0
1242,-47,-1492,1157,2826,-448,0,0
2717,-447,-2338,4262,1907,-564,0,0
3499,-1050,-2680,8377,2083,-1275,0,0
3686,-1505,-2810,8741,2249,-1904,0,0
3485,-1261,-2389,6467,260,-1766,0,0
2816,-381,-1892,3366,-842,-1241,0,0
2083,440,-1157,1225,-2017,-251,0,0
1216,1628,-410,531,-3395,-354,0,0
-102,1276,108,528,-4025,-565,0,0
-1756,-298,1004,1461,-3770,-979,0,0
-2964,-1010,2186,4078,-2774,-1582,0,0
-3633,-42,2869,7159,-1535,-2290,0,0
-3671,1454,3213,9006,579,-1972,0,0
-3139,2489,2767,8950,2435,-1488,0,0
-2485,1268,1421,5582,3484,-887,0,0
-2004,71,380,1742,3831,-120,0,0
-1540,574,-261,234,3652,148,0,0
-506,1020,-811,-33,3328,135,0,0
1422,892,-1369,1142,2835,-75,0,0
3543,-2288,-1660,5509,2543,339,0,0
4663,-1549,-2199,10100,3058,-45,0,0
4946,-1773,-2740,9509,2372,-605,0,0
4636,-1710,-2850,5516,-608,-1399,0,0
3457,-1627,-1944,1508,-2165,-993,0,0
1729,42,-662,37,-3210,-553,0,0
-26,1254,31,-27,-3606,-562,0,0
-1452,1092,810,860,-3538,-740,0,0
-2650,-684,1780,2925,-2535,-983,0,0
-3397,-1444,2850,6024,-1453,-1553,0,0
-3615,768,3010,8485,-112,-1763,0,0
-3181,2759,2527,8649,1773,-976,0,0
-2122,1710,1864,6011,2278,-989,0,0
-1108,189,1448,2811,3066,-882,0,0
-579,7,1221,1560,3286,-906,0,0
-365,59,768,646,3082,-740,0,0
92,391,42,178,2559,-763,0,0
1050,1064,-463,1513,2255,-721,0,0
2162,850,-824,8755,2493,-207,0,0
2785,-2315,-1694,12425,2978,-165,0,0
2837,-2926,-2679,10053,1091,-586,0,0
2553,-2639,-3313,5827,-634,-942,0,0
2114,-2200,-2941,2183,-2159,-50,0,0
1548,-2,-2033,250,-3768,291,0,0
675,1280,-1095,-540,-4584,169,0,0
-533,936,143,-144,-4191,-270,0,0
-1590,-787,1617,1568,-2923,-1050,0,0
-2228,-1579,3051,4817,-1820,-1692,0,0
-2593,491,3474,7930,-567,-2611,0,0
-2672,2644,3367,9759,773,-2494,0,0
-2580,2046,2495,7671,1522,-2130,0,0
-2276,516,1839,3796,2596,-1311,0,0
-1884,143,1595,2261,2864,-876,0,0
-1534,218,1078,1272,3097,-417,0,0
-751,371,322,915,3546,-2,0,0
638,307,-568,2206,3329,24,0,0
2200,-486,-1706,6888,2602,-196,0,0
3127,-1791,-2943,10193,2112,-650,0,0
3483,-1852,-3728,9569,984,-1024,0,0
3489,-1611,-3830,7216,-543,-1333,0,0
3095,-1421,-3402,4324,-1199,-1143,0,0
2425,-980,-2636,2115,-2085,-359,0,0
1489,446,-1949,487,-2909,-5,0,0
469,1439,-1185,45,-3515,-256,0,0
-597,579,-37,200,-3442,-1072,0,0
-1478,-896,1355,762,-2504,-1605,0,0
-1996,-440,2975,4142,-1875,-2463,0,0
-2170,608,3635,8199,-1433,-3854,0,0
-2124,1097,3510,8763,-14,-3990,0,0
-1898,395,2867,6056,692,-3118,0,0
-1686,-147,2409,3944,748,-2006,0,0
-1629,-202,2228,2836,702,-1311,0,0
-1680,176,2065,1865,943,-708,0,0
-1643,561,1745,2110,1443,-689,0,0
-3480,219,1131,2646,2315,-816,0,0
-983,237,314,4442,3173,-1074,0,0
-409,-261,-1068,7822,2270,-2006,0,0
-90,-1280,-2538,8132,1530,-2601,0,0
17,-894,-3312,6383,463,-2721,0,0
148,-224,-3403,4310,-557,-2847,0,0
351,-269,-2857,3321,-1661,-2748,0,0
430,-618,-2388,2236,-2096,-2607,0,0
493,-701,-3904,1143,-1745,-2191,0,0
492,-978,-1077,711,-1320,-1937,0,0
258,-1494,-142,794,-1042,-1857,0,0
-133,-1874,1046,1334,-980,-2080,0,0
-669,-1667,2625,2518,-1290,-2107,0,0
-1456,-94,3939,4498,-1774,-2508,0,0
-2423,1547,4248,5828,-1452,-2484,0,0
-3120,1567,4214,5936,-637,-1909,0,0
-3296,605,4266,5960,-518,-1338,0,0
-3304,-238,4138,5825,-155,-913,0,0
-3405,-692,3858,5782,220,-520,0,0
-3621,-959,3446,5334,162,-370,0,0
-3842,-735,3072,4579,36,-247,0,0
-4035,-270,2805,4055,-116,-181,0,0
-4149,147,2701,3698,-103,-94,0,0
-4148,603,2688,3523,235,-43,0,0
-3968,1019,2675,3646,791,-214,0,0
-3640,1404,2591,4110,1225,-531,0,0
-3326,1513,2253,4409,1812,-815,0,0
-2927,1363,1729,4625,2365,-1070,0,0
-2332,1173,1132,5103,2597,-1492,0,0
-1494,676,363,5293,2523,-1906,0,0
-488,242,-438,5235,2137,-2122,0,0
497,-524,-1123,4718,1480,-1857,0,0
1228,-908,-3560,4251,1101,-1418,0,0
1681,-725,-1735,4102,803,-1198,0,0
1926,-746,-1927,3490,494,-996,0,0
2065,-740,-2008,2984,467,-909,0,0
2131,-836,-1808,3031,642,-1003,0,0
2091,-1188,-1426,3677,336,-1308,0,0
1744,-1527,-1083,3640,-463,-1610,0,0
961,-839,-554,2373,-1270,-1222,0,0
7,690,77,1771,-1939,-1184,0,0
-898,1233,708,1892,-2240,-1397,0,0
-1815,998,1302,2947,-2007,-1892,0,0
-2507,633,1951,5452,-1636,-2741,0,0
-2834,523,2504,7162,-1078,-3116,0,0
-2716,1234,2442,7210,53,-2981,0,0
-2308,1259,1955,5262,1133,-2228,0,0
-1877,797,1586,3507,2221,-1083,0,0
-1422,740,1111,2313,3175,-437,0,0
-618,896,68,1340,3522,-349,0,0
602,466,-1034,1279,3125,-493,0,0
1768,-338,-1736,2611,2544,-593,0,0
2450,-890,-2300,6622,2179,-822,0,0
2563,-1981,-2830,8934,2557,-1298,0,0
2443,-2082,-2973,8490,995,-1743,0,0
1980,-1598,-2683,5288,-681,-1718,0,0
1468,-622,-2074,2061,-1484,-678,0,0
1337,1085,-1083,373,-2539,23,0,0
1039,1850,-86,-4,-3164,95,0,0
62,1073,860,472,-3287,-200,0,0
-1251,-387,1877,2168,-3038,-697,0,0
-2328,-975,2641,4538,-2041,-1382,0,0
-3022,497,3044,7756,-828,-2365,0,0
-3378,1421,2973,9878,585,-2567,0,0
-3099,1437,2200,8381,1615,-2076,0,0
-2500,743,1220,4745,2396,-1371,0,0
-1962,5,935,2333,2965,-837,0,0
-1329,212,560,940,3632,-688,0,0
-239,573,-2352,337,3638,-604,0,0
1119,1018,-1398,1524,2985,-578,0,0
2225,1925,-2408,5276,3140,-262,0,0
2925,-852,-2994,8168,3446,319,0,0
2934,-3698,-3039,7511,3487,-64,0,0
2598,-2771,-2618,7471,1015,-1285,0,0
1881,-1516,-2160,3725,-1049,-1004,0,0
1502,1124,-1627,944,-1853,99,0,0
1505,3013,-532,660,-2913,-81,0,0
935,1613,374,1485,-3657,-1208,0,0
-565,-857,1240,1527,-3305,-1357,0,0
-2158,-1014,2337,2308,-1843,-1101,0,0
-3019,434,3180,6446,-692,-1557,0,0
-3221,584,3035,10022,683,-2080,0,0
-2886,283,2716,9347,2206,-1747,0,0
-2245,541,1601,5912,2385,-1593,0,0
-1711,410,817,2411,2571,-1192,0,0
-1432,596,692,648,3359,-715,0,0
-1010,2281,2,1241,4027,-667,0,0
354,1350,-1526,1859,3795,-808,0,0
2257,-370,-2466,2010,3123,77,0,0
3440,-664,-2864,5743,3383,429,0,0
3677,-2078,-2901,8029,3777,-197,0,0
3474,-1816,-2823,6980,2277,-1014,0,0
3091,-780,-2045,3695,-442,-951,0,0
2498,647,-875,1365,-2259,-181,0,0
1790,1768,177,823,-3278,34,0,0
778,1522,1215,1524,-3683,-475,0,0
-653,156,1889,2487,-3322,-1032,0,0
-1969,-558,2311,3095,-2125,-1545,0,0
-2862,156,2896,6057,-1214,-1973,0,0
-3529,467,2904,8871,-109,-2591,0,0
-3540,786,2695,9182,1266,-2142,0,0
-2896,986,1761,6155,2176,-1431,0,0
-2026,930,995,3210,2832,-988,0,0
-1372,413,640,1584,3124,-807,0,0
-768,288,88,659,3688,-781,0,0
396,481,-984,918,3624,-744,0,0
1830,347,-2083,2353,3236,-308,0,0
2877,83,-2897,6666,3129,260,0,0
3215,-1555,-3422,9619,3534,-267,0,0
3182,-1894,-3502,8608,1989,-1167,0,0
2816,-1299,-3082,4891,-891,-1281,0,0
2197,-98,-2129,1071,-2278,-306,0,0
1909,1982,-811,5,-3004,99,0,0
1439,2157,469,259,-3467,-372,0,0
144,590,1559,1471,-3572,-1077,0,0
-1651,-961,2506,3452,-2652,-1545,0,0
-2967,-481,3451,6654,-1400,-2369,0,0
-3572,706,3420,9133,21,-2909,0,0
-3468,1234,2911,8964,1450,-2281,0,0
-2834,975,1900,5437,2040,-1468,0,0
-2084,474,1309,2571,2555,-826,0,0
-1498,275,1217,1276,3042,-339,0,0
-874,783,638,744,3873,242,0,0
616,1278,-518,817,3973,595,0,0
2918,853,-1635,1409,4283,905,0,0
4578,152,-1953,6666,3336,853,0,0
4503,-1815,-2386,12693,2007,-964,0,0
3629,-1883,-3525,10432,122,-1481,0,0
2933,-1034,-3817,5586,-1063,-1070,0,0
2331,-1033,-2456,2417,-2035,-273,0,0
1681,-108,-913,383,-3308,100,0,0
965,729,52,-44,-4261,-160,0,0
-139,239,1201,268,-4175,-565,0,0
-1495,-337,2582,1515,-3046,-538,0,0
-2360,-606,3667,5435,-2245,-1240,0,0
-2613,-318,3899,8316,-1766,-2466,0,0
-2842,1753,3660,9405,-242,-2365,0,0
-3107,2400,2922,8071,536,-2052,0,0
-3158,2007,2333,5046,1798,-1172,0,0
-2910,1482,1948,3422,2696,-705,0,0
-2388,685,1287,2139,3893,-288,0,0
-993,205,78,1487,5129,64,0,0
1389,-494,-1553,1979,4146,-58,0,0
3388,-978,-2974,4893,2587,-15,0,0
4058,-1757,-4049,10007,1806,-836,0,0
3541,-2710,-4618,10290,1630,-1823,0,0
2912,-1989,-4660,7969,-516,-2225,0,0
2207,-1675,-4001,4741,-1328,-1708,0,0
1518,-1294,-2757,1333,-2802,-181,0,0
946,1152,-1740,-790,-3948,279,0,0
393,2385,-514,-561,-3943,95,0,0
-732,915,1218,259,-3356,-526,0,0
-1831,-370,2772,2274,-2240,-1021,0,0
-2447,156,3767,6646,-1605,-2137,0,0
-2816,1430,3947,9193,-234,-2789,0,0
-2889,2329,3717,10025,720,-2442,0,0
-2885,1594,2931,6491,1314,-1956,0,0
-2728,1071,2411,3373,2335,-1233,0,0
-2532,543,2099,2191,3353,-437,0,0
-1970,760,1362,1741,5165,654,0,0
-227,1045,-461,2978,5368,495,0,0
2185,-388,-2572,3802,3631,696,0,0
3742,-2976,-3942,8311,2023,337,0,0
3922,-2409,-4407,10530,2303,-583,0,0
3659,-2491,-4406,9084,646,-1448,0,0
3062,-2413,-3996,5433,-1222,-1732,0,0
2110,-2283,-3117,1701,-1707,-2592,0,0
1374,514,-2022,-457,-2755,309,0,0
898,3019,-1064,-350,-3295,126,0,0
-27,1789,155,127,-3304,-490,0,0
-1136,-234,1809,1218,-2821,-1225,0,0
-1987,-287,3297,4603,-2116,-2132,0,0
-2583,1243,4000,8316,-1130,-3111,0,0
-2736,2525,3953,10741,54,-2931,0,0
-2562,1600,3098,8285,996,-2233,0,0
-2227,539,2369,4403,1517,-1478,0,0
-2022,-39,2310,2613,2019,-1148,0,0
-1921,171,2233,1909,4219,-651,0,0
-1215,438,1192,2716,6204,-90,0,0
583,-292,-1289,3408,4983,43,0,0
2432,-1370,-3396,5112,2304,77,0,0
3072,-2238,-3986,8846,1621,-156,0,0
3034,-1998,-3976,9765,1507,-565,0,0
3092,-921,-3594,8495,-985,-974,0,0
2663,-1123,-3536,4764,-1606,-971,0,0
2201,-846,-3265,2351,-1365,-265,0,0
1991,-157,-2706,1178,-1811,134,0,0
1843,746,-2336,232,-2298,-171,0,0
1277,1002,-1759,76,-2261,-966,0,0
127,-54,-573,118,-2189,-2041,0,0
-1065,-320,1038,1400,-1893,-2947,0,0
-1674,1227,2627,5252,-1589,-4276,0,0
-1516,2022,3441,8537,-573,-5956,0,0
-1350,425,3354,7007,700,-5286,0,0
-1396,-270,2980,4081,1249,-3302,0,0
-1244,117,2470,3980,1246,-2404,0,0
-917,-293,1767,3391,1568,-1225,0,0
-323,-35,888,1920,2091,-110,0,0
760,605,22,1591,2863,327,0,0
2125,-150,-467,1821,3523,590,0,0
3468,-1049,-974,2946,3182,523,0,0
4534,-1966,-1776,7538,1639,-679,0,0
4836,-3769,-3121,9185,443,-2212,0,0
4466,-2786,-4182,8984,-1018,-2948,0,0
3762,-2017,-4623,7156,-1959,-2664,0,0
3052,-1928,-4676,4319,-1486,-1749,0,0
2678,-1618,-4152,2891,-970,-1165,0,0
2419,-1493,-3456,2653,-459,-1049,0,0
2118,-1312,-2840,3069,-105,-1193,0,0
1676,-934,-2440,4274,129,-1650,0,0
880,-659,-2485,5178,88,-1945,0,0
-81,116,-2943,4547,187,-1768,0,0
-588,1322,-3305,4277,348,-1720,0,0
-578,1888,-3429,4484,318,-1934,0,0
-174,2124,-3469,4401,78,-2263,0,0
538,2086,-3356,4273,-357,-2585,0,0
1198,1576,-3032,3674,-933,-2794,0,0
1707,1001,-2654,2258,-1481,-3111,0,0
1991,802,-2080,889,-1724,-3358,0,0
1852,379,-1117,169,-1685,-4226,0,0
1114,-430,276,-407,-1579,-4088,0,0
144,185,1877,733,-1643,-3723,0,0
-655,423,3054,4212,-1830,-3481,0,0
-1219,-221,3561,6072,-1780,-3523,0,0
-1631,427,3274,5887,-1325,-2908,0,0
-1938,947,2860,5518,-733,-2119,0,0
-1950,574,2759,5809,-286,-1822,0,0
-1639,553,2500,5303,307,-1685,0,0
-1258,1354,1984,3850,1194,-1154,0,0
-902,2064,1565,2782,2016,-863,0,0
-353,1714,895,2297,3327,-1453,0,0
667,365,-226,1714,3959,-1983,0,0
1908,-897,-1249,2561,3017,-2190,0,0
2717,-1893,-2112,6659,1407,-2851,0,0
2690,-2721,-3203,9145,1075,-3124,0,0
2208,-2573,-4079,7295,270,-2481,0,0
1787,-2233,-3886,5494,-613,-1991,0,0
1467,-1673,-3129,3643,-1340,-1288,0,0
1152,-145,-2292,1990,-2048,-397,0,0
853,1381,-1408,740,-3193,47,0,0
164,2256,-178,114,-4143,321,0,0
-984,2218,1040,461,-3765,-88,0,0
-1811,925,2079,2169,-2642,-1097,0,0
-2115,-160,3107,6840,-2044,-2749,0,0
-2396,567,3351,10144,-1038,-3802,0,0
-2622,1824,2091,8165,856,-2894,0,0
-2468,1599,1405,5195,1599,-1935,0,0
-2252,609,1328,3746,2152,-1332,0,0
-2072,444,1130,2196,2685,-494,0,0
-1477,826,336,1188,3245,-458,0,0
-53,494,-811,1045,3400,-1027,0,0
1782,-267,-1866,1553,2739,-786,0,0
3094,-795,-2462,5391,2441,-705,0,0
3426,-2848,-2671,9904,1977,-1684,0,0
2937,-2727,-3203,8772,685,-2304,0,0
2391,-996,-3486,5704,-913,-2144,0,0
1990,-852,-2731,2808,-1226,-1250,0,0
1592,169,-1652,837,-2423,-532,0,0
948,1617,-759,154,-3576,-593,0,0
-220,1571,204,8,-3763,-573,0,0
-1677,806,1482,646,-3344,-657,0,0
-2810,-335,2691,3298,-2470,-1033,0,0
-3296,-1028,3478,7896,-1689,-2649,0,0
-3247,225,3468,9504,307,-3012,0,0
-2690,2260,2679,9093,2022,-2423,0,0
-1911,2147,1484,6287,2596,-2040,0,0
-1237,551,741,2900,3099,-1864,0,0
-932,-12,377,658,3296,-1540,0,0
-500,372,-297,-278,3372,-1149,0,0
511,572,-1102,115,2965,-916,0,0
1684,-11,-1796,2590,2969,-416,0,0
2533,-1477,-2352,8621,3012,-794,0,0
2563,-2430,-3227,10632,3264,-1700,0,0
2250,-1789,-3683,8620,815,-2326,0,0
1625,-1721,-3021,4170,-1194,-1570,0,0
1203,561,-2112,687,-1967,-79,0,0
1519,2935,-1093,293,-3052,81,0,0
1486,1939,-2,-60,-3628,-254,0,0
487,154,1250,-31,-3479,-579,0,0
-999,-806,2591,2452,-2508,-1616,0,0
-2244,-846,3642,6184,-1749,-2836,0,0
-3125,1197,3776,9166,-551,-3571,0,0
-3376,2544,3086,9671,1075,-2799,0,0
-2972,1840,1960,6156,1805,-1939,0,0
-2458,488,1235,3171,2238,-1245,0,0
-2179,-132,1018,1484,2808,-672,0,0
-1828,209,605,806,3608,-83,0,0
-763,750,-310,1443,4116,9,0,0
1008,389,-1612,3318,3987,131,0,0
2561,-677,-2675,7861,3048,334,0,0
3166,-1720,-3374,9975,2684,-411,0,0
3398,-1503,-3692,8817,915,-998,0,0
3277,-1302,-3438,5200,-1059,-1082,0,0
2695,-527,-2681,1659,-2191,-35,0,0
2141,1503,-1501,351,-2891,283,0,0
1385,2006,-533,155,-3480,-45,0,0
11,776,537,266,-3538,-740,0,0
-1402,-312,1746,1101,-2763,-1447,0,0
-2532,-53,3042,4373,-1866,-1847,0,0
-3258,1120,3603,8951,-891,-2843,0,0
-3335,1609,3323,10660,728,-2515,0,0
-2967,1249,2373,7976,1677,-1855,0,0
-2639,241,1570,4386,2125,-1308,0,0
-2541,-389,1449,2364,2460,-423,0,0
-2337,171,1205,1167,3712,432,0,0
-1318,934,274,1548,5001,268,0,0
540,259,-1223,1992,4718,534,0,0
2391,258,-2515,4597,4092,877,0,0
3604,541,-2996,10563,3081,1260,0,0
3969,-1688,-3622,10599,1536,446,0,0
3895,-1934,-3962,6994,-1213,-738,0,0
3492,-1776,-3311,2229,-2490,-220,0,0
2989,97,-2151,-80,-3371,170,0,0
2265,1511,-546,-420,-3857,125,0,0
734,1296,1043,11,-3738,-76,0,0
-1080,639,2426,1571,-2925,-657,0,0
-2230,-10,3618,6166,-2065,-1758,0,0
-2874,117,3863,9811,-1279,-3456,0,0
-3284,2243,2986,9995,632,-3209,0,0
-3173,2103,1838,6758,1449,-2271,0,0
-2793,1455,1283,3717,2148,-1394,0,0
-2486,625,1063,2223,2375,-824,0,0
-2106,266,785,929,3098,-57,0,0
-958,923,-93,1053,3927,213,0,0
992,427,-1363,1878,3404,-36,0,0
2719,-525,-2068,4276,3266,236,0,0
3608,-1591,-2321,8772,2933,51,0,0
3770,-2521,-2493,8747,1620,-946,0,0
3674,-1580,-2299,5948,-757,-1091,0,0
3305,-187,-1726,3276,-1858,-493,0,0
2555,659,-913,1842,-2460,-58,0,0
1410,1040,-258,826,-2787,28,0,0
27,1019,56,668,-2721,-54,0,0
-1435,441,550,1607,-2560,-390,0,0
-2660,-636,1408,4045,-2021,-823,0,0
-3313,-224,2176,6849,-1359,-1812,0,0
-3314,2447,2246,9045,-46,-1993,0,0
-2802,3133,1437,8058,864,-2055,0,0
-2117,963,800,4342,1752,-1646,0,0
-1901,-201,817,2313,2835,-716,0,0
-1825,67,604,1487,3505,-310,0,0
-1056,373,-113,1323,4038,-207,0,0
653,44,-1082,1977,3258,-234,0,0
2374,-793,-1689,4288,2555,111,0,0
3267,-2009,-1885,8434,2539,-10,0,0
3429,-2561,-2190,9639,1996,-653,0,0
3259,-1550,-2646,7688,19,-1170,0,0
2782,-1125,-2821,3845,-952,-843,0,0
2295,-581,-2254,1243,-1860,-54,0,0
1708,741,-1496,723,-2459,47,0,0
698,921,-770,554,-3027,-55,0,0
-778,237,86,363,-3364,-418,0,0
-2162,-53,1149,681,-2506,-1135,0,0
-3023,739,2695,4012,-1387,-1937,0,0
-3393,1751,3688,10049,-1173,-2392,0,0
-3201,1844,3358,11554,1000,-2334,0,0
-2483,730,2331,7607,1864,-1698,0,0
-2130,-658,1699,3603,2517,-1021,0,0
-2010,-685,1331,1883,3093,-185,0,0
-1666,-116,707,1105,3712,300,0,0
-590,379,-367,1391,3920,132,0,0
952,-255,-1611,2148,3163,25,0,0
2192,-831,-2122,5290,2500,-93,0,0
2856,-1761,-2364,8725,2459,-834,0,0
3062,-1237,-2726,8744,1305,-1286,0,0
3026,-137,-2773,6234,-250,-1388,0,0
2864,-230,-2258,3142,-1068,-782,0,0
2593,-180,-1355,1331,-2430,-293,0,0
1900,585,-2912,452,-3878,-543,0,0
527,771,-274,157,-4269,-610,0,0
-1227,51,792,696,-3886,-939,0,0
-2578,-460,1961,2832,-3005,-1284,0,0
-3335,106,2977,6564,-2381,-1957,0,0
-3507,1247,3372,9269,-1247,-2147,0,0
-3205,1518,3080,9480,-91,-1807,0,0
-2717,427,2266,6722,757,-1450,0,0
-2287,-580,1857,4213,845,-968,0,0
-2103,-661,1828,2175,796,-654,0,0
-2038,62,1756,1566,909,-377,0,0
-1879,247,1354,1501,1444,-212,0,0
-1469,146,795,1697,2558,-142,0,0
-778,260,-37,4335,3937,-434,0,0
-20,-909,-1488,9153,2814,-1529,0,0
328,-1713,-2929,9466,1563,-2336,0,0
516,-399,-3733,7606,21,-2773,0,0
727,-159,-3786,5408,-1053,-2937,0,0
1013,-771,-3167,3924,-1982,-2807,0,0
1062,-1178,-2610,2295,-2196,-2630,0,0
914,-1175,-2155,1209,-1789,-2047,0,0
709,-1566,-1524,983,-1476,-1801,0,0
399,-2339,-650,922,-1352,-1540,0,0
-50,-2518,473,1090,-1655,-1591,0,0
-723,-1663,1709,1237,-2140,-1701,0,0
-1625,271,3110,1891,-2187,-1606,0,0
-2249,1646,4558,4353,-2095,-2292,0,0
-2445,1493,5546,6382,-2258,-2653,0,0
-2763,1602,5799,7640,-2242,-2031,0,0
-3217,682,5650,7880,-2029,-1504,0,0
-3475,-892,5658,7750,-1797,-1034,0,0
-3686,-1525,5529,7625,-1440,-368,0,0
-3928,-892,4792,7293,-686,412,0,0
-3951,18,3604,6077,-47,906,0,0
-3801,322,2564,4419,183,1038,0,0
-3672,245,2174,3493,175,750,0,0
-3504,494,2229,3293,146,408,0,0
-3256,1360,2467,3302,276,117,0,0
-3058,2524,2735,3889,587,-386,0,0
-2994,3096,2953,4595,1142,-1231,0,0
-2894,2915,2958,5439,2051,-1987,0,0
-2272,1913,2445,5949,3378,-2323,0,0
-702,974,1179,5493,3459,-2636,0,0
830,-161,-178,4310,2457,-2166,0,0
1588,-1361,-822,3745,1648,-1538,0,0
1851,-1516,-1248,4755,911,-1794,0,0
1966,-401,-2000,6325,467,-2006,0,0
2153,361,-2920,6761,7,-1747,0,0
2299,-675,-3484,5845,-399,-1458,0,0
2218,-1959,-3283,4845,-486,-1290,0,0
1914,-2155,-2764,4304,-586,-1412,0,0
1509,-1759,-2284,3324,-842,-1432,0,0
1190,-880,-1682,1979,-1321,-1188,0,0
930,48,-883,1111,-2012,-1079,0,0
305,478,481,673,-3143,-549,0,0
-1010,921,1977,1719,-3504,-352,0,0
-2234,723,2615,2690,-2772,-804,0,0
-2593,582,2724,2262,-2099,-886,0,0
-2506,896,3146,4484,-1751,-1383,0,0
-2360,294,3658,8987,-1562,-2763,0,0
-2079,674,3515,10141,-444,-3478,0,0
-1846,1937,2179,6878,656,-3024,0,0
-1750,1862,1518,3665,1376,-1973,0,0
-1652,1809,1358,1636,2750,-1088,0,0
-941,1658,881,1590,4737,-646,0,0
665,417,-215,2096,4898,-309,0,0
2341,-797,-1928,3507,3284,323,0,0
3214,-1202,-3562,8503,1604,50,0,0
3189,-2893,-4878,12166,1415,-772,0,0
2779,-3040,-5172,11430,-331,-1822,0,0
1906,-3299,-4696,6405,-2425,-1844,0,0
937,-1445,-3872,2373,-2496,-910,0,0
870,1333,-2727,298,-3096,288,0,0
1159,2278,-1399,-426,-4358,-5,0,0
403,1673,231,-927,-6005,535,0,0
-2126,2089,2438,-94,-6826,1558,0,0
-4244,2293,4076,4084,-4730,275,0,0
-3564,-712,5660,10941,-1404,-970,0,0
-1422,-1570,5882,14911,736,-2622,0,0
-673,454,2959,10345,1819,-2601,0,0
-1085,700,1092,3828,2077,-1492,0,0
-1655,979,1052,1960,2013,-893,0,0
-2134,1559,911,1685,2805,-780,0,0
-1793,1521,422,1910,3721,-1033,0,0
-429,740,-645,2649,3553,-1010,0,0
1319,-562,-2091,4205,2515,-470,0,0
2652,-1754,-3121,9311,1487,-52,0,0
3117,-2826,-3866,11829,1157,-549,0,0
3103,-2384,-4403,10350,-967,-1290,0,0
2426,-2532,-4540,5539,-1923,-1327,0,0
1617,-1937,-3450,2244,-2450,-362,0,0
1133,395,-2433,200,-3316,345,0,0
1086,2424,-1597,-632,-3927,294,0,0
616,2288,-149,-778,-3704,-48,0,0
-551,584,1751,-68,-3122,-751,0,0
-1615,-948,3573,3033,-2686,-1243,0,0
-2154,-857,4673,8140,-2677,-3199,0,0
-2489,1579,4476,11127,-1221,-4009,0,0
-2703,2110,3311,9470,221,-3310,0,0
-2580,1003,2437,5163,1118,-2278,0,0
-2416,292,2041,3345,1353,-1689,0,0
-2421,149,1777,1853,2054,-872,0,0
-2150,825,1198,1558,3529,-253,0,0
-1174,907,190,2432,4410,446,0,0
542,265,-1408,3120,3880,63,0,0
2387,-106,-2996,4650,2468,-215,0,0
3446,-436,-3748,7847,2136,-483,0,0
3927,-1130,-3768,10318,2165,-1399,0,0
4009,-1955,-3387,8547,-74,-1926,0,0
3439,-2543,-2954,5205,-1929,-1785,0,0
2530,-2502,-2394,2314,-2388,-2912,0,0
1739,-940,-2235,765,-3152,17,0,0
848,860,-1592,-23,-3959,198,0,0
-492,1623,-172,158,-4078,185,0,0
-1857,617,1371,845,-3056,-784,0,0
-2477,233,2939,3600,-2239,-2109,0,0
-2621,1099,3769,7559,-1677,-3519,0,0
-2781,2539,3835,9811,-369,-3934,0,0
-2996,2341,3115,7644,832,-2986,0,0
-3235,1433,2410,4584,1806,-1394,0,0
-3228,390,2097,2865,2558,-187,0,0
-2696,199,1712,1787,3705,516,0,0
-1413,685,764,2009,4692,554,0,0
705,306,-699,2819,4418,384,0,0
2879,-630,-2150,4780,2950,521,0,0
4027,-1586,-2971,9034,1803,75,0,0
4171,-2395,-3537,10253,1273,-954,0,0
3913,-2290,-3964,8176,-1086,-1776,0,0
3042,-2316,-3776,3738,-2094,-1440,0,0
2025,-712,-2929,1020,-2555,-481,0,0
1368,1477,-1807,528,-2960,-176,0,0
764,1662,-598,310,-3486,-415,0,0
-261,627,744,500,-3289,-852,0,0
-1391,-321,2046,1537,-2580,-1277,0,0
-2265,344,3020,4906,-1979,-2378,0,0
-2821,917,3337,7824,-1181,-3203,0,0
-2974,1571,3452,8657,71,-2937,0,0
-2709,1979,2784,6576,1062,-2337,0,0
-2301,1465,2072,4409,1829,-1639,0,0
-1955,201,1835,3019,2408,-1168,0,0
-1610,16,1511,1526,3487,-431,0,0
-792,1322,507,1863,4155,-199,0,0
794,850,-1143,2782,3344,-380,0,0
2528,-477,-2449,4107,2193,-263,0,0
3530,-1596,-3235,8257,1825,-778,0,0
3717,-2147,-3530,10409,2175,-1868,0,0
3632,-2025,-3587,9130,-329,-2353,0,0
2670,-2775,-3331,4240,-1819,-1552,0,0
1624,-897,-2719,646,-2808,32,0,0
1053,2086,-1655,-69,-3649,492,0,0
382,1873,-558,228,-3787,-6,0,0
-670,-276,1130,913,-3326,-777,0,0
-1520,-2024,2514,2775,-2473,-1797,0,0
-1953,-1278,3426,5655,-1630,-3362,0,0
-2287,1082,3453,8430,-436,-4464,0,0
-2606,1994,2911,7900,341,-4327,0,0
-2883,1421,2145,4166,1186,-2647,0,0
-2941,1225,2008,3050,1611,-1474,0,0
-2935,357,1957,2306,2386,-98,0,0
-2361,659,1324,1540,4081,493,0,0
-645,817,-276,2028,4564,-37,0,0
1438,69,-1821,2328,3985,-129,0,0
2895,257,-2673,6296,3034,-73,0,0
3375,-1243,-3000,9719,2652,-541,0,0
3247,-1614,-3562,8956,1280,-1437,0,0
2877,-1386,-3536,5772,-733,-1697,0,0
2337,-1082,-2951,1881,-1942,-806,0,0
2054,1067,-2000,339,-2947,-327,0,0
1671,1918,-743,-116,-3608,-614,0,0
474,757,814,118,-3464,-1152,0,0
-1085,-1002,2283,1471,-3173,-1875,0,0
-2363,-1009,3432,3745,-2288,-2331,0,0
-3078,785,3812,7936,-1117,-3363,0,0
-3130,768,3629,9816,145,-3667,0,0
-2824,736,2906,7748,1254,-2843,0,0
-2361,1642,1920,4545,2051,-1754,0,0
-1828,1213,1488,3016,2437,-1325,0,0
-1560,146,1212,1675,2896,-899,0,0
-1250,-52,593,784,3582,-472,0,0
-266,253,-570,1276,3773,-669,0,0
1156,-229,-2222,2308,3126,-576,0,0
2242,-329,-3256,5712,3051,-722,0,0
2736,-1898,-3438,9460,3607,-1583,0,0
2680,-2077,-3571,8102,2159,-1871,0,0
2484,654,-3662,5338,703,-1529,0,0
2648,1032,-2747,2792,-411,-960,0,0
2608,227,-1390,884,-2659,-731,0,0
1662,185,-478,122,-4346,-839,0,0
89,208,335,681,-4184,-1280,0,0
-1204,-945,1468,2499,-3710,-1941,0,0
-1997,-1585,2374,3139,-2554,-2199,0,0
-2249,598,2979,5654,-1130,-3007,0,0
-2101,1163,3408,7834,251,-3845,0,0
-1773,1391,3705,8680,947,-4162,0,0
-1754,1035,2887,6081,1470,-3641,0,0
-1910,361,2249,2550,1792,-2650,0,0
-2053,315,2203,974,2175,-1620,0,0
-2033,125,1937,1307,3044,-1097,0,0
-1490,-323,880,1756,4130,85,0,0
-198,-159,-1039,3405,4145,464,0,0
1113,-1526,-2551,6961,3195,-129,0,0
1407,-3158,-3546,8916,3103,-1912,0,0
1363,-1177,-4158,8643,1866,-2809,0,0
1767,730,-4101,6797,-605,-2448,0,0
2381,694,-3648,4308,-3180,-1134,0,0
2703,1225,-3057,1364,-5175,13,0,0
2788,2474,-2107,-701,-5768,-131,0,0
1827,1842,-544,-824,-5313,-1312,0,0
-547,-247,1543,-511,-3670,-2123,0,0
-2427,427,3585,4141,-2949,-2582,0,0
-3308,1655,4002,9702,-2342,-3866,0,0
-3365,2637,3479,10589,-210,-3464,0,0
-3001,1987,2623,7157,976,-2626,0,0
-2588,422,2156,4224,1492,-1773,0,0
-2144,-615,2029,3105,1837,-1138,0,0
-1663,-967,1794,2330,2526,-513,0,0
-850,-294,785,2044,3657,-97,0,0
594,126,-783,2529,3941,247,0,0
2131,-654,-2085,4218,3133,375,0,0
2875,-2217,-2921,8937,1860,-267,0,0
2813,-3384,-4025,10871,1190,-1221,0,0
2615,-1582,-5125,10245,-618,-1776,0,0
2471,-600,-5536,7512,-1793,-1591,0,0
2285,-1247,-5246,4529,-2126,-967,0,0
2091,-820,-4829,3046,-2045,-628,0,0
1992,-264,-4462,2408,-1997,-787,0,0
1698,-2816,-4008,1870,-2148,-1271,0,0
856,-1314,-3332,721,-2187,-1350,0,0
-48,-541,-2511,-208,-2061,-2104,0,0
-598,1032,-1138,-410,-1945,-2917,0,0
-725,2251,651,-56,-1363,-4517,0,0
-465,3351,2472,1391,-1151,-5528,0,0
-699,3702,3778,4574,-485,-4191,0,0
-816,2599,4076,5505,544,-3276,0,0
-345,1196,3707,4779,699,-2034,0,0
103,647,3174,3661,1394,-1271,0,0
774,826,2389,2947,2571,-648,0,0
1909,817,1430,3430,3856,-280,0,0
3263,-217,281,5382,3598,-126,0,0
4181,-2394,-1225,7728,1770,-518,0,0
4227,-4062,-2961,8451,470,-1304,0,0
3587,-3644,-4204,8669,-550,-2014,0,0
2585,-2986,-4497,8327,-1796,-2196,0,0
1374,-2591,-4866,5720,-2053,-1734,0,0
571,-1381,-4753,4006,-1377,-1174,0,0
358,-459,-4142,3688,-601,-788,0,0
261,-111,-3606,3824,-301,-590,0,0
120,269,-3358,3505,-234,-523,0,0
27,1124,-3206,2729,-56,-432,0,0
164,2267,-2853,2230,210,-558,0,0
538,2640,-2309,2021,194,-1020,0,0
972,2313,-1529,1703,-185,-1174,0,0
1563,2182,-578,1689,-831,-1624,0,0
2240,2271,237,1988,-1453,-2142,0,0
2546,2372,974,3144,-1912,-3105,0,0
2186,1306,1764,4734,-2362,-4012,0,0
1229,-142,2203,5086,-2605,-4233,0,0
76,221,2365,5005,-2542,-3839,0,0
-920,849,2659,5775,-2693,-3548,0,0
-1641,685,2981,6177,-2378,-3227,0,0
-2045,889,2876,5807,-1108,-2687,0,0
-2012,1079,2304,4808,311,-2216,0,0
-1642,758,1670,3624,1302,-1441,0,0
-1265,810,1080,2581,2316,-774,0,0
-768,1312,84,2445,3378,-599,0,0
157,876,-1251,2944,3458,-374,0,0
1387,-110,-2520,4296,2521,-237,0,0
2468,-953,-3574,9309,1426,-641,0,0
2889,-2080,-4599,11598,475,-1062,0,0
2785,-2162,-5153,9408,-1132,-1321,0,0
2369,-2372,-5008,5634,-1967,-1309,0,0
1831,-2106,-3931,3053,-2636,-579,0,0
1356,-315,-2977,356,-3879,299,0,0
1149,2043,-1927,-778,-4598,491,0,0
616,2228,-15,-500,-4143,-184,0,0
-657,124,1982,625,-3307,-1290,0,0
-1803,-1420,3628,3587,-2847,-1927,0,0
-2514,-111,4350,7566,-2163,-3097,0,0
-2917,1624,4255,9238,-738,-2907,0,0
-2901,1658,3886,9043,399,-2645,0,0
-2567,896,3397,6535,1261,-1971,0,0
-2119,720,2894,4052,1928,-1264,0,0
-1731,777,2410,2617,3274,-575,0,0
-1276,832,1520,2673,4658,-71,0,0
-261,586,-276,2821,4796,-16,0,0
1321,134,-2491,3307,3194,-347,0,0
2547,-733,-3622,6291,1825,-662,0,0
2911,-1985,-3988,9743,1489,-1732,0,0
2782,-1845,-4247,10022,447,-2301,0,0
2420,-1882,-4291,7116,-1307,-2212,0,0
1809,-1890,-3476,3618,-1757,-1277,0,0
1359,-629,-2921,997,-2973,-114,0,0
1040,1636,-2027,-534,-3988,239,0,0
362,1960,-390,-133,-4190,-221,0,0
-854,-188,1392,543,-3386,-1034,0,0
-1663,-1160,2952,1924,-2216,-1624,0,0
-1965,180,3999,6132,-1488,-2932,0,0
-2221,1214,4099,9511,-547,-3828,0,0
-2454,1691,3602,8967,620,-3547,0,0
-2485,1164,2870,5527,1230,-2424,0,0
-2407,532,2608,3704,1742,-1560,0,0
-2324,615,2387,2456,2966,-215,0,0
-1833,1881,1460,2377,4367,547,0,0
-400,1158,-88,2743,4937,404,0,0
1672,-73,-1764,2882,3730,155,0,0
3309,-298,-3115,5639,1970,-51,0,0
3851,-1319,-3645,9090,1799,-806,0,0
3784,-1917,-3777,9859,1409,-1648,0,0
3307,-1804,-3718,7173,-999,-1915,0,0
2374,-1938,-3028,3235,-1954,-1219,0,0
1773,-179,-2278,336,-2732,-315,0,0
1497,1791,-1247,-166,-3330,-22,0,0
667,744,-124,-642,-3393,-168,0,0
-623,85,1670,118,-3026,-696,0,0
-1771,-250,3198,4274,-2676,-1942,0,0
-2443,-390,3727,7975,-1869,-3799,0,0
-2526,1433,3481,9270,-498,-3979,0,0
-2262,1622,2766,7477,827,-3147,0,0
-1885,788,2230,5445,1745,-2428,0,0
-1803,-434,1759,3831,2186,-1761,0,0
-2016,-738,1304,1575,2642,-591,0,0
-1882,541,353,573,3330,-41,0,0
-697,1176,-1018,1027,3588,-582,0,0
1035,354,-2019,2057,3127,-774,0,0
2367,-276,-2446,6072,2308,-1199,0,0
2847,-1529,-2729,8936,2315,-1969,0,0
2902,-1628,-2914,7715,675,-2503,0,0
2751,-900,-3031,5229,-674,-2459,0,0
2509,-670,-2594,2445,-1845,-1376,0,0
2091,553,-1757,811,-3101,-758,0,0
1220,1141,-583,359,-3653,-638,0,0
-353,418,962,664,-3222,-146,0,0
-1565,-298,2285,1869,-2244,-763,0,0
-1717,-327,3251,4367,-1988,-2901,0,0
-2133,70,3583,7159,-1877,-5157,0,0
-3131,1369,3584,7180,-602,-5813,0,0
-3755,1825,2830,5500,353,-4188,0,0
-3750,423,2180,4080,1333,-1948,0,0
-2959,-1752,1930,3121,2488,83,0,0
-1510,-1140,1259,1871,3398,1222,0,0
193,768,-465,1644,3905,1175,0,0
1645,1112,-2122,1517,3640,362,0,0
2483,1040,-3327,3605,3555,-756,0,0
2818,406,-3870,9517,3292,-2701,0,0
2630,-820,-4390,10842,2197,-4017,0,0
2281,-594,-5104,7470,-556,-3496,0,0
1856,-780,-4606,3390,-1496,-1981,0,0
1618,-587,-3073,425,-3084,-505,0,0
1526,1772,-1621,-1548,-4134,-394,0,0
939,3234,400,-364,-4446,-674,0,0
-897,525,2261,2222,-3442,-1410,0,0
-1930,-404,3610,3279,-1915,-2039,0,0
-1970,-274,4516,6631,-942,-2795,0,0
-2042,2361,4204,9679,371,-3582,0,0
-2272,2645,3410,9068,1015,-3420,0,0
-2571,1048,2548,4617,1819,-2224,0,0
-2587,400,2236,2744,2579,-1365,0,0
-2519,13,1996,2091,3119,-664,0,0
-2112,146,1311,1721,4016,328,0,0
-725,1056,-372,2546,4504,728,0,0
1648,667,-2489,4511,3657,565,0,0
3455,-713,-3721,8299,2432,-1,0,0
3976,-1666,-4207,10180,2163,-1246,0,0
4075,-1640,-4358,8484,-159,-2067,0,0
3499,-1683,-3983,4158,-1738,-1718,0,0
2542,-673,-2937,768,-2591,-410,0,0
1794,2067,-1771,-715,-3367,-163,0,0
750,3187,-383,-326,-3837,-790,0,0
-1217,566,1134,1334,-3523,-1426,0,0
-2747,-2469,2885,3331,-2578,-1531,0,0
-3299,-714,3900,6751,-1753,-2725,0,0
-3429,2059,3761,9168,115,-2565,0,0
-3194,2194,3273,8790,1303,-2027,0,0
-2639,210,2474,5491,1872,-1395,0,0
-1979,-976,2211,2618,2271,-867,0,0
-1564,-630,2104,1333,2924,-324,0,0
-1261,273,1522,1368,3963,256,0,0
-417,1077,81,2370,4844,597,0,0
1399,705,-2023,4194,4222,358,0,0
3054,-712,-3503,8309,3006,-81,0,0
3587,-1509,-4217,11209,2715,-1365,0,0
3677,-1292,-4686,9952,228,-2055,0,0
3331,-1601,-4885,5583,-1445,-1731,0,0
2641,-2051,-3939,2499,-2155,-568,0,0
1697,-561,-2821,-588,-3674,471,0,0
901,2892,-1511,-1233,-4198,495,0,0
-397,3510,431,56,-3947,82,0,0
-2173,1026,2256,2193,-2951,-874,0,0
-2893,-621,3886,6068,-1980,-2341,0,0
-2665,389,4715,9883,-1119,-3748,0,0
-2258,1166,4143,10009,840,-4063,0,0
-1957,-245,3185,6667,1268,-3079,0,0
-2026,-786,2770,3453,1391,-1445,0,0
-2041,-66,2637,2336,2016,-101,0,0
-1761,897,2000,2568,3134,741,0,0
-1156,934,517,3024,4010,924,0,0
-35,446,-3440,3221,4242,585,0,0
1459,-64,-3016,5700,3264,-201,0,0
2489,-1231,-3830,9911,2242,-1417,0,0
2877,-1166,-4537,10268,730,-2363,0,0
3027,-489,-5108,7041,-1383,-2177,0,0
3013,-776,-4400,3591,-2158,-1118,0,0
2792,-471,-3141,197,-3940,-817,0,0
1944,1522,-1837,-1777,-4611,-1331,0,0
-82,1545,519,137,-5254,-1372,0,0
-2598,-1227,2633,993,-4230,-1178,0,0
-3180,-1191,4585,4320,-2943,-1323,0,0
-2735,-561,5259,9654,-2059,-2796,0,0
-2211,304,4892,10047,173,-2937,0,0
-1607,1302,3802,7472,1663,-2238,0,0
-1052,935,2722,5015,2002,-1711,0,0
-727,406,2110,3666,2105,-1491,0,0
-630,431,1487,2208,2533,-1041,0,0
-501,1145,518,1723,3092,-838,0,0
-80,1188,-811,2048,3283,-1013,0,0
785,547,-2296,3553,3161,-1579,0,0
1678,-888,-3426,7624,2491,-2482,0,0
1952,-2484,-4014,10123,2171,-3264,0,0
1893,-1718,-4454,8857,419,-3062,0,0
1835,-1049,-4593,5046,-584,-1831,0,0
2163,-680,-3882,3143,-1285,-537,0,0
2258,-220,-2970,970,-2716,378,0,0
1570,1549,-1975,-783,-3928,850,0,0
113,2259,-321,-87,-4246,406,0,0
-1477,119,1611,1259,-3676,-883,0,0
-2227,-1228,3573,3474,-2499,-1509,0,0
-2283,-63,4792,7586,-2430,-3231,0,0
-2221,1019,5113,10752,-1758,-4349,0,0
-2237,5,4704,9147,-688,-3739,0,0
-2313,-92,4074,5231,232,-2086,0,0
-2506,946,3807,3567,84,-792,0,0
-2797,1659,3618,2887,807,48,0,0
-2736,1654,2924,2980,2372,58,0,0
-2273,478,1716,3196,3826,165,0,0
-1390,-99,-38,3522,4547,-74,0,0
-270,-646,-1980,7275,2589,-1591,0,0
30,-2250,-3543,8683,1274,-3094,0,0
29,-646,-4533,9392,519,-4002,0,0
338,-33,-4951,8441,-1229,-4270,0,0
608,-436,-4462,5055,-2285,-3544,0,0
1003,-420,-3832,2521,-2674,-2662,0,0
1274,-484,-3152,956,-2312,-1948,0,0
1339,-586,-2250,396,-1833,-1497,0,0
1234,-1331,-1367,153,-1472,-1421,0,0
940,-2092,-254,88,-1205,-1362,0,0
524,-2499,1032,750,-1431,-1767,0,0
-244,-2597,2455,1278,-1969,-2050,0,0
-1449,-509,4228,2222,-2658,-1966,0,0
-2427,2401,5748,4927,-3144,-2762,0,0
-2797,2362,6909,7996,-3861,-3438,0,0
-3002,1221,7209,8448,-3369,-3041,0,0
-3116,328,6972,8624,-2676,-2676,0,0
-3043,-2541,7176,9766,-2709,-2997,0,0
-3130,-3795,7065,8601,-2553,-2880,0,0
-3935,-3304,6095,8186,-1842,-1685,0,0
-4607,-65,4640,6917,-246,985,0,0
-4032,667,3158,5392,1212,2407,0,0
-2417,880,2110,3496,1666,2352,0,0
-882,1705,2016,2504,1707,1365,0,0
87,2587,2263,2848,1331,-1353,0,0
-140,2290,2671,2888,1224,-3510,0,0
-1461,4482,3142,4976,2066,-3672,0,0
-2358,5146,2110,6947,3219,-4142,0,0
-2064,2668,653,4880,4419,-3999,0,0
-748,778,-567,4313,3678,-4021,0,0
487,-1316,-1391,4914,2101,-2785,0,0
1191,-1492,-2112,5684,1398,-1478,0,0
1943,428,-3334,7178,1255,-557,0,0
2914,-442,-4037,6763,655,-311,0,0
3148,-1476,-3765,4791,94,-885,0,0
2587,-968,-3270,3603,-291,-1856,0,0
1483,-922,-2482,2309,-846,-2295,0,0
318,-689,-1307,813,-1038,-1069,0,0
-375,707,-24,-205,-2147,429,0,0
-890,1849,1335,951,-4180,817,0,0
-1252,248,2312,2631,-4468,603,0,0
-1263,-330,2889,4149,-2595,-1160,0,0
-1340,650,3227,8356,-776,-3305,0,0
-1823,615,3123,10523,189,-4485,0,0
-2629,1660,2435,7857,2055,-3361,0,0
-3200,1350,1581,5832,2846,-1872,0,0
-3370,175,1006,3349,3342,-1458,0,0
-2921,-148,336,1376,3437,-675,0,0
-1763,-539,-462,633,3691,434,0,0
111,-242,-1607,1143,3698,1095,0,0
2106,-486,-3053,3100,3277,1501,0,0
3161,-249,-3786,7159,3215,1085,0,0
3289,-431,-4095,8927,3156,-304,0,0
3144,-517,-3967,7593,983,-1295,0,0
2868,-66,-2932,3790,-1373,-1299,0,0
2634,1546,-1565,1352,-2748,-681,0,0
2290,2055,-111,211,-3885,-509,0,0
1345,1502,1144,354,-4436,-830,0,0
-407,129,1955,1941,-4092,-953,0,0
-2248,-329,2584,4061,-2666,-1746,0,0
-3242,227,3084,7478,-1377,-2563,0,0
-3636,255,3092,10445,10,-2609,0,0
-3684,1198,2663,9410,1788,-2309,0,0
-3099,1743,1588,6135,3125,-1513,0,0
-2205,343,775,3164,3491,-1014,0,0
-1566,-444,152,836,3427,-261,0,0
-885,13,-555,176,4105,430,0,0
356,699,-1823,1209,4462,378,0,0
2157,891,-3227,3070,3763,920,0,0
3646,179,-3995,5965,3704,1025,0,0
4213,-363,-3986,8287,3740,177,0,0
4231,-729,-3418,7691,2242,-884,0,0
3803,-630,-2272,4113,-1167,-679,0,0
3015,874,-1016,1319,-3118,-89,0,0
2177,1832,89,313,-4224,-155,0,0
786,1118,1273,437,-4280,-1202,0,0
-1110,-681,2423,1333,-3671,-1620,0,0
-2596,-717,3326,3885,-2742,-2107,0,0
-3476,397,3767,7280,-1769,-2850,0,0
-3852,515,3596,9118,-361,-2507,0,0
-3666,941,3344,9675,1066,-2065,0,0
-3142,1200,2328,6797,2250,-1480,0,0
-2379,678,1554,3319,3418,-589,0,0
-1677,581,1136,1649,4342,-232,0,0
-809,667,126,970,4825,-221,0,0
636,474,-1420,1054,3922,-252,0,0
2130,242,-2688,2207,3167,307,0,0
3160,427,-3300,7188,2993,202,0,0
3536,-1257,-3850,10488,3498,-602,0,0
3494,-2026,-3887,9059,1377,-1458,0,0
3045,-1520,-3361,4727,-1350,-1705,0,0
2298,-379,-2311,1059,-2866,-654,0,0
1694,1620,-958,-177,-3830,-339,0,0
998,1832,274,-217,-4175,-725,0,0
-450,500,1682,860,-3897,-843,0,0
-2033,-856,3057,3748,-2161,-1493,0,0
-2792,-925,3783,7122,-972,-2688,0,0
-3189,420,3495,8760,585,-3038,0,0
-3287,943,3003,8916,1802,-2464,0,0
-2991,818,2263,5967,2076,-1645,0,0
-2501,1202,1754,3024,2752,-857,0,0
-1899,1286,1459,1713,3736,-586,0,0
-1057,954,591,1164,4463,-809,0,0
407,344,-830,797,4296,-883,0,0
2093,42,-2199,1545,3451,-366,0,0
3285,-22,-2995,6062,3326,0,0,0
3748,-1707,-3293,9888,3769,-476,0,0
3713,-1791,-3651,8769,2222,-1145,0,0
3328,-1160,-3280,5451,-391,-1515,0,0
2511,-453,-2298,1435,-1865,-415,0,0
1803,1876,-1056,276,-2788,190,0,0
1070,2533,-39,424,-3412,-132,0,0
-64,1106,864,1321,-3371,-956,0,0
-1389,-1110,1787,2238,-2788,-1658,0,0
-2590,-628,2752,4172,-1679,-1947,0,0
-3473,1493,2898,8029,-457,-2697,0,0
-3687,1481,2723,10015,958,-2311,0,0
-3262,591,2139,8594,1690,-1730,0,0
-2688,-198,1372,4800,2001,-1418,0,0
-2244,-730,1288,2267,2169,-827,0,0
-1910,-168,1411,176,3280,329,0,0
-1346,1248,751,259,4524,924,0,0
-104,1089,-540,774,4927,1256,0,0
1908,715,-2023,2393,3950,538,0,0
3696,136,-2549,8513,3259,-660,0,0
4375,-1299,-2692,12522,2853,-786,0,0
4466,-988,-3439,8722,336,-852,0,0
4195,-126,-3452,3664,-674,-573,0,0
3383,-231,-2114,707,-1479,-156,0,0
1970,922,-797,-191,-2540,189,0,0
190,1102,-10,-464,-3193,435,0,0
-1356,362,850,-259,-3169,411,0,0
-2367,-504,1929,2375,-3017,-499,0,0
-3069,-386,3016,6079,-2982,-980,0,0
-3039,2704,3283,8844,-1155,-1853,0,0
-2066,2605,3128,11695,284,-2551,0,0
-1733,-1290,2919,9004,804,-2220,0,0
-2116,-1415,2277,4089,1711,-1497,0,0
-2520,190,1814,2423,2639,-371,0,0
-2617,982,1175,2045,3908,87,0,0
-1843,741,-128,2434,4525,209,0,0
-191,-63,-1731,2544,4222,475,0,0
1736,-385,-3249,4688,3031,679,0,0
2928,-1390,-3898,8445,2307,469,0,0
3223,-1782,-4084,9882,2159,-758,0,0
3294,-1455,-3825,7739,-234,-1504,0,0
2968,-1215,-3224,3348,-1961,-873,0,0
2523,570,-2094,217,-3632,270,0,0
2011,2684,-889,-179,-4432,-631,0,0
797,1346,548,291,-4330,-1557,0,0
-1195,-1253,2267,753,-3433,-1684,0,0
-2557,-660,3627,3295,-2215,-2007,0,0
-3091,1205,4008,7873,-1136,-2936,0,0
-3198,1736,3663,9570,607,-2533,0,0
-2830,2338,2638,9212,1705,-1772,0,0
-2208,1064,1218,5623,2189,-1285,0,0
-1491,11,532,2757,2326,-878,0,0
-1012,41,349,1328,2461,-545,0,0
-627,739,25,665,3098,-350,0,0
233,1223,-751,1348,3188,-629,0,0
1652,304,-1746,2370,3226,-252,0,0
3025,-688,-2236,7008,3122,-245,0,0
3742,-2147,-2829,10181,2890,-863,0,0
3863,-1862,-3586,9228,1126,-1370,0,0
3358,-1823,-3740,4773,-835,-1286,0,0
2376,-1139,-2919,1244,-1569,-169,0,0
1504,1356,-1738,-395,-2473,-103,0,0
625,3278,-741,-13,-3243,-109,0,0
-734,1553,381,1241,-3642,-624,0,0
-1986,-1666,1786,2593,-2759,-1045,0,0
-2617,-1415,3007,5652,-1806,-2236,0,0
-2924,1098,3409,8547,-558,-2950,0,0
-2845,1938,3390,9439,775,-2895,0,0
-2523,855,2829,7040,1253,-2637,0,0
-2266,-516,2249,3636,1572,-1890,0,0
-2137,-776,2195,1736,2525,-970,0,0
-1913,45,1810,1611,3978,-356,0,0
-1150,363,347,2398,4477,373,0,0
301,-390,-1595,2871,4003,463,0,0
1791,-1102,-2974,5722,3067,309,0,0
2529,-1512,-3770,10399,3055,-390,0,0
3022,-673,-4476,11285,1740,-1040,0,0
3248,-358,-5051,7596,-934,-1206,0,0
2892,-613,-4772,3561,-1569,-545,0,0
2540,111,-3757,1843,-2112,123,0,0
2237,1515,-2925,-501,-3251,-525,0,0
1753,3560,-2102,-963,-3937,-1662,0,0
7,2656,-454,1062,-3439,-2201,0,0
-2023,-780,1325,1794,-1771,-2041,0,0
-2570,-1594,2921,4285,-1044,-1615,0,0
-2326,669,4043,8422,-545,-2627,0,0
-1921,2067,4093,10324,472,-3095,0,0
-1638,-105,3666,7626,1172,-2854,0,0
-1201,-1784,3383,4435,1398,-2124,0,0
-833,-928,2833,3091,1700,-1379,0,0
-503,-20,2082,2569,2702,-883,0,0
179,-379,1175,2651,3804,-461,0,0
1161,-1124,-36,2952,4466,20,0,0
2257,-1384,-1523,4338,3678,-23,0,0
3133,-2285,-2731,7697,2080,-324,0,0
3617,-3309,-3677,9737,1129,-926,0,0
3967,-3000,-4529,10237,-1525,-1768,0,0
3643,-2753,-5437,7278,-2161,-1560,0,0
3337,-1990,-5431,4741,-1455,-3056,0,0
3170,-1692,-4713,3644,-825,-700,0,0
2874,-1346,-4051,3778,-160,-827,0,0
2406,-789,-3588,4905,381,-1238,0,0
1514,-859,-3591,6036,241,-1561,0,0
289,-937,-4044,5323,-218,-1588,0,0
-627,113,-4387,4348,-430,-1499,0,0
-951,1135,-4339,3758,-282,-1428,0,0
-728,2205,-4006,3667,118,-1457,0,0
-8,2841,-3570,4108,64,-1514,0,0
938,2777,-2996,4437,-925,-1594,0,0
1865,2301,-2560,3261,-2022,-2348,0,0
2327,1704,-1899,1303,-2503,-3338,0,0
2001,1150,-660,61,-2364,-4284,0,0
945,1135,1014,-265,-1713,-3952,0,0
-28,1843,2694,3274,-1850,-3964,0,0
-681,675,3264,6004,-2006,-3940,0,0
-1127,796,3015,5515,-1170,-3044,0,0
-1091,606,2832,6665,-1078,-2705,0,0
-933,-517,2674,7269,-977,-3089,0,0
-1004,494,2149,6251,173,-2582,0,0
-1053,1996,1373,4550,1620,-1696,0,0
-698,2396,656,3523,2869,-1303,0,0
-81,1265,-241,2423,3424,-1181,0,0
607,227,-1263,1369,3328,-1131,0,0
1311,-84,-2305,1459,2497,-915,0,0
1874,-195,-3020,3893,2160,-526,0,0
2243,-1469,-3452,9168,2432,-664,0,0
2086,-2618,-4277,9416,2027,-999,0,0
1684,-1967,-4669,7027,588,-1307,0,0
1416,-1515,-3814,4602,-453,-1433,0,0
1464,-21,-2461,2171,-1711,-446,0,0
1824,1920,-1404,670,-3286,200,0,0
1856,2877,-129,-396,-4330,-34,0,0
794,2247,1465,128,-3641,-784,0,0
-950,382,2891,1592,-2621,-1575,0,0
-2357,102,3760,5295,-1646,-2122,0,0
-3329,995,3638,9770,-221,-2816,0,0
-3902,1510,2876,10547,1261,-2054,0,0
-3805,1710,1657,8597,2271,-1541,0,0
-3051,337,696,5597,2879,-1572,0,0
-2138,-1261,254,2732,3140,-1656,0,0
-1381,-1509,-117,379,2774,-1126,0,0
-533,-75,-708,-490,2623,-795,0,0
584,933,-1512,1151,2570,-723,0,0
1567,-378,-2195,3654,3345,-299,0,0
2140,-1594,-2821,8450,3513,-461,0,0
2156,-2969,-3513,7799,3098,-1304,0,0
2159,-1757,-3413,5653,758,-1639,0,0
2052,-116,-2466,2379,-981,-892,0,0
2039,2254,-1388,656,-1865,25,0,0
1999,2947,-137,449,-3123,-636,0,0
967,776,956,944,-3904,-1097,0,0
-748,-2180,1984,3058,-3319,-1879,0,0
-1768,-4097,3084,3193,-1370,-3158,0,0
-1834,16,4034,5231,-698,-4740,0,0
-2212,2607,3929,8303,619,-5462,0,0
-2128,1861,3145,6761,2168,-4230,0,0
-1642,1401,2214,4225,2742,-2600,0,0
-1303,535,1501,2396,3095,-1496,0,0
-981,229,710,1199,3525,-913,0,0
-401,586,-639,1610,3857,-1258,0,0
412,-154,-2392,2425,2718,-1270,0,0
1074,-824,-3856,3846,3008,-1246,0,0
1633,-1192,-4205,7076,3638,-2113,0,0
2012,-1414,-3788,8005,3045,-2771,0,0
2178,-870,-3274,5488,296,-2111,0,0
1944,310,-2311,1869,-1325,-558,0,0
1868,1861,-1116,296,-2695,399,0,0
1793,2150,102,-496,-3697,489,0,0
1059,1447,1248,462,-3857,-226,0,0
-249,69,2267,3039,-3353,-2288,0,0
-1646,191,3053,6612,-2803,-3984,0,0
-2865,1504,3051,8479,-1485,-4242,0,0
-3384,2331,2889,8594,118,-3861,0,0
-3274,1850,2410,7117,1240,-2878,0,0
-3041,557,1695,4052,2836,-1369,0,0
-2540,97,1119,1835,3595,-128,0,0
-1775,469,361,431,3985,358,0,0
-491,1782,-761,602,4130,89,0,0
1173,1272,-1882,2644,3381,-43,0,0
2501,-618,-2376,6066,3320,388,0,0
3197,-1221,-2862,9546,3291,-211,0,0
3458,-1293,-3271,8702,1769,-689,0,0
3290,-1498,-3028,4910,-182,-850,0,0
2847,-576,-2097,1394,-1618,52,0,0
2475,1402,-892,334,-3189,357,0,0
1674,1540,82,125,-4387,2,0,0
152,539,1074,692,-4427,-455,0,0
-1407,-168,2126,2727,-3264,-1436,0,0
-2579,413,3031,6134,-2168,-1959,0,0
-3399,2273,3102,9603,-794,-2437,0,0
-3493,2675,2565,9984,930,-1990,0,0
-3023,1249,1739,7317,1674,-1697,0,0
-2557,-271,1011,4275,2313,-1292,0,0
-2249,-482,615,1925,2593,-508,0,0
-1809,522,132,565,3165,95,0,0
-648,2114,-850,1313,3720,15,0,0
1205,1216,-1972,2434,3604,328,0,0
2879,-475,-2464,4846,3890,1325,0,0
3795,-2043,-2625,8087,3440,1315,0,0
3957,-2156,-3003,8032,1986,282,0,0
3687,-1460,-2951,5628,64,-638,0,0
3048,-1123,-2074,1793,-1461,-167,0,0
2518,466,-896,376,-2826,-126,0,0
1798,1142,236,-102,-3891,-537,0,0
358,881,1410,-260,-4214,-625,0,0
-1485,414,2672,634,-3972,-844,0,0
-2865,241,3689,6586,-4001,-1847,0,0
-3730,1198,3764,10776,-2667,-2487,0,0
-3952,3435,2899,10372,-55,-1099,0,0
-3432,2223,1987,8614,1518,-1230,0,0
-2654,132,1455,5422,2663,-1064,0,0
-2239,190,745,3148,3432,-619,0,0
-1810,99,-63,1566,3649,-46,0,0
-748,-91,-927,1144,3642,34,0,0
840,-433,-1941,1587,2779,-11,0,0
2188,-713,-2692,2924,2816,133,0,0
3025,-1987,-2533,7323,2412,-380,0,0
3187,-3093,-2418,8658,1623,-1707,0,0
2980,-976,-2776,7368,-283,-2067,0,0
2475,-222,-2525,3824,-1378,-1219,0,0
1967,781,-1626,1145,-2279,-95,0,0
1584,2284,-621,329,-3175,-30,0,0
752,1859,264,311,-3537,-526,0,0
-551,36,1189,775,-3322,-1185,0,0
-1731,-921,2392,2852,-2496,-1743,0,0
-2655,497,3248,7490,-1905,-2757,0,0
-3271,2222,2843,10045,-537,-2908,0,0
-3171,2136,1905,8275,945,-2229,0,0
-2633,325,1116,5154,1616,-1762,0,0
-2232,-559,780,3039,2146,-1299,0,0
-1908,-366,550,1762,3050,-403,0,0
-1088,290,-161,1516,3925,163,0,0
532,149,-1387,1977,3505,227,0,0
2220,-451,-2567,3289,3118,402,0,0
3169,-1199,-2956,6772,2728,7,0,0
3311,-2339,-2841,8633,2227,-1101,0,0
3046,-1578,-3287,7453,11,-1992,0,0
2432,-591,-3168,3712,-1399,-1474,0,0
1887,953,-2230,1216,-2244,-449,0,0
1667,2380,-1200,21,-3206,-772,0,0
783,3057,-126,-119,-3755,-938,0,0
-1172,1218,810,1190,-3418,-1332,0,0
-2853,-1797,2394,3319,-2168,-1331,0,0
-3522,-714,3586,7317,-1558,-2252,0,0
-3630,2693,3027,9695,482,-1862,0,0
-3016,2891,2258,8831,1900,-1271,0,0
-2092,314,1688,6371,1989,-1234,0,0
-1492,-1186,1304,3399,2531,-1170,0,0
-1120,-728,918,1952,3014,-689,0,0
-646,-68,7,1600,2977,-434,0,0
87,-234,-1141,1516,2601,-476,0,0
998,-575,-2112,1870,2490,-160,0,0
1799,-772,-2462,5265,2937,-175,0,0
2306,-1892,-2308,8931,2769,-760,0,0
2390,-1331,-2722,8462,1088,-1397,0,0
2229,-410,-3121,5718,-235,-1476,0,0
2045,-600,-2519,2549,-1191,-506,0,0
2000,710,-1654,608,-2675,-71,0,0
1775,2032,-726,-158,-3598,-384,0,0
717,1529,376,-34,-3298,-681,0,0
-814,137,1649,1166,-2463,-1351,0,0
-1949,-153,2822,4486,-1856,-1727,0,0
-2565,1056,3047,8177,-1307,-2561,0,0
-2883,2254,2647,9364,-3,-2918,0,0
-3010,1360,2095,8693,289,-2793,0,0
-3308,-517,1501,5571,458,-2151,0,0
-3551,-1190,1218,3543,505,-1313,0,0
-3667,-1235,1244,2026,631,-539,0,0
-3572,-412,1231,1450,1247,-133,0,0
-3173,369,834,1512,2525,375,0,0
-2241,676,-67,2556,4506,956,0,0
-467,-374,-1331,4627,4402,809,0,0
1114,-1610,-2448,7772,2921,67,0,0
1827,-1991,-3380,8454,2267,-1002,0,0
2337,-204,-3926,6558,978,-1752,0,0
2861,674,-3342,5127,-1113,-2067,0,0
2748,-372,-2462,3692,-2485,-2256,0,0
1933,-519,-2215,1766,-2255,-2042,0,0
1194,104,-1688,589,-1977,-1963,0,0
518,-255,-940,-144,-1941,-2098,0,0
-434,-658,20,-372,-1780,-1866,0,0
-1325,-864,1070,188,-1545,-1836,0,0
-1871,-1033,2118,1662,-1389,-1961,0,0
-2246,-297,3331,4374,-1425,-2264,0,0
-2622,2162,4395,8279,-1477,-2666,0,0
-3240,3474,4381,11237,-1425,-2595,0,0
-3631,569,3505,7185,-356,-1734,0,0
-3219,-1473,3418,4484,-225,-966,0,0
-2794,-2510,3757,4748,-450,-1080,0,0
-2648,-3137,3817,4912,-558,-1143,0,0
-2868,-2663,3475,5276,-779,-1380,0,0
-3539,-1737,2936,4851,-840,-1147,0,0
-4345,-535,2456,3889,-957,-655,0,0
-4886,436,2136,3309,-1005,-257,0,0
-5042,1080,2191,3050,-695,37,0,0
-4823,1748,2576,3234,-127,229,0,0
-4253,2185,3055,3993,482,191,0,0
-3424,2004,3339,4887,1470,92,0,0
-2285,1224,3123,5242,3306,252,0,0
-451,472,2369,4920,4418,-709,0,0
1047,245,804,4686,4331,-2406,0,0
1375,-496,-784,4189,3735,-2902,0,0
1270,-1109,-1695,5104,2363,-2743,0,0
1121,-1270,-2580,5030,1145,-2189,0,0
1248,-463,-3406,5450,686,-1538,0,0
1574,-1272,-3406,5696,632,-1286,0,0
1752,-2192,-2760,5609,309,-1385,0,0
1764,-2286,-1936,4226,-901,-1426,0,0
1343,-1000,-1368,1432,-1617,-876,0,0
960,1045,-682,185,-1800,-762,0,0
589,1165,552,88,-1913,-1362,0,0
-391,133,1968,-164,-2072,-1352,0,0
-1765,290,2940,1549,-2134,-1490,0,0
-2926,440,3129,4857,-1391,-2459,0,0
-3672,209,3455,7839,16,-2868,0,0
-4092,1649,3109,9216,769,-2410,0,0
-4088,2899,1992,7534,2002,-1606,0,0
-3130,1321,1243,4773,2818,-1408,0,0
-1919,-781,1057,2753,3335,-1210,0,0
-1015,-1143,860,1017,3723,-722,0,0
-11,386,62,819,3521,-601,0,0
1372,929,-1238,2400,2894,-739,0,0
2814,-369,-2355,4247,2558,-168,0,0
3644,-1503,-3031,7180,2484,-221,0,0
3730,-1928,-3319,7461,2412,-853,0,0
3483,-1625,-3286,7166,807,-1449,0,0
2774,-1808,-2784,4100,-726,-3272,0,0
