781,402,338,-1016,-1441,-597,0,0
210,87,366,-898,-1755,-29,0,0
-442,52,228,-2474,-975,-137,0,0
-996,234,-144,-4930,-562,-418,0,0
-1415,670,-491,-9124,1274,-836,0,0
-1401,1427,-1267,-10117,4472,-1414,0,0
-1397,1173,-2586,-6575,2965,-1135,0,0
-1654,539,-2730,-4902,1792,-571,0,0
-1648,754,-2173,-3486,1549,-99,0,0
-1527,739,-1823,-1771,1191,33,0,0
-1375,32,-1411,-607,933,460,0,0
-1008,-771,-885,-357,1638,1119,0,0
-332,-1174,-398,-468,2367,1212,0,0
473,-1164,509,-723,2127,339,0,0
1226,-847,2651,-5080,3954,303,0,0
1023,-366,2030,-10652,7949,-2133,0,0
722,-929,2190,-8840,5592,-3259,0,0
1055,-536,747,-5328,89,-568,0,0
947,685,865,-3329,-1230,-124,0,0
583,1105,843,-2524,-1422,-466,0,0
272,1557,483,-1976,-1907,-135,0,0
-272,1842,325,-1382,-2020,50,0,0
-862,2007,121,-1685,-1156,-316,0,0
-1135,2475,-382,-2959,-353,-342,0,0
-1480,1629,-993,-5502,-262,-552,0,0
-1882,922,-1025,-11385,2608,-1538,0,0
-1399,2316,-1827,-10932,5798,-2658,0,0
-605,2183,-3466,-5842,4107,-1751,0,0
-646,407,-3582,-3047,2533,-638,0,0
-1051,-463,-2970,-2190,1860,-174,0,0
-1211,-363,-2119,-1432,1747,355,0,0
-1216,-293,-1200,-1089,1703,1070,0,0
-1322,-542,-336,-913,1960,971,0,0
-1277,-791,401,-1233,2355,628,0,0
-957,-268,1242,-2743,3231,105,0,0
-436,119,2142,-4630,4493,-1439,0,0
-29,-828,2447,-6897,5163,-2392,0,0
240,-1062,1414,-6981,3545,-2952,0,0
510,-4,810,-5172,1679,-2148,0,0
549,686,606,-3992,626,-1736,0,0
524,840,112,-3434,-190,-1300,0,0
419,1026,-214,-2500,-713,-962,0,0
213,922,-335,-1847,-966,-703,0,0
-107,549,-481,-1769,-1014,-550,0,0
-474,419,-676,-2365,-797,-451,0,0
-861,548,-860,-3922,-241,-607,0,0
-1391,501,-975,-7354,496,-1260,0,0
-1780,1118,-1125,-9565,2806,-2262,0,0
-1598,1400,-2022,-7559,3494,-2130,0,0
-1280,686,-2584,-4619,2524,-1083,0,0
-1146,211,-2408,-2913,2060,-396,0,0
-1131,155,-1853,-1906,1674,-147,0,0
-1057,288,-1196,-1257,1332,134,0,0
-922,206,-508,-954,1130,471,0,0
-877,-176,194,-988,1050,393,0,0
-903,-251,868,-1428,1364,52,0,0
-773,770,1523,-3652,2985,-1414,0,0
-528,1371,2406,-6533,6196,-3100,0,0
-321,-364,1908,-7120,6745,-4014,0,0
269,-1110,128,-5454,2804,-2817,0,0
603,-125,170,-3818,1304,-1927,0,0
690,94,267,-2713,244,-1535,0,0
643,-491,136,-2535,-647,-915,0,0
507,-97,177,-2256,-1113,-735,0,0
280,646,66,-2107,-1548,-468,0,0
-156,1044,-116,-2356,-1973,-403,0,0
-860,809,-409,-3964,-1481,-875,0,0
-1455,756,-1051,-6176,-221,-1475,0,0
-1879,1033,-1931,-8344,1214,-2507,0,0
-2067,1047,-2529,-7618,3164,-2464,0,0
-1913,562,-3029,-5474,2530,-1130,0,0
-1788,241,-2738,-4721,2275,-310,0,0
-1554,465,-2031,-3471,2059,124,0,0
-1432,199,-1524,-2360,1522,400,0,0
-1394,-124,-953,-1814,1096,585,0,0
-1374,-147,-276,-1511,1018,632,0,0
-1379,-247,290,-1725,793,546,0,0
-1409,-213,759,-2900,976,-261,0,0
-1142,257,1003,-4624,2685,-1793,0,0
-555,482,1149,-6390,4881,-2580,0,0
-156,-518,657,-6184,5533,-3043,0,0
52,-1438,-528,-5051,3212,-2378,0,0
280,-365,-615,-4477,1979,-1805,0,0
684,862,-360,-3172,157,-1403,0,0
655,643,-203,-2280,-1134,-1029,0,0
305,141,-10,-1661,-1584,-881,0,0
-29,10,41,-1520,-1498,-786,0,0
-290,154,-87,-1068,-1554,-615,0,0
-755,-268,-169,-2026,-1547,-552,0,0
-1336,-465,-126,-6069,-1113,-999,0,0
-1598,512,20,-10439,1782,-1778,0,0
-1216,739,-871,-8794,3601,-1875,0,0
-962,-459,-2046,-4749,1455,-487,0,0
-1206,-605,-1968,-2963,979,-19,0,0
-1233,244,-1404,-2417,1186,22,0,0
-1065,843,-812,-1866,1051,183,0,0
-858,873,-152,-1622,959,185,0,0
-698,612,635,-1338,936,149,0,0
-733,66,1346,-1752,1306,-66,0,0
-624,99,2040,-3029,2543,-1090,0,0
-320,-269,2120,-6368,4667,-2130,0,0
222,-1086,1377,-8830,6083,-2147,0,0
880,-1282,194,-5699,3688,-2214,0,0
1186,-1344,-276,-3879,1543,-1223,0,0
1249,-387,95,-3092,378,-794,0,0
1082,62,309,-2198,-416,-641,0,0
779,150,315,-1454,-813,-395,0,0
443,-189,503,-706,-1076,295,0,0
-16,-901,855,-1192,-761,458,0,0
-261,-537,799,-3597,-107,-743,0,0
-185,302,294,-5979,-129,-1147,0,0
-467,247,-343,-9435,1265,-1402,0,0
-841,324,-1349,-8578,3157,-1544,0,0
-1268,811,-2530,-5956,2404,-636,0,0
-1705,1347,-2577,-4480,2328,-224,0,0
-1649,1554,-2073,-3624,1602,-147,0,0
-1409,1318,-1551,-2448,921,-130,0,0
-1177,678,-965,-1257,828,121,0,0
-971,-167,-264,-596,964,523,0,0
-816,-566,329,-1365,1711,650,0,0
-580,-373,817,-2086,2705,388,0,0
-11,-35,1253,-3543,3972,-279,0,0
788,-182,1528,-5889,4202,-1397,0,0
1143,-1123,2063,-8705,4915,-2528,0,0
1349,-1211,1130,-6464,3202,-1993,0,0
1326,-302,190,-3681,635,-1263,0,0
1227,603,280,-2880,-225,-830,0,0
1308,1132,520,-2597,-522,-753,0,0
1324,912,673,-2325,-809,-1191,0,0
1080,-58,504,-2405,-1151,-880,0,0
639,-560,174,-2518,-1437,-791,0,0
174,-379,-66,-3233,-1408,-999,0,0
-445,-27,-274,-5062,-777,-1039,0,0
-1308,332,-638,-7314,589,-1981,0,0
-1926,615,-1427,-7607,2756,-1973,0,0
-1996,1135,-2124,-5760,2845,-1109,0,0
-2126,666,-2044,-5183,2325,-1013,0,0
-2105,57,-1615,-4057,1735,-504,0,0
-1928,-83,-1285,-2830,1449,363,0,0
-1719,36,-840,-1953,1328,912,0,0
-1558,-29,-473,-1292,1293,600,0,0
-1315,-506,-120,-922,1088,224,0,0
-782,-484,597,-1217,1387,-82,0,0
-171,-125,1506,-2383,2908,-1056,0,0
432,-344,2356,-5493,4511,-912,0,0
457,-399,2447,-8486,6178,-2198,0,0
624,-873,906,-6772,4169,-2748,0,0
942,-468,-230,-4292,816,-1065,0,0
955,933,-140,-2924,-225,-732,0,0
768,1382,2,-2543,-512,-834,0,0
469,1252,-3,-2345,-783,-812,0,0
125,1039,-170,-1846,-1035,-841,0,0
-245,439,-448,-1408,-1476,-637,0,0
-680,17,-529,-2361,-1225,-457,0,0
-1039,741,-569,-5496,295,-1477,0,0
-1461,1138,-892,-9862,2409,-2588,0,0
-1555,1374,-1896,-9257,4230,-2400,0,0
-1428,992,-3130,-5323,2153,-1218,0,0
-1496,715,-3016,-4095,1946,-1086,0,0
-1224,1150,-2364,-3116,1866,-657,0,0
-1028,865,-1934,-1859,1342,-163,0,0
-984,-178,-1452,-1261,1133,137,0,0
-865,-884,-775,-1385,1106,825,0,0
-648,-139,22,-1566,1271,795,0,0
-612,263,1047,-2412,2002,-340,0,0
-688,-53,2069,-4057,3918,-1895,0,0
-572,-448,2556,-6285,5456,-3121,0,0
-278,-1341,2226,-6898,5280,-4496,0,0
585,-1474,1157,-4703,1727,-3311,0,0
1165,-786,905,-3531,-309,-2047,0,0
1320,130,1034,-3125,-1067,-1238,0,0
1034,587,1104,-2883,-1312,-670,0,0
568,1116,1014,-3119,-873,-553,0,0
41,1505,495,-3443,-504,-1009,0,0
-491,799,-378,-3662,-514,-1081,0,0
-964,239,-1161,-4314,-280,-888,0,0
-1443,456,-1717,-4735,271,-1100,0,0
-1963,602,-2112,-5873,738,-1225,0,0
-2452,1171,-2254,-7812,2480,-1749,0,0
-2380,1940,-2710,-6879,3629,-1704,0,0
-1995,1434,-2873,-5050,3279,-1017,0,0
-1670,566,-2439,-3642,2669,-378,0,0
-1503,-86,-1916,-2459,1928,72,0,0
-1384,-332,-1268,-1821,1462,421,0,0
-1233,-173,-380,-1551,1273,608,0,0
-1106,-43,515,-1405,1226,394,0,0
-1052,-202,1258,-1634,1537,-62,0,0
-945,-91,1907,-2594,2583,-1027,0,0
-608,-29,2106,-3635,3989,-2564,0,0
-150,-667,2013,-5413,4905,-2967,0,0
177,-659,1496,-6332,4435,-3324,0,0
349,-221,829,-5595,2930,-2579,0,0
469,520,378,-4408,1756,-1922,0,0
573,754,10,-3231,408,-1259,0,0
505,618,-189,-2541,-571,-915,0,0
271,499,-337,-2097,-1188,-727,0,0
-119,260,-450,-1720,-1328,-311,0,0
-661,81,-635,-2294,-845,-286,0,0
-1151,279,-1048,-3656,87,-439,0,0
-1707,305,-1626,-6397,911,-647,0,0
-2181,678,-1793,-9378,4004,-1889,0,0
-1718,1317,-2297,-7462,4847,-1597,0,0
-1364,823,-2786,-5224,2939,-510,0,0
-1309,675,-2218,-4169,2565,-356,0,0
-1152,889,-1739,-2644,1915,-129,0,0
-1101,709,-1368,-1419,1373,181,0,0
-1126,539,-821,-968,1471,220,0,0
-1057,223,-305,-636,1744,182,0,0
-844,-354,409,-786,1700,530,0,0
-638,-32,1670,-1762,2198,-280,0,0
-480,558,2917,-4317,3789,-1259,0,0
-314,118,3241,-8083,6898,-3800,0,0
205,-998,1706,-7379,5101,-3439,0,0
392,-1020,597,-3798,1264,-2159,0,0
375,-374,816,-2793,459,-1829,0,0
390,-210,799,-2576,82,-1393,0,0
276,-426,470,-2053,-242,-752,0,0
66,-332,107,-1797,-414,-504,0,0
-201,-181,-317,-2041,-805,-538,0,0
-463,38,-622,-2607,-718,-449,0,0
-847,99,-1034,-4207,-368,-455,0,0
-1516,81,-1391,-8599,1290,-864,0,0
-1844,425,-2153,-10261,4351,-884,0,0
-1508,885,-3110,-7523,4173,-591,0,0
-1167,1036,-2667,-4602,3323,179,0,0
-1223,679,-2021,-2710,2639,323,0,0
-1377,612,-1409,-1634,2182,41,0,0
-1260,1224,-692,-983,1691,-31,0,0
-907,1499,-70,-595,1620,277,0,0
-392,694,730,-788,1994,759,0,0
264,67,1654,-1896,2461,637,0,0
841,367,2337,-3075,2762,-305,0,0
758,-84,3052,-5139,4500,-2426,0,0
433,-1589,2609,-8026,6621,-4129,0,0
656,-1287,982,-6583,3999,-3380,0,0
897,-201,94,-3962,1040,-2368,0,0
822,-237,-142,-2487,-406,-1340,0,0
591,-623,-168,-1838,-1085,-756,0,0
363,-749,-103,-1328,-1527,-669,0,0
175,-552,-57,-1145,-1501,-549,0,0
-4,72,-202,-1763,-1111,-393,0,0
-413,364,-606,-3176,-960,-468,0,0
-1293,181,-971,-9142,269,-1805,0,0
-1257,1521,-1401,-11263,5244,-1262,0,0
-708,1188,-2790,-6593,4438,-1723,0,0
-979,-304,-3002,-3721,2847,-1049,0,0
-1017,-284,-1952,-2762,2651,-592,0,0
-840,-174,-1019,-1643,1948,148,0,0
-733,-447,-237,-997,1412,491,0,0
-492,-337,440,-500,1131,944,0,0
-263,-229,892,-275,942,1120,0,0
46,-211,1295,-363,1060,711,0,0
469,106,2088,-2575,2460,-428,0,0
723,-101,2992,-8893,7048,-3358,0,0
926,-1287,1535,-10814,7435,-4198,0,0
1037,-1073,-274,-6493,2425,-2804,0,0
1113,30,-223,-3503,238,-1722,0,0
1024,-23,-30,-2241,-1012,-958,0,0
719,-87,103,-1514,-1630,-551,0,0
248,216,61,-2920,-1874,-126,0,0
-453,446,-195,-775,-1643,82,0,0
-1097,704,-687,-1598,-1190,-392,0,0
-1601,953,-1135,-5166,-1139,-489,0,0
-1762,1931,-1024,-10243,1342,-1574,0,0
-1411,1968,-1680,-9350,4085,-1730,0,0
-1287,736,-2781,-6399,2556,-1472,0,0
-1186,842,-2255,-4807,2152,-818,0,0
-1138,1126,-1562,-3470,1996,-668,0,0
-1150,637,-1125,-2365,1483,-366,0,0
-1162,70,-690,-1808,1071,-56,0,0
-1080,-420,-354,-1088,711,450,0,0
-935,-1183,-114,-829,762,886,0,0
-682,-1828,117,-1144,1175,456,0,0
10,-1284,639,-2734,2582,-467,0,0
963,283,1654,-6940,4267,-1648,0,0
1230,492,2241,-9069,6091,-4127,0,0
1235,-922,1096,-6282,2612,-3326,0,0
978,-900,777,-4220,-295,-1818,0,0
781,481,1058,-3511,-1027,-1387,0,0
442,835,815,-3002,-1530,-871,0,0
-1,1016,368,-2197,-1914,-579,0,0
-414,1088,-20,-1433,-1974,-389,0,0
-880,550,-216,-1226,-1936,-270,0,0
-1314,10,-258,-3366,-1122,-58,0,0
-1611,697,-477,-6242,-291,-197,0,0
-2166,1318,-885,-9542,1980,-1362,0,0
-2370,1816,-2042,-9454,4377,-1747,0,0
-2002,1807,-2894,-6831,3837,-1243,0,0
-1480,1173,-2730,-4144,3004,-638,0,0
-1136,540,-2216,-2709,2205,-314,0,0
-883,360,-1576,-1941,1676,296,0,0
-756,229,-764,-1386,1578,432,0,0
-687,-220,-47,-1023,1475,534,0,0
-697,-661,583,-1022,1485,348,0,0
-741,-551,1205,-1686,2138,-533,0,0
-610,75,1773,-3595,3188,-1622,0,0
-500,1038,2439,-6246,4588,-3545,0,0
-269,1910,2346,-6559,5378,-4865,0,0
195,1569,1050,-4045,2270,-3608,0,0
234,484,568,-3167,735,-2677,0,0
360,377,454,-3076,327,-2091,0,0
422,324,116,-2408,-486,-1493,0,0
247,53,-265,-2125,-1058,-1217,0,0
-24,-156,-685,-1810,-1181,-957,0,0
-398,-372,-1071,-2317,-977,-621,0,0
-823,153,-1400,-3431,-210,-882,0,0
-1269,726,-1574,-5844,142,-1547,0,0
-1561,1829,-1508,-9380,3084,-3021,0,0
-1093,2580,-2389,-8562,4575,-3671,0,0
-629,1239,-3274,-5564,3142,-2310,0,0
-703,80,-3206,-3681,2786,-1348,0,0
-844,-394,-2783,-2203,2208,-512,0,0
-984,-570,-1993,-1353,1632,-363,0,0
-854,-308,-885,-574,1274,49,0,0
-800,-31,277,-101,1578,220,0,0
-799,497,1370,-481,2343,-490,0,0
-814,1009,2315,-1924,3519,-1983,0,0
-992,365,2984,-4744,5098,-4131,0,0
-815,-421,2622,-7103,5520,-5507,0,0
-211,-200,1501,-5148,2839,-4204,0,0
-27,-1097,994,-4161,1091,-3292,0,0
185,-1061,611,-4015,323,-2324,0,0
199,-404,75,-2954,-506,-1180,0,0
-211,-57,-487,-2273,-994,-653,0,0
-579,1086,-934,-2276,-1239,-31,0,0
-876,3027,-1471,-1523,-1762,-148,0,0
-1413,2634,-2104,-1523,-1653,-650,0,0
-1979,865,-2059,-6531,-531,-1967,0,0
-1743,1254,-1408,-12176,4883,-4260,0,0
-696,1342,-2708,-8821,6442,-3723,0,0
-332,50,-3762,-4470,3759,-2024,0,0
-335,203,-2951,-2559,3047,-843,0,0
-499,-56,-1951,-1226,2516,-95,0,0
-729,-644,-1170,-4,2253,1008,0,0
-677,-554,-75,1374,2323,1888,0,0
-366,-789,1151,1447,2545,1778,0,0
-99,-838,2526,-994,3141,-225,0,0
114,-1000,3889,-6895,5719,-2967,0,0
-82,-2331,3438,-11297,7529,-5116,0,0
-92,-1745,934,-7759,3410,-3954,0,0
113,490,-11,-3476,616,-2284,0,0
132,884,-89,-3021,414,-1747,0,0
102,824,-296,-2436,-265,-1110,0,0
-63,669,-381,-1507,-961,-657,0,0
-266,404,-478,-1138,-1473,-450,0,0
-479,279,-685,-1376,-1717,-144,0,0
-392,1472,-815,-3280,-1091,-1006,0,0
-185,1823,-821,-6165,-162,-2499,0,0
-199,630,-1278,-10359,3998,-3844,0,0
400,584,-2271,-7949,4442,-3240,0,0
435,-274,-2911,-4570,2573,-1295,0,0
-224,-1003,-2705,-3220,2219,-94,0,0
-919,-819,-2245,-2472,2372,67,0,0
-1211,-38,-1449,-1133,2459,338,0,0
-1356,114,-562,-32,2124,396,0,0
-1365,-352,255,337,2080,254,0,0
-1091,-400,1107,-100,2498,-171,0,0
-603,142,2450,-3499,4629,-1821,0,0
-10,-239,1853,-9585,8817,-4724,0,0
898,-1584,2299,-9730,5554,-3927,0,0
1158,-1245,901,-5629,1125,-1946,0,0
961,-322,757,-3531,-346,-1030,0,0
800,-269,579,-2316,-1212,-527,0,0
638,-231,388,-1428,-1670,-271,0,0
493,-166,235,-827,-1752,-317,0,0
367,-156,-2,-1016,-1475,-528,0,0
272,-213,-383,-2069,-1286,-643,0,0
-234,-811,-724,-5890,-1511,-684,0,0
-1052,-98,-1164,-11869,1553,-2385,0,0
-1201,1519,-2567,-10675,4566,-1740,0,0
-1574,1078,-3702,-6738,3576,-943,0,0
-1744,803,-3038,-4126,3232,-497,0,0
-1532,845,-2032,-2268,2547,-25,0,0
-1330,351,-1329,-760,1729,356,0,0
-1117,-98,-667,298,1448,714,0,0
-792,-391,-93,761,1542,1039,0,0
-294,-236,692,656,1907,671,0,0
296,124,2187,-1396,2890,-144,0,0
473,-57,4319,-8373,7131,-2940,0,0
555,-1056,3774,-11089,8042,-4829,0,0
822,-1012,1519,-6811,2453,-2384,0,0
668,-162,1168,-3858,-178,-1654,0,0
452,-86,1092,-3005,-774,-1292,0,0
284,89,730,-2184,-1263,-1024,0,0
98,300,322,-1559,-1511,-774,0,0
-216,358,-211,-1397,-1458,-769,0,0
-657,618,-913,-2272,-1509,-742,0,0
-1097,1131,-1348,-4706,-1692,-594,0,0
-1457,1941,-1167,-11191,1927,-1500,0,0
-1140,2429,-1980,-10212,6535,-2024,0,0
-992,805,-3510,-6090,3720,-926,0,0
-1108,592,-3070,-4382,2892,-298,0,0
-1094,962,-2169,-3200,2474,-164,0,0
-969,511,-1569,-1989,2055,131,0,0
-687,107,-926,-694,1503,706,0,0
-595,-517,-308,82,1588,1129,0,0
-415,-551,301,257,1748,1143,0,0
-124,-143,1162,277,2039,242,0,0
94,31,2783,-2447,3350,-1126,0,0
-104,-725,4715,-7901,8683,-4650,0,0
184,-1905,2876,-9955,7615,-4581,0,0
615,-711,667,-6232,1754,-2643,0,0
649,347,480,-3889,139,-1696,0,0
510,4,2,-3529,-747,-609,0,0
296,292,-511,-2979,-1438,179,0,0
1,785,-1056,-2616,-1414,454,0,0
-404,784,-1832,-2542,-1287,179,0,0
-647,907,-2427,-3310,-960,-116,0,0
-764,727,-2532,-4565,-985,-405,0,0
-1178,151,-2076,-9043,800,-1099,0,0
-1288,1092,-2203,-8689,3781,-2676,0,0
-1344,530,-3031,-5865,3137,-1787,0,0
-1662,154,-2882,-4598,2801,-1223,0,0
-1732,536,-2210,-2918,1894,-505,0,0
-1762,347,-1539,-1658,1136,154,0,0
-1667,53,-874,-1006,878,420,0,0
-1459,-127,-276,-628,898,675,0,0
-1138,-18,437,-871,1103,284,0,0
-525,629,1436,-3335,2234,-1289,0,0
198,306,2533,-6843,4711,-2910,0,0
548,-1193,2155,-7596,4346,-4185,0,0
435,-1544,1362,-5716,1922,-3834,0,0
271,-306,1252,-4077,658,-3090,0,0
302,316,1093,-3164,-347,-1991,0,0
144,18,723,-3069,-918,-1364,0,0
-31,309,313,-2648,-1459,-682,0,0
-305,786,-130,-2349,-1725,-55,0,0
-708,1127,-551,-2852,-1669,-92,0,0
-1066,1416,-877,-4128,-1459,-499,0,0
-1525,597,-1449,-6320,-1128,-1004,0,0
-2075,-125,-2109,-10191,934,-1739,0,0
-2030,1174,-2966,-8814,3396,-2052,0,0
-1898,533,-3547,-5271,3263,-1073,0,0
-1953,-382,-3229,-3218,2601,-245,0,0
-2212,-138,-2311,-2167,1804,160,0,0
-2504,693,-1170,-1220,1541,244,0,0
-2269,945,145,-691,1741,813,0,0
-1718,696,1199,-2171,2308,514,0,0
-996,517,1551,-2866,2266,-68,0,0
-458,-288,1467,-2355,1926,-508,0,0
-100,-838,1717,-1898,2512,-1452,0,0
-4,-1029,3364,-3986,5067,-2423,0,0
-153,-1251,4053,-7836,8030,-4392,0,0
53,-990,1847,-7084,4064,-3353,0,0
72,-352,635,-4014,203,-2125,0,0
111,378,521,-2644,-593,-1480,0,0
138,117,304,-1916,-1291,-796,0,0
44,-166,179,-1493,-2070,-198,0,0
-267,422,44,-2059,-1982,-100,0,0
-612,1409,-232,-4114,-107,-294,0,0
-1171,827,-1048,-6996,2082,-612,0,0
-1867,-223,-1983,-10935,4904,-655,0,0
-1649,757,-2704,-7884,6445,-777,0,0
-1157,810,-3354,-4603,4406,381,0,0
-1219,378,-2897,-3028,3521,877,0,0
-1338,449,-2164,-1834,2785,867,0,0
-1326,834,-1411,-1119,2252,845,0,0
-1126,1016,-407,-701,2016,898,0,0
-896,617,506,-374,1665,1138,0,0
-802,-6,1217,-636,1808,893,0,0
-630,140,1890,-2120,3317,70,0,0
-276,131,2234,-4442,5637,-1247,0,0
-133,-2006,1825,-7221,6042,-1447,0,0
-41,-2359,733,-7786,4482,-1729,0,0
322,-291,5,-5355,2400,-1358,0,0
257,268,-360,-3186,1023,-967,0,0
227,106,-567,-2306,-175,-573,0,0
255,281,-374,-1675,-896,-450,0,0
187,441,-140,-1093,-1150,-435,0,0
17,517,-22,-854,-1442,-418,0,0
-100,602,370,-1438,-802,-215,0,0
-298,358,716,-5705,2074,-281,0,0
-546,319,191,-10712,6284,-1599,0,0
-489,291,-1268,-8683,6387,-922,0,0
-714,494,-2351,-4169,3273,-170,0,0
-1106,927,-2194,-2340,2367,5,0,0
-1163,1226,-1691,-1545,1891,157,0,0
-1016,1285,-1112,-911,1498,188,0,0
-814,976,-455,-528,1236,308,0,0
-554,683,198,-608,1191,324,0,0
-112,533,955,-829,1469,321,0,0
276,347,1925,-1964,2802,-131,0,0
628,-36,2493,-4909,5665,-1941,0,0
743,-2022,1990,-7495,6969,-2789,0,0
555,-2642,336,-6485,4833,-2780,0,0
602,-465,-483,-3873,2308,-2190,0,0
748,521,-461,-2505,934,-1583,0,0
797,73,-436,-2021,-343,-1126,0,0
736,-101,-165,-1906,-1012,-864,0,0
581,219,128,-1838,-1198,-628,0,0
243,501,178,-2040,-920,-565,0,0
-217,428,11,-3545,153,-1345,0,0
-488,535,-188,-5733,1270,-2393,0,0
-652,723,-356,-7503,3748,-3015,0,0
-661,209,-1150,-6173,4066,-2117,0,0
-832,-154,-1999,-4249,2184,-3176,0,0
-995,519,-1808,-3631,1776,-709,0,0
-1021,1173,-1547,-2993,1175,-496,0,0
-1214,1094,-1323,-2280,986,-457,0,0
-1114,1105,-776,-1637,1491,-87,0,0
-762,663,-225,-1243,1758,370,0,0
-467,-334,135,-1363,2145,186,0,0
-37,-695,794,-2038,2595,-109,0,0
337,-389,1603,-3357,3547,-901,0,0
405,-619,2258,-5465,5020,-2744,0,0
360,-1611,1617,-6420,4763,-3482,0,0
300,-1097,668,-5032,2600,-2786,0,0
315,287,641,-3837,1445,-2311,0,0
334,529,562,-2971,500,-1574,0,0
150,125,393,-2422,-336,-1244,0,0
-60,64,353,-2009,-868,-974,0,0
-312,213,197,-1858,-1071,-575,0,0
-644,435,-91,-2885,-489,-810,0,0
-877,741,-513,-4547,531,-1287,0,0
-1017,1031,-938,-7415,2119,-1523,0,0
-982,1467,-1404,-7908,3827,-1785,0,0
-879,1042,-2140,-6119,3470,-1191,0,0
-951,727,-2200,-4428,3141,-903,0,0
-909,921,-1792,-3211,2540,-881,0,0
-808,976,-1438,-2143,1793,-549,0,0
-876,580,-961,-1427,1589,17,0,0
-915,336,-310,-1101,1560,494,0,0
-799,307,310,-933,1505,744,0,0
-635,301,887,-1643,1730,526,0,0
-485,544,1391,-2777,2951,-663,0,0
-237,92,1559,-4689,4459,-2260,0,0
-1,-555,1624,-6638,5458,-3878,0,0
193,-724,687,-5726,3837,-3554,0,0
238,-214,-206,-3339,1263,-2368,0,0
130,284,-161,-2640,319,-1770,0,0
58,534,-22,-2517,-104,-1525,0,0
-104,555,-14,-2152,-715,-1317,0,0
-452,348,-81,-1952,-1106,-1081,0,0
-820,321,-273,-2299,-1069,-823,0,0
-1092,791,-533,-3711,-359,-959,0,0
-1212,1426,-1009,-6386,915,-1932,0,0
-907,2311,-1591,-8735,3064,-3185,0,0
-61,2875,-2421,-6439,3677,-2887,0,0
63,696,-2822,-4845,3125,-1945,0,0
-292,-715,-2709,-4417,2709,-952,0,0
-481,-327,-2349,-3005,1920,-370,0,0
-760,-319,-1777,-1830,1352,-349,0,0
-956,-496,-1023,-1172,1105,214,0,0
-986,-162,-184,-1013,1228,716,0,0
-1023,250,519,-1092,1644,459,0,0
-1095,281,1112,-2149,2523,-452,0,0
-1045,367,1932,-4004,3854,-1778,0,0
-1080,-698,2304,-6725,5851,-3979,0,0
-611,-997,1140,-6718,4377,-4120,0,0
-364,-523,334,-4196,1813,-3083,0,0
-227,-10,264,-2982,536,-2329,0,0
-9,427,258,-2548,-186,-1947,0,0
103,604,262,-2501,-490,-1694,0,0
94,657,58,-2473,-635,-1336,0,0
-103,385,-372,-2476,-966,-748,0,0
-497,408,-777,-3274,-811,-542,0,0
-883,993,-1090,-4651,-125,-616,0,0
-1376,1203,-1287,-7201,1197,-1249,0,0
-1763,1370,-1515,-8192,3812,-2144,0,0
-1726,1123,-2293,-6543,3958,-1712,0,0
-1530,815,-2475,-4532,3021,-1125,0,0
-1324,439,-2110,-3188,2284,-636,0,0
-1231,68,-1799,-2205,1637,-218,0,0
-1208,-46,-1453,-1218,1255,164,0,0
-1039,-151,-907,-187,1347,480,0,0
-570,-439,185,100,1855,796,0,0
-58,-53,1514,-2006,3247,-45,0,0
378,924,2263,-4764,4903,-1925,0,0
204,-562,2246,-7304,5364,-3136,0,0
-132,-1247,1408,-7369,3947,-3598,0,0
-18,111,354,-3973,1179,-2892,0,0
203,802,66,-2388,-58,-1959,0,0
331,837,158,-2148,-582,-1491,0,0
242,631,287,-2469,-806,-1181,0,0
-8,645,188,-2771,-864,-911,0,0
-494,502,-96,-3456,-544,-781,0,0
-992,705,-567,-4413,81,-909,0,0
-1357,991,-1117,-4639,542,-1252,0,0
-1693,491,-1636,-5325,1101,-1427,0,0
-1988,457,-1714,-6893,2557,-1675,0,0
-1904,961,-2073,-6454,3892,-1772,0,0
-1429,845,-2515,-4722,3344,-800,0,0
-997,467,-2124,-3639,3022,-534,0,0
-765,170,-1538,-2733,2303,-514,0,0
-747,82,-1103,-1831,1507,-344,0,0
-787,107,-537,-1261,1329,-86,0,0
-682,173,182,-815,1265,95,0,0
-539,-480,827,-668,1238,343,0,0
-306,-1014,1397,-2001,1913,217,0,0
213,-317,2014,-4789,4027,-841,0,0
503,-570,2273,-7543,6581,-2250,0,0
448,-1777,858,-7126,5121,-2880,0,0
661,-335,-180,-5334,2149,-2526,0,0
1008,1668,-10,-2853,361,-2141,0,0
732,196,-32,-2093,-661,-1445,0,0
356,-753,-48,-2189,-1039,-1262,0,0
74,-650,12,-1772,-1250,-852,0,0
-324,-695,-7,-1437,-1373,-441,0,0
-622,214,87,-2712,-1046,-46,0,0
-665,2679,344,-4632,418,-1007,0,0
-1073,1968,50,-7913,3211,-2531,0,0
-1105,788,-1025,-7812,5083,-2710,0,0
-912,106,-2016,-4852,3182,-1258,0,0
-1030,-91,-1871,-3571,2481,-964,0,0
-961,194,-1318,-3008,2160,-659,0,0
-820,306,-1009,-2207,1584,-403,0,0
-682,350,-742,-1660,1524,-227,0,0
-443,515,-284,-1337,1828,135,0,0
-192,666,347,-1324,2244,441,0,0
4,651,1098,-1739,2769,186,0,0
53,-106,1736,-2278,3386,-592,0,0
97,-795,2184,-2983,3778,-1421,0,0
53,-1174,2833,-5382,5503,-2789,0,0
336,-977,2091,-6494,5727,-3564,0,0
657,-832,409,-4561,2520,-2495,0,0
660,-598,22,-3160,877,-1666,0,0
625,-246,42,-2446,84,-1257,0,0
460,-379,33,-2085,-568,-852,0,0
218,-215,74,-2063,-593,-926,0,0
-62,-93,-9,-2336,-480,-1101,0,0
-399,-136,-265,-3644,59,-1477,0,0
-569,460,-674,-5066,1543,-1944,0,0
-774,556,-1247,-6613,3073,-1830,0,0
-1147,522,-1435,-6670,5451,-1543,0,0
-1167,494,-1750,-3997,4579,-569,0,0
-1102,181,-1661,-2512,3259,-16,0,0
-1007,312,-1025,-2077,2108,-98,0,0
-963,371,-486,-2013,1236,-178,0,0
-838,494,-72,-1896,1172,-89,0,0
-521,539,296,-1602,1417,110,0,0
-198,182,556,-1465,1921,258,0,0
96,-280,1014,-3152,2499,8,0,0
384,-301,1909,-2240,3629,-419,0,0
499,462,2888,-5208,6571,-2187,0,0
365,-292,1878,-7015,7218,-3288,0,0
236,-964,-90,-5295,3844,-2668,0,0
400,-5,-491,-3637,2125,-2132,0,0
649,493,-527,-2404,844,-1310,0,0
451,122,-711,-1608,-246,-951,0,0
142,181,-741,-1007,-729,-712,0,0
-198,809,-720,-715,-1332,-232,0,0
-774,1053,-706,-1382,-1821,-100,0,0
-1430,846,-709,-3986,-976,-752,0,0
-1670,885,-663,-8729,1035,-954,0,0
-1534,1228,-1046,-10128,4795,-1214,0,0
-1074,1278,-2268,-7230,4789,-558,0,0
-821,946,-2602,-4262,3601,2,0,0
-946,225,-2144,-2561,2917,59,0,0
-1095,91,-1656,-1551,2689,378,0,0
-1174,286,-1121,-796,2816,589,0,0
-987,426,-441,-254,2932,657,0,0
-609,137,302,-32,2832,568,0,0
-433,-829,1067,-1269,3008,22,0,0
-345,-1561,2209,-5097,4259,-929,0,0
-230,-1371,2991,-8552,6660,-2485,0,0
73,-616,1674,-7772,4178,-2845,0,0
189,-22,622,-4893,1015,-2128,0,0
348,499,330,-3381,-199,-1209,0,0
279,570,124,-2337,-1011,-818,0,0
33,719,-20,-1633,-1642,-400,0,0
-415,789,-48,-1381,-1960,93,0,0
-1043,825,-102,-2610,-1593,224,0,0
-1552,935,-550,-5312,-110,-138,0,0
-1854,565,-1257,-9449,2507,48,0,0
-1724,1376,-1847,-9911,6690,376,0,0
-1238,1805,-2735,-5183,5164,206,0,0
-1082,939,-2646,-3684,3312,377,0,0
-998,904,-1748,-2745,2890,701,0,0
-1114,780,-1290,-1482,2209,624,0,0
-1130,645,-828,-923,1681,1078,0,0
-1132,728,-200,-1312,1663,809,0,0
-986,992,273,-1994,1908,240,0,0
-821,1175,679,-2677,3041,-481,0,0
-489,998,994,-3564,3812,-1351,0,0
-255,-92,1302,-5222,4485,-2102,0,0
-24,-839,1078,-5960,4032,-2689,0,0
191,-978,646,-4748,1996,-2577,0,0
337,-859,559,-3477,559,-2151,0,0
498,-559,615,-2690,-318,-1459,0,0
454,-377,591,-2259,-922,-1133,0,0
245,-179,338,-2126,-1339,-746,0,0
-68,212,-145,-2699,-1338,-477,0,0
-504,609,-735,-3928,-1217,-184,0,0
-1096,739,-1329,-5871,-396,-40,0,0
-1796,723,-1641,-8853,1477,11,0,0
-2169,1314,-1676,-9402,4558,-64,0,0
-2295,1695,-2368,-6948,4137,-156,0,0
-2156,1863,-2474,-4114,2888,-167,0,0
-1978,1423,-1966,-2370,1942,-188,0,0
-1849,847,-1469,-1629,1367,8,0,0
-1590,750,-936,-1093,1239,322,0,0
-1158,431,-534,-831,1461,746,0,0
-548,40,62,-1284,1648,755,0,0
-31,179,890,-2516,2248,-88,0,0
306,312,1415,-5187,3706,-1316,0,0
445,-2440,1623,-6913,5095,-2564,0,0
181,-2202,1070,-6425,3337,-2475,0,0
-9,-1527,718,-5349,1349,-2191,0,0
159,720,829,-3771,319,-2142,0,0
239,1062,726,-2819,-522,-1459,0,0
99,487,476,-2452,-1043,-1151,0,0
-106,266,185,-2109,-1408,-1088,0,0
-479,-315,-114,-1416,-1852,-931,0,0
-1122,-1716,-274,-2809,-1671,-170,0,0
-1397,-426,-337,-5686,-441,201,0,0
-1661,1285,-391,-7417,375,362,0,0
-2489,857,-633,-9484,2837,708,0,0
-2681,1501,-1486,-8666,4352,561,0,0
-2124,2076,-2193,-4818,3278,499,0,0
-1768,1107,-2294,-2438,2310,589,0,0
-1359,538,-1797,-1644,2101,753,0,0
-680,471,-1092,-841,2080,829,0,0
-83,-171,-252,-481,2340,815,0,0
418,-469,649,-1124,2991,1022,0,0
733,230,1271,-2854,3708,186,0,0
840,763,1483,-4298,3725,-1021,0,0
305,-337,1860,-6698,3717,-1832,0,0
-326,-821,1363,-7875,3597,-2801,0,0
-110,311,-14,-5452,1433,-2408,0,0
403,1190,-583,-3099,-81,-1834,0,0
789,1050,-482,-1902,-741,-1416,0,0
886,373,-215,-1365,-1166,-1125,0,0
678,-186,-66,-1066,-1422,-932,0,0
205,-817,-34,-1146,-1667,-746,0,0
-321,-1031,74,-3373,-874,-727,0,0
-612,566,57,-7331,755,-1647,0,0
-891,1314,-484,-9083,2952,-2686,0,0
-914,395,-1601,-7824,3349,-1990,0,0
-715,197,-1951,-4767,2113,-1189,0,0
-769,-20,-1675,-2702,1451,-755,0,0
-910,-139,-1379,-1954,1126,-469,0,0
-907,355,-938,-1606,796,-273,0,0
-879,886,-382,-1393,612,-199,0,0
-719,844,128,-1757,1566,-148,0,0
-164,371,597,-2348,2407,19,0,0
421,-532,1026,-3327,3317,-658,0,0
956,-1427,1615,-5612,4207,-1781,0,0
1268,-2945,1349,-7462,3912,-2533,0,0
1505,-2265,553,-6310,2084,-2394,0,0
1355,-223,504,-4414,294,-1771,0,0
737,452,585,-3415,-608,-1213,0,0
170,657,514,-2743,-1013,-1039,0,0
-207,774,370,-1997,-1219,-887,0,0
-497,622,216,-1296,-1336,-752,0,0
-749,308,72,-1149,-1383,-584,0,0
-1031,371,162,-1594,-1683,-303,0,0
-1580,1122,945,-5459,-509,-1166,0,0
-1766,2205,1349,-10098,5490,-3494,0,0
-795,1879,-593,-9574,7214,-2978,0,0
-8,1009,-2248,-5384,3796,-1551,0,0
38,213,-2186,-2441,2105,-1002,0,0
-62,-191,-1781,-1639,1533,-494,0,0
-103,-211,-1299,-967,1337,34,0,0
-41,-316,-699,-301,1660,778,0,0
76,-515,-7,-46,2255,1333,0,0
127,-253,802,-1824,3603,528,0,0
516,993,1739,-3708,4867,-2138,0,0
737,1132,2539,-4834,4720,-3121,0,0
270,-1013,2534,-5841,3955,-3613,0,0
95,-1989,1722,-5911,1974,-2717,0,0
139,-443,1236,-5291,600,-2320,0,0
95,322,686,-4444,-119,-1998,0,0
22,-43,-280,-3587,-824,-1530,0,0
-105,-406,-1091,-2738,-1496,-973,0,0
-262,-54,-1504,-2010,-1682,-775,0,0
-499,454,-1629,-1762,-1741,-577,0,0
-1042,471,-1536,-2796,-1447,-404,0,0
-1823,591,-1240,-5606,-375,-528,0,0
-2664,950,-939,-9022,3338,-1557,0,0
-2509,1252,-1269,-8606,5589,-1803,0,0
-1525,1946,-1774,-5810,3617,-204,0,0
-1085,1549,-1649,-3018,2008,226,0,0
-1108,403,-1322,-2216,1662,397,0,0
-1069,427,-910,-1987,1330,336,0,0
-921,638,-420,-1230,1149,235,0,0
-631,39,134,-995,1151,702,0,0
-399,-531,763,-1464,1387,303,0,0
-60,25,1438,-2943,2564,-818,0,0
209,357,2131,-5105,4398,-2199,0,0
72,-1082,1833,-7056,4843,-3489,0,0
50,-1126,952,-6724,3149,-3440,0,0
28,-189,544,-4353,1093,-2223,0,0
-298,-391,339,-3271,78,-1191,0,0
-448,-18,97,-3123,-517,-892,0,0
-303,900,-165,-2237,-1059,-824,0,0
-326,881,-358,-1468,-1355,-706,0,0
-735,217,-492,-1692,-1282,-423,0,0
-1324,165,-640,-3325,-362,-114,0,0
-2055,609,-894,-6846,712,49,0,0
-2740,1165,-1152,-10356,4863,-974,0,0
-2254,2030,-2288,-7250,5182,-642,0,0
-1782,1584,-2609,-4244,3046,-124,0,0
-1433,1060,-1708,-3683,2580,9,0,0
-965,890,-1027,-2676,2107,384,0,0
-713,363,-601,-1582,1619,525,0,0
-585,40,-223,-883,1535,1023,0,0
-543,-273,40,-465,1626,1043,0,0
-361,136,439,-299,1858,-1,0,0
5,804,1432,-846,2256,-386,0,0
-203,1477,3497,-3579,4904,-2355,0,0
-786,922,4299,-7106,8972,-5898,0,0
-407,-727,1873,-6953,5306,-3693,0,0
-53,-702,425,-3466,943,-2363,0,0
133,-506,420,-2734,46,-1699,0,0
334,-190,314,-2579,-543,-1259,0,0
324,-49,-20,-2243,-923,-992,0,0
131,344,-479,-2178,-1013,-581,0,0
-255,1070,-945,-2652,-663,-577,0,0
-944,851,-1448,-4229,-271,-714,0,0
-1938,237,-1782,-9533,2798,-1301,0,0
-1842,1840,-2484,-9561,6602,-1172,0,0
-1304,2184,-3377,-8184,5275,-499,0,0
-814,2779,-3091,-4539,4404,-30,0,0
-597,2332,-2463,-2791,3133,320,0,0
-966,1005,-2047,-1571,2164,534,0,0
-1195,668,-1377,-414,1578,759,0,0
-1251,-65,-588,285,1629,926,0,0
-1192,-926,214,288,1802,495,0,0
-819,-522,1333,-724,2387,-684,0,0
-511,-209,2887,-4428,4809,-2802,0,0
-181,-686,3039,-8479,7449,-5327,0,0
429,-770,1205,-6350,3844,-3376,0,0
287,-581,400,-3641,1351,-2547,0,0
223,176,458,-2799,756,-1928,0,0
124,538,421,-2245,49,-1597,0,0
-46,732,272,-1724,-758,-1135,0,0
-360,735,54,-1478,-1532,-572,0,0
-799,597,-364,-2353,-1331,-460,0,0
-1066,797,-892,-3656,-132,-905,0,0
-1100,537,-1042,-6271,676,-988,0,0
-960,1479,-615,-9317,4631,-2137,0,0
-274,2065,-1441,-6801,6425,-2102,0,0
-200,444,-2517,-4352,4354,-1085,0,0
-434,-143,-2215,-2648,3169,-745,0,0
-550,208,-1708,-1382,2748,-30,0,0
-752,195,-1139,-543,2579,404,0,0
-812,57,-350,-84,2106,705,0,0
-989,-361,471,94,1713,671,0,0
-1183,-481,1283,-758,2442,-276,0,0
-901,-53,2137,-3409,4582,-1740,0,0
-344,-10,2297,-7424,7173,-3228,0,0
374,-353,907,-6876,5850,-3976,0,0
906,-1126,-100,-4355,2540,-2714,0,0
1036,-830,-291,-3043,837,-1769,0,0
939,-268,-474,-2477,226,-1321,0,0
998,11,-533,-1704,-324,-708,0,0
1004,33,-381,-1344,-831,-438,0,0
614,-365,-356,-1114,-1184,-246,0,0
-129,-777,-547,-1850,-1130,-148,0,0
-1103,-513,-686,-4143,-788,-439,0,0
-2213,63,-450,-9238,1877,-1469,0,0
-2313,1179,-969,-10788,6594,-1532,0,0
-1648,1435,-2387,-6496,5207,-879,0,0
-1252,900,-2496,-2867,3087,-354,0,0
-1005,732,-1793,-1637,2263,-22,0,0
-740,666,-1094,-750,1763,251,0,0
-510,377,-361,-91,1480,574,0,0
-268,-96,336,103,1326,819,0,0
-42,-916,1099,158,1415,500,0,0
305,-1579,2063,-749,2525,187,0,0
754,-538,3384,-6092,6495,-199,0,0
842,50,2928,-9803,9682,-2994,0,0
737,-1584,597,-6775,4441,-2583,0,0
531,-909,-50,-4268,952,-1352,0,0
475,646,68,-2730,-172,-1226,0,0
241,321,-69,-1912,-974,-1091,0,0
97,103,-143,-1613,-1190,-946,0,0
-2,183,-197,-1026,-1376,-778,0,0
-363,-274,-259,-948,-1661,-201,0,0
-961,-81,-127,-2753,-940,-73,0,0
-1652,833,233,-8119,1444,-1255,0,0
-1594,2006,-100,-11465,7638,-1698,0,0
-935,2240,-2103,-7642,6408,-729,0,0
-818,1273,-2812,-3738,3999,-392,0,0
-769,540,-2164,-1567,2780,-156,0,0
-614,-154,-1481,-531,2006,390,0,0
-585,-902,-710,-388,1759,736,0,0
-409,-759,-92,-158,1763,666,0,0
-59,-400,382,-286,1931,448,0,0
293,107,992,-849,2829,183,0,0
637,750,1756,-3860,4316,-749,0,0
689,974,2560,-8457,7216,-3083,0,0
1045,810,1495,-7414,5564,-3906,0,0
1118,-288,205,-4457,1546,-2174,0,0
995,-76,246,-3523,192,-1597,0,0
837,218,129,-2388,-630,-1277,0,0
409,-353,-187,-1508,-1519,-586,0,0
-114,-316,-454,-1266,-2248,-13,0,0
-649,443,-703,-743,-2387,-44,0,0
-1370,583,-835,-1773,-1440,-96,0,0
-2100,878,-896,-6979,472,-728,0,0
-2341,2168,-885,-11761,4949,-1982,0,0
-1922,1951,-1953,-9328,6555,-1881,0,0
-1624,587,-2790,-5124,3681,-906,0,0
-1469,377,-2231,-2907,2430,-141,0,0
-1265,331,-1594,-1993,1731,-168,0,0
-972,267,-1144,-1479,1147,-57,0,0
-637,380,-960,-570,923,293,0,0
-318,-109,-848,-124,1270,849,0,0
41,90,-355,-407,1930,203,0,0
526,333,1050,-2044,2476,-835,0,0
643,-200,3117,-7649,5719,-3289,0,0
618,-1156,2620,-9076,6239,-3801,0,0
537,-1231,643,-5452,1107,-3832,0,0
207,51,575,-3401,-557,-1218,0,0
6,489,707,-3161,-734,-906,0,0
-174,573,425,-2535,-1240,-783,0,0
-471,591,158,-1868,-1394,-613,0,0
-857,497,-124,-1694,-1366,-414,0,0
-1322,373,-460,-2875,-1111,-337,0,0
-1792,548,-852,-6244,-276,-705,0,0
-2090,1141,-1237,-10888,3329,-1686,0,0
-1513,2046,-2346,-8087,5260,-1624,0,0
-1168,949,-3121,-4893,3127,-829,0,0
-1070,957,-2541,-4635,2820,-234,0,0
-942,1048,-2011,-3127,1916,136,0,0
-1186,183,-1691,-1962,1269,413,0,0
-1244,171,-1090,-965,1176,736,0,0
-1098,75,-390,105,1143,992,0,0
-987,-344,350,143,1184,588,0,0
-696,-140,1572,-935,1908,-595,0,0
-329,-362,3263,-5619,5256,-2622,0,0
351,-765,3104,-10148,8086,-4684,0,0
1007,-827,1090,-6855,3952,-3160,0,0
873,-961,323,-3359,462,-1841,0,0
791,-36,576,-2651,-335,-1144,0,0
657,530,678,-2259,-874,-879,0,0
384,630,451,-1993,-1269,-656,0,0
59,713,186,-1930,-1282,-479,0,0
-348,584,-174,-2342,-1080,-397,0,0
-812,460,-675,-3757,-660,-533,0,0
-1340,444,-1056,-7000,246,-1024,0,0
-1710,1076,-1393,-10157,3607,-2122,0,0
-1504,1422,-2533,-7913,4522,-1730,0,0
-1492,624,-3107,-5491,3092,-805,0,0
-1637,368,-2741,-4034,2554,194,0,0
-1984,-56,-2491,-2637,2081,572,0,0
-2110,-39,-1964,-1582,1887,943,0,0
-1869,343,-1052,-723,1696,831,0,0
-1496,72,-181,-295,1571,457,0,0
-1089,-185,792,-791,2034,-120,0,0
-571,239,1700,-2165,3241,-1320,0,0
2,155,2111,-4825,5123,-2453,0,0
367,-783,2430,-7850,5590,-3207,0,0
579,-927,2000,-7337,3503,-2955,0,0
625,-303,1115,-4770,432,-1769,0,0
421,505,916,-3924,-525,-1414,0,0
317,865,717,-3288,-862,-1078,0,0
194,709,402,-2273,-1321,-630,0,0
-135,461,82,-1909,-1472,-367,0,0
-613,424,-271,-2149,-1330,-162,0,0
-1115,724,-714,-3507,-661,-234,0,0
-1515,1145,-1220,-5941,938,-1071,0,0
-1725,1490,-1535,-10093,4579,-1811,0,0
-1184,1791,-2279,-8118,6194,-1846,0,0
-879,343,-3062,-4497,3264,-636,0,0
-1119,-99,-2648,-3270,2181,31,0,0
-1376,537,-1940,-2328,1881,478,0,0
-1693,1140,-1140,-1486,1503,481,0,0
-1685,1351,-233,-757,1407,679,0,0
-1483,824,658,-706,1748,741,0,0
-1249,154,1295,-944,2219,138,0,0
-974,-904,1836,-1511,3160,-837,0,0
-585,-3491,2312,-3046,4613,-1239,0,0
159,-4548,2470,-7634,6720,-397,0,0
1079,-933,1492,-7904,6311,-1794,0,0
1148,376,133,-4796,2822,-916,0,0
608,460,-125,-3664,952,-508,0,0
375,962,-28,-3100,115,-624,0,0
207,985,-119,-2392,-571,-592,0,0
-48,639,-342,-1877,-824,-610,0,0
-222,754,-686,-1856,-1117,-384,0,0
-455,1188,-1029,-1827,-1102,-447,0,0
-985,731,-1312,-3690,-367,-701,0,0
-1561,474,-1405,-9340,2757,-2184,0,0
-1105,1464,-1687,-10040,6297,-2718,0,0
-352,1404,-2499,-6375,4567,-1347,0,0
-101,764,-2244,-3840,3334,-651,0,0
104,-26,-1599,-2237,2602,173,0,0
68,-370,-1191,-1269,1891,725,0,0
-98,-204,-522,-439,1488,770,0,0
-321,-84,265,622,1282,1086,0,0
-594,-238,1217,1132,1602,1242,0,0
-751,30,2347,252,2877,575,0,0
-752,105,3537,-3689,6084,-932,0,0
-616,-1150,3954,-9256,10618,-3102,0,0
-60,-424,1827,-8399,7024,-3328,0,0
674,-1256,360,-4860,2281,-1687,0,0
1050,23,395,-3365,706,-1175,0,0
981,-292,183,-2894,-172,-1018,0,0
872,-42,-57,-1998,-1044,-703,0,0
593,219,-268,-1187,-1509,-392,0,0
95,189,-553,-1104,-1693,25,0,0
-397,605,-875,-2832,-963,-676,0,0
-923,110,-1254,-6167,424,-1901,0,0
-1182,521,-1738,-11227,4413,-2414,0,0
-665,1580,-2510,-8602,6815,-1530,0,0
-403,659,-3368,-3949,4214,-690,0,0
-491,210,-3109,-2343,3365,-80,0,0
-551,456,-2405,-1484,2673,168,0,0
-477,410,-1558,-812,2032,239,0,0
-210,387,-405,-535,1737,511,0,0
102,149,726,-443,1657,255,0,0
371,-108,1937,-649,1732,-17,0,0
407,62,3150,-2221,2601,-877,0,0
248,-203,4173,-4725,4534,-2178,0,0
179,-952,3722,-8822,7130,-3893,0,0
725,-796,1638,-7687,4333,-3309,0,0
884,-498,490,-4140,1136,-1920,0,0
725,-384,149,-3001,-128,-1281,0,0
513,-24,-81,-2471,-945,-918,0,0
196,328,-299,-1741,-1275,-660,0,0
-247,351,-570,-1247,-1368,-302,0,0
-892,165,-921,-1855,-1007,47,0,0
-1708,199,-1242,-5080,-202,74,0,0
-2546,960,-1373,-11236,3359,-713,0,0
-2408,2061,-2293,-10567,6788,-1211,0,0
-1775,1562,-3396,-5354,4355,-745,0,0
-1445,962,-3078,-2831,3127,-118,0,0
-1063,835,-2273,-1456,2240,287,0,0
-757,392,-1416,-660,1569,574,0,0
-609,-12,-537,-299,1294,740,0,0
-504,-250,168,-321,1231,876,0,0
-373,161,947,-834,1706,487,0,0
-133,1802,2098,-1956,3529,-1019,0,0
-26,2750,3481,-3429,5400,-3095,0,0
-508,-141,3603,-7462,7009,-5745,0,0
34,-176,2239,-8195,4231,-4348,0,0
722,-809,1341,-4626,511,-2557,0,0
573,-647,969,-3376,-795,-1675,0,0
344,-350,472,-2890,-1456,-1050,0,0
31,283,-108,-1942,-1819,-509,0,0
-537,532,-761,-1582,-1895,191,0,0
-1191,1195,-1336,-2120,-1283,-11,0,0
-1667,1611,-1707,-3781,-238,-531,0,0
-2133,955,-1842,-9525,2657,-2110,0,0
-1760,1861,-2292,-10580,7186,-2594,0,0
-1160,1282,-3253,-6121,5333,-1275,0,0
-1150,451,-3007,-3833,3839,-365,0,0
-1097,471,-2082,-2298,2776,147,0,0
-1092,119,-1429,-1455,1843,407,0,0
-1026,187,-663,-837,1114,494,0,0
-1007,312,26,-658,385,429,0,0
-1027,466,630,-791,324,128,0,0
-957,563,1031,-1546,1518,-624,0,0
-625,514,1094,-3809,3342,-1914,0,0
-218,-138,1414,-7680,6475,-3821,0,0
480,-823,976,-7600,6127,-4041,0,0
833,-1337,-50,-3828,2158,-2406,0,0
690,-666,63,-2535,284,-1576,0,0
576,203,533,-2095,-735,-1040,0,0
306,223,712,-3680,-1520,-650,0,0
-149,167,524,-1663,-1743,-326,0,0
-662,276,9,-2354,-1582,63,0,0
-1149,875,-820,-3830,-935,-258,0,0
-1761,1179,-1667,-7165,-228,-1187,0,0
-2112,1992,-1778,-11107,4593,-2640,0,0
-1452,1945,-2558,-7126,5706,-2155,0,0
-1348,8,-2885,-4425,2969,-954,0,0
-1560,-180,-1923,-3568,2265,-9,0,0
-1681,-329,-1231,-2234,1710,312,0,0
-1591,-569,-775,-1179,945,614,0,0
-1270,-152,-168,-476,506,746,0,0
-935,34,331,-98,267,992,0,0
-662,794,667,-931,435,477,0,0
-414,1458,1323,-2341,1933,-1540,0,0
-149,249,2116,-8033,6388,-3547,0,0
801,-286,1409,-9593,7653,-4388,0,0
1267,-1217,76,-4959,2769,-2380,0,0
832,-611,-73,-2655,308,-1449,0,0
447,533,349,-1949,-368,-1046,0,0
222,846,571,-1485,-941,-631,0,0
-42,852,646,-1495,-1359,-409,0,0
-357,835,507,-2033,-1711,-146,0,0
-888,611,-156,-3358,-1452,-388,0,0
-1516,379,-1216,-5785,-829,-700,0,0
-2170,719,-1817,-9941,1625,-1809,0,0
-2089,1702,-2366,-10061,5631,-2302,0,0
-1650,1348,-3061,-5734,4413,-1359,0,0
-1606,830,-2589,-3468,2913,-615,0,0
-1540,829,-1842,-2250,2006,-182,0,0
-1406,340,-1280,-1322,1249,205,0,0
-1212,75,-523,-781,791,510,0,0
-916,263,188,-732,799,924,0,0
-516,965,753,-944,1173,633,0,0
-309,1010,1590,-1421,2474,-795,0,0
-280,-187,2761,-4210,5541,-3311,0,0
212,-1306,2745,-7570,6977,-4820,0,0
704,-1232,1369,-6435,4336,-3502,0,0
668,-869,561,-3981,1332,-2323,0,0
568,-378,431,-2912,176,-1485,0,0
377,-131,213,-2431,-493,-952,0,0
148,97,-53,-1828,-869,-721,0,0
-104,62,-360,-1413,-987,-484,0,0
-342,31,-691,-1645,-943,-372,0,0
-529,261,-760,-2692,-424,-162,0,0
-1115,301,-540,-7286,958,-1340,0,0
-1334,1087,-636,-9974,5220,-2517,0,0
-935,690,-1932,-7557,4998,-2252,0,0
-770,-2,-2522,-4252,3090,-1247,0,0
-859,181,-2187,-2401,2434,-661,0,0
-906,381,-1701,-1268,2075,-500,0,0
-738,454,-946,-670,1644,-403,0,0
-398,304,40,-306,1405,-13,0,0
-117,1,981,-770,1752,143,0,0
30,345,1676,-2205,2891,-560,0,0
123,460,1837,-4603,4765,-1911,0,0
323,-657,1648,-6462,5609,-2928,0,0
558,-1467,993,-6083,3994,-2729,0,0
740,-944,467,-4455,2035,-2102,0,0
832,-428,461,-3530,823,-1687,0,0
888,-259,476,-2942,-289,-1209,0,0
682,-146,347,-2230,-1157,-991,0,0
348,-158,149,-1791,-1865,-542,0,0
129,-434,-16,-1329,-2794,-31,0,0
-58,-1312,-212,-2409,-2176,294,0,0
-625,-1177,-625,-6214,90,-928,0,0
-1373,-212,-1368,-10244,4782,-1527,0,0
-1583,1313,-2023,-8722,6105,-1878,0,0
-1608,1459,-2311,-4796,3957,-1163,0,0
-1642,1115,-1901,-2465,2318,-557,0,0
-1567,937,-1249,-1646,1456,-215,0,0
-1317,930,-588,-1029,1132,162,0,0
-974,705,-68,-505,1267,548,0,0
-532,18,428,-439,1685,1003,0,0
7,-136,1042,-1378,2538,335,0,0
548,7,1592,-4913,4137,-1515,0,0
931,257,1772,-8884,5748,-3943,0,0
945,450,981,-6765,4378,-4603,0,0
777,-78,130,-3558,1239,-2867,0,0
555,7,225,-2785,-72,-2003,0,0
516,323,493,-2275,-617,-1429,0,0
400,161,526,-1695,-1202,-881,0,0
111,-54,454,-1491,-1405,-648,0,0
-221,-90,227,-1643,-1263,-512,0,0
-611,28,-157,-2497,-924,-455,0,0
-1133,-47,-663,-4528,-616,-1041,0,0
-1744,-185,-1033,-8985,1037,-1817,0,0
-1747,1162,-1711,-9482,4060,-2572,0,0
-1481,1260,-2603,-6741,3490,-1592,0,0
-1444,856,-2488,-4670,2693,-1082,0,0
-1273,779,-1919,-3333,2110,-753,0,0
-1115,639,-1459,-2214,1701,-388,0,0
-947,451,-942,-1246,1440,134,0,0
-735,113,-360,-632,1323,607,0,0
-545,-386,281,-390,1375,689,0,0
-371,-542,1064,-809,1736,90,0,0
-128,19,2219,-2890,3130,-1114,0,0
70,378,3249,-6771,6147,-3659,0,0
582,225,2427,-7890,6110,-4682,0,0
727,-645,1109,-4872,2303,-3036,0,0
389,-918,790,-3319,654,-2164,0,0
239,-313,705,-2708,-185,-1524,0,0
-5,-142,516,-2131,-779,-1187,0,0
-236,-36,262,-1780,-887,-926,0,0
-398,196,-86,-1716,-893,-722,0,0
-663,171,-640,-2311,-759,-662,0,0
-1047,131,-1217,-4789,-143,-982,0,0
-1314,1226,-1249,-8894,2733,-1931,0,0
-1015,1885,-1584,-8360,5484,-1954,0,0
-862,348,-2177,-5678,3623,-1156,0,0
-1052,138,-1830,-4312,2499,-1061,0,0
-1083,1001,-1352,-2851,2105,-635,0,0
-1147,859,-1118,-1696,1463,-194,0,0
-1045,505,-867,-936,1142,332,0,0
-710,107,-470,-335,1177,1042,0,0
-380,-273,19,-472,1276,878,0,0
-81,322,849,-1125,1884,-89,0,0
123,848,2101,-4626,4434,-1826,0,0
210,363,2505,-7963,7657,-4628,0,0
458,-537,869,-6450,4822,-3753,0,0
230,-688,121,-3977,1707,-2699,0,0
127,133,399,-2991,580,-2081,0,0
47,151,338,-2384,-248,-1414,0,0
-139,-13,144,-1789,-966,-998,0,0
-375,143,-29,-1287,-1307,-552,0,0
-858,48,-141,-1132,-1438,-225,0,0
-1366,415,-391,-2577,-542,-576,0,0
-1629,907,-776,-5247,94,-856,0,0
-1832,1261,-871,-9940,2929,-2064,0,0
-1364,2076,-1685,-9423,5331,-2304,0,0
-1123,713,-2937,-6432,4090,-1013,0,0
-1045,287,-2824,-3891,3549,-306,0,0
-905,300,-2306,-1870,2770,405,0,0
-982,-106,-1592,-1017,2205,756,0,0
-910,128,-646,-411,1649,985,0,0
-826,190,157,-155,1189,997,0,0
-814,86,867,-292,1250,395,0,0
-793,1,1665,-997,1936,-718,0,0
-821,-394,2795,-3567,4512,-2623,0,0
-858,-937,3392,-7985,8567,-4017,0,0
-153,617,1690,-7790,6431,-3504,0,0
307,905,547,-4085,2025,-1945,0,0
455,378,531,-3291,334,-1205,0,0
694,618,484,-2982,-732,-502,0,0
562,643,354,-2480,-1072,-297,0,0
170,500,-105,-2016,-987,-356,0,0
-436,-243,-687,-2144,-900,110,0,0
-1137,-363,-1090,-3532,-11,423,0,0
-1827,574,-1293,-6326,1685,354,0,0
-2299,1818,-1334,-9347,5739,-562,0,0
-1953,2249,-2244,-7308,6126,-815,0,0
-1687,920,-2731,-4336,4241,-136,0,0
-1660,708,-2191,-2994,3282,-113,0,0
-1446,1083,-1734,-1759,2363,202,0,0
-1143,746,-1162,-814,1777,584,0,0
-930,-239,-412,-167,1320,771,0,0
-829,-1328,277,-2160,1359,739,0,0
-460,-1368,1012,-231,2023,677,0,0
205,-119,1978,-2224,3821,468,0,0
651,1661,2847,-6213,7307,-1375,0,0
484,399,1696,-8263,7544,-3386,0,0
326,-1332,68,-6403,3481,-2033,0,0
535,349,4,-3824,1090,-1767,0,0
670,924,46,-2279,-282,-1307,0,0
508,297,118,-1887,-1101,-710,0,0
260,396,87,-1550,-1412,-493,0,0
-95,612,-155,-1244,-1417,-64,0,0
-669,544,-584,-1966,-966,198,0,0
-1307,285,-1052,-6632,-301,394,0,0
-2074,13,-1201,-10208,2594,-433,0,0
-2302,251,-1939,-10931,5909,-380,0,0
-1994,1081,-3001,-6596,4386,26,0,0
-1786,1086,-2658,-3904,3367,591,0,0
-1516,860,-1931,-2464,3229,722,0,0
-1153,786,-1280,-729,2642,732,0,0
-900,633,-479,112,1833,686,0,0
-567,708,360,275,1385,540,0,0
-214,904,1106,123,1513,619,0,0
53,835,1975,-147,2239,138,0,0
360,-532,3180,-3471,4793,-1430,0,0
640,-1780,3273,-9732,9226,-3698,0,0
950,-2126,1450,-8435,6523,-2551,0,0
834,-1776,258,-5297,2261,-1259,0,0
921,-562,126,-3415,502,-613,0,0
1045,-437,111,-2164,-700,-85,0,0
1001,-574,33,-1531,-1439,-141,0,0
808,-362,6,-1063,-1819,-180,0,0
423,-272,4,-1050,-1676,-231,0,0
6,8,-303,-2002,-845,-468,0,0
-582,-98,-880,-4993,169,-327,0,0
-1562,170,-1194,-10885,2988,-1081,0,0
-1997,1562,-1664,-11333,6684,-1212,0,0
-1956,2032,-2826,-6382,5035,-499,0,0
-1840,1536,-2812,-3172,2982,-153,0,0
-1475,1279,-2018,-1715,2207,401,0,0
-1112,978,-1453,-447,1643,649,0,0
-761,600,-853,238,1334,859,0,0
-325,230,-63,334,1473,1159,0,0
51,89,854,-688,1887,554,0,0
305,294,1970,-1323,3362,-268,0,0
203,-496,3160,-4940,6171,-2045,0,0
328,-920,3166,-9678,7989,-4154,0,0
862,-475,2008,-7214,4510,-3334,0,0
953,-1205,1200,-4269,933,-2162,0,0
1024,-670,1021,-3291,-332,-1474,0,0
921,-189,708,-2345,-1241,-1056,0,0
741,-111,144,-1641,-1996,-604,0,0
504,8,-453,-1403,-2169,-9,0,0
-117,-138,-1076,-2027,-1945,326,0,0
-1055,163,-1610,-5013,-1556,235,0,0
-2079,1012,-1645,-11495,2386,-1233,0,0
-2200,1996,-2498,-11120,7064,-2114,0,0
-1701,1456,-3420,-6226,5087,-1492,0,0
-1318,1053,-2858,-2979,3378,-421,0,0
-1037,813,-1987,-1520,2346,317,0,0
-846,534,-1247,-367,1750,852,0,0
-700,159,-463,446,1369,1168,0,0
-647,-313,206,422,1435,1262,0,0
-638,-173,1045,-55,2164,394,0,0
-414,76,2300,-1801,3855,-1163,0,0
-172,-459,3990,-7113,8052,-4076,0,0
486,-644,3671,-10124,8481,-5010,0,0
941,-528,1869,-5986,3068,-3009,0,0
754,-235,1218,-3614,243,-1791,0,0
607,334,993,-2859,-613,-1063,0,0
354,512,527,-2262,-1431,-648,0,0
77,536,-25,-1901,-2051,-169,0,0
-132,426,-670,-2420,-1909,-40,0,0
-365,382,-1417,-3455,-1541,-328,0,0
-617,451,-2091,-5147,-513,-385,0,0
-1183,577,-2493,-9695,2164,-1833,0,0
-1513,1461,-2704,-10621,7453,-2937,0,0
-1368,845,-3425,-6049,6061,-1788,0,0
-1374,373,-3369,-2700,3879,-652,0,0
-1430,545,-2540,-1327,2999,-35,0,0
-1328,416,-1684,-502,2156,440,0,0
-1005,209,-749,161,1229,862,0,0
-793,-8,270,258,890,1035,0,0
-767,-123,1325,-373,1266,705,0,0
-760,457,2279,-2517,3044,-1274,0,0
-578,-792,2702,-6249,5967,-3477,0,0
-377,-965,1844,-10962,7399,-4136,0,0
458,-1179,107,-6944,3253,-2931,0,0
681,243,-470,-3299,593,-1736,0,0
587,580,-208,-2850,-399,-909,0,0
494,1035,71,-2253,-1112,-356,0,0
186,1197,139,-1758,-1426,-192,0,0
-301,976,24,-1511,-1521,-31,0,0
-875,626,-161,-1501,-1640,-66,0,0
-1449,327,-144,-2480,-1163,-344,0,0
-1785,597,-80,-5849,1344,-1189,0,0
-1959,690,-604,-10582,4415,-2360,0,0
-1718,759,-1792,-9091,5807,-1843,0,0
-1339,790,-2732,-4538,3462,-880,0,0
-1050,774,-2443,-2835,2450,-456,0,0
-624,572,-1728,-2066,1626,-426,0,0
-318,246,-1117,-1533,1231,-142,0,0
-45,237,-549,-1061,1480,428,0,0
193,98,-94,-1017,1840,667,0,0
245,-4,325,-1414,2251,479,0,0
-7,44,1149,-2610,3491,-761,0,0
-479,-1483,1991,-5971,5114,-1914,0,0
-627,-1726,1498,-8353,5346,-2998,0,0
207,746,669,-5547,2830,-3119,0,0
750,915,538,-3371,728,-2184,0,0
873,83,529,-3302,-381,-1363,0,0
883,462,498,-3207,-858,-833,0,0
671,961,375,-2602,-1209,-443,0,0
170,621,113,-2481,-1263,-160,0,0
-425,420,-289,-2580,-1133,-40,0,0
-1053,471,-656,-2913,-922,-30,0,0
-1678,650,-915,-4710,33,-335,0,0
-2184,942,-1238,-7211,1254,-993,0,0
-2524,1211,-1715,-8977,3865,-1922,0,0
-2432,1390,-2687,-6745,3475,-1459,0,0
-2325,1051,-2805,-5535,3164,-777,0,0
-1834,1225,-2323,-3930,3043,-298,0,0
-1471,648,-2001,-2574,2280,6,0,0
-1224,484,-1461,-2095,1852,162,0,0
-943,688,-761,-1298,1429,203,0,0
-800,95,-74,-923,1171,189,0,0
-747,-353,607,-1191,1527,-97,0,0
-604,-89,1137,-1727,2465,-944,0,0
-279,57,1609,-4371,3341,-1966,0,0
-27,295,2196,-7653,4507,-4130,0,0
195,-116,1538,-6396,3781,-4033,0,0
13,-887,583,-3986,1387,-2480,0,0
-137,-184,668,-2901,447,-1926,0,0
-111,146,827,-2197,-193,-1180,0,0
-295,-179,833,-1860,-820,-621,0,0
-589,-108,820,-1943,-1269,-142,0,0
-986,18,471,-2924,-824,-255,0,0
-1354,306,-357,-4119,-358,-627,0,0
-1666,587,-1135,-6213,476,-1029,0,0
-1782,1367,-1433,-8805,3313,-1869,0,0
-1373,1944,-1972,-8030,5482,-1711,0,0
-811,1394,-2596,-5482,4245,-889,0,0
-411,783,-2371,-3386,3295,-255,0,0
-119,423,-1886,-1959,2409,210,0,0
35,168,-1361,-1155,2028,548,0,0
195,95,-686,-689,1816,632,0,0
226,-201,10,-640,1610,570,0,0
36,-534,735,-1621,1759,175,0,0
-127,54,1286,-3164,2815,-920,0,0
-22,498,1677,-5532,4197,-1595,0,0
67,1250,2027,-7118,4950,-3557,0,0
76,294,1380,-5794,3803,-3447,0,0
208,-438,879,-4000,2033,-2366,0,0
428,-310,1144,-2872,846,-2060,0,0
513,-459,1187,-2576,-321,-1254,0,0
418,-301,969,-2006,-1123,-824,0,0
288,-264,579,-1827,-1722,-626,0,0
167,-457,47,-2256,-1853,-356,0,0
53,-491,-507,-3502,-1154,-527,0,0
-249,-464,-1047,-7080,222,-1138,0,0
-825,294,-1795,-9528,2938,-2451,0,0
-1425,891,-2916,-8992,4873,-2530,0,0
-1585,1550,-3506,-5320,5255,-1883,0,0
-1457,900,-3181,-2300,3478,-758,0,0
-1232,523,-2311,-1010,2463,63,0,0
-915,370,-1154,-195,1814,478,0,0
-764,-229,-134,441,1673,1097,0,0
-823,-677,841,119,1640,738,0,0
-739,113,2005,-461,2143,265,0,0
-522,738,3127,-3592,4224,-1782,0,0
-205,425,3918,-8546,7685,-5037,0,0
406,12,2698,-8524,7101,-5249,0,0
875,-832,764,-4356,2254,-3012,0,0
1006,-694,250,-2749,211,-1801,0,0
997,-195,285,-1960,-521,-1086,0,0
788,-270,191,-1513,-1125,-660,0,0
501,-148,2,-1193,-1322,-452,0,0
103,68,-182,-1475,-1426,-22,0,0
-278,1178,-229,-2637,-811,-70,0,0
-801,1455,-581,-4539,31,-1705,0,0
-1737,140,-1361,-10317,3291,-4559,0,0
-1373,1605,-2135,-9957,7569,-4669,0,0
-556,928,-3263,-4445,5060,-1875,0,0
-626,-868,-3277,-2019,2943,-1174,0,0
-618,-551,-2401,-1334,2273,-305,0,0
-414,341,-1393,-560,2259,409,0,0
-237,673,-404,178,2052,523,0,0
-194,236,337,500,1667,511,0,0
-271,-697,1158,369,1635,323,0,0
-312,-1339,2344,-1751,2742,-655,0,0
-102,-506,3668,-8122,6844,-3200,0,0
259,75,2811,-10419,8348,-5100,0,0
732,-434,651,-5852,2893,-2737,0,0
738,-49,423,-2883,252,-1653,0,0
546,218,604,-2414,-373,-1293,0,0
342,430,387,-2071,-936,-859,0,0
58,788,67,-1635,-1091,-596,0,0
-292,995,-343,-1423,-1215,-444,0,0
-679,800,-831,-2179,-1115,-207,0,0
-977,1056,-1408,-4376,-667,-1161,0,0
-1289,948,-1803,-8229,825,-3472,0,0
-1076,1035,-2196,-10241,4936,-4426,0,0
-433,1328,-3192,-7187,4853,-2719,0,0
-394,775,-3264,-3805,3707,-1130,0,0
-505,226,-2774,-2388,2818,-62,0,0
-662,202,-2051,-1455,1756,460,0,0
-900,313,-1112,-1137,852,1125,0,0
-1251,976,-181,-988,185,1203,0,0
-1673,1749,521,-803,395,598,0,0
-2164,1354,1089,-1256,1992,-632,0,0
-2348,-608,1612,-3082,4593,-2700,0,0
-1620,-1885,1906,-6369,7313,-4429,0,0
-337,-1687,1338,-6769,6221,-4584,0,0
346,-1976,661,-4866,3226,-3599,0,0
610,-1296,472,-3726,1020,-2493,0,0
569,1,448,-2739,-225,-1526,0,0
318,735,348,-2021,-945,-923,0,0
-18,1178,122,-3672,-1497,-598,0,0
-407,1489,-212,-1309,-2043,-456,0,0
-882,1052,-602,-2072,-1892,-255,0,0
-1416,531,-1123,-5743,-563,-1029,0,0
-1797,651,-1502,-10921,2366,-2392,0,0
-1389,1642,-2349,-10937,6432,-2571,0,0
-865,1238,-3436,-5996,4969,-1485,0,0
-823,466,-3238,-3103,3268,-421,0,0
-800,485,-2493,-1768,2385,346,0,0
-852,287,-1756,-847,2122,640,0,0
-885,122,-783,383,1514,1229,0,0
-1028,-521,551,1604,1558,1595,0,0
-851,-750,2055,1274,2341,1163,0,0
-676,-129,3478,-1049,4079,-386,0,0
-574,-556,4463,-6719,8557,-2626,0,0
-278,-2085,3398,-10516,9393,-3639,0,0
171,-1874,989,-7048,3579,-2296,0,0
248,-325,205,-4283,777,-1636,0,0
313,765,105,-3296,135,-1454,0,0
360,1193,-34,-2845,-400,-1138,0,0
250,1219,-318,-1927,-776,-1306,0,0
-43,563,-791,-1879,-1077,-921,0,0
-435,533,-1107,-2448,-1091,-510,0,0
-824,1387,-1178,-3739,-103,-719,0,0
-1200,1674,-1516,-5274,949,-452,0,0
-1865,1044,-1742,-8544,3050,-907,0,0
-1767,1552,-1707,-10025,6224,-1327,0,0
-1131,1880,-2536,-6161,5423,-725,0,0
-1092,285,-2850,-2918,3405,-163,0,0
-1055,-228,-2380,-1449,2483,475,0,0
-850,291,-1645,-687,2209,1031,0,0
-451,1878,-814,40,1948,977,0,0
-259,2170,182,1570,1422,312,0,0
-491,525,1286,1011,2025,-113,0,0
-561,418,2554,-1681,3840,-1165,0,0
-810,435,1816,-6120,7868,-4302,0,0
-558,-514,2778,-8169,7929,-4448,0,0
-48,-860,809,-5060,3104,-2910,0,0
167,-681,499,-3260,850,-2038,0,0
245,-151,354,-2779,75,-1461,0,0
127,-16,27,-2440,-562,-1043,0,0
-55,401,-320,-1983,-1093,-745,0,0
-395,655,-598,-1700,-1509,-343,0,0
-902,646,-656,-1863,-1160,326,0,0
-1706,841,-538,-4330,941,-530,0,0
-2237,1616,-530,-8472,5737,-2412,0,0
-1846,1739,-1584,-8801,7950,-2647,0,0
-1160,1150,-2530,-5472,6063,-1711,0,0
-730,557,-2483,-2363,3713,-613,0,0
-640,100,-2152,-921,2330,136,0,0
-555,208,-1609,-55,1669,649,0,0
-380,255,-838,128,1800,930,0,0
-96,203,-145,-315,2452,607,0,0
353,259,476,-854,3235,-270,0,0
848,386,1621,-1558,4216,-1193,0,0
759,-701,2919,-4787,5921,-2671,0,0
699,-880,2494,-6894,5948,-3602,0,0
731,-597,1466,-5009,3244,-2701,0,0
498,-687,922,-3300,752,-1703,0,0
193,-620,573,-2977,-399,-997,0,0
-36,191,287,-2433,-975,-778,0,0
-275,480,-116,-1770,-1461,-301,0,0
-617,-83,-583,-2140,-1234,348,0,0
-725,-61,-967,-3689,272,-642,0,0
-688,-365,-1362,-6711,1620,-958,0,0
-987,-77,-1649,-10334,7128,-2147,0,0
-728,1014,-2539,-7319,8322,-1614,0,0
-813,464,-3265,-2890,5265,-716,0,0
-1115,242,-2667,-1069,3537,-287,0,0
-1127,803,-1837,-115,2063,87,0,0
-961,693,-863,264,1200,507,0,0
-756,270,272,258,855,855,0,0
-699,-310,1244,-630,974,575,0,0
-504,-140,2101,-2449,2474,-833,0,0
105,179,2554,-5322,5561,-2258,0,0
880,-884,2023,-6696,6368,-3197,0,0
1288,-1373,981,-5653,4335,-2763,0,0
1432,-180,266,-3153,1945,-1668,0,0
1156,156,375,-2517,909,-1063,0,0
845,174,592,-2489,148,-673,0,0
423,148,639,-2558,-275,-590,0,0
-93,242,364,-2877,-167,-744,0,0
-538,164,-264,-3288,63,-1012,0,0
-752,97,-988,-3662,298,-1285,0,0
-891,132,-1442,-5156,801,-1475,0,0
-1151,859,-1591,-7755,3201,-2334,0,0
-1133,1303,-2300,-7133,4192,-2121,0,0
-994,967,-2774,-5055,3568,-1246,0,0
-817,949,-2433,-3092,2800,-669,0,0
-834,654,-1974,-1988,1913,-414,0,0
-878,546,-1387,-1254,1189,-296,0,0
-818,407,-625,-674,1092,-100,0,0
-608,-10,213,-438,1346,461,0,0
-358,-112,1013,-1170,2227,273,0,0
89,419,1917,-1715,3361,-449,0,0
369,-442,3035,-4006,5355,-1946,0,0
770,-1220,3416,-6805,6759,-3547,0,0
1214,-1121,2522,-6218,4957,-2766,0,0
1033,-1199,1525,-4408,1861,-2143,0,0
746,-557,1237,-3691,362,-1554,0,0
483,117,980,-3116,-296,-1225,0,0
148,122,495,-2640,-737,-978,0,0
-160,300,-7,-2213,-1020,-725,0,0
-529,539,-454,-2201,-1038,-547,0,0
-1013,588,-801,-3215,-641,-839,0,0
-1442,466,-1157,-6523,1083,-1452,0,0
-1429,1329,-1307,-9069,5207,-2347,0,0
-888,1819,-1783,-7103,7319,-1606,0,0
-611,1209,-2468,-3817,5061,-679,0,0
-797,647,-2232,-2248,3052,-159,0,0
-941,838,-1787,-1167,2123,406,0,0
-999,564,-1164,-643,1652,715,0,0
-902,424,-268,-643,1559,743,0,0
-725,368,505,-829,1675,542,0,0
-658,146,1108,-1482,2455,-243,0,0
-566,-584,1525,-2383,3668,-1635,0,0
-392,-1972,1889,-5344,5368,-2001,0,0
-85,-1187,1490,-7179,6007,-3060,0,0
296,-79,109,-4822,3488,-2574,0,0
436,154,-252,-3338,1562,-1713,0,0
552,397,-115,-3046,600,-1153,0,0
480,564,-157,-2718,-45,-642,0,0
70,816,-308,-2091,-547,-225,0,0
-620,885,-455,-1766,-726,102,0,0
-1398,839,-609,-2042,-553,240,0,0
-2128,403,-703,-3930,756,-432,0,0
-2180,164,-910,-7097,4062,-1265,0,0
-1308,607,-1319,-7552,5963,-1341,0,0
-707,499,-1808,-5549,4113,-645,0,0
-876,701,-1898,-4728,2690,333,0,0
-1031,1462,-1641,-3376,1970,509,0,0
-1151,1260,-1498,-1966,1592,395,0,0
-1239,739,-1197,-1137,1678,276,0,0
-952,727,-477,-440,1637,524,0,0
-516,581,531,124,2097,479,0,0
-117,250,1594,-324,2561,-276,0,0
159,341,2686,-1937,3640,-1597,0,0
198,-268,3493,-5979,6412,-3390,0,0
234,-724,2391,-8287,6489,-4022,0,0
338,-282,436,-5308,2514,-2509,0,0
177,87,-233,-3354,619,-1681,0,0
159,550,-353,-2772,-16,-1090,0,0
50,654,-442,-2225,-390,-640,0,0
-241,661,-603,-1864,-671,-357,0,0
-677,562,-823,-2015,-573,-132,0,0
-1084,276,-1088,-2851,56,-78,0,0
-1382,122,-1386,-5240,1267,-130,0,0
-1506,772,-1348,-8548,4117,-534,0,0
-1367,1354,-1747,-7867,5486,-908,0,0
-1467,601,-2496,-5963,4365,-534,0,0
-1489,793,-2421,-4087,3774,-296,0,0
-1422,952,-2281,-2253,2546,-168,0,0
-1331,856,-1865,-982,1735,-103,0,0
-1113,556,-1017,-284,1329,259,0,0
-889,273,-89,-71,1324,489,0,0
-753,337,862,-90,1942,118,0,0
-790,982,2046,-822,3788,-937,0,0
-882,1983,3638,-2963,6471,-3187,0,0
-848,753,3696,-7476,8134,-4954,0,0
24,61,1723,-7070,4243,-3523,0,0
597,-315,782,-3918,920,-2225,0,0
688,-421,350,-3115,-389,-1228,0,0
575,38,27,-2662,-939,-705,0,0
185,490,-309,-2224,-814,-449,0,0
-539,637,-790,-2086,-940,-66,0,0
-1448,953,-1266,-2872,-419,-304,0,0
-2084,1390,-1688,-4574,911,-706,0,0
-2268,1681,-1989,-8506,3781,-2005,0,0
-1525,2304,-2635,-8440,6769,-2925,0,0
-615,1252,-3524,-5441,5190,-1592,0,0
-275,319,-3372,-3707,3997,-1002,0,0
-82,43,-2730,-2278,2815,-352,0,0
-138,-259,-2050,-1208,2073,177,0,0
-314,-265,-1338,-467,1942,402,0,0
-395,-149,-434,143,1827,660,0,0
-458,-282,676,322,1911,478,0,0
-431,-235,1924,-96,2160,-188,0,0
-486,137,3856,-1703,4226,-982,0,0
-739,-306,5112,-7849,10088,-3847,0,0
-60,-639,2509,-8813,7877,-4386,0,0
353,-1272,376,-4725,1748,-2529,0,0
562,-408,209,-2967,109,-1640,0,0
604,9,131,-2308,-873,-891,0,0
337,-137,136,-2044,-1535,-422,0,0
-14,11,126,-1990,-1564,-217,0,0
-451,108,-144,-3078,-644,-335,0,0
-704,529,-824,-4670,475,-738,0,0
-957,567,-1540,-7254,1842,-965,0,0
-1038,1366,-1982,-9411,5709,-2083,0,0
-451,2231,-2842,-6640,5946,-1780,0,0
-296,1656,-3313,-3666,4619,-1011,0,0
-445,679,-2771,-1964,3819,-607,0,0
-718,-156,-2056,-811,2709,-169,0,0
-1023,-561,-1141,-532,2108,82,0,0
-929,32,60,-397,1905,111,0,0
-612,325,1058,-185,1961,223,0,0
-371,-466,1744,-317,2013,385,0,0
-53,-1115,2509,-1634,2935,58,0,0
364,-666,3472,-5679,6289,-908,0,0
697,-550,3067,-8440,8671,-3380,0,0
840,-2253,995,-6462,4666,-2559,0,0
799,-1818,345,-4444,1966,-2221,0,0
1059,-21,587,-2602,54,-1829,0,0
848,-124,579,-1916,-1213,-1187,0,0
405,-523,365,-2214,-1414,-843,0,0
20,-115,-54,-2251,-1431,-489,0,0
-521,380,-583,-2485,-1520,-397,0,0
-1103,513,-963,-3522,-706,-658,0,0
-1557,488,-1182,-6826,1202,-1065,0,0
-1619,1560,-1321,-10425,6246,-1802,0,0
-583,1605,-2148,-7433,8140,-1446,0,0
79,2439,-3069,-2336,4688,-916,0,0
-126,-68,-2590,-1796,2789,-365,0,0
-197,349,-1756,-1800,2046,238,0,0
-157,1173,-961,-599,1601,364,0,0
-306,257,-314,-170,1415,574,0,0
-373,-623,275,-205,1335,811,0,0
-347,-1076,1286,70,1733,355,0,0
-116,-1460,2868,-627,3447,-281,0,0
-45,-1614,4379,-5565,8640,-1955,0,0
-83,-1576,3103,-8637,10276,-4626,0,0
333,-816,660,-5607,4243,-2833,0,0
845,52,559,-2967,1323,-1503,0,0
974,-532,517,-3016,344,-1351,0,0
908,-514,220,-3327,-586,-822,0,0
722,501,-7,-2832,-867,-694,0,0
356,508,-436,-2159,-888,-607,0,0
-146,-113,-907,-2032,-1000,-260,0,0
-700,28,-950,-2819,-824,3,0,0
-1345,569,-435,-6786,1617,-639,0,0
-1825,1091,-535,-10216,6957,-1492,0,0
-1447,1902,-2268,-7306,6959,-1409,0,0
-991,1845,-3115,-3251,4198,-482,0,0
-723,2044,-2802,-2368,2929,-523,0,0
-521,1928,-2555,-1700,1840,-283,0,0
-518,1094,-1982,-1205,1712,273,0,0
-414,565,-1242,-843,1496,738,0,0
-373,24,-577,-577,1380,918,0,0
-446,-146,311,-261,1792,311,0,0
-665,-609,1679,-933,2960,-197,0,0
-948,-2075,2993,-5691,5965,-2351,0,0
-427,-2094,2440,-9214,7451,-3593,0,0
167,-983,981,-6453,3280,-2674,0,0
280,-477,337,-3652,431,-2131,0,0
504,-71,351,-3040,-504,-1464,0,0
558,358,376,-2525,-1150,-970,0,0
234,621,178,-2065,-1637,-553,0,0
-343,813,-153,-1991,-1825,-151,0,0
-1008,1029,-307,-2622,-1604,124,0,0
-1565,1245,-354,-4896,-137,-37,0,0
-1907,1111,-524,-9901,3551,-650,0,0
-1610,1789,-1668,-10489,6997,-772,0,0
-1306,1766,-3075,-6723,5456,-422,0,0
-1250,1391,-2972,-3593,4468,193,0,0
-1231,893,-2654,-1620,3084,657,0,0
-1243,379,-2044,-576,2347,1178,0,0
-1218,109,-986,-108,1813,1278,0,0
-1204,-160,153,156,1702,938,0,0
-1164,-217,1313,26,2048,-88,0,0
-738,530,2506,-1307,2983,-1415,0,0
-246,814,3562,-4346,5296,-3643,0,0
-2,-1589,2776,-8804,7001,-4673,0,0
706,-973,825,-7275,3607,-2809,0,0
920,712,193,-3679,980,-1651,0,0
523,592,-166,-2891,-296,-719,0,0
37,907,-351,-2669,-1018,-159,0,0
-473,1421,-316,-2035,-1128,71,0,0
-1018,1466,-416,-1834,-1000,-112,0,0
-1308,1520,-534,-1837,-1104,-584,0,0
-1267,1767,-293,-3446,396,-1345,0,0
-1049,1475,-394,-8971,4680,-3172,0,0
-499,1614,-1849,-9854,7568,-3026,0,0
-44,1002,-3305,-5117,5264,-3768,0,0
-273,-88,-3284,-3059,3686,-697,0,0
-613,69,-2704,-1855,2786,-14,0,0
-989,-143,-1861,-719,2275,533,0,0
-1326,-639,-916,-169,2177,782,0,0
-1356,-606,-70,96,2076,633,0,0
-1143,-595,794,201,1991,298,0,0
-873,-533,1773,-565,2611,-750,0,0
-302,96,2586,-4540,5212,-1999,0,0
288,501,2722,-8914,8286,-4529,0,0
776,-451,1331,-7003,4958,-3847,0,0
843,-700,212,-3898,1190,-1847,0,0
618,503,265,-2794,-41,-3304,0,0
253,906,286,-2220,-930,-731,0,0
-212,673,266,-2010,-1563,-469,0,0
-648,763,143,-2178,-1618,-347,0,0
-965,1184,-365,-3112,-812,-219,0,0
-1314,1335,-1130,-4537,116,-350,0,0
-1606,1451,-1890,-7623,2126,-964,0,0
-1621,1909,-2274,-9968,5978,-2196,0,0
-1056,1958,-2820,-7153,6595,-1620,0,0
-760,942,-3278,-3995,4286,-613,0,0
-858,339,-2819,-2307,3179,-239,0,0
-915,376,-2254,-1201,2591,140,0,0
-957,171,-1524,-500,2343,689,0,0
-834,59,-612,29,2565,797,0,0
-730,-52,476,462,2839,921,0,0
-811,239,1650,-139,2800,-16,0,0
-911,537,3037,-661,3444,-789,0,0
-1146,-126,4335,-4819,6543,-2650,0,0
-774,-498,4253,-9059,8622,-4910,0,0
183,-614,1945,-6761,4357,-3143,0,0
487,-826,465,-3851,1037,-2227,0,0
652,-389,43,-2987,-67,-1374,0,0
642,-133,-191,-2408,-546,-875,0,0
432,-81,-270,-1962,-797,-667,0,0
57,-48,-487,-1770,-907,-402,0,0
-487,34,-849,-2795,-238,-491,0,0
-1102,296,-1419,-5419,1432,-1068,0,0
-1641,892,-2416,-9792,4688,-2903,0,0
-1231,2490,-3669,-9191,7011,-3216,0,0
-345,2655,-4190,-5088,5921,-1853,0,0
162,1584,-3680,-2654,3955,-449,0,0
260,730,-2958,-1324,2352,631,0,0
187,272,-2055,-557,1673,1069,0,0
87,-251,-748,143,1292,1249,0,0
-84,-1104,739,705,1283,1306,0,0
-147,-1299,2238,402,2247,982,0,0
-173,-264,3599,-1013,3751,-170,0,0
-439,-665,4353,-5232,6789,-2280,0,0
-310,-2414,3261,-10480,8653,-3482,0,0
620,-1825,1255,-7988,4982,-2955,0,0
1126,-812,281,-3937,1536,-1956,0,0
1070,-618,102,-2889,-13,-1276,0,0
800,-400,149,-2619,-890,-865,0,0
507,122,152,-2165,-1344,-594,0,0
122,315,-26,-1792,-1288,-566,0,0
-306,90,-495,-1903,-1215,-328,0,0
-834,-85,-1108,-3318,-864,21,0,0
-1590,289,-1568,-7662,334,-587,0,0
-2014,2282,-2016,-12082,4909,-2051,0,0
-1406,3914,-3242,-8504,6679,-2006,0,0
-835,2941,-3864,-3149,4767,-1213,0,0
-668,1324,-2971,-961,3215,-407,0,0
-708,401,-2013,-365,2060,54,0,0
-683,-28,-907,221,1268,559,0,0
-705,-726,298,262,1154,847,0,0
-596,-916,1455,-59,1488,729,0,0
-367,-744,2571,-425,2216,-122,0,0
-46,-606,3795,-4958,5253,-1493,0,0
338,-335,4101,-9966,9952,-5311,0,0
1230,-1455,1837,-7192,5933,-4055,0,0
1257,-2105,297,-3941,1029,-2258,0,0
1044,-458,284,-2853,-384,-1564,0,0
651,-92,192,-2259,-862,-983,0,0
303,68,-92,-1946,-1258,-817,0,0
63,444,-341,-1409,-1853,-395,0,0
-381,220,-607,-1732,-1966,-305,0,0
-744,-166,-889,-4509,-841,-966,0,0
-967,50,-1161,-10048,1672,-2225,0,0
-756,1409,-2256,-11133,4945,-3336,0,0
-309,1801,-3537,-6758,5208,-2385,0,0
-384,642,-3509,-2938,3699,-1270,0,0
-619,-184,-2598,-1538,2584,-25,0,0
-792,-331,-1470,-331,1792,784,0,0
-1033,-1120,-355,942,1569,1261,0,0
-1043,-1430,690,784,1953,1402,0,0
-577,-115,1709,698,2177,272,0,0
-149,771,3108,-2134,3331,-1209,0,0
175,1209,4408,-9940,8338,-5373,0,0
1027,930,2649,-10720,7151,-5649,0,0
1234,490,473,-5304,1223,-3016,0,0
879,207,241,-3136,-299,-2210,0,0
675,41,17,-2024,-1315,-1114,0,0
247,-284,-220,-1616,-1781,-418,0,0
-172,312,-429,-1212,-1707,-150,0,0
-669,853,-694,-1030,-1531,27,0,0
-1376,357,-1147,-1712,-1674,-268,0,0
-2141,-718,-1701,-6523,-773,-703,0,0
-2621,152,-1982,-12827,2764,-1900,0,0
-2282,1753,-2877,-10026,6229,-1890,0,0
-1916,1140,-3701,-5504,4356,-950,0,0
-1643,887,-2786,-3771,3132,-269,0,0
-1165,710,-1853,-1754,2312,180,0,0
-827,-155,-1250,-342,1244,711,0,0
-673,-463,-264,20,719,1012,0,0
-624,-200,754,-187,596,1190,0,0
-857,742,1723,-1769,1666,543,0,0
-1100,1221,2156,-3501,3266,-2064,0,0
-954,-334,1892,-7375,4425,-3415,0,0
-353,-404,1522,-7610,4918,-4914,0,0
469,-693,624,-4673,2723,-3768,0,0
908,-604,430,-3025,812,-2508,0,0
942,-153,663,-2456,-391,-1389,0,0
628,151,819,-1993,-1440,-497,0,0
-37,487,727,-1808,-2043,-83,0,0
-798,1029,332,-2184,-1854,-73,0,0
-1458,1212,-215,-3283,-974,-540,0,0
-1763,1004,-1003,-5664,1139,-1546,0,0
-1456,804,-1997,-8095,2419,-2338,0,0
-1199,-189,-2375,-9291,4150,-2897,0,0
-738,-529,-2721,-7578,4018,-1538,0,0
-564,-181,-2653,-5422,3651,-260,0,0
-605,165,-2432,-2964,3027,356,0,0
-787,249,-2199,-3304,2616,751,0,0
-846,573,-1462,-209,2221,1078,0,0
-859,509,-429,129,1694,885,0,0
-880,-91,587,-159,1130,713,0,0
-934,40,1732,-1249,1629,-157,0,0
-915,412,2745,-5142,3482,-1679,0,0
-714,-201,2679,-8920,5439,-3114,0,0
-418,-1088,1186,-7336,4024,-3210,0,0
-37,-428,383,-4683,1671,-2670,0,0
317,462,621,-3440,971,-2054,0,0
336,255,547,-2556,157,-1400,0,0
166,18,431,-1895,-688,-1067,0,0
-61,315,476,-1455,-1210,-661,0,0
-489,367,484,-1277,-1306,-278,0,0
-1178,-308,269,-3179,-966,369,0,0
-1633,742,-180,-6016,200,-152,0,0
-1799,1405,-910,-9291,1701,75,0,0
-2035,1735,-1892,-10448,4685,-121,0,0
-1999,2238,-2917,-7602,4605,-262,0,0
-1905,2148,-3086,-4849,3688,-62,0,0
-1619,1713,-2727,-2714,2766,200,0,0
-1328,1033,-2255,-1309,2045,525,0,0
-971,346,-1492,-399,1900,1169,0,0
-515,-144,-550,332,1720,1401,0,0
-90,-748,472,540,1869,1386,0,0
72,-593,1768,-227,2590,740,0,0
-57,495,3355,-3166,5034,-896,0,0
-607,-322,4092,-6662,7899,-2880,0,0
-643,-600,2856,-7996,6576,-3470,0,0
-27,1524,1944,-5115,3271,-3147,0,0
356,1935,1441,-2685,1357,-2833,0,0
460,309,1039,-2367,530,-1996,0,0
478,-430,824,-2541,-401,-3208,0,0
124,-688,480,-3089,-1182,-662,0,0
-417,-720,-363,-4129,-760,-508,0,0
-699,446,-1427,-4437,277,-880,0,0
-972,656,-2210,-5745,1770,-1299,0,0
-1120,915,-2380,-8029,4537,-2163,0,0
-830,1260,-2664,-6793,5568,-1901,0,0
-739,567,-3094,-4615,4231,-1135,0,0
-853,550,-3032,-3084,2927,-582,0,0
-920,1039,-2722,-1744,2056,-348,0,0
-664,1208,-2111,-711,1881,193,0,0
-138,565,-1196,-22,1822,874,0,0
220,-790,-257,204,2034,1472,0,0
449,-1202,862,-839,2122,1405,0,0
528,93,2423,-2657,2854,387,0,0
38,-597,1496,-6619,5893,-1868,0,0
-204,-1685,2420,-9318,6573,-2837,0,0
7,-798,956,-6046,2974,-2435,0,0
144,-254,582,-3513,846,-2002,0,0
301,-228,634,-3056,-352,-1281,0,0
349,-169,708,-2655,-972,-1358,0,0
462,41,623,-2197,-1141,-925,0,0
350,-213,307,-2139,-1006,-777,0,0
16,-580,-253,-3321,-851,-726,0,0
-530,-672,-891,-5693,291,-1100,0,0
-1053,-479,-1699,-8839,2631,-1489,0,0
-829,1406,-2174,-8686,5305,-1388,0,0
-537,1736,-2410,-5211,4617,-569,0,0
-655,593,-2251,-3057,2934,-96,0,0
-726,479,-1596,-2131,2150,229,0,0
-609,728,-828,-1208,1628,520,0,0
-496,309,-175,-416,1223,708,0,0
-478,-385,376,65,1270,800,0,0
-391,-733,1111,711,2004,838,0,0
31,-678,2264,359,3363,417,0,0
569,157,3989,-4110,6864,-594,0,0
487,-415,4665,-9716,11024,-3960,0,0
152,-667,1752,-9700,6011,-2628,0,0
397,57,383,-4819,893,-1305,0,0
366,815,244,-2382,-648,-933,0,0
117,-214,6,-2069,-1410,-671,0,0
72,259,48,-1651,-1476,-587,0,0
-36,829,68,-1425,-1080,-410,0,0
-245,843,-287,-2331,-399,-619,0,0
-464,734,-1015,-4204,324,-721,0,0
-895,713,-1459,-7779,2429,-1332,0,0
-927,1875,-1594,-9326,7357,-1884,0,0
-378,1916,-2661,-5556,6092,-1141,0,0
-402,417,-2753,-3152,3843,-566,0,0
-503,471,-1966,-2342,2839,-197,0,0
-534,721,-1341,-1349,2117,107,0,0
-542,289,-666,-638,1735,326,0,0
-432,40,30,-297,1385,527,0,0
-371,-67,610,-227,1334,495,0,0
-426,168,1265,-458,1926,83,0,0
-568,634,2346,-1606,3935,-931,0,0
-868,118,3424,-6362,8685,-4039,0,0
