245,2355,-717,-1476,2109,966,0,0
325,3239,-1493,-575,5272,1591,0,0
-367,3637,-2591,267,9512,1996,0,0
-1021,-1337,912,-137,3055,172,0,0
-3048,1905,447,3709,1933,674,0,0
235,1108,589,3462,392,-670,0,0
-730,534,938,2534,660,-575,0,0
-653,-742,1114,1818,1643,820,0,0
-48,-2389,1213,2139,4583,2126,0,0
736,-3188,1187,1828,9472,3680,0,0
2130,-2893,1267,-26,9953,3927,0,0
3369,-2270,1584,-1521,6169,1122,0,0
2787,-1230,1173,-1511,2418,140,0,0
805,-525,419,-1369,1278,459,0,0
-313,49,-194,-1480,1286,922,0,0
-224,878,-682,-1731,1459,1249,0,0
343,1898,-1026,-1656,2595,969,0,0
758,3048,-1823,-44,6020,1049,0,0
37,3673,-3109,391,8375,803,0,0
-2379,3726,-2589,312,7635,200,0,0
-555,3589,-726,2347,4790,675,0,0
-2338,2595,311,3898,3053,1653,0,0
483,1208,221,4242,334,1082,0,0
-53,55,501,3039,679,-889,0,0
-594,-892,939,1787,1800,134,0,0
54,-2404,1177,1990,4196,2573,0,0
189,-3247,1146,1564,9695,3591,0,0
1989,-2790,1216,-600,11443,4068,0,0
4539,-2055,1776,-2293,6171,1121,0,0
3666,-895,1770,-1722,1926,-292,0,0
1131,-122,1172,-1197,1666,101,0,0
-127,324,404,-1239,1533,478,0,0
-718,1128,-250,-1100,1531,1021,0,0
-888,2058,-789,-693,1447,1106,0,0
-665,2894,-1274,-414,2659,1160,0,0
-606,3783,-2081,-31,4882,1880,0,0
-667,4096,-2752,-6,8411,2439,0,0
687,3483,-2231,199,9079,951,0,0
233,2990,-1223,1309,4967,394,0,0
-2413,2725,-473,1940,2348,1288,0,0
-3068,2162,189,2551,2390,1569,0,0
-1078,1239,558,2917,1971,470,0,0
-276,676,796,2540,1718,-874,0,0
-608,154,1196,2276,2702,979,0,0
119,-1288,1434,2356,5270,2756,0,0
1261,-2415,1503,1413,8766,2892,0,0
2332,-2371,1824,-64,9128,2539,0,0
2420,-1820,2175,-1132,6215,1163,0,0
1553,-1172,2005,-1266,3286,269,0,0
462,-737,1457,-970,2313,348,0,0
78,-422,739,-923,1454,598,0,0
-458,196,-3,-940,1209,969,0,0
-914,1212,-685,-1102,1182,1280,0,0
-478,2300,-1111,-1271,2206,1366,0,0
536,3349,-1628,-531,4875,1789,0,0
1378,3830,-2577,468,8006,2274,0,0
723,3756,-2688,583,9231,1074,0,0
-2403,3997,-1303,1528,6120,1265,0,0
-3066,3562,276,3158,3566,2182,0,0
-407,2491,630,3878,1531,1643,0,0
277,1485,714,3809,316,779,0,0
-634,461,947,2690,1807,-844,0,0
-734,-666,1313,2307,3368,726,0,0
499,-2602,1399,2533,5488,2280,0,0
789,-3811,1266,2094,8468,3270,0,0
596,-3706,1126,705,9302,4006,0,0
1060,-3138,1115,-587,5755,2011,0,0
1133,-2213,1079,-1200,2471,1022,0,0
700,-1458,737,-1422,1217,1021,0,0
488,-598,221,-1552,671,862,0,0
431,608,-435,-1674,495,1004,0,0
750,1625,-1010,-1937,1195,710,0,0
1136,2681,-1676,-1464,3515,759,0,0
447,3653,-3037,-227,8086,1461,0,0
-382,3817,-3557,-198,11737,989,0,0
-1516,3570,-2072,1473,8042,469,0,0
-2123,3023,-488,3021,3845,1363,0,0
-762,2047,30,3640,1478,1380,0,0
-64,1082,393,3889,415,564,0,0
-479,186,934,2805,456,-771,0,0
-1165,-573,1456,2269,1229,-476,0,0
-818,-2081,1536,3457,4303,2243,0,0
-94,-3599,1252,2922,10467,3625,0,0
2197,-3580,1013,465,11236,4161,0,0
1349,-2975,1451,-791,5553,1396,0,0
1829,-2231,1664,-796,2184,386,0,0
93,-1489,1074,-1007,1546,777,0,0
-182,-870,490,-1203,1478,1082,0,0
-381,100,-109,-1307,1471,1437,0,0
-203,1086,-701,-1797,1701,844,0,0
320,2127,-1359,-1339,3781,390,0,0
370,2982,-2832,-352,7147,61,0,0
-945,3319,-3343,463,10960,5,0,0
-2148,3218,-2156,1896,7673,448,0,0
-2013,2550,-845,3523,3306,1223,0,0
-189,1756,-394,4296,899,1180,0,0
257,835,-12,4302,-1245,372,0,0
-1267,-193,830,3034,102,-1035,0,0
-552,-1699,1359,3129,2099,1388,0,0
1154,-3545,1460,3186,7043,3041,0,0
1005,-3930,1515,1586,11885,3920,0,0
623,-3435,1846,-492,9805,2449,0,0
323,-2852,1773,-577,4974,1135,0,0
549,-2172,1159,-1045,2354,1003,0,0
622,-1487,540,-1467,1192,1025,0,0
551,-621,36,-1685,657,1040,0,0
296,304,-398,-2055,687,726,0,0
323,1274,-735,-2115,1959,36,0,0
205,2587,-1868,-654,5591,549,0,0
-538,3352,-3433,646,10645,1131,0,0
-1539,3217,-2865,1785,9928,397,0,0
-2291,2880,-1211,3005,4689,532,0,0
-843,2183,-250,3563,2259,1021,0,0
625,1443,38,3706,-71,731,0,0
132,788,538,3252,-896,237,0,0
-1034,-62,1159,2638,325,-13,0,0
-1009,-1359,1651,3328,4032,1281,0,0
112,-2822,1734,3422,9706,3223,0,0
1211,-3201,1475,1077,11212,3591,0,0
832,-2908,1363,-833,7395,1436,0,0
243,-2358,1022,-1011,3558,569,0,0
261,-1674,409,-1180,1772,557,0,0
581,-995,85,-1558,960,686,0,0
607,-12,-140,-1846,656,984,0,0
248,1224,-445,-2203,1001,887,0,0
236,2553,-886,-1884,2816,650,0,0
-297,3800,-2220,-340,6903,1618,0,0
-1206,4154,-2921,677,10543,2027,0,0
-1349,3899,-1672,1910,8318,1570,0,0
-861,3400,-493,3171,3957,1755,0,0
-72,2684,-50,3318,1959,1473,0,0
110,2022,355,3720,374,725,0,0
-787,1294,824,3735,38,447,0,0
-1346,91,1121,2616,981,334,0,0
-996,-1626,1375,2476,3568,1018,0,0
-606,-3260,1353,2753,8627,3464,0,0
-46,-3897,916,1352,10613,4427,0,0
643,-3401,931,-808,8543,2746,0,0
1955,-2366,821,-1454,3985,1009,0,0
2028,-1404,560,-1440,1662,689,0,0
1256,-616,173,-1869,918,694,0,0
656,479,-154,-1909,875,1159,0,0
407,1800,-478,-1766,969,1238,0,0
495,3069,-848,-1243,1960,1006,0,0
273,4282,-1823,241,5469,1978,0,0
-55,4738,-2963,1230,9209,2562,0,0
-759,4481,-2221,1527,10088,1870,0,0
-1083,3913,-610,2528,5514,1416,0,0
-1109,3116,289,2895,2024,1190,0,0
-731,2260,599,3272,786,777,0,0
-315,1434,768,3457,-38,299,0,0
-711,380,1170,2740,504,68,0,0
-874,-1034,1700,2855,3523,577,0,0
-35,-2422,1735,3805,8599,3032,0,0
1484,-3278,1362,2202,11084,3732,0,0
1965,-3012,1395,-695,8059,1662,0,0
1329,-2197,1348,-1167,3240,410,0,0
293,-1411,862,-1395,1669,806,0,0
269,-758,273,-1689,1183,1043,0,0
698,232,-206,-1440,890,1192,0,0
706,1431,-806,-1250,595,1112,0,0
564,2449,-1385,-1031,1717,838,0,0
409,3353,-2308,-435,4460,859,0,0
-472,3857,-3357,226,8725,1449,0,0
-1323,3688,-2894,836,12078,1697,0,0
-1876,3188,-1044,2532,7252,1465,0,0
-1476,2400,356,3554,2930,1413,0,0
198,1591,726,3581,648,399,0,0
112,1106,1020,3384,-320,-20,0,0
-1103,411,1359,2816,327,237,0,0
-1150,-932,1647,2212,2620,429,0,0
-7,-2601,1740,2886,6533,1927,0,0
825,-3680,1453,2821,9697,3443,0,0
855,-3535,1157,992,9988,3569,0,0
1697,-3023,1063,-1042,5465,1245,0,0
1548,-2166,864,-1375,1992,477,0,0
637,-1312,452,-1529,1085,819,0,0
219,-290,-19,-1725,625,1078,0,0
127,1023,-472,-1798,740,1244,0,0
279,2187,-859,-1854,1482,704,0,0
49,3578,-1359,-993,4166,913,0,0
-683,4743,-2295,1112,9410,2830,0,0
-635,4720,-2075,2361,11034,2516,0,0
-1266,4417,-672,3066,5935,1687,0,0
-1975,3761,452,3573,2509,1788,0,0
-641,2461,932,3542,953,983,0,0
298,1283,1055,3051,-465,158,0,0
-197,144,1074,2138,-7,-461,0,0
-507,-1001,1014,2099,2237,263,0,0
374,-2366,811,3759,6635,2975,0,0
1375,-3461,428,2824,10849,4068,0,0
1657,-3109,727,187,9043,2750,0,0
1129,-2272,1134,-678,3867,556,0,0
243,-1409,931,-906,2031,562,0,0
60,-770,412,-1291,1213,952,0,0
313,-6,25,-1397,789,1110,0,0
386,1092,-465,-1299,847,1378,0,0
385,2156,-942,-1208,1572,927,0,0
693,3112,-1360,-775,3746,850,0,0
390,3839,-2169,516,6817,1760,0,0
-284,3949,-2476,991,10273,2190,0,0
-724,3608,-1464,1819,8465,1551,0,0
-1625,2965,-128,2718,3955,1182,0,0
-1509,2082,674,2898,1876,831,0,0
-472,1273,903,3321,471,367,0,0
-343,649,970,2915,316,-141,0,0
-643,-20,1030,2238,1563,122,0,0
-2,-1276,1095,2723,3860,1867,0,0
718,-2853,1020,2895,7531,3042,0,0
496,-3341,954,1982,9798,4149,0,0
891,-3030,1065,351,7486,2929,0,0
1804,-2616,1204,-708,3339,821,0,0
1286,-1891,993,-1413,1554,564,0,0
170,-1068,406,-1870,1030,878,0,0
-441,28,-239,-1802,950,1045,0,0
-685,1354,-904,-1366,1121,895,0,0
-483,2425,-1469,-1157,2227,882,0,0
-119,3244,-2034,-538,4561,1572,0,0
-182,3710,-2526,420,7748,2254,0,0
-377,3609,-2184,1277,10342,2360,0,0
-378,3070,-1029,2054,7455,1645,0,0
-1052,2317,142,2693,3667,1372,0,0
-311,1350,764,2919,1964,397,0,0
474,715,936,3197,234,-67,0,0
-688,214,1049,3196,324,334,0,0
-1004,-833,1119,2412,2096,676,0,0
263,-2379,1239,2358,4784,1488,0,0
1434,-3860,1375,2786,7525,2549,0,0
1178,-4393,1218,2498,9702,3344,0,0
1698,-3848,810,402,8253,2549,0,0
3198,-3051,887,-967,2853,730,0,0
2342,-2275,1054,-1231,915,281,0,0
147,-1313,542,-1425,935,499,0,0
-1016,-65,-193,-1562,1050,574,0,0
-1458,1349,-833,-1579,1581,714,0,0
-1429,2625,-1381,-1412,3061,837,0,0
-1305,3671,-1961,-168,5970,1109,0,0
-1335,4192,-2340,826,8618,990,0,0
-1831,4335,-1732,1816,9439,1157,0,0
-1567,3816,-697,2441,6030,1557,0,0
-953,2767,176,2676,2931,1376,0,0
-181,1780,439,2871,1272,1157,0,0
36,773,549,3093,15,630,0,0
-650,-341,767,2614,398,6,0,0
-713,-1547,952,1990,1795,174,0,0
-376,-2751,902,3274,5251,2823,0,0
135,-3590,496,2642,9254,4520,0,0
1020,-3375,483,636,9246,3736,0,0
1603,-2841,891,-510,5450,1553,0,0
1616,-2022,980,-1070,2542,775,0,0
1132,-1229,766,-1482,1211,677,0,0
490,-293,427,-1510,964,883,0,0
556,713,-119,-1370,978,871,0,0
932,1577,-674,-1447,1550,478,0,0
982,2462,-1488,-502,3517,519,0,0
258,3093,-2882,840,7848,864,0,0
-365,2993,-3262,1372,9458,156,0,0
-1093,2669,-2025,2401,7350,211,0,0
-1247,2154,-879,3054,4169,434,0,0
-624,1486,-231,2784,2265,282,0,0
-137,880,295,2718,1158,204,0,0
-111,239,792,2609,677,49,0,0
-884,-428,1246,2353,1390,-40,0,0
-753,-1429,1720,2986,5273,1165,0,0
717,-2659,1813,2867,8716,1955,0,0
906,-2789,1721,1688,9403,2152,0,0
468,-2230,1485,266,6501,1477,0,0
556,-1722,1257,-705,2871,651,0,0
46,-1107,739,-1144,1444,712,0,0
-333,-486,123,-1163,1249,874,0,0
196,140,-417,-1094,1368,834,0,0
800,800,-913,-1361,1605,671,0,0
1013,1473,-1394,-1228,3153,235,0,0
811,2097,-2477,-132,5772,-12,0,0
-952,2421,-3342,337,9196,105,0,0
-2001,2432,-2288,1271,10040,-35,0,0
-1503,2318,-665,2323,5551,522,0,0
-476,1933,107,2748,2235,907,0,0
179,1473,340,2939,706,419,0,0
-173,1061,678,2829,77,172,0,0
-890,467,1095,2534,592,277,0,0
-752,-472,1478,2235,2263,382,0,0
79,-1709,1657,3046,6575,1618,0,0
1030,-2558,1292,2231,10131,2390,0,0
659,-2145,1226,-285,9764,1853,0,0
178,-1646,1467,-574,4750,382,0,0
-286,-1233,1233,-667,2379,310,0,0
88,-795,629,-1190,1579,555,0,0
690,-147,-9,-1260,767,768,0,0
632,734,-828,-1368,394,1059,0,0
428,1613,-1676,-1579,1364,696,0,0
556,2535,-2509,-1239,3945,535,0,0
-60,3288,-3426,-752,8225,1686,0,0
-866,3268,-2830,-310,11911,1425,0,0
-1635,3078,-1005,1411,7533,1230,0,0
-1680,2519,83,2609,3577,1423,0,0
-119,1733,451,2847,2100,716,0,0
341,1228,794,2918,818,431,0,0
-542,714,1244,2964,274,380,0,0
-1289,-33,1551,2289,1165,-364,0,0
-980,-1051,1617,2589,3598,851,0,0
483,-2516,1386,2872,8264,2497,0,0
2031,-3153,1065,1192,11530,3022,0,0
2026,-2690,1358,-1284,8035,1551,0,0
623,-1670,1408,-1458,3042,488,0,0
-506,-1069,898,-1669,1500,492,0,0
-404,-412,304,-1768,645,673,0,0
-11,558,-251,-1621,287,782,0,0
351,1656,-963,-1533,425,838,0,0
312,2735,-1713,-1405,2085,1108,0,0
-218,3640,-2604,-887,6035,1920,0,0
-899,3840,-2865,-609,11300,2879,0,0
-808,3378,-1461,457,10392,1844,0,0
-1607,3018,-97,2196,4803,1508,0,0
-1413,2379,594,2656,2475,1141,0,0
-244,1714,863,3197,571,345,0,0
-452,1151,1088,3045,-45,-399,0,0
-990,560,1304,2101,1098,-488,0,0
-138,-584,1425,2402,2894,1720,0,0
598,-2085,1440,2148,7789,3112,0,0
910,-2407,1252,423,11254,3633,0,0
1595,-2201,1697,-681,8694,1920,0,0
2415,-1662,1778,-979,4645,378,0,0
2116,-936,1307,-1104,2284,279,0,0
1197,-310,718,-1539,994,360,0,0
263,361,45,-1566,649,578,0,0
-368,1305,-689,-1517,718,947,0,0
-675,2474,-1307,-1405,1386,1226,0,0
-364,3497,-1677,-801,4267,1777,0,0
384,4126,-2222,249,7724,2835,0,0
22,4104,-2215,484,10441,2615,0,0
-975,3747,-951,1639,7129,1392,0,0
-2014,3320,181,2866,3045,1371,0,0
-1422,2504,736,3282,1587,1251,0,0
-88,1578,990,3139,260,468,0,0
-52,878,1033,2337,630,-510,0,0
-593,310,1095,1821,1789,13,0,0
63,-933,1193,3008,4680,2167,0,0
676,-2493,1145,2724,9476,2856,0,0
1362,-2891,1216,855,10930,3667,0,0
2107,-2582,1367,-531,6172,1824,0,0
1401,-2026,1344,-499,3068,847,0,0
543,-1432,819,-945,1637,903,0,0
239,-773,419,-1217,1038,1081,0,0
177,183,5,-1167,748,1227,0,0
58,1188,-591,-1181,542,902,0,0
-39,2141,-1208,-1814,1428,352,0,0
-259,3247,-2015,-1445,3938,914,0,0
-1338,4120,-2871,-337,9317,3328,0,0
-1619,3941,-2249,814,12170,3235,0,0
-1427,3235,-419,2526,7006,1788,0,0
-871,2445,587,3071,2219,1327,0,0
-366,1661,897,3387,412,895,0,0
-91,901,1015,3238,-494,35,0,0
-387,129,1003,2256,387,-702,0,0
-228,-865,983,2326,2082,859,0,0
645,-2403,936,3126,6805,3273,0,0
1438,-3533,850,1868,10608,4576,0,0
1169,-3439,1139,151,9262,3330,0,0
1391,-2986,1374,-553,5140,1091,0,0
1259,-2192,1101,-1140,2101,733,0,0
520,-1413,689,-1235,1051,799,0,0
151,-630,248,-1109,850,838,0,0
23,292,-314,-1104,700,805,0,0
-184,1228,-855,-1558,930,635,0,0
-279,2231,-1410,-1722,2760,604,0,0
-460,3300,-2458,-511,6529,1856,0,0
-1038,3633,-3054,22,10843,2484,0,0
-1561,3316,-1692,1559,10030,1723,0,0
-1311,2685,-351,2778,4758,1383,0,0
-444,1816,221,2953,1993,854,0,0
128,1104,489,2935,605,77,0,0
-198,556,761,2378,404,-528,0,0
-543,-65,1038,1968,952,-56,0,0
-212,-1246,1169,2704,2575,1732,0,0
-88,-2611,1028,3057,7532,2993,0,0
941,-3320,950,1923,10124,4309,0,0
1479,-3138,1133,451,7858,3418,0,0
1224,-2644,1202,-363,4258,1437,0,0
502,-2079,1026,-1162,2194,789,0,0
-132,-1418,523,-1527,1258,925,0,0
-545,-681,-63,-1523,1034,869,0,0
-480,210,-624,-1530,1097,811,0,0
-235,1175,-1123,-1664,1347,602,0,0
-326,2259,-1580,-1495,3073,798,0,0
-1040,3410,-2224,-292,6776,2624,0,0
-1429,3690,-2240,374,10152,3157,0,0
-1917,3414,-941,1807,8959,2447,0,0
-1109,2659,309,2523,4362,1505,0,0
7,1697,756,2819,1521,991,0,0
413,902,867,3098,6,402,0,0
-74,153,927,2704,-301,42,0,0
-542,-799,889,2212,732,165,0,0
-137,-2015,793,3053,3885,2248,0,0
601,-3289,578,2893,9151,4758,0,0
1369,-3610,628,665,10907,4819,0,0
1360,-3169,1117,-835,6621,2148,0,0
950,-2423,1178,-1212,2754,999,0,0
468,-1588,751,-1694,1290,982,0,0
337,-735,333,-1812,850,935,0,0
536,287,-160,-1810,578,782,0,0
376,1435,-782,-1770,733,678,0,0
-2,2477,-1484,-1347,2540,724,0,0
-386,3255,-2418,-628,6067,1503,0,0
-614,3306,-2853,-443,9936,1958,0,0
-642,2890,-1928,575,10178,1398,0,0
-1347,2485,-738,1978,5423,1244,0,0
-1747,1981,110,2263,2833,1071,0,0
-699,1479,567,2670,1143,499,0,0
-450,1005,834,3219,-375,127,0,0
-1096,388,1113,2543,473,-434,0,0
-843,-483,1268,2655,2672,1052,0,0
415,-1841,1130,2291,7130,2710,0,0
1551,-2385,769,-48,10032,3871,0,0
1369,-2291,1009,-1452,8713,2741,0,0
1548,-2080,1239,-1093,4859,534,0,0
1234,-1297,977,-834,2911,504,0,0
615,-596,583,-813,1557,891,0,0
-9,-78,310,-928,1323,945,0,0
-547,660,-95,-801,1087,898,0,0
-559,1552,-509,-1022,1496,923,0,0
358,2363,-1138,-936,2831,1000,0,0
980,2874,-2230,-1123,6127,1350,0,0
407,2955,-2771,-1717,9380,600,0,0
-691,2919,-1524,-427,9790,773,0,0
-1150,2697,-320,1669,5177,1412,0,0
-1162,2405,308,2358,2326,1252,0,0
-775,1968,734,2722,930,699,0,0
-720,1330,1103,2959,31,294,0,0
-1157,574,1371,2723,264,-174,0,0
-1190,-229,1479,2536,1741,231,0,0
-502,-1512,1389,3057,5921,2214,0,0
1249,-2574,1004,1709,10738,3515,0,0
2129,-2529,1233,-591,10329,3148,0,0
1295,-2006,1866,-953,5251,882,0,0
3,-1360,1640,-846,2805,364,0,0
280,-940,1019,-963,1849,477,0,0
812,-309,360,-818,860,776,0,0
562,607,-491,-821,261,982,0,0
122,1602,-1306,-1115,405,810,0,0
254,2469,-1874,-1499,1965,593,0,0
214,3317,-2687,-925,5943,1920,0,0
-519,3531,-3001,-826,11310,2515,0,0
-1214,3268,-1490,-48,10875,1876,0,0
-1608,2896,-22,1888,4922,1505,0,0
-791,2229,472,2538,2191,811,0,0
104,1666,690,2716,893,355,0,0
-250,1128,993,3014,239,179,0,0
-658,507,1290,2568,480,-321,0,0
-716,-299,1450,2820,1781,908,0,0
-460,-1677,1376,3180,6526,2844,0,0
550,-2596,1017,1212,10985,4153,0,0
1547,-2492,1128,-758,9134,3063,0,0
2105,-2242,1465,-626,4354,633,0,0
1560,-3680,1208,-783,2424,247,0,0
648,-913,626,-1096,1600,647,0,0
381,-200,97,-1304,1170,789,0,0
261,703,-496,-1269,917,712,0,0
-40,1694,-1103,-1389,1291,639,0,0
112,2676,-1564,-1227,3618,1163,0,0
295,3412,-2242,-486,6889,2049,0,0
-544,3697,-2385,33,10253,1896,0,0
-1226,3617,-1116,1352,8099,964,0,0
-1336,3244,88,2612,3745,1314,0,0
-724,2438,654,3239,1803,1404,0,0
-119,1560,931,3137,468,745,0,0
-479,843,1198,2568,12,-170,0,0
-1166,354,1397,1764,1278,-869,0,0
-512,-578,1378,2862,3230,1813,0,0
534,-2172,1014,3396,8612,2954,0,0
1745,-2817,753,1128,11678,3374,0,0
2331,-2350,1150,-1123,7166,1549,0,0
902,-1542,1190,-740,2656,281,0,0
-556,-919,653,-848,1742,359,0,0
-517,-301,111,-1111,1140,627,0,0
-94,556,-292,-1118,704,987,0,0
203,1447,-707,-1128,901,1036,0,0
545,2322,-1034,-1207,1913,815,0,0
556,3299,-1474,-697,4117,1500,0,0
-191,3944,-2306,-53,7950,2665,0,0
-688,3704,-2052,232,10800,2168,0,0
-747,3071,-750,1618,7177,1249,0,0
-1143,2475,197,2668,3232,1353,0,0
-683,1714,627,3034,1643,1172,0,0
-111,1009,826,2859,507,349,0,0
-378,414,1011,2252,649,-86,0,0
-828,-281,1180,1869,2197,61,0,0
-212,-1421,1280,2578,5654,2097,0,0
846,-2672,1192,1936,8945,3109,0,0
1216,-2788,1217,639,9187,3241,0,0
1286,-2336,1236,-289,5379,1652,0,0
696,-1775,1027,-693,2723,713,0,0
297,-1252,504,-1012,1767,800,0,0
462,-744,43,-1180,1305,900,0,0
581,49,-400,-1339,1118,920,0,0
462,1049,-907,-1464,1226,871,0,0
380,2023,-1336,-1496,2829,635,0,0
414,2917,-1965,-644,5682,1211,0,0
-159,3295,-2493,312,8503,1544,0,0
-1387,3196,-1756,1305,9351,1372,0,0
-1292,2779,-492,2229,5827,1003,0,0
-526,2092,273,2450,2600,731,0,0
-141,1463,595,2572,1187,318,0,0
-354,986,778,2716,413,95,0,0
-1027,396,892,2503,819,195,0,0
-1163,-580,1024,2702,2772,782,0,0
-291,-1988,1087,3148,6766,2406,0,0
987,-3099,989,2067,9009,3617,0,0
936,-3147,976,456,7972,2907,0,0
1029,-2816,922,-156,4926,1341,0,0
1138,-2281,731,-621,2598,792,0,0
631,-1618,453,-909,1777,760,0,0
148,-907,170,-912,1457,808,0,0
46,-53,-162,-855,1590,952,0,0
96,828,-561,-1041,1963,817,0,0
109,1579,-952,-1179,2520,346,0,0
205,2351,-1421,-416,4490,427,0,0
17,2917,-2191,600,7464,1058,0,0
-274,2834,-2175,1246,8642,609,0,0
-780,2477,-1191,1960,6823,461,0,0
-1164,1989,-289,2157,3910,544,0,0
-923,1517,274,2360,2341,465,0,0
-466,1069,554,2711,1496,402,0,0
-345,515,816,2597,1349,276,0,0
-352,-226,1119,2002,1675,193,0,0
-302,-1221,1405,2497,3312,912,0,0
-306,-2301,1222,3183,6714,2200,0,0
218,-2847,730,2274,8277,3049,0,0
1211,-2686,518,968,6781,2337,0,0
2294,-2455,538,-177,4232,918,0,0
1862,-1869,601,-1074,2032,224,0,0
118,-919,426,-1186,1570,635,0,0
-1123,-47,36,-1183,1806,782,0,0
-1229,744,-367,-1271,1901,765,0,0
-668,1431,-624,-1334,2356,532,0,0
92,2146,-1015,-881,3615,344,0,0
-325,2949,-1905,478,7293,1904,0,0
-816,3035,-2261,575,8746,1829,0,0
-1424,2795,-1275,1542,7458,1177,0,0
-882,2281,-387,2308,4302,1133,0,0
301,1566,46,2691,2320,953,0,0
555,1027,416,2868,1297,497,0,0
171,566,895,2772,961,335,0,0
-402,1,1217,2522,1305,428,0,0
-564,-803,1428,2606,3010,765,0,0
-175,-1897,1445,2870,6536,1902,0,0
461,-2712,1023,2200,8841,2738,0,0
820,-2706,661,252,7917,2311,0,0
848,-2268,537,-757,4439,1080,0,0
309,-1669,387,-821,2246,652,0,0
-233,-1039,94,-995,1593,774,0,0
-267,-324,-146,-1178,1460,861,0,0
7,505,-296,-1234,1411,962,0,0
45,1352,-466,-1499,1636,757,0,0
-230,2263,-770,-1103,3137,551,0,0
-733,3220,-1619,404,7389,2090,0,0
-559,3345,-2141,746,9320,2174,0,0
-400,2860,-1151,1455,7910,1190,0,0
-687,2343,-191,2143,4308,987,0,0
-636,1799,368,2216,2221,959,0,0
-145,1219,706,2364,1279,559,0,0
54,568,1027,2506,856,376,0,0
-279,-188,1299,2484,1019,487,0,0
-640,-1074,1495,2652,2236,1052,0,0
-784,-2045,1319,3135,6448,2765,0,0
486,-2666,739,1574,9764,3744,0,0
1903,-2622,953,13,7865,2284,0,0
1300,-1961,1367,-317,3939,485,0,0
-39,-1080,1016,-330,2381,438,0,0
-292,-603,394,-399,1673,565,0,0
100,-257,-78,-668,1401,636,0,0
334,453,-579,-1058,1121,840,0,0
-22,1499,-1108,-1201,1473,1255,0,0
-149,2400,-1449,-1213,3217,1306,0,0
402,3140,-1720,-601,5328,1643,0,0
-39,3635,-2133,188,8736,2597,0,0
-664,3483,-1794,887,9868,2363,0,0
-781,2898,-647,2026,5857,1375,0,0
-905,2279,183,2512,2640,1188,0,0
-435,1603,579,2841,1173,878,0,0
-109,868,891,2873,137,269,0,0
-546,94,1143,2347,529,113,0,0
-552,-874,1281,2287,2377,829,0,0
312,-1910,1226,2622,6700,2544,0,0
1638,-2347,854,1127,9600,3441,0,0
1255,-2182,1008,-670,8758,2439,0,0
593,-1827,1161,-756,5229,730,0,0
745,-1199,877,-808,2909,357,0,0
1052,-663,700,-1038,1747,592,0,0
1141,-110,606,-1369,1254,859,0,0
962,897,262,-1611,1059,1151,0,0
498,2073,-321,-1205,1321,1195,0,0
17,3027,-1095,-595,2472,1134,0,0
-794,3674,-1947,259,6389,1792,0,0
-1173,3816,-2015,539,9609,2207,0,0
-779,3471,-779,1583,8851,2189,0,0
-490,3032,89,2173,4130,1560,0,0
-671,2651,597,2329,1915,1317,0,0
-270,2076,868,2662,638,756,0,0
-17,1407,974,2672,-163,113,0,0
-349,697,950,2136,497,-43,0,0
-327,-198,860,2235,2335,716,0,0
265,-1246,560,2806,6102,2230,0,0
1259,-1900,116,1296,10623,3520,0,0
2363,-2059,683,-780,9977,2246,0,0
1982,-1645,1434,-690,4851,171,0,0
721,-855,1308,-589,2417,137,0,0
296,-348,870,-773,1556,530,0,0
484,62,476,-894,1339,740,0,0
683,758,-18,-813,1274,815,0,0
527,1662,-625,-751,1668,1115,0,0
354,2407,-1101,-965,2980,1068,0,0
265,3030,-1445,-771,4489,1051,0,0
-818,3633,-1802,-72,7156,1851,0,0
-104,3080,-980,1481,7079,1390,0,0
-208,2592,-218,2001,3592,945,0,0
-707,2166,285,2497,2024,925,0,0
-639,1619,510,2771,1038,538,0,0
-685,996,686,2566,865,260,0,0
-739,121,978,2104,1350,280,0,0
-624,-968,1245,2507,3756,1389,0,0
99,-2168,1193,2727,7452,2723,0,0
1301,-2778,1144,1720,9758,3395,0,0
1919,-2536,1285,-44,7583,2139,0,0
1261,-1904,1323,-625,3572,672,0,0
106,-1285,816,-770,2058,635,0,0
-90,-832,174,-1035,1564,793,0,0
296,-216,-374,-972,1265,868,0,0
472,554,-918,-1164,1074,955,0,0
278,1319,-1349,-1415,1470,692,0,0
111,2048,-1611,-1532,2658,336,0,0
-645,2931,-2190,-937,5540,1434,0,0
-1277,3325,-2521,-630,10458,2973,0,0
-447,2961,-1446,414,10601,1832,0,0
-425,2536,-187,1788,4837,686,0,0
-1460,2068,510,2419,1956,809,0,0
-1172,1328,790,2800,1309,651,0,0
-260,541,813,2661,311,-1,0,0
-354,-180,835,2103,668,-66,0,0
-504,-1071,871,2237,2340,945,0,0
-265,-2321,811,2668,6558,2725,0,0
889,-3403,759,2008,9924,3917,0,0
2086,-3380,892,300,9789,3562,0,0
2829,-2817,1147,-808,4968,1091,0,0
1719,-2101,1175,-792,2261,366,0,0
152,-1458,820,-1136,1269,567,0,0
-857,-762,448,-1276,1273,843,0,0
-1182,157,58,-1328,1342,912,0,0
-963,1188,-327,-1406,1482,814,0,0
-441,2151,-725,-1714,2379,382,0,0
-328,3311,-1611,-770,5014,1446,0,0
-1073,3882,-2526,-158,8515,2989,0,0
-1560,3454,-1791,821,9696,2452,0,0
-1188,2717,-338,2191,5803,1711,0,0
-214,1986,463,2502,2450,1571,0,0
205,1320,718,2736,967,1163,0,0
96,682,904,2745,491,433,0,0
-318,1,1008,2227,844,151,0,0
-437,-933,1095,2197,2015,742,0,0
-406,-2158,947,3167,5823,3026,0,0
527,-3337,506,2523,9063,4469,0,0
1405,-3694,499,1118,8321,3679,0,0
1544,-3496,635,200,5097,1739,0,0
1415,-2874,556,-554,2521,683,0,0
681,-2139,309,-871,1507,643,0,0
-121,-1390,43,-1146,1570,780,0,0
-319,-364,-196,-1392,1527,869,0,0
-464,863,-336,-1701,1607,899,0,0
-373,2030,-414,-1690,2674,709,0,0
-931,3416,-1089,-113,5819,1825,0,0
-1385,4135,-1719,776,9174,2826,0,0
-965,3862,-1134,1550,7877,1923,0,0
-1086,3324,-183,2267,4134,1365,0,0
-750,2479,396,2560,2076,1287,0,0
98,1483,664,2529,956,958,0,0
509,518,921,2485,214,569,0,0
11,-381,1052,2302,415,295,0,0
-619,-1255,1043,3064,2662,1380,0,0
-453,-2262,706,3772,7888,3687,0,0
1194,-2894,165,1847,9344,4150,0,0
1257,-3087,398,291,7086,2303,0,0
721,-2903,611,-311,3887,888,0,0
301,-2107,345,-757,2088,795,0,0
33,-1334,102,-1071,1467,1094,0,0
110,-590,-85,-1316,1259,1113,0,0
350,379,-245,-1743,1263,897,0,0
187,1779,-513,-2084,1461,991,0,0
-583,3339,-1149,-1063,4288,1541,0,0
-1069,4223,-1971,-248,8676,2524,0,0
-409,3748,-1598,391,10075,2024,0,0
-152,2932,-674,1183,6204,1146,0,0
-919,2465,-80,1817,2775,1246,0,0
-908,1992,373,2279,1782,1283,0,0
-80,1376,753,2611,675,690,0,0
-80,805,1039,2731,287,176,0,0
-633,110,1205,2475,1446,156,0,0
-546,-1044,1297,3002,4601,1704,0,0
245,-2240,1210,2700,8778,3689,0,0
1032,-2486,996,640,9606,3916,0,0
1132,-2380,1163,-462,6270,1488,0,0
779,-1878,1036,-884,3423,503,0,0
443,-1190,550,-1276,1680,455,0,0
168,-597,227,-1438,987,685,0,0
123,304,-147,-1231,913,1046,0,0
259,1474,-719,-962,1164,1393,0,0
337,2671,-1146,-895,2554,1565,0,0
-74,3943,-1302,-62,4994,2038,0,0
-609,4638,-1077,965,8017,2223,0,0
-141,4348,-380,1068,9504,2113,0,0
520,3143,-106,1569,4558,1660,0,0
-722,2167,438,1920,3339,1095,0,0
-363,1684,819,2202,2188,1238,0,0
160,1085,763,2791,571,903,0,0
-401,370,673,2593,202,178,0,0
-946,-380,663,1766,1886,-183,0,0
-402,-1258,641,2463,4267,2232,0,0
365,-2171,527,2719,7593,3564,0,0
973,-2455,693,1554,8821,3436,0,0
1196,-2124,926,193,6254,1913,0,0
557,-1532,876,-362,3043,610,0,0
-181,-1026,586,-674,2038,500,0,0
-119,-583,270,-959,1721,667,0,0
307,69,18,-874,1534,998,0,0
401,1099,-385,-1104,1465,1280,0,0
117,2243,-896,-1326,2951,1323,0,0
145,3267,-1480,-1020,5293,1896,0,0
59,3736,-1835,-46,7135,2339,0,0
-602,3552,-1433,887,7864,2492,0,0
-832,3049,-505,1618,5543,2238,0,0
-593,2471,383,2087,3076,1867,0,0
-23,1915,894,2407,1553,1392,0,0
195,1386,1107,2612,633,689,0,0
-258,936,1162,2597,535,360,0,0
-827,378,1129,2247,1646,371,0,0
-692,-508,1103,2305,3582,1062,0,0
-541,-1588,812,2685,7092,3117,0,0
113,-2667,450,1395,9994,4466,0,0
1702,-2894,758,-408,8371,2828,0,0
2557,-2193,958,-375,3662,1075,0,0
1964,-1566,964,-505,2102,457,0,0
1165,-1008,639,-828,1402,436,0,0
462,-276,127,-1201,1202,735,0,0
-166,815,-531,-1437,1325,1044,0,0
-521,1954,-1122,-1681,1675,1011,0,0
-735,2976,-1604,-1108,3928,1545,0,0
-1006,3608,-2134,-298,7615,2831,0,0
-1005,3583,-1736,151,10109,2995,0,0
-877,3303,-610,1460,7038,2167,0,0
-1042,2913,150,2343,3062,1685,0,0
-874,2316,707,2587,1904,1431,0,0
-9,1611,1135,2479,1007,647,0,0
260,1006,1553,2190,398,-189,0,0
-295,656,1763,1901,487,-1123,0,0
-1141,100,1623,2968,2197,1505,0,0
-557,-1487,1123,3906,7261,3531,0,0
1223,-2826,602,2577,10562,4682,0,0
2177,-3152,880,121,9024,3250,0,0
1852,-2775,1283,-679,3749,719,0,0
458,-2037,1077,-749,2107,600,0,0
122,-1361,463,-1224,1591,637,0,0
655,-522,-88,-1292,1376,630,0,0
955,513,-693,-1189,760,580,0,0
317,1702,-1432,-1099,834,710,0,0
142,2563,-2193,-1283,1491,390,0,0
-388,3395,-2995,-1676,6239,1551,0,0
-1198,3794,-2820,-1639,11636,2597,0,0
-1703,3533,-956,399,10605,2469,0,0
-1644,3103,274,1728,4723,1707,0,0
-858,2546,562,2178,1916,1236,0,0
-134,1954,693,2806,1054,742,0,0
7,1294,849,2934,453,410,0,0
-486,498,1123,2655,432,422,0,0
-1029,-517,1341,2369,1461,735,0,0
-847,-1761,1310,3069,5215,2196,0,0
527,-3068,924,3055,9730,3694,0,0
2002,-3512,743,1041,10933,4050,0,0
2526,-3131,1128,-952,6079,1638,0,0
1312,-2419,1323,-1051,2185,379,0,0
-44,-1642,852,-1281,1407,551,0,0
-28,-909,253,-1239,1313,772,0,0
541,44,-320,-838,974,859,0,0
634,1027,-1021,-676,681,609,0,0
165,1850,-1721,-1052,1525,252,0,0
-456,2675,-2380,-1111,4297,827,0,0
-1316,3203,-2800,-779,8596,1875,0,0
-2289,3194,-1905,-232,10590,2028,0,0
-1829,2793,-355,1472,6907,1325,0,0
-760,2244,322,2032,3549,1118,0,0
3,1681,610,2386,2074,917,0,0
287,1153,738,2777,1005,463,0,0
-353,589,842,2484,900,-260,0,0
-958,-54,1088,2121,1784,-27,0,0
-538,-1237,1233,2794,3632,1792,0,0
1515,-3260,1014,2152,9788,3929,0,0
2257,-2942,957,46,7003,2580,0,0
1037,-2273,1015,-601,3009,707,0,0
-436,-1636,581,-716,1656,592,0,0
-724,-1135,-54,-1106,1096,754,0,0
-202,-440,-503,-1240,884,907,0,0
315,487,-967,-1263,584,916,0,0
38,1513,-1376,-1538,1721,732,0,0
-429,2531,-1741,-1592,4121,1116,0,0
-957,3362,-1870,-674,8286,2682,0,0
-790,3312,-1470,351,10336,2504,0,0
-701,2833,-534,1544,7159,1366,0,0
-974,2330,167,2074,4049,1130,0,0
-562,1675,672,2386,2646,884,0,0
274,1113,1014,2415,1560,285,0,0
502,684,1254,2041,970,-86,0,0
-462,374,1288,1862,613,-456,0,0
-1275,-195,1207,2437,1716,916,0,0
-1454,-1584,757,3866,5073,2826,0,0
-509,-2950,227,2893,8908,4173,0,0
1687,-3365,180,873,7664,3842,0,0
1649,-3156,510,171,4558,1965,0,0
287,-2600,657,-363,2945,1045,0,0
-304,-1891,359,-1007,1844,840,0,0
-287,-1171,52,-1183,1330,987,0,0
-94,-270,-357,-1390,1205,988,0,0
5,847,-864,-1379,1561,928,0,0
178,1894,-1406,-1563,2408,1025,0,0
-317,2817,-2159,-1776,3851,1204,0,0
-1992,3629,-2672,-1482,7811,2651,0,0
-2251,3687,-1985,-332,10460,3753,0,0
-928,2987,-378,1572,7465,2508,0,0
137,2265,645,2425,3545,1652,0,0
622,1592,1052,2596,1843,1167,0,0
734,1057,1307,2530,846,408,0,0
-104,663,1429,2405,533,72,0,0
-1202,77,1441,2316,1424,356,0,0
-1196,-1081,1339,3022,4198,1751,0,0
-24,-2653,975,2823,8219,3465,0,0
988,-3566,642,1057,8968,3585,0,0
580,-3158,702,-558,6948,2297,0,0
560,-2414,758,-830,3453,891,0,0
682,-1757,671,-1075,1872,834,0,0
711,-1109,493,-1174,1387,1134,0,0
1027,-294,221,-1185,1507,1199,0,0
1501,719,-210,-1086,1520,1162,0,0
1729,1594,-741,-1318,1909,471,0,0
754,2539,-1591,-798,3829,428,0,0
-1061,3191,-2521,210,7860,1176,0,0
-1852,3171,-2297,1020,9952,951,0,0
-1934,3006,-1010,1918,7025,789,0,0
-1192,2484,113,2483,4130,1506,0,0
269,1810,595,2643,2167,1042,0,0
647,1378,874,2909,506,444,0,0
-340,1067,1252,3076,297,285,0,0
-783,733,1656,2569,964,148,0,0
-214,111,2004,2159,3795,235,0,0
777,-630,1969,2880,7556,1819,0,0
1514,-1397,1366,1980,7878,1898,0,0
599,-1919,573,-24,4668,885,0,0
254,-1853,254,-472,2591,544,0,0
-295,-1595,-58,-785,2104,382,0,0
-665,-898,-517,-1231,2033,747,0,0
-469,161,-936,-1349,2105,1051,0,0
49,1289,-1263,-1088,2489,836,0,0
332,2314,-1576,-835,3588,797,0,0
183,3054,-1929,-382,5606,1195,0,0
-390,3265,-1934,251,8522,1295,0,0
-492,3073,-1211,983,8615,990,0,0
-575,2699,-254,1571,5330,1072,0,0
-815,2218,381,1983,3098,986,0,0
-285,1763,752,2322,1477,620,0,0
-301,1375,965,2622,265,328,0,0
-974,862,1134,2631,183,92,0,0
-1461,114,1244,2608,1711,393,0,0
-792,-1032,1242,2930,5945,1779,0,0
1507,-1951,830,2111,9100,3001,0,0
1906,-2098,818,205,9336,2252,0,0
1608,-2035,1337,-775,6011,371,0,0
926,-1392,1359,-864,3111,-185,0,0
-3,-645,979,-874,2134,347,0,0
-270,-34,515,-1363,1560,634,0,0
-162,730,-9,-1561,1216,710,0,0
-195,1746,-658,-1464,1327,923,0,0
-286,2808,-1389,-1359,2634,1201,0,0
-50,3652,-1931,-1176,4479,1988,0,0
-11,3947,-2046,-517,7347,2899,0,0
-78,3722,-1611,68,9467,3168,0,0
-177,3344,-813,987,6889,2371,0,0
-1062,2953,16,1976,3881,1793,0,0
-1121,2358,684,2520,2246,1464,0,0
-294,1690,1081,2726,856,686,0,0
-294,1139,1228,2754,-63,156,0,0
-1062,565,1314,2107,1209,-323,0,0
-698,-237,1394,2383,3347,1140,0,0
449,-1692,1258,3142,8115,3432,0,0
1651,-2733,955,1115,11195,3582,0,0
2274,-2749,1267,-828,7874,1774,0,0
1906,-2274,1383,-773,3975,322,0,0
778,-1615,990,-944,2115,287,0,0
122,-978,447,-1052,1258,468,0,0
24,-232,-66,-1034,1210,925,0,0
405,664,-616,-1022,926,958,0,0
526,1652,-1061,-1219,934,840,0,0
383,2711,-1507,-1584,1502,803,0,0
-148,3917,-2265,-1112,4958,2056,0,0
-795,4484,-2768,-823,11315,2636,0,0
-867,4127,-1615,-132,11739,1010,0,0
-1141,3559,-172,1661,5151,820,0,0
-1533,2811,411,2342,2010,1201,0,0
-825,1871,639,2685,1182,940,0,0
12,885,730,2672,573,503,0,0
-10,-96,873,2189,699,177,0,0
-278,-1051,1134,2216,1569,174,0,0
-496,-2101,1279,3978,5742,1828,0,0
353,-3245,903,3444,9999,3549,0,0
1442,-3491,828,724,10423,3100,0,0
2369,-3163,1113,-802,6302,1113,0,0
2204,-2473,1388,-1251,2073,224,0,0
634,-1659,1305,-1336,1394,781,0,0
-324,-892,735,-1419,1019,1215,0,0
-286,7,118,-1411,1314,1352,0,0
165,983,-509,-1394,1652,997,0,0
312,1849,-1140,-1566,2791,487,0,0
194,2716,-1874,-893,5219,739,0,0
-618,3319,-2723,100,8199,1244,0,0
-1614,3360,-2561,918,9240,937,0,0
-1874,3090,-1475,1935,6593,806,0,0
-1490,2550,-507,2757,3440,1048,0,0
-669,1756,94,3098,2352,1008,0,0
167,876,466,2983,1259,373,0,0
-273,209,914,2068,1079,-903,0,0
-669,-445,1413,2011,1621,103,0,0
-250,-1772,1574,3416,3768,1721,0,0
298,-3007,1283,3757,8398,2759,0,0
1634,-3339,895,2068,9369,3764,0,0
2211,-2998,635,315,6888,2507,0,0
1846,-2541,656,-565,3826,913,0,0
898,-1922,671,-895,1993,560,0,0
151,-1244,497,-1108,1538,721,0,0
40,-574,291,-1475,1410,759,0,0
-40,198,116,-1634,1402,633,0,0
-447,1081,-126,-1444,2360,313,0,0
-546,2052,-661,-555,4164,316,0,0
-717,2957,-1709,767,7058,1423,0,0
-897,3126,-2351,995,7836,1177,0,0
-1305,2915,-1815,1347,6562,549,0,0
-1539,2591,-1122,1912,4351,672,0,0
-1301,2016,-641,2522,2547,938,0,0
-822,1276,-186,2720,2201,761,0,0
-283,508,342,2713,2000,359,0,0
-288,-125,907,2480,2360,145,0,0
38,-850,1330,2695,3365,1302,0,0
393,-1918,1362,3048,5497,2177,0,0
886,-2833,1198,2291,7444,2617,0,0
1264,-3118,1027,1583,6943,2783,0,0
851,-2897,821,945,5597,2242,0,0
766,-2367,662,33,3490,1312,0,0
660,-1852,576,-598,1552,579,0,0
64,-1227,348,-1016,1221,707,0,0
-198,-496,-142,-1509,1189,746,0,0
-312,407,-620,-1826,1708,568,0,0
-655,1516,-1196,-1771,3002,637,0,0
-828,2500,-1817,-1096,5555,1173,0,0
-651,3039,-2204,-74,7879,1674,0,0
-702,3132,-1914,763,8149,1410,0,0
-816,2973,-1188,1669,6120,1221,0,0
-814,2622,-498,2109,4018,1250,0,0
-367,2051,56,2193,2609,916,0,0
-78,1438,500,2266,1652,326,0,0
-325,848,931,2399,1250,168,0,0
-843,102,1306,2318,1714,172,0,0
-795,-978,1573,2637,3630,949,0,0
-400,-2181,1469,2962,7169,2287,0,0
787,-2863,1103,1827,9502,3300,0,0
2079,-2806,1020,119,7542,2301,0,0
1954,-2185,1042,-867,3788,835,0,0
790,-1385,731,-1168,1818,596,0,0
-96,-676,242,-1294,1409,806,0,0
-132,51,-204,-1411,1337,890,0,0
150,896,-607,-1563,1310,938,0,0
-51,1769,-986,-1662,1946,908,0,0
-451,2730,-1412,-3088,4487,1302,0,0
-883,3511,-2038,60,7789,2319,0,0
-1283,3630,-1800,502,9295,2109,0,0
-1246,3353,-714,1401,7193,1650,0,0
-458,2811,72,1974,3813,1241,0,0
160,2179,474,2325,1890,837,0,0
304,1540,734,2732,706,337,0,0
4,898,1040,2703,645,209,0,0
-322,186,1306,2199,1596,28,0,0
-370,-605,1607,2226,3610,542,0,0
483,-1681,1723,3074,7478,1361,0,0
1660,-2276,1260,2006,9323,1241,0,0
1882,-1973,1123,84,7974,1004,0,0
1574,-1574,1111,-656,4943,379,0,0
808,-1120,921,-732,2416,20,0,0
142,-499,620,-856,1674,287,0,0
-14,94,222,-855,1703,702,0,0
305,778,-368,-1003,2185,1111,0,0
549,1581,-1185,-916,2690,1156,0,0
578,2194,-1955,-880,3591,758,0,0
434,2621,-2453,-443,5209,529,0,0
162,2852,-2797,364,7276,467,0,0
-116,2801,-2604,743,7908,62,0,0
-395,2613,-1830,996,6270,-141,0,0
-1129,2464,-1018,1478,3461,62,0,0
-1560,2265,-324,2073,2787,311,0,0
-792,1810,175,2383,2355,199,0,0
-333,1235,684,2402,1744,151,0,0
-853,553,1271,2210,1635,-101,0,0
-1521,-344,1879,2379,2903,173,0,0
-1373,-1565,2077,2847,6907,1448,0,0
355,-2660,1744,2073,9532,2178,0,0
1895,-2777,1513,522,8837,1771,0,0
2523,-2207,1459,-383,5745,808,0,0
2545,-1579,1424,-1025,2292,197,0,0
1014,-909,1007,-1099,1441,310,0,0
-330,-186,161,-1106,1784,499,0,0
-354,511,-534,-1283,1678,640,0,0
-272,1205,-1041,-1585,1745,657,0,0
-530,2021,-1665,-2033,2813,419,0,0
-816,2911,-2187,-951,5941,1011,0,0
-448,3278,-2798,-53,9667,1336,0,0
21,3122,-2409,615,9453,608,0,0
-815,2936,-1420,1749,4951,475,0,0
-1890,2729,-529,2719,2960,992,0,0
-1095,2099,13,2920,1744,697,0,0
-330,1337,569,2716,933,290,0,0
-540,595,1159,2323,817,123,0,0
-1277,-226,1637,2133,1978,287,0,0
-1580,-1379,1919,2652,6828,1824,0,0
225,-2403,1501,1514,10911,3147,0,0
2176,-2375,1139,-594,8874,2732,0,0
1447,-1766,1384,-1022,4511,789,0,0
-8,-1067,1111,-759,2645,399,0,0
-199,-506,502,-1126,1770,606,0,0
241,138,94,-1341,1264,940,0,0
737,828,-316,-1482,928,1086,0,0
688,1728,-840,-1943,1113,1183,0,0
608,2657,-1305,-1917,3078,1244,0,0
765,3522,-2113,-1152,5980,2121,0,0
-678,3891,-2842,-900,9106,2821,0,0
-2346,3592,-1727,155,9397,1936,0,0
-1721,2974,-283,2027,5456,1142,0,0
-255,2269,300,2448,2679,1270,0,0
639,1496,679,2724,1753,906,0,0
1079,860,1024,2815,948,309,0,0
231,433,1364,2720,981,276,0,0
-1118,-122,1708,2847,2211,583,0,0
-1342,-1225,1945,3631,6071,1706,0,0
167,-2694,1923,2718,9490,2211,0,0
1713,-3323,1740,1348,9287,2128,0,0
1790,-3098,1571,-560,6433,1277,0,0
1135,-2534,1320,-1211,3013,468,0,0
250,-1797,739,-1113,1785,861,0,0
-154,-943,53,-1191,1495,1220,0,0
296,2,-443,-1162,1444,1343,0,0
548,950,-875,-1131,1471,1097,0,0
155,1880,-1360,-1304,2469,878,0,0
-35,2689,-1828,-1329,4158,792,0,0
-138,3369,-2450,-372,6698,1183,0,0
-509,3637,-3066,338,8844,1464,0,0
-870,3357,-2476,1157,7966,875,0,0
-1390,2924,-1211,2529,5055,738,0,0
-1395,2360,-293,3060,3262,980,0,0
-825,1610,291,3253,2034,643,0,0
-556,862,849,3144,1392,-9,0,0
-842,265,1366,2408,1616,-761,0,0
-856,-617,1715,2744,2990,1105,0,0
-338,-2253,1749,2975,6656,2198,0,0
803,-3408,1525,2099,9766,2750,0,0
2169,-3548,1217,824,8671,2654,0,0
2416,-3213,1139,-188,5289,1361,0,0
1636,-2624,1136,-927,2538,369,0,0
491,-1795,749,-1341,1764,763,0,0
-184,-764,203,-1909,1274,1360,0,0
-456,363,-174,-2069,1263,1404,0,0
-661,1594,-520,-1864,1686,1058,0,0
-800,2747,-1164,-1391,2979,1040,0,0
-347,3370,-1906,-729,5465,1495,0,0
-16,3533,-2418,236,7570,1644,0,0
-627,3469,-2253,1332,9276,1787,0,0
-967,3130,-1531,1883,7106,1326,0,0
-1403,2689,-555,2576,3468,964,0,0
-1541,2116,31,3156,2079,891,0,0
-893,1274,370,3435,1146,479,0,0
-614,305,682,3237,689,219,0,0
-802,-832,982,2485,1283,36,0,0
-821,-2159,1225,2867,4451,1739,0,0
-38,-3634,1014,2747,9126,4137,0,0
1416,-4010,599,851,10373,4974,0,0
2009,-3306,725,-589,7130,3113,0,0
1759,-2574,1020,-625,3278,1059,0,0
1187,-3976,1010,-1234,1758,578,0,0
803,-1122,781,-1686,1139,857,0,0
583,-231,449,-1681,1053,989,0,0
295,805,-139,-1410,1038,953,0,0
-60,1721,-935,-1436,1681,670,0,0
-98,2449,-1797,-1234,3775,550,0,0
-246,3108,-2763,50,6862,1536,0,0
-1108,3198,-3128,604,9409,1760,0,0
-1875,2864,-1926,1632,8918,1154,0,0
-1489,2318,-619,2380,4828,806,0,0
-899,1733,120,2585,2128,617,0,0
-598,1159,542,3013,1235,417,0,0
-530,497,834,2669,1110,-26,0,0
-583,-220,1168,2034,1493,-228,0,0
-327,-1220,1359,2850,3688,1504,0,0
149,-2424,1234,2886,7932,2998,0,0
1344,-2975,1019,1693,9803,4145,0,0
1927,-3033,1032,-164,7589,2679,0,0
1511,-2415,1259,-830,3704,769,0,0
553,-1756,1231,-947,1630,312,0,0
-202,-1060,811,-1061,1251,793,0,0
-333,-342,196,-1183,986,1219,0,0
-184,441,-374,-1214,1045,1123,0,0
-79,1351,-1009,-1178,2167,952,0,0
348,2016,-1597,-1402,3385,621,0,0
313,2711,-2015,-521,5374,1131,0,0
-772,3169,-2375,256,8916,2351,0,0
-1304,2966,-1609,833,9848,1929,0,0
-1089,2258,701,2047,3064,958,0,0
-328,1782,1137,2431,1760,778,0,0
658,1309,1346,2499,1199,495,0,0
1045,811,1410,2286,508,166,0,0
71,349,1520,2233,669,4,0,0
-1213,-260,1583,3334,2824,1215,0,0
-1515,-1015,1069,3653,7381,3348,0,0
75,-3664,368,1637,8259,3656,0,0
1310,-2404,622,412,6929,1812,0,0
868,-2394,835,-306,4730,739,0,0
233,-1852,684,-625,2375,586,0,0
19,-1403,472,-927,1881,674,0,0
129,-675,80,-1375,1691,1028,0,0
384,333,-255,-1744,1886,1584,0,0
810,1607,-476,-1185,2545,1560,0,0
987,2871,-1040,-191,3538,1083,0,0
4,3898,-1959,645,6340,709,0,0
-292,4233,-2388,212,8658,1025,0,0
48,3243,-2307,820,6294,1863,0,0
-866,2443,-1386,1713,4738,1302,0,0
-878,2150,-644,1864,3185,2035,0,0
-201,1380,-39,2076,2299,1733,0,0
-37,720,719,2100,1489,655,0,0
-733,432,1300,1969,1277,423,0,0
-1182,43,1491,2040,2281,701,0,0
-929,-631,1378,2301,4457,1460,0,0
326,-1493,1145,1809,6677,2420,0,0
1559,-2071,1162,699,8774,2901,0,0
1826,-2132,1405,-643,7895,1600,0,0
1058,-1514,1463,-1101,4809,478,0,0
196,-694,1126,-1095,2793,536,0,0
-95,-150,705,-970,1776,683,0,0
115,380,318,-1067,1291,671,0,0
776,1209,-129,-1111,831,851,0,0
1090,2221,-761,-1312,1099,1128,0,0
1160,3167,-1533,-1369,3456,1382,0,0
1272,3718,-2477,-798,7098,1718,0,0
304,3809,-2826,-805,10459,1677,0,0
-948,3522,-1571,833,8668,1602,0,0
-1707,3079,-333,2309,3919,1876,0,0
-1520,2548,376,2836,1678,1573,0,0
-608,1841,810,3228,600,708,0,0
-323,1033,1175,2852,231,89,0,0
-730,167,1440,2266,888,49,0,0
-1172,-860,1540,2504,3379,1013,0,0
-694,-2028,1209,2920,8504,2989,0,0
1702,-2598,536,763,11146,4109,0,0
1074,-2643,1066,-1320,8345,1669,0,0
1733,-2030,1699,-1022,3838,-411,0,0
64,-1122,1530,-804,2419,-174,0,0
-180,-464,1094,-950,1820,490,0,0
119,121,592,-963,1469,899,0,0
498,853,-133,-809,1075,978,0,0
397,1931,-1022,-779,1089,1380,0,0
229,2920,-1889,-1134,2209,1504,0,0
673,3579,-2582,-1393,3921,1316,0,0
426,4057,-3125,-1228,8340,2458,0,0
-217,3797,-2896,-744,10797,2165,0,0
-1569,3123,-1333,1358,7667,1395,0,0
-2076,2402,-178,2798,3801,1516,0,0
-1052,1504,489,2904,2457,1131,0,0
254,639,1029,2646,1543,380,0,0
632,14,1400,2280,754,-58,0,0
87,-529,1674,1868,1171,-46,0,0
-521,-1270,1791,2371,3180,781,0,0
-147,-2426,1644,2959,7905,2228,0,0
1820,-3210,1327,1676,10601,2434,0,0
958,-3075,1414,66,8552,1470,0,0
1977,-2473,1540,-717,3894,215,0,0
-279,-1723,1239,-855,1938,18,0,0
-1416,-1035,522,-700,1866,646,0,0
-899,-552,-140,-710,1421,928,0,0
222,-34,-546,-705,1407,837,0,0
851,687,-962,-976,1225,719,0,0
575,1510,-1360,-1555,1980,472,0,0
-115,2496,-1830,-965,4795,665,0,0
-980,3319,-2752,212,8618,1903,0,0
-1699,3340,-2600,80,9637,1112,0,0
-2022,3027,-1115,1226,6999,346,0,0
-1484,2484,-247,2241,3579,801,0,0
-579,1700,128,2533,2251,719,0,0
208,889,542,2662,1495,263,0,0
278,87,955,2586,868,-170,0,0
-474,-596,1261,2599,1538,-48,0,0
-483,-1501,1414,3288,4207,1311,0,0
408,-2801,1401,2928,7907,2402,0,0
904,-3464,1354,1742,9052,2647,0,0
825,-3225,1207,559,7616,2181,0,0
1296,-2745,1020,-67,4539,1147,0,0
1545,-2080,888,-575,2180,577,0,0
901,-1273,564,-818,1434,940,0,0
117,-485,91,-1030,1206,1031,0,0
-170,313,-327,-1156,1469,778,0,0
-198,1163,-779,-1509,2012,485,0,0
-110,1963,-1427,-1475,3320,456,0,0
76,2585,-2201,-516,6498,743,0,0
-156,2853,-2881,196,8937,600,0,0
-1274,2867,-2443,847,8101,255,0,0
-2301,2776,-1365,2160,5168,534,0,0
-1862,2326,-580,2952,3557,1021,0,0
-384,1495,-4,2933,2457,574,0,0
380,724,674,2585,1488,-86,0,0
-165,204,1346,1986,1009,-836,0,0
-904,-351,1774,2501,1670,560,0,0
-689,-1644,1805,3640,4698,1983,0,0
-94,-2996,1278,3434,9051,2854,0,0
913,-3559,596,1378,9454,3573,0,0
1640,-3473,444,-201,6625,2428,0,0
1425,-2929,663,-547,3185,734,0,0
720,-2192,620,-664,1866,356,0,0
390,-1373,250,-757,1508,668,0,0
525,-652,-58,-986,1030,769,0,0
347,186,-122,-1714,1270,897,0,0
-10,1369,-254,-2282,2008,802,0,0
-227,2594,-720,-1715,3316,639,0,0
-675,3652,-1771,81,7811,1501,0,0
-232,3872,-2607,465,9460,1171,0,0
-666,3574,-1947,1182,7612,227,0,0
-1558,3288,-1109,2436,4167,575,0,0
-1580,2686,-544,3190,2531,1016,0,0
-1099,1789,-36,3248,1794,710,0,0
-657,840,508,3210,1174,355,0,0
-471,-95,1013,2770,1403,492,0,0
-360,-1144,1487,2501,2735,817,0,0
-246,-2241,1797,3374,6792,1996,0,0
1096,-3051,1333,2783,10199,2944,0,0
2283,-2980,1011,314,8368,2249,0,0
2018,-2502,1228,-963,4813,607,0,0
968,-1804,1076,-797,2589,215,0,0
350,-1164,590,-1102,1886,809,0,0
371,-387,226,-1886,1307,1306,0,0
385,816,76,-2098,945,1480,0,0
-62,2163,-353,-1429,1443,1249,0,0
-128,3378,-1162,-1015,3212,1225,0,0
701,4271,-2190,-452,6225,1611,0,0
569,4547,-3414,384,8562,1354,0,0
-1314,4114,-3320,885,9413,733,0,0
-2052,3167,-1918,2040,6591,648,0,0
-1261,2266,-686,2533,3646,1098,0,0
-580,1544,141,2718,2212,1271,0,0
-335,982,816,2677,1419,718,0,0
-620,618,1344,2547,1144,380,0,0
-1013,269,1574,2444,1820,597,0,0
-1012,-344,1610,2502,4059,1521,0,0
-313,-1369,1581,2549,6819,2487,0,0
554,-2337,1655,1699,9373,2854,0,0
1124,-2703,1655,110,8253,2110,0,0
1003,-2517,1492,-695,4512,717,0,0
585,-1903,1070,-959,2631,482,0,0
438,-1140,411,-927,1586,789,0,0
298,-241,-242,-1016,1145,1191,0,0
337,727,-871,-1122,1258,1193,0,0
659,1603,-1315,-1106,1792,977,0,0
993,2336,-1628,-1188,2198,909,0,0
619,2978,-1902,-873,3992,1053,0,0
-180,3612,-2370,-249,7804,2079,0,0
-730,3641,-2410,-71,10490,2028,0,0
-1259,3204,-1153,1044,8211,1084,0,0
-1655,2586,95,2019,4123,1039,0,0
-1256,1901,734,2583,1802,923,0,0
-462,1336,948,3024,679,415,0,0
-400,795,1003,2932,62,-4,0,0
-948,109,1107,2316,790,2,0,0
-1103,-2952,1135,2645,3626,1381,0,0
-350,-2315,959,2826,8303,3529,0,0
936,-3136,729,949,11034,4711,0,0
1576,-3032,993,-832,8272,2938,0,0
1828,-2388,1390,-1092,3917,864,0,0
1556,-1427,1240,-1271,1857,842,0,0
912,-544,795,-1514,825,1044,0,0
392,360,318,-1426,791,974,0,0
307,1297,-277,-1399,990,792,0,0
418,2176,-844,-1461,1858,809,0,0
384,2984,-1388,-1014,3675,1239,0,0
-303,3645,-1976,318,6839,2371,0,0
-1036,3731,-1960,1056,9405,2631,0,0
-1084,3432,-971,1781,7822,1905,0,0
-910,2938,-2160,2549,3735,1321,0,0
-888,2304,367,2840,1891,1036,0,0
-457,1586,641,2807,1056,424,0,0
-167,832,798,2471,809,198,0,0
-302,-46,869,2037,1526,285,0,0
-136,-1132,977,2324,4248,1436,0,0
548,-2308,946,2480,8073,3043,0,0
1401,-2836,822,1080,10081,3832,0,0
1975,-2619,1008,-9,6985,2137,0,0
1654,-2041,1280,-249,3653,613,0,0
775,-1351,1025,-798,2104,640,0,0
313,-677,645,-1169,1560,974,0,0
228,159,246,-1343,1259,1126,0,0
96,1121,-233,-1213,1153,1057,0,0
104,1970,-742,-1204,1898,845,0,0
487,2690,-1338,-1089,3591,1092,0,0
785,3192,-2004,-226,5931,1660,0,0
243,3357,-2420,227,8375,1663,0,0
-682,3240,-1795,903,8402,1231,0,0
-1202,2881,-784,1879,5094,933,0,0
-1372,2372,-33,2334,2951,1038,0,0
-802,1723,423,2496,2018,846,0,0
-184,1058,815,2612,1106,408,0,0
-439,516,1102,2638,936,332,0,0
-910,-106,1247,2572,2115,431,0,0
-506,-1066,1310,2978,5201,1594,0,0
874,-2289,1175,2883,7867,2231,0,0
1247,-3011,1131,1964,8586,2432,0,0
1037,-3001,1064,551,7607,2329,0,0
1579,-2614,879,-280,4113,1297,0,0
1702,-2128,885,-754,1831,396,0,0
1277,-1409,662,-833,1357,485,0,0
767,-573,179,-899,1135,757,0,0
370,306,-277,-1033,1365,799,0,0
173,1312,-785,-1161,2708,618,0,0
628,2243,-1454,-1174,4287,508,0,0
618,2934,-2158,-493,5802,197,0,0
-611,3303,-2580,274,7491,-189,0,0
-1171,3174,-2324,992,7551,-298,0,0
-990,2766,-1649,1840,5706,56,0,0
-846,2299,-939,2287,3608,498,0,0
-831,1806,-267,2702,2333,538,0,0
-592,1302,437,2749,1960,279,0,0
-253,765,1040,2619,1707,346,0,0
-360,167,1400,2546,2279,393,0,0
-412,-551,1365,2717,4380,1063,0,0
-320,-1513,969,2217,7189,1719,0,0
266,-2174,697,1074,8292,2027,0,0
816,-2328,735,82,6514,1502,0,0
797,-2173,912,-285,3593,570,0,0
432,-1754,823,-493,2356,481,0,0
228,-1206,468,-688,1983,816,0,0
267,-561,123,-1079,1994,965,0,0
285,302,-284,-1148,2192,879,0,0
197,1142,-869,-1234,2632,544,0,0
221,1824,-1579,-1099,3511,317,0,0
68,2326,-2221,-348,5757,418,0,0
-607,2540,-2489,254,7698,308,0,0
-1341,2506,-1835,900,8226,208,0,0
-1123,2348,-948,1576,5713,216,0,0
-751,2083,-294,2103,3227,649,0,0
-557,1624,212,2646,1765,525,0,0
-606,1039,709,2889,716,-108,0,0
-1264,475,1157,2370,750,-818,0,0
-1204,-434,1478,2518,1988,956,0,0
-520,-2091,1456,3257,6414,2821,0,0
524,-3189,848,1741,10046,3279,0,0
1442,-2904,511,-163,8888,3364,0,0
1815,-2621,907,-539,5295,1506,0,0
1494,-2004,1042,-741,2301,454,0,0
565,-1196,754,-967,1617,738,0,0
111,-418,278,-1107,1387,1046,0,0
162,250,-225,-990,1127,775,0,0
134,922,-658,-1176,1390,300,0,0
42,1695,-1150,-1361,2188,243,0,0
-354,2356,-1790,-631,5079,849,0,0
-1317,2670,-2479,121,9010,1619,0,0
-2429,2568,-1854,277,9626,1306,0,0
-2329,2227,-352,1345,6092,940,0,0
49,1646,311,2209,3298,1055,0,0
1421,1089,299,2495,1607,618,0,0
464,803,672,2354,1007,64,0,0
-366,481,1250,2155,1435,132,0,0
-28,-129,1505,2086,1622,437,0,0
-144,-918,1582,2973,3469,1163,0,0
-116,-1866,1110,3176,7651,2196,0,0
478,-2387,426,1354,9037,2639,0,0
718,-2449,516,-52,6972,1539,0,0
707,-2147,811,-288,3911,580,0,0
796,-1607,684,-364,2225,831,0,0
874,-1164,436,-798,1794,981,0,0
608,-469,101,-1222,1431,726,0,0
15,451,-306,-1340,1487,626,0,0
-106,1327,-832,-1498,1985,393,0,0
192,2043,-1269,-1041,4061,282,0,0
405,2682,-1968,265,7291,787,0,0
-248,2830,-2307,609,9105,707,0,0
-1615,2658,-1314,1080,7004,348,0,0
-2306,2417,-209,1771,4235,735,0,0
-976,1935,213,2266,2786,901,0,0
305,1422,388,2381,1679,503,0,0
-19,1035,795,2148,1455,154,0,0
-441,725,1298,1925,1780,-181,0,0
-413,467,1498,2138,2297,318,0,0
-34,-137,1391,2739,4357,1287,0,0
945,-1047,934,2301,7470,1934,0,0
1605,-1823,519,886,7866,1478,0,0
664,-2112,751,464,6571,928,0,0
147,-1881,737,261,4300,788,0,0
210,-1357,474,-365,2568,680,0,0
145,-787,198,-773,1752,682,0,0
214,-126,-179,-1189,1724,621,0,0
404,732,-609,-1189,1688,600,0,0
463,1594,-1044,-1150,2354,678,0,0
640,2259,-1432,-1061,2876,755,0,0
494,2760,-1645,-736,4645,1046,0,0
-360,3200,-1847,-219,7565,1389,0,0
-958,3193,-1423,698,8918,1276,0,0
-1132,2762,-487,1588,6354,974,0,0
-1210,2253,242,1998,3629,692,0,0
-1043,1795,618,2257,2150,404,0,0
-785,1292,876,2360,1231,44,0,0
-821,816,1078,2184,769,-927,0,0
-990,432,1207,2102,1567,118,0,0
-241,-452,1006,2620,3953,2061,0,0
1050,-1297,584,2135,8674,3302,0,0
2059,-1433,753,232,10518,2895,0,0
1531,-1180,1709,-437,7516,1345,0,0
764,-823,1874,-800,3847,-249,0,0
704,-723,1317,-1393,1866,-846,0,0
724,-2496,971,-1126,1156,139,0,0
589,115,217,-1283,1205,609,0,0
433,1055,-774,-1457,1070,745,0,0
-83,2144,-1550,-1271,2082,979,0,0
76,2991,-1938,-1294,4074,1124,0,0
627,3666,-2019,-265,6590,2242,0,0
836,3761,-2004,428,9671,2150,0,0
461,3456,-1335,852,7900,948,0,0
-876,3210,-442,1670,3899,883,0,0
-2006,2897,228,2064,2729,1294,0,0
-1054,2266,673,2350,1924,1034,0,0
-105,1578,936,2473,874,573,0,0
-465,979,1080,2473,808,396,0,0
-1024,224,1154,2307,1991,550,0,0
-733,-901,1191,2731,5152,1371,0,0
712,-2262,896,2647,8935,2267,0,0
1856,-2837,695,635,9801,2355,0,0
1963,-2804,1167,-419,6541,835,0,0
1044,-2085,1281,-403,3338,159,0,0
280,-1478,925,-644,2336,479,0,0
198,-902,574,-889,1700,668,0,0
220,-190,202,-826,1506,752,0,0
377,628,-364,-823,1173,980,0,0
520,1347,-994,-775,1552,865,0,0
1093,1909,-1613,-1154,2985,-53,0,0
1260,2710,-2198,-673,5951,-176,0,0
602,3325,-2727,304,9682,208,0,0
506,3186,-2272,615,9555,-791,0,0
-389,2794,-1204,1761,4855,-473,0,0
-2400,2409,-375,2247,2189,298,0,0
-2788,1943,317,2526,1985,539,0,0
-1189,1236,706,2549,1459,331,0,0
-318,601,897,2609,882,198,0,0
-695,37,1051,2507,1839,163,0,0
-557,-844,1093,2909,4871,1113,0,0
800,-2174,830,2924,7630,2155,0,0
1199,-3240,732,1387,8722,2275,0,0
505,-3527,866,270,7265,1496,0,0
1067,-3234,708,-83,4238,507,0,0
1418,-2557,589,-294,2235,363,0,0
914,-1841,519,-485,1679,696,0,0
5,-1020,221,-627,1655,934,0,0
-390,-138,-74,-902,1648,705,0,0
-665,950,-445,-1063,1745,529,0,0
-1217,2058,-992,-1356,2867,713,0,0
-971,2978,-1422,-1228,5237,615,0,0
-1500,3846,-1753,-226,7462,632,0,0
-2111,4187,-1275,943,8871,1780,0,0
-687,3444,-601,1975,6560,1979,0,0
142,2387,-14,2331,3251,1348,0,0
134,1511,461,2623,1807,998,0,0
70,816,772,2528,1057,661,0,0
-168,237,1052,2386,989,460,0,0
-295,-413,1193,2318,1567,226,0,0
-340,-1164,1129,3111,4199,1270,0,0
141,-2129,642,2979,7764,3009,0,0
983,-2873,377,1244,8306,3047,0,0
1054,-3171,694,558,6415,1669,0,0
1372,-3020,907,133,3837,695,0,0
1264,-2368,866,-490,2065,637,0,0
363,-1476,597,-885,1833,862,0,0
-95,-641,85,-964,1862,636,0,0
-156,257,-353,-985,1972,564,0,0
-207,1138,-906,-932,2011,452,0,0
-246,1808,-1445,-983,2736,60,0,0
-250,2523,-1965,-316,5312,433,0,0
264,2889,-2619,361,8395,894,0,0
47,2600,-2369,635,7919,-227,0,0
-1797,2326,-1128,1766,5523,-161,0,0
-2212,1872,-160,2442,4199,757,0,0
-412,1155,209,2324,2737,406,0,0
346,593,607,2151,1067,-150,0,0
-485,150,1090,2141,864,-54,0,0
-733,-538,1383,1651,1467,143,0,0
-422,-1492,1482,2488,3944,1349,0,0
30,-2487,1061,3053,8403,2446,0,0
453,-2628,629,1371,9642,2893,0,0
955,-2343,924,219,7062,1736,0,0
1504,-2116,1370,-186,3638,428,0,0
1023,-1455,1287,-631,2009,479,0,0
109,-694,846,-864,1618,752,0,0
-284,-43,313,-910,1638,611,0,0
-133,664,-210,-987,1568,551,0,0
236,1417,-816,-1183,1623,477,0,0
352,2106,-1602,-1079,2886,264,0,0
149,2716,-2614,-236,6940,912,0,0
111,2706,-2975,41,10364,699,0,0
-1114,2551,-1728,778,8546,191,0,0
-1730,2423,-430,1911,4250,671,0,0
-430,2007,14,2399,2315,757,0,0
267,1572,140,2568,1301,573,0,0
-351,1154,529,2627,703,408,0,0
-809,593,979,2483,1008,383,0,0
-850,-246,1200,2468,2497,736,0,0
-273,-1406,1227,2936,6080,1545,0,0
400,-2377,954,1836,9045,2285,0,0
211,-2612,985,-122,9563,2243,0,0
542,-2218,1406,-783,6091,724,0,0
1130,-1460,1363,-544,2778,540,0,0
1271,-944,982,-696,1470,455,0,0
933,-327,480,-868,1257,574,0,0
425,512,-246,-898,1243,882,0,0
168,1439,-1051,-968,1685,1013,0,0
188,2259,-1840,-1145,2788,841,0,0
445,2836,-2326,-835,4481,989,0,0
4,3260,-2670,-137,6536,1409,0,0
-1610,3431,-2427,-25,8668,1647,0,0
-2276,3173,-1075,578,7809,1356,0,0
-1068,2671,31,1482,4944,1094,0,0
306,2069,409,1838,2951,1006,0,0
586,1494,669,2184,1938,613,0,0
117,979,970,2331,1374,444,0,0
-569,380,1246,2340,1218,212,0,0
-1042,-243,1363,2192,1954,-82,0,0
-1068,-973,1333,2502,5028,983,0,0
-71,-1926,1008,2212,7701,2382,0,0
103,-2249,817,575,9447,3245,0,0
475,-2158,1040,-309,7139,2122,0,0
1066,-1813,1196,-408,3738,672,0,0
1160,-1244,1077,-803,2074,608,0,0
923,-738,807,-1077,1363,814,0,0
368,-127,245,-1234,922,797,0,0
-112,775,-554,-1475,1192,670,0,0
-325,1921,-1506,-1693,1435,814,0,0
-242,2931,-2340,-2044,2402,899,0,0
-703,3797,-2699,-1470,6584,2873,0,0
-701,3719,-2213,-475,10344,3728,0,0
-1028,3224,-630,837,9380,2651,0,0
-802,2760,513,1691,4713,1975,0,0
-176,2137,914,2033,2373,1221,0,0
300,1657,1092,2221,1505,508,0,0
192,1271,1176,2221,461,162,0,0
-749,824,1233,2323,179,48,0,0
-1555,140,1142,2516,1175,299,0,0
-1571,-999,867,3638,5398,2410,0,0
42,-2655,552,2683,10098,4703,0,0
1917,-3561,706,-164,11031,4375,0,0
2388,-3166,1255,-1383,6536,1544,0,0
2009,-2274,1392,-1012,3052,666,0,0
1625,-1546,1036,-1333,1492,593,0,0
1318,-755,615,-1339,664,514,0,0
873,184,92,-1242,472,551,0,0
350,1275,-666,-1053,737,594,0,0
36,2336,-1650,-768,1325,531,0,0
-173,3103,-2647,-1089,2807,643,0,0
-799,3671,-3031,-1031,7745,1809,0,0
-1262,3744,-2239,-754,11164,2198,0,0
-1781,3398,-580,742,8217,1558,0,0
-1635,2944,169,1331,4327,1337,0,0
-669,2308,395,1473,3076,1202,0,0
427,1711,561,1831,1837,545,0,0
389,1346,696,2106,623,254,0,0
-818,999,877,2472,691,323,0,0
-1203,344,1029,2650,1928,581,0,0
-671,-656,1101,3181,5559,1992,0,0
1052,-1916,1051,2425,8850,2744,0,0
2255,-2459,1249,843,9803,2181,0,0
3183,-2346,1597,-213,7096,583,0,0
3311,-1857,1695,-721,3561,-166,0,0
1860,-1280,1446,-1037,1768,-77,0,0
187,-768,910,-1185,1076,83,0,0
-1233,-87,148,-1155,999,423,0,0
-2181,928,-631,-1196,1157,749,0,0
-2185,2072,-1242,-1386,2283,1053,0,0
-1094,2937,-1709,-1417,4011,1387,0,0
-285,3526,-2009,-771,6745,2208,0,0
90,3514,-1935,204,9594,2303,0,0
-14,3157,-1351,1138,7887,1436,0,0
-1002,2865,-638,1774,3722,1174,0,0
-1915,2469,-40,2373,2425,1347,0,0
-1010,1743,401,2642,1779,882,0,0
-142,945,737,2496,1111,375,0,0
-397,189,1064,1987,1664,-358,0,0
-366,-588,1346,2254,3054,883,0,0
-38,-1922,1269,2867,6676,2737,0,0
974,-2852,1027,1757,9348,3490,0,0
1840,-2773,1076,608,8053,2965,0,0
2343,-2520,1300,98,5130,1274,0,0
2125,-1966,1240,-619,2514,437,0,0
1017,-1294,896,-1166,1559,518,0,0
82,-2688,317,-1524,1331,820,0,0
-566,137,-325,-1756,1210,864,0,0
-1239,1053,-837,-1652,1849,709,0,0
-1306,1880,-1167,-1546,3239,857,0,0
-399,2552,-1395,-621,5142,1695,0,0
-213,2998,-1784,635,7706,2606,0,0
-794,3072,-1498,859,8711,2220,0,0
-826,2850,-534,1663,5970,1493,0,0
-925,2451,41,2403,2750,1072,0,0
-1182,1954,416,2642,2083,975,0,0
-302,1324,806,2684,1894,639,0,0
502,681,1127,2639,1105,542,0,0
283,-69,1360,2282,1365,225,0,0
204,-941,1500,2460,2960,513,0,0
119,-2075,1219,3462,6531,2250,0,0
708,-3118,654,2312,8613,2770,0,0
1461,-3246,553,1212,7603,2210,0,0
2290,-3023,557,485,5144,1145,0,0
2098,-2558,544,-369,2408,425,0,0
489,-1777,407,-777,1725,384,0,0
-641,-893,7,-1094,1678,474,0,0
-940,12,-341,-1450,1649,486,0,0
-1039,1028,-592,-1781,1839,523,0,0
-675,1944,-1011,-1792,2942,518,0,0
-152,2771,-1526,-445,5664,1122,0,0
-428,3276,-2265,250,8490,1822,0,0
-929,3196,-1752,693,8466,1231,0,0
-1502,2962,-694,1638,5432,891,0,0
-1344,2514,-57,2289,3005,981,0,0
-580,1850,243,2539,1776,781,0,0
-224,1210,570,2630,1099,354,0,0
-547,634,934,2344,1349,-311,0,0
-734,254,1128,2295,2185,-217,0,0
-260,-574,1041,3289,4776,2016,0,0
554,-1909,570,2604,7922,2758,0,0
952,-2554,469,710,8537,2991,0,0
1019,-2793,660,164,6496,2191,0,0
1006,-2710,710,-250,4125,1113,0,0
1215,-2211,625,-768,2449,742,0,0
1015,-1528,548,-1126,1640,867,0,0
233,-751,296,-1516,1399,878,0,0
-413,196,-105,-1621,1662,811,0,0
-573,1285,-598,-1599,2088,602,0,0
-324,2300,-1264,-1417,3269,654,0,0
-280,3176,-2040,-682,6150,1427,0,0
24,3353,-2227,127,8705,1235,0,0
-254,3085,-1523,953,7856,626,0,0
-1215,2773,-670,1971,4523,1026,0,0
-1277,2245,-11,2499,3183,1099,0,0
-156,1561,355,2592,2382,696,0,0
280,943,747,2288,1424,359,0,0
-238,378,1144,2094,1328,383,0,0
-611,-315,1373,2069,2321,805,0,0
-420,-1193,1409,2648,5542,1979,0,0
543,-2038,1199,1866,8635,2540,0,0
1186,-2221,1149,129,8528,1888,0,0
811,-1862,1171,-439,5796,803,0,0
287,-1388,872,-609,3131,289,0,0
-109,-942,407,-884,1704,398,0,0
-283,-526,20,-1110,1250,369,0,0
-113,91,-349,-1417,1273,453,0,0
201,913,-677,-1676,1375,660,0,0
184,1796,-3016,-1869,2705,718,0,0
-166,2772,-1592,-921,5691,1479,0,0
-340,3165,-2282,-245,9076,1785,0,0
-393,2914,-1910,50,8710,1012,0,0
-978,2521,-861,1275,5002,876,0,0
-1155,2030,-198,2077,2941,1033,0,0
-278,1475,79,2172,2076,785,0,0
245,952,395,2140,1538,501,0,0
83,480,936,2162,1630,365,0,0
-155,27,1336,2487,2414,637,0,0
-251,-2624,1319,2520,5680,1675,0,0
854,-1386,1092,754,8016,1896,0,0
1445,-1949,1177,-523,8502,1337,0,0
1340,-2118,1402,-636,6614,700,0,0
1019,-1856,1364,-791,4065,323,0,0
600,-1321,1050,-925,2736,225,0,0
405,-743,667,-905,2044,261,0,0
241,-89,208,-913,1681,221,0,0
93,562,-299,-667,1260,205,0,0
-100,1225,-854,-355,1743,342,0,0
-118,1940,-1362,-407,3839,900,0,0
311,2450,-1533,-772,5868,1454,0,0
11,2670,-1313,-749,7149,826,0,0
-1261,2779,-878,5,6735,197,0,0
-1753,2715,-510,609,5416,565,0,0
-1104,2451,-218,1124,4405,927,0,0
-85,2143,131,1577,3355,854,0,0
308,1929,514,1867,2155,555,0,0
-97,1740,929,2112,1060,357,0,0
-830,1548,1323,2279,1205,430,0,0
-1151,1230,1582,2294,2250,1025,0,0
-630,359,1620,2525,5227,1508,0,0
1213,-733,1370,1891,8327,1874,0,0
426,-1497,970,635,7186,1330,0,0
1340,-1800,801,333,5928,373,0,0
499,-1783,682,251,4352,7,0,0
433,-1472,445,-2,3220,-2,0,0
462,-991,110,-236,2359,173,0,0
336,-452,-215,-585,1786,346,0,0
79,270,-450,-959,1538,700,0,0
-191,1256,-789,-1157,1765,996,0,0
-388,2220,-1100,-1306,2475,963,0,0
-560,3132,-1424,-754,4303,1535,0,0
-814,3739,-2069,-216,6999,2590,0,0
-606,3559,-2172,-561,8587,1867,0,0
-612,3131,-1223,264,7258,915,0,0
-1048,2792,-397,1475,4025,838,0,0
-1196,2277,138,1982,3055,1181,0,0
-106,1461,580,2133,2467,851,0,0
677,697,1098,2115,1754,361,0,0
340,175,1566,2043,1422,244,0,0
-335,-304,1822,2201,2384,528,0,0
-537,-983,1665,2397,5206,1431,0,0
332,-1816,1117,1697,7839,2049,0,0
1401,-2294,817,434,7985,1421,0,0
1551,-2269,823,-458,6744,503,0,0
1421,-1930,839,-484,4026,-37,0,0
783,-1284,768,-598,2713,108,0,0
56,-2672,486,-757,1910,578,0,0
-487,-36,172,-933,1702,825,0,0
-555,746,-275,-1000,1533,655,0,0
-499,1768,-867,-1165,2141,850,0,0
-52,2620,-1517,-1262,4141,1212,0,0
498,3077,-2156,-679,6753,1575,0,0
561,3162,-2338,-362,8613,807,0,0
-20,3119,-1756,224,6921,-95,0,0
-1077,3005,-985,1289,4286,239,0,0
-1378,2624,-369,2167,3078,956,0,0
-531,1901,83,2490,2216,565,0,0
-103,1081,665,2724,1422,19,0,0
-602,270,1325,2764,1187,-10,0,0
-986,-683,1738,2998,2990,599,0,0
-308,-1868,1556,2726,6636,1693,0,0
907,-2861,1104,1462,7754,2540,0,0
662,-3245,1017,-132,8051,1934,0,0
426,-2954,884,-692,5623,1041,0,0
529,-2409,805,-479,3032,544,0,0
213,-1715,581,-632,2393,551,0,0
-61,-886,109,-769,1943,840,0,0
-222,-72,-277,-926,1869,688,0,0
-299,839,-645,-1168,2034,571,0,0
-132,1755,-1110,-1374,3162,648,0,0
-3,2515,-1705,-941,5086,1272,0,0
-265,2900,-2213,-573,7293,1321,0,0
-633,2880,-1931,-519,7957,551,0,0
-668,2682,-1082,275,5787,358,0,0
-717,2389,-455,1307,3350,798,0,0
-655,1950,-82,1814,2767,867,0,0
37,1317,375,2088,2226,393,0,0
213,625,1004,2521,1661,109,0,0
-284,-85,1460,2746,1489,307,0,0
-841,-957,1583,3197,3206,1016,0,0
-267,-2123,1272,2691,7275,2203,0,0
1644,-3018,967,951,8426,2445,0,0
2110,-3191,1295,80,7584,1326,0,0
1527,-2967,1506,-112,4781,432,0,0
697,-2292,1265,-322,3078,411,0,0
-119,-1535,819,-445,2140,522,0,0
-674,-989,447,-1033,1626,371,0,0
-945,-235,-36,-1368,1430,452,0,0
-825,664,-568,-1675,1960,385,0,0
-539,1638,-1186,-1711,3618,284,0,0
-72,2487,-2024,-2800,6570,995,0,0
-128,2843,-2613,-436,8472,845,0,0
-1002,2898,-1934,18,7703,359,0,0
-1569,2817,-936,1333,4398,941,0,0
-1140,2456,-379,2128,2843,1260,0,0
-269,2032,-110,2048,2211,995,0,0
-251,1664,421,2214,1553,588,0,0
-453,1049,1127,2584,1265,331,0,0
-738,196,1481,2960,1305,443,0,0
-1194,-897,1383,3461,4869,1364,0,0
298,-2206,1058,2261,8736,2467,0,0
1857,-2999,1044,562,8650,2414,0,0
1400,-3198,1445,15,6870,1317,0,0
942,-2815,1553,-293,4421,843,0,0
680,-2089,1175,-721,2602,675,0,0
252,-1336,622,-927,1807,541,0,0
6,-581,21,-1161,1594,397,0,0
-188,264,-566,-1297,1366,310,0,0
-713,1268,-1251,-1673,2188,276,0,0
-960,2398,-2189,-1614,4175,699,0,0
-631,3267,-2984,-1681,6452,1205,0,0
-651,3560,-2754,-1477,8511,1579,0,0
-441,3215,-1564,-411,7819,1357,0,0
-295,2759,-550,871,4655,1147,0,0
-674,2456,-185,1655,3440,1236,0,0
-251,1973,117,2154,2960,1020,0,0
185,1351,573,2216,2379,705,0,0
-10,730,1166,2033,1678,374,0,0
-574,282,1580,2001,1284,-13,0,0
-1422,-6,1562,2086,1860,-2,0,0
-1959,-466,1247,2436,5093,1131,0,0
-833,-1549,853,1520,8777,2538,0,0
1125,-2493,874,166,8963,2349,0,0
1537,-2592,1274,-268,7263,1402,0,0
1558,-2223,1358,-461,4106,500,0,0
1153,-1604,1205,-594,2359,266,0,0
559,-914,702,-763,1658,255,0,0
150,-296,98,-642,1256,160,0,0
-221,397,-494,-742,1166,66,0,0
-521,1586,-1193,-938,1550,129,0,0
-825,3021,-1996,-1053,1959,647,0,0
-1124,3991,-2511,-1804,6240,2592,0,0
1098,3674,-2078,-1565,10119,2424,0,0
84,2949,-1130,-602,7871,271,0,0
-414,2600,-698,307,4661,462,0,0
-1956,2111,-543,999,3828,885,0,0
-1213,1637,-268,1542,3310,650,0,0
-241,1278,22,1838,2430,424,0,0
-48,920,359,1828,1815,408,0,0
-365,525,748,1816,1435,347,0,0
-903,118,988,2139,1940,392,0,0
-1323,-502,998,2582,5103,1447,0,0
-51,-3592,918,1486,8318,2072,0,0
1472,-2182,1362,46,8461,1581,0,0
1925,-1989,1844,-237,6500,869,0,0
1636,-1577,1742,-268,4125,403,0,0
1147,-1169,1479,-564,2895,123,0,0
586,-575,913,-582,2206,163,0,0
87,-127,196,-455,1952,32,0,0
-299,291,-542,-538,1983,67,0,0
-387,774,-1207,-589,2671,353,0,0
-45,1320,-1740,-998,3573,631,0,0
163,1963,-2067,-1221,4488,1212,0,0
54,2464,-2027,-857,5778,1224,0,0
-56,2825,-1650,-576,7079,1168,0,0
37,2910,-1137,-206,6438,810,0,0
-309,2668,-633,469,4345,436,0,0
-1096,2347,-276,1015,3181,667,0,0
-1277,1920,78,1361,2718,871,0,0
-977,1490,478,1735,2691,474,0,0
-752,1313,844,1756,2025,-366,0,0
-1418,1320,1204,1670,2063,-524,0,0
-1386,905,1471,1845,3503,368,0,0
-617,-280,1269,2318,4982,1614,0,0
-164,-1733,809,1855,7474,2016,0,0
741,-2564,776,1034,7735,2627,0,0
1442,-2894,952,539,6562,2552,0,0
2167,-2799,1024,-228,4255,1398,0,0
1874,-1946,1120,-823,2759,91,0,0
815,-870,864,-990,2091,116,0,0
-93,-48,370,-996,1928,346,0,0
-503,747,-128,-1151,2090,677,0,0
-366,1576,-696,-1029,2153,951,0,0
-96,2235,-1272,-847,2815,772,0,0
-270,2885,-1735,-414,4797,969,0,0
-458,3356,-2074,-18,6778,1551,0,0
-1193,3486,-1907,94,7322,1642,0,0
-1873,3234,-1062,939,6115,1550,0,0
-1390,2671,-284,1458,4449,1340,0,0
-342,2056,164,1491,3175,1041,0,0
172,1504,516,1747,2304,611,0,0
85,971,891,2039,1982,504,0,0
-128,393,1132,2230,1845,531,0,0
-327,-304,1225,2393,3442,1030,0,0
538,-1405,1184,1953,6300,1683,0,0
2271,-2429,1257,1282,7423,1519,0,0
2689,-2470,1487,-2080,7635,579,0,0
1507,-1727,1405,-805,5648,174,0,0
322,-1101,1233,-734,3587,69,0,0
-130,-646,788,-752,2786,229,0,0
-9,-245,217,-716,2276,545,0,0
185,226,-251,-889,1790,908,0,0
34,975,-720,-1093,1505,889,0,0
-122,1654,-1117,-1283,1941,743,0,0
70,2234,-1591,-745,3244,1027,0,0
-439,2959,-2300,-310,6199,761,0,0
-1430,3407,-2431,-286,8359,1014,0,0
-1835,3217,-1379,646,8510,1417,0,0
-875,2561,-358,1657,5218,1060,0,0
-197,1868,211,2035,2936,726,0,0
-104,1248,635,2281,1679,369,0,0
-329,656,1025,2585,1441,250,0,0
-98,-2136,1322,2259,1843,85,0,0
1436,-1058,1473,2523,3180,603,0,0
2311,-2063,1352,2061,6206,806,0,0
1871,-2444,1411,816,8883,538,0,0
1033,-2457,1711,175,8546,87,0,0
788,-2319,1739,-57,5117,-305,0,0
322,-1826,1365,-525,3046,10,0,0
-137,-1276,851,-943,2170,416,0,0
-293,-697,425,-1269,1692,537,0,0
-490,158,-88,-1376,1634,623,0,0
-628,993,-602,-1477,1556,429,0,0
-569,1847,-1185,-1338,2694,30,0,0
-674,2767,-1990,-437,5196,832,0,0
-1305,3303,-2623,66,8129,1462,0,0
-1632,3263,-1822,1097,8642,1051,0,0
-1797,2878,-575,2112,5544,1122,0,0
-976,2148,284,2456,3447,855,0,0
488,1382,484,2377,1962,354,0,0
466,803,692,2290,1120,103,0,0
-284,234,996,2241,1415,168,0,0
-397,-489,1193,2128,2186,366,0,0
-147,-1411,1195,2638,4634,1768,0,0
332,-2326,977,2480,7354,2740,0,0
598,-2776,807,1571,7913,2630,0,0
684,-2746,686,769,6814,1700,0,0
1238,-2560,652,62,4079,792,0,0
1282,-2084,669,-504,2058,260,0,0
613,-1360,446,-769,1515,409,0,0
36,-581,88,-953,1529,410,0,0
-184,281,-322,-1071,1817,278,0,0
-180,1087,-804,-1202,2357,224,0,0
-86,1755,-1206,-1347,3513,157,0,0
-389,2523,-1671,-198,5731,567,0,0
-1056,3027,-2056,778,8665,1204,0,0
-903,2968,-1442,1375,8208,595,0,0
-990,2724,-444,1697,5039,681,0,0
-469,2206,190,1899,2786,708,0,0
194,1706,365,2299,1870,614,0,0
314,1235,539,2479,1473,416,0,0
28,654,823,2462,1397,205,0,0
-442,-67,1014,2313,1830,214,0,0
-561,-1008,1081,2457,3927,748,0,0
558,-2029,871,2702,6763,1722,0,0
1634,-2665,535,1807,7284,1810,0,0
730,-2666,587,945,7295,905,0,0
298,-2516,770,418,5656,250,0,0
882,-2132,796,-208,2913,-121,0,0
505,-1516,771,-525,1719,112,0,0
-261,-853,443,-605,1538,414,0,0
-747,-101,-120,-782,1457,492,0,0
-1077,796,-626,-1066,1829,521,0,0
-1002,1578,-1132,-1181,2920,445,0,0
-554,2252,-1441,-756,4808,583,0,0
-355,2772,-1853,424,7101,1165,0,0
-603,2775,-1803,584,8096,826,0,0
-864,2534,-918,1235,6653,844,0,0
-785,2078,-161,1598,4032,729,0,0
-377,1591,314,1970,2701,692,0,0
73,1186,566,2258,1910,630,0,0
-151,791,732,2308,1286,459,0,0
-774,307,901,1973,1633,357,0,0
-761,-455,1081,1830,3202,553,0,0
10,-1410,985,2295,5821,1458,0,0
882,-2201,655,2156,7904,2272,0,0
1125,-2400,691,1128,8018,2083,0,0
1955,-2187,987,372,5957,1071,0,0
2818,-1742,1083,-203,2878,81,0,0
1711,-1135,956,-710,1544,28,0,0
1,-571,528,-850,1534,220,0,0
-776,-44,16,-1013,1773,399,0,0
-1007,751,-582,-1056,2200,720,0,0
-686,1470,-1178,-1154,3236,721,0,0
268,1966,-1536,-1123,4142,340,0,0
87,2711,-2006,183,6449,1008,0,0
-170,3035,-2439,655,8165,696,0,0
-468,2975,-1847,1067,6991,-10,0,0
-1704,2956,-823,1607,4309,433,0,0
-1822,2641,77,2162,3106,674,0,0
-553,2089,385,2457,2546,602,0,0
119,1497,554,2357,1821,377,0,0
-235,828,898,2142,1994,310,0,0
-588,-33,1212,2015,2783,389,0,0
-512,-984,1403,2133,4594,1030,0,0
86,-1835,1367,1942,7067,1981,0,0
854,-2310,1214,1361,7889,1932,0,0
1129,-2177,1092,238,7614,1394,0,0
1462,-1683,874,-583,4275,506,0,0
571,-1192,810,-580,2056,116,0,0
-386,-714,577,-706,1837,285,0,0
-106,-258,225,-926,1693,245,0,0
-176,635,-267,-1448,1554,571,0,0
-1081,1827,-870,-1482,2205,1181,0,0
-1554,2800,-1347,-1184,4650,1993,0,0
-1096,3354,-1605,-553,6528,2677,0,0
-270,3381,-1284,212,6522,2187,0,0
-199,3210,-763,1103,5455,2065,0,0
-175,2803,-324,1709,4726,2191,0,0
322,2260,181,1740,3490,1624,0,0
370,1832,699,1920,2499,1145,0,0
169,1442,1055,2092,2113,758,0,0
58,1065,1253,2059,1826,431,0,0
-362,644,1301,1971,2173,310,0,0
-558,-50,1391,1731,4217,158,0,0
468,-784,1323,1939,6184,1352,0,0
1354,-1523,1116,1351,6747,2172,0,0
562,-1738,1156,526,6651,1505,0,0
68,-1607,1032,385,6038,922,0,0
736,-1286,660,-284,4094,753,0,0
902,-2784,315,-646,2445,684,0,0
593,-178,9,-870,1887,673,0,0
430,570,-380,-997,1631,684,0,0
446,1438,-726,-981,1363,828,0,0
288,2237,-1037,-919,1810,919,0,0
201,2899,-1281,-743,3230,1004,0,0
-163,3560,-1635,205,5868,2065,0,0
-781,3819,-1978,403,8263,2324,0,0
-747,3400,-1229,796,8201,1467,0,0
-476,2754,-247,1488,5321,854,0,0
-527,2147,334,1786,3228,717,0,0
-278,1559,621,1934,2214,544,0,0
-51,998,844,1997,1556,156,0,0
-230,491,1044,1963,1421,-75,0,0
-736,-19,1141,1996,2253,236,0,0
-515,-862,1151,2496,5481,1564,0,0
1110,-1970,1069,1891,8181,2018,0,0
1673,-2373,1196,855,8634,1831,0,0
1203,-2145,1360,16,6531,1140,0,0
668,-1706,1276,-351,3827,428,0,0
293,-1187,930,-592,2595,477,0,0
236,-702,502,-698,1928,574,0,0
234,-166,36,-912,1560,560,0,0
13,615,-498,-1111,1125,684,0,0
-351,1509,-1073,-1387,1182,736,0,0
-464,2467,-1602,-1992,2077,532,0,0
-479,3543,-2124,-1396,4792,1661,0,0
-276,4065,-2566,-507,9770,2731,0,0
966,3607,-1889,332,11348,1716,0,0
468,2988,-720,1642,5377,922,0,0
-1941,2502,175,2280,2528,1335,0,0
-1945,1835,665,2536,2065,756,0,0
-403,1149,892,2148,986,-332,0,0
-311,669,1157,1537,794,-865,0,0
-701,-46,1412,2045,2020,608,0,0
-561,-1406,1269,3203,5244,2107,0,0
314,-2579,915,2548,9140,3499,0,0
1683,-3101,837,1174,8575,3216,0,0
1870,-3107,1060,337,6176,1588,0,0
1204,-2624,1107,-420,3299,817,0,0
144,-2005,911,-935,1752,800,0,0
-506,-1349,537,-1294,1482,878,0,0
-359,-575,72,-1543,1332,785,0,0
58,316,-332,-1741,1554,688,0,0
216,1267,-768,-1916,2253,449,0,0
-148,2320,-1341,-1061,4460,839,0,0
-650,3058,-1965,278,7929,1731,0,0
-893,3189,-1812,799,8275,1374,0,0
-1258,3088,-911,1490,6318,1212,0,0
-1162,2676,-254,2106,3374,1136,0,0
-957,2028,131,2373,2429,1097,0,0
-44,1210,474,2389,1985,716,0,0
712,410,847,2221,1752,442,0,0
586,-232,1144,2182,1709,153,0,0
-163,-688,1218,2648,2841,617,0,0
-19,-1582,1083,3270,6749,1982,0,0
1410,-2640,818,2202,7867,2069,0,0
989,-2924,886,1104,7274,1869,0,0
523,-2927,968,533,5949,1421,0,0
1073,-2618,881,-360,3282,806,0,0
1175,-1957,714,-721,1779,549,0,0
619,-1191,306,-971,1574,758,0,0
121,-377,-391,-1194,1220,859,0,0
-268,444,-961,-1356,1610,548,0,0
-394,1232,-1545,-1400,2820,215,0,0
-162,1888,-2083,-874,4680,193,0,0
-362,2397,-2522,-96,7470,583,0,0
-781,2562,-2453,123,8471,118,0,0
-1278,2533,-1644,718,6891,-301,0,0
-1498,2358,-915,1505,4098,21,0,0
-1443,1933,-430,1960,2813,354,0,0
-852,1325,17,2103,2440,115,0,0
-211,687,563,2091,1648,-354,0,0
-460,217,1099,2235,1417,-438,0,0
-814,-330,1365,2790,3036,593,0,0
-245,-1363,1332,2861,6837,1730,0,0
1219,-2432,1332,1397,8712,2230,0,0
1188,-2772,1557,240,7858,1626,0,0
571,-2648,1583,-270,5749,858,0,0
431,-2079,1155,-758,3337,802,0,0
191,-1389,660,-1023,2196,969,0,0
4,-746,180,-1214,1818,1045,0,0
47,-25,-284,-1348,1458,891,0,0
9,797,-702,-1438,1632,705,0,0
59,1506,-1112,-1730,1949,457,0,0
-257,2125,-1519,-1009,4013,539,0,0
-1203,2675,-2274,-323,7701,1586,0,0
-1827,2793,-2172,-356,9654,1637,0,0
-1747,2604,-824,554,7753,1024,0,0
-661,2302,90,1617,4013,962,0,0
-106,1960,342,2011,2211,814,0,0
-135,1622,583,2247,1357,325,0,0
-448,1190,918,2448,771,96,0,0
-905,534,1116,2398,935,145,0,0
-1051,-395,1101,2691,3190,1111,0,0
11,-1764,897,2324,7239,2372,0,0
1813,-2599,789,610,9915,2835,0,0
2138,-2230,1102,-1431,8601,1957,0,0
1156,-1508,1378,-1187,4240,498,0,0
118,-985,1213,-789,2698,232,0,0
282,-609,743,-914,1882,412,0,0
636,-150,274,-882,1213,656,0,0
705,560,-315,-877,1127,710,0,0
514,1597,-1126,-958,1722,820,0,0
637,2459,-2015,-1010,1949,612,0,0
533,2916,-2713,-1230,5016,970,0,0
676,2889,-2797,-1247,8916,848,0,0
549,2569,-1916,-619,9296,-147,0,0
-1187,2348,-839,688,5911,230,0,0
-1943,1945,-204,1340,3698,703,0,0
-1307,1529,189,1677,2739,325,0,0
-426,1221,451,1813,2209,5,0,0
32,942,690,1747,1630,-245,0,0
-696,745,882,1691,1373,-471,0,0
-1792,384,1092,2185,3044,433,0,0
-1168,-642,1127,2547,6038,1685,0,0
283,-1754,1041,1555,8067,2465,0,0
1024,-2225,1198,455,8429,2392,0,0
1391,-2199,1424,-571,6516,1362,0,0
1304,-1733,1400,-974,3262,486,0,0
620,-1202,1112,-1132,2050,579,0,0
177,-662,594,-1251,1727,716,0,0
339,-42,28,-1073,1656,538,0,0
651,648,-541,-861,1586,363,0,0
486,1310,-1165,-995,1827,269,0,0
10,1953,-1676,-1147,3696,579,0,0
18,2495,-2024,-832,6556,1080,0,0
86,2801,-2160,-695,8886,1050,0,0
-130,2847,-1590,-188,8048,489,0,0
-671,2708,-767,928,4581,397,0,0
-1270,2451,-288,1704,2769,710,0,0
-997,2014,-142,2059,2427,605,0,0
-316,1474,304,2135,1912,332,0,0
-361,953,760,2199,1395,153,0,0
-904,381,1115,2274,2062,221,0,0
-954,-442,1237,2489,4732,871,0,0
233,-1653,1248,2166,7760,1664,0,0
1795,-2487,1240,673,9251,1691,0,0
2553,-2435,1376,-727,7670,752,0,0
2286,-1983,1565,-983,4230,-222,0,0
1130,-1396,1380,-1009,2444,-178,0,0
407,-892,920,-1126,1784,-83,0,0
-61,-278,288,-952,983,-39,0,0
-680,585,-516,-1041,1021,260,0,0
-1227,1686,-1416,-1326,2787,780,0,0
-833,2525,-1882,-1378,4501,996,0,0
-322,3135,-1763,-1071,6067,1037,0,0
-309,3617,-1531,-480,7145,1304,0,0
-566,3707,-1268,185,7053,1235,0,0
-773,3437,-870,723,5825,1093,0,0
-674,2933,-371,1138,3998,928,0,0
-625,2366,61,1644,2838,816,0,0
-458,1742,394,1935,2023,578,0,0
-551,1166,724,2023,1356,276,0,0
-1042,660,965,2101,1475,190,0,0
-1221,12,993,2353,2842,613,0,0
-551,-977,840,2582,6181,1712,0,0
919,-1923,699,1499,8460,2377,0,0
1736,-2283,962,488,8507,1951,0,0
2604,-2344,1337,138,6293,680,0,0
3382,-2030,1463,-736,3843,-106,0,0
2555,-1256,1222,-1257,1880,-40,0,0
447,-514,666,-1406,1488,371,0,0
-1092,103,3,-1391,1927,324,0,0
-1584,863,-495,-1212,2295,375,0,0
-1532,1704,-954,-1027,2863,705,0,0
-1030,2357,-1339,-976,3514,841,0,0
-886,2997,-1634,-235,5380,1668,0,0
-608,3216,-1722,447,7886,1941,0,0
175,3032,-1239,740,7598,909,0,0
2,2759,-609,1125,4544,539,0,0
-983,2384,-158,1508,2750,707,0,0
-1121,1916,179,1774,2673,734,0,0
-350,1379,430,1810,2240,490,0,0
-192,832,712,1874,1669,386,0,0
-682,195,900,2099,1887,432,0,0
-1017,-631,861,2758,3999,1185,0,0
-72,-1820,596,2307,7004,2387,0,0
1595,-2797,553,1275,7824,2941,0,0
1809,-3082,832,335,7541,2540,0,0
1589,-2876,974,-717,4920,576,0,0
1060,-2087,1071,-869,2654,-365,0,0
282,-1207,892,-720,2157,334,0,0
78,-693,460,-746,1984,756,0,0
11,-48,-40,-999,1952,926,0,0
-54,874,-613,-1066,2275,928,0,0
-11,1660,-1139,-1050,2880,785,0,0
19,2218,-1425,-969,3884,677,0,0
-279,2715,-1551,-283,5763,699,0,0
-571,2953,-1719,504,7432,916,0,0
-863,2782,-1520,957,7187,760,0,0
-1216,2446,-823,1140,5228,383,0,0
-1071,2017,-177,1606,3587,540,0,0
-410,1464,159,1857,2669,523,0,0
8,976,444,2126,1777,373,0,0
-362,496,749,2104,1471,205,0,0
-754,-225,1038,1811,1910,114,0,0
-715,-1213,1203,2211,3859,1202,0,0
-14,-2338,1055,2167,6924,2532,0,0
810,-2895,771,1620,8277,3045,0,0
727,-2972,740,800,7838,2408,0,0
1346,-2801,856,-5,5429,1089,0,0
1787,-2303,940,-457,2483,-8,0,0
1126,-1625,899,-572,1628,92,0,0
210,-985,504,-645,1246,528,0,0
-268,-277,62,-818,1906,563,0,0
140,679,-362,-1003,2488,469,0,0
616,1673,-834,-1309,2835,653,0,0
330,2417,-1251,-921,4398,639,0,0
-269,2962,-1718,139,6693,586,0,0
-655,3115,-1858,898,7839,520,0,0
-730,2980,-1514,1397,6556,347,0,0
-905,2735,-951,1741,3769,334,0,0
-1342,2338,-432,2492,2575,866,0,0
-677,1619,-70,2734,2340,854,0,0
215,823,244,2447,1544,494,0,0
106,92,599,2082,1448,284,0,0
-391,-687,887,2106,2426,290,0,0
-457,-1660,908,2998,6150,1233,0,0
593,-2697,473,2309,7951,1947,0,0
-8447,3,-2016,-1016,462,-855,0,0
-1253,-3078,1929,-2731,634,-76,0,0
2533,-2257,813,-753,1958,548,0,0
1781,-1422,830,-3144,1480,588,0,0
822,-538,470,-1226,1192,613,0,0
263,332,11,-1468,1644,560,0,0
-84,1243,-631,-1578,2561,286,0,0
-190,2023,-1390,-1443,3874,-178,0,0
-840,2755,-2204,-533,6676,169,0,0
-1113,2939,-2618,-102,7692,47,0,0
-2080,2846,-2116,627,7321,-10,0,0
-2571,2801,-1289,1464,4699,331,0,0
-1860,2528,-551,2264,3361,951,0,0
-559,1927,-137,2628,2631,885,0,0
188,1243,363,2563,1902,567,0,0
-211,578,928,2497,1505,456,0,0
-993,-166,1307,2578,2244,521,0,0
-674,-1141,1459,2831,5123,1152,0,0
953,-2321,1360,2314,8260,2022,0,0
2046,-2834,1279,799,8862,1970,0,0
1597,-2528,1348,-408,7090,940,0,0
965,-1987,1269,-817,3885,69,0,0
197,-1379,1041,-826,2233,62,0,0
-153,-933,672,-901,1691,317,0,0
-164,-413,174,-1163,1502,668,0,0
-135,370,-419,-1353,1636,800,0,0
-71,1260,-1066,-1437,2887,688,0,0
70,2124,-1655,-1537,4103,658,0,0
114,2813,-1927,-871,5756,874,0,0
-390,3193,-1955,281,7642,927,0,0
-752,3196,-1700,1078,7763,941,0,0
-618,2867,-1124,1460,5476,810,0,0
-628,2390,-481,1782,3237,669,0,0
-557,1883,-21,1946,2389,596,0,0
-124,1354,377,1895,1876,397,0,0
51,876,754,1739,1483,181,0,0
-259,468,1022,1862,1901,176,0,0
-619,24,1087,2300,3420,445,0,0
-478,-752,981,2728,6127,1127,0,0
209,-1809,1037,1658,8258,1362,0,0
362,-2356,1381,112,8698,1339,0,0
496,-2182,1490,-581,6205,762,0,0
718,-1639,1286,-527,3722,514,0,0
840,-1141,974,-724,2538,611,0,0
929,-667,630,-818,1986,597,0,0
889,-94,176,-1010,1688,610,0,0
451,761,-355,-1036,1584,784,0,0
12,1701,-955,-713,2239,801,0,0
-173,2445,-1562,-553,3146,688,0,0
-229,2934,-1927,-606,4541,914,0,0
-928,3127,-1887,-90,7382,1185,0,0
-2414,3085,-1110,898,8919,1547,0,0
-1767,2605,24,1991,7120,1838,0,0
176,1926,651,2028,4082,1208,0,0
690,1507,1018,2066,1973,578,0,0
239,1297,1252,2079,1243,208,0,0
-262,1134,1339,1788,1143,-57,0,0
-666,938,1415,1308,1725,26,0,0
-524,529,1402,1420,2873,781,0,0
-190,-73,923,2265,5667,2125,0,0
1088,-572,230,1110,8166,2836,0,0
3268,-1031,87,314,6151,1051,0,0
2609,-999,301,239,4327,-373,0,0
771,-431,368,136,3285,-327,0,0
-9,72,264,61,2714,173,0,0
29,371,128,-105,2302,591,0,0
326,624,24,-358,1886,747,0,0
418,1184,-239,-793,1447,938,0,0
-120,1989,-635,-1197,1974,1102,0,0
-132,2691,-949,-946,4148,967,0,0
631,3187,-1544,-312,6792,946,0,0
179,3223,-1930,-546,9314,410,0,0
-484,3060,-1201,188,8526,57,0,0
-421,2762,-272,1651,4015,976,0,0
-1014,2225,231,2530,1604,1615,0,0
-1056,1518,542,2794,1028,932,0,0
-483,1035,728,2532,353,138,0,0
-895,726,817,2263,590,69,0,0
-1159,0,884,2562,2777,787,0,0
-359,-1355,896,3214,7717,2233,0,0
1185,-2742,1109,2045,10964,2861,0,0
1579,-2981,1705,517,9482,2059,0,0
1141,-2445,1876,-448,4693,823,0,0
297,-1862,1456,-887,2126,717,0,0
124,-1398,867,-1015,1422,623,0,0
449,-792,240,-911,1269,648,0,0
658,33,-410,-977,1107,996,0,0
360,996,-1094,-1125,1460,946,0,0
401,1761,-1714,-1293,1759,335,0,0
220,2590,-2462,-1242,2447,261,0,0
-1278,3524,-3373,-1187,8538,2482,0,0
-1561,3451,-2620,-487,12426,2505,0,0
-2109,3121,-326,1603,7927,1343,0,0
-1128,2636,604,2519,2612,1407,0,0
3,1915,642,2753,1033,713,0,0
466,1377,675,2403,965,-43,0,0
-65,1041,855,1771,1292,-840,0,0
-1418,811,1234,1878,2084,123,0,0
-569,-320,1300,2811,4047,2255,0,0
195,-1772,703,2700,7444,2955,0,0
959,-2644,439,1019,9551,3376,0,0
1921,-3096,785,228,7245,2043,0,0
2027,-2955,1122,60,4927,1038,0,0
2100,-2410,1106,-826,2501,723,0,0
1180,-1757,958,-1170,1311,809,0,0
11,-1107,425,-1381,1261,701,0,0
-627,-310,-331,-1430,1129,557,0,0
-1074,656,-1020,-1336,1756,715,0,0
-825,1423,-1572,-1619,2987,612,0,0
-433,2150,-1857,-1140,4808,1010,0,0
-807,2786,-2100,-127,7338,1744,0,0
-1355,3056,-1884,277,9095,1524,0,0
-1298,2947,-943,1081,7115,1024,0,0
-1161,2532,-87,1774,3652,579,0,0
-955,1951,269,2143,2291,489,0,0
-194,1253,658,2273,1462,221,0,0
123,591,918,2321,931,32,0,0
-287,-118,1159,2332,1561,254,0,0
-459,-1128,1357,3039,4197,1453,0,0
628,-2489,1289,3205,7995,2551,0,0
1934,-3302,1158,1738,8919,2685,0,0
1798,-3183,1170,513,7411,2023,0,0
1520,-2844,1105,-72,4682,1012,0,0
1218,-2510,1063,-915,2096,166,0,0
304,-1926,901,-1325,1566,488,0,0
-279,-1139,354,-1566,1465,895,0,0
-402,-238,-244,-1607,1422,749,0,0
-467,816,-810,-1578,1657,464,0,0
-574,1854,-1440,-1717,2651,174,0,0
-769,2801,-2124,-819,5499,783,0,0
-749,3189,-2732,20,9217,1164,0,0
-851,3051,-2235,477,9884,594,0,0
-1286,2782,-1012,1326,5988,296,0,0
-1647,2385,-128,2095,3172,668,0,0
-974,1764,342,2454,2178,711,0,0
-38,1133,673,2496,1035,321,0,0
-269,606,940,2577,555,203,0,0
-997,-96,1067,2640,1314,326,0,0
-1047,-1185,1094,3262,4852,1504,0,0
475,-2646,833,2822,8112,2647,0,0
1642,-3337,590,797,9722,2865,0,0
1803,-3237,798,-1054,7434,1462,0,0
1656,-2740,1040,-1081,3410,57,0,0
1208,-2051,1001,-869,2009,-35,0,0
939,-1237,740,-1259,1891,723,0,0
488,-208,124,-1459,1791,1262,0,0
249,702,-416,-1517,1894,844,0,0
292,1531,-849,-1272,2412,384,0,0
292,2237,-1299,-940,3626,298,0,0
57,2802,-1859,-220,6446,293,0,0
-12,2933,-2366,511,8630,-252,0,0
-712,2739,-2130,858,7534,-659,0,0
-1993,2529,-1244,1290,4111,-322,0,0
-3000,2475,-427,1976,2625,370,0,0
-2984,2308,73,2462,2221,863,0,0
-2217,1783,531,2582,1629,850,0,0
-1100,961,969,2479,1576,551,0,0
-525,5,1137,2359,2604,771,0,0
-89,-1139,1107,2547,5418,2038,0,0
1145,-2299,993,1904,8413,3038,0,0
2182,-2723,1040,508,8627,2797,0,0
2141,-2479,1332,-453,6318,1292,0,0
1618,-1843,1307,-800,3403,368,0,0
837,-1100,912,-778,2075,467,0,0
374,-607,480,-717,1615,447,0,0
234,-104,17,-715,1605,558,0,0
84,603,-544,-740,1615,778,0,0
-270,1469,-1133,-760,2510,1084,0,0
-401,2237,-1609,-760,4169,1423,0,0
-456,2840,-1785,-417,5447,1548,0,0
-891,3275,-1527,70,6921,1554,0,0
-1184,3442,-1084,572,7264,1834,0,0
-1040,3217,-556,687,5368,1638,0,0
-1301,2799,-118,777,3223,1232,0,0
-1125,2224,128,1439,2547,1239,0,0
-162,1585,226,2043,2108,851,0,0
181,1093,447,2332,1567,497,0,0
-318,584,814,2361,1826,398,0,0
-769,-143,1158,2551,3374,1004,0,0
-361,-1272,1254,2705,5920,2100,0,0
1045,-2374,997,1820,7837,2722,0,0
1983,-3009,555,668,8157,3107,0,0
2143,-3154,169,-1002,6134,1886,0,0
1982,-2617,214,-1095,3718,236,0,0
1419,-1785,521,-433,2663,71,0,0
1036,-959,585,-605,2104,550,0,0
730,-62,406,-759,1462,1077,0,0
347,717,232,-1127,1203,1083,0,0
-111,1570,-179,-1113,1634,906,0,0
-530,2512,-814,-769,3420,1017,0,0
-446,3283,-1490,78,7090,1423,0,0
641,3539,-1789,107,7998,407,0,0
-133,3433,-1366,508,6907,-10,0,0
-2000,3246,-760,1074,3850,256,0,0
-2896,2974,-114,1793,2567,902,0,0
-1765,2460,294,2471,2901,1273,0,0
96,1687,406,2310,1725,881,0,0
210,894,619,2079,791,407,0,0
-797,16,901,2053,1300,227,0,0
-1415,-1052,1002,2943,4511,1476,0,0
-136,-2174,647,2448,8983,3567,0,0
2061,-2625,400,125,9354,3374,0,0
1897,-2297,819,-669,6711,1340,0,0
742,-1575,846,-519,3908,658,0,0
287,-989,527,-728,2377,764,0,0
386,-493,348,-1007,1412,846,0,0
542,41,205,-1255,848,812,0,0
608,836,12,-1618,553,820,0,0
401,1961,-298,-1460,1425,1054,0,0
49,3117,-936,-592,4915,1903,0,0
305,3811,-1676,-683,8704,2077,0,0
135,3899,-1139,-380,9578,1293,0,0
-1144,3497,-212,1377,5793,1042,0,0
-1584,2874,177,2026,3377,1210,0,0
-431,2238,299,2090,2527,997,0,0
850,1664,386,2040,1164,486,0,0
852,1200,761,1809,877,338,0,0
-16,770,1194,1852,1299,644,0,0
-789,200,1401,2293,2289,1078,0,0
-1030,-694,1330,3552,5360,2197,0,0
-314,-1815,877,2917,8130,2757,0,0
422,-2174,740,1487,7884,2157,0,0
659,-2001,910,338,5795,1320,0,0
667,-1693,941,-149,3393,645,0,0
796,-1269,613,-278,2507,556,0,0
1173,-799,95,-609,1951,565,0,0
1328,-133,-375,-823,1865,916,0,0
964,592,-810,-875,1693,923,0,0
332,1342,-1137,-988,2187,736,0,0
119,1991,-1439,-815,3289,560,0,0
-69,2539,-1792,-58,5068,790,0,0
-864,3003,-2001,561,7895,1466,0,0
-1603,3110,-1598,724,8721,1617,0,0
-1881,2773,-609,1213,6281,975,0,0
-1190,2195,68,1803,3224,611,0,0
-317,1568,257,2165,1786,595,0,0
-21,893,354,2279,1068,363,0,0
-343,201,572,2136,1171,-107,0,0
-554,-430,761,2130,2052,-120,0,0
-391,-1351,732,2779,4422,1936,0,0
707,-2602,583,1944,7431,3111,0,0
1935,-2894,624,682,9212,3568,0,0
2153,-2545,837,-840,7187,2260,0,0
1610,-2024,1157,-888,3773,543,0,0
783,-1328,1019,-701,2215,312,0,0
380,-710,606,-941,1575,755,0,0
318,-168,197,-1132,1305,1039,0,0
359,525,-261,-1198,1657,873,0,0
260,1408,-850,-1227,2517,821,0,0
160,2064,-1329,-1183,4015,832,0,0
-80,2536,-1619,-480,5469,754,0,0
-738,2815,-1709,619,7440,970,0,0
-695,2732,-1501,1164,7433,787,0,0
-669,2534,-953,1365,5242,374,0,0
-1079,2324,-292,1633,3133,369,0,0
-1103,1978,147,1978,2536,573,0,0
-627,1456,433,2125,1916,512,0,0
-323,793,787,2227,1592,326,0,0
-572,58,1047,2314,1770,291,0,0
-969,-803,1156,2723,3431,949,0,0
-404,-1978,1030,2995,7293,2720,0,0
959,-3010,759,1724,8459,3106,0,0
1051,-3082,809,705,7699,2217,0,0
1370,-2736,792,253,5424,1216,0,0
2050,-2324,829,-198,2808,488,0,0
1790,-1723,810,-461,1611,433,0,0
786,-1074,439,-463,1290,680,0,0
69,-405,-72,-626,1527,849,0,0
-426,357,-417,-1017,2076,713,0,0
-728,1134,-698,-1189,3154,642,0,0
-397,1643,-1078,-1245,4164,368,0,0
-515,2125,-1580,-511,5595,365,0,0
-981,2485,-1988,339,7727,739,0,0
-444,2567,-1787,1215,7929,570,0,0
-38,2546,-1279,1408,5247,285,0,0
-488,2463,-661,1737,2981,330,0,0
-767,2232,-229,2228,2415,503,0,0
-368,1717,68,2380,1726,482,0,0
-503,996,428,2427,1220,475,0,0
-1266,68,863,2536,1770,499,0,0
-1386,-1094,1131,2958,4246,1105,0,0
-168,-2371,1083,2534,7548,2367,0,0
1308,-2858,910,1301,8228,2745,0,0
1154,-2642,935,98,7452,1819,0,0
911,-2249,1053,-668,4814,858,0,0
569,-1640,908,-822,2339,652,0,0
40,-1046,612,-941,1862,634,0,0
20,-461,164,-969,1731,707,0,0
365,188,-290,-1208,1893,759,0,0
347,925,-777,-1527,2291,712,0,0
231,1613,-1180,-1494,3573,554,0,0
80,2310,-1743,-766,5801,819,0,0
-321,2653,-2255,69,7663,962,0,0
-779,2540,-1969,873,7664,616,0,0
-1077,2338,-1237,1375,5521,549,0,0
-560,2023,-530,1773,3146,459,0,0
-171,1690,-113,2061,2273,423,0,0
-56,1325,241,2133,1958,380,0,0
-179,828,722,2143,2149,448,0,0
-545,146,1203,2270,2556,502,0,0
-813,-718,1531,2617,3720,739,0,0
-876,-1754,1633,2587,7051,1576,0,0
626,-2564,1598,1086,8817,1880,0,0
1456,-2276,1468,-336,6859,1531,0,0
588,-1680,1292,-614,4646,635,0,0
345,-1244,962,-829,3253,209,0,0
494,-666,528,-920,2171,545,0,0
315,-147,140,-1031,1830,609,0,0
79,472,-307,-1108,1992,679,0,0
24,1233,-795,-1128,2454,1015,0,0
163,1860,-1305,-1268,3330,1024,0,0
315,2319,-1636,-1315,4127,782,0,0
105,2889,-1985,-189,5836,1440,0,0
-75,3010,-2308,762,7537,1471,0,0
-298,2793,-1832,1158,7353,1035,0,0
-674,2496,-811,1374,4922,904,0,0
-781,2132,-2,1648,2708,622,0,0
-498,1752,373,1900,2200,475,0,0
-150,1318,615,2100,2032,371,0,0
-318,853,878,2124,2230,350,0,0
-789,314,1068,2309,3122,661,0,0
-792,-504,1097,2363,5205,1108,0,0
50,-1524,1229,1495,6978,1188,0,0
579,-2151,1503,576,7698,1419,0,0
902,-2231,1502,7,6698,1210,0,0
1304,-1960,1298,-296,4980,547,0,0
1222,-1371,910,-647,3181,405,0,0
648,-794,598,-737,2203,399,0,0
105,-231,273,-1004,1943,544,0,0
-284,463,-90,-1215,1720,836,0,0
-544,1251,-438,-1180,1946,932,0,0
-390,1986,-903,-965,2964,867,0,0
106,2577,-1400,-532,5113,1281,0,0
742,2807,-1609,-175,6505,1197,0,0
395,2884,-1487,541,7503,973,0,0
-755,2925,-1231,750,6077,895,0,0
-1660,2930,-531,1202,4046,1096,0,0
-1449,2671,87,1782,3331,1271,0,0
-198,2055,424,2203,2248,771,0,0
144,1462,701,2396,1489,318,0,0
-462,870,926,2310,1517,138,0,0
-887,175,1082,2246,3090,501,0,0
-181,-768,1158,2135,5382,1160,0,0
989,-1586,1151,1241,7601,1789,0,0
1185,-1825,1116,294,8507,1946,0,0
1391,-1868,1250,-285,6960,1019,0,0
1704,-1382,1182,-635,3773,-11,0,0
1157,-664,970,-327,2286,-30,0,0
335,-146,690,-251,2004,50,0,0
29,278,332,-367,1720,227,0,0
19,770,-41,-580,1519,483,0,0
-321,1526,-569,-936,1793,846,0,0
-602,2348,-1198,-1406,2832,1076,0,0
-391,3184,-1606,-1053,5090,2041,0,0
720,3430,-2007,-367,8424,2742,0,0
94,2896,-1961,-174,9470,624,0,0
745,2795,-1257,1000,5970,120,0,0
-1563,2848,-2608,2249,2502,1233,0,0
-1974,2581,-44,2762,2122,937,0,0
-460,2032,299,2625,1680,439,0,0
284,1468,671,2345,1377,495,0,0
-160,867,1069,2069,1903,247,0,0
-562,125,1321,2364,3338,396,0,0
-398,-1046,1397,2765,6536,1044,0,0
99,-2191,1144,1589,8910,1734,0,0
793,-2745,933,395,8557,1848,0,0
1612,-2930,1012,-128,5767,690,0,0
1646,-2580,938,-356,3045,209,0,0
765,-1966,681,-715,2038,427,0,0
21,-1233,380,-902,1872,752,0,0
-386,-414,59,-1004,1547,721,0,0
-894,626,-211,-1265,1561,801,0,0
-1020,1799,-640,-1563,1977,880,0,0
-648,2815,-1301,-1480,3853,1372,0,0
-476,3454,-1999,-944,6875,1961,0,0
-753,3721,-1931,-274,8839,1894,0,0
-1417,3783,-994,938,7470,1912,0,0
-1317,3411,-98,2243,4096,1780,0,0
-359,2744,317,2982,2116,1402,0,0
98,2002,585,2899,1327,842,0,0
-2,1163,1017,2503,1105,481,0,0
-289,209,1326,2307,1082,487,0,0
-671,-901,1316,2738,2579,1005,0,0
-604,-2272,893,3190,7132,2563,0,0
754,-3414,311,1959,9514,3962,0,0
1312,-3749,280,406,8371,3344,0,0
1386,-3596,608,-66,5175,1656,0,0
1281,-3037,768,-623,2350,988,0,0
464,-2176,644,-1005,1414,1162,0,0
-19,-1340,281,-1217,1328,1069,0,0
210,-480,-93,-1642,1396,731,0,0
344,489,-366,-1795,1608,455,0,0
182,1426,-643,-1948,2664,175,0,0
-199,2524,-1238,-804,5256,923,0,0
-553,3213,-1978,153,8745,1708,0,0
-383,3194,-1738,750,8674,740,0,0
-85,3002,-985,1676,5822,485,0,0
1165,2406,-587,2341,3038,369,0,0
1031,1813,-446,2463,1755,389,0,0
-7,1318,-72,2460,1150,236,0,0
-1146,837,489,2430,1221,54,0,0
-1824,196,938,2559,2100,193,0,0
-1242,-802,1197,2927,3783,437,0,0
-118,-2108,1230,3177,7072,1066,0,0
644,-3272,1053,2314,8554,1679,0,0
515,-3611,951,1039,8473,1803,0,0
1254,-3341,763,-26,5816,1126,0,0
2086,-2721,731,-610,2441,407,0,0
1340,-1934,634,-802,1341,460,0,0
163,-1026,145,-951,1269,704,0,0
-108,-115,-367,-1308,1599,576,0,0
-8,856,-772,-1717,1822,474,0,0
-70,1771,-1123,-1831,2966,102,0,0
-473,2623,-1699,-909,5959,-96,0,0
-697,3128,-2247,131,8788,-260,0,0
-1186,3099,-2029,782,8439,-474,0,0
-2354,2881,-1176,1431,5010,-163,0,0
-2562,2585,-276,2284,3219,425,0,0
-698,2011,94,2660,2580,581,0,0
529,1336,292,2461,1438,358,0,0
30,768,681,2168,1020,98,0,0
-969,146,1041,1991,1734,66,0,0
-979,-780,1284,2440,4255,703,0,0
187,-2033,1208,2881,7859,1762,0,0
1066,-2908,830,1908,8720,1964,0,0
911,-2867,582,424,7740,1701,0,0
2078,-2372,490,-848,5278,775,0,0
2876,-1582,661,-1048,2315,67,0,0
2166,-778,743,-1099,1412,300,0,0
740,-54,351,-1316,1306,565,0,0
-250,598,-171,-1717,1494,589,0,0
-506,1364,-637,-1958,2017,456,0,0
-277,2264,-1182,-1410,3398,86,0,0
-883,3246,-2124,0,6819,695,0,0
-1386,3685,-2537,557,9220,660,0,0
-1303,3578,-1715,1237,7396,270,0,0
-1679,3342,-843,1927,4087,576,0,0
-1499,2899,-209,2249,2814,909,0,0
-565,2187,234,2684,2486,1029,0,0
127,1416,608,2610,1674,451,0,0
-322,874,939,2426,1646,206,0,0
-683,261,1189,2109,2735,336,0,0
-116,-689,1440,2114,4555,573,0,0
423,-1683,1395,2840,7323,1455,0,0
701,-2502,1108,1554,9007,1815,0,0
1100,-2525,1025,-133,7432,928,0,0
1203,-1958,974,-312,4126,350,0,0
913,-1379,729,-593,2520,417,0,0
567,-845,345,-895,1564,532,0,0
246,-214,16,-1020,1306,778,0,0
-66,647,-382,-968,1480,937,0,0
-38,1594,-823,-823,1891,882,0,0
4,2430,-1269,-671,3012,885,0,0
-102,3110,-1618,-188,5208,1050,0,0
-310,3591,-1851,573,7955,1464,0,0
-431,3599,-1551,900,8700,1099,0,0
-546,3240,-780,1404,5731,572,0,0
-1056,2766,-100,1859,3120,640,0,0
-892,2181,290,2372,2507,873,0,0
-6,1533,491,2495,1882,598,0,0
164,1047,706,2350,1168,364,0,0
-609,591,863,2048,1262,296,0,0
-1193,-129,898,2099,2584,626,0,0
-812,-1219,724,2565,5825,1766,0,0
340,-2299,314,2035,8303,3012,0,0
926,-2723,187,319,9385,3238,0,0
1538,-2501,450,-1053,6200,1313,0,0
1670,-1812,756,-622,2978,327,0,0
1131,-1161,659,-644,2010,569,0,0
576,-534,324,-943,1323,736,0,0
219,153,-15,-991,1119,825,0,0
3,884,-402,-958,1185,590,0,0
-271,1760,-844,-1011,1935,515,0,0
-437,2631,-1234,-984,4063,1045,0,0
-347,3167,-1465,-770,6775,1720,0,0
-586,3268,-1252,-214,9160,1801,0,0
-1049,3075,-572,652,7980,1269,0,0
-947,2660,122,1112,4452,843,0,0
-471,2224,545,1792,2403,913,0,0
44,1824,611,2361,1534,792,0,0
193,1428,591,2302,692,372,0,0
-347,1030,640,2055,877,287,0,0
-846,467,725,1948,2123,428,0,0
-391,-425,735,2501,5022,1388,0,0
667,-1563,549,2187,8667,2704,0,0
1202,-2317,716,297,10266,2935,0,0
1225,-2281,1243,-600,6498,1138,0,0
760,-1833,1340,-336,3376,387,0,0
491,-1435,967,-557,2419,610,0,0
605,-977,537,-801,1550,661,0,0
648,-396,180,-897,1145,578,0,0
392,451,-311,-835,882,608,0,0
-34,1479,-939,-651,1166,683,0,0
-504,2462,-1518,-1012,2162,739,0,0
-1132,3307,-1684,-1670,6283,2039,0,0
-653,3617,-1173,-1361,9087,2204,0,0
-728,3654,-389,-33,8462,2005,0,0
-905,3407,-6,919,5824,1949,0,0
-31,2744,351,1566,3568,1594,0,0
642,2215,573,2124,1708,1046,0,0
269,1876,633,2607,1081,764,0,0
-170,1467,656,2731,1009,701,0,0
-482,838,636,2580,1074,688,0,0
-938,-61,586,2668,2351,924,0,0
-892,-1173,420,3043,5608,1880,0,0
463,-2435,240,2083,8989,3652,0,0
1688,-3316,523,-26,9405,3454,0,0
1163,-3211,1128,-672,6158,1355,0,0
430,-2516,1249,-632,3185,613,0,0
363,-1865,974,-916,1657,770,0,0
455,-1234,567,-1015,992,863,0,0
406,-428,3,-1080,791,778,0,0
28,602,-682,-1042,1055,679,0,0
-400,1629,-1429,-1085,1589,522,0,0
-1424,2732,-2097,-1699,3329,1335,0,0
-1866,3425,-1834,-1822,7986,3031,0,0
-461,3287,-819,-633,9084,2464,0,0
-463,3089,-84,569,7216,1992,0,0
-267,2642,144,917,5063,1682,0,0
490,2010,396,1394,3199,1194,0,0
832,1558,534,1993,2257,889,0,0
798,1179,550,2246,1876,742,0,0
554,793,637,2417,1280,616,0,0
-492,282,700,2567,941,480,0,0
-1644,-493,656,2609,2468,662,0,0
-1316,-1623,443,2572,5494,1372,0,0
460,-2786,255,2081,7648,2522,0,0
1450,-3336,417,1096,9164,3360,0,0
2123,-3196,806,-638,7210,2025,0,0
2008,-2441,1125,-1357,3159,341,0,0
701,-1404,1053,-1285,1804,474,0,0
-231,-622,594,-1118,1279,706,0,0
-507,88,67,-1115,1176,668,0,0
-631,1025,-511,-1138,1249,669,0,0
-654,1930,-1229,-1553,2259,706,0,0
-296,2718,-1626,-1600,4510,1123,0,0
-138,3215,-2006,-947,7064,1727,0,0
-758,3321,-1843,13,9408,1780,0,0
-1116,3119,-1106,1296,7740,1248,0,0
-1146,2577,-271,1886,4105,1175,0,0
-953,1766,412,2542,2464,1320,0,0
-73,956,744,2725,1534,688,0,0
250,390,962,2856,378,526,0,0
-949,-153,1151,3323,439,467,0,0
-1761,-755,1544,2302,3892,-295,0,0
-176,-1974,1577,3009,7275,3134,0,0
869,-3229,931,1746,8858,3896,0,0
660,-3307,763,189,8095,3466,0,0
1386,-2938,670,103,4572,1963,0,0
1809,-2433,597,-86,2414,1052,0,0
1578,-1973,472,-967,1128,573,0,0
515,-1239,118,-1291,1092,536,0,0
-498,-299,-531,-1509,1359,581,0,0
-1015,728,-1058,-1587,2095,526,0,0
-1109,1766,-1380,-1624,2970,646,0,0
-1322,2785,-1567,-915,4434,1343,0,0
-1973,3484,-1691,219,7747,2783,0,0
-1238,3474,-1225,710,9719,2715,0,0
48,3064,-270,1297,6526,1633,0,0
-579,2634,366,1755,2744,1475,0,0
-1492,2063,713,2340,1943,1554,0,0
-649,1394,934,2375,1497,734,0,0
140,852,1090,2251,758,250,0,0
-279,338,1107,2260,644,255,0,0
-962,-366,961,2716,2353,1314,0,0
-842,-1588,500,3511,6634,3622,0,0
1054,-2935,-115,2160,9893,5260,0,0
3177,-3505,37,-146,9632,4162,0,0
407,-3204,592,-1414,4283,956,0,0
2970,-2356,1114,-1153,1463,-217,0,0
443,-1502,1167,-920,1525,111,0,0
-643,-765,716,-1042,1227,441,0,0
-873,34,288,-1350,1152,670,0,0
-639,957,-115,-1537,1416,774,0,0
-167,1797,-579,-1602,2265,510,0,0
-206,2763,-1150,-497,4853,772,0,0
-1162,3550,-1833,748,9376,2333,0,0
-1647,3545,-1458,907,9295,1665,0,0
-2128,3231,-241,1709,6034,1286,0,0
-1257,2601,358,2448,2902,1336,0,0
-302,1868,576,2861,2093,1217,0,0
410,1187,865,2821,1292,674,0,0
563,693,1242,2400,834,118,0,0
107,396,1455,2010,1211,203,0,0
-329,-69,1458,2253,3214,891,0,0
32,-740,973,2833,6518,2603,0,0
1827,-1528,131,1888,7801,3335,0,0
3690,-2188,24,888,7664,1849,0,0
4606,-2355,516,-246,4670,-474,0,0
2649,-1744,1057,-539,2084,-1436,0,0
-560,-920,1027,-114,1940,-636,0,0
-2080,-448,504,-171,2286,90,0,0
-2272,26,-70,-462,2251,515,0,0
-1706,755,-458,-696,2221,818,0,0
-869,1619,-812,-612,2529,1029,0,0
-226,2371,-1177,-436,3440,1141,0,0
169,3016,-1394,34,4743,1304,0,0
290,3461,-1583,386,6675,1538,0,0
249,3432,-1351,424,7736,1026,0,0
-168,3047,-669,1025,6248,997,0,0
-493,2428,-35,1487,3943,898,0,0
-667,1886,490,1900,2903,1138,0,0
-288,1273,821,2203,1850,878,0,0
-307,692,1050,2417,1007,255,0,0
-849,261,1106,2374,856,-92,0,0
-1304,-183,960,2368,2665,745,0,0
-593,-1116,691,2366,6570,2734,0,0
1241,-2042,407,1239,8919,3539,0,0
1849,-2267,532,-528,8014,1955,0,0
1111,-1982,794,-1128,5065,-390,0,0
330,-1191,872,-481,3217,-321,0,0
171,-515,484,-367,2330,661,0,0
229,-154,145,-847,1649,1089,0,0
397,363,-139,-1185,1075,1095,0,0
443,1275,-506,-1263,1094,1046,0,0
400,2323,-854,-1369,2081,974,0,0
315,3347,-1312,-882,4316,1553,0,0
-213,3990,-1785,-322,7311,2250,0,0
-815,4008,-1384,-322,9324,1979,0,0
-714,3663,-342,654,7174,1470,0,0
-488,3204,305,1225,3714,1351,0,0
-340,2684,691,1522,2682,1329,0,0
236,2163,882,1984,1829,909,0,0
401,1740,980,2301,1208,635,0,0
-138,1363,950,2491,1162,493,0,0
-877,904,815,2706,2108,704,0,0
-898,-24,731,2715,4669,1354,0,0
553,-1426,713,2233,7150,1784,0,0
1546,-2505,889,1135,8838,1748,0,0
1653,-2851,1125,35,7783,1078,0,0
1457,-2544,1230,-415,4197,124,0,0
671,-1874,1149,-436,2650,72,0,0
209,-1247,815,-483,2029,419,0,0
172,-699,393,-313,2013,413,0,0
311,-17,-148,-253,2107,334,0,0
430,768,-753,-541,2049,502,0,0
373,1391,-1185,-945,2045,382,0,0
-290,2122,-1427,-1266,2629,207,0,0
-1393,3172,-1596,-628,6056,1101,0,0
-1452,3778,-1741,66,8824,1868,0,0
-1025,3592,-1169,572,8340,1314,0,0
-962,3124,-160,1180,5004,789,0,0
-951,2529,479,2165,2987,1209,0,0
-333,1865,682,2845,2181,1338,0,0
492,1212,770,2818,1231,795,0,0
410,573,885,2592,623,280,0,0
-450,-134,983,2428,1097,351,0,0
-612,-1151,795,2657,3342,1512,0,0
343,-2402,374,2660,7044,2223,0,0
-39,-3151,106,1838,9455,2989,0,0
141,-3420,480,838,7761,2493,0,0
725,-3122,872,472,4722,1382,0,0
1215,-2587,796,-105,2798,999,0,0
941,-1986,698,-911,1537,770,0,0
103,-1125,370,-1139,1028,877,0,0
-417,-206,-261,-1359,1091,720,0,0
-332,783,-944,-1577,1666,571,0,0
107,1662,-1550,-1846,2763,568,0,0
-34,2570,-1921,-1082,5249,1154,0,0
-1016,3369,-2125,61,8637,1879,0,0
-1659,3706,-1616,525,9427,1704,0,0
-1262,3520,-509,1119,5728,1267,0,0
-1150,2953,369,2321,2727,1440,0,0
-870,2158,653,2785,2193,1332,0,0
127,1289,807,2485,1796,731,0,0
884,529,1005,2213,1158,230,0,0
555,-211,1086,2000,1123,27,0,0
-399,-1054,1008,2653,3199,803,0,0
-304,-2262,632,2846,7227,2481,0,0
940,-3295,308,1783,8853,3494,0,0
1278,-3478,371,487,7786,2816,0,0
1328,-3150,505,-64,4369,1180,0,0
904,-2475,632,-485,2328,421,0,0
263,-1624,529,-638,1926,567,0,0
-16,-837,211,-773,1580,852,0,0
-243,-97,-113,-1109,1341,839,0,0
-407,672,-395,-1366,1694,627,0,0
-280,1447,-711,-1692,2667,373,0,0
-172,2334,-1214,-1060,5000,776,0,0
-458,2926,-1936,-160,7960,1532,0,0
-919,2952,-1739,126,8613,895,0,0
-1389,2896,-842,948,6804,924,0,0
-985,2581,-155,1350,3370,841,0,0
-691,2112,339,1987,2326,969,0,0
-124,1538,632,2223,1775,664,0,0
174,963,962,2152,1129,412,0,0
-285,381,1103,2243,909,300,0,0
-1035,-256,989,2652,2235,730,0,0
-1080,-1242,674,3188,5943,2214,0,0
452,-2469,248,1788,8060,3220,0,0
862,-3162,150,269,8298,3074,0,0
615,-3296,97,-730,5860,1578,0,0
1032,-2743,156,-1269,3209,369,0,0
1130,-1807,399,-922,2430,594,0,0
821,-917,364,-914,2012,1126,0,0
509,-98,178,-1194,1669,1204,0,0
615,711,-10,-1482,1602,965,0,0
899,1550,-397,-1351,1811,575,0,0
728,2365,-1089,-630,4279,697,0,0
324,2865,-1902,-122,6983,854,0,0
-911,2972,-1931,222,8067,23,0,0
-2497,3131,-1089,733,6968,-334,0,0
-1821,3024,-277,1175,4196,278,0,0
-438,2472,59,1947,2866,719,0,0
-51,1912,184,2458,2081,582,0,0
-331,1345,498,2496,1568,569,0,0
-735,578,895,2372,1618,473,0,0
-988,-252,1137,2407,2594,483,0,0
-620,-1234,1211,2707,5754,1442,0,0
811,-2277,1064,2049,7973,1849,0,0
1541,-2649,1019,905,8251,1725,0,0
1330,-2378,1112,-106,6765,1386,0,0
1242,-1882,1111,-296,3611,521,0,0
1009,-1357,1040,-256,2469,164,0,0
886,-835,760,-588,1963,350,0,0
731,-249,406,-792,1762,642,0,0
212,575,-88,-935,1783,740,0,0
-307,1602,-819,-932,1908,791,0,0
-647,2467,-1563,-832,2729,730,0,0
-595,3115,-2059,-223,4928,1141,0,0
-492,3473,-2306,483,7379,1619,0,0
-836,3520,-1828,901,9387,1611,0,0
-664,3278,-876,1075,6970,1108,0,0
-898,3029,-65,1715,3222,887,0,0
-1262,2673,311,2259,2260,880,0,0
-644,2007,518,2476,1877,414,0,0
32,1169,842,2247,1354,10,0,0
-69,295,1232,2046,1089,-70,0,0
-658,-652,1432,2656,3574,1212,0,0
-221,-1760,1155,2656,8154,2828,0,0
1611,-2472,921,1367,9663,3296,0,0
2864,-2220,1047,-298,7967,2026,0,0
2880,-1563,1146,-1041,2779,68,0,0
612,-956,1064,-982,1845,-203,0,0
-299,-538,565,-939,1938,70,0,0
72,-27,-14,-998,1365,514,0,0
135,734,-594,-1086,1067,895,0,0
-157,1557,-1228,-1404,1339,744,0,0
-433,2245,-1556,-1466,2864,1029,0,0
-1146,2893,-1939,-393,5902,1909,0,0
-1957,3319,-2046,512,9466,2974,0,0
-1795,3136,-895,733,9789,2122,0,0
-1275,2822,469,1162,4818,604,0,0
-999,2452,1162,1712,2373,834,0,0
-253,1846,1233,2149,1542,798,0,0
457,1208,1140,2209,622,388,0,0
199,545,1028,2130,519,131,0,0
-468,-238,871,2099,1286,287,0,0
-794,-1398,707,3129,5181,2160,0,0
495,-2656,341,2058,9406,3714,0,0
2285,-2885,361,103,9864,3795,0,0
2853,-2609,973,-798,6582,1621,0,0
2052,-1973,1137,-750,2948,102,0,0
768,-1243,910,-833,1939,87,0,0
311,-680,523,-923,1442,224,0,0
248,-59,50,-1126,1358,240,0,0
-27,877,-518,-1426,1054,293,0,0
-836,2063,-1047,-1636,2344,853,0,0
-784,3129,-1487,-1500,4564,1403,0,0
-454,3912,-1871,-1023,6556,1855,0,0
-828,4363,-1719,-308,8699,1994,0,0
-804,4221,-1036,650,7133,2014,0,0
-1094,3682,-289,1456,3844,1893,0,0
-1232,2978,279,2073,2631,1817,0,0
-483,2165,582,2373,2184,1310,0,0
189,1423,922,2245,1692,876,0,0
111,741,1239,1984,1280,463,0,0
-666,94,1382,2099,1538,388,0,0
-1386,-686,1230,2858,4708,1847,0,0
-92,-1819,804,2327,8356,3222,0,0
1563,-2563,585,614,8895,2963,0,0
1432,-2625,757,-464,7040,1624,0,0
892,-2315,869,-447,3993,436,0,0
698,-1800,785,-490,2584,256,0,0
787,-1222,503,-610,1794,495,0,0
681,-561,107,-840,1471,716,0,0
415,290,-320,-1250,1036,740,0,0
-239,1340,-738,-1488,1335,803,0,0
-1006,2414,-1176,-1697,3166,1097,0,0
-1073,3361,-1503,-939,5597,2143,0,0
-969,3824,-1563,-265,7895,2989,0,0
-416,3615,-1069,345,8126,2506,0,0
-338,3099,-440,1170,5366,1639,0,0
-1120,2591,138,1898,2895,1386,0,0
-1118,1972,573,2478,2687,1356,0,0
182,1191,879,2553,2316,925,0,0
925,496,1186,2338,1302,450,0,0
179,-60,1298,2235,967,149,0,0
-1017,-757,1143,2670,3025,839,0,0
-457,-1981,749,2823,7372,2642,0,0
1744,-3143,425,1491,8498,3375,0,0
2096,-3410,688,470,7309,2402,0,0
1522,-3140,977,27,5117,1200,0,0
1033,-2482,880,-523,2735,753,0,0
340,-1730,629,-853,1718,692,0,0
-30,-1026,247,-963,1758,743,0,0
-17,-264,-271,-1194,1524,747,0,0
-352,620,-742,-1268,1440,564,0,0
-999,1586,-1250,-1353,2612,557,0,0
-1114,2539,-1749,-1316,4372,1093,0,0
-1159,3258,-2050,-929,6660,1863,0,0
-1200,3519,-1743,-345,8585,1948,0,0
-796,3311,-999,646,7636,1654,0,0
-644,2810,-347,1345,4313,1184,0,0
-973,2228,210,2062,2741,1130,0,0
-613,1512,561,2623,2283,838,0,0
